a132zmwemnnusa
75
0.26269098944241576
76
0.3884755756730303
77
0.08549161846379197
78
0.47987820666906633
79
0.6500593260343691
80
0.3863958857674753
81
0.34122708255920553
82
0.48681457901131003
83
0.14009047908905242
84
0.53107253497887
85
0.4446286992809001
86
0.4203309768312373
87
0.3725742310754032
88
0.39675691062527735
89
0.37008589174526274
90
0.30993624036661305
91
0.5683789934223147
454
0.16170596160446446
455
0.31294308237025625
583
0.4213287322556837
584
0.5468571324087402
585
0.6351997630230387
586
0.16897861668244382
587
0.09382982590302819
588
0.4980091434916702
589
0.4551500290117068
590
0.3933295293106709
765
0.6523326872709094
766
0.48117871095123926
767
0.34920945226605
792
0.2612515325868798
793
0.9649159443723699
794
0.49266983298380307
795
0.7259795291154771
796
0.46024953713619404
802
0.7731213694820496
803
1.0
804
0.7071067811865475
805
0.23559219314718963
806
0.41958780228198794
807
0.293869196080245
808
0.9394130628134758
809
0.1805263010472254
810
0.24758459940427793
811
0.2200413656872366
812
0.8212000800589844
813
0.201294862662049
814
0.323845564419726
815
0.8344522897223012
816
0.565999022539825
873
0.1976544187334921
874
0.2923625895812713
907
0.3785337839658646
908
0.39783102790668823
909
0.19522195251711494
910
0.22915696909305858
911
0.18575057999133598
1012
0.5548581090137994
1013
0.6483615609331637
1014
0.2436648905760156
1018
0.44681949032123736
1019
0.2665837681702885
1020
0.37637088550572445
1021
0.18393816249638878
1022
0.19558379586599214
1023
0.4749514728580982
1068
0.3293328483822001
1069
0.23987717557009483
1070
0.30846389025271975
1071
0.32091389827940986
1072
1.0
1118
0.3859119022541407
1119
0.21200626759025185
1120
0.27694132751313416
1121
0.1593635736660336
1122
0.20594063814773966
1127
0.30256461531901263
1128
0.3863958857674753
1129
0.3335914974019353
1130
1.0
1131
0.1681368058749767
1132
0.15447857337084636
1243
0.3789655321108576
1244
0.17965205598154216
1245
0.33636819850726424
1246
0.28191349057989845
1247
0.40315847096318413
1248
0.3112416925364935
1249
0.15395403886916795
1250
0.3654874332877864
1251
0.5304923881857195
1252
0.3500763037880535
1253
0.6076795808137692
1254
0.21892312997492488
1255
0.29388912889048296
1256
0.37903259135181483
1257
0.09325518508158762
1258
0.40315847096318413
1259
0.20627595817983446
1385
0.4244277628877589
1386
0.14247788801610148
1387
0.815705477798653
1388
0.23356898886410005
1389
0.1264673646478701
1390
0.3508439695638686
1391
0.30661487102926754
1392
0.06274655310994738
1393
0.07088190596589851
1394
0.09001414635712575
1395
0.1551008098503499
1396
0.2803950119994004
1397
0.5277985702997422
1398
0.4283677419726301
1399
0.5659119256652703
1400
0.5153336784588224
1410
0.41764879910059
1411
0.23710356290613413
1412
0.3967696229795942
1456
0.6389431042462725
1457
0.579558149889942
1458
0.3976353643835253
1459
0.45726289327394004
1460
0.15619699684601282
1461
0.412295470431275
1462
0.21931172519140546
1463
0.3080761066170193
1464
0.6248711722948991
1465
0.2828922251633551
1466
0.40195066580157907
1467
0.24739977342883948
1468
0.6316150577092887
1469
0.48777411051536845
1470
0.5169731539571706
1471
0.3799178428257963
1585
0.3092852090394752
1586
0.20204022516827064
1587
0.8371881808863034
1588
0.31239399369202553
1589
0.8714840056745099