a143bvgouf83je
11
0.7262949667432851
12
0.35840770835658575
13
0.5302010250249269
14
0.4001601601922499
15
0.22089591134157885
16
0.10594506001378079
17
0.10639941410220805
18
0.7234524380235832
19
0.2634667821222833
20
0.3074203461059601
21
0.7254330631437156
22
0.37501323031795125
23
0.45491624100087874
24
0.4683699756802517
25
0.2575972571783169
26
0.5181097818962499
27
0.404949394786753
28
0.5588142626754504
69
0.6086700968648568
70
0.21364350319811704
71
0.36960407078917745
72
0.669773111613145
73
0.17845876934809396
74
0.3794950065081478
75
0.32466791547509893
76
0.7509071535037981
77
0.42117520319853674
78
0.5193071778680676
79
0.5763095292681846
80
0.27678937062327713
81
0.3368686456788932
82
0.459330942280581
83
0.13329188408514428
84
0.5277229002310885
85
0.5873071604913637
86
0.5135063580594283
87
0.5773502691896258
88
1.0
89
0.4841632418555351
90
0.1601544841773993
91
0.38559560583390307
92
0.8091067115702213
93
0.31906502653440383
94
0.4261082723917018
95
0.435239942567339
96
0.7809325628873461
97
0.261673842074435
98
0.3566837682941122
128
0.5452353574508253
129
0.5946035575013605
130
0.3416595425571437
131
0.281479720406841
132
0.41113361690051975
133
0.4121898918644356
134
0.6963845241054851
135
0.4686670913916292
136
0.40634749858446
137
0.1502902390267885
138
0.7913629885735387
139
0.8191386202592007
140
0.5069145275745219
141
0.42777257346561076
171
0.3697674090711245
172
0.07809849842300641
173
0.42288740193056124
174
0.26104909033290696
175
0.44362676227679493
176
0.8801117367933934
177
0.6803749333171202
178
0.14535768424205484
179
0.6008383045972477
180
0.497896461567252
181
0.460462862587273
182
0.47731618097143125
183
0.30183854130936943
184
0.554242904098019
185
0.7186082239261684
186
0.5169731539571706
187
0.7170451440930211
188
0.5774832669056886
189
0.7206633259317459
190
0.927743486328553
200
0.36204959977715057
201
0.6004981752197522
202
0.34119147403233596
203
0.5175101132244702
204
0.7115965735877551
205
0.618465899011577
206
0.6486932415130529
207
0.21110202432846084
237
0.4194628794622102
238
0.13888095170058956
239
0.5681096832337497
240
0.27935069213733144
241
0.5572035661819694
242
0.1606455374563061
243
0.566123255329936
244
0.07859243220293823
245
0.34389312176578424
246
0.7311104457090247
247
0.5626933387118171
248
0.39529900628825687
249
0.673022745583769
250
0.6850836912969523
251
0.14923729480049117
252
0.5196964016149611
253
1.0
254
0.5738378662431481
255
0.4482361158743301
266
0.34080100215108955
267
0.28387021048806443
268
0.19640732545025652
269
0.12117081095064572
270
1.0
271
0.6711661134274717
272
0.18640451767778798
273
0.2300604724766877
274
0.6253769845510687
275
0.28380527727105814
276
0.7697028792679851
277
0.1824871004112198
278
0.1597357760615681
279
0.32774568052975916
280
0.33348196359615284
281
0.1318719401199751
282
0.3900252466069924
283
0.28977567998876946
284
0.785629301801026
285
0.5020866043119782
288
0.5623413251903491
289
0.46242399440451587
290
0.5630954402528682
291
0.7000700175052517
292
0.6470042463367817
293
0.17493298656673703
294
0.9036020036098448
295
0.38457089506267517
296
0.4378826865860794
336
0.81903625881272
337
0.25783943745715254
338
0.7691605673134587
339
1.0
340
0.17393502772711972
341
0.7348889200874658
342
0.5599981853789108
343
0.7468422531048421
344
0.18444698661672024
345
0.6865890479690392
366
0.4761082508679099
367
0.39108238629474246
368
0.15726612115008826
369
0.6989307622784944
370
0.5423782837718303
371
0.14949751774990683
372
0.27901593935858265
373
0.6458353338921372
374
0.3356891925037239
375
0.897578835576481
376
0.4188216850419828
377
0.8282477531331041
378
0.3932461007196339
379
0.2971825516934444
380
0.12594060704656676
381
0.722390503098532
382
0.2705411345269698
383
0.5482211848180291
384
0.5952777693809584
385
0.5876504258893588
403
0.2247708823183856
404
0.3817433674196671
405
0.534190243323256
406
0.39637120377994395
407
0.14953330411219448
408
0.5506953149031837
409
0.36959704650950376
410
0.9193227152249185
411
0.5442191092561397
412
0.36936134013957095
423
0.580608586019151
424
0.23356898886410005
425
0.4066271533892809
426
0.4765277227474963
427
0.24601372576927547
428
0.5623413251903491
429
0.5262562394304592
430
0.4834861048491838
431
0.4492670674326639
432
0.542318928921652
443
0.7315339097995036
444
0.4546697236991713
445
0.6970637424509799
446
0.4643434078111817
447
0.6425429261320875
448
0.5018889543290558
449
0.3041443644548018
450
0.4287244905394388
451
0.22390666056765085
452
0.630358830227601
504
0.6493358309501979
505
0.27540693712611347
506
0.3758546473257993
507
0.7135650476426907
508
0.6141797522526763
509
0.1593139015092306
510
0.4924324154118202
511
0.5463750209201144
512
0.14980800232509298
513
0.322888846243622
544
0.13492767333412545
545
0.691441569283882
546
0.1577454598068419
547
0.5316967153331754
548
0.4497332084013506
549
0.41536910111743747
550
0.5044980538226891
551
0.3186461751191809
562
0.24846847982908804
563
1.0
564
0.32253126622214373
565
0.5619947976426023
566
0.348347894164035
567
0.26361213840770115
568
0.7857379000915374
569
0.846481724890614
570
1.0
571
0.5689983670590423
593
0.7645200322307653
594
0.08447625093051044
595
0.43493031369774526
596
0.6496951669390456
597
0.7071067811865475
598
0.6817456903486008
599
0.5766009732491878
600
0.4718372009351201
601
0.7071067811865475
602
0.2100443135197392
603
0.4759884756063147
604
0.47087130600152305
605
0.7083520812930943
606
0.378448113759187
607
0.23643540225079396
608
0.364165928185825
609
0.5118285025257893
610
0.506496228518234
611
0.3565983583022525
612
0.7494553897066581
652
0.4551206155081655
653
0.5274537344993668
654
0.5259521175195038
655
0.8666415730847503
656
0.6925277817925928
657
0.38268659246895065
658
0.18483912689205223
659
0.39073802494525
660
0.587728372510532
661
0.8739351325046805
662
0.17426656307676838
663
0.4293512017082154
664
0.537284965911771
665
1.0
666
0.5010675621473455
667
0.4975171805019302
668
0.43909490463740025
669
0.5137734800268765
670
0.3976353643835253
681
0.33101224930429796
682
0.2823388251070758
683
0.4333422428755341
684
0.7016879391277371
685
0.6211497182694795
686
0.4864110872113566
687
0.6580370064762462
688
0.6532227251676657
689
0.5094593307431611
690
0.6147881529512643
720
0.54413074047686
721
0.35818160765089946
722
0.5
723
0.5856386061091438
724
0.6710100016671239
725
0.39875924010421443
726
0.17152362161840284
727
0.13051986569724752
728
0.15784691873297563
729
0.16515821590069035
749
0.42383656282787796
750
0.9394130628134758
751
0.5706833227605296
752
0.9671682101338347
753
0.9591894571091382
754
1.0
755
0.6736041912625804
756
0.41113361690051975
757
0.3281793323811151
758
0.25947507140745757
759
0.5
760
1.0
761
0.22149589472798054
762
0.2311544555033701
763
0.4774399720311979
764
0.4207113991220076
765
0.3609031999156845
766
0.09051699486907067
767
0.37809742615890374
768
0.6351657734196068
788
0.3266882810719007
789
0.21168104532871687
790
0.11954726580677508
791
0.15840267669199057
792
0.22584353406676042
793
0.14586603391210268
794
0.4537623408378991
795
0.3318332385909244
796
0.43527713779415106
797
0.7598356856515925
808
0.2136435031981171
809
0.2588429664894704
810
0.6226423039311938
811
0.40130512227916726
812
0.3882726777522233
813
0.5682777749323397
814
0.3926540906587301
815
0.6761974065733922
816
0.7911427217486838
817
0.6094445482670285
818
1.0
819
0.4545764294936748
820
0.7506238537503395
821
0.10273997808375383
822
0.2978201796359045
823
0.5500088796321687
824
0.5830273581395425
825
0.4122585980680703
826
0.5640118505658828
827
0.48998645008478753
828
0.07559167941093052
829
0.3110377222043508
830
0.40644797319092263
831
0.4052430136408765
832
0.6344939823420875
833
0.31591037816605316
834
0.0777019342179191
835
0.514830820356276
836
0.43586038597054333
837
0.392035197599228
838
0.689566868536195
839
0.15530691225030105
840
0.44435538971682315
841
0.39553325358771796
842
0.3651171690745112
843
0.49915938920340513
844
1.0
845
0.346582075305473
846
0.591460168684858
847
0.29517054650183316
848
0.1621758519497822
849
0.09263986277915476
850
0.09869118788385565
851
0.17692036413949516
852
0.6031612036218008
853
0.30778741582971547
854
1.0
855
1.0
856
0.4221666562361259
857
0.3667581477444358
878
0.4152903406336834
879
0.2383041256525615
880
1.0
881
0.4102262258168104
882
1.0
883
0.054156527437384853
884
1.0
885
0.27091988546756285
886
0.3850322886878713
887
0.3411488281065382
888
1.0
889
0.10907818963548846
890
0.26269098944241576
891
1.0
892
0.30881114303061985
893
0.49764480798089855
894
0.3641410562218426
895
0.5249152865776129
896
0.41412387656655203
897
0.4624892603869297
898
0.7348889200874658
899
0.9048374180359595
900
0.6042750794713536
901
0.3073940764756322
902
0.4482700320176827
903
0.3875385825373296
904
0.11741034605375462
905
0.42787119780980376
906
0.140326963569071
907
0.4108562778334889
908
0.691441569283882
909
0.15071676257541072
910
0.43560484535353566
911
1.0
912
0.530737950688401
913
0.24562355727347912
914
0.3013338828872425
915
0.3636227046500071
916
0.6761642533250773
917
0.4225704356401706
943
0.19557074896938645
944
0.16986197490626287
945
0.18951655991848568
946
0.25709000454040143
947
0.846481724890614
948
0.45180100180492244
949
0.440754571603982
950
0.4254893771166973
951
0.3857587082298475
952
0.2969052894408415
982
0.6043409027526626
983
0.8242367502646054
984
0.2705411345269698
985
0.33742407814301306
986
0.3005450651207217
987
0.537284965911771
988
0.8973734668906089
989
0.48245729949595395
990
1.0
991
0.3735229178322851
992
0.450314994635664
993
0.2231618068926664
994
0.13641136049582966
995
0.3545249023759311
996
0.33599730590055277
997
0.17459783586914282
998
0.3766886556907425
999
0.2962789157394226
1000
0.19758283206622082
1001
0.2614038683443053
1002
0.19134329623447532
1003
0.547332024239071
1004
0.09820366272512825
1005
0.26708679784499234
1006
0.23643540225079396
1007
0.19640732545025652
1008
0.0891376552139813
1009
0.25022103652362304
1010
0.2983788603604075
1011
0.5446074213899028
1052
0.1664922623065455
1053
0.9306048591020996
1054
0.23356898886410005
1055
0.668740304976422
1056
0.13134549472120793
1057
0.5411927503805858
1058
0.6295647131218454
1059
0.488333093745528
1060
0.42383656282787796
1061
0.26561561637308445
1072
1.0
1073
0.12027812857093025
1074
0.3120594840104439
1075
0.10682175159905853
1076
0.4923067746436864
1077
0.7071067811865475
1078
0.5473591259582254
1079
0.6240195441936914
1080
0.3073940764756322
1127
0.33661430457477926
1128
0.3291598889023262
1129
0.23356898886410005
1130
1.0
1131
0.3391824705480895
1132
0.2854992340461384
1133
0.5253819788848316
1134
0.7071067811865475
1135
0.28227983861579553
1136
0.5577503997480662
1147
0.37372160330367526
1148
0.7899490769623645
1149
0.2770983988371917
1150
0.10593924389949759
1151
0.6489981234934231
1152
0.9394130628134758
1153
0.21858844577603043
1154
0.5
1155
0.3824035674276597
1156
0.3753119268751698
1167
0.43177971298872353
1168
0.4101229588702096
1169
0.5316967153331754
1170
1.0
1171
0.8183741511036957
1172
0.26213738820617827
1173
0.4232155552073052
1174
0.1694357181593088
1175
0.1728603923209705
1176
0.088472221778373
1187
0.23370427119401177
1188
0.028398387225677897
1189
0.47956822531106114
1190
0.7598356856515925
1191
0.6104735835807844
1192
0.10215231039886494
1193
0.26518122980477765
1194
0.7032320776577532
1195
0.9740037464252967
1196
0.5932180640699449
1197
0.34487092592720586
1198
0.5452469119630863
1199
0.4254643051032452
1200
0.5654047010310541
1201
0.1683877118450332
1202
0.38825645816124643
1203
0.7980369729544535
1204
0.16065651004495896
1205
0.6731775045498529
1206
0.34235860455619627
1216
0.41721730328039036
1217
0.2086479488127066
1218
0.23961829057131984
1219
0.8534649307104801
1220
0.3821628376308576
1221
0.5205526399936553
1222
0.5800559351259102
1223
0.14897932098423514
1224
0.5890663099669438
1225
0.23710356290613413
1236
0.47061675904022204
1237
0.15873911187765272
1238
0.2228952632777627
1239
0.13164188883714908
1240
0.6160075734603387
1241
0.698750369758044
1242
0.21972813874997157
1243
0.7896895367562644
1244
0.42728700639623407
1245
0.46606298546251146
1256
0.38536959281217387
1257
0.4410953964743116
1258
0.6259408558200122
1259
0.388905561152711
1260
0.42180601050510236
1261
0.12600736402830257
1262
0.627759007856384
1263
0.29012721545822623
1294
0.06734502646547917
1295
0.3964513253420688
1296
0.2855930665291546
1297
0.6282233781247185
1298
0.37817904276524744
1299
0.3989870344880197
1300
0.3017137942543671
1301
0.9036020036098448
1302
0.3423876157023796
1303
0.23465009571722056
1313
0.5129751100255995
1314
0.32466791547509893
1315
0.09906880855456922
1316
0.1585423829466653
1317
0.4093653765389909
1318
0.3073940764756322
1319
0.1483776987638066
1320
0.32466791547509893
1321
0.19304869754804482
1322
0.45180100180492244
1353
0.23394961301393585
1354
1.0
1355
1.0
1356
0.046192151051305474
1357
0.5410822690539396
1358
0.3976353643835253
1359
0.5946035575013605
1360
0.08160320866640118
1361
0.0867138160334671
1362
0.3682139814518999
1369
0.11382946616278242
1370
0.49294366294228187
1371
0.2584865769785853
1372
0.15696243772360502
1373
0.18393816249638878
1374
0.20643695058452996
1375
0.16341839292734694
1376
0.3595290285752277
1377
0.4643186698761529
1378
0.055803528789890956
1399
0.18219652564797378
1400
0.26208658514259053
1401
0.07527601607474747
1402
0.09358104956321898
1403
0.09552040806823771
1404
0.23040881507757874
1405
0.2395402509141734
1406
0.3341215188300354
1407
0.47265993675484613
1408
0.6052436415270537
1437
0.23356898886410005
1438
0.40130148952494754
1439
0.6607709124795054
1440
0.48695382393809
1441
0.2240139199279789
1442
0.44565843183372567
1443
0.31754758108683
1444
0.5614702234243313
1445
0.6685083405913725
1446
0.6065306597126334
1456
1.0
1457
0.5760844201603896
1458
0.10313316843196721
1459
0.44629723839962804
1460
0.8408964152537146
1461
0.5685860936363594
1462
0.3303164318013807
1463
0.5749837010597647
1464
0.6689584294536594
1472
0.3749219312991946
1473
0.19520460918812307
1474
0.08257910795034518
1475
0.3472490032247802
1476
0.1620212440000714
1477
0.24296919599737388
1478
0.4530849702875263
1479
0.24660869790044554
1480
0.38058030016749456
1481
0.26921070502123673
1482
0.6543503796047173
1483
0.36783130405288667
1484
0.36275382698457337
1485
0.3460643254734611
1496
0.7241577342575827
1497
1.0
1498
0.18907406253804557
1499
0.4671379777282001
1500
0.3086041391909104
1501
0.6805854779603963
1502
0.5013642802219416
1503
0.45723134461864345
1504
0.32238265014096523
1505
0.7998854131465043
1546
0.6337834876616586
1547
0.785629301801026
1548
0.5081327481546147
1549
0.6623435934063268
1550
1.0
1551
0.8437896872429874
1552
0.6289868866690355
1553
0.5530149885479864
1554
0.4557948542062276
1555
0.9775290462529921
1586
0.18052070846327364
1587
0.7227780619774699
1588
0.9310627797040227
1589
0.5766151781434918
1590
0.7788007830714049
1591
0.6274797011328943
1592
0.2714747415642953
1593
0.6174412848901254
1594
0.5882432467427505
1595
0.11884631831419348
1596
0.5988059642324199
1597
0.2777619034011791
1598
0.7952707287670506
1599
0.48461661723817206
1600
0.17844989217323498
1601
0.6218892458282913
1602
0.49227212975489903
1603
0.47156632089063605
1604
0.1728603923209705
1605
0.7149123769576846
1606
0.33810754404523835
1607
0.7018239548531161
1608
0.7235280784851976
1609
0.7567055083427748
1610
0.36084034494248807
1611
0.47302621872495865
1612
0.1053764599921747
1613
0.579614285422709
1614
0.6495492423575278
1615
1.0
1636
0.3626730432525785
1637
0.846481724890614
1638
0.1918423910967022
1639
0.46350637568777864
1640
0.2362008085913791
1641
0.488923022434901
1642
0.4391161714898221
1643
0.4186703741203227
1644
0.3914710102088214