a1is07hajk7bzr
204
0.4228428342860615
205
0.24903286388467735
206
0.31580752885464436
207
0.10552670315936319
208
0.15313050800061723
209
0.1731421542866465
210
0.12164440704745652
211
0.20556680845025987
212
0.20556680845025987
213
0.5642761727828352
353
0.3549481056010053
354
0.5828233954152654
355
0.2429394648667434
356
0.435949382480739
357
0.058740740444181504
358
0.23405984204840932
359
0.11633270842295028
360
0.20803758261089228
361
0.20172955494191536
362
0.1694357181593088
363
0.5203002356057729
364
0.4526841553884913
857
0.3006272084428528
858
0.17404269872566147
1500
0.3624108490695353
1501
0.7770179656407357
1502
0.29311855040988216
1503
0.35630548449868954
1504
0.06714714872387023
1505
0.09598749118776871
1506
0.6601345017140736
1507
0.1270331870386537
1517
0.7071067811865475
1518
0.11961929431759293
1519
0.17324027818241408
1520
0.4788698698373265
1521
0.15759990906655688
1522
0.8408964152537146
1523
0.8344522897223012
1524
0.20803758261089228
1525
0.3335914974019353
1526
0.5548726605111576
1527
0.09652434877402245
1601
0.29318398055474937
1602
0.16707842504470516
1603
0.3072305751414376
1604
0.2878223183805443
1605
0.19692215902857166
1606
0.2068720601025941
1607
0.3073940764756322
1608
0.40489936706391494