a1vbzioywe4osh
572
0.08899085321118684
573
0.20353612684756062
574
0.3607209673962781
858
0.15777490270860034
859
0.1194012090089754
860
0.0661507607186886
861
0.7071067811865475
862
0.04065425428798724
863
0.0891376552139813
864
0.30739407647563216
865
0.06809398432036522
866
0.14393521856738786
867
0.12605968092174913
888
1.0
889
0.09696378326347418
890
0.14535768424205484
891
1.0
892
0.22455129433835885
893
0.1535686541317235
894
0.2987485454557513
895
0.2524998586864911
896
0.46859099053803843
897
0.3739978404351135
918
0.12401006001680981
919
0.8187307530779819
920
0.22238450913937838
921
0.04476338885968323
922
0.09199366205521277
923
0.06612236699303836
924
1.0
925
0.12835507739513805
1042
0.08130850857597448
1043
0.09864703138979415
1044
0.16590387014219712
1045
0.18132584777088467
1046
0.28051550320162943
1047
0.05063996506781408
1048
1.0
1049
0.06792376439547662
1050
0.06274655310994741
1051
0.2388024180179508
1409
0.1625416791576053
1410
0.06418919953889857
1411
0.27459614328824505
1412
0.11433361115787453
1413
0.5755901146501323
1414
0.09475827995924282
1415
0.11031560317942798
1416
0.06640390409327111
1417
0.12401006001680986