a28e6z78qj2yz6
344
0.2509862124397896
345
0.4135171000263379
346
0.32347118329812385
347
0.14611783090145075
348
0.3026559743064747
349
0.44815017360408727
350
0.60130880341659
351
0.4308206906207312
352
0.196547254066006
744
0.487080964059464
745
0.1367440667823257
746
0.20289100165559684
747
0.2431884859214096
748
1.0
749
0.28117066259517454
750
0.2978455771550689
751
0.1921963646037806
752
0.08516593018819643
829
0.17141501373558035
830
0.40644797319092263
831
0.0922635643555325
832
0.06838688463611671
833
0.24470637680282287
972
0.13189571982744291
973
0.07115357663602324
974
0.21651956746181053
975
0.19320813030085762
1000
0.17692036413949516
1001
0.29550573557174764
1002
0.23159998077954416
1003
0.554398763006415
1004
0.1236846477204597
1528
0.42947517113943995
1529
0.16128319730379664
1530
0.27778564069177747
1531
0.28991960875627093
1532
0.4095438125292632
1533
0.5607900239988007
1534
0.10552670315936319
1535
0.3376459109063278
1536
0.3799178428257963