a28z6a8uc4er3x
29
0.575205277551974
30
0.39281465090051293
31
0.3536516681262095
32
0.34160927429163673
33
0.667278568794606
34
0.22718709780542312
35
0.4402007427762872
36
0.2647795226140597
37
0.7440603601008592
38
1.0
181
0.19546825878823415
182
0.16652529586838047
183
0.4994976419888592
184
0.31314224813827346
185
0.1286253478741338
186
0.6606328636027614
187
0.5933067045090704
188
0.6044142795544439
189
0.6525348056262738
190
0.927743486328553
256
0.29556317412122934
257
0.5037141288692649
258
0.3243261324424702
259
0.32214112487007024
260
0.7030851577546863
261
0.6391530999689502
262
0.29018963236087447
263
0.22067731046885494
264
0.25053378107367275
265
0.3986858817940321
730
0.3294470979195625
731
0.2629588998147058
732
0.2140772484376279
733
0.1884921845087365
734
0.1840992998935616
735
0.2673453431897957
736
0.10090835404165316
737
0.8408964152537146
738
0.4176443792723418
739
0.5549490837170815
898
0.1993680285375554
899
0.9048374180359595
900
0.1270331870386537
901
0.2905925408079185
902
0.566076446860317
903
0.3120097720968457
904
0.21202255955737914
905
0.6051012508914458
906
0.08343891175153344
907
0.40513168517743314
926
0.6147881529512643
927
0.15084628854126392
928
0.40977447890866375
929
0.21869766863251178
930
0.28372121863097033
931
0.1417092329814806
932
0.12192091596713041
933
0.22880251023000026
934
0.15415064977510756
935
0.5307712171072443
1002
0.24060145723095425
1003
0.488923022434901
1004
0.7952707287670506
1005
0.2665837681702885
1006
0.18995892141289814
1007
0.0726788421210274
1008
0.2628725038569865
1009
0.2043046207977299
1010
0.17411139930131744
1011
0.24663205762544338
1127
0.2621280998140744
1128
0.1291802583371725
1129
0.3228546048578359
1130
1.0
1131
0.20090617206722866
1132
0.11525449313283317
1133
0.6917601652777827
1134
0.23356898886410005
1135
0.3608877225950688
1136
0.22783713906265132
1333
0.3093723710599886
1334
0.4213287322556837
1335
0.425874468039002
1336
0.06926641477248172
1337
0.15296217886162006
1338
0.15619699684601282
1339
0.1910408161364754
1340
0.46995281337492417
1341
0.3338897909968695
1342
0.42130181377817516
1389
0.347726884259128
1390
0.053001566897562975
1391
0.13354339892249623
1392
0.08913765521398126
1393
0.07106786623733344
1394
0.17960717101714463
1395
0.23356898886410005
1396
0.31535540524901323
1397
0.1980800315343785
1398
0.14638325586324535
1428
0.3710529111124968
1429
1.0
1430
0.9200444146293233
1431
0.1342032297849615
1432
0.10933847735486553
1433
0.36787944117144233
1434
0.22512779778512526
1435
0.6232599678021145
1436
0.20909901132635736
1486
1.0
1487
1.0
1488
0.17965205598154216
1489
0.2521307400780747
1490
0.6389431042462725
1491
0.26356289034292296
1492
0.3222985133135374
1493
0.17261831659289456
1494
0.26269098944241576
1495
1.0
1556
0.14980800232509298
1557
0.11016798394984659
1558
0.32466791547509893
1559
0.6389431042462725
1560
0.1226338808810891
1561
0.3164071639706776
1562
0.40625670241018774
1563
0.4353353558986788
1564
0.18831304810785107
1565
0.515273465666503
1626
0.26104909033290696
1627
1.0
1628
1.0
1629
0.14382945046850068
1630
0.30058047805357707
1631
0.5211261008553069
1632
1.0
1633
0.41275485328351447
1634
0.34452411715114295
1635
0.5566666257320487