a2i57ww1b3evwx
152
0.17849477499997438
153
0.12725230050760647
154
0.17508595730050727
155
0.0804099340964684
156
0.15181939159382823
157
0.06693807718688614
158
0.15656061410524583
159
0.03856487690601815
172
0.040583489434387374
173
0.11416800853855798
174
0.02904832602204596
175
0.03493294126733252
176
0.08686096640104808
177
0.31064110570756975
227
0.5946035575013605
228
0.5149732203257935
229
0.08606779713413143
230
0.25864064613640686
231
0.24088562704853508
232
0.08614710135569353
233
0.2722589423069702
234
0.13519063403670095
235
0.16069578268327217
236
0.19783242115112828
237
0.17036453724928716
410
0.11482516849639804
411
0.023020778935143812
412
0.12223075560872526
413
0.13602321875154855
414
0.17689055911783588
415
0.060196087687056546
416
0.23440545762423934
417
0.13110666941588303
418
0.11129236946105507
419
0.10719249240489984
420
0.0610943507972816
607
0.1270331870386537
608
0.2078202372822135
609
0.10825978373090525
610
0.28287764210942806
611
0.054388095033497265
612
0.16669689524285855
613
0.24350194510444617
614
0.10702119990242165
615
0.07410494411527521
629
0.0801551419756885
630
0.08770353373963602
631
0.09985362176517582
632
0.0895404534772009
633
0.31553655365257344
634
0.07973931851338434
635
0.2103814495741668
636
0.047258008400332424
637
0.14420007357307812
660
0.587728372510532
661
0.19754440981987662
662
0.11820578813876288
663
0.09895394688829483
702
0.06252973226917688
703
0.04540013809283727
704
0.284955776032203
705
0.34368264397953824
706
0.11510269814177078
707
0.21142141714303075
708
0.017385181092010947
709
0.08867161487346494
710
0.03530024633769078
711
0.035992758237664596
712
0.10274506536150967
713
0.15583023877148805
714
0.10216854986541972
715
0.010144908065405564
729
0.13134549472120788
730
0.33862795741194696
731
0.09238430210261096
732
0.08409267961076922
733
0.252880854102169
781
0.14848091521128454
782
0.17923344640485428
783
0.09288297103998534
784
0.24534583247847822
785
0.0833978743504838
786
0.10271038702971914
787
0.10888923966569145
788
0.03167695598561824
789
0.1109294288540413
790
0.04662759254079382
791
0.04938568958089291
817
0.31291383212263885
818
0.6389431042462725
819
0.10599684166950091
820
0.898397321348071
821
0.19640732545025652
822
0.035792807886387695
823
0.08420936446326474
824
0.30344911574017497
825
0.08125165710854508
834
0.07346193730451911
835
0.2434484642040847
836
0.3452733100920395
837
0.076250586186796
838
0.19610611480109413
839
0.17917362857569197
840
0.49975879741766466
841
0.10216854986541972
842
0.030203303711534055
843
0.24881478337609372
844
0.1331356969217748
869
0.08409832376472365
870
0.13580612926579927
871
0.07218843783159083
872
0.20082452501658968
896
0.16811508624309288
897
0.0509121282309775
898
0.4790437745835815
899
0.9048374180359595
900
0.09652434877402245
901
0.26269098944241576
902
0.08643019616048525
903
0.05341087579952926
904
0.10609222393869795
905
0.6051012508914458
906
0.22941564808165066
945
0.15674325411629858
946
0.06256118460580956
947
0.38244129131513815
948
0.3799178428257963
949
0.1278270929338568
953
0.2604389560312621
954
0.26269098944241576
955
0.09101470169494642
956
0.25812458933364363
957
0.22428647818841885
964
0.14535768424205484
965
0.17373661428908682
966
0.3595309212451231
967
0.7788007830714049
1076
0.08054496384843698
1077
0.13134549472120793
1078
0.06372292708117433
1079
0.6832251214469733
1080
0.07809849842300641
1081
0.09468073177114035
1108
0.05188208972670302
1109
0.16233395773754944
1110
0.37296611242667116
1111
0.06809398432036522
1112
0.22759483012793272
1153
0.13998923433343183
1154
0.07654112967106118
1155
0.12319898478433239
1156
0.04427227929535467
1157
0.08047193868754535
1163
0.09548450962056532
1164
1.0
1165
0.04527311863193539
1166
0.22620068396037737
1299
0.2112405520440016
1300
0.21628820160963114
1301
0.8155395405382073
1302
0.15469106777993388
1360
0.037449130458329746
1361
0.08139024722909761
1362
0.23657918514354598
1363
0.19304869754804482
1364
0.05328284665379811
1365
0.06675486119653652
1366
0.11879117308910711
1367
0.19081654556856684
1368
0.12185492718620194
1434
0.2777619034011791
1435
0.47631009147745074
1436
0.04565721169035539
1437
0.09032623720217699
1438
0.08688425266008767
1439
0.41812202078242683
1440
0.17556961554951728
1441
0.2516868013650793
1442
0.19138367678485674
1443
0.15483270027442267
1444
0.011459897833653308
1445
0.044990672935757085
1446
0.5100294574938241
1490
0.6389431042462725
1491
0.20026448949603037
1492
0.047035362924613515
1493
0.04445990757520825
1494
0.12164634345707655
1542
0.2427709536390273
1543
0.3639288621823502
1544
0.07453732205811821
1545
0.324629119156002
1546
0.12223075560872526
1547
0.5969491792019646
1548
0.24880469496253566
1590
0.16233395773754944
1591
0.2809342880277493
1592
0.12251605185598974
1593
0.18979779354672777
1594
0.360056585428503
1595
0.24839003933972575
1596
0.0842937604028768
1597
0.3655552228545123
1598
0.07374594894843017
1599
0.2691151949055237
1600
0.1270331870386537
1615
0.40386086636733814
1616
0.4498062466836449
1617
0.08264928009558656
1618
0.06918972561542272
1619
0.14759564526951546
1620
0.1158188421607244
1621
0.488923022434901
1668
0.1542571649053334
1669
0.11846079500714442
1670
0.29050582284666054
1671
0.21972813874997163
1672
0.15278043733943425
1673
0.2777619034011791
1674
0.09813463377800562
1675
0.5317422425100407
1676
1.0
1677
0.13942846782826177
1678
0.3021375397356768