a2qlm59qc9g1uf
152
0.46023336703410284
153
0.11520224022052741
154
0.3827491534128693
155
0.7094521095075528
156
0.6327629439891651
157
0.03170187114079755
158
0.5391658055209271
159
0.37990882728843095
160
0.3799178428257963
878
0.5305151099189804
879
0.06258927117128502
880
1.0
881
0.2796842457966537
882
0.22590050090246122
883
0.11204100503589645
884
0.7071067811865475
885
0.15619699684601276
886
0.25280262335681447
887
0.27355004372901603
1052
0.08127037414289746
1053
0.3976353643835253
1054
0.16590387014219712
1055
0.3976353643835253
1056
0.6894026190863772
1057
0.3051161102981501
1058
0.9105103613800342
1059
0.17749485119857603
1060
0.07492442692259767
1061
0.4906052596998734
1108
0.12962472880491877
1109
0.2136435031981171
1110
0.11451997463067547
1111
0.5326509505811611
1112
0.28800248893410607
1113
0.22894156860669912
1114
0.4702796340820488
1115
0.2988689035952681
1116
0.23728364677008135
1216
0.3832265833739904
1217
0.0792249544318385
1218
0.35218565358232357
1219
0.4139790020029942
1220
0.5334053983387737
1221
0.059022499812807515
1222
0.24169508577085227
1223
0.08528733595636034
1224
0.40544625172399423
1225
0.18996333380867375
1323
0.15106876986783843
1324
0.10933847735486553
1325
0.1507578685151242
1326
0.3799178428257963
1327
0.45733444463149814
1328
0.17551502078017794
1329
0.2730120862709067
1330
0.7128119272886142
1331
0.04468148154124621
1332
0.13134549472120793
1506
0.24072001290661232
1507
0.45180100180492244
1508
1.0
1509
0.3237722713145643
1510
0.5741510303545703
1511
0.23609573538284542
1512
0.08767682465879752
1513
1.0
1514
0.049281621188790536
1515
0.18295654224495206
1665
0.07535838128770536
1666
0.04661989514736519
1667
0.10167768363539446
1668
0.2682230737777189
1669
0.23142900253083912
1670
0.2660433076146794
1671
0.5071960939456881
1672
0.2268137040017809
1673
0.18517027539673533
1674
0.687893647042675