a3dd3acpmvdvca
1
0.35355339059327373
2
0.46230684853241244
3
0.387580763654955
4
0.6418376319703758
5
0.4266035666540789
6
0.2753358028987337
7
0.5350160240564927
8
0.1689554748507331
9
0.6692023080853778
10
0.49235773566227997
20
0.32472029043012074
21
0.49210835714870726
22
0.22662075415347835
23
0.3798794637680829
24
0.5413381840926708
25
0.38806564376592245
26
0.4428500142691474
27
0.3150529057112361
28
0.39605375824110245
29
0.4398915987641972
30
0.5744915874869567
31
0.48742337619643644
32
0.4400861217094762
33
0.5411927503805858
34
0.14949751774990683
35
0.5198160153589456
36
0.3117090652270068
37
0.5237476396779134
38
0.12223075560872526
39
0.4592064719908953
40
0.6417900148977351
41
0.45046627229833414
42
0.6537903419236941
43
0.5076980375607013
44
0.4066110388796881
45
0.5731224484094262
46
0.28787878181011267
47
0.07717554986398417
48
0.4769572872411914
49
0.3960970942970261
50
0.323676073390695
51
0.6976212859916934
52
0.23643540225079396
53
0.33717283981845525
54
0.40444055684600444
55
0.16885023000999708
56
0.26218041173371875
57
0.6015094458886879
58
0.3338132993867706
59
0.5150222770751307
60
0.04977872007905137
61
0.23530495254141282
62
0.2295748846661433
63
0.17641802268550044
64
0.19251614434393563
65
0.6460242196145985
66
0.20263714384138898
67
0.3855843077233735
68
0.17242221289766627
69
0.4854000877536848
70
0.5807291895734727
71
0.48498536208739185
72
0.97386056321725
73
0.16888209569125595
74
0.11891945973624994
75
0.08643019616048525
76
0.33124989794664067
77
0.48171333845569253
78
0.5555238068023582
79
0.43167001068522526
80
0.4333207865423752
81
0.5138597582004863
82
0.3907680518455402
83
0.2443703255186538
84
0.088472221778373
85
0.4810532118878936
86
0.4576710069099061
87
0.38260294162784475
88
0.4680134974783722
89
0.21812709730160448
90
0.39832801241880705
91
0.6377462888950204
99
0.4036165219663469
100
0.5161040075276384
101
0.33121361622698947
102
0.2878223183805443
103
0.19326759251358241
104
0.5741510303545703
105
0.4846525433812159
106
0.4232618196604538
107
0.5906964421100833
108
0.44989059537501197
109
0.6964705665515707
110
0.8668778997501817
111
0.5737416532455872
112
0.10845756149806107
113
0.5941456414455393
114
0.6022469910629458
115
0.1967274688523915
116
0.38260294162784475
117
0.6414486500773338
118
0.12158457920199857
119
0.3489981252688509
120
0.3397745283820196
121
0.7016879391277371
122
0.3042164950089497
123
0.33204982311753684
124
0.08513058489093438
125
0.28114292133357394
126
0.45805193698443525
127
0.3878964805488567
128
0.667278568794606
129
0.7055645543810035
130
0.5864584282394452
131
0.27615863105573496
132
0.42728700639623407
133
0.33428661215627314
134
0.5329863408899986
135
0.4871622030691689
136
0.09503046199390036
137
0.23124463019346486
142
0.6090291470054996
143
0.42341975792369335
144
0.62223076591398
145
0.6531037049680823
146
0.8583817005870676
147
0.5503114659920872
148
0.32304543726109786
149
0.13744438278546303
150
0.3034605037372754
151
0.5823982653071728
152
0.2369602938221368
153
0.24314120828340066
154
0.5253431756594131
155
0.7411665437019797
156
0.5659119256652702
157
0.5852313073526982
158
0.5151420826880312
159
0.4053886006406209
160
0.3799178428257963
161
0.3126154504422838
162
0.5137509440931922
163
0.34884463214795103
164
0.528066624632559
165
0.33867898120648826
166
0.5553350136376966
167
0.3291256332376796
168
0.5959904522646037
169
0.4651726923491051
170
0.5054866417281887
171
0.43325831087766736
172
0.3976353643835253
173
0.6227246729725824
174
0.47967644996832093
175
0.574179865651143
176
0.6606328636027614
177
0.7626762424168665
178
0.3799178428257963
179
0.3967088290836577
180
0.49349163706233623
181
0.6057811250845452
182
0.31455601883230705
183
0.6314711624637989
184
0.7447819789879646
185
0.7506238537503395
186
0.31044186843738636
187
0.6415428562903542
188
0.3183469047078453
189
0.6284565402531913
190
0.44833867003844585
191
0.19940445989088912
192
0.20556680845025987
193
0.37296611242667116
194
0.15688836604581058
195
0.4295136946366521
196
0.13667384436571256
197
0.7262953340221207
198
0.5319774228122346
199
0.37831138890720695
200
0.4073008524455291
201
0.5630127787148427
202
0.41446501592394935
203
0.5824635439349246
204
0.19640732545025652
205
0.5273911244475452
206
0.3820749987385286
207
0.2521193618434983
208
0.7975219547461047
209
0.5800900991877155
210
0.07188959550044094
211
0.47987820666906633
212
0.5946035575013605
213
0.6915980925693533
214
0.3549481056010052
215
0.6606328636027614
216
0.5630127787148427
217
0.5527251091911687
218
0.49419803623818875
219
0.5835873957672866
220
0.4814812497000254
221
0.5937990259402843
222
0.46584997002149986
223
0.4326510036493868
224
0.6607914745560064
225
0.44543398685183283
226
0.3386854985606571
227
0.3976353643835253
228
0.6979962505377018
229
0.4935578819979933
230
0.46070596239517037
231
0.7348889200874658
232
0.3470840765046802
233
0.598356311396623
234
0.4952753337980266
235
0.5272877650845328
236
0.525388623492119
237
0.43231335800981474
238
0.5081327481546147
239
0.22177164531085683
240
0.18088201962129938
241
0.6286141065180596
242
0.09669265690880863
243
0.12286996020967837
244
0.6435671958193868
245
0.49735673561245436
246
0.41539959919581676
247
0.7131769240029842
248
0.5856386061091438
249
0.5784954323743582
250
0.6865890479690392
251
0.21105340631872632
252
0.33982435124243776
253
0.24880469496253566
254
0.29328914364808006
255
0.7135145958202644
256
0.26352230043195884
257
0.44701617851855957
258
0.48001771473747706
259
0.2521256243030289
260
0.5317841438842404
261
0.5969491792019646
262
0.7307717333430739
263
0.5706910100905568
264
0.20556680845025987
265
0.4781437716088026
266
0.5715760410152287
267
0.7641254083103468
268
0.5081327481546147
269
0.2774290545068997
270
0.15619699684601282
271
0.3415650255319867
272
0.49130841884134513
273
0.22493123776321144
274
0.11409795345398711
275
0.6568276660345821
276
0.5447569925631596
277
0.3093965368898988
278
0.31947155212313627
279
0.16544619993389978
280
1.0
281
0.5394717384666178
282
0.42960231529892456
283
0.36374772919400356
284
0.42341975792369335
285
0.4887953663904811
286
0.3602146929841542
287
0.2429700202247317
297
0.6540780440407976
298
0.4735407652832255
299
0.5706741265803431
300
0.23643540225079396
301
0.3304047163025948
302
0.09131637729116271
303
0.26966478444205727
304
0.29213008358451265
305
0.2652822278467398
306
0.4735242070524643
307
0.06274655310994741
308
0.3446073377034663
309
0.4097744789086637
310
0.19803162353826262
311
0.5793367580502561
312
0.4539393670908883
313
0.44907778158519474
314
0.43141660874998483
315
0.28608495452164523
316
0.5858624286097901
317
0.5279135547943948
318
0.4112175645551036
319
0.3976550537155836
320
0.44516947784422023
321
0.8824969025845955
322
0.4329476703214299
323
0.4755265119058703
324
0.3901249611277689
325
0.17334889155550148
326
0.6925256671203044
327
0.9656628854006525
328
0.33403925633579773
329
0.19715841879238144
330
0.22355093096292103
331
0.4108443726426249
332
0.5452469119630863
333
0.25170434914146544
334
0.24300004346160195
335
0.42978768727006766
336
0.6997522298221912
337
0.5585553845201616
338
0.5491004867761125
339
0.47415231822240783
340
1.0
341
1.0
342
0.5026994721521576
343
0.5681096832337497
344
0.22089591134157885
345
0.6420304049706259
346
0.5479195376258154
347
0.7632661822742675
348
0.49953384374479765
349
0.8268060631544933
350
0.5466761428642644
351
0.617939643800199
352
0.334963373787381
353
0.2620251007173263
354
0.7166258375282708
355
0.22374677077485583
356
0.48593738187963054
357
0.15648235020815726
358
0.5363899965074052
359
0.6004981752197522
360
0.6829767969766944
361
0.2462691352463783
362
0.48109772909788073
363
0.07675038171316682
364
0.5111425102356497
365
0.29615165360116247
366
0.2895907231555484
367
0.1678653242048661
368
0.5771895168724281
369
0.28997844147152074
370
0.35663252062493134
371
0.3943168375847629
372
0.4089601472043678
373
0.31756632405211493
374
0.4721914707656909
375
0.6976971350046097
386
0.39278164819903294
387
0.1056617344056876
388
0.1329708635952974
389
0.3126104650686076
390
0.4655492052107386
391
0.28134054404696474
392
0.1515146245031792
393
0.27678937062327713
394
0.6301316143219465
395
0.4722806820191421
403
0.17029245450669397
404
0.1835246569050701
405
0.13888095170058956
406
0.47408930909197255
407
0.19605384637849796
408
0.4168620196785084
409
0.21677328882535962
410
0.42341975792369335
411
0.2660523516999947
412
1.0
413
0.34177612227913773
414
0.2813466693559086
415
0.2865612242047131
416
0.18457023415048202
417
0.855526185871245
418
0.16590387014219712
419
0.2643589525275458
420
0.1506833612691325
421
0.5755901146501323
422
0.5657805351443428
433
0.2975928234249098
434
0.3723909894939824
435
0.8824969025845955
436
0.26584835766658776
437
0.7307092875631112
438
0.3252340343038979
439
0.4771512105691512
440
0.13492767333412545
441
0.35930411196308426
442
0.31080274842113187
443
0.6586322246542818
444
0.25336549464486463
445
0.39944639287008643
446
0.7587360434683039
447
0.07858254245931846
448
0.4220864615575154
449
0.07193386832734808
450
0.3057404912937561
451
0.12988490768135436
452
0.3850750891588736
453
0.12964765017531346
454
0.4732701783307163
455
0.21569268717134074
456
0.22355093096292103
457
0.3994065100486747
458
0.2959868043006699
459
0.2550929257876807
460
0.25605621067139794
461
0.49559746426671447
462
0.3549481056010053
463
0.38419068302517334
464
0.6606328636027614
465
0.3774155035532907
466
0.2186788244758092
467
0.37457349255717526
468
0.21951524426618454
469
0.4675143037276854
470
0.7928328533799701
471
0.4980657277693546
472
0.45479000392227253
473
0.5554494627653429
474
0.4600857763783276
475
0.6922010173831733
476
0.855526185871245
477
0.659888757366796
478
0.43829501909075036
479
0.3538995029906511
480
0.21814199626901998
481
0.6529942057256104
482
0.3546140129699503
483
0.4168675315833069
484
0.7439930753508331
485
0.378448113759187
486
0.4872472624649669
487
0.3693685965446727
488
0.2834500610180024
489
0.4335340097094998
490
0.49975879741766466
491
0.3446073377034663
492
1.0
493
0.47967644996832093
494
0.4707598653426837
495
0.48943111503382813
496
0.48945773808629245
497
0.15619699684601282
498
0.5264628586172958
499
0.38173829668568915
500
0.40322935938945165
501
0.20916982234938622
502
0.5463688481144736
503
0.36123639820546766
504
0.30130404892785684
505
0.1386564061777445
506
0.32730599512913955
507
0.13445273575332964
508
0.2694164231888349
509
0.40644582573956567
510
0.15219034691187608
511
0.4286937137468483
512
0.057259987315337726
513
0.44472256987216013
514
0.34740317390504205
515
0.3160601939226131
516
0.497896461567252
517
0.1264135559500043
518
0.3577179654308935
519
0.47260741957805663
520
0.6580370064762462
521
0.32214112487007024
522
0.5215963392046185
523
0.25613204730331235
524
0.5269454215048226
525
0.39073802494525
526
0.5344445934790545
527
0.367994097902385
528
0.32466791547509893
529
0.21586404366478293
530
0.3089335437498591
531
0.45852848777472094
532
0.5307294842145215
533
0.3913836083523506
534
0.3832265833739904
535
0.427457836637166
536
0.23621858826556616
537
0.3308548466798257
538
0.7408182206817178
539
0.7883552158583351
540
0.8512160931922469
541
0.2852736808108787
542
0.4367567624629437
543
0.23684767130057965
544
0.816496580927726
545
0.8694417438899829
546
0.6126355840680241
547
0.3850322886878713
548
0.36720562698935927
549
0.5315622064610573
550
0.3431535116220622
551
0.7344112539787184
552
0.2295748846661433
553
0.6761974065733922
554
0.40188875403207003
555
0.43718808994920183
556
0.42713314089626914
557
0.5169731539571706
558
0.2588890232196629
559
0.2177560217352465
560
0.2801342621283878
561
0.3334246624318188
572
0.3925478835813719
573
0.48283144270032624
574
0.4952330116157305
575
0.14923729480049117
576
0.30094298890378757
577
0.6183010249800824
578
0.33491517492026424
579
0.3899499205807209
580
0.5740749070357338
581
0.31520930587913804
582
0.1255856219782123
583
0.19138367678485674
584
0.13096183134621786
585
0.7670828643001798
586
0.2177940784650693
587
0.36181163700209373
588
0.4472421445652732
589
0.24127911659064297
590
0.3308851279069168
591
0.43167001068522526
592
0.3671584386327572
593
0.3180585201180389
594
0.3947262141631854
595
0.6786529075529685
596
0.5116116106757558
597
0.3087818953963449
598
0.3477250470582593
599
0.5637560315259289
600
0.5118285025257893
601
0.4145145590902002
602
0.6098790104662721
603
0.29562344646250305
604
0.7875500565463526
605
0.5904662733081675
606
0.27051729521136786
607
0.668740304976422
608
0.4694222382938492
609
0.7241577342575827
610
0.39416223381555254
611
0.31004149851061535
612
0.38342408655632243
613
0.2975858216526933
614
0.6888074582865503
615
0.44534504264163466
616
0.9726044771163485
617
0.6464173938088861
618
0.4448143106287532
619
0.5247001283601749
620
0.16197567911527386
621
0.7360274036243226
622
0.4313402907642155
623
0.5116789240727722
624
0.11842383565028987
625
0.3118069707078808
626
0.19709420760312124
627
0.5437153505472999
628
0.3089751861923347
629
0.1487964117124549
630
0.3800234489076628
631
0.5946035575013605
632
0.2634333477440361
633
0.6527196653219787
634
0.5245796802582052
635
0.1129360894988513
636
0.5011362764842111
637
0.6608372989865366
638
0.9394130628134758
639
0.5543226672204017
640
0.5920962267342067
641
0.32787482182330435
642
0.5130598375644648
643
0.6767045368190813
644
0.31300955134396213
645
0.40571088794495036
646
0.7952707287670506
647
0.7771482190093811
648
0.7265407815865124
649
0.45545558532740094
650
0.25349925809916357
651
0.39898306710917586
652
0.7883656602879476
653
0.7126047597394757
654
0.1477630615267801
655
0.28646290158800986
656
0.44111250500133153
657
0.3575436103785907
658
0.12359179075656726
659
0.7348889200874658
660
0.5747078645171895
671
0.4284965562696498
672
0.6129752413741055
673
0.2239521374625909
674
0.6605534462948889
675
0.7121043131712586
676
0.6915575024182339
677
0.1845895819969781
678
0.2885508648394261
679
0.48109772909788073
680
0.33379392605383695
681
0.4813044661698256
682
0.2798288976400927
683
0.6128081331864039
684
0.5783569866465142
685
0.6618501774832836
686
0.3854196570669243
687
0.20556680845025987
688
0.49159271266568244
689
0.46024953713619404
690
0.2535769506288035
691
0.2959868043006699
692
0.4436981425365959
693
0.37323924780738715
694
0.1424465913886198
695
0.48779568493112163
696
0.09763373364794253
697
0.3777160554295616
698
0.26331553410124237
699
0.5009769729306399
700
0.5564828041879248
701
0.6555478129382283
702
0.24057518726952123
703
0.35531010613751796
704
0.3431501915902152
705
0.3166479127507099
706
0.6209603880552312
707
0.1279474029835104
708
0.36079143523581275
709
0.233784052535827
710
0.16520262313834946
711
0.31782817635491484
712
0.7910665071754359
713
0.6660963293607924
714
0.4366835442847812
715
0.32916665153225527
716
0.2519460242629816
717
0.44472624371287645
718
0.3193174373964267
719
0.4995758876051415
720
0.41907961416006645
721
0.5510479182831776
722
0.5
723
0.613348610979517
724
0.5662377342829223
725
0.5315781427354658
726
0.38770457128515334
727
0.3366708947010077
728
0.4255593014211296
729
0.5133450480401704
730
0.48522770211183924
731
0.4165228540907851
732
0.6086700968648568
733
0.33894814745795493
734
0.2848353817924013
735
0.34265175754115185
736
0.6887468727146132
737
1.0
738
0.5198857940054409
739
0.364475284252601
740
0.4293663233009672
741
0.3533010911286833
742
0.0863154924488587
743
0.32702929224554894
744
0.5778560517764019
745
0.11731175160263997
746
0.41485905673643925
747
0.4782621854317176
748
1.0
759
0.5
760
1.0
761
0.40444055684600444
762
0.19551227902944926
763
0.4961985301057837
764
0.05924729573070662
765
0.5601907817995058
766
0.11124727795424608
767
0.3803313765066987
768
0.471257855541579
769
0.44466898335541327
770
0.5116654076434721
771
0.3152093058791381
772
0.41211837513230276
773
0.46360731056064436
774
0.15619699684601282
775
0.37296611242667116
776
0.6337609478527908
777
1.0
778
0.10253890360515688
779
0.2753103245677435
780
0.15030629911800564
781
0.592665937689484
782
0.1825585845372556
783
0.325909498033977
784
0.5439695797716093
785
0.41946910069118154
786
0.1626739260030573
787
0.1467190797130462
788
0.36387034152779646
789
0.46046351600274404
790
0.13188274750399434
791
0.21399099657013973
792
0.31300955134396213
793
0.6376281516217733
794
0.6158428993947397
795
0.24810321444781464
796
0.15350076342633368
797
0.7598356856515925
798
0.3644434341368933
799
0.5935632370030788
800
0.09384997463585353
801
1.0
802
0.15645159752273863
803
0.6389431042462725
804
0.45180100180492244
805
0.14041435958325213
806
0.45097880898213605
807
0.2859826603326731
808
0.3321326735253164
809
0.31991202493814164
810
0.20852536458170653
811
0.37009111778360554
812
0.3380987032866961
813
0.5360845654765553
814
0.4172017852012714
815
0.42502814134169775
816
0.82066080152207
817
0.2553114222681642
818
1.0
819
0.3026926435439844
820
1.0
821
0.09716547218188036
822
0.21468316165048362
823
0.383536132952014
824
0.6272517339014033
825
0.3448444257953326
826
0.2492914078067586
827
0.4558012682961964
828
0.14126962459303688
829
0.4700862511507663
830
0.6361254554431539
831
0.16295474901698853
832
0.48814008564767797
833
0.22529816982090817
834
0.3774661667537811
835
0.19029015008374725
836
0.2517380593465423
837
0.33220583067064935
838
0.3669080952972558
839
0.1584178569776253
840
0.39108239379717835
841
0.40525876972054253
842
0.492651198081461
843
0.6039435155169262
844
0.4617366309441026
845
0.3378967942336123
846
0.564636233172196
847
0.22264253654801916
848
0.16392431149564612
849
0.10390302174233562
850
0.29651205474119413
851
0.32523403430389786
852
0.24759284278982716
853
0.29615165360116247
854
1.0
855
1.0
856
0.12811852444549948
857
0.23395542942542516
858
0.42398497922349665
859
0.3714488599832787
860
0.15530491091991064
861
1.0
862
0.0367352656298894
863
0.14991106946711685
864
0.16496095155465285
865
0.1939879985411952
866
0.7422749623712481
867
0.12725469300101427
868
0.28857107301790735
869
0.10393971841058555
870
0.22551212745390725
871
0.5967384019266717
872
0.1883735901575908
873
0.13401100633896074
874
0.29095891113427913
875
0.4861130036519515
876
0.42134591680962064
877
0.2841515563896053
898
0.814244155110613
899
0.42728700639623407
900
0.4093653765389909
901
0.488923022434901
902
0.6434588841607616
903
0.3120097720968457
904
0.1173207666153681
905
0.6051012508914458
906
0.19193675099660645
907
0.34072727225115973
908
0.4552180283295312
909
0.3665882729601239
910
0.3152883359325605
911
0.7788007830714049
912
0.2075274683839683
913
0.3094432273381527
914
0.27531079645769874
915
0.24088562704853508
916
0.5825358474307943
917
0.329340597116918
918
0.27130567714631193
919
0.19304869754804482
920
0.6165472214359354
921
0.4156541319967073
922
0.31314224813827346
923
0.23152244913245562
924
0.7598356856515925
925
0.5709751479957405
926
0.16528787068249237
927
0.10639941410220805
928
0.20593146964017578
929
0.5106442604807365
930
0.4241643415478368
931
0.42074735275213726
932
0.21200626759025185
933
0.26338883758822884
934
0.3114637779265809
935
0.5022573937283119
936
0.21731453066789036
937
0.20623261750702726
938
0.28800248893410607
939
0.4723665527410147
940
0.12988490768135436
941
0.47967644996832093
942
0.4480304273880272
953
0.3715285168505329
954
0.8091067115702213
955
0.9591894571091382
956
0.4029883231412915
957
0.8290291181804004
958
0.30942652482105093
959
0.1483315558752303
960
0.23679902729220806
961
0.4111336169005197
962
0.9146912192286945
972
0.280896815337791
973
0.44560298948747495
974
0.2680165156355779
975
0.14919431164109404
976
0.3132768114661938
977
0.5102761099828095
978
0.2873893378780344
979
0.5565444458829282
980
0.7037973832515161
981
0.2084536703669975
982
0.43527713779415106
983
0.515747921127876
984
0.811936346150635
985
0.5491004867761125
986
0.8364643072929832
987
0.25501472874691195
988
0.22781556051062052
989
0.685431709805029
990
1.0
991
0.3665521457141855
1012
0.49631693606931876
1013
0.7004008265143993
1014
0.5438620584143248
1015
0.2796731342078355
1016
0.16885023000999708
1017
0.14113683173695454
1018
0.3235967571671793
1019
0.9671682101338347
1020
0.5983790078367693
1021
0.29420957081163707
1022
0.32774568052975916
1023
0.2306919080903268
1024
0.23530495254141282
1025
0.3852355651798958
1026
0.3644768624387091
1027
0.24117803988461298
1028
0.1333497993210919
1029
0.25947507140745757
1030
0.20247469739337648
1031
0.5445178846139404
1032
0.15727800941615358
1033
0.4601221424835303
1034
0.4308318504788132
1035
0.5817817333884113
1036
0.3812091008246405
1037
0.951229424500714
1038
0.22894156860669912
1039
0.25965358893403384
1040
0.471241488144874
1041
0.368928914647352
1042
0.37068663817880376
1043
0.09263986277915476
1044
0.22033596789969317
1045
0.3956738376701904
1046
0.5568476251590156
1047
0.12605968092174918
1048
1.0
1049
0.31631566811456013
1050
0.08047193868754535
1051
0.053835351634549874
1052
0.1437931173368141
1053
0.5019724248795792
1054
0.09980099403873663
1055
0.2686424829558855
1056
0.38260294162784475
1057
0.2059018817845789
1058
0.7476743906106103
1059
0.9200444146293233
1060
0.8668778997501817
1061
0.6152707824310674
1072
1.0
1073
0.4192529878952819
1074
0.12144931353724865
1075
0.17878459274600197
1076
0.1615322840648722
1077
0.13888095170058956
1078
0.09461671325360234
1079
0.7252724585373096
1080
0.17242221289766627
1081
0.4576932809985989
1082
0.20384795395264133
1083
0.6059127081811834
1084
0.1801389259099077
1085
0.16637856417794125
1086
0.31708476589333057
1087
0.08736145852441794
1088
0.6236272273677008
1089
0.6786502681586726
1090
0.42794691107478805
1091
0.26091714735908106
1092
0.6845298706468238
1093
0.2821249525006368
1094
0.5646897285222199
1095
1.0
1096
1.0
1097
1.0
1098
0.5448364887050657
1099
0.4497332084013506
1100
0.44833867003844585
1101
0.5160017040263571
1102
0.27482458238859053
1103
0.317223011234793
1104
0.16351542736249863
1105
0.35600242716265507
1106
0.3038270978910181
1107
0.1720971931437425
1108
0.12712954447931898
1109
0.1597357760615681
1110
0.4192061018624393
1111
0.29745557198743494
1112
0.4284122933421897
1113
0.045874545793639476
1114
0.24087156299234644
1115
0.15444453680038256
1116
0.09961008300011717
1117
0.11764069392968202
1118
0.28077595506775915
1119
0.2074921123890892
1120
0.06468490584192432
1121
0.11249634137142181
1122
0.4595569642054761
1123
0.20941084252099135
1124
0.22152795188134583
1125
0.13259953235277283
1126
0.3725875920549361
1127
0.31718096320547995
1128
0.3279447483093207
1129
0.31044186843738636
1130
1.0
1131
0.5107170157010902
1132
0.3312723217585193
1133
0.5462757644646492
1134
0.8633400213704505
1135
0.5384952356064083
1136
0.556717205315772
1137
0.5031747626530138
1138
0.49171964566284676
1139
0.514638435499048
1140
0.35030086581576036
1141
0.21146927711602098
1142
0.611277547391896
1143
0.2332267623203439
1144
0.570434647201574
1145
0.23543565300076152
1146
0.5611661017870316
1147
0.2618225775948002
1148
0.6642653470506328
1149
0.20329767697038822
1150
0.2670704071582495
1151
0.5491276833857994
1152
0.9394130628134758
1153
0.5569799760599948
1154
1.0
1155
0.506133754037733
1156
0.2810335395782485
1157
0.4552180283295312
1158
0.2285209945551997
1159
0.4728765115671552
1160
0.3448444257953326
1161
0.4428500142691474
1162
0.6158787442830632
1163
0.6484115071397645
1164
1.0
1165
0.1018957380867394
1166
0.1757693378151132
1167
0.31346323271716936
1168
0.7506238537503395
1169
0.38799951681884126
1170
0.6389431042462725
1171
0.2534743707366162
1172
0.11339582221952
1173
0.3040052734530821
1174
0.26725803759116623
1175
0.8607079764250579
1176
0.19582121647568482
1177
0.7071067811865475
1178
0.4323133130569576
1179
0.35689978434647
1180
0.7715836115559046
1181
0.13492767333412545
1182
0.46692155979765293
1183
0.576091046275884
1184
0.39325171476950116
1185
0.2663473137364358
1186
0.2336021027784308
1197
0.13492767333412545
1198
0.16108992769687397
1199
0.40602347418509854
1200
0.4194857037418263
1201
0.45895867475168856
1202
0.1269263927722897
1203
0.5951767806359075
1204
0.2954804840666616
1205
0.3495003364166175
1206
0.5743841004562934
1207
0.23403508076413182
1208
0.6689999148329571
1209
0.7578044496119534
1210
0.5133936717724742
1211
0.3956716729452431
1212
0.32536538010746335
1213
0.24824594421525648
1214
0.36962086143411754
1215
0.40252978131698386
1216
0.24335141510099004
1217
0.3530066645908553
1218
0.489857680003784
1219
0.6915172486722349
1220
0.4835329146523588
1221
0.44373612150183994
1222
0.39647887507201673
1223
0.28262502762916974
1224
0.5602926888650678
1225
0.1758818104423744
1226
0.31107972814824386
1227
0.4953341311741628
1228
0.7744031410142033
1229
0.209734257913107
1230
0.5094536286300708
1231
0.355155051342442
1232
0.49009410393069486
1233
0.5120074033660941
1234
0.2110814639641569
1235
0.1173912987104749
1236
0.5271017464925504
1237
0.47354162745994727
1238
0.25843193281707183
1239
0.2807784549381839
1240
0.48382937971793716
1241
0.5111976839283077
1242
0.2889406966065677
1243
0.8584499034359617
1244
0.32466791547509893
1245
0.4681539864636711
1246
0.22033596789969317
1247
0.3227753525055409
1248
0.4699228044218118
1249
0.4551570960928553
1250
0.404949394786753
1251
0.3350655335979074
1252
0.17344707844932963
1253
0.8396883700586242
1254
0.20373092852450556
1255
0.5128176389114459
1256
0.3858790479764306
1257
0.617302869171248
1258
0.3334669316226357
1259
0.23758597346269164
1260
0.249973982503791
1261
0.13134549472120793
1262
0.3870221859000069
1263
0.7307092875631112
1264
0.325909498033977
1265
0.2883864080239272
1266
0.15638350105502152
1267
0.09914175730257913
1268
0.7538663648713653
1269
0.33054467409423116
1270
0.6539656274385427
1271
0.3004998775920296
1272
0.5201338802135471
1273
0.44800119244138564
1274
0.3969668512227079
1275
0.21200626759025185
1276
0.7662320452264391
1277
0.2703951499297413
1278
0.40252978131698386
1279
0.5619947976426023
1280
0.7033686408407427
1281
0.3153478660886584
1282
0.1919563896351848
1283
0.6267179014236826
1284
0.4221430092516547
1285
0.2816178880785651
1286
0.802649977551191
1287
0.47374482934708206
1288
0.912167909070388
1289
0.27218365748912887
1290
0.6751609480994526
1291
0.44516947784422023
1292
0.10074708078532289
1293
0.42728700639623407
1294
0.17747405280050266
1295
0.0692945483088954
1296
0.3784481137591871
1297
0.4683381377985161
1298
0.6238986072117501
1299
0.45686561316853147
1300
0.43559810856883346
1301
0.6340466277046861
1302
0.18279903135575487
1303
0.3756705290709539
1304
0.3552738958526932
1305
0.23783891947249985
1306
0.5
1307
0.6995004294400097
1308
0.4012671145009053
1309
0.3686615500595307
1310
0.4825873018363168
1311
0.24274588585366175
1312
0.068028532292652
1313
0.30780265624637965
1314
0.32466791547509893
1315
0.0895187739051489
1316
0.19640732545025652
1317
0.2231618068926664
1318
0.3644131894061505
1319
0.07438898246274679
1320
0.32466791547509893
1321
0.2302030683299824
1322
0.07986788803078404
1323
0.11044795567078938
1324
0.13573088284676443
1325
0.08099993624607978
1326
0.537284965911771
1327
0.22063120635885589
1328
0.24759284278982716
1329
0.42341975792369335
1330
0.6962269175492563
1331
0.15595257077595953
1332
0.21994586237921107
1333
0.4375186029765575
1334
0.3898938932918353
1335
0.616800579706554
1336
0.07937847308291039
1337
0.6295647131218454
1338
0.7071067811865475
1339
0.09752759118141045
1340
0.7112450965975047
1341
0.19081654556856684
1342
0.14954028068683078
1343
0.32916590239902277
1344
0.7135650476426907
1345
0.26699675743024226
1346
0.29615165360116247
1347
0.5954009370977958
1348
0.42728700639623407
1349
0.5450399014939556
1350
0.12745635606563965
1351
0.6803749333171202
1352
0.14952258667823956
1363
0.23356898886410005
1364
0.46250032357738025
1365
0.5906871848918501
1366
0.7192568195368269
1367
0.4832697830906221
1368
0.09238430210261096
1379
0.37603923055134986
1380
0.397131830462017
1381
0.24477432249222508
1382
0.4578831372133982
1383
0.3627759285058025
1384
0.05386049296449339
1385
0.18444698661672024
1386
0.09437040229621284
1387
0.6964705665515707
1388
0.19640732545025652
1389
0.13129000105405533
1390
0.11016798394984659
1391
0.1275930779469714
1392
0.41722614486115056
1393
0.22177164531085683
1394
0.18285615452966156
1395
0.2705411345269698
1396
0.13753913916670132
1397
0.5909108874622861
1398
0.1883735901575908
1399
0.15911783110981517
1400
0.14863642284783296
1401
0.26269098944241576
1402
0.12857889601577285
1403
0.11765247627070642
1404
0.4841524713034601
1405
0.11251329738544609
1406
0.4795610130126386
1407
0.4043389791226547
1408
0.3492104504926024
1409
0.17388555344196982
1410
0.33370867843195
1411
0.6481388934544839
1412
0.4832697830906221
1413
0.9036020036098448
1414
0.48549177170732344
1415
0.47287080450158786
1416
0.3640355127203112
1417
0.3718364665011568
1418
0.15712333448897067
1419
0.06120014560305914
1420
0.12043578149617326
1421
0.16977244200524874
1422
0.07757152471914053
1423
0.33190807194065386
1424
0.08760802630240859
1425
0.33948562131464316
1426
0.14747364570390475
1427
0.10864891603093389
1437
0.4111336169005197
1438
0.41965971352197884
1439
0.5445966461527925
1440
0.7323436366488648
1441
0.34383482333024723
1442
0.21992062963866632
1443
0.3811228251371368
1444
0.576456535443659
1445
0.4408231875586727
1446
0.6065306597126334
1447
0.8103119092272905
1448
0.2870034421512616
1449
0.40653586301596545
1450
0.10552670315936319
1451
0.08046692387323078
1452
0.21651956746181059
1453
0.6234181304540135
1454
0.41722614486115056
1455
0.48549177170732344
1456
0.45180100180492244
1457
0.4284697776667897
1458
0.0726788421210274
1459
0.4729388001712911
1460
1.0
1461
0.47631009147745074
1462
0.4758733096412523
1463
0.57667922106596
1464
0.40288150051477306
1465
0.4854283866593087
1466
0.3412933822862572
1467
0.29615165360116247
1468
0.6648101654012263
1469
0.2618225775948002
1470
0.691441569283882
1471
1.0
1472
0.3364738299094278
1473
0.3842138674057353
1474
0.1593637958666704
1475
0.8003203203844999
1486
1.0
1487
1.0
1488
0.7165313105737893
1489
0.3688749383601687
1490
1.0
1491
0.3666340989897011
1492
0.3097053129052335
1493
0.1462806365365753
1494
0.6147881529512644
1495
1.0
1506
0.2111583090701355
1507
0.17965205598154216
1508
1.0
1509
0.7377344251633953
1510
0.33573064840973227
1511
0.5253819788848316
1512
0.25725582592645957
1513
1.0
1514
0.08046692387323078
1515
0.157188773630212
1516
0.6676191940689508
1517
0.7071067811865475
1518
0.1951986075896403
1519
0.6907982754678308
1520
0.5386466021318311
1521
0.8181582875370456
1522
1.0
1523
0.3478700554542394
1524
0.14694106251955755
1525
0.9036020036098449
1526
1.0
1527
0.17965205598154216
1528
0.49699918547686045
1529
0.18852104513558068
1530
0.6559965570884768
1531
0.3059304585676472
1532
0.8036254356866669
1533
0.9394130628134758
1534
0.05615572464777597
1535
0.8824969025845955
1546
0.0726788421210274
1547
0.47750342648354643
1548
1.0
1549
0.33813721522658485
1550
0.5109955811291784
1551
0.27944818843024183
1552
0.31553655365257344
1553
1.0
1554
0.6863754788894796
1555
0.9775290462529921
1556
0.11633270842295028
1557
0.3452241166515041
1558
0.19748726924059112
1559
1.0
1560
0.24760870035972943
1561
0.28629446396598046
1562
0.5412047551441964
1563
0.15526797674445034
1564
0.2995197100101508
1565
0.33683029082281474
1566
0.2502447384232383
1567
0.2340471057445847
1568
0.38077363273393894
1569
0.5008718428920987
1570
1.0
1571
0.4286908147626123
1572
0.2751141007427509
1573
0.35651711248465223
1574
0.38835109683956054
1575
0.13947593373284575
1576
0.1568929569261704
1577
0.16786503274731948
1578
0.07809849842300641
1579
0.2395821795409811
1580
0.344013469333379
1581
0.6560137103845688
1582
0.1836028134946796
1583
0.24808415001701817
1584
0.09652434877402245
1585
0.347433051338323
1586
0.17383699257236063
1587
0.6989307622784944
1588
0.2586137698765821
1589
0.8394327083733335
1590
0.4976093899250713
1591
0.8408964152537146
1592
0.2969820632810288
1593
0.39832871551569504
1594
0.0796817868330168
1595
0.42268392163412416
1606
0.40896014720436774
1607
0.30295635409059174
1608
0.5864549435128306
1609
0.5969143438701101
1610
0.3613633132250297
1611
0.7160350546947922
1612
0.3584668928097086
1613
1.0
1614
0.22965033699279608
1615
1.0
1616
0.6976971350046097
1617
0.5713671452149304
1618
0.3009295739656308
1619
0.8694417438899829
1620
0.2841869041789047
1621
0.9591894571091382
1622
1.0
1623
0.33913260910307497
1624
0.26512298021756175
1625
0.5912217887740081
1626
0.3665882729601239
1627
1.0
1628
1.0
1629
0.3613284405728027
1630
0.3904782890354089
1631
0.7659454150944005
1632
0.8408964152537146
1633
0.13910732727119135
1634
0.4559126233298767
1635
0.373664650608344
1636
0.43762174312775437
1637
1.0
1638
0.09313790234210723
1639
0.7492553451352814
1640
0.3641837421429438
1641
0.7952707287670506
1642
0.40256789249406766
1643
0.4775205461960748
1644
0.5475039371251845
1655
0.5041350242010639
1656
0.3376881067290919
1657
0.3967088290836577
1658
0.31340359312641275
1659
0.8408964152537146
1660
1.0
1661
0.4884914562682061
1662
0.40880645193922593
1663
0.7596647779537642
1664
0.1390949070853959
1665
0.26293210120556126
1666
0.23216777010638476
1667
0.7408182206817178
1668
0.2972141383841249
1669
0.3310337985441649
1670
0.7333990376509338
1671
0.2891784933232572
1672
0.6252841934548046
1673
0.9591894571091382
1674
0.11016798394984659