a3kwcqj39dxkt4
441
0.13888095170058956
442
0.05752231462475735
443
0.1413416859292804
444
0.402282038052961
445
0.20787840463993743
446
0.22152051228332495
447
0.797897310670381
448
0.14301057593479638
449
0.09281844047221342
450
0.1580047374760192
451
0.05604233375480576
452
0.09793872448437149
453
0.15382849409645283
462
0.07474875887495341
463
0.13420904209717316
464
0.5186106823194236
465
0.15192864483578503
466
0.06982237992670492
467
0.0732043921959283
468
0.17145958638076067
469
0.14055316318378158
470
0.19024978647674212
471
0.13942846782826177
472
0.04534086576963962
473
0.10791116753589917
474
0.12878847943308713
475
0.3029913730221934
476
0.3422803488747217
477
0.10198363857452523
478
0.08620593525605039
479
0.03275423524401751
480
0.08135956796306242
616
0.3438931217657843
617
0.1789417718072846
618
0.27792746148559566
619
0.322824263213946
620
0.18568614912222337
621
0.049646965515052245
622
0.12837302116298596
623
0.07432998184513635
624
0.26584835766658765
625
0.1872849281806116
626
0.10552670315936319
627
0.5180621672015315
628
0.1783876085186465
734
0.10520528240163757
735
0.10022658483016934
736
0.031047768714974354
893
0.02934391104392735
894
0.5149732203257935
895
0.038465100352002624
929
0.06633564052168701
930
0.019822887458090913
931
0.1494127728350337
1052
0.0367352656298894
1053
0.13134549472120793
1054
0.06413885305524152
1055
0.09652434877402245
1056
0.04027248192421852
1057
0.07536441043261206
1058
0.06754730985503737
1059
0.049932601331374206
1060
0.13355521956713712
1061
0.02708446947532018
1140
0.044301850066587635
1141
0.03118548462350006
1142
0.08862852385249566
1421
0.03049996825525005
1422
0.045764798137282785
1423
0.011441420520620698
1472
0.05144024837413795
1473
0.21210622017268513
1474
0.3084691051414083
1549
0.17727122852412705
1550
0.14421075548052514
1551
0.39201909455408884
1552
0.07835121142803605
1553
0.16390252792963245
1554
0.08544615318279522
1555
0.3475971799192765
1556
0.06542540885608186
1557
0.06216550800233467
1558
0.14892278857753444