evidence of this is israels conduct which does not show any respect for europes conciliatory efforts the proof attitude israel give importance to reconciliation europe israeli that credence peace initiatives result can be seen in government seems find all european attempts at diplomacy irrelevant its reaction who pay an conciliation eu behavior care about from union isreal doesnt provide response countries prove no lift mediatory positive showing and nations leaders do reconcile with has ignored eus diplomatic
evidence of this is israels conduct which does not show any respect for europes conciliatory efforts
0.3478196725612879 0.05249636141236364 0.10709380520925124 0.08167596992716414 0.35001288004949227 0.44373932045117315 0.18847093130313566 0.2621263475745479 0.13378921801483523 0.3044979737762913 0.2214586788219112 0.32393165718979433 0.12066935619640094 0.6449190595054357 0.5582756619354425 0.29859008793303404 0.0 0.0 0.0 0.0 0.0 0.0 0.0 0.0 0.0 0.0 0.0 0.0 0.0 0.0 0.0 0.0 0.0 0.0 0.0 0.0 0.0 0.0 0.0 0.0 0.0 0.0 0.0 0.0 0.0 0.0 0.0 0.0 0.0 0.0 0.0 0.0 0.0 0.0 0.0 0.0 0.0 0.0 0.0 0.0 0.0 0.0 0.0 0.0 0.0 0.0 0.0 0.0 0.0 0.0 0.0 0.0 0.0 0.0 0.0 0.0 0.0
the proof of this is the attitude of israel which does not give any importance to the reconciliation efforts of europe
0.0 0.11999168322825976 0.08159528015942952 0.06222931042069649 0.0 0.0 0.1435969000404843 0.19971531243775079 0.10193464229701732 0.0 0.1687304219595514 0.0 0.0 0.0 0.0 0.22749720985374022 0.06092579883279333 0.2633911052049964 0.315705976093954 0.1598766145798478 0.21015919543011433 0.2877161349081388 0.05142258617672193 0.36241213099927433 0.30413711044584024 0.0 0.0 0.0 0.0 0.0 0.0 0.0 0.0 0.0 0.0 0.0 0.0 0.0 0.0 0.0 0.0 0.0 0.0 0.0 0.0 0.0 0.0 0.0 0.0 0.0 0.0 0.0 0.0 0.0 0.0 0.0 0.0 0.0 0.0 0.0 0.0 0.0 0.0 0.0 0.0 0.0 0.0 0.0 0.0 0.0 0.0 0.0 0.0 0.0 0.0 0.0 0.0
the proof for this is israeli attitude that does not give any credence to the peace initiatives of europe
0.0 0.04420746224199044 0.09018425701831684 0.06877976414919085 0.0 0.0 0.0 0.22073797690488242 0.11266460464407177 0.0 0.1864915190079252 0.0 0.10161629995486395 0.0 0.0 0.0 0.044892693876795085 0.2911164847002592 0.3489381841038439 0.0 0.2322812160017053 0.0 0.05683548998479792 0.0 0.33615154312434975 0.2104177188334941 0.06358286443472631 0.5430897343203669 0.20920129041898103 0.4852680349167821 0.0 0.0 0.0 0.0 0.0 0.0 0.0 0.0 0.0 0.0 0.0 0.0 0.0 0.0 0.0 0.0 0.0 0.0 0.0 0.0 0.0 0.0 0.0 0.0 0.0 0.0 0.0 0.0 0.0 0.0 0.0 0.0 0.0 0.0 0.0 0.0 0.0 0.0 0.0 0.0 0.0 0.0 0.0 0.0 0.0 0.0 0.0
the result can be seen in the attitude of the israeli government which seems to find all european attempts at diplomacy irrelevant
0.0 0.03817917193626447 0.0 0.0 0.0 0.0 0.1370697682204623 0.0 0.0 0.0 0.0 0.0 0.0 0.0 0.0 0.0 0.05815644434039364 0.0 0.3013557044533198 0.0 0.0 0.0 0.04908519589596184 0.0 0.0 0.18172439353801764 0.0 0.0 0.0 0.0 0.23198950883990843 0.14325759432612503 0.09758286117996139 0.2670933497998479 0.046810486475303684 0.1361306539038479 0.25375029562238527 0.25375029562238527 0.14287341993012495 0.23479151625405417 0.3430052831748723 0.1407999933592943 0.3285301135785752 0.4690320432766805 0.0 0.0 0.0 0.0 0.0 0.0 0.0 0.0 0.0 0.0 0.0 0.0 0.0 0.0 0.0 0.0 0.0 0.0 0.0 0.0 0.0 0.0 0.0 0.0 0.0 0.0 0.0 0.0 0.0 0.0 0.0 0.0 0.0
a1wyssw33m2fz2
its evidence is the reaction of israel who does not pay an importance to the conciliation efforts of the eu
0.2782557380490303 0.08399417825978182 0.0 0.06534077594173131 0.0 0.0 0.0 0.2097010780596383 0.10703137441186819 0.0 0.0 0.0 0.0 0.0 0.0 0.23887207034642724 0.063972088774433 0.0 0.0 0.16787044530884018 0.0 0.30210194165354576 0.05399371548555802 0.0 0.0 0.0 0.0 0.0 0.0 0.0 0.0 0.0 0.0 0.0 0.0 0.0 0.0 0.0 0.0 0.0 0.0 0.0 0.0 0.0 0.16569114811870553 0.29094476408783526 0.1472037968434013 0.35114340430413205 0.14751826328877948 0.446620529548354 0.3742745804015377 0.0 0.0 0.0 0.0 0.0 0.0 0.0 0.0 0.0 0.0 0.0 0.0 0.0 0.0 0.0 0.0 0.0 0.0 0.0 0.0 0.0 0.0 0.0 0.0 0.0 0.0
a143bvgouf83je
its proof is the israeli behavior which does not care about the efforts for reconciliation from the european union
0.0 0.0 0.0 0.06877976414919085 0.0 0.0 0.15871236320264057 0.22073797690488242 0.11266460464407177 0.0 0.0 0.0 0.10161629995486395 0.0 0.0 0.2514442845751866 0.06733904081519264 0.2911164847002592 0.0 0.0 0.0 0.0 0.0 0.400560776367619 0.0 0.2104177188334941 0.0 0.0 0.0 0.0 0.0 0.0 0.0 0.0 0.0 0.0 0.0 0.0 0.0 0.27186386092574694 0.0 0.0 0.0 0.0 0.1744117348617953 0.0 0.0 0.0 0.0 0.0 0.0 0.3312291190185169 0.28690371061217834 0.164002302924407 0.1269944547067389 0.2746757118033038 0.0 0.0 0.0 0.0 0.0 0.0 0.0 0.0 0.0 0.0 0.0 0.0 0.0 0.0 0.0 0.0 0.0 0.0 0.0 0.0 0.0
ayowrg5s0py3f
this is the proof of isreal which is doesnt provide any response to the european countries
0.0 0.05249636141236364 0.10709380520925124 0.16335193985432828 0.0 0.0 0.18847093130313566 0.0 0.0 0.0 0.2214586788219112 0.0 0.0 0.0 0.0 0.0 0.05331007397869417 0.3457008255815578 0.0 0.0 0.0 0.0 0.06749214435694753 0.0 0.0 0.0 0.0 0.0 0.0 0.0 0.0 0.0 0.0 0.0 0.0 0.0 0.0 0.0 0.0 0.3228383348493245 0.0 0.0 0.0 0.0 0.0 0.0 0.0 0.0 0.0 0.0 0.0 0.0 0.0 0.0 0.0 0.0 0.47163226436544936 0.38597313910596487 0.36652235348959145 0.3650855086005478 0.23066647349421485 0.0 0.0 0.0 0.0 0.0 0.0 0.0 0.0 0.0 0.0 0.0 0.0 0.0 0.0 0.0 0.0
a8v7wa74iohz9
the prove is the no lift conduct of israel to mediatory efforts of european union
0.0 0.1119922376797091 0.0 0.08712103458897508 0.0 0.4733219418145847 0.0 0.0 0.0 0.0 0.0 0.0 0.0 0.0 0.0 0.3184960937952363 0.05686407891060711 0.0 0.0 0.2238272604117869 0.0 0.0 0.0719916206474107 0.0 0.0 0.0 0.0 0.0 0.0 0.0 0.0 0.0 0.0 0.0 0.0 0.0 0.0 0.0 0.0 0.34436089050594615 0.0 0.0 0.0 0.0 0.0 0.0 0.0 0.0 0.0 0.0 0.0 0.0 0.0 0.0 0.0 0.34792256828418483 0.0 0.0 0.0 0.0 0.0 0.40760082217973365 0.2218965634395393 0.503074415323146 0.614672844227924 0.0 0.0 0.0 0.0 0.0 0.0 0.0 0.0 0.0 0.0 0.0 0.0
a330jjzgjl7ig2
its evidence is the reaction of israel which does not give any importance to the conciliation efforts of the eu
0.2782557380490303 0.08399417825978182 0.0 0.06534077594173131 0.0 0.0 0.15077674504250854 0.2097010780596383 0.10703137441186819 0.0 0.17716694305752895 0.0 0.0 0.0 0.0 0.23887207034642724 0.063972088774433 0.0 0.0 0.16787044530884018 0.22066715520162003 0.30210194165354576 0.05399371548555802 0.0 0.0 0.0 0.0 0.0 0.0 0.0 0.0 0.0 0.0 0.0 0.0 0.0 0.0 0.0 0.0 0.0 0.0 0.0 0.0 0.0 0.16569114811870553 0.29094476408783526 0.0 0.0 0.0 0.446620529548354 0.3742745804015377 0.0 0.0 0.0 0.0 0.0 0.0 0.0 0.0 0.0 0.0 0.0 0.0 0.0 0.0 0.0 0.0 0.0 0.0 0.0 0.0 0.0 0.0 0.0 0.0 0.0 0.0
a1lkw32z4tqsw7
its evidence is the reaction of israel who does not pay an importance to the conciliation efforts of the eu
0.2782557380490303 0.08399417825978182 0.0 0.06534077594173131 0.0 0.0 0.0 0.2097010780596383 0.10703137441186819 0.0 0.0 0.0 0.0 0.0 0.0 0.23887207034642724 0.063972088774433 0.0 0.0 0.16787044530884018 0.0 0.30210194165354576 0.05399371548555802 0.0 0.0 0.0 0.0 0.0 0.0 0.0 0.0 0.0 0.0 0.0 0.0 0.0 0.0 0.0 0.0 0.0 0.0 0.0 0.0 0.0 0.16569114811870553 0.29094476408783526 0.1472037968434013 0.35114340430413205 0.14751826328877948 0.446620529548354 0.3742745804015377 0.0 0.0 0.0 0.0 0.0 0.0 0.0 0.0 0.0 0.0 0.0 0.0 0.0 0.0 0.0 0.0 0.0 0.0 0.0 0.0 0.0 0.0 0.0 0.0 0.0 0.0
a262d9pq8d093q
its evidence is the reaction of israel who does not pay an importance to the conciliation efforts of the eu
0.2782557380490303 0.08399417825978182 0.0 0.06534077594173131 0.0 0.0 0.0 0.2097010780596383 0.10703137441186819 0.0 0.0 0.0 0.0 0.0 0.0 0.23887207034642724 0.063972088774433 0.0 0.0 0.16787044530884018 0.0 0.30210194165354576 0.05399371548555802 0.0 0.0 0.0 0.0 0.0 0.0 0.0 0.0 0.0 0.0 0.0 0.0 0.0 0.0 0.0 0.0 0.0 0.0 0.0 0.0 0.0 0.16569114811870553 0.29094476408783526 0.1472037968434013 0.35114340430413205 0.14751826328877948 0.446620529548354 0.3742745804015377 0.0 0.0 0.0 0.0 0.0 0.0 0.0 0.0 0.0 0.0 0.0 0.0 0.0 0.0 0.0 0.0 0.0 0.0 0.0 0.0 0.0 0.0 0.0 0.0 0.0 0.0
a1dndzlo2d5d48
its proof is the israeli behavior which does not care about the efforts for reconciliation from the european union
0.0 0.0 0.0 0.06877976414919085 0.0 0.0 0.15871236320264057 0.22073797690488242 0.11266460464407177 0.0 0.0 0.0 0.10161629995486395 0.0 0.0 0.2514442845751866 0.06733904081519264 0.2911164847002592 0.0 0.0 0.0 0.0 0.0 0.400560776367619 0.0 0.2104177188334941 0.0 0.0 0.0 0.0 0.0 0.0 0.0 0.0 0.0 0.0 0.0 0.0 0.0 0.27186386092574694 0.0 0.0 0.0 0.0 0.1744117348617953 0.0 0.0 0.0 0.0 0.0 0.0 0.3312291190185169 0.28690371061217834 0.164002302924407 0.1269944547067389 0.2746757118033038 0.0 0.0 0.0 0.0 0.0 0.0 0.0 0.0 0.0 0.0 0.0 0.0 0.0 0.0 0.0 0.0 0.0 0.0 0.0 0.0 0.0
a1e4smxrh1paux
the proof for this is israeli behavior which does not care about the efforts for reconciliation from the european union
0.0 0.0 0.08567504416740099 0.06534077594173131 0.0 0.0 0.15077674504250854 0.2097010780596383 0.10703137441186819 0.0 0.0 0.0 0.1930709699142415 0.0 0.0 0.23887207034642724 0.063972088774433 0.27656066046524624 0.0 0.0 0.0 0.0 0.0 0.38053273754923805 0.0 0.19989683289181942 0.0 0.0 0.0 0.0 0.0 0.0 0.0 0.0 0.0 0.0 0.0 0.0 0.0 0.2582706678794596 0.0 0.0 0.0 0.0 0.0 0.0 0.0 0.0 0.0 0.0 0.0 0.3146676630675911 0.2725585250815694 0.15580218777818666 0.12064473197140195 0.2609419262131386 0.0 0.0 0.0 0.0 0.0 0.0 0.0 0.0 0.0 0.0 0.0 0.0 0.0 0.0 0.0 0.0 0.0 0.0 0.0 0.0 0.0
a3ng7x4apiv649
this is proof positive showing israel and the nations leaders do not care about any efforts to reconcile with the european union
0.0 0.0 0.07788640378854636 0.05940070540157392 0.0 0.0 0.0 0.0 0.09730124946533471 0.0 0.1610608573250263 0.0 0.0 0.0 0.0 0.21715642758766113 0.03877096289359576 0.25141878224113295 0.0 0.15260949573530927 0.0 0.0 0.04908519589596184 0.0 0.0 0.0 0.0 0.0 0.0 0.0 0.0 0.0 0.0 0.0 0.0 0.0 0.0 0.0 0.0 0.23479151625405417 0.0 0.0 0.0 0.0 0.0 0.0 0.0 0.0 0.0 0.0 0.0 0.0 0.24778047734688127 0.14163835252562423 0.0 0.23721993292103513 0.0 0.0 0.0 0.0 0.0 0.0 0.0 0.0 0.0 0.3227195057826714 0.2950028888908125 0.04518022908192236 0.2039464761274297 0.20011376770361525 0.14717441160891767 0.39587577452967593 0.10683570236701154 0.0 0.0 0.0 0.0
a18w8cd53dji9q
this is the proof of isreal which doesnt provide any response to the european countries
0.0 0.05599611883985455 0.11423339222320132 0.08712103458897508 0.0 0.0 0.20103566005667803 0.0 0.0 0.0 0.23622259074337196 0.0 0.0 0.0 0.0 0.0 0.05686407891060711 0.368747547286995 0.0 0.0 0.0 0.0 0.0719916206474107 0.0 0.0 0.0 0.0 0.0 0.0 0.0 0.0 0.0 0.0 0.0 0.0 0.0 0.0 0.0 0.0 0.34436089050594615 0.0 0.0 0.0 0.0 0.0 0.0 0.0 0.0 0.0 0.0 0.0 0.0 0.0 0.0 0.0 0.0 0.503074415323146 0.4117046817130292 0.3909571770555642 0.38942454250725095 0.24604423839382916 0.0 0.0 0.0 0.0 0.0 0.0 0.0 0.0 0.0 0.0 0.0 0.0 0.0 0.0 0.0 0.0
a2u70ov2bw11tg
this is the proof of israel which is doesnt provide any response to the european countries
0.0 0.05249636141236364 0.10709380520925124 0.16335193985432828 0.0 0.0 0.18847093130313566 0.0 0.0 0.0 0.2214586788219112 0.0 0.0 0.0 0.0 0.0 0.05331007397869417 0.3457008255815578 0.0 0.20983805663605024 0.0 0.0 0.06749214435694753 0.0 0.0 0.0 0.0 0.0 0.0 0.0 0.0 0.0 0.0 0.0 0.0 0.0 0.0 0.0 0.0 0.3228383348493245 0.0 0.0 0.0 0.0 0.0 0.0 0.0 0.0 0.0 0.0 0.0 0.0 0.0 0.0 0.0 0.0 0.0 0.38597313910596487 0.36652235348959145 0.3650855086005478 0.23066647349421485 0.0 0.0 0.0 0.0 0.0 0.0 0.0 0.0 0.0 0.0 0.0 0.0 0.0 0.0 0.0 0.0
a1dndzlo2d5d48
this is the proof of isreal which is doesnt provide any response to the european countries
0.0 0.05249636141236364 0.10709380520925124 0.16335193985432828 0.0 0.0 0.18847093130313566 0.0 0.0 0.0 0.2214586788219112 0.0 0.0 0.0 0.0 0.0 0.05331007397869417 0.3457008255815578 0.0 0.0 0.0 0.0 0.06749214435694753 0.0 0.0 0.0 0.0 0.0 0.0 0.0 0.0 0.0 0.0 0.0 0.0 0.0 0.0 0.0 0.0 0.3228383348493245 0.0 0.0 0.0 0.0 0.0 0.0 0.0 0.0 0.0 0.0 0.0 0.0 0.0 0.0 0.0 0.0 0.47163226436544936 0.38597313910596487 0.36652235348959145 0.3650855086005478 0.23066647349421485 0.0 0.0 0.0 0.0 0.0 0.0 0.0 0.0 0.0 0.0 0.0 0.0 0.0 0.0 0.0 0.0
a3ohqrf1mdq99b
the proof is that israel has ignored the eus diplomatic efforts
0.0 0.0 0.0 0.11880141080314784 0.0 0.0 0.0 0.0 0.0 0.0 0.0 0.0 0.0 0.0 0.0 0.43431285517532225 0.07754192578719152 0.5028375644822659 0.0 0.30521899147061854 0.0 0.0 0.0 0.0 0.0 0.0 0.1098249476599818 0.0 0.0 0.0 0.0 0.0 0.0 0.0 0.0 0.0 0.0 0.0 0.0 0.0 0.0 0.0 0.0 0.0 0.0 0.0 0.0 0.0 0.0 0.0 0.0 0.0 0.0 0.0 0.0 0.0 0.0 0.0 0.0 0.0 0.0 0.0 0.0 0.0 0.0 0.0 0.0 0.0 0.0 0.0 0.0 0.0 0.0 0.18661796526647487 0.575429173229336 0.8750507065024569 0.5385687088558666
