when they pause there is rest if dont rain become contentment stop are the inner peace it stops patience no movement stays then its whichever comes to a standstill tranquility as stay has really been whatever things come
when they pause there is rest
0.5428950975294221 0.4306181263440316 1.3954658005052762 0.4773308337871616 0.2178025864724377 1.0549534842537827 0.0 0.0 0.0 0.0 0.0 0.0 0.0 0.0 0.0 0.0 0.0 0.0 0.0 0.0 0.0 0.0 0.0 0.0 0.0 0.0 0.0 0.0 0.0 0.0 0.0 0.0 0.0 0.0 0.0 0.0 0.0 0.0
if they dont rain they become contentment
0.0 0.7382025023040543 0.0 0.0 0.0 0.0 0.43127251218983 0.6759223276695315 1.039168930623364 0.6019873885245693 1.474100707440996 0.0 0.0 0.0 0.0 0.0 0.0 0.0 0.0 0.0 0.0 0.0 0.0 0.0 0.0 0.0 0.0 0.0 0.0 0.0 0.0 0.0 0.0 0.0 0.0 0.0 0.0 0.0
when they stop they are the inner peace
0.4071713231470666 0.6459271895160474 0.0 0.0 0.0 0.0 0.0 0.0 0.0 0.0 0.0 0.5760347418390126 0.2632670692316033 0.05331007397869417 1.1525115829273576 0.49685306474507995 0.0 0.0 0.0 0.0 0.0 0.0 0.0 0.0 0.0 0.0 0.0 0.0 0.0 0.0 0.0 0.0 0.0 0.0 0.0 0.0 0.0 0.0
if it stops it is patience
0.0 0.0 0.0 0.0 0.2178025864724377 0.0 0.5031512642214683 0.0 0.0 0.0 0.0 0.0 0.0 0.0 0.0 0.0 0.6750518123422085 1.2290443288200883 1.6042596285878377 0.0 0.0 0.0 0.0 0.0 0.0 0.0 0.0 0.0 0.0 0.0 0.0 0.0 0.0 0.0 0.0 0.0 0.0 0.0
a3dd3acpmvdvca
when it stops there is no movement
0.465338655025219 0.0 0.0 0.40914071467470997 0.18668793126208946 0.0 0.0 0.0 0.0 0.0 0.0 0.0 0.0 0.0 0.0 0.0 0.2893079195752322 1.0534665675600758 0.0 0.47549263594186997 0.7987595904820901 0.0 0.0 0.0 0.0 0.0 0.0 0.0 0.0 0.0 0.0 0.0 0.0 0.0 0.0 0.0 0.0 0.0
a143bvgouf83je
if it stays then its peace
0.0 0.0 0.0 0.0 0.0 0.0 0.5031512642214683 0.0 0.0 0.0 0.0 0.0 0.0 0.0 0.0 0.6624707529934399 0.33752590617110423 0.0 0.0 0.0 0.0 1.292292599104239 0.5822074859719439 0.5523038270623518 0.0 0.0 0.0 0.0 0.0 0.0 0.0 0.0 0.0 0.0 0.0 0.0 0.0 0.0
a172x4w90uost1
whichever comes to a standstill is tranquility
0.0 0.0 0.0 0.0 0.18668793126208946 0.0 0.0 0.0 0.0 0.0 0.0 0.0 0.0 0.0 0.0 0.0 0.0 0.0 0.0 0.0 0.0 0.0 0.0 0.0 1.0780166042638843 0.7854890552117049 0.15426775853016578 0.20255476388167762 1.1961135432902368 1.1451599798704177 0.0 0.0 0.0 0.0 0.0 0.0 0.0 0.0
a1aczgd5azz3r7
as the stay has really been
0.0 0.0 0.0 0.0 0.0 0.0 0.0 0.0 0.0 0.0 0.0 0.0 0.0 0.07108009863825888 0.0 0.0 0.0 0.0 0.0 0.0 0.0 0.0 0.0 0.0 0.0 0.0 0.0 0.0 0.0 0.0 0.4392168785055241 0.9833107240483955 0.3421329363218706 0.9853309508037863 0.4907838487894684 0.0 0.0 0.0
a143awku99stc9
when it stops there is no movement
0.465338655025219 0.0 0.0 0.40914071467470997 0.18668793126208946 0.0 0.0 0.0 0.0 0.0 0.0 0.0 0.0 0.0 0.0 0.0 0.2893079195752322 1.0534665675600758 0.0 0.47549263594186997 0.7987595904820901 0.0 0.0 0.0 0.0 0.0 0.0 0.0 0.0 0.0 0.0 0.0 0.0 0.0 0.0 0.0 0.0 0.0
a1wgq344wqriu5
when it stops there is no movement
0.465338655025219 0.0 0.0 0.40914071467470997 0.18668793126208946 0.0 0.0 0.0 0.0 0.0 0.0 0.0 0.0 0.0 0.0 0.0 0.2893079195752322 1.0534665675600758 0.0 0.47549263594186997 0.7987595904820901 0.0 0.0 0.0 0.0 0.0 0.0 0.0 0.0 0.0 0.0 0.0 0.0 0.0 0.0 0.0 0.0 0.0
a1dndzlo2d5d48
when it stops there is no movement
0.465338655025219 0.0 0.0 0.40914071467470997 0.18668793126208946 0.0 0.0 0.0 0.0 0.0 0.0 0.0 0.0 0.0 0.0 0.0 0.2893079195752322 1.0534665675600758 0.0 0.47549263594186997 0.7987595904820901 0.0 0.0 0.0 0.0 0.0 0.0 0.0 0.0 0.0 0.0 0.0 0.0 0.0 0.0 0.0 0.0 0.0
a3andctf0w1pqd
if it stays then it is peace
0.0 0.0 0.0 0.0 0.18668793126208946 0.0 0.43127251218983 0.0 0.0 0.0 0.0 0.0 0.0 0.0 0.0 0.5678320739943771 0.5786158391504644 0.0 0.0 0.0 0.0 1.1076793706607764 0.49903498797595197 0.0 0.0 0.0 0.0 0.0 0.0 0.0 0.0 0.0 0.0 0.0 0.0 0.0 0.0 0.0
a6tw9zegog7ph
if it stays then its peace
0.0 0.0 0.0 0.0 0.0 0.0 0.5031512642214683 0.0 0.0 0.0 0.0 0.0 0.0 0.0 0.0 0.6624707529934399 0.33752590617110423 0.0 0.0 0.0 0.0 1.292292599104239 0.5822074859719439 0.5523038270623518 0.0 0.0 0.0 0.0 0.0 0.0 0.0 0.0 0.0 0.0 0.0 0.0 0.0 0.0
a2qxd8jqk5bvez
if it stays then its peace
0.0 0.0 0.0 0.0 0.0 0.0 0.5031512642214683 0.0 0.0 0.0 0.0 0.0 0.0 0.0 0.0 0.6624707529934399 0.33752590617110423 0.0 0.0 0.0 0.0 1.292292599104239 0.5822074859719439 0.5523038270623518 0.0 0.0 0.0 0.0 0.0 0.0 0.0 0.0 0.0 0.0 0.0 0.0 0.0 0.0
a330jjzgjl7ig2
whatever comes to a standstill is tranquility
0.0 0.0 0.0 0.0 0.18668793126208946 0.0 0.0 0.0 0.0 0.0 0.0 0.0 0.0 0.0 0.0 0.0 0.0 0.0 0.0 0.0 0.0 0.0 0.0 0.0 0.0 0.7854890552117049 0.15426775853016578 0.20255476388167762 1.1961135432902368 1.1451599798704177 0.0 0.0 0.0 0.0 0.0 0.7722928666215598 0.0 0.0
a2zhr3rebfem5a
as things come to a standstill there is tranquility
0.0 0.0 0.0 0.31822055585810777 0.14520172431495848 0.0 0.0 0.0 0.0 0.0 0.0 0.0 0.0 0.0 0.0 0.0 0.0 0.0 0.0 0.0 0.0 0.0 0.0 0.0 0.0 0.0 0.11998603441235117 0.1575425941301937 0.9303105336701842 0.8906799843436582 0.29281125233701605 0.0 0.0 0.0 0.0 0.0 0.6023183502373399 0.4876795342996751
a230hf2okthmdz
whatever comes to a standstill is tranquility
0.0 0.0 0.0 0.0 0.18668793126208946 0.0 0.0 0.0 0.0 0.0 0.0 0.0 0.0 0.0 0.0 0.0 0.0 0.0 0.0 0.0 0.0 0.0 0.0 0.0 0.0 0.7854890552117049 0.15426775853016578 0.20255476388167762 1.1961135432902368 1.1451599798704177 0.0 0.0 0.0 0.0 0.0 0.7722928666215598 0.0 0.0
aonmraht4motn
as the stay has really been
0.0 0.0 0.0 0.0 0.0 0.0 0.0 0.0 0.0 0.0 0.0 0.0 0.0 0.07108009863825888 0.0 0.0 0.0 0.0 0.0 0.0 0.0 0.0 0.0 0.0 0.0 0.0 0.0 0.0 0.0 0.0 0.4392168785055241 0.9833107240483955 0.3421329363218706 0.9853309508037863 0.4907838487894684 0.0 0.0 0.0
