even though former american president george w bushs policies have faced criticism although the of bush always been criticized had in face while previous us as such presidents were subject to previously he criticize facing addition meanwhile
even though former american president george w bushs policies have faced criticism
0.3050578255180185 0.4659430944478859 0.44289655384512594 0.2616799556936059 0.23150695195248486 0.43541289594001736 0.5372919950982566 0.4867806781340637 0.46093443410874374 0.1906641689990358 0.5133184890606083 0.5589822532868955 0.0 0.0 0.0 0.0 0.0 0.0 0.0 0.0 0.0 0.0 0.0 0.0 0.0 0.0 0.0 0.0 0.0 0.0 0.0 0.0 0.0 0.0 0.0 0.0 0.0
although the policies of the former american president george w bush have always been criticized
0.0 0.0 0.35431724307610074 0.20934396455488474 0.1852055615619879 0.34833031675201387 0.42983359607860533 0.0 0.368747547286995 0.15253133519922862 0.0 0.0 0.34751729854575936 0.05686407891060711 0.05599611883985455 0.26510556889105463 0.34208794308308105 0.19631353951578737 0.43123715669179413 0.0 0.0 0.0 0.0 0.0 0.0 0.0 0.0 0.0 0.0 0.0 0.0 0.0 0.0 0.0 0.0 0.0 0.0
although former american president george bushs policies had been in the face of criticism
0.0 0.0 0.3796256175815365 0.22429710488023363 0.19843453024498703 0.373211053662872 0.0 0.4172405812577689 0.39508665780749463 0.0 0.0 0.4791276456744819 0.3723399627275993 0.030462899416396665 0.05999584161412987 0.0 0.0 0.21033593519548646 0.0 0.24722792068154145 0.07355933588976293 0.3441033386815889 0.0 0.0 0.0 0.0 0.0 0.0 0.0 0.0 0.0 0.0 0.0 0.0 0.0 0.0 0.0
while the previous us president george bushs policies had been criticized
0.0 0.0 0.0 0.0 0.2525530384936199 0.47499588648001895 0.0 0.5310334670553423 0.5028375644822659 0.0 0.0 0.0 0.0 0.03877096289359576 0.0 0.0 0.0 0.26770028115789185 0.5880506682160829 0.31465371723105273 0.0 0.0 0.3647663331944505 0.5518372463670557 0.3325572547497532 0.0 0.0 0.0 0.0 0.0 0.0 0.0 0.0 0.0 0.0 0.0 0.0
a3dd3acpmvdvca
as such the previous american presidents policies were subject to criticism
0.0 0.0 0.0 0.2854690425748428 0.0 0.0 0.0 0.0 0.5028375644822659 0.0 0.0 0.6097988217675224 0.0 0.03877096289359576 0.0 0.0 0.0 0.0 0.0 0.0 0.0 0.0 0.0 0.5518372463670557 0.0 0.23957284282119495 0.35836163674439486 0.6753030176537096 0.26832980838235987 0.6174858570428008 0.09817039179192368 0.0 0.0 0.0 0.0 0.0 0.0
amwxjmcv94h5s
previously he criticize bush policies
0.0 0.0 0.0 0.0 0.0 0.0 0.0 0.0 1.106242641860985 0.0 0.0 0.0 0.0 0.0 0.0 0.7953167066731639 0.0 0.0 0.0 0.0 0.0 0.0 0.0 0.0 0.0 0.0 0.0 0.0 0.0 0.0 0.0 1.3526713781195112 0.47498445192566907 1.647852682081427 0.0 0.0 0.0
a143bvgouf83je
although the policies of former american president george w bush have been facing criticism
0.0 0.0 0.3796256175815365 0.22429710488023363 0.19843453024498703 0.373211053662872 0.4605359957985057 0.0 0.39508665780749463 0.1634264305706021 0.0 0.4791276456744819 0.3723399627275993 0.030462899416396665 0.05999584161412987 0.2840416809547014 0.0 0.21033593519548646 0.0 0.0 0.0 0.0 0.0 0.0 0.0 0.0 0.0 0.0 0.0 0.0 0.0 0.0 0.0 0.0 0.3882787878214714 0.0 0.0
a3kwcqj39dxkt4
the policies of the former american president george w bush faced criticism
0.0 0.0 0.44289655384512594 0.2616799556936059 0.23150695195248486 0.43541289594001736 0.5372919950982566 0.0 0.46093443410874374 0.0 0.5133184890606083 0.5589822532868955 0.0 0.07108009863825888 0.06999514854981818 0.3313819611138183 0.0 0.0 0.0 0.0 0.0 0.0 0.0 0.0 0.0 0.0 0.0 0.0 0.0 0.0 0.0 0.0 0.0 0.0 0.0 0.0 0.0
a2eldzaxlm8quo
as such the previous american presidents policies were subject to criticism
0.0 0.0 0.0 0.2854690425748428 0.0 0.0 0.0 0.0 0.5028375644822659 0.0 0.0 0.6097988217675224 0.0 0.03877096289359576 0.0 0.0 0.0 0.0 0.0 0.0 0.0 0.0 0.0 0.5518372463670557 0.0 0.23957284282119495 0.35836163674439486 0.6753030176537096 0.26832980838235987 0.6174858570428008 0.09817039179192368 0.0 0.0 0.0 0.0 0.0 0.0
a1kf7gs7yulm10
as such the previous american presidents policies were subject to criticism
0.0 0.0 0.0 0.2854690425748428 0.0 0.0 0.0 0.0 0.5028375644822659 0.0 0.0 0.6097988217675224 0.0 0.03877096289359576 0.0 0.0 0.0 0.0 0.0 0.0 0.0 0.0 0.0 0.5518372463670557 0.0 0.23957284282119495 0.35836163674439486 0.6753030176537096 0.26832980838235987 0.6174858570428008 0.09817039179192368 0.0 0.0 0.0 0.0 0.0 0.0
a2bk4fasw056jr
in addition the previous american presidents policies were subject to criticism
0.0 0.0 0.0 0.2854690425748428 0.0 0.0 0.0 0.0 0.5028375644822659 0.0 0.0 0.6097988217675224 0.0 0.03877096289359576 0.0 0.0 0.0 0.0 0.0 0.0 0.09362097295060737 0.0 0.0 0.5518372463670557 0.0 0.0 0.0 0.6753030176537096 0.26832980838235987 0.6174858570428008 0.09817039179192368 0.0 0.0 0.0 0.0 0.5396980288557354 0.0
a3m4exda4ue7bp
previously he criticized bushs policies
0.0 0.0 0.0 0.0 0.0 0.0 0.0 1.168273627521753 1.106242641860985 0.0 0.0 0.0 0.0 0.0 0.0 0.0 0.0 0.0 1.2937114700753825 0.0 0.0 0.0 0.0 0.0 0.0 0.0 0.0 0.0 0.0 0.0 0.0 1.3526713781195112 0.47498445192566907 0.0 0.0 0.0 0.0
a1395pss402i1j
previously he criticized bushs policies
0.0 0.0 0.0 0.0 0.0 0.0 0.0 1.168273627521753 1.106242641860985 0.0 0.0 0.0 0.0 0.0 0.0 0.0 0.0 0.0 1.2937114700753825 0.0 0.0 0.0 0.0 0.0 0.0 0.0 0.0 0.0 0.0 0.0 0.0 1.3526713781195112 0.47498445192566907 0.0 0.0 0.0 0.0
a3qu3km3iywhif
previously he criticized bushs policies
0.0 0.0 0.0 0.0 0.0 0.0 0.0 1.168273627521753 1.106242641860985 0.0 0.0 0.0 0.0 0.0 0.0 0.0 0.0 0.0 1.2937114700753825 0.0 0.0 0.0 0.0 0.0 0.0 0.0 0.0 0.0 0.0 0.0 0.0 1.3526713781195112 0.47498445192566907 0.0 0.0 0.0 0.0
a291u81kgj6l9n
the policies of former american president george w bush have been facing criticism
0.0 0.0 0.40882758816473164 0.2415507283325593 0.2136987248792168 0.4019195962523237 0.49596184162915996 0.0 0.4254779391773019 0.17599769446064842 0.0 0.5159836184186728 0.0 0.0328061993715041 0.06461090635367833 0.30589104102813996 0.0 0.22651562251821616 0.0 0.0 0.0 0.0 0.0 0.0 0.0 0.0 0.0 0.0 0.0 0.0 0.0 0.0 0.0 0.0 0.41814638688466155 0.0 0.0
a3qu3km3iywhif
though the policies of former american president george w bush have been facing criticism
0.0 0.39937979524104505 0.3796256175815365 0.22429710488023363 0.19843453024498703 0.373211053662872 0.4605359957985057 0.0 0.39508665780749463 0.1634264305706021 0.0 0.4791276456744819 0.0 0.030462899416396665 0.05999584161412987 0.2840416809547014 0.0 0.21033593519548646 0.0 0.0 0.0 0.0 0.0 0.0 0.0 0.0 0.0 0.0 0.0 0.0 0.0 0.0 0.0 0.0 0.3882787878214714 0.0 0.0
a2ylf04uakyvf1
meanwhile the policies of former american president george w bush have been facing criticism
0.0 0.0 0.3796256175815365 0.22429710488023363 0.19843453024498703 0.373211053662872 0.4605359957985057 0.0 0.39508665780749463 0.1634264305706021 0.0 0.4791276456744819 0.0 0.030462899416396665 0.05999584161412987 0.2840416809547014 0.0 0.21033593519548646 0.0 0.0 0.0 0.0 0.0 0.0 0.0 0.0 0.0 0.0 0.0 0.0 0.0 0.0 0.0 0.0 0.3882787878214714 0.0 0.4053081466389713
a477wg206bmm6
the policies of the former american president george w bush faced criticism
0.0 0.0 0.44289655384512594 0.2616799556936059 0.23150695195248486 0.43541289594001736 0.5372919950982566 0.0 0.46093443410874374 0.0 0.5133184890606083 0.5589822532868955 0.0 0.07108009863825888 0.06999514854981818 0.3313819611138183 0.0 0.0 0.0 0.0 0.0 0.0 0.0 0.0 0.0 0.0 0.0 0.0 0.0 0.0 0.0 0.0 0.0 0.0 0.0 0.0 0.0
