but until an iron axe is given a handle the cannot cut wing as long not fixed to it even feather blade of isnt connected cant without proper support woodenhandled wont be able chop off metal has grip attached till then wings ax fitted with wooden wood does have if doesnt contains handleit can any thing used unless no anything
but until an iron axe is given a handle the axe cannot cut a wing
0.17410948644776653 0.3025307624196428 0.19669101771837263 0.5581863202021106 1.0239530163295616 0.08712103458897508 0.293500192631969 0.18905111295623245 0.4568646032858163 0.028432039455303555 0.3499867166577826 0.4284589769317562 0.5414320249833834 0.0 0.0 0.0 0.0 0.0 0.0 0.0 0.0 0.0 0.0 0.0 0.0 0.0 0.0 0.0 0.0 0.0 0.0 0.0 0.0 0.0 0.0 0.0 0.0 0.0 0.0 0.0 0.0 0.0 0.0 0.0 0.0 0.0 0.0 0.0 0.0 0.0 0.0 0.0 0.0 0.0 0.0 0.0 0.0 0.0 0.0 0.0
but as long as a handle is not fixed to an axe it cannot cut even a feather
0.14509123870647211 0.0 0.1639091814319772 0.0 0.42664709013731733 0.07260086215747924 0.0 0.1575425941301937 0.38072050273818026 0.0 0.2916555972148188 0.3570491474431302 0.0 0.29281125233701605 0.26607088136530815 0.11892374934652021 0.430764199701413 0.059993017206175586 0.11250863539036808 0.203371883678679 0.5122273701899367 0.0 0.0 0.0 0.0 0.0 0.0 0.0 0.0 0.0 0.0 0.0 0.0 0.0 0.0 0.0 0.0 0.0 0.0 0.0 0.0 0.0 0.0 0.0 0.0 0.0 0.0 0.0 0.0 0.0 0.0 0.0 0.0 0.0 0.0 0.0 0.0 0.0 0.0 0.0
but as long as the blade of an axe isnt connected to a handle it cant cut a feather
0.13745485772192093 0.0 0.15528238240924155 0.0 0.4041919801300901 0.0 0.0 0.1492508786496572 0.3606825815414339 0.022446346938397543 0.0 0.3382570870513865 0.0 0.2774001337929626 0.25206715076713404 0.0 0.0 0.05683548998479792 0.10658712826455922 0.0 0.4852680349167821 0.5430897343203669 0.04420746224199044 0.3559661521367135 0.3939732425279344 0.29290077689371613 0.0 0.0 0.0 0.0 0.0 0.0 0.0 0.0 0.0 0.0 0.0 0.0 0.0 0.0 0.0 0.0 0.0 0.0 0.0 0.0 0.0 0.0 0.0 0.0 0.0 0.0 0.0 0.0 0.0 0.0 0.0 0.0 0.0 0.0
without the proper support a woodenhandled axe wont be able to chop off a feather
0.0 0.0 0.0 0.0 0.5119765081647808 0.0 0.0 0.18905111295623245 0.0 0.028432039455303555 0.0 0.0 0.0 0.0 0.0 0.0 0.0 0.0719916206474107 0.0 0.0 0.614672844227924 0.0 0.0 0.0 0.0 0.0 0.3139488771268007 0.44198836653153567 0.3151811981050743 0.6879136634724647 0.44367622039715493 0.14312152973061001 0.36139101014240393 0.5684630321905944 0.3751571379905218 0.0 0.0 0.0 0.0 0.0 0.0 0.0 0.0 0.0 0.0 0.0 0.0 0.0 0.0 0.0 0.0 0.0 0.0 0.0 0.0 0.0 0.0 0.0 0.0 0.0
a2qlm59qc9g1uf
until the metal of the axe has a grip attached to it till then it cannot chop off the wings
0.0 0.22689807181473207 0.0 0.0 0.38398238112358557 0.0 0.0 0.07089416735858717 0.0 0.063972088774433 0.26249003749333694 0.0 0.0 0.0 0.0 0.0 0.0 0.05399371548555802 0.20251554370266253 0.0 0.0 0.0 0.04199708912989091 0.0 0.0 0.0 0.0 0.0 0.0 0.0 0.0 0.0 0.0 0.42634727414294576 0.28136785349289134 0.446620529548354 0.10263988089656118 0.3381678445298778 0.41196317052035675 0.278688641186186 0.17466224579158318 0.446620529548354 0.0 0.0 0.0 0.0 0.0 0.0 0.0 0.0 0.0 0.0 0.0 0.0 0.0 0.0 0.0 0.0 0.0 0.0
a3dd3acpmvdvca
but until the iron ax is not fitted with a wooden handle it cannot cut a wing
0.15362601745391163 0.26693890801733183 0.0 0.4925173413548034 0.0 0.07687150110791918 0.0 0.16680980554961686 0.40311582642866145 0.02508709363703255 0.30881180881569054 0.37805203846919666 0.4777341396912207 0.0 0.0 0.12591926401396258 0.0 0.0 0.11912679041333091 0.0 0.0 0.0 0.0 0.0 0.0 0.0 0.0 0.0 0.0 0.0 0.0 0.0 0.0 0.0 0.0 0.0 0.0 0.0 0.0 0.0 0.0 0.0 0.5254359171157106 0.5254359171157106 0.13825796776907376 0.4846625535533609 0.0 0.0 0.0 0.0 0.0 0.0 0.0 0.0 0.0 0.0 0.0 0.0 0.0 0.0
a2de039cxxjuga
an axe cant cut the wood until it does not have wooden handle
0.0 0.34907395663804935 0.22695117429042996 0.0 0.5907421248055162 0.0 0.0 0.0 0.5271514653297881 0.0328061993715041 0.0 0.4943757426135649 0.0 0.0 0.0 0.16466365294133567 0.0 0.0 0.15578118746358657 0.0 0.0 0.0 0.0 0.0 0.0 0.428085750844662 0.0 0.0 0.0 0.0 0.0 0.0 0.0 0.0 0.0 0.0 0.0 0.0 0.0 0.0 0.0 0.0 0.0 0.0 0.0 0.6337894931082412 0.6871085069974677 0.32261704316867434 0.17599769446064842 0.0 0.0 0.0 0.0 0.0 0.0 0.0 0.0 0.0 0.0 0.0
a1u0z1mafqeh9y
but if the iron axe doesnt contains the handleit can cut any thing
0.20089556128588446 0.0 0.0 0.6440611386947429 0.5907421248055162 0.0 0.0 0.0 0.0 0.0656123987430082 0.0 0.4943757426135649 0.0 0.0 0.0 0.0 0.0 0.0 0.0 0.0 0.0 0.0 0.0 0.0 0.0 0.0 0.0 0.0 0.0 0.0 0.0 0.0 0.0 0.0 0.0 0.0 0.0 0.0 0.0 0.0 0.0 0.0 0.0 0.0 0.0 0.0 0.0 0.0 0.0 0.23222366040990844 0.4750438635150337 0.5804704792190146 0.7404275208866943 0.2424359288595962 0.2725645277808138 0.40529607267980255 0.0 0.0 0.0 0.0
au2ar4vob7vlv
until the metal of the axe has a grip attached to it it cannot chop off the wings
0.0 0.2521089686830356 0.0 0.0 0.42664709013731733 0.0 0.0 0.07877129706509685 0.0 0.07108009863825888 0.2916555972148188 0.0 0.0 0.0 0.0 0.0 0.0 0.059993017206175586 0.22501727078073616 0.0 0.0 0.0 0.04666343236654546 0.0 0.0 0.0 0.0 0.0 0.0 0.0 0.0 0.0 0.0 0.47371919349216196 0.3126309483254348 0.49624503283150445 0.1140443121072902 0.375742049477642 0.4577368561337297 0.0 0.0 0.49624503283150445 0.0 0.0 0.0 0.0 0.0 0.0 0.0 0.0 0.0 0.0 0.0 0.0 0.0 0.0 0.0 0.0 0.0 0.0
a143awku99stc9
until the grip is attached to the metal axe it cant be used to chop off wings
0.0 0.26693890801733183 0.0 0.0 0.4517439777924536 0.07687150110791918 0.0 0.0 0.0 0.0501741872740651 0.0 0.0 0.0 0.0 0.0 0.0 0.0 0.1270440364366071 0.11912679041333091 0.0 0.0 0.0 0.0 0.0 0.0 0.3273596918223886 0.0 0.0 0.0 0.0 0.0 0.12628370270347944 0.0 0.5015850284034656 0.3310210041092839 0.5254359171157106 0.0 0.39784452297632683 0.4846625535533609 0.0 0.0 0.5254359171157106 0.0 0.0 0.0 0.0 0.0 0.0 0.0 0.0 0.0 0.0 0.0 0.0 0.0 0.0 0.27285484370999435 0.0 0.0 0.0
aclg2ttpdpj36
until the metal of the axe has a handle attached it cannot chop off the wings
0.0 0.2836225897684151 0.0 0.0 0.479977976404482 0.0 0.0 0.08861770919823396 0.4283105655804528 0.07996511096804125 0.3281125468666712 0.0 0.0 0.0 0.0 0.0 0.0 0.0 0.12657221481416409 0.0 0.0 0.0 0.05249636141236364 0.0 0.0 0.0 0.0 0.0 0.0 0.0 0.0 0.0 0.0 0.5329340926786822 0.3517098168661142 0.5582756619354425 0.12829985112070147 0.0 0.514953963150446 0.0 0.0 0.5582756619354425 0.0 0.0 0.0 0.0 0.0 0.0 0.0 0.0 0.0 0.0 0.0 0.0 0.0 0.0 0.0 0.0 0.0 0.0
a2owo5cfm8khwy
as long as the iron ax is fitted with a wooden handle it cannot cut a wing
0.0 0.0 0.0 0.4925173413548034 0.0 0.07687150110791918 0.0 0.16680980554961686 0.40311582642866145 0.02508709363703255 0.30881180881569054 0.37805203846919666 0.4777341396912207 0.3100354436509582 0.28172210968091455 0.0 0.0 0.0 0.11912679041333091 0.0 0.0 0.0 0.0 0.0 0.0 0.0 0.0 0.0 0.0 0.0 0.0 0.0 0.0 0.0 0.0 0.0 0.0 0.0 0.0 0.0 0.0 0.0 0.5254359171157106 0.5254359171157106 0.13825796776907376 0.4846625535533609 0.0 0.0 0.0 0.0 0.0 0.0 0.0 0.0 0.0 0.0 0.0 0.0 0.0 0.0
a1wgq344wqriu5
but until the iron ax is not fitted with a wooden handle it cannot cut a wing
0.15362601745391163 0.26693890801733183 0.0 0.4925173413548034 0.0 0.07687150110791918 0.0 0.16680980554961686 0.40311582642866145 0.02508709363703255 0.30881180881569054 0.37805203846919666 0.4777341396912207 0.0 0.0 0.12591926401396258 0.0 0.0 0.11912679041333091 0.0 0.0 0.0 0.0 0.0 0.0 0.0 0.0 0.0 0.0 0.0 0.0 0.0 0.0 0.0 0.0 0.0 0.0 0.0 0.0 0.0 0.0 0.0 0.5254359171157106 0.5254359171157106 0.13825796776907376 0.4846625535533609 0.0 0.0 0.0 0.0 0.0 0.0 0.0 0.0 0.0 0.0 0.0 0.0 0.0 0.0
al2rcq9eyun61
but until the iron ax is fitted with a wooden handle it cannot cut a wing
0.16322764354478111 0.2836225897684151 0.0 0.5232996751894786 0.0 0.08167596992716414 0.0 0.17723541839646792 0.4283105655804528 0.026655036989347083 0.3281125468666712 0.4016802908735215 0.507592523421922 0.0 0.0 0.0 0.0 0.0 0.12657221481416409 0.0 0.0 0.0 0.0 0.0 0.0 0.0 0.0 0.0 0.0 0.0 0.0 0.0 0.0 0.0 0.0 0.0 0.0 0.0 0.0 0.0 0.0 0.0 0.5582756619354425 0.5582756619354425 0.14689909075464086 0.514953963150446 0.0 0.0 0.0 0.0 0.0 0.0 0.0 0.0 0.0 0.0 0.0 0.0 0.0 0.0
air4uqnpimfcj
an axe cant cut wood unless it has a wooden handle
0.0 0.0 0.26821502416141724 0.0 0.6981497838610647 0.0 0.0 0.12889848610652213 0.6229971862988404 0.0 0.0 0.5842622412705767 0.0 0.0 0.0 0.0 0.0 0.0 0.18410503972969322 0.0 0.0 0.0 0.0 0.0 0.0 0.5059195237255096 0.0 0.0 0.0 0.0 0.0 0.0 0.0 0.0 0.0 0.0 0.18661796526647487 0.0 0.0 0.0 0.0 0.0 0.0 0.0 0.0 0.7490239464006486 0.8120373264515528 0.0 0.0 0.0 0.0 0.0 0.0 0.0 0.0 0.0 0.0 0.5961368033084917 0.0 0.0
a3m4exda4ue7bp
an axe cannot cut wood until it does not have a wooden handle
0.0 0.34907395663804935 0.22695117429042996 0.0 0.5907421248055162 0.0 0.0 0.1090679497824418 0.5271514653297881 0.0 0.40383082691282607 0.4943757426135649 0.0 0.0 0.0 0.16466365294133567 0.0 0.0 0.15578118746358657 0.0 0.0 0.0 0.0 0.0 0.0 0.0 0.0 0.0 0.0 0.0 0.0 0.0 0.0 0.0 0.0 0.0 0.0 0.0 0.0 0.0 0.0 0.0 0.0 0.0 0.0 0.6337894931082412 0.6871085069974677 0.32261704316867434 0.17599769446064842 0.0 0.0 0.0 0.0 0.0 0.0 0.0 0.0 0.0 0.0 0.0
a6tw9zegog7ph
an axe cant cut the wood if it does not have a wooden handle
0.0 0.0 0.21074037612682783 0.0 0.5485462587479794 0.0 0.0 0.10127738194083881 0.4894977892348032 0.030462899416396665 0.0 0.45906318956973885 0.0 0.0 0.0 0.15290196344552598 0.0 0.0 0.1446539597876161 0.0 0.0 0.0 0.0 0.0 0.0 0.3975081972129004 0.0 0.0 0.0 0.0 0.0 0.0 0.0 0.0 0.0 0.0 0.0 0.0 0.0 0.0 0.0 0.0 0.0 0.0 0.0 0.5885188150290811 0.63802932792622 0.29957296865662614 0.1634264305706021 0.215636256094915 0.0 0.0 0.0 0.0 0.0 0.0 0.0 0.0 0.0 0.0
a3ohqrf1mdq99b
but if the iron axe has no handleit cant cut anything
0.23742202697422707 0.0 0.0 0.7611631639119689 0.6981497838610647 0.0 0.0 0.0 0.0 0.03877096289359576 0.0 0.5842622412705767 0.0 0.0 0.0 0.0 0.0 0.0 0.0 0.0 0.0 0.0 0.0 0.0 0.0 0.5059195237255096 0.0 0.0 0.0 0.0 0.0 0.0 0.0 0.0 0.0 0.0 0.18661796526647487 0.0 0.0 0.0 0.0 0.0 0.0 0.0 0.0 0.0 0.0 0.0 0.0 0.2744461441208009 0.0 0.0 0.8750507065024569 0.0 0.0 0.0 0.0 0.0 0.3025862228720991 0.5231233418744667
