the whole media including bbc is speculating about taliban and tribes using different sources broadcasts commentaries on subject of through all comment various outlets present their views in styles or tribal people along with other medias has gathered information show tribals gives thier areas by resources ways incl have
the whole media including the bbc is speculating about the taliban and the tribes using different sources
0.1003483745481302 0.2708807145045648 0.27832095845216004 0.27965791439789867 0.2591295262616883 0.07687150110791918 0.60698264424041 0.18329669150374903 0.2039717661525428 0.058468531753075995 0.37233652385427624 0.3066329104815524 0.3055729983931595 0.3031717045978504 0.0 0.0 0.0 0.0 0.0 0.0 0.0 0.0 0.0 0.0 0.0 0.0 0.0 0.0 0.0 0.0 0.0 0.0 0.0 0.0 0.0 0.0 0.0 0.0 0.0 0.0 0.0 0.0 0.0 0.0 0.0 0.0 0.0 0.0 0.0
the whole media including bbc broadcasts commentaries on the subject of the taliban and tribes through different sources
0.07108009863825888 0.2558317859209779 0.2628586829825956 0.2641213635980154 0.24473344146937226 0.0 0.0 0.0 0.19264000136629045 0.05522027998901621 0.35165116141792757 0.0 0.28859672070465064 0.28632883212019206 0.5732613862270539 0.47371919349216196 0.10405598679865574 0.3773524681928227 0.04666343236654546 0.26327639589448604 0.0 0.0 0.0 0.0 0.0 0.0 0.0 0.0 0.0 0.0 0.0 0.0 0.0 0.0 0.0 0.0 0.0 0.0 0.0 0.0 0.0 0.0 0.0 0.0 0.0 0.0 0.0 0.0 0.0
all the media including bbc comment through various sources on taliban and the tribes
0.06092579883279333 0.0 0.33796116383476577 0.33958461034030557 0.3146572818891929 0.0 0.0 0.0 0.24768000175665913 0.07099750284302085 0.4521229218230497 0.0 0.0 0.36813706986881833 0.0 0.0 0.1337862687411288 0.0 0.0 0.3384982232929106 0.22451537417591064 0.5016334347201886 0.4377893007186104 0.0 0.0 0.0 0.0 0.0 0.0 0.0 0.0 0.0 0.0 0.0 0.0 0.0 0.0 0.0 0.0 0.0 0.0 0.0 0.0 0.0 0.0 0.0 0.0 0.0 0.0
all media outlets including the bbc comment about the taliban and tribes
0.07108009863825888 0.0 0.3942880244738934 0.3961820453970231 0.3671001622040584 0.0 0.0 0.25967031296364446 0.28896000204943567 0.08283041998352432 0.5274767421268913 0.0 0.0 0.0 0.0 0.0 0.0 0.0 0.0 0.0 0.26193460320522904 0.5852390071735535 0.0 0.8021298142939188 0.0 0.0 0.0 0.0 0.0 0.0 0.0 0.0 0.0 0.0 0.0 0.0 0.0 0.0 0.0 0.0 0.0 0.0 0.0 0.0 0.0 0.0 0.0 0.0 0.0
a3fq8i38xt2b4z
including bbc all the media present their views in different styles on taliban or the tribal people
0.0501741872740651 0.0 0.27832095845216004 0.27965791439789867 0.2591295262616883 0.0 0.0 0.0 0.2039717661525428 0.0 0.0 0.0 0.3055729983931595 0.0 0.0 0.0 0.11017692719857666 0.0 0.0 0.0 0.18489501402722053 0.0 0.0 0.0 0.26256664881673786 0.17513065292493 0.3701972506677542 0.06057827661509889 0.5423583919658154 0.19001742196538685 0.29710863488374367 0.15922720897097375 0.0 0.0 0.0 0.0 0.0 0.0 0.0 0.0 0.0 0.0 0.0 0.0 0.0 0.0 0.0 0.0 0.0
ayowrg5s0py3f
bbc along with other medias has gathered information about taliban
0.0 0.0 0.0 0.0 0.4405201946448701 0.0 0.0 0.3116043755563733 0.3467520024593228 0.0 0.0 0.0 0.0 0.0 0.0 0.0 0.0 0.0 0.0 0.0 0.0 0.0 0.0 0.0 0.0 0.0 0.0 0.0 0.0 0.0 0.0 0.0 0.4948066923959308 0.23503854520742537 0.33386290115252076 0.7833798302298971 0.20527976179312235 0.627565368425242 0.48506448109518396 0.0 0.0 0.0 0.0 0.0 0.0 0.0 0.0 0.0 0.0
a3hs2e871iw2fi
all media including bbc show different views on taliban and tribals
0.0 0.0 0.43013239033515643 0.4321985949785707 0.40047290422260917 0.0 0.0 0.0 0.3152290931448389 0.09036045816384472 0.0 0.0 0.47224917933488286 0.0 0.0 0.0 0.17027343294325484 0.0 0.0 0.0 0.2857468398602499 0.0 0.0 0.0 0.0 0.0 0.5721230237592565 0.0 0.0 0.0 0.0 0.0 0.0 0.0 0.0 0.0 0.0 0.0 0.0 0.4429061436746055 0.6612893194875953 0.0 0.0 0.0 0.0 0.0 0.0 0.0 0.0
a7o9tyb0xcikg
all media including bbc gives thier views about taliban and tribal areas by different resources
0.0 0.0 0.3154304195791147 0.3169456363176185 0.2936801297632467 0.0 0.0 0.20773625037091556 0.2311680016395485 0.06626433598681945 0.0 0.0 0.3463160648455808 0.0 0.0 0.0 0.0 0.0 0.0 0.0 0.20954768256418324 0.0 0.0 0.0 0.0 0.0 0.41955688409012143 0.0 0.0 0.0 0.33672311953490947 0.0 0.0 0.0 0.0 0.0 0.0 0.0 0.0 0.0 0.0 0.40760082217973365 0.5169170396416957 0.32713726001546206 0.16636395076009652 0.42198139370151305 0.0 0.0 0.0
a330jjzgjl7ig2
including the bbc all the media present their views on the taliban or the tribal people in different ways
0.08978538775359017 0.0 0.24902401545719582 0.25022023919811986 0.23185273402361584 0.0 0.0 0.0 0.18250105392595936 0.0 0.0 0.0 0.2734074196149322 0.0 0.0 0.0 0.09857935591451596 0.0 0.0 0.0 0.1654323809717236 0.0 0.0 0.0 0.23492805420444965 0.15669584735388473 0.3312291190185169 0.054201615918772685 0.0 0.17001558807429348 0.26583404173808645 0.14246645013192388 0.0 0.0 0.0 0.0 0.0 0.0 0.0 0.0 0.0 0.0 0.0 0.0 0.0 0.0 0.3111571423590904 0.0 0.0
a3andctf0w1pqd
all the media incl present their views on the taliban or the tribal people in different styles
0.07526128091109764 0.0 0.27832095845216004 0.0 0.0 0.0 0.0 0.0 0.2039717661525428 0.0 0.0 0.0 0.3055729983931595 0.0 0.0 0.0 0.11017692719857666 0.0 0.0 0.0 0.18489501402722053 0.0 0.0 0.0 0.26256664881673786 0.17513065292493 0.3701972506677542 0.06057827661509889 0.5423583919658154 0.19001742196538685 0.29710863488374367 0.15922720897097375 0.0 0.0 0.0 0.0 0.0 0.0 0.0 0.0 0.0 0.0 0.0 0.0 0.0 0.0 0.0 0.60698264424041 0.0
a2rcbwy8ulhnj0
including bbc all the media present their views in different styles on taliban or the tribal people
0.0501741872740651 0.0 0.27832095845216004 0.27965791439789867 0.2591295262616883 0.0 0.0 0.0 0.2039717661525428 0.0 0.0 0.0 0.3055729983931595 0.0 0.0 0.0 0.11017692719857666 0.0 0.0 0.0 0.18489501402722053 0.0 0.0 0.0 0.26256664881673786 0.17513065292493 0.3701972506677542 0.06057827661509889 0.5423583919658154 0.19001742196538685 0.29710863488374367 0.15922720897097375 0.0 0.0 0.0 0.0 0.0 0.0 0.0 0.0 0.0 0.0 0.0 0.0 0.0 0.0 0.0 0.0 0.0
a2unp2crnrfiw8
bbc along with other medias have gathered information about the taliban
0.03877096289359576 0.0 0.0 0.0 0.40047290422260917 0.0 0.0 0.28327670505124847 0.3152290931448389 0.0 0.0 0.0 0.0 0.0 0.0 0.0 0.0 0.0 0.0 0.0 0.0 0.0 0.0 0.0 0.0 0.0 0.0 0.0 0.0 0.0 0.0 0.0 0.44982426581448254 0.21367140473402307 0.3035117283204734 0.7121634820271792 0.0 0.5705139712956746 0.4409677100865309 0.0 0.0 0.0 0.0 0.0 0.0 0.0 0.0 0.0 0.2079972752716754
a2nowscvbop9jc
bbc along with other media has gathered information about the taliban
0.03877096289359576 0.0 0.43013239033515643 0.0 0.40047290422260917 0.0 0.0 0.28327670505124847 0.3152290931448389 0.0 0.0 0.0 0.0 0.0 0.0 0.0 0.0 0.0 0.0 0.0 0.0 0.0 0.0 0.0 0.0 0.0 0.0 0.0 0.0 0.0 0.0 0.0 0.44982426581448254 0.21367140473402307 0.3035117283204734 0.0 0.18661796526647487 0.5705139712956746 0.4409677100865309 0.0 0.0 0.0 0.0 0.0 0.0 0.0 0.0 0.0 0.0
aa1hdtufsq32b
the bbc along with other medias has gathered information about the taliban
0.07108009863825888 0.0 0.0 0.0 0.3671001622040584 0.0 0.0 0.25967031296364446 0.28896000204943567 0.0 0.0 0.0 0.0 0.0 0.0 0.0 0.0 0.0 0.0 0.0 0.0 0.0 0.0 0.0 0.0 0.0 0.0 0.0 0.0 0.0 0.0 0.0 0.41233891032994235 0.19586545433952116 0.2782190842937673 0.6528165251915808 0.1710664681609353 0.5229711403543683 0.4042204009126533 0.0 0.0 0.0 0.0 0.0 0.0 0.0 0.0 0.0 0.0
a3l62wt9zlhu7v
all media including the bbc show different views on taliban and tribals
0.03554004931912944 0.0 0.3942880244738934 0.3961820453970231 0.3671001622040584 0.0 0.0 0.0 0.28896000204943567 0.08283041998352432 0.0 0.0 0.432895081056976 0.0 0.0 0.0 0.1560839801979836 0.0 0.0 0.0 0.26193460320522904 0.0 0.0 0.0 0.0 0.0 0.5244461051126518 0.0 0.0 0.0 0.0 0.0 0.0 0.0 0.0 0.0 0.0 0.0 0.0 0.4059972983683884 0.6061818761969623 0.0 0.0 0.0 0.0 0.0 0.0 0.0 0.0
a1c0lbe9vl3ax
all media including bbc show different views on taliban and tribals
0.0 0.0 0.43013239033515643 0.4321985949785707 0.40047290422260917 0.0 0.0 0.0 0.3152290931448389 0.09036045816384472 0.0 0.0 0.47224917933488286 0.0 0.0 0.0 0.17027343294325484 0.0 0.0 0.0 0.2857468398602499 0.0 0.0 0.0 0.0 0.0 0.5721230237592565 0.0 0.0 0.0 0.0 0.0 0.0 0.0 0.0 0.0 0.0 0.0 0.0 0.4429061436746055 0.6612893194875953 0.0 0.0 0.0 0.0 0.0 0.0 0.0 0.0
a14b80scbt25dr
all media including bbc show different views on taliban and tribals
0.0 0.0 0.43013239033515643 0.4321985949785707 0.40047290422260917 0.0 0.0 0.0 0.3152290931448389 0.09036045816384472 0.0 0.0 0.47224917933488286 0.0 0.0 0.0 0.17027343294325484 0.0 0.0 0.0 0.2857468398602499 0.0 0.0 0.0 0.0 0.0 0.5721230237592565 0.0 0.0 0.0 0.0 0.0 0.0 0.0 0.0 0.0 0.0 0.0 0.0 0.4429061436746055 0.6612893194875953 0.0 0.0 0.0 0.0 0.0 0.0 0.0 0.0
a3vh1yukhij6jl
all media including bbc gives thier views about taliban and tribal areas by different resources
0.0 0.0 0.3154304195791147 0.3169456363176185 0.2936801297632467 0.0 0.0 0.20773625037091556 0.2311680016395485 0.06626433598681945 0.0 0.0 0.3463160648455808 0.0 0.0 0.0 0.0 0.0 0.0 0.0 0.20954768256418324 0.0 0.0 0.0 0.0 0.0 0.41955688409012143 0.0 0.0 0.0 0.33672311953490947 0.0 0.0 0.0 0.0 0.0 0.0 0.0 0.0 0.0 0.0 0.40760082217973365 0.5169170396416957 0.32713726001546206 0.16636395076009652 0.42198139370151305 0.0 0.0 0.0
