now hamas and israel should make peace so that this bloodshed comes to an end reconcile is stopped strike the may stop enter into reconciliation in order cycle of a truce death destruction can come hammas befriended blood shed seize fire become friends cease
now hamas and israel should make peace so that this bloodshed comes to an end
0.22840422072765879 0.28554823463748097 0.06626433598681945 0.2238272604117869 0.19961433151589592 0.30398687854731266 0.264988301197376 0.23561652596328847 0.08053829495065332 0.11423339222320132 0.42579195462417635 0.3665615590987956 0.0719916206474107 0.19669101771837263 0.3146855328725731 0.0 0.0 0.0 0.0 0.0 0.0 0.0 0.0 0.0 0.0 0.0 0.0 0.0 0.0 0.0 0.0 0.0 0.0 0.0 0.0 0.0 0.0 0.0 0.0 0.0 0.0 0.0 0.0 0.0
hamas and israel should now reconcile so that bloodshed is stopped
0.311460300992262 0.38938395632383765 0.09036045816384472 0.30521899147061854 0.2722013611580399 0.0 0.0 0.3212952626772116 0.1098249476599818 0.0 0.5806253926693313 0.0 0.0 0.0 0.0 0.7917515490593519 0.11880141080314784 0.5320724394029442 0.0 0.0 0.0 0.0 0.0 0.0 0.0 0.0 0.0 0.0 0.0 0.0 0.0 0.0 0.0 0.0 0.0 0.0 0.0 0.0 0.0 0.0 0.0 0.0 0.0 0.0
hamas and israel should strike peace now so that the bloodshed may stop
0.2635433316088371 0.3294787322740165 0.07645884921556091 0.25826222355206185 0.23032422867218758 0.0 0.3057557321508184 0.2718652222653329 0.09292880186613844 0.0 0.49129840918174195 0.0 0.0 0.0 0.0 0.0 0.0 0.0 0.4254779391773019 0.0328061993715041 0.34291682527854656 0.354482918054777 0.0 0.0 0.0 0.0 0.0 0.0 0.0 0.0 0.0 0.0 0.0 0.0 0.0 0.0 0.0 0.0 0.0 0.0 0.0 0.0 0.0 0.0
hamas and israel should now enter into reconciliation in order to end the cycle of bloodshed
0.21412895693218012 0.2677014699726384 0.06212281498764324 0.20983805663605024 0.1871384357961524 0.0 0.0 0.0 0.0 0.0 0.3991799574601653 0.0 0.06749214435694753 0.0 0.29501768706803727 0.0 0.0 0.0 0.0 0.026655036989347083 0.0 0.0 0.507592523421922 0.2876048281675468 0.47566592193654755 0.06436441890354257 0.3089641590251754 0.47163226436544936 0.05249636141236364 0.0 0.0 0.0 0.0 0.0 0.0 0.0 0.0 0.0 0.0 0.0 0.0 0.0 0.0 0.0
a3dd3acpmvdvca
israel and hamas should enter a truce so that the death and destruction can come to an end
0.0 0.2379568621979008 0.11044055997803243 0.18652271700982243 0.16634527626324658 0.0 0.0 0.19634710496940708 0.0671152457922111 0.0 0.0 0.0 0.059993017206175586 0.1639091814319772 0.26223794406047757 0.0 0.0 0.0 0.0 0.02369336621275296 0.0 0.0 0.4511933541528195 0.0 0.0 0.0 0.0 0.0 0.0 0.07877129706509685 0.4511933541528195 0.26223794406047757 0.31013925020513755 0.17509261528748615 0.24383976714983754 0.0 0.0 0.0 0.0 0.0 0.0 0.0 0.0 0.0
a1hb5veh552cys
now hammas and israel should befriended to stop blood shed
0.3426063310914882 0.0 0.09939650398022919 0.33574089061768037 0.2994214972738439 0.0 0.0 0.0 0.0 0.0 0.0 0.0 0.10798743097111604 0.0 0.0 0.0 0.0 0.0 0.0 0.0 0.0 0.46082779347121006 0.0 0.0 0.0 0.0 0.0 0.0 0.0 0.0 0.0 0.0 0.0 0.0 0.0 0.600121683855066 0.9220092663418861 0.465922273632735 0.6792344427470809 0.0 0.0 0.0 0.0 0.0
a2de039cxxjuga
now hamas and israel should seize fire to stop bloodshed
0.3426063310914882 0.4283223519562214 0.09939650398022919 0.33574089061768037 0.2994214972738439 0.0 0.0 0.0 0.0 0.0 0.6386879319362645 0.0 0.10798743097111604 0.0 0.0 0.0 0.0 0.0 0.0 0.0 0.0 0.46082779347121006 0.0 0.0 0.0 0.0 0.0 0.0 0.0 0.0 0.0 0.0 0.0 0.0 0.0 0.0 0.0 0.0 0.0 0.7610654750984761 0.5082262989257021 0.0 0.0 0.0
a132zmwemnnusa
hamas and israel should reconcile so that this bloodshed comes to an end
0.0 0.3294787322740165 0.07645884921556091 0.25826222355206185 0.23032422867218758 0.0 0.0 0.2718652222653329 0.09292880186613844 0.13180776025753999 0.49129840918174195 0.42295564511399497 0.08306725459316619 0.22695117429042996 0.36309869177604587 0.6699436184348362 0.0 0.0 0.0 0.0 0.0 0.0 0.0 0.0 0.0 0.0 0.0 0.0 0.0 0.0 0.0 0.0 0.0 0.0 0.0 0.0 0.0 0.0 0.0 0.0 0.0 0.0 0.0 0.0
attzel5iaoiw5
israel and hamas should enter a truce so that the death and destruction can come to an end
0.0 0.2379568621979008 0.11044055997803243 0.18652271700982243 0.16634527626324658 0.0 0.0 0.19634710496940708 0.0671152457922111 0.0 0.0 0.0 0.059993017206175586 0.1639091814319772 0.26223794406047757 0.0 0.0 0.0 0.0 0.02369336621275296 0.0 0.0 0.4511933541528195 0.0 0.0 0.0 0.0 0.0 0.0 0.07877129706509685 0.4511933541528195 0.26223794406047757 0.31013925020513755 0.17509261528748615 0.24383976714983754 0.0 0.0 0.0 0.0 0.0 0.0 0.0 0.0 0.0
awmob8jnvgesj
israel and hamas should enter a truce so that the death and destruction can come to an end
0.0 0.2379568621979008 0.11044055997803243 0.18652271700982243 0.16634527626324658 0.0 0.0 0.19634710496940708 0.0671152457922111 0.0 0.0 0.0 0.059993017206175586 0.1639091814319772 0.26223794406047757 0.0 0.0 0.0 0.0 0.02369336621275296 0.0 0.0 0.4511933541528195 0.0 0.0 0.0 0.0 0.0 0.0 0.07877129706509685 0.4511933541528195 0.26223794406047757 0.31013925020513755 0.17509261528748615 0.24383976714983754 0.0 0.0 0.0 0.0 0.0 0.0 0.0 0.0 0.0
a9x4g4wpj27d6
israel and hamas should enter a truce so that the death and destruction can come to an end
0.0 0.2379568621979008 0.11044055997803243 0.18652271700982243 0.16634527626324658 0.0 0.0 0.19634710496940708 0.0671152457922111 0.0 0.0 0.0 0.059993017206175586 0.1639091814319772 0.26223794406047757 0.0 0.0 0.0 0.0 0.02369336621275296 0.0 0.0 0.4511933541528195 0.0 0.0 0.0 0.0 0.0 0.0 0.07877129706509685 0.4511933541528195 0.26223794406047757 0.31013925020513755 0.17509261528748615 0.24383976714983754 0.0 0.0 0.0 0.0 0.0 0.0 0.0 0.0 0.0
a1nee8mf6oybf8
now hammas and israel should befriended to stop blood shed
0.3426063310914882 0.0 0.09939650398022919 0.33574089061768037 0.2994214972738439 0.0 0.0 0.0 0.0 0.0 0.0 0.0 0.10798743097111604 0.0 0.0 0.0 0.0 0.0 0.0 0.0 0.0 0.46082779347121006 0.0 0.0 0.0 0.0 0.0 0.0 0.0 0.0 0.0 0.0 0.0 0.0 0.0 0.600121683855066 0.9220092663418861 0.465922273632735 0.6792344427470809 0.0 0.0 0.0 0.0 0.0
a2qxd8jqk5bvez
now hammas and israel should become friends to stop blood shed
0.311460300992262 0.0 0.09036045816384472 0.30521899147061854 0.2722013611580399 0.0 0.0 0.0 0.0 0.0 0.0 0.0 0.09817039179192368 0.0 0.0 0.0 0.0 0.0 0.0 0.0 0.0 0.41893435770110005 0.0 0.0 0.0 0.0 0.0 0.0 0.0 0.0 0.0 0.0 0.0 0.0 0.0 0.5455651671409691 0.0 0.4235657033024864 0.6174858570428008 0.0 0.0 0.38308288360654413 0.4948643298987108 0.0
a118e3i38jssxi
now hammas and israel should befriended to stop blood shed
0.3426063310914882 0.0 0.09939650398022919 0.33574089061768037 0.2994214972738439 0.0 0.0 0.0 0.0 0.0 0.0 0.0 0.10798743097111604 0.0 0.0 0.0 0.0 0.0 0.0 0.0 0.0 0.46082779347121006 0.0 0.0 0.0 0.0 0.0 0.0 0.0 0.0 0.0 0.0 0.0 0.0 0.0 0.600121683855066 0.9220092663418861 0.465922273632735 0.6792344427470809 0.0 0.0 0.0 0.0 0.0
a3qu3km3iywhif
now hamas and israel should cease fire to stop bloodshed
0.3426063310914882 0.4283223519562214 0.09939650398022919 0.33574089061768037 0.2994214972738439 0.0 0.0 0.0 0.0 0.0 0.6386879319362645 0.0 0.10798743097111604 0.0 0.0 0.0 0.0 0.0 0.0 0.0 0.0 0.46082779347121006 0.0 0.0 0.0 0.0 0.0 0.0 0.0 0.0 0.0 0.0 0.0 0.0 0.0 0.0 0.0 0.0 0.0 0.0 0.5082262989257021 0.0 0.0 0.6159821868727299
amjejkgf6r4hk
now hamas and israel should cease fire to stop bloodshed
0.3426063310914882 0.4283223519562214 0.09939650398022919 0.33574089061768037 0.2994214972738439 0.0 0.0 0.0 0.0 0.0 0.6386879319362645 0.0 0.10798743097111604 0.0 0.0 0.0 0.0 0.0 0.0 0.0 0.0 0.46082779347121006 0.0 0.0 0.0 0.0 0.0 0.0 0.0 0.0 0.0 0.0 0.0 0.0 0.0 0.0 0.0 0.0 0.0 0.0 0.5082262989257021 0.0 0.0 0.6159821868727299
a230hf2okthmdz
now hamas and israel should seize fire to stop bloodshed
0.3426063310914882 0.4283223519562214 0.09939650398022919 0.33574089061768037 0.2994214972738439 0.0 0.0 0.0 0.0 0.0 0.6386879319362645 0.0 0.10798743097111604 0.0 0.0 0.0 0.0 0.0 0.0 0.0 0.0 0.46082779347121006 0.0 0.0 0.0 0.0 0.0 0.0 0.0 0.0 0.0 0.0 0.0 0.0 0.0 0.0 0.0 0.0 0.0 0.7610654750984761 0.5082262989257021 0.0 0.0 0.0
a477wg206bmm6
hamas and israel should reconcile so that this bloodshed comes to an end
0.0 0.3294787322740165 0.07645884921556091 0.25826222355206185 0.23032422867218758 0.0 0.0 0.2718652222653329 0.09292880186613844 0.13180776025753999 0.49129840918174195 0.42295564511399497 0.08306725459316619 0.22695117429042996 0.36309869177604587 0.6699436184348362 0.0 0.0 0.0 0.0 0.0 0.0 0.0 0.0 0.0 0.0 0.0 0.0 0.0 0.0 0.0 0.0 0.0 0.0 0.0 0.0 0.0 0.0 0.0 0.0 0.0 0.0 0.0 0.0
