now that the new year is coming how do you see it arriving upcoming its arrival of view this a has arrived foresee set in feel at years eve previous think will go what expect to happening improving on last with
now that the new year is coming how do you see it
0.2855052759095735 0.10067286868831665 0.03554004931912944 0.30367863002271206 0.3507881141102171 0.10890129323621885 0.4575326012320558 0.3269536128309601 0.26981975461634905 0.26565051014921864 0.37341454207675256 0.16876295308555211 0.0 0.0 0.0 0.0 0.0 0.0 0.0 0.0 0.0 0.0 0.0 0.0 0.0 0.0 0.0 0.0 0.0 0.0 0.0 0.0 0.0 0.0 0.0 0.0 0.0 0.0 0.0 0.0 0.0
now the new year is arriving how do you see the upcoming year
0.2635433316088371 0.0 0.0656123987430082 0.2803187354055804 0.6476088260496315 0.10052427067958664 0.0 0.30180333492088623 0.2490643888766299 0.2452158555223557 0.344690346532387 0.0 0.5714102457069851 0.5247844146631147 0.0 0.0 0.0 0.0 0.0 0.0 0.0 0.0 0.0 0.0 0.0 0.0 0.0 0.0 0.0 0.0 0.0 0.0 0.0 0.0 0.0 0.0 0.0 0.0 0.0 0.0 0.0
its the arrival of the new year now how do you see the coming year
0.22840422072765879 0.0 0.08529611836591067 0.24294290401816968 0.5612609825763474 0.0 0.36602608098564465 0.2615628902647681 0.21585580369307925 0.21252040811937492 0.29873163366140204 0.0 0.0 0.0 0.2209215308249407 0.46116717136165436 0.05599611883985455 0.0 0.0 0.0 0.0 0.0 0.0 0.0 0.0 0.0 0.0 0.0 0.0 0.0 0.0 0.0 0.0 0.0 0.0 0.0 0.0 0.0 0.0 0.0 0.0
how do view this upcoming new year
0.0 0.0 0.0 0.5205919371817921 0.6013510527603722 0.0 0.0 0.5604919077102173 0.4625481507708841 0.0 0.0 0.0 0.0 0.9745996272314986 0.0 0.0 0.0 0.7481857981575011 0.24478584047828855 0.0 0.0 0.0 0.0 0.0 0.0 0.0 0.0 0.0 0.0 0.0 0.0 0.0 0.0 0.0 0.0 0.0 0.0 0.0 0.0 0.0 0.0
a3dd3acpmvdvca
now a new year has arrived how do you see the new year
0.2635433316088371 0.0 0.0328061993715041 0.5606374708111608 0.6476088260496315 0.0 0.0 0.30180333492088623 0.2490643888766299 0.2452158555223557 0.344690346532387 0.0 0.0 0.0 0.0 0.0 0.0 0.0 0.0 0.1090679497824418 0.1579075090716326 0.5492808555183866 0.0 0.0 0.0 0.0 0.0 0.0 0.0 0.0 0.0 0.0 0.0 0.0 0.0 0.0 0.0 0.0 0.0 0.0 0.0
a143bvgouf83je
new year is arriving how do you foresee the new year
0.0 0.0 0.03877096289359576 0.66257155641319 0.7653558853313828 0.11880141080314784 0.0 0.35667666854286556 0.29434882321783534 0.28980055652642034 0.0 0.0 0.6753030176537096 0.0 0.0 0.0 0.0 0.0 0.0 0.0 0.0 0.0 0.7287381690084477 0.0 0.0 0.0 0.0 0.0 0.0 0.0 0.0 0.0 0.0 0.0 0.0 0.0 0.0 0.0 0.0 0.0 0.0
a172x4w90uost1
the new year has set in how do you feel now at the new years arrival
0.21412895693218012 0.0 0.05331007397869417 0.4555179450340681 0.2630910855826628 0.0 0.0 0.24521520962322008 0.2023648159622618 0.199237882611914 0.0 0.0 0.0 0.0 0.0 0.43234422315155097 0.0 0.0 0.0 0.0 0.12829985112070147 0.0 0.0 0.3718285687262468 0.06436441890354257 0.35835859208852494 0.19359999086902968 0.25764130151827813 0.0 0.0 0.0 0.0 0.0 0.0 0.0 0.0 0.0 0.0 0.0 0.0 0.0
a2i57ww1b3evwx
its the eve of new how you see the previous year
0.0 0.0 0.07754192578719152 0.331285778206595 0.3826779426656914 0.0 0.0 0.35667666854286556 0.0 0.28980055652642034 0.4073613186291846 0.0 0.0 0.0 0.30125663294310095 0.0 0.07635834387252893 0.0 0.0 0.0 0.0 0.0 0.0 0.0 0.0 0.0 0.0 0.0 0.8381902421289873 0.5518372463670557 0.0 0.0 0.0 0.0 0.0 0.0 0.0 0.0 0.0 0.0 0.0
a2sb2bw2w4t4ww
now that the new year has arrived how do you think it will go
0.24471880792249157 0.08629103030427142 0.030462899416396665 0.26029596859089604 0.3006755263801861 0.0 0.0 0.28024595385510864 0.23127407538544206 0.22770043727075887 0.0 0.1446539597876161 0.0 0.0 0.0 0.0 0.0 0.0 0.0 0.0 0.14662840128080168 0.5100465086956446 0.0 0.0 0.0 0.0 0.0 0.0 0.0 0.0 0.2984871714186225 0.15825094284294172 0.38256145155907595 0.0 0.0 0.0 0.0 0.0 0.0 0.0 0.0
a1lcle8gy2eo0v
now a new year has arrived how do you see the new year now that a new year has arrived what do you expect to see happening
0.25378246747517647 0.0447434971948074 0.015795577475168642 0.40490484003028276 0.46771748548028946 0.0 0.0 0.14531271681376004 0.23983978188119917 0.23613378679930547 0.33192403740155785 0.0 0.0 0.0 0.0 0.0 0.0 0.0 0.0 0.1050283960867958 0.15205908280972025 0.5289371201288167 0.0 0.0 0.0 0.0 0.0 0.0 0.0 0.0 0.0 0.0 0.0 0.11416168923454173 0.23655108590232019 0.03999534480411705 0.22276443921788153 0.0 0.0 0.0 0.0
a3be22a89fb8uj
now that a new year has arrived how do you see this year improving on the last
0.20153313593616953 0.07106320142704704 0.02508709363703255 0.214361385898385 0.49523027874383585 0.0 0.0 0.23079078552773655 0.19046100325859935 0.18751800716415434 0.2635867355835901 0.0 0.0 0.0 0.0 0.0 0.0 0.0 0.10079416960870705 0.08340490277480843 0.12075280105477786 0.4200383012787662 0.0 0.0 0.0 0.0 0.0 0.0 0.0 0.0 0.0 0.0 0.0 0.0 0.0 0.0 0.0 0.5662092806780603 0.11017692719857666 0.23821227461062994 0.0
a1wrvfwizbd6rc
a new year is arriving what do you foresee in the new year
0.0 0.0 0.0328061993715041 0.5606374708111608 0.6476088260496315 0.10052427067958664 0.0 0.0 0.2490643888766299 0.2452158555223557 0.0 0.0 0.5714102457069851 0.0 0.0 0.0 0.0 0.0 0.0 0.1090679497824418 0.0 0.0 0.6166246045456096 0.0 0.07921774634282162 0.0 0.0 0.0 0.0 0.0 0.0 0.0 0.0 0.23710504687174053 0.0 0.0 0.0 0.0 0.0 0.0 0.0
a1b6zigmal4vx5
with the new year arriving how do you foresee it
0.0 0.0 0.042648059182955333 0.36441435602725447 0.4209457369322605 0.0 0.0 0.39234433539715213 0.3237837055396189 0.3187806121790624 0.0 0.20251554370266253 0.7428333194190806 0.0 0.0 0.0 0.0 0.0 0.0 0.0 0.0 0.0 0.8016119859092925 0.0 0.0 0.0 0.0 0.0 0.0 0.0 0.0 0.0 0.0 0.0 0.0 0.0 0.0 0.0 0.0 0.0 0.23503854520742537
a3rdqwamikxjnn
the new year is arriving how do you foresee it
0.0 0.0 0.042648059182955333 0.36441435602725447 0.4209457369322605 0.13068155188346262 0.0 0.39234433539715213 0.3237837055396189 0.3187806121790624 0.0 0.20251554370266253 0.7428333194190806 0.0 0.0 0.0 0.0 0.0 0.0 0.0 0.0 0.0 0.8016119859092925 0.0 0.0 0.0 0.0 0.0 0.0 0.0 0.0 0.0 0.0 0.0 0.0 0.0 0.0 0.0 0.0 0.0 0.0
a1g9f1kosfkijh
the new year has set in how do you feel now at the new years arrival
0.21412895693218012 0.0 0.05331007397869417 0.4555179450340681 0.2630910855826628 0.0 0.0 0.24521520962322008 0.2023648159622618 0.199237882611914 0.0 0.0 0.0 0.0 0.0 0.43234422315155097 0.0 0.0 0.0 0.0 0.12829985112070147 0.0 0.0 0.3718285687262468 0.06436441890354257 0.35835859208852494 0.19359999086902968 0.25764130151827813 0.0 0.0 0.0 0.0 0.0 0.0 0.0 0.0 0.0 0.0 0.0 0.0 0.0
ajfwu2g6a1bhs
the new year has set in how do you feel now at the new years arrival
0.21412895693218012 0.0 0.05331007397869417 0.4555179450340681 0.2630910855826628 0.0 0.0 0.24521520962322008 0.2023648159622618 0.199237882611914 0.0 0.0 0.0 0.0 0.0 0.43234422315155097 0.0 0.0 0.0 0.0 0.12829985112070147 0.0 0.0 0.3718285687262468 0.06436441890354257 0.35835859208852494 0.19359999086902968 0.25764130151827813 0.0 0.0 0.0 0.0 0.0 0.0 0.0 0.0 0.0 0.0 0.0 0.0 0.0
a1ly3njtyw9tff
the new year has set in how do you feel now at the new years arrival
0.21412895693218012 0.0 0.05331007397869417 0.4555179450340681 0.2630910855826628 0.0 0.0 0.24521520962322008 0.2023648159622618 0.199237882611914 0.0 0.0 0.0 0.0 0.0 0.43234422315155097 0.0 0.0 0.0 0.0 0.12829985112070147 0.0 0.0 0.3718285687262468 0.06436441890354257 0.35835859208852494 0.19359999086902968 0.25764130151827813 0.0 0.0 0.0 0.0 0.0 0.0 0.0 0.0 0.0 0.0 0.0 0.0 0.0
a1mmshjhu659at
on the eve of the new year how you see the previous year
0.0 0.0 0.09841859811451231 0.2803187354055804 0.6476088260496315 0.0 0.0 0.30180333492088623 0.0 0.2452158555223557 0.344690346532387 0.0 0.0 0.0 0.0 0.0 0.06461090635367833 0.0 0.0 0.0 0.0 0.0 0.0 0.0 0.0 0.0 0.0 0.0 0.7092378971860662 0.4669392084644317 0.0 0.0 0.0 0.0 0.0 0.0 0.0 0.0 0.1440775201827541 0.0 0.0
