and immediately not only will the talk of ceasefire follow but actually take place talks for real begin also there would be immediate a as well issue end to war talked about stopped their an actual on really happen then true seize fire observed rather accomplished theere occur itself we see spectacular response this result in
and immediately not only will the talk of ceasefire follow but ceasefire will actually take place
0.06212281498764324 0.3776274270669322 0.13378921801483523 0.2103735192163814 0.276939149975148 0.026655036989347083 0.3517098168661142 0.05249636141236364 0.6508396454663035 0.40840720738554437 0.16322764354478111 0.35404653762059046 0.2412729167963863 0.2832379731700164 0.0 0.0 0.0 0.0 0.0 0.0 0.0 0.0 0.0 0.0 0.0 0.0 0.0 0.0 0.0 0.0 0.0 0.0 0.0 0.0 0.0 0.0 0.0 0.0 0.0 0.0 0.0 0.0 0.0 0.0 0.0 0.0 0.0 0.0 0.0 0.0 0.0 0.0 0.0 0.0 0.0 0.0
and not only will the talks for real ceasefire begin immediately but also the ceasefire will take place
0.05522027998901621 0.3356688240594953 0.11892374934652021 0.18699868374789458 0.24616813331124268 0.04738673242550592 0.0 0.0 0.5785241293033808 0.0 0.14509123870647211 0.0 0.21446481493012115 0.25176708726223684 0.30327180820696104 0.10726164995235639 0.29716064736172054 0.3881389134395426 0.1532858586710706 0.0 0.0 0.0 0.0 0.0 0.0 0.0 0.0 0.0 0.0 0.0 0.0 0.0 0.0 0.0 0.0 0.0 0.0 0.0 0.0 0.0 0.0 0.0 0.0 0.0 0.0 0.0 0.0 0.0 0.0 0.0 0.0 0.0 0.0 0.0 0.0 0.0
and not only there would be talks for immediate real ceasefire but a ceasefire will take place as well
0.05231394946327852 0.0 0.11266460464407177 0.17715664776116327 0.11660595788427285 0.0 0.0 0.0 0.5480754909189924 0.0 0.13745485772192093 0.0 0.20317719309169371 0.2385161879326454 0.2873101340908052 0.10161629995486395 0.281520613290051 0.0 0.0 0.15073605277489316 0.1820573709701457 0.11299068136627106 0.3131187947168394 0.0746254393248286 0.1387000668964813 0.2364581497213958 0.0 0.0 0.0 0.0 0.0 0.0 0.0 0.0 0.0 0.0 0.0 0.0 0.0 0.0 0.0 0.0 0.0 0.0 0.0 0.0 0.0 0.0 0.0 0.0 0.0 0.0 0.0 0.0 0.0 0.0
the issue of the immediate end to the war will not only be talked about but will actually be stopped
0.0 0.0 0.10703137441186819 0.16829881537310512 0.2215513199801184 0.063972088774433 0.0 0.04199708912989091 0.0 0.0 0.13058211483582488 0.2832372300964724 0.0 0.0 0.0 0.0 0.0 0.0 0.0 0.0 0.0 0.21468229459591504 0.29746285498099745 0.0 0.0 0.0 0.24929930794108007 0.23601414965442982 0.05399371548555802 0.18151751190701043 0.3570325560869513 0.15580218777818666 0.2926398416716193 0.0 0.0 0.0 0.0 0.0 0.0 0.0 0.0 0.0 0.0 0.0 0.0 0.0 0.0 0.0 0.0 0.0 0.0 0.0 0.0 0.0 0.0 0.0
a3dd3acpmvdvca
and not only will their be immediate talks of ceasefire there will also be an actual ceasefire
0.058468531753075995 0.0 0.12591926401396258 0.19799860632130015 0.26064861174131576 0.0 0.0 0.04940834015281284 0.6125549604388738 0.0 0.0 0.0 0.0 0.0 0.32111132633678224 0.0 0.0 0.0 0.16230267388701594 0.16846970604252764 0.0 0.2525674054069589 0.34995629997764405 0.0 0.0 0.0 0.0 0.0 0.0 0.0 0.0 0.0 0.0 0.17513065292493 0.1735508979867994 0.35964778427623556 0.0 0.0 0.0 0.0 0.0 0.0 0.0 0.0 0.0 0.0 0.0 0.0 0.0 0.0 0.0 0.0 0.0 0.0 0.0 0.0
a143bvgouf83je
and immediately not only talks on ceasefire but ceasefire will really happen as well
0.07099750284302085 0.4315742023622082 0.15290196344552598 0.2404268791044359 0.15825094284294172 0.0 0.0 0.0 0.7438167376757754 0.0 0.1865458783368927 0.0 0.0 0.0 0.3899208962660928 0.0 0.0 0.0 0.0 0.0 0.0 0.0 0.0 0.0 0.18823580507379603 0.3209074889076086 0.0 0.0 0.0 0.0 0.0 0.0 0.0 0.0 0.0 0.0 0.1337862687411288 0.4222846932016227 0.42865834561076144 0.0 0.0 0.0 0.0 0.0 0.0 0.0 0.0 0.0 0.0 0.0 0.0 0.0 0.0 0.0 0.0 0.0
a2de039cxxjuga
then a true seize fire will be observed
0.0 0.0 0.0 0.0 0.276939149975148 0.0 0.0 0.0 0.0 0.0 0.0 0.0 0.0 0.0 0.0 0.0 0.0 0.0 0.0 0.0 0.0 0.2683528682448938 0.0 0.17723541839646792 0.0 0.0 0.0 0.0 0.0 0.0 0.0 0.0 0.0 0.0 0.0 0.0 0.0 0.0 0.0 0.43665561447895795 0.6111699153915663 0.9513318438730951 0.6352828736571277 0.8646884463031019 0.0 0.0 0.0 0.0 0.0 0.0 0.0 0.0 0.0 0.0 0.0 0.0
a8v7wa74iohz9
and not only talks about real ceasefire rather ceasefire will be accomplished
0.08283041998352432 0.0 0.1783856240197803 0.28049802562184184 0.18462609998343202 0.0 0.0 0.0 0.8677861939550713 0.0 0.0 0.0 0.0 0.0 0.4549077123104415 0.0 0.4457409710425808 0.0 0.0 0.0 0.0 0.17890191216326254 0.0 0.0 0.0 0.0 0.0 0.0 0.0 0.0 0.0 0.25967031296364446 0.0 0.0 0.0 0.0 0.0 0.0 0.0 0.0 0.0 0.0 0.0 0.0 0.45173876267800495 0.6977329002526381 0.0 0.0 0.0 0.0 0.0 0.0 0.0 0.0 0.0 0.0
a330jjzgjl7ig2
and not only will there be immediate talks of ceasefire there will also be an actual ceasefire
0.058468531753075995 0.0 0.12591926401396258 0.19799860632130015 0.26064861174131576 0.0 0.0 0.04940834015281284 0.6125549604388738 0.0 0.0 0.0 0.0 0.0 0.32111132633678224 0.0 0.0 0.0 0.16230267388701594 0.3369394120850553 0.0 0.2525674054069589 0.34995629997764405 0.0 0.0 0.0 0.0 0.0 0.0 0.0 0.0 0.0 0.0 0.0 0.1735508979867994 0.35964778427623556 0.0 0.0 0.0 0.0 0.0 0.0 0.0 0.0 0.0 0.0 0.0 0.0 0.0 0.0 0.0 0.0 0.0 0.0 0.0 0.0
a3rm9xsnd3mrj3
and not only will theere be immediate talks of ceasefire an actual ceasefire will occur
0.06626433598681945 0.0 0.14270849921582424 0.2243984204974735 0.2954017599734912 0.0 0.0 0.05599611883985455 0.694228955164057 0.0 0.0 0.0 0.0 0.0 0.36392616984835324 0.0 0.0 0.0 0.0 0.0 0.0 0.14312152973061001 0.39661713997466325 0.0 0.0 0.0 0.0 0.0 0.0 0.0 0.0 0.0 0.0 0.0 0.19669101771837263 0.40760082217973365 0.0 0.0 0.0 0.0 0.0 0.0 0.0 0.0 0.0 0.0 0.6879136634724647 0.46576669612745114 0.0 0.0 0.0 0.0 0.0 0.0 0.0 0.0
a9x4g4wpj27d6
not only will their be immediate talks of ceasefire there will also be an actual ceasefire
0.0 0.0 0.13378921801483523 0.2103735192163814 0.276939149975148 0.0 0.0 0.05249636141236364 0.6508396454663035 0.0 0.0 0.0 0.0 0.0 0.34118078423283116 0.0 0.0 0.0 0.17244659100495444 0.17899906267018562 0.0 0.2683528682448938 0.3718285687262468 0.0 0.0 0.0 0.0 0.0 0.0 0.0 0.0 0.0 0.0 0.1860763187327381 0.18439782911097435 0.3821257707935003 0.0 0.0 0.0 0.0 0.0 0.0 0.0 0.0 0.0 0.0 0.0 0.0 0.0 0.0 0.0 0.0 0.0 0.0 0.0 0.0
a2miig4vdudbb6
and immediately not only talks on ceasefire but ceasefire will really happen as well
0.07099750284302085 0.4315742023622082 0.15290196344552598 0.2404268791044359 0.15825094284294172 0.0 0.0 0.0 0.7438167376757754 0.0 0.1865458783368927 0.0 0.0 0.0 0.3899208962660928 0.0 0.0 0.0 0.0 0.0 0.0 0.0 0.0 0.0 0.18823580507379603 0.3209074889076086 0.0 0.0 0.0 0.0 0.0 0.0 0.0 0.0 0.0 0.0 0.1337862687411288 0.4222846932016227 0.42865834561076144 0.0 0.0 0.0 0.0 0.0 0.0 0.0 0.0 0.0 0.0 0.0 0.0 0.0 0.0 0.0 0.0 0.0
a2qxd8jqk5bvez
immediately not only talks on ceasefire but ceasefire will really happen as well
0.0 0.46477221792853196 0.16466365294133567 0.25892125442016173 0.17042409229239877 0.0 0.0 0.0 0.8010334098046812 0.0 0.20089556128588446 0.0 0.0 0.0 0.4199148113634845 0.0 0.0 0.0 0.0 0.0 0.0 0.0 0.0 0.0 0.20271548238716497 0.34559268036204005 0.0 0.0 0.0 0.0 0.0 0.0 0.0 0.0 0.0 0.0 0.1440775201827541 0.4547681311402091 0.46163206450389693 0.0 0.0 0.0 0.0 0.0 0.0 0.0 0.0 0.0 0.0 0.0 0.0 0.0 0.0 0.0 0.0 0.0
au2ar4vob7vlv
immediately not only talks on ceasefire but ceasefire itself will really happen as well
0.0 0.4315742023622082 0.15290196344552598 0.2404268791044359 0.15825094284294172 0.0 0.0 0.0 0.7438167376757754 0.0 0.1865458783368927 0.0 0.0 0.0 0.3899208962660928 0.0 0.0 0.0 0.0 0.0 0.0 0.0 0.0 0.0 0.18823580507379603 0.3209074889076086 0.0 0.0 0.0 0.0 0.0 0.0 0.0 0.0 0.0 0.0 0.1337862687411288 0.4222846932016227 0.42865834561076144 0.0 0.0 0.0 0.0 0.0 0.0 0.0 0.0 0.0 0.3851036619235547 0.0 0.0 0.0 0.0 0.0 0.0 0.0
al2rcq9eyun61
then a true ceasefire would be observed
0.0 0.0 0.0 0.0 0.0 0.0 0.0 0.0 0.7438167376757754 0.0 0.0 0.0 0.0 0.0 0.0 0.0 0.0 0.0 0.0 0.0 0.49415572120468126 0.3066889922798786 0.0 0.20255476388167762 0.0 0.0 0.0 0.0 0.0 0.0 0.0 0.0 0.0 0.0 0.0 0.0 0.0 0.0 0.0 0.49903498797595197 0.6984799033046472 0.0 0.0 0.9882153672035451 0.0 0.0 0.0 0.0 0.0 0.0 0.0 0.0 0.0 0.0 0.0 0.0
a2ylf04uakyvf1
we would see a spectacular response
0.0 0.0 0.0 0.0 0.0 0.0 0.0 0.0 0.0 0.0 0.0 0.0 0.0 0.0 0.0 0.0 0.0 0.0 0.0 0.0 0.5765150080721281 0.0 0.0 0.23631389119529056 0.0 0.0 0.0 0.0 0.0 0.0 0.0 0.0 0.0 0.0 0.0 0.0 0.0 0.0 0.0 0.0 0.0 0.0 0.0 0.0 0.0 0.0 0.0 0.0 0.0 0.5104012853993817 0.7468290841535051 1.6042596285878377 0.9735613562681275 0.0 0.0 0.0
a3m4exda4ue7bp
then a true seize fire will be observed
0.0 0.0 0.0 0.0 0.276939149975148 0.0 0.0 0.0 0.0 0.0 0.0 0.0 0.0 0.0 0.0 0.0 0.0 0.0 0.0 0.0 0.0 0.2683528682448938 0.0 0.17723541839646792 0.0 0.0 0.0 0.0 0.0 0.0 0.0 0.0 0.0 0.0 0.0 0.0 0.0 0.0 0.0 0.43665561447895795 0.6111699153915663 0.9513318438730951 0.6352828736571277 0.8646884463031019 0.0 0.0 0.0 0.0 0.0 0.0 0.0 0.0 0.0 0.0 0.0 0.0
a3ohqrf1mdq99b
this will result not in talks about a ceasefire but a real ceasefire
0.0 0.0 0.16466365294133567 0.0 0.17042409229239877 0.0 0.0 0.0 0.8010334098046812 0.0 0.20089556128588446 0.0 0.0 0.0 0.4199148113634845 0.0 0.41145320403930535 0.0 0.0 0.0 0.0 0.0 0.0 0.2181358995648836 0.0 0.0 0.0 0.0 0.0 0.0 0.0 0.23969567350490256 0.0 0.0 0.0 0.0 0.0 0.0 0.0 0.0 0.0 0.0 0.0 0.0 0.0 0.0 0.0 0.0 0.0 0.0 0.0 0.0 0.0 0.13180776025753999 0.39259763034446044 0.07921774634282162
