will this incident become a reason for an increase of tension in the relations between these countries not be cause furthering tensions two is going to aggravate current estrangement among why did people think about consequences dangerous calamities affected what that have many were thinking
will this incident become a reason for an increase of tension in the relations between these countries
0.13032430587065788 0.10079416960870705 0.27245468210277357 0.24787715998070503 0.08340490277480843 0.283619807458457 0.11357115877308324 0.1735508979867994 0.2932933034600942 0.04940834015281284 0.3745565431473849 0.06057827661509889 0.02508709363703255 0.28195600076206984 0.23309395831712232 0.17714721396013133 0.21709785740631984 0.0 0.0 0.0 0.0 0.0 0.0 0.0 0.0 0.0 0.0 0.0 0.0 0.0 0.0 0.0 0.0 0.0 0.0 0.0 0.0 0.0 0.0 0.0 0.0 0.0 0.0 0.0 0.0
will this incident not be the cause of furthering tensions between the two countries
0.15825094284294172 0.12239292023914428 0.3308378282676537 0.0 0.0 0.0 0.0 0.0 0.0 0.05999584161412987 0.0 0.0 0.06092579883279333 0.0 0.2830426636707914 0.0 0.26361882685053123 0.15290196344552598 0.1533444961399393 0.37365061548961337 0.687539840823359 0.5346779720021967 0.2641879818254725 0.0 0.0 0.0 0.0 0.0 0.0 0.0 0.0 0.0 0.0 0.0 0.0 0.0 0.0 0.0 0.0 0.0 0.0 0.0 0.0 0.0 0.0
will this incident not increase the tension between the two countries
0.20141029089101672 0.15577280757709272 0.4210663268861046 0.0 0.0 0.0 0.0 0.0 0.45327146898378196 0.0 0.5788601121368676 0.0 0.07754192578719152 0.0 0.36023611739918904 0.0 0.33551487053703977 0.19460249893066942 0.0 0.0 0.0 0.0 0.33623924959605583 0.0 0.0 0.0 0.0 0.0 0.0 0.0 0.0 0.0 0.0 0.0 0.0 0.0 0.0 0.0 0.0 0.0 0.0 0.0 0.0 0.0 0.0
will this incident increase the tension between the two countries
0.2215513199801184 0.17135008833480198 0.4631729595747151 0.0 0.0 0.0 0.0 0.0 0.49859861588216015 0.0 0.6367461233505544 0.0 0.08529611836591067 0.0 0.39625972913910795 0.0 0.36906635759074374 0.0 0.0 0.0 0.0 0.0 0.3698631745556614 0.0 0.0 0.0 0.0 0.0 0.0 0.0 0.0 0.0 0.0 0.0 0.0 0.0 0.0 0.0 0.0 0.0 0.0 0.0 0.0 0.0 0.0
a2xknsbfsj3hso
this incident will cause an increase in tension between the two countries
0.18462609998343202 0.14279174027900166 0.3859774663122626 0.0 0.0 0.0 0.0 0.24586377214796581 0.4154988465684668 0.0 0.5306217694587952 0.08581922520472342 0.03554004931912944 0.0 0.3302164409492566 0.0 0.3075552979922865 0.0 0.0 0.43592571807121555 0.0 0.0 0.30821931212971787 0.0 0.0 0.0 0.0 0.0 0.0 0.0 0.0 0.0 0.0 0.0 0.0 0.0 0.0 0.0 0.0 0.0 0.0 0.0 0.0 0.0 0.0
a1wyssw33m2fz2
is this incident not going to aggravate the current estrangement among the two countries
0.0 0.12239292023914428 0.3308378282676537 0.0 0.0 0.0 0.0 0.0 0.0 0.0 0.0 0.0 0.06092579883279333 0.0 0.0 0.0 0.26361882685053123 0.15290196344552598 0.0 0.0 0.0 0.0 0.2641879818254725 0.09334396563104473 0.31821955546349096 0.07713387926508289 0.5538396853303882 0.4059982831326668 0.6090675344899225 0.351467303612087 0.0 0.0 0.0 0.0 0.0 0.0 0.0 0.0 0.0 0.0 0.0 0.0 0.0 0.0 0.0
a172x4w90uost1
why did the people think about the consequences of the dangerous calamities affected the people
0.0 0.0 0.0 0.0 0.0 0.0 0.0 0.0 0.0 0.05599611883985455 0.0 0.0 0.11372815782121422 0.0 0.0 0.0 0.0 0.0 0.0 0.0 0.0 0.0 0.0 0.0 0.0 0.0 0.0 0.0 0.0 0.0 0.25841098570791815 0.2690958803460643 0.36091500700087387 0.278588026657381 0.20773625037091556 0.52805397861924 0.3570573547884709 0.4881981785688653 0.37043540115261425 0.0 0.0 0.0 0.0 0.0 0.0
a8v7wa74iohz9
not this incident will increase tension between the two countries
0.2215513199801184 0.17135008833480198 0.4631729595747151 0.0 0.0 0.0 0.0 0.0 0.49859861588216015 0.0 0.6367461233505544 0.0 0.042648059182955333 0.0 0.39625972913910795 0.0 0.36906635759074374 0.21406274882373638 0.0 0.0 0.0 0.0 0.3698631745556614 0.0 0.0 0.0 0.0 0.0 0.0 0.0 0.0 0.0 0.0 0.0 0.0 0.0 0.0 0.0 0.0 0.0 0.0 0.0 0.0 0.0 0.0
a2dwqf4zhhblow
this incident will cause an increase in tension between the two countries
0.18462609998343202 0.14279174027900166 0.3859774663122626 0.0 0.0 0.0 0.0 0.24586377214796581 0.4154988465684668 0.0 0.5306217694587952 0.08581922520472342 0.03554004931912944 0.0 0.3302164409492566 0.0 0.3075552979922865 0.0 0.0 0.43592571807121555 0.0 0.0 0.30821931212971787 0.0 0.0 0.0 0.0 0.0 0.0 0.0 0.0 0.0 0.0 0.0 0.0 0.0 0.0 0.0 0.0 0.0 0.0 0.0 0.0 0.0 0.0
a1dndzlo2d5d48
will this incident cause an increase in tension between the two countries
0.18462609998343202 0.14279174027900166 0.3859774663122626 0.0 0.0 0.0 0.0 0.24586377214796581 0.4154988465684668 0.0 0.5306217694587952 0.08581922520472342 0.03554004931912944 0.0 0.3302164409492566 0.0 0.3075552979922865 0.0 0.0 0.43592571807121555 0.0 0.0 0.30821931212971787 0.0 0.0 0.0 0.0 0.0 0.0 0.0 0.0 0.0 0.0 0.0 0.0 0.0 0.0 0.0 0.0 0.0 0.0 0.0 0.0 0.0 0.0
al2rcq9eyun61
will this incident cause an increase in tension between the two countries
0.18462609998343202 0.14279174027900166 0.3859774663122626 0.0 0.0 0.0 0.0 0.24586377214796581 0.4154988465684668 0.0 0.5306217694587952 0.08581922520472342 0.03554004931912944 0.0 0.3302164409492566 0.0 0.3075552979922865 0.0 0.0 0.43592571807121555 0.0 0.0 0.30821931212971787 0.0 0.0 0.0 0.0 0.0 0.0 0.0 0.0 0.0 0.0 0.0 0.0 0.0 0.0 0.0 0.0 0.0 0.0 0.0 0.0 0.0 0.0
a2rcbwy8ulhnj0
is this incident going to aggravate the current estrangement among the two countries
0.0 0.13180776025753999 0.3562868919805501 0.0 0.0 0.0 0.0 0.0 0.0 0.0 0.0 0.0 0.0656123987430082 0.0 0.0 0.0 0.283897198146726 0.0 0.0 0.0 0.0 0.0 0.28451013427358574 0.10052427067958664 0.34269798280683644 0.08306725459316619 0.5964427380481103 0.43722892029671806 0.6559188832968397 0.378503250043786 0.0 0.0 0.0 0.0 0.0 0.0 0.0 0.0 0.0 0.0 0.0 0.0 0.0 0.0 0.0
a6tw9zegog7ph
is this incident not going to aggravate the current estrangement among the two countries
0.0 0.12239292023914428 0.3308378282676537 0.0 0.0 0.0 0.0 0.0 0.0 0.0 0.0 0.0 0.06092579883279333 0.0 0.0 0.0 0.26361882685053123 0.15290196344552598 0.0 0.0 0.0 0.0 0.2641879818254725 0.09334396563104473 0.31821955546349096 0.07713387926508289 0.5538396853303882 0.4059982831326668 0.6090675344899225 0.351467303612087 0.0 0.0 0.0 0.0 0.0 0.0 0.0 0.0 0.0 0.0 0.0 0.0 0.0 0.0 0.0
a2qxd8jqk5bvez
is this incident going to aggravate the current estrangement among the two countries
0.0 0.13180776025753999 0.3562868919805501 0.0 0.0 0.0 0.0 0.0 0.0 0.0 0.0 0.0 0.0656123987430082 0.0 0.0 0.0 0.283897198146726 0.0 0.0 0.0 0.0 0.0 0.28451013427358574 0.10052427067958664 0.34269798280683644 0.08306725459316619 0.5964427380481103 0.43722892029671806 0.6559188832968397 0.378503250043786 0.0 0.0 0.0 0.0 0.0 0.0 0.0 0.0 0.0 0.0 0.0 0.0 0.0 0.0 0.0
a3l62wt9zlhu7v
what did the people think about the dangerous calamities that have affected many people
0.0 0.0 0.0 0.0 0.0 0.0 0.0 0.0 0.0 0.0 0.0 0.0 0.06092579883279333 0.0 0.0 0.0 0.0 0.0 0.0 0.0 0.0 0.0 0.0 0.0 0.0 0.0 0.0 0.0 0.0 0.0 0.0 0.28831701465649745 0.38669465035807915 0.2984871714186225 0.2225745539688381 0.0 0.38256145155907595 0.52306947703807 0.3968950726635153 0.22016897209518763 0.08629103030427142 0.1634264305706021 0.2807245390386672 0.0 0.0
a143awku99stc9
what were people thinking
0.0 0.0 0.0 0.0 0.0 0.0 0.0 0.0 0.0 0.0 0.0 0.0 0.0 0.0 0.0 0.0 0.0 0.0 0.0 0.0 0.0 0.0 0.0 0.0 0.0 0.0 0.0 0.0 0.0 0.0 0.0 0.0 0.6767156381266385 0.0 0.0 0.0 0.0 0.0 0.0 0.7705914023331567 0.0 0.0 0.0 0.7379069730514897 1.3220667576736338
a2eldzaxlm8quo
what did the people think about the consequences of dangerous calamities that affected the people
0.0 0.0 0.0 0.0 0.0 0.0 0.0 0.0 0.0 0.05599611883985455 0.0 0.0 0.08529611836591067 0.0 0.0 0.0 0.0 0.0 0.0 0.0 0.0 0.0 0.0 0.0 0.0 0.0 0.0 0.0 0.0 0.0 0.0 0.2690958803460643 0.36091500700087387 0.278588026657381 0.20773625037091556 0.52805397861924 0.3570573547884709 0.4881981785688653 0.37043540115261425 0.20549104062217513 0.08053829495065332 0.0 0.0 0.0 0.0
a3ohqrf1mdq99b
will this incident increase tension between the two countries
0.24616813331124268 0.19038898703866888 0.5146366217496835 0.0 0.0 0.0 0.0 0.0 0.5539984620912891 0.0 0.7074956926117271 0.0 0.04738673242550592 0.0 0.44028858793234216 0.0 0.410073730656382 0.0 0.0 0.0 0.0 0.0 0.41095908283962385 0.0 0.0 0.0 0.0 0.0 0.0 0.0 0.0 0.0 0.0 0.0 0.0 0.0 0.0 0.0 0.0 0.0 0.0 0.0 0.0 0.0 0.0
