and this fuels more feelings against it thing further raises anti emotions ignites opposing sentiments gives air to conflicting so promotes opposition causes enhances the opposite or invokes hostile of viewpoint antiamerican sentiment thus invoking
and this fuels more feelings against it
0.1419950056860417 0.24478584047828855 1.474100707440996 0.5173815292029266 0.9789955784696064 0.45528663451715135 0.2893079195752322 0.0 0.0 0.0 0.0 0.0 0.0 0.0 0.0 0.0 0.0 0.0 0.0 0.0 0.0 0.0 0.0 0.0 0.0 0.0 0.0 0.0 0.0 0.0 0.0 0.0 0.0 0.0 0.0
and this thing further raises anti emotions
0.1419950056860417 0.24478584047828855 0.0 0.0 0.0 0.0 0.0 0.7526927064053476 0.809249228847064 1.27605865585244 1.0142613038883959 1.317156094774123 0.0 0.0 0.0 0.0 0.0 0.0 0.0 0.0 0.0 0.0 0.0 0.0 0.0 0.0 0.0 0.0 0.0 0.0 0.0 0.0 0.0 0.0 0.0
and this further ignites opposing sentiments
0.16566083996704864 0.2855834805580033 0.0 0.0 0.0 0.0 0.0 0.0 0.9441241003215746 0.0 0.0 0.0 1.719784158681162 1.2290443288200883 1.3535800624584586 0.0 0.0 0.0 0.0 0.0 0.0 0.0 0.0 0.0 0.0 0.0 0.0 0.0 0.0 0.0 0.0 0.0 0.0 0.0 0.0
and this gives air to conflicting feelings
0.1419950056860417 0.24478584047828855 0.0 0.0 0.9789955784696064 0.0 0.0 0.0 0.0 0.0 0.0 0.0 0.0 0.0 0.0 0.8734303332422864 0.6813755524559645 0.15426775853016578 1.474100707440996 0.0 0.0 0.0 0.0 0.0 0.0 0.0 0.0 0.0 0.0 0.0 0.0 0.0 0.0 0.0 0.0
a3hs2e871iw2fi
so this promotes more opposition
0.0 0.34270017666960395 0.0 0.7243341408840973 0.0 0.0 0.0 0.0 0.0 0.0 0.0 0.0 0.0 0.0 0.0 0.0 0.0 0.0 0.0 0.7068495778898655 1.786482118193416 1.1487987947167175 0.0 0.0 0.0 0.0 0.0 0.0 0.0 0.0 0.0 0.0 0.0 0.0 0.0
a3dd3acpmvdvca
and this causes more opposing feelings
0.16566083996704864 0.2855834805580033 0.0 0.6036117840700811 1.1421615082145407 0.0 0.0 0.0 0.0 0.0 0.0 0.0 0.0 1.2290443288200883 0.0 0.0 0.0 0.0 0.0 0.0 0.0 0.0 1.0580688397558082 0.0 0.0 0.0 0.0 0.0 0.0 0.0 0.0 0.0 0.0 0.0 0.0
a2de039cxxjuga
this enhances the opposite or anti sentiments
0.0 0.24478584047828855 0.0 0.0 0.0 0.0 0.0 0.0 0.0 0.0 1.0142613038883959 0.0 0.0 0.0 1.1602114821072502 0.0 0.0 0.0 0.0 0.0 0.0 0.0 0.0 1.27605865585244 0.06092579883279333 1.087236392997823 0.4614708819159395 0.0 0.0 0.0 0.0 0.0 0.0 0.0 0.0
a3u16uhguaktzs
and it invokes hostile sentiments
0.19879300796045837 0.0 0.0 0.0 0.0 0.0 0.40503108740532506 0.0 0.0 0.0 0.0 0.0 0.0 0.0 1.6242960749501503 0.0 0.0 0.0 0.0 0.0 0.0 0.0 0.0 0.0 0.0 0.0 0.0 1.9251115543054051 1.741853407930574 0.0 0.0 0.0 0.0 0.0 0.0
a6tw9zegog7ph
so this promotes more opposition
0.0 0.34270017666960395 0.0 0.7243341408840973 0.0 0.0 0.0 0.0 0.0 0.0 0.0 0.0 0.0 0.0 0.0 0.0 0.0 0.0 0.0 0.7068495778898655 1.786482118193416 1.1487987947167175 0.0 0.0 0.0 0.0 0.0 0.0 0.0 0.0 0.0 0.0 0.0 0.0 0.0
ayeowkx2r19vz
this promotes more opposition
0.0 0.42837522083700497 0.0 0.9054176761051216 0.0 0.0 0.0 0.0 0.0 0.0 0.0 0.0 0.0 0.0 0.0 0.0 0.0 0.0 0.0 0.0 2.23310264774177 1.435998493395897 0.0 0.0 0.0 0.0 0.0 0.0 0.0 0.0 0.0 0.0 0.0 0.0 0.0
a3m6cl5oao31z
so this promotes more opposition
0.0 0.34270017666960395 0.0 0.7243341408840973 0.0 0.0 0.0 0.0 0.0 0.0 0.0 0.0 0.0 0.0 0.0 0.0 0.0 0.0 0.0 0.7068495778898655 1.786482118193416 1.1487987947167175 0.0 0.0 0.0 0.0 0.0 0.0 0.0 0.0 0.0 0.0 0.0 0.0 0.0
a262d9pq8d093q
and this causes more opposing feelings
0.16566083996704864 0.2855834805580033 0.0 0.6036117840700811 1.1421615082145407 0.0 0.0 0.0 0.0 0.0 0.0 0.0 0.0 1.2290443288200883 0.0 0.0 0.0 0.0 0.0 0.0 0.0 0.0 1.0580688397558082 0.0 0.0 0.0 0.0 0.0 0.0 0.0 0.0 0.0 0.0 0.0 0.0
a227cwgbxgw4yh
and this causes more opposing feelings
0.16566083996704864 0.2855834805580033 0.0 0.6036117840700811 1.1421615082145407 0.0 0.0 0.0 0.0 0.0 0.0 0.0 0.0 1.2290443288200883 0.0 0.0 0.0 0.0 0.0 0.0 0.0 0.0 1.0580688397558082 0.0 0.0 0.0 0.0 0.0 0.0 0.0 0.0 0.0 0.0 0.0 0.0
a2zhr3rebfem5a
and this causes more feelings of opposition
0.1419950056860417 0.24478584047828855 0.0 0.5173815292029266 0.9789955784696064 0.0 0.0 0.0 0.0 0.0 0.0 0.0 0.0 0.0 0.0 0.0 0.0 0.0 0.0 0.0 0.0 0.8205705676547982 0.9069161483621213 0.0 0.0 0.0 0.0 0.0 0.0 0.11999168322825975 0.0 0.0 0.0 0.0 0.0
a3ac8dxx921q9m
this enhances the opposite or anti sentiments
0.0 0.24478584047828855 0.0 0.0 0.0 0.0 0.0 0.0 0.0 0.0 1.0142613038883959 0.0 0.0 0.0 1.1602114821072502 0.0 0.0 0.0 0.0 0.0 0.0 0.0 0.0 1.27605865585244 0.06092579883279333 1.087236392997823 0.4614708819159395 0.0 0.0 0.0 0.0 0.0 0.0 0.0 0.0
a230hf2okthmdz
this enhances the opposite or anti sentiments
0.0 0.24478584047828855 0.0 0.0 0.0 0.0 0.0 0.0 0.0 0.0 1.0142613038883959 0.0 0.0 0.0 1.1602114821072502 0.0 0.0 0.0 0.0 0.0 0.0 0.0 0.0 1.27605865585244 0.06092579883279333 1.087236392997823 0.4614708819159395 0.0 0.0 0.0 0.0 0.0 0.0 0.0 0.0
a2ylf04uakyvf1
this enhances the opposition viewpoint and antiamerican sentiment
0.12424562997528649 0.21418761041850248 0.0 0.0 0.0 0.0 0.0 0.0 0.0 0.0 0.0 0.0 0.0 0.0 0.0 0.0 0.0 0.0 0.0 0.0 0.0 0.7179992466979485 0.0 1.116551323870885 0.05331007397869417 0.0 0.0 0.0 0.0 0.0 1.0020149823866156 1.2898381190108714 1.1525115829273576 0.0 0.0
a3kgfvvjyor2nl
thus invoking hostile sentiments
0.0 0.0 0.0 0.0 0.0 0.0 0.0 0.0 0.0 0.0 0.0 0.0 0.0 0.0 2.030370093687688 0.0 0.0 0.0 0.0 0.0 0.0 0.0 0.0 0.0 0.0 0.0 0.0 0.0 2.1773167599132175 0.0 0.0 0.0 0.0 1.6908392226493891 2.579676238021743
