however the position taken by karachi police regarding this incident has not yet come forth did give any statement about no immediate stand of forward have clarified their how ever aim came in showing after being unfortunately role was recalled immediately clear instant arrived is still unclear stance wasnt
however the position taken by karachi police regarding this incident has not yet come forth
0.2931417688295437 0.028432039455303555 0.3671013731143036 0.2896596893478473 0.16636395076009652 0.28137537799471535 0.25340224527831307 0.357525192965714 0.11423339222320132 0.3087819730498101 0.13685317452874823 0.14270849921582424 0.36139101014240393 0.29260772057980505 0.5414320249833834 0.0 0.0 0.0 0.0 0.0 0.0 0.0 0.0 0.0 0.0 0.0 0.0 0.0 0.0 0.0 0.0 0.0 0.0 0.0 0.0 0.0 0.0 0.0 0.0 0.0 0.0 0.0 0.0 0.0 0.0 0.0 0.0 0.0 0.0
however karachi police did not give any statement about this incident
0.3997387756766505 0.0 0.0 0.0 0.0 0.38369369726552094 0.3455485162886087 0.0 0.15577280757709272 0.4210663268861046 0.0 0.19460249893066942 0.0 0.0 0.0 0.3669489277446331 0.401213009457491 0.3221217146500526 0.46447443629505 0.28327670505124847 0.0 0.0 0.0 0.0 0.0 0.0 0.0 0.0 0.0 0.0 0.0 0.0 0.0 0.0 0.0 0.0 0.0 0.0 0.0 0.0 0.0 0.0 0.0 0.0 0.0 0.0 0.0 0.0 0.0
however no immediate stand of the karachi police regarding this incident has come forward
0.31408046660308253 0.030462899416396665 0.0 0.0 0.0 0.3014736192800522 0.2715024056553354 0.38306270674897924 0.12239292023914428 0.3308378282676537 0.14662840128080168 0.0 0.0 0.31350827204979115 0.0 0.0 0.0 0.0 0.0 0.0 0.23774631797093498 0.4249469356871392 0.4388798344422381 0.05999584161412987 0.4830969207569683 0.0 0.0 0.0 0.0 0.0 0.0 0.0 0.0 0.0 0.0 0.0 0.0 0.0 0.0 0.0 0.0 0.0 0.0 0.0 0.0 0.0 0.0 0.0 0.0
karachi police have not yet clarified their position
0.0 0.0 0.6883150745893192 0.0 0.0 0.5275788337400913 0.475129209896837 0.0 0.0 0.0 0.0 0.26757843602967046 0.6776081440170074 0.0 0.0 0.0 0.0 0.0 0.0 0.0 0.0 0.0 0.0 0.0 0.0 0.2859962534985537 1.0020149823866156 0.3721526374654762 0.0 0.0 0.0 0.0 0.0 0.0 0.0 0.0 0.0 0.0 0.0 0.0 0.0 0.0 0.0 0.0 0.0 0.0 0.0 0.0 0.0
a353ocl6lm6m4o
how ever the aim of karachi police did not came in showing after this being
0.0 0.028432039455303555 0.0 0.0 0.0 0.28137537799471535 0.25340224527831307 0.0 0.11423339222320132 0.0 0.0 0.14270849921582424 0.0 0.0 0.0 0.2690958803460643 0.0 0.0 0.0 0.0 0.0 0.0 0.0 0.05599611883985455 0.0 0.0 0.0 0.0 0.2615628902647681 0.36239353530004 0.4849455009575699 0.3211631161028163 0.06865538016377874 0.432670903706525 0.1989148715476771 0.24370481707307784 0.0 0.0 0.0 0.0 0.0 0.0 0.0 0.0 0.0 0.0 0.0 0.0 0.0
a3bz8b0jpubzqq
unfortunately regarding the incident the role of the karachi police was not recalled immediately
0.0 0.09138869824919 0.0 0.0 0.0 0.3014736192800522 0.2715024056553354 0.38306270674897924 0.0 0.3308378282676537 0.0 0.15290196344552598 0.0 0.0 0.0 0.0 0.0 0.0 0.0 0.0 0.0 0.0 0.0 0.05999584161412987 0.0 0.0 0.0 0.0 0.0 0.0 0.0 0.0 0.0 0.0 0.0 0.0 0.45906318956973885 0.32987581276402034 0.15698706649958089 0.519584465311682 0.4315742023622082 0.0 0.0 0.0 0.0 0.0 0.0 0.0 0.0
a3dd3acpmvdvca
however the stand of the karachi police about this incident was not immediately clear
0.31408046660308253 0.06092579883279333 0.0 0.0 0.0 0.3014736192800522 0.2715024056553354 0.0 0.12239292023914428 0.3308378282676537 0.0 0.15290196344552598 0.0 0.0 0.0 0.0 0.0 0.0 0.0 0.2225745539688381 0.0 0.0 0.4388798344422381 0.05999584161412987 0.0 0.0 0.0 0.0 0.0 0.0 0.0 0.0 0.0 0.0 0.0 0.0 0.0 0.0 0.15698706649958089 0.0 0.4315742023622082 0.3489273534666237 0.0 0.0 0.0 0.0 0.0 0.0 0.0
a8v7wa74iohz9
however no instant statement of police has arrived
0.5496408165553944 0.0 0.0 0.0 0.0 0.0 0.475129209896837 0.0 0.0 0.0 0.25659970224140294 0.0 0.0 0.0 0.0 0.0 0.0 0.0 0.6386523499056938 0.0 0.41605605644913624 0.0 0.0 0.10499272282472728 0.0 0.0 0.0 0.0 0.0 0.0 0.0 0.0 0.0 0.0 0.0 0.0 0.0 0.0 0.0 0.0 0.0 0.0 1.029907926300892 0.8925813902173781 0.0 0.0 0.0 0.0 0.0
a2zhr3rebfem5a
however the aim of karachi police did not came in showing after this being
0.31408046660308253 0.030462899416396665 0.0 0.0 0.0 0.3014736192800522 0.2715024056553354 0.0 0.12239292023914428 0.0 0.0 0.15290196344552598 0.0 0.0 0.0 0.28831701465649745 0.0 0.0 0.0 0.0 0.0 0.0 0.0 0.05999584161412987 0.0 0.0 0.0 0.0 0.0 0.0 0.519584465311682 0.3441033386815889 0.07355933588976293 0.4635759682569911 0.21312307665822547 0.26111230400686913 0.0 0.0 0.0 0.0 0.0 0.0 0.0 0.0 0.0 0.0 0.0 0.0 0.0
a2miig4vdudbb6
however the aim of karachi police did not come in showing after this being
0.31408046660308253 0.030462899416396665 0.0 0.0 0.0 0.3014736192800522 0.2715024056553354 0.0 0.12239292023914428 0.0 0.0 0.15290196344552598 0.0 0.31350827204979115 0.0 0.28831701465649745 0.0 0.0 0.0 0.0 0.0 0.0 0.0 0.05999584161412987 0.0 0.0 0.0 0.0 0.0 0.0 0.519584465311682 0.0 0.07355933588976293 0.4635759682569911 0.21312307665822547 0.26111230400686913 0.0 0.0 0.0 0.0 0.0 0.0 0.0 0.0 0.0 0.0 0.0 0.0 0.0
a2qxd8jqk5bvez
however the aim of karachi police did not come after this being
0.3664272110369296 0.03554004931912944 0.0 0.0 0.0 0.3517192224933942 0.31675280659789135 0.0 0.14279174027900166 0.0 0.0 0.1783856240197803 0.0 0.3657596507247563 0.0 0.33636985043258033 0.0 0.0 0.0 0.0 0.0 0.0 0.0 0.06999514854981818 0.0 0.0 0.0 0.0 0.0 0.0 0.6061818761969623 0.0 0.0 0.0 0.24864358943459638 0.3046310213413473 0.0 0.0 0.0 0.0 0.0 0.0 0.0 0.0 0.0 0.0 0.0 0.0 0.0
a1395pss402i1j
unfortunately regarding the incident the role of the karachi police was not recalled immediately
0.0 0.09138869824919 0.0 0.0 0.0 0.3014736192800522 0.2715024056553354 0.38306270674897924 0.0 0.3308378282676537 0.0 0.15290196344552598 0.0 0.0 0.0 0.0 0.0 0.0 0.0 0.0 0.0 0.0 0.0 0.05999584161412987 0.0 0.0 0.0 0.0 0.0 0.0 0.0 0.0 0.0 0.0 0.0 0.0 0.45906318956973885 0.32987581276402034 0.15698706649958089 0.519584465311682 0.4315742023622082 0.0 0.0 0.0 0.0 0.0 0.0 0.0 0.0
a1g9f1kosfkijh
unfortunately regarding the incident the role of the karachi police was not recalled immediately
0.0 0.09138869824919 0.0 0.0 0.0 0.3014736192800522 0.2715024056553354 0.38306270674897924 0.0 0.3308378282676537 0.0 0.15290196344552598 0.0 0.0 0.0 0.0 0.0 0.0 0.0 0.0 0.0 0.0 0.0 0.05999584161412987 0.0 0.0 0.0 0.0 0.0 0.0 0.0 0.0 0.0 0.0 0.0 0.0 0.45906318956973885 0.32987581276402034 0.15698706649958089 0.519584465311682 0.4315742023622082 0.0 0.0 0.0 0.0 0.0 0.0 0.0 0.0
a1gnof24z9gaez
the role of the karachi police in this incident is still unclear
0.0 0.07108009863825888 0.0 0.0 0.0 0.3517192224933942 0.31675280659789135 0.0 0.14279174027900166 0.3859774663122626 0.0 0.0 0.0 0.0 0.0 0.0 0.0 0.0 0.0 0.0 0.0 0.0 0.0 0.06999514854981818 0.0 0.0 0.0 0.0 0.0 0.0 0.0 0.0 0.08581922520472342 0.0 0.0 0.0 0.0 0.38485511489135704 0.0 0.0 0.0 0.0 0.0 0.0 0.10890129323621885 0.35555131526354616 0.7443675492472567 0.0 0.0
a230hf2okthmdz
however the stand of the karachi police about this incident was not immediately clear
0.31408046660308253 0.06092579883279333 0.0 0.0 0.0 0.3014736192800522 0.2715024056553354 0.0 0.12239292023914428 0.3308378282676537 0.0 0.15290196344552598 0.0 0.0 0.0 0.0 0.0 0.0 0.0 0.2225745539688381 0.0 0.0 0.4388798344422381 0.05999584161412987 0.0 0.0 0.0 0.0 0.0 0.0 0.0 0.0 0.0 0.0 0.0 0.0 0.0 0.0 0.15698706649958089 0.0 0.4315742023622082 0.3489273534666237 0.0 0.0 0.0 0.0 0.0 0.0 0.0
a6tw9zegog7ph
however the stance of the karachi police regarding this incident was not immediately clear
0.31408046660308253 0.06092579883279333 0.0 0.0 0.0 0.3014736192800522 0.2715024056553354 0.38306270674897924 0.12239292023914428 0.3308378282676537 0.0 0.15290196344552598 0.0 0.0 0.0 0.0 0.0 0.0 0.0 0.0 0.0 0.0 0.0 0.05999584161412987 0.0 0.0 0.0 0.0 0.0 0.0 0.0 0.0 0.0 0.0 0.0 0.0 0.0 0.0 0.15698706649958089 0.0 0.4315742023622082 0.3489273534666237 0.0 0.0 0.0 0.0 0.0 0.4635759682569911 0.0
a3pkikuziexv59
however the position of the karachi police wasnt immediately clear
0.4397126532443155 0.08529611836591067 0.5506520596714554 0.0 0.0 0.422063066992073 0.38010336791746957 0.0 0.0 0.0 0.0 0.0 0.0 0.0 0.0 0.0 0.0 0.0 0.0 0.0 0.0 0.0 0.0 0.08399417825978182 0.0 0.0 0.0 0.0 0.0 0.0 0.0 0.0 0.0 0.0 0.0 0.0 0.0 0.0 0.0 0.0 0.6042038833070915 0.4884982948532731 0.0 0.0 0.0 0.0 0.0 0.0 0.7060608414065489
a3ohqrf1mdq99b
however no immediate statement of police has arrived
0.5496408165553944 0.0 0.0 0.0 0.0 0.0 0.475129209896837 0.0 0.0 0.0 0.25659970224140294 0.0 0.0 0.0 0.0 0.0 0.0 0.0 0.6386523499056938 0.0 0.41605605644913624 0.7436571374524936 0.0 0.10499272282472728 0.0 0.0 0.0 0.0 0.0 0.0 0.0 0.0 0.0 0.0 0.0 0.0 0.0 0.0 0.0 0.0 0.0 0.0 0.0 0.8925813902173781 0.0 0.0 0.0 0.0 0.0
