bbc end your twofaced policy those running should stop dual o people this pursuing of using a double standard close quadrant please dualheaded policies closes closed the dualsided
bbc end your twofaced policy
0.8810403892897402 0.9440565986177193 0.7487258222974701 1.9251115543054051 0.9088306813085124 0.0 0.0 0.0 0.0 0.0 0.0 0.0 0.0 0.0 0.0 0.0 0.0 0.0 0.0 0.0 0.0 0.0 0.0 0.0 0.0 0.0 0.0 0.0
those running bbc should stop dual policy
0.6293145637783858 0.0 0.0 0.0 0.6491647723632231 0.5696004431704685 0.8990504659074031 0.4277449961054912 0.6583254192445859 1.1076793706607764 0.0 0.0 0.0 0.0 0.0 0.0 0.0 0.0 0.0 0.0 0.0 0.0 0.0 0.0 0.0 0.0 0.0 0.0
o bbc people stop this dual policy
0.6293145637783858 0.0 0.0 0.0 0.6491647723632231 0.0 0.0 0.0 0.6583254192445859 1.1076793706607764 0.9661938415139366 0.38669465035807915 0.24478584047828855 0.0 0.0 0.0 0.0 0.0 0.0 0.0 0.0 0.0 0.0 0.0 0.0 0.0 0.0 0.0
bbc stop pursuing your policy of using a double standard
0.4405201946448701 0.0 0.37436291114873504 0.0 0.4544153406542562 0.0 0.0 0.0 0.46082779347121006 0.0 0.0 0.0 0.0 0.870926703965287 0.08399417825978182 0.5212759478186391 0.14178833471717434 0.6348413038534849 0.6512042462316651 0.0 0.0 0.0 0.0 0.0 0.0 0.0 0.0 0.0
a3sw1e5d0b9v9a
bbc people stop this dual policy
0.7342003244081168 0.0 0.0 0.0 0.757358901090427 0.0 0.0 0.0 0.7680463224520168 1.292292599104239 0.0 0.4511437587510923 0.2855834805580033 0.0 0.0 0.0 0.0 0.0 0.0 0.0 0.0 0.0 0.0 0.0 0.0 0.0 0.0 0.0
a3bz8b0jpubzqq
bbc people close quadrant policy
0.8810403892897402 0.0 0.0 0.0 0.9088306813085124 0.0 0.0 0.0 0.0 0.0 0.0 0.5413725105013107 0.0 0.0 0.0 0.0 0.0 0.0 0.0 1.1487987947167175 1.786482118193416 0.0 0.0 0.0 0.0 0.0 0.0 0.0
a143bvgouf83je
o bbc please stop this dualheaded policy
0.6293145637783858 0.0 0.0 0.0 0.6491647723632231 0.0 0.0 0.0 0.6583254192445859 0.0 0.9661938415139366 0.0 0.24478584047828855 0.0 0.0 0.0 0.0 0.0 0.0 0.0 0.0 0.759251235163073 1.317156094774123 0.0 0.0 0.0 0.0 0.0
a2i57ww1b3evwx
bbc people please stop double policies
0.7342003244081168 0.0 0.0 0.0 0.0 0.0 0.0 0.0 0.7680463224520168 0.0 0.0 0.4511437587510923 0.0 0.0 0.0 0.0 0.0 1.0580688397558082 0.0 0.0 0.0 0.8857931076902519 0.0 0.9218688682174875 0.0 0.0 0.0 0.0
a2mrhza4l9w9cl
bbc people stop this dual policy
0.7342003244081168 0.0 0.0 0.0 0.757358901090427 0.0 0.0 0.0 0.7680463224520168 1.292292599104239 0.0 0.4511437587510923 0.2855834805580033 0.0 0.0 0.0 0.0 0.0 0.0 0.0 0.0 0.0 0.0 0.0 0.0 0.0 0.0 0.0
a1g9f1kosfkijh
bbc people stop this dual policy
0.7342003244081168 0.0 0.0 0.0 0.757358901090427 0.0 0.0 0.0 0.7680463224520168 1.292292599104239 0.0 0.4511437587510923 0.2855834805580033 0.0 0.0 0.0 0.0 0.0 0.0 0.0 0.0 0.0 0.0 0.0 0.0 0.0 0.0 0.0
ajfwu2g6a1bhs
bbc people stop this dual policy
0.7342003244081168 0.0 0.0 0.0 0.757358901090427 0.0 0.0 0.0 0.7680463224520168 1.292292599104239 0.0 0.4511437587510923 0.2855834805580033 0.0 0.0 0.0 0.0 0.0 0.0 0.0 0.0 0.0 0.0 0.0 0.0 0.0 0.0 0.0
a3qu3km3iywhif
bbc closes quadrant policy
1.1013004866121752 0.0 0.0 0.0 1.1360383516356405 0.0 0.0 0.0 0.0 0.0 0.0 0.0 0.0 0.0 0.0 0.0 0.0 0.0 0.0 0.0 2.23310264774177 0.0 0.0 0.0 2.579676238021743 0.0 0.0 0.0
a330jjzgjl7ig2
bbc people close quadrant policy
0.8810403892897402 0.0 0.0 0.0 0.9088306813085124 0.0 0.0 0.0 0.0 0.0 0.0 0.5413725105013107 0.0 0.0 0.0 0.0 0.0 0.0 0.0 1.1487987947167175 1.786482118193416 0.0 0.0 0.0 0.0 0.0 0.0 0.0
a19b522xqflysa
bbc people closed the quadrant policy
0.7342003244081168 0.0 0.0 0.0 0.757358901090427 0.0 0.0 0.0 0.0 0.0 0.0 0.4511437587510923 0.0 0.0 0.0 0.0 0.0 0.0 0.0 0.0 1.4887350984945134 0.0 0.0 0.0 0.0 0.9643509098222859 0.07108009863825888 0.0
a87c5tu9lryej
o bbc please stop this dualheaded policy
0.6293145637783858 0.0 0.0 0.0 0.6491647723632231 0.0 0.0 0.0 0.6583254192445859 0.0 0.9661938415139366 0.0 0.24478584047828855 0.0 0.0 0.0 0.0 0.0 0.0 0.0 0.0 0.759251235163073 1.317156094774123 0.0 0.0 0.0 0.0 0.0
a227cwgbxgw4yh
bbc please stop this dualsided policy
0.7342003244081168 0.0 0.0 0.0 0.757358901090427 0.0 0.0 0.0 0.7680463224520168 0.0 0.0 0.0 0.2855834805580033 0.0 0.0 0.0 0.0 0.0 0.0 0.0 0.0 0.8857931076902519 0.0 0.0 0.0 0.0 0.0 1.719784158681162
au2ar4vob7vlv
bbc please stop this dualheaded policy
0.7342003244081168 0.0 0.0 0.0 0.757358901090427 0.0 0.0 0.0 0.7680463224520168 0.0 0.0 0.0 0.2855834805580033 0.0 0.0 0.0 0.0 0.0 0.0 0.0 0.0 0.8857931076902519 1.53668211056981 0.0 0.0 0.0 0.0 0.0
a1i3buq2a7w9zl
bbc people please stop double policies
0.7342003244081168 0.0 0.0 0.0 0.0 0.0 0.0 0.0 0.7680463224520168 0.0 0.0 0.4511437587510923 0.0 0.0 0.0 0.0 0.0 1.0580688397558082 0.0 0.0 0.0 0.8857931076902519 0.0 0.9218688682174875 0.0 0.0 0.0 0.0
