voter registration began this week for the upcoming presidential election in southern afghanistan was started south elections to be held shortly voters had parts of electing leader at that begin recent years number chemical and herbal health supplements has greatly increased popularity a major one which is human growth hormone commonly known as hgh
voter registration began this week for the upcoming presidential election in southern afghanistan
0.500926343255127 0.48008980832163467 0.48274259109634 0.13180776025753999 0.4109208622820305 0.1485161307032627 0.0328061993715041 0.5247844146631147 0.45383571879156714 0.41252906880659307 0.07921774634282162 0.44184569027566056 0.31725381238325373 0.0 0.0 0.0 0.0 0.0 0.0 0.0 0.0 0.0 0.0 0.0 0.0 0.0 0.0 0.0 0.0 0.0 0.0 0.0 0.0 0.0 0.0 0.0 0.0 0.0 0.0 0.0 0.0 0.0 0.0 0.0 0.0 0.0 0.0 0.0 0.0 0.0 0.0 0.0 0.0 0.0
voter registration was started this week in south afghanistan for the presidential elections to be held shortly
0.3830613213127442 0.36712750048125004 0.0 0.10079416960870705 0.31423360056861155 0.11357115877308324 0.02508709363703255 0.0 0.34705084378178663 0.0 0.06057827661509889 0.0 0.2426058565283705 0.1292834665290666 0.27448328069519534 0.3069905014272219 0.3154634055579829 0.06352201821830356 0.12628370270347944 0.3080765051236769 0.5254359171157106 0.0 0.0 0.0 0.0 0.0 0.0 0.0 0.0 0.0 0.0 0.0 0.0 0.0 0.0 0.0 0.0 0.0 0.0 0.0 0.0 0.0 0.0 0.0 0.0 0.0 0.0 0.0 0.0 0.0 0.0 0.0 0.0 0.0
for the upcoming presidential elections in southern afghanistan voter registration began this week
0.500926343255127 0.48008980832163467 0.48274259109634 0.13180776025753999 0.4109208622820305 0.1485161307032627 0.0328061993715041 0.5247844146631147 0.45383571879156714 0.0 0.07921774634282162 0.44184569027566056 0.31725381238325373 0.0 0.0 0.0 0.41252906880659307 0.0 0.0 0.0 0.0 0.0 0.0 0.0 0.0 0.0 0.0 0.0 0.0 0.0 0.0 0.0 0.0 0.0 0.0 0.0 0.0 0.0 0.0 0.0 0.0 0.0 0.0 0.0 0.0 0.0 0.0 0.0 0.0 0.0 0.0 0.0 0.0 0.0
voter registration for the upcoming presidential election started in southern afghanistan this week
0.500926343255127 0.48008980832163467 0.0 0.13180776025753999 0.4109208622820305 0.1485161307032627 0.0328061993715041 0.5247844146631147 0.45383571879156714 0.41252906880659307 0.07921774634282162 0.44184569027566056 0.31725381238325373 0.0 0.35893967475525546 0.0 0.0 0.0 0.0 0.0 0.0 0.0 0.0 0.0 0.0 0.0 0.0 0.0 0.0 0.0 0.0 0.0 0.0 0.0 0.0 0.0 0.0 0.0 0.0 0.0 0.0 0.0 0.0 0.0 0.0 0.0 0.0 0.0 0.0 0.0 0.0 0.0 0.0 0.0
a2aktvoca80377
voter registration for upcoming presidential election in southern afghanistan started this week
0.5426702051930542 0.5200972923484376 0.0 0.14279174027900166 0.44516426747219967 0.1608924749285346 0.0 0.5685164492183742 0.49165536202419774 0.4469064912071425 0.08581922520472342 0.47866616446529897 0.3436916300818582 0.0 0.38885131431819336 0.0 0.0 0.0 0.0 0.0 0.0 0.0 0.0 0.0 0.0 0.0 0.0 0.0 0.0 0.0 0.0 0.0 0.0 0.0 0.0 0.0 0.0 0.0 0.0 0.0 0.0 0.0 0.0 0.0 0.0 0.0 0.0 0.0 0.0 0.0 0.0 0.0 0.0 0.0
a143bvgouf83je
in southern afghanistan the voters registration had to be started this week for the upcoming presidential election
0.0 0.36712750048125004 0.0 0.10079416960870705 0.31423360056861155 0.11357115877308324 0.0501741872740651 0.40130572886002885 0.34705084378178663 0.3154634055579829 0.06057827661509889 0.3378819984460934 0.2426058565283705 0.0 0.27448328069519534 0.0 0.0 0.06352201821830356 0.12628370270347944 0.0 0.0 0.41763700748345706 0.2035994640906812 0.0 0.0 0.0 0.0 0.0 0.0 0.0 0.0 0.0 0.0 0.0 0.0 0.0 0.0 0.0 0.0 0.0 0.0 0.0 0.0 0.0 0.0 0.0 0.0 0.0 0.0 0.0 0.0 0.0 0.0 0.0
a3dd3acpmvdvca
the voter registration for the upcoming presidential elections had started this week in south afghanistan
0.4341361641544434 0.41607783387875 0.0 0.11423339222320132 0.35613141397775977 0.12871397994282768 0.05686407891060711 0.4548131593746994 0.3933242896193582 0.0 0.06865538016377874 0.0 0.27495330406548657 0.0 0.3110810514545547 0.34792256828418483 0.357525192965714 0.0 0.0 0.0 0.0 0.0 0.230746059302772 0.0 0.0 0.0 0.0 0.0 0.0 0.0 0.0 0.0 0.0 0.0 0.0 0.0 0.0 0.0 0.0 0.0 0.0 0.0 0.0 0.0 0.0 0.0 0.0 0.0 0.0 0.0 0.0 0.0 0.0 0.0
a2i57ww1b3evwx
in southern parts of afghanistan for electing leader voter registration at that week was started
0.4341361641544434 0.41607783387875 0.0 0.0 0.35613141397775977 0.12871397994282768 0.0 0.0 0.0 0.0 0.06865538016377874 0.3829329315722392 0.27495330406548657 0.1465212620662755 0.3110810514545547 0.0 0.0 0.0 0.0 0.0 0.0 0.0 0.0 0.42449741556703624 0.05599611883985455 0.614672844227924 0.29662720259687975 0.206506656926965 0.08053829495065332 0.0 0.0 0.0 0.0 0.0 0.0 0.0 0.0 0.0 0.0 0.0 0.0 0.0 0.0 0.0 0.0 0.0 0.0 0.0 0.0 0.0 0.0 0.0 0.0 0.0
a1g9f1kosfkijh
voter registration for upcoming presidential election in southern afghanistan started this week
0.5426702051930542 0.5200972923484376 0.0 0.14279174027900166 0.44516426747219967 0.1608924749285346 0.0 0.5685164492183742 0.49165536202419774 0.4469064912071425 0.08581922520472342 0.47866616446529897 0.3436916300818582 0.0 0.38885131431819336 0.0 0.0 0.0 0.0 0.0 0.0 0.0 0.0 0.0 0.0 0.0 0.0 0.0 0.0 0.0 0.0 0.0 0.0 0.0 0.0 0.0 0.0 0.0 0.0 0.0 0.0 0.0 0.0 0.0 0.0 0.0 0.0 0.0 0.0 0.0 0.0 0.0 0.0 0.0
au2ar4vob7vlv
voter registration for presidential election in southern afghanistan began
0.7235602735907389 0.6934630564645834 0.6972948538058245 0.0 0.0 0.21452329990471278 0.0 0.0 0.6555404826989304 0.5958753216095233 0.1144256336062979 0.6382215526203986 0.45825550677581095 0.0 0.0 0.0 0.0 0.0 0.0 0.0 0.0 0.0 0.0 0.0 0.0 0.0 0.0 0.0 0.0 0.0 0.0 0.0 0.0 0.0 0.0 0.0 0.0 0.0 0.0 0.0 0.0 0.0 0.0 0.0 0.0 0.0 0.0 0.0 0.0 0.0 0.0 0.0 0.0 0.0
a3qu3km3iywhif
voter registration for the upcoming presidential election in southern afghanistan started this week
0.500926343255127 0.48008980832163467 0.0 0.13180776025753999 0.4109208622820305 0.1485161307032627 0.0328061993715041 0.5247844146631147 0.45383571879156714 0.41252906880659307 0.07921774634282162 0.44184569027566056 0.31725381238325373 0.0 0.35893967475525546 0.0 0.0 0.0 0.0 0.0 0.0 0.0 0.0 0.0 0.0 0.0 0.0 0.0 0.0 0.0 0.0 0.0 0.0 0.0 0.0 0.0 0.0 0.0 0.0 0.0 0.0 0.0 0.0 0.0 0.0 0.0 0.0 0.0 0.0 0.0 0.0 0.0 0.0 0.0
a2u70ov2bw11tg
in southern afghanistan the voters registration had to begin this week for the upcoming presidential election
0.0 0.3900729692613282 0.0 0.10709380520925124 0.33387320060414977 0.12066935619640094 0.05331007397869417 0.42638733691378067 0.3687415215181483 0.33517986840535685 0.06436441890354257 0.35899962334897423 0.25776872256139366 0.0 0.0 0.0 0.0 0.06749214435694753 0.0 0.0 0.0 0.44373932045117315 0.21632443059634876 0.0 0.0 0.0 0.0 0.0 0.0 0.43665627761948544 0.0 0.0 0.0 0.0 0.0 0.0 0.0 0.0 0.0 0.0 0.0 0.0 0.0 0.0 0.0 0.0 0.0 0.0 0.0 0.0 0.0 0.0 0.0 0.0
air4uqnpimfcj
in southern afghanistan voter registration had to be started this week for the upcoming presidential election
0.4070026538947907 0.3900729692613282 0.0 0.10709380520925124 0.33387320060414977 0.12066935619640094 0.026655036989347083 0.42638733691378067 0.3687415215181483 0.33517986840535685 0.06436441890354257 0.35899962334897423 0.25776872256139366 0.0 0.29163848573864504 0.0 0.0 0.06749214435694753 0.1341764341224469 0.0 0.0 0.0 0.21632443059634876 0.0 0.0 0.0 0.0 0.0 0.0 0.0 0.0 0.0 0.0 0.0 0.0 0.0 0.0 0.0 0.0 0.0 0.0 0.0 0.0 0.0 0.0 0.0 0.0 0.0 0.0 0.0 0.0 0.0 0.0 0.0
a1kf7gs7yulm10
in southern afghanistan voter registration had to be started this week for the upcoming presidential election
0.4070026538947907 0.3900729692613282 0.0 0.10709380520925124 0.33387320060414977 0.12066935619640094 0.026655036989347083 0.42638733691378067 0.3687415215181483 0.33517986840535685 0.06436441890354257 0.35899962334897423 0.25776872256139366 0.0 0.29163848573864504 0.0 0.0 0.06749214435694753 0.1341764341224469 0.0 0.0 0.0 0.21632443059634876 0.0 0.0 0.0 0.0 0.0 0.0 0.0 0.0 0.0 0.0 0.0 0.0 0.0 0.0 0.0 0.0 0.0 0.0 0.0 0.0 0.0 0.0 0.0 0.0 0.0 0.0 0.0 0.0 0.0 0.0 0.0
a6tw9zegog7ph
the voter registration for the upcoming presidential elections had started this week in south afghanistan
0.4341361641544434 0.41607783387875 0.0 0.11423339222320132 0.35613141397775977 0.12871397994282768 0.05686407891060711 0.4548131593746994 0.3933242896193582 0.0 0.06865538016377874 0.0 0.27495330406548657 0.0 0.3110810514545547 0.34792256828418483 0.357525192965714 0.0 0.0 0.0 0.0 0.0 0.230746059302772 0.0 0.0 0.0 0.0 0.0 0.0 0.0 0.0 0.0 0.0 0.0 0.0 0.0 0.0 0.0 0.0 0.0 0.0 0.0 0.0 0.0 0.0 0.0 0.0 0.0 0.0 0.0 0.0 0.0 0.0 0.0
a14b80scbt25dr
the voter registration for the upcoming presidential elections had started this week in south afghanistan
0.4341361641544434 0.41607783387875 0.0 0.11423339222320132 0.35613141397775977 0.12871397994282768 0.05686407891060711 0.4548131593746994 0.3933242896193582 0.0 0.06865538016377874 0.0 0.27495330406548657 0.0 0.3110810514545547 0.34792256828418483 0.357525192965714 0.0 0.0 0.0 0.0 0.0 0.230746059302772 0.0 0.0 0.0 0.0 0.0 0.0 0.0 0.0 0.0 0.0 0.0 0.0 0.0 0.0 0.0 0.0 0.0 0.0 0.0 0.0 0.0 0.0 0.0 0.0 0.0 0.0 0.0 0.0 0.0 0.0 0.0
ajfwu2g6a1bhs
the voter registration for the upcoming presidential elections had started this week in south afghanistan
0.4341361641544434 0.41607783387875 0.0 0.11423339222320132 0.35613141397775977 0.12871397994282768 0.05686407891060711 0.4548131593746994 0.3933242896193582 0.0 0.06865538016377874 0.0 0.27495330406548657 0.0 0.3110810514545547 0.34792256828418483 0.357525192965714 0.0 0.0 0.0 0.0 0.0 0.230746059302772 0.0 0.0 0.0 0.0 0.0 0.0 0.0 0.0 0.0 0.0 0.0 0.0 0.0 0.0 0.0 0.0 0.0 0.0 0.0 0.0 0.0 0.0 0.0 0.0 0.0 0.0 0.0 0.0 0.0 0.0 0.0
a1mmshjhu659at
in recent years the number of chemical and herbal health supplements has greatly increased in popularity a major one of which is human growth hormone commonly known as hgh
0.0 0.0 0.0 0.0 0.0 0.0 0.014706227304467356 0.0 0.0 0.0 0.07102280706597801 0.0 0.0 0.0 0.0 0.0 0.0 0.0 0.0 0.0 0.0 0.0 0.0 0.0 0.05792701948950471 0.0 0.0 0.0 0.0 0.0 0.19701844021030618 0.14214692497560172 0.1570177189414526 0.23853474380775225 0.03427465654490662 0.24216786503733245 0.1980687577097789 0.24216786503733245 0.07078612475624908 0.2216167122060808 0.17046298428975193 0.21463311689189207 0.04889252921281874 0.20648177971726342 0.10106881768985966 0.10398396209828174 0.045062604097745734 0.15333059181419154 0.24091380834178508 0.24216786503733245 0.24482169404202656 0.1816844463737046 0.09087245762183258 0.24216786503733245
