when will there be justice from the courts court come provide we use of law judicial play its role into in handy work system legal find through that is
when will there be justice from the courts
0.4071713231470666 0.276939149975148 0.35799812534037123 0.2683528682448938 0.7080930752411809 0.3016118299285049 0.05331007397869417 0.990101209911075 0.0 0.0 0.0 0.0 0.0 0.0 0.0 0.0 0.0 0.0 0.0 0.0 0.0 0.0 0.0 0.0 0.0 0.0 0.0 0.0 0.0
when will justice from the court come
0.465338655025219 0.31650188568588344 0.0 0.0 0.809249228847064 0.34469923420400556 0.06092579883279333 0.0 0.8296922065100173 0.6270165440995823 0.0 0.0 0.0 0.0 0.0 0.0 0.0 0.0 0.0 0.0 0.0 0.0 0.0 0.0 0.0 0.0 0.0 0.0 0.0
when will the courts provide justice
0.5428950975294221 0.36925219996686404 0.0 0.0 0.9441241003215746 0.0 0.07108009863825888 1.3201349465481 0.0 0.0 0.9773929426389105 0.0 0.0 0.0 0.0 0.0 0.0 0.0 0.0 0.0 0.0 0.0 0.0 0.0 0.0 0.0 0.0 0.0 0.0
when will we use the court of law
0.4071713231470666 0.276939149975148 0.0 0.0 0.0 0.0 0.05331007397869417 0.0 0.7259806806962651 0.0 0.0 0.3828009640495363 0.6214496776711878 0.10499272282472728 0.5731704593986532 0.0 0.0 0.0 0.0 0.0 0.0 0.0 0.0 0.0 0.0 0.0 0.0 0.0 0.0
a2de039cxxjuga
when will the judicial justice play its role
0.4071713231470666 0.276939149975148 0.0 0.0 0.7080930752411809 0.0 0.05331007397869417 0.0 0.0 0.0 0.0 0.0 0.0 0.0 0.0 0.8925813902173781 0.6853028806419366 0.41422787029676383 0.5772826723370356 0.0 0.0 0.0 0.0 0.0 0.0 0.0 0.0 0.0 0.0
a3dd3acpmvdvca
when will court justice come into play
0.465338655025219 0.31650188568588344 0.0 0.0 0.809249228847064 0.0 0.0 0.0 0.8296922065100173 0.6270165440995823 0.0 0.0 0.0 0.0 0.0 0.0 0.7832032921622132 0.0 0.0 0.6573824643829641 0.0 0.0 0.0 0.0 0.0 0.0 0.0 0.0 0.0
a143bvgouf83je
when the judicial justice will come in handy
0.4071713231470666 0.276939149975148 0.0 0.0 0.7080930752411809 0.0 0.05331007397869417 0.0 0.0 0.5486394760871345 0.0 0.0 0.0 0.0 0.0 0.8925813902173781 0.0 0.0 0.0 0.0 0.12872883780708513 1.0465993503789572 0.0 0.0 0.0 0.0 0.0 0.0 0.0
a3kwcqj39dxkt4
when will the court justice work
0.5428950975294221 0.36925219996686404 0.0 0.0 0.9441241003215746 0.0 0.07108009863825888 0.0 0.9679742409283535 0.0 0.0 0.0 0.0 0.0 0.0 0.0 0.0 0.0 0.0 0.0 0.0 0.0 0.6929162717319824 0.0 0.0 0.0 0.0 0.0 0.0
a230hf2okthmdz
when will the judicial justice play its role
0.4071713231470666 0.276939149975148 0.0 0.0 0.7080930752411809 0.0 0.05331007397869417 0.0 0.0 0.0 0.0 0.0 0.0 0.0 0.0 0.8925813902173781 0.6853028806419366 0.41422787029676383 0.5772826723370356 0.0 0.0 0.0 0.0 0.0 0.0 0.0 0.0 0.0 0.0
a1dndzlo2d5d48
when will the judicial justice system play its role
0.3619300650196148 0.24616813331124268 0.0 0.0 0.6294160668810497 0.0 0.04738673242550592 0.0 0.0 0.0 0.0 0.0 0.0 0.0 0.0 0.793405680193225 0.6091581161261659 0.3682025513749012 0.5131401531884761 0.0 0.0 0.0 0.0 0.6682933176536445 0.0 0.0 0.0 0.0 0.0
ay9joh7iihjwe
when will judicial justice play its role
0.465338655025219 0.31650188568588344 0.0 0.0 0.809249228847064 0.0 0.0 0.0 0.0 0.0 0.0 0.0 0.0 0.0 0.0 1.0200930173912892 0.7832032921622132 0.4734032803391587 0.6597516255280407 0.0 0.0 0.0 0.0 0.0 0.0 0.0 0.0 0.0 0.0
a1g46au4nrpshg
when will court justice come into play
0.465338655025219 0.31650188568588344 0.0 0.0 0.809249228847064 0.0 0.0 0.0 0.8296922065100173 0.6270165440995823 0.0 0.0 0.0 0.0 0.0 0.0 0.7832032921622132 0.0 0.0 0.6573824643829641 0.0 0.0 0.0 0.0 0.0 0.0 0.0 0.0 0.0
a6tw9zegog7ph
when will legal justice come into play
0.465338655025219 0.31650188568588344 0.0 0.0 0.809249228847064 0.0 0.0 0.0 0.0 0.6270165440995823 0.0 0.0 0.0 0.0 0.0 0.0 0.7832032921622132 0.0 0.0 0.6573824643829641 0.0 0.0 0.0 0.0 0.8799745526753284 0.0 0.0 0.0 0.0
a2eldzaxlm8quo
when will we find justice through the courts
0.4071713231470666 0.276939149975148 0.0 0.0 0.7080930752411809 0.0 0.05331007397869417 0.990101209911075 0.0 0.0 0.0 0.3828009640495363 0.0 0.0 0.0 0.0 0.0 0.0 0.0 0.0 0.0 0.0 0.0 0.0 0.0 0.6978133129615595 0.5923718907625936 0.0 0.0
a1yacxzap25ksb
when will the judicial justice be of use
0.4071713231470666 0.276939149975148 0.0 0.2683528682448938 0.7080930752411809 0.0 0.05331007397869417 0.0 0.0 0.0 0.0 0.0 0.6214496776711878 0.10499272282472728 0.0 0.8925813902173781 0.0 0.0 0.0 0.0 0.0 0.0 0.0 0.0 0.0 0.0 0.0 0.0 0.0
au2ar4vob7vlv
that is when the judicial justice will come in handy
0.3257370585176533 0.2215513199801184 0.0 0.0 0.5664744601929448 0.0 0.042648059182955333 0.0 0.0 0.4389115808697076 0.0 0.0 0.0 0.0 0.0 0.7140651121739026 0.0 0.0 0.0 0.0 0.1029830702456681 0.8372794803031658 0.0 0.0 0.0 0.0 0.0 0.12080744242597999 0.13068155188346262
a6tw9zegog7ph
the judicial justice will come in handy
0.0 0.31650188568588344 0.0 0.0 0.809249228847064 0.0 0.06092579883279333 0.0 0.0 0.6270165440995823 0.0 0.0 0.0 0.0 0.0 1.0200930173912892 0.0 0.0 0.0 0.0 0.14711867177952587 1.1961135432902368 0.0 0.0 0.0 0.0 0.0 0.0 0.0
arq4j4tltpbnc
when will the court system work
0.5428950975294221 0.36925219996686404 0.0 0.0 0.0 0.0 0.07108009863825888 0.0 0.9679742409283535 0.0 0.0 0.0 0.0 0.0 0.0 0.0 0.0 0.0 0.0 0.0 0.0 0.0 0.6929162717319824 1.0024399764804668 0.0 0.0 0.0 0.0 0.0
