sri lankans are proud of their spinners while pakistan trusts its fast bowling if the and pakistanis rely on bowlers srilankans trust srilankan there spiner pakistani believing bowler sirilankans than has siri lanka venerates pakistans reliance is in believes then sure to be values relies
sri lankans are proud of their spinners while pakistan trusts its fast bowling
0.47383245144056146 0.6440611386947429 0.1620105041425251 0.4943757426135649 0.06461090635367833 0.22901700767106228 0.5907421248055162 0.3086484357799196 0.18136026816950773 0.6440611386947429 0.25490945864416237 0.5492808555183866 0.5595525011048883 0.0 0.0 0.0 0.0 0.0 0.0 0.0 0.0 0.0 0.0 0.0 0.0 0.0 0.0 0.0 0.0 0.0 0.0 0.0 0.0 0.0 0.0 0.0 0.0 0.0 0.0 0.0 0.0 0.0 0.0 0.0 0.0
if sri lankans are proud of their spinners pakistan trusts its fast bowling
0.47383245144056146 0.6440611386947429 0.1620105041425251 0.4943757426135649 0.06461090635367833 0.22901700767106228 0.5907421248055162 0.0 0.18136026816950773 0.6440611386947429 0.25490945864416237 0.5492808555183866 0.5595525011048883 0.23222366040990844 0.0 0.0 0.0 0.0 0.0 0.0 0.0 0.0 0.0 0.0 0.0 0.0 0.0 0.0 0.0 0.0 0.0 0.0 0.0 0.0 0.0 0.0 0.0 0.0 0.0 0.0 0.0 0.0 0.0 0.0 0.0
the sri lankans are proud of their spinners and the pakistanis rely on their fast bowling
0.3849888667954562 0.5232996751894786 0.13163353461580166 0.4016802908735215 0.05249636141236364 0.3721526374654762 0.479977976404482 0.0 0.0 0.0 0.0 0.4462906951086891 0.45463640714772174 0.0 0.05331007397869417 0.06212281498764324 0.3511390366434097 0.5762557914636788 0.1170629851484877 0.0 0.0 0.0 0.0 0.0 0.0 0.0 0.0 0.0 0.0 0.0 0.0 0.0 0.0 0.0 0.0 0.0 0.0 0.0 0.0 0.0 0.0 0.0 0.0 0.0 0.0
sri lankans are proud of their spinners while pakistan trusts its fast bowlers
0.47383245144056146 0.6440611386947429 0.1620105041425251 0.4943757426135649 0.06461090635367833 0.22901700767106228 0.5907421248055162 0.3086484357799196 0.18136026816950773 0.6440611386947429 0.25490945864416237 0.5492808555183866 0.0 0.0 0.0 0.0 0.0 0.0 0.0 0.6092930522529693 0.0 0.0 0.0 0.0 0.0 0.0 0.0 0.0 0.0 0.0 0.0 0.0 0.0 0.0 0.0 0.0 0.0 0.0 0.0 0.0 0.0 0.0 0.0 0.0 0.0
a143bvgouf83je
if the srilankans are proud of their spinners the pakistanis trust their fast bowlers
0.0 0.0 0.1504383252752019 0.45906318956973885 0.05999584161412987 0.42531729996054424 0.5485462587479794 0.0 0.0 0.0 0.0 0.5100465086956446 0.0 0.215636256094915 0.06092579883279333 0.0 0.4013017561638968 0.0 0.0 0.5657721199491857 0.6090675344899225 0.4810847152593472 0.0 0.0 0.0 0.0 0.0 0.0 0.0 0.0 0.0 0.0 0.0 0.0 0.0 0.0 0.0 0.0 0.0 0.0 0.0 0.0 0.0 0.0 0.0
alzgu09bjzsiw
srilankan are proud of there spiner while pakistani are believing on their fast bowler
0.0 0.0 0.3008766505504038 0.45906318956973885 0.05999584161412987 0.21265864998027212 0.0 0.2866021189384968 0.0 0.0 0.0 0.5100465086956446 0.0 0.0 0.0 0.0 0.0 0.0 0.1337862687411288 0.0 0.0 0.0 0.5267332837800379 0.20457035733735499 0.63802932792622 0.26286694020860357 0.5885188150290811 0.63802932792622 0.0 0.0 0.0 0.0 0.0 0.0 0.0 0.0 0.0 0.0 0.0 0.0 0.0 0.0 0.0 0.0 0.0
a21xirv18up71h
if the sirilankans are proud of their spinners than pakistan has its fast bowlers
0.0 0.0 0.1504383252752019 0.45906318956973885 0.05999584161412987 0.21265864998027212 0.5485462587479794 0.0 0.1684059633002572 0.0 0.23670164016957934 0.5100465086956446 0.0 0.215636256094915 0.030462899416396665 0.0 0.0 0.0 0.0 0.5657721199491857 0.0 0.0 0.0 0.0 0.0 0.0 0.0 0.0 0.687539840823359 0.2969641164565639 0.14662840128080168 0.0 0.0 0.0 0.0 0.0 0.0 0.0 0.0 0.0 0.0 0.0 0.0 0.0 0.0
a1es9zcdrlgxls
if siri lanka venerates its spinners pakistans reliance is on its fast bowlers
0.0 0.0 0.0 0.0 0.0 0.0 0.5907421248055162 0.0 0.0 0.0 0.5098189172883247 0.5492808555183866 0.0 0.23222366040990844 0.0 0.0 0.0 0.0 0.1440775201827541 0.6092930522529693 0.0 0.0 0.0 0.0 0.0 0.0 0.0 0.0 0.0 0.0 0.0 0.7404275208866943 0.5431237241588838 0.7937465347759208 0.38813118411717107 0.6871085069974677 0.10052427067958664 0.0 0.0 0.0 0.0 0.0 0.0 0.0 0.0
aw4q48bn2x4nt
if the srilankans are proud of their spinners the pakistanis trust their fast bowlers
0.0 0.0 0.1504383252752019 0.45906318956973885 0.05999584161412987 0.42531729996054424 0.5485462587479794 0.0 0.0 0.0 0.0 0.5100465086956446 0.0 0.215636256094915 0.06092579883279333 0.0 0.4013017561638968 0.0 0.0 0.5657721199491857 0.6090675344899225 0.4810847152593472 0.0 0.0 0.0 0.0 0.0 0.0 0.0 0.0 0.0 0.0 0.0 0.0 0.0 0.0 0.0 0.0 0.0 0.0 0.0 0.0 0.0 0.0 0.0
a6tw9zegog7ph
if the sri lankans are proud of their spinners the pakistanis trust their fast bowlers
0.4106547912484866 0.5581863202021106 0.14040910359018843 0.4284589769317562 0.05599611883985455 0.39696281329650795 0.5119765081647808 0.0 0.0 0.0 0.0 0.476043408115935 0.0 0.20126050568858733 0.05686407891060711 0.0 0.3745483057529703 0.0 0.0 0.52805397861924 0.0 0.449012400908724 0.0 0.0 0.0 0.0 0.0 0.0 0.0 0.0 0.0 0.0 0.0 0.0 0.0 0.0 0.0 0.0 0.0 0.0 0.0 0.0 0.0 0.0 0.0
a291u81kgj6l9n
if the srilankans are proud of their spinners the pakistanis trust their fast bowlers
0.0 0.0 0.1504383252752019 0.45906318956973885 0.05999584161412987 0.42531729996054424 0.5485462587479794 0.0 0.0 0.0 0.0 0.5100465086956446 0.0 0.215636256094915 0.06092579883279333 0.0 0.4013017561638968 0.0 0.0 0.5657721199491857 0.6090675344899225 0.4810847152593472 0.0 0.0 0.0 0.0 0.0 0.0 0.0 0.0 0.0 0.0 0.0 0.0 0.0 0.0 0.0 0.0 0.0 0.0 0.0 0.0 0.0 0.0 0.0
a28rvh40gat7un
srilankan is proud of their spiner while pakistani is believing in their fast bowler
0.0 0.0 0.0 0.45906318956973885 0.05999584161412987 0.42531729996054424 0.0 0.2866021189384968 0.0 0.0 0.0 0.5100465086956446 0.0 0.0 0.0 0.0 0.0 0.0 0.0 0.0 0.0 0.0 0.5267332837800379 0.0 0.63802932792622 0.26286694020860357 0.5885188150290811 0.63802932792622 0.0 0.0 0.0 0.0 0.0 0.0 0.0 0.0 0.18668793126208946 0.07355933588976293 0.0 0.0 0.0 0.0 0.0 0.0 0.0
a31ikb373dzonk
srilankan is proud of spiner pakistani believes in their fast bowler
0.0 0.0 0.0 0.5842622412705767 0.07635834387252893 0.27065646361125545 0.0 0.0 0.0 0.0 0.0 0.649150101976275 0.0 0.0 0.0 0.0 0.0 0.0 0.0 0.0 0.0 0.0 0.6703878157200482 0.0 0.8120373264515528 0.3345579239018591 0.0 0.8120373264515528 0.0 0.0 0.0 0.0 0.0 0.0 0.0 0.0 0.11880141080314784 0.09362097295060737 0.7048868722386759 0.0 0.0 0.0 0.0 0.0 0.0
a2rcbwy8ulhnj0
srilankans are proud of there spiner while pakistani are believing in their fast bowler
0.0 0.0 0.3008766505504038 0.45906318956973885 0.05999584161412987 0.21265864998027212 0.0 0.2866021189384968 0.0 0.0 0.0 0.5100465086956446 0.0 0.0 0.0 0.0 0.0 0.0 0.0 0.0 0.6090675344899225 0.0 0.0 0.20457035733735499 0.63802932792622 0.26286694020860357 0.5885188150290811 0.63802932792622 0.0 0.0 0.0 0.0 0.0 0.0 0.0 0.0 0.0 0.07355933588976293 0.0 0.0 0.0 0.0 0.0 0.0 0.0
a2sb2bw2w4t4ww
while the sri lankans are proud of their spinners pakistan has its fast bowlers
0.4399872763376642 0.5980567716451184 0.1504383252752019 0.45906318956973885 0.05999584161412987 0.21265864998027212 0.5485462587479794 0.2866021189384968 0.1684059633002572 0.0 0.23670164016957934 0.5100465086956446 0.0 0.0 0.030462899416396665 0.0 0.0 0.0 0.0 0.5657721199491857 0.0 0.0 0.0 0.0 0.0 0.0 0.0 0.0 0.0 0.0 0.14662840128080168 0.0 0.0 0.0 0.0 0.0 0.0 0.0 0.0 0.0 0.0 0.0 0.0 0.0 0.0
au2ar4vob7vlv
if the sirilankans are proud of their spinners then pakistan has its fast bowlers
0.0 0.0 0.1504383252752019 0.45906318956973885 0.05999584161412987 0.21265864998027212 0.5485462587479794 0.0 0.1684059633002572 0.0 0.23670164016957934 0.5100465086956446 0.0 0.215636256094915 0.030462899416396665 0.0 0.0 0.0 0.0 0.5657721199491857 0.0 0.0 0.0 0.0 0.0 0.0 0.0 0.0 0.687539840823359 0.0 0.14662840128080168 0.0 0.0 0.0 0.0 0.0 0.0 0.0 0.0 0.24951749398797599 0.0 0.0 0.0 0.0 0.0
a2oe085okcwole
if the srilankans are proud of their spinners then pakistan is sure to be proud of its fast bowlers
0.0 0.0 0.1108492923080435 0.676514174102773 0.08841492448398088 0.15669584735388473 0.4041919801300901 0.0 0.12408860453703162 0.0 0.1744117348617953 0.37582374324942236 0.0 0.15888987291204262 0.022446346938397543 0.0 0.0 0.0 0.0 0.4168847199625579 0.44878660436099554 0.0 0.0 0.0 0.0 0.0 0.0 0.0 0.0 0.0 0.0 0.0 0.0 0.0 0.0 0.0 0.06877976414919085 0.0 0.0 0.18385499557008755 0.3210103814163613 0.05683548998479792 0.11299068136627106 0.0 0.0
amd40d0gc1l4r
if sri lanka values its spinners pakistan relies on its fast bowlers
0.5133184890606083 0.0 0.0 0.0 0.0 0.0 0.639970635205976 0.0 0.19647362385030007 0.0 0.5523038270623518 0.5950542601449188 0.0 0.25157563211073414 0.0 0.0 0.0 0.0 0.1560839801979836 0.66006747327405 0.0 0.0 0.0 0.0 0.0 0.0 0.0 0.0 0.0 0.0 0.0 0.0 0.5883840345054574 0.0 0.0 0.0 0.0 0.0 0.0 0.0 0.0 0.0 0.0 0.5883840345054574 0.859892079340581
