buried ash an that was hidden and in these subdued embers to a bowed on some suppressed ashes music it is about the dust silent
buried ash
3.66148633926649 4.119631705203568 0.0 0.0 0.0 0.0 0.0 0.0 0.0 0.0 0.0 0.0 0.0 0.0 0.0 0.0 0.0 0.0 0.0 0.0 0.0 0.0 0.0 0.0 0.0
an ash that was hidden
0.0 1.647852682081427 0.5900730531551179 0.24161488485195998 0.43956378619882647 1.5359295244943423 0.0 0.0 0.0 0.0 0.0 0.0 0.0 0.0 0.0 0.0 0.0 0.0 0.0 0.0 0.0 0.0 0.0 0.0 0.0
and in these subdued embers
0.0 0.0 0.0 0.0 0.0 0.0 0.19879300796045837 0.2059661404913362 0.6023005274644465 2.0637409904173944 1.705389096571783 0.0 0.0 0.0 0.0 0.0 0.0 0.0 0.0 0.0 0.0 0.0 0.0 0.0 0.0
to a bowed ash
0.0 2.059815852601784 0.0 0.0 0.0 0.0 0.0 0.0 0.0 0.0 0.0 0.2699685774277901 0.35447083679293584 2.23310264774177 0.0 0.0 0.0 0.0 0.0 0.0 0.0 0.0 0.0 0.0 0.0
a3dd3acpmvdvca
on some suppressed ashes
0.0 0.0 0.0 0.0 0.0 0.0 0.0 0.0 0.0 0.0 0.0 0.0 0.0 0.0 0.4682519405939508 0.9941458833414548 1.98020241982215 2.23310264774177 0.0 0.0 0.0 0.0 0.0 0.0 0.0
a143bvgouf83je
to a buried ash
1.830743169633245 2.059815852601784 0.0 0.0 0.0 0.0 0.0 0.0 0.0 0.0 0.0 0.2699685774277901 0.35447083679293584 0.0 0.0 0.0 0.0 0.0 0.0 0.0 0.0 0.0 0.0 0.0 0.0
a172x4w90uost1
a suppressed music
0.0 0.0 0.0 0.0 0.0 0.0 0.0 0.0 0.0 0.0 0.0 0.0 0.4726277823905811 0.0 0.0 0.0 2.6402698930962 0.0 2.135560648886275 0.0 0.0 0.0 0.0 0.0 0.0
a1aczgd5azz3r7
it is about the dust buried
1.2204954464221633 0.0 0.0 0.0 0.0 0.0 0.0 0.0 0.0 0.0 0.0 0.0 0.0 0.0 0.0 0.0 0.0 0.0 0.0 0.33752590617110423 0.2178025864724377 0.5193406259272889 0.07108009863825888 1.4211575804764858 0.0
a143awku99stc9
on some suppressed ashes
0.0 0.0 0.0 0.0 0.0 0.0 0.0 0.0 0.0 0.0 0.0 0.0 0.0 0.0 0.4682519405939508 0.9941458833414548 1.98020241982215 2.23310264774177 0.0 0.0 0.0 0.0 0.0 0.0 0.0
a1wgq344wqriu5
on some suppressed ashes
0.0 0.0 0.0 0.0 0.0 0.0 0.0 0.0 0.0 0.0 0.0 0.0 0.0 0.0 0.4682519405939508 0.9941458833414548 1.98020241982215 2.23310264774177 0.0 0.0 0.0 0.0 0.0 0.0 0.0
a1dndzlo2d5d48
on some suppressed ashes
0.0 0.0 0.0 0.0 0.0 0.0 0.0 0.0 0.0 0.0 0.0 0.0 0.0 0.0 0.4682519405939508 0.9941458833414548 1.98020241982215 2.23310264774177 0.0 0.0 0.0 0.0 0.0 0.0 0.0
a3andctf0w1pqd
to a buried ash
1.830743169633245 2.059815852601784 0.0 0.0 0.0 0.0 0.0 0.0 0.0 0.0 0.0 0.2699685774277901 0.35447083679293584 0.0 0.0 0.0 0.0 0.0 0.0 0.0 0.0 0.0 0.0 0.0 0.0
a6tw9zegog7ph
to buried ash
2.4409908928443267 2.7464211368023785 0.0 0.0 0.0 0.0 0.0 0.0 0.0 0.0 0.0 0.3599581032370535 0.0 0.0 0.0 0.0 0.0 0.0 0.0 0.0 0.0 0.0 0.0 0.0 0.0
a2qxd8jqk5bvez
to a buried ash
1.830743169633245 2.059815852601784 0.0 0.0 0.0 0.0 0.0 0.0 0.0 0.0 0.0 0.2699685774277901 0.35447083679293584 0.0 0.0 0.0 0.0 0.0 0.0 0.0 0.0 0.0 0.0 0.0 0.0
a330jjzgjl7ig2
a suppressed music
0.0 0.0 0.0 0.0 0.0 0.0 0.0 0.0 0.0 0.0 0.0 0.0 0.4726277823905811 0.0 0.0 0.0 2.6402698930962 0.0 2.135560648886275 0.0 0.0 0.0 0.0 0.0 0.0
a2zhr3rebfem5a
a silent music
0.0 0.0 0.0 0.0 0.0 0.0 0.0 0.0 0.0 0.0 0.0 0.0 0.4726277823905811 0.0 0.0 0.0 0.0 0.0 2.135560648886275 0.0 0.0 0.0 0.0 0.0 2.1491679803930266
a230hf2okthmdz
a suppressed music
0.0 0.0 0.0 0.0 0.0 0.0 0.0 0.0 0.0 0.0 0.0 0.0 0.4726277823905811 0.0 0.0 0.0 2.6402698930962 0.0 2.135560648886275 0.0 0.0 0.0 0.0 0.0 0.0
aonmraht4motn
it is about the dust buried
1.2204954464221633 0.0 0.0 0.0 0.0 0.0 0.0 0.0 0.0 0.0 0.0 0.0 0.0 0.0 0.0 0.0 0.0 0.0 0.0 0.33752590617110423 0.2178025864724377 0.5193406259272889 0.07108009863825888 1.4211575804764858 0.0
