the snow will disappear ice be vanished vanish till it disappears melt
the snow will disappear
0.10662014795738833 1.8713729020076886 0.553878299950296 1.8713729020076886 0.0 0.0 0.0 0.0 0.0 0.0 0.0 0.0
the snow will disappear
0.10662014795738833 1.8713729020076886 0.553878299950296 1.8713729020076886 0.0 0.0 0.0 0.0 0.0 0.0 0.0 0.0
the snow will disappear
0.10662014795738833 1.8713729020076886 0.553878299950296 1.8713729020076886 0.0 0.0 0.0 0.0 0.0 0.0 0.0 0.0
ice will be vanished
0.0 0.0 0.553878299950296 0.0 2.1773167599132175 0.5367057364897876 2.004029964773231 0.0 0.0 0.0 0.0 0.0
a1sanjgoj47idf
ice will disappear
0.0 0.0 0.7385043999337281 2.495163869343585 2.9030890132176235 0.0 0.0 0.0 0.0 0.0 0.0 0.0
a143bvgouf83je
the snow will vanish
0.10662014795738833 1.8713729020076886 0.553878299950296 0.0 0.0 0.0 0.0 1.9584495755747426 0.0 0.0 0.0 0.0
a1wyssw33m2fz2
snow till disappear
0.0 2.495163869343585 0.0 2.495163869343585 0.0 0.0 0.0 0.0 1.8579242745745734 0.0 0.0 0.0
a1aczgd5azz3r7
snow will disappear
0.0 2.495163869343585 0.7385043999337281 2.495163869343585 0.0 0.0 0.0 0.0 0.0 0.0 0.0 0.0
au2ar4vob7vlv
ice will disappear
0.0 0.0 0.7385043999337281 2.495163869343585 2.9030890132176235 0.0 0.0 0.0 0.0 0.0 0.0 0.0
a3andctf0w1pqd
ice will disappear
0.0 0.0 0.7385043999337281 2.495163869343585 2.9030890132176235 0.0 0.0 0.0 0.0 0.0 0.0 0.0
a31ikb373dzonk
ice will disappear
0.0 0.0 0.7385043999337281 2.495163869343585 2.9030890132176235 0.0 0.0 0.0 0.0 0.0 0.0 0.0
a6tw9zegog7ph
the snow will vanish
0.10662014795738833 1.8713729020076886 0.553878299950296 0.0 0.0 0.0 0.0 1.9584495755747426 0.0 0.0 0.0 0.0
a2qxd8jqk5bvez
the snow will vanish
0.10662014795738833 1.8713729020076886 0.553878299950296 0.0 0.0 0.0 0.0 1.9584495755747426 0.0 0.0 0.0 0.0
a3l62wt9zlhu7v
the snow will vanish
0.10662014795738833 1.8713729020076886 0.553878299950296 0.0 0.0 0.0 0.0 1.9584495755747426 0.0 0.0 0.0 0.0
a3of46tb7y6sbp
it will snow till it disappears
0.0 1.2475819346717925 0.36925219996686404 0.0 0.0 0.0 0.0 0.0 0.9289621372872867 0.6750518123422085 1.719784158681162 0.0
a291u81kgj6l9n
snow till disappear
0.0 2.495163869343585 0.0 2.495163869343585 0.0 0.0 0.0 0.0 1.8579242745745734 0.0 0.0 0.0
air4uqnpimfcj
snow till disappear
0.0 2.495163869343585 0.0 2.495163869343585 0.0 0.0 0.0 0.0 1.8579242745745734 0.0 0.0 0.0
a1aklmhymfgmc2
the snow will melt
0.10662014795738833 1.8713729020076886 0.553878299950296 0.0 0.0 0.0 0.0 0.0 0.0 0.0 0.0 2.1773167599132175
