it was very perplexing why there a need to lie i used feel great hesitation upon the of telling lies felt uneasy about get restless thinking that no say false things is troubling what tell its frustratingwhat necessity speak become much irritation because reason always perplexed at be told lying often frustrating frustratingthat they necessary mad not just truth caused such an but
it was very perplexing why there was a need to lie
0.18410503972969322 0.39960344199893316 0.3768108043804576 0.938064086553361 0.35237861687443384 0.26036227297481546 0.12889848610652213 0.4659771001087964 0.09817039179192368 0.6319462838273179 0.0 0.0 0.0 0.0 0.0 0.0 0.0 0.0 0.0 0.0 0.0 0.0 0.0 0.0 0.0 0.0 0.0 0.0 0.0 0.0 0.0 0.0 0.0 0.0 0.0 0.0 0.0 0.0 0.0 0.0 0.0 0.0 0.0 0.0 0.0 0.0 0.0 0.0 0.0 0.0 0.0 0.0 0.0 0.0 0.0 0.0 0.0 0.0 0.0 0.0 0.0 0.0 0.0
i used to feel great hesitation upon the need of telling lies
0.0 0.0 0.0 0.0 0.0 0.0 0.0 0.42714567509973 0.08998952580926338 0.0 0.2706650704022245 0.386544361922492 0.4778114561180333 0.39397649763134285 0.859892079340581 0.43592571807121555 0.03554004931912944 0.06999514854981818 0.5852390071735535 0.5685164492183742 0.0 0.0 0.0 0.0 0.0 0.0 0.0 0.0 0.0 0.0 0.0 0.0 0.0 0.0 0.0 0.0 0.0 0.0 0.0 0.0 0.0 0.0 0.0 0.0 0.0 0.0 0.0 0.0 0.0 0.0 0.0 0.0 0.0 0.0 0.0 0.0 0.0 0.0 0.0 0.0 0.0 0.0 0.0
i felt uneasy about telling a lie
0.0 0.0 0.0 0.0 0.0 0.0 0.20255476388167762 0.0 0.0 0.9930584460143567 0.4639972635466706 0.0 0.0 0.0 0.0 0.0 0.0 0.0 1.0032668694403772 0.0 0.8734303332422864 1.317156094774123 0.4451491079376762 0.0 0.0 0.0 0.0 0.0 0.0 0.0 0.0 0.0 0.0 0.0 0.0 0.0 0.0 0.0 0.0 0.0 0.0 0.0 0.0 0.0 0.0 0.0 0.0 0.0 0.0 0.0 0.0 0.0 0.0 0.0 0.0 0.0 0.0 0.0 0.0 0.0 0.0 0.0 0.0
i get restless thinking that there was no need to say false things
0.0 0.16906299469185632 0.0 0.0 0.0 0.22030653867099767 0.0 0.39428831547667387 0.08306725459316619 0.0 0.24984468037128416 0.0 0.0 0.0 0.0 0.0 0.0 0.0 0.0 0.0 0.0 0.0 0.0 0.33461518400781576 0.7937465347759208 0.40678977159188734 0.09292880186613844 0.2560344962763915 0.301036653388933 0.5595525011048883 0.4169896270873892 0.0 0.0 0.0 0.0 0.0 0.0 0.0 0.0 0.0 0.0 0.0 0.0 0.0 0.0 0.0 0.0 0.0 0.0 0.0 0.0 0.0 0.0 0.0 0.0 0.0 0.0 0.0 0.0 0.0 0.0 0.0 0.0
a3dd3acpmvdvca
it is very troubling that what is the need to tell lies
0.16876295308555211 0.0 0.3454099040154195 0.0 0.0 0.0 0.0 0.42714567509973 0.08998952580926338 0.0 0.0 0.0 0.0 0.0 0.0 0.0 0.03554004931912944 0.0 0.0 0.5685164492183742 0.0 0.0 0.0 0.0 0.0 0.0 0.10067286868831665 0.0 0.0 0.0 0.0 0.2178025864724377 0.6767900312292293 0.2568638007777189 0.4253140995398321 0.0 0.0 0.0 0.0 0.0 0.0 0.0 0.0 0.0 0.0 0.0 0.0 0.0 0.0 0.0 0.0 0.0 0.0 0.0 0.0 0.0 0.0 0.0 0.0 0.0 0.0 0.0 0.0
alzgu09bjzsiw
its frustratingwhat is the necessity to speak lie
0.0 0.0 0.0 0.0 0.0 0.0 0.0 0.0 0.13498428871389506 0.8689261402625621 0.0 0.0 0.0 0.0 0.0 0.0 0.05331007397869417 0.0 0.0 0.0 0.0 0.0 0.0 0.0 0.0 0.0 0.0 0.0 0.0 0.0 0.0 0.16335193985432828 0.0 0.0 0.0 0.41422787029676383 1.2898381190108714 0.9692194493281793 0.7587762137547015 0.0 0.0 0.0 0.0 0.0 0.0 0.0 0.0 0.0 0.0 0.0 0.0 0.0 0.0 0.0 0.0 0.0 0.0 0.0 0.0 0.0 0.0 0.0 0.0
a28z6a8uc4er3x
become much irritation because what was the reason to tell lie
0.0 0.19980172099946658 0.0 0.0 0.0 0.0 0.0 0.0 0.09817039179192368 0.6319462838273179 0.0 0.0 0.0 0.0 0.0 0.0 0.03877096289359576 0.0 0.0 0.0 0.0 0.0 0.0 0.0 0.0 0.0 0.0 0.0 0.0 0.0 0.0 0.0 0.0 0.28021505539387515 0.46397901767981686 0.0 0.0 0.0 0.0 0.38308288360654413 0.44212580333902446 0.7611631639119689 0.3563736379592512 0.43832152061761537 0.0 0.0 0.0 0.0 0.0 0.0 0.0 0.0 0.0 0.0 0.0 0.0 0.0 0.0 0.0 0.0 0.0 0.0 0.0
a132zmwemnnusa
i was always perplexed at the need of telling a lie
0.0 0.19980172099946658 0.0 0.0 0.0 0.0 0.12889848610652213 0.4659771001087964 0.0 0.6319462838273179 0.29527098589333584 0.0 0.0 0.0 0.0 0.0 0.03877096289359576 0.07635834387252893 0.6384425532802401 0.0 0.0 0.0 0.0 0.0 0.0 0.0 0.0 0.0 0.0 0.0 0.0 0.0 0.0 0.0 0.0 0.0 0.0 0.0 0.0 0.0 0.0 0.0 0.0 0.0 0.46648355874965597 0.8381902421289873 0.2815999867185886 0.0 0.0 0.0 0.0 0.0 0.0 0.0 0.0 0.0 0.0 0.0 0.0 0.0 0.0 0.0 0.0
a1e4smxrh1paux
it is very troubling that the need to tell lies
0.20251554370266253 0.0 0.4144918848185034 0.0 0.0 0.0 0.0 0.512574810119676 0.10798743097111604 0.0 0.0 0.0 0.0 0.0 0.0 0.0 0.042648059182955333 0.0 0.0 0.682219739062049 0.0 0.0 0.0 0.0 0.0 0.0 0.12080744242597999 0.0 0.0 0.0 0.0 0.13068155188346262 0.8121480374750751 0.0 0.5103769194477985 0.0 0.0 0.0 0.0 0.0 0.0 0.0 0.0 0.0 0.0 0.0 0.0 0.0 0.0 0.0 0.0 0.0 0.0 0.0 0.0 0.0 0.0 0.0 0.0 0.0 0.0 0.0 0.0
a2rcbwy8ulhnj0
it is very troubling that lies need to be told
0.20251554370266253 0.0 0.4144918848185034 0.0 0.0 0.0 0.0 0.512574810119676 0.10798743097111604 0.0 0.0 0.0 0.0 0.0 0.0 0.0 0.0 0.0 0.0 0.682219739062049 0.0 0.0 0.0 0.0 0.0 0.0 0.12080744242597999 0.0 0.0 0.0 0.0 0.13068155188346262 0.8121480374750751 0.0 0.0 0.0 0.0 0.0 0.0 0.0 0.0 0.0 0.0 0.0 0.0 0.0 0.0 0.21468229459591504 0.46049721465776017 0.0 0.0 0.0 0.0 0.0 0.0 0.0 0.0 0.0 0.0 0.0 0.0 0.0 0.0
a330jjzgjl7ig2
it is very troubling that there is the need to tell lies
0.16876295308555211 0.0 0.3454099040154195 0.0 0.0 0.2386654168935808 0.0 0.42714567509973 0.08998952580926338 0.0 0.0 0.0 0.0 0.0 0.0 0.0 0.03554004931912944 0.0 0.0 0.5685164492183742 0.0 0.0 0.0 0.0 0.0 0.0 0.10067286868831665 0.0 0.0 0.0 0.0 0.2178025864724377 0.6767900312292293 0.0 0.4253140995398321 0.0 0.0 0.0 0.0 0.0 0.0 0.0 0.0 0.0 0.0 0.0 0.0 0.0 0.0 0.0 0.0 0.0 0.0 0.0 0.0 0.0 0.0 0.0 0.0 0.0 0.0 0.0 0.0
a1lkw32z4tqsw7
the necessity of lying is often frustrating
0.0 0.0 0.0 0.0 0.0 0.0 0.0 0.0 0.0 0.0 0.0 0.0 0.0 0.0 0.0 0.0 0.06092579883279333 0.11999168322825975 0.0 0.0 0.0 0.0 0.0 0.0 0.0 0.0 0.0 0.0 0.0 0.0 0.0 0.18668793126208946 0.0 0.0 0.0 0.0 0.0 1.1076793706607764 0.0 0.0 0.0 0.0 0.0 0.0 0.0 0.0 0.0 0.0 0.0 1.04613895407614 0.9835311068002606 1.375079681646718 0.0 0.0 0.0 0.0 0.0 0.0 0.0 0.0 0.0 0.0 0.0
a14wwg6nkbdwgp
its frustratingthat they feel it is necessary to lie
0.22501727078073616 0.0 0.0 0.0 0.0 0.0 0.0 0.0 0.11998603441235117 0.7723787913444996 0.0 0.0 0.637081941490711 0.0 0.0 0.0 0.0 0.0 0.0 0.0 0.0 0.0 0.0 0.0 0.0 0.0 0.0 0.0 0.0 0.0 0.0 0.14520172431495848 0.0 0.0 0.0 0.3682025513749012 0.0 0.0 0.0 0.0 0.0 0.0 0.0 0.0 0.0 0.0 0.0 0.0 0.0 0.0 0.0 0.0 1.1465227724541078 0.2870787508960211 0.7235602735907389 0.0 0.0 0.0 0.0 0.0 0.0 0.0 0.0
au2ar4vob7vlv
its frustrating what is the necessity to speak lies
0.0 0.0 0.0 0.0 0.0 0.0 0.0 0.0 0.11998603441235117 0.0 0.0 0.0 0.0 0.0 0.0 0.0 0.04738673242550592 0.0 0.0 0.7580219322911657 0.0 0.0 0.0 0.0 0.0 0.0 0.0 0.0 0.0 0.0 0.0 0.14520172431495848 0.0 0.3424850677036252 0.0 0.3682025513749012 0.0 0.861528399402826 0.6744677455597347 0.0 0.0 0.0 0.0 0.0 0.0 0.0 0.0 0.0 0.0 0.0 0.0 1.0695064190585584 0.0 0.0 0.0 0.0 0.0 0.0 0.0 0.0 0.0 0.0 0.0
a301gnfg8w711q
mad why not just tell the truth
0.0 0.0 0.0 0.0 0.5537378265169675 0.0 0.0 0.0 0.0 0.0 0.0 0.0 0.0 0.0 0.0 0.0 0.06092579883279333 0.0 0.0 0.0 0.0 0.0 0.0 0.0 0.0 0.0 0.0 0.0 0.0 0.0 0.0 0.0 0.0 0.0 0.7291098849254265 0.0 0.0 0.0 0.0 0.0 0.0 0.0 0.0 0.0 0.0 0.0 0.0 0.0 0.0 0.0 0.0 0.0 0.0 0.0 0.0 1.375079681646718 0.30580392689105196 0.6491647723632231 0.7573464450388637 0.0 0.0 0.0 0.0
a3c1u2evw0nuff
the lie caused such an irritation but what was the reason to lie
0.0 0.16906299469185632 0.0 0.0 0.0 0.0 0.0 0.0 0.08306725459316619 1.0694475572462303 0.0 0.0 0.0 0.0 0.0 0.0 0.0656123987430082 0.0 0.0 0.0 0.0 0.0 0.0 0.0 0.0 0.0 0.0 0.0 0.0 0.0 0.0 0.0 0.0 0.23710504687174053 0.0 0.0 0.0 0.0 0.0 0.0 0.0 0.6440611386947429 0.0 0.37088744052259764 0.0 0.0 0.0 0.0 0.0 0.0 0.0 0.0 0.0 0.0 0.0 0.0 0.0 0.0 0.0 0.492821688204525 0.3032290772452572 0.22695117429042996 0.20089556128588446
a12ezody9kxiim
become much irritation because what was the reason to tell lie
0.0 0.19980172099946658 0.0 0.0 0.0 0.0 0.0 0.0 0.09817039179192368 0.6319462838273179 0.0 0.0 0.0 0.0 0.0 0.0 0.03877096289359576 0.0 0.0 0.0 0.0 0.0 0.0 0.0 0.0 0.0 0.0 0.0 0.0 0.0 0.0 0.0 0.0 0.28021505539387515 0.46397901767981686 0.0 0.0 0.0 0.0 0.38308288360654413 0.44212580333902446 0.7611631639119689 0.3563736379592512 0.43832152061761537 0.0 0.0 0.0 0.0 0.0 0.0 0.0 0.0 0.0 0.0 0.0 0.0 0.0 0.0 0.0 0.0 0.0 0.0 0.0
arq4j4tltpbnc
i was always perplexed at the need to tell a lie
0.0 0.19980172099946658 0.0 0.0 0.0 0.0 0.12889848610652213 0.4659771001087964 0.09817039179192368 0.6319462838273179 0.29527098589333584 0.0 0.0 0.0 0.0 0.0 0.03877096289359576 0.0 0.0 0.0 0.0 0.0 0.0 0.0 0.0 0.0 0.0 0.0 0.0 0.0 0.0 0.0 0.0 0.0 0.46397901767981686 0.0 0.0 0.0 0.0 0.0 0.0 0.0 0.0 0.0 0.46648355874965597 0.8381902421289873 0.2815999867185886 0.0 0.0 0.0 0.0 0.0 0.0 0.0 0.0 0.0 0.0 0.0 0.0 0.0 0.0 0.0 0.0
