its better if we light a candle continue to stay it would be the of peace keeps on burning giving your house and ours that glim lightened is lit lamp glows gloom kept being by hope in our garden stays prefer blossoms blazes shines
its better if we light a candle
0.4734032803391587 0.702934607224174 0.43127251218983 0.4374868160566129 0.8868330125590942 0.20255476388167762 1.1451599798704177 0.0 0.0 0.0 0.0 0.0 0.0 0.0 0.0 0.0 0.0 0.0 0.0 0.0 0.0 0.0 0.0 0.0 0.0 0.0 0.0 0.0 0.0 0.0 0.0 0.0 0.0 0.0 0.0 0.0 0.0 0.0 0.0 0.0 0.0 0.0 0.0 0.0
better light continue to stay
0.0 0.9841084501138436 0.0 0.0 1.2415662175827318 0.0 0.0 1.0175192670464768 0.2159748619422321 1.1799728688580746 0.0 0.0 0.0 0.0 0.0 0.0 0.0 0.0 0.0 0.0 0.0 0.0 0.0 0.0 0.0 0.0 0.0 0.0 0.0 0.0 0.0 0.0 0.0 0.0 0.0 0.0 0.0 0.0 0.0 0.0 0.0 0.0 0.0 0.0
it would be better if the light of peace keeps on burning
0.0 0.41004518754743485 0.25157563211073414 0.0 0.5173192573261383 0.0 0.0 0.0 0.0 0.0 0.16876295308555211 0.28825750403606404 0.17890191216326254 0.03554004931912944 0.06999514854981818 0.33123537649671997 0.5338901622215687 0.1560839801979836 0.6680099882577437 0.0 0.0 0.0 0.0 0.0 0.0 0.0 0.0 0.0 0.0 0.0 0.0 0.0 0.0 0.0 0.0 0.0 0.0 0.0 0.0 0.0 0.0 0.0 0.0 0.0
giving light to your house and ours
0.0 0.0 0.0 0.0 0.8868330125590942 0.0 0.0 0.0 0.15426775853016578 0.0 0.0 0.0 0.0 0.0 0.0 0.0 0.0 0.0 0.0 0.7517798781055233 0.5348041587839072 0.6597516255280407 0.1419950056860417 1.1602114821072502 0.0 0.0 0.0 0.0 0.0 0.0 0.0 0.0 0.0 0.0 0.0 0.0 0.0 0.0 0.0 0.0 0.0 0.0 0.0 0.0
a143bvgouf83je
its better that the glim keeps lightened
0.4734032803391587 0.702934607224174 0.0 0.0 0.0 0.0 0.0 0.0 0.0 0.0 0.0 0.0 0.0 0.06092579883279333 0.0 0.0 0.9152402780941179 0.0 0.0 0.0 0.0 0.0 0.0 0.0 0.17258206060854284 1.317156094774123 1.27605865585244 0.0 0.0 0.0 0.0 0.0 0.0 0.0 0.0 0.0 0.0 0.0 0.0 0.0 0.0 0.0 0.0 0.0
a28z6a8uc4er3x
it is better that candle keeps lit
0.0 0.702934607224174 0.0 0.0 0.0 0.0 1.1451599798704177 0.0 0.0 0.0 0.2893079195752322 0.0 0.0 0.0 0.0 0.0 0.9152402780941179 0.0 0.0 0.0 0.0 0.0 0.0 0.0 0.17258206060854284 0.0 0.0 0.18668793126208946 1.1602114821072502 0.0 0.0 0.0 0.0 0.0 0.0 0.0 0.0 0.0 0.0 0.0 0.0 0.0 0.0 0.0
a3dd3acpmvdvca
if the candle keeps burning its better
0.4734032803391587 0.702934607224174 0.43127251218983 0.0 0.0 0.0 1.1451599798704177 0.0 0.0 0.0 0.0 0.0 0.0 0.06092579883279333 0.0 0.0 0.9152402780941179 0.0 1.1451599798704177 0.0 0.0 0.0 0.0 0.0 0.0 0.0 0.0 0.0 0.0 0.0 0.0 0.0 0.0 0.0 0.0 0.0 0.0 0.0 0.0 0.0 0.0 0.0 0.0 0.0
a2i57ww1b3evwx
its better if lamp glows
0.6627645924748221 0.9841084501138436 0.603781517065762 0.0 0.0 0.0 0.0 0.0 0.0 0.0 0.0 0.0 0.0 0.0 0.0 0.0 0.0 0.0 0.0 0.0 0.0 0.0 0.0 0.0 0.0 0.0 0.0 0.0 0.0 1.8440185326837721 1.9251115543054051 0.0 0.0 0.0 0.0 0.0 0.0 0.0 0.0 0.0 0.0 0.0 0.0 0.0
a2190f96xfy41l
its better that the glim keeps lightened
0.4734032803391587 0.702934607224174 0.0 0.0 0.0 0.0 0.0 0.0 0.0 0.0 0.0 0.0 0.0 0.06092579883279333 0.0 0.0 0.9152402780941179 0.0 0.0 0.0 0.0 0.0 0.0 0.0 0.17258206060854284 1.317156094774123 1.27605865585244 0.0 0.0 0.0 0.0 0.0 0.0 0.0 0.0 0.0 0.0 0.0 0.0 0.0 0.0 0.0 0.0 0.0
a1395pss402i1j
its better that the glim keeps lightened
0.4734032803391587 0.702934607224174 0.0 0.0 0.0 0.0 0.0 0.0 0.0 0.0 0.0 0.0 0.0 0.06092579883279333 0.0 0.0 0.9152402780941179 0.0 0.0 0.0 0.0 0.0 0.0 0.0 0.17258206060854284 1.317156094774123 1.27605865585244 0.0 0.0 0.0 0.0 0.0 0.0 0.0 0.0 0.0 0.0 0.0 0.0 0.0 0.0 0.0 0.0 0.0
a24bjjrcqbm3mi
it is better that the gloom is kept being lightened by hope of peace
0.0 0.351467303612087 0.0 0.0 0.0 0.0 0.0 0.0 0.0 0.0 0.1446539597876161 0.0 0.0 0.030462899416396665 0.05999584161412987 0.28391603699718854 0.0 0.0 0.0 0.0 0.0 0.0 0.0 0.0 0.08629103030427142 0.0 0.63802932792622 0.18668793126208946 0.0 0.0 0.0 0.737050353720498 0.40739888823183656 0.26111230400686913 0.17824709010010342 0.4000147200565626 0.0 0.0 0.0 0.0 0.0 0.0 0.0 0.0
a6tw9zegog7ph
in our garden it is better that candle stays lit
0.0 0.4920542250569218 0.0 0.0 0.0 0.0 0.8016119859092925 0.0 0.0 0.0 0.20251554370266253 0.0 0.0 0.0 0.0 0.0 0.0 0.0 0.0 0.0 0.0 0.0 0.0 0.0 0.12080744242597999 0.0 0.0 0.13068155188346262 0.8121480374750751 0.0 0.0 0.0 0.0 0.0 0.0 0.0 0.1029830702456681 0.33507957502850866 0.79208096792886 0.7753755594625434 0.0 0.0 0.0 0.0
aq83oqxl7tj8n
it is better that candle keeps lit
0.0 0.702934607224174 0.0 0.0 0.0 0.0 1.1451599798704177 0.0 0.0 0.0 0.2893079195752322 0.0 0.0 0.0 0.0 0.0 0.9152402780941179 0.0 0.0 0.0 0.0 0.0 0.0 0.0 0.17258206060854284 0.0 0.0 0.18668793126208946 1.1602114821072502 0.0 0.0 0.0 0.0 0.0 0.0 0.0 0.0 0.0 0.0 0.0 0.0 0.0 0.0 0.0
a3iiehpa9ivcnu
we prefer blossoms to blazes
0.0 0.0 0.0 0.612481542479258 0.0 0.0 0.0 0.0 0.2159748619422321 0.0 0.0 0.0 0.0 0.0 0.0 0.0 0.0 0.0 0.0 0.0 0.0 0.0 0.0 0.0 0.0 0.0 0.0 0.0 0.0 0.0 0.0 0.0 0.0 0.0 0.0 0.0 0.0 0.0 0.0 0.0 1.603223971818585 2.0637409904173944 2.0637409904173944 0.0
a2unp2crnrfiw8
if the candle keeps burning its better
0.4734032803391587 0.702934607224174 0.43127251218983 0.0 0.0 0.0 1.1451599798704177 0.0 0.0 0.0 0.0 0.0 0.0 0.06092579883279333 0.0 0.0 0.9152402780941179 0.0 1.1451599798704177 0.0 0.0 0.0 0.0 0.0 0.0 0.0 0.0 0.0 0.0 0.0 0.0 0.0 0.0 0.0 0.0 0.0 0.0 0.0 0.0 0.0 0.0 0.0 0.0 0.0
a1dndzlo2d5d48
if the candle keeps burning its better
0.4734032803391587 0.702934607224174 0.43127251218983 0.0 0.0 0.0 1.1451599798704177 0.0 0.0 0.0 0.0 0.0 0.0 0.06092579883279333 0.0 0.0 0.9152402780941179 0.0 1.1451599798704177 0.0 0.0 0.0 0.0 0.0 0.0 0.0 0.0 0.0 0.0 0.0 0.0 0.0 0.0 0.0 0.0 0.0 0.0 0.0 0.0 0.0 0.0 0.0 0.0 0.0
a1ih5ceu09nm63
if the candle keeps burning its better
0.4734032803391587 0.702934607224174 0.43127251218983 0.0 0.0 0.0 1.1451599798704177 0.0 0.0 0.0 0.0 0.0 0.0 0.06092579883279333 0.0 0.0 0.9152402780941179 0.0 1.1451599798704177 0.0 0.0 0.0 0.0 0.0 0.0 0.0 0.0 0.0 0.0 0.0 0.0 0.0 0.0 0.0 0.0 0.0 0.0 0.0 0.0 0.0 0.0 0.0 0.0 0.0
a1vftlon458bjk
its better if lamp glows it is better if the light of peace shines
0.23670164016957934 0.702934607224174 0.43127251218983 0.0 0.4434165062795471 0.0 0.0 0.0 0.0 0.0 0.1446539597876161 0.0 0.0 0.030462899416396665 0.05999584161412987 0.28391603699718854 0.0 0.0 0.0 0.0 0.0 0.0 0.0 0.0 0.0 0.0 0.0 0.09334396563104473 0.0 0.6585780473870615 0.687539840823359 0.0 0.0 0.0 0.0 0.0 0.0 0.0 0.0 0.0 0.0 0.0 0.0 0.737050353720498
