four more ministers in cabinet sixtythree total the totaling 63 inducted into number of sixty three new added to minister raised 64 members have been yesterday making a which now totals with has additional raises sixtyfour were
four more ministers in cabinet sixtythree total
0.6616756565353074 0.5173815292029266 0.7143692797489649 0.14711867177952587 0.7651229031181519 1.317156094774123 0.9302917803309502 0.0 0.0 0.0 0.0 0.0 0.0 0.0 0.0 0.0 0.0 0.0 0.0 0.0 0.0 0.0 0.0 0.0 0.0 0.0 0.0 0.0 0.0 0.0 0.0 0.0 0.0 0.0 0.0 0.0 0.0
four more ministers in the cabinet totaling 63
0.5789661994683939 0.4527088380525608 0.6250731197803443 0.12872883780708513 0.6694825402283829 0.0 0.0 0.05331007397869417 1.0886583799566087 0.9285416492738507 0.0 0.0 0.0 0.0 0.0 0.0 0.0 0.0 0.0 0.0 0.0 0.0 0.0 0.0 0.0 0.0 0.0 0.0 0.0 0.0 0.0 0.0 0.0 0.0 0.0 0.0 0.0
four more ministers in cabinet total 63
0.6616756565353074 0.5173815292029266 0.7143692797489649 0.14711867177952587 0.7651229031181519 0.0 0.9302917803309502 0.0 0.0 1.0611904563129724 0.0 0.0 0.0 0.0 0.0 0.0 0.0 0.0 0.0 0.0 0.0 0.0 0.0 0.0 0.0 0.0 0.0 0.0 0.0 0.0 0.0 0.0 0.0 0.0 0.0 0.0 0.0
four more ministers inducted into cabinet total number 63
0.5146366217496835 0.4024078560467207 0.5556205509158616 0.0 0.5950955913141182 0.0 0.7235602735907389 0.0 0.0 0.8253703549100896 0.9924900656630089 0.5112974722978609 0.5059459832557918 0.0 0.0 0.0 0.0 0.0 0.0 0.0 0.0 0.0 0.0 0.0 0.0 0.0 0.0 0.0 0.0 0.0 0.0 0.0 0.0 0.0 0.0 0.0 0.0
a143bvgouf83je
four more ministers in the cabinet total of sixty three
0.4631729595747151 0.36216707044204866 0.5000584958242754 0.1029830702456681 0.5355860321827064 0.0 0.6512042462316651 0.042648059182955333 0.0 0.0 0.0 0.0 0.0 0.08399417825978182 0.7183210736157821 0.46249728132842705 0.0 0.0 0.0 0.0 0.0 0.0 0.0 0.0 0.0 0.0 0.0 0.0 0.0 0.0 0.0 0.0 0.0 0.0 0.0 0.0 0.0
a3fq8i38xt2b4z
four new ministers added to the cabinet totaling 63
0.5146366217496835 0.0 0.5556205509158616 0.0 0.5950955913141182 0.0 0.0 0.04738673242550592 0.9676963377392078 0.8253703549100896 0.0 0.0 0.0 0.0 0.0 0.0 0.40490484003028276 0.6262859694403057 0.11998603441235117 0.0 0.0 0.0 0.0 0.0 0.0 0.0 0.0 0.0 0.0 0.0 0.0 0.0 0.0 0.0 0.0 0.0 0.0
amwxjmcv94h5s
four more minister the cabinet raised to 64 ministers
0.5146366217496835 0.4024078560467207 0.5556205509158616 0.0 0.5950955913141182 0.0 0.0 0.04738673242550592 0.0 0.0 0.0 0.0 0.0 0.0 0.0 0.0 0.0 0.0 0.11998603441235117 0.406743767357358 0.6503107592702652 1.0244547403798734 0.0 0.0 0.0 0.0 0.0 0.0 0.0 0.0 0.0 0.0 0.0 0.0 0.0 0.0 0.0
a2pwmdzucikw4c
four new members have been added into the cabinet yesterday
0.4631729595747151 0.0 0.0 0.0 0.5355860321827064 0.0 0.0 0.042648059182955333 0.0 0.0 0.0 0.46016772506807485 0.0 0.0 0.0 0.0 0.36441435602725447 0.5636573724962751 0.0 0.0 0.0 0.0 0.4777441406928545 0.22879700279884294 0.294470309273681 0.5743993973583588 0.0 0.0 0.0 0.0 0.0 0.0 0.0 0.0 0.0 0.0 0.0
a3andctf0w1pqd
four more ministers in the cabinet total of sixty three
0.4631729595747151 0.36216707044204866 0.5000584958242754 0.1029830702456681 0.5355860321827064 0.0 0.6512042462316651 0.042648059182955333 0.0 0.0 0.0 0.0 0.0 0.08399417825978182 0.7183210736157821 0.46249728132842705 0.0 0.0 0.0 0.0 0.0 0.0 0.0 0.0 0.0 0.0 0.0 0.0 0.0 0.0 0.0 0.0 0.0 0.0 0.0 0.0 0.0
attzel5iaoiw5
four more ministers in the cabinet total of sixty three
0.4631729595747151 0.36216707044204866 0.5000584958242754 0.1029830702456681 0.5355860321827064 0.0 0.6512042462316651 0.042648059182955333 0.0 0.0 0.0 0.0 0.0 0.08399417825978182 0.7183210736157821 0.46249728132842705 0.0 0.0 0.0 0.0 0.0 0.0 0.0 0.0 0.0 0.0 0.0 0.0 0.0 0.0 0.0 0.0 0.0 0.0 0.0 0.0 0.0
ay9joh7iihjwe
four more ministers in the cabinet making a total of sixty three
0.3859774663122626 0.30180589203504055 0.4167154131868962 0.08581922520472342 0.44632169348558864 0.0 0.5426702051930542 0.03554004931912944 0.0 0.0 0.0 0.0 0.0 0.06999514854981818 0.5986008946798184 0.3854144011070226 0.0 0.0 0.0 0.0 0.0 0.0 0.0 0.0 0.0 0.0 0.4209038994186369 0.11815694559764528 0.0 0.0 0.0 0.0 0.0 0.0 0.0 0.0 0.0
a3jbnhlk1t5829
four new ministers added to the cabinet totaling 63
0.5146366217496835 0.0 0.5556205509158616 0.0 0.5950955913141182 0.0 0.0 0.04738673242550592 0.9676963377392078 0.8253703549100896 0.0 0.0 0.0 0.0 0.0 0.0 0.40490484003028276 0.6262859694403057 0.11998603441235117 0.0 0.0 0.0 0.0 0.0 0.0 0.0 0.0 0.0 0.0 0.0 0.0 0.0 0.0 0.0 0.0 0.0 0.0
ajcv8bvciqxhp
four new ministers added to the cabinet totaling 63
0.5146366217496835 0.0 0.5556205509158616 0.0 0.5950955913141182 0.0 0.0 0.04738673242550592 0.9676963377392078 0.8253703549100896 0.0 0.0 0.0 0.0 0.0 0.0 0.40490484003028276 0.6262859694403057 0.11998603441235117 0.0 0.0 0.0 0.0 0.0 0.0 0.0 0.0 0.0 0.0 0.0 0.0 0.0 0.0 0.0 0.0 0.0 0.0
a6tw9zegog7ph
four new ministers added to the cabinet totaling 63
0.5146366217496835 0.0 0.5556205509158616 0.0 0.5950955913141182 0.0 0.0 0.04738673242550592 0.9676963377392078 0.8253703549100896 0.0 0.0 0.0 0.0 0.0 0.0 0.40490484003028276 0.6262859694403057 0.11998603441235117 0.0 0.0 0.0 0.0 0.0 0.0 0.0 0.0 0.0 0.0 0.0 0.0 0.0 0.0 0.0 0.0 0.0 0.0
a18w8cd53dji9q
four more minister added to the cabinet which now totals 64 ministers
0.3859774663122626 0.30180589203504055 0.4167154131868962 0.0 0.44632169348558864 0.0 0.0 0.03554004931912944 0.0 0.0 0.0 0.0 0.0 0.0 0.0 0.0 0.0 0.4697144770802293 0.08998952580926338 0.3050578255180185 0.0 0.768341055284905 0.0 0.0 0.0 0.0 0.0 0.0 0.25129457507084757 0.2855052759095735 0.8021298142939188 0.0 0.0 0.0 0.0 0.0 0.0
a6tw9zegog7ph
with four more ministers the cabinet now has 64 ministers
0.4631729595747151 0.36216707044204866 1.0001169916485508 0.0 0.5355860321827064 0.0 0.0 0.042648059182955333 0.0 0.0 0.0 0.0 0.0 0.0 0.0 0.0 0.0 0.0 0.0 0.0 0.0 0.9220092663418861 0.0 0.0 0.0 0.0 0.0 0.0 0.0 0.3426063310914882 0.0 0.23503854520742537 0.20527976179312235 0.0 0.0 0.0 0.0
a305iw3tm7kgv1
four additional ministers raises cabinet members to sixtyfour
0.5789661994683939 0.0 0.6250731197803443 0.0 0.6694825402283829 0.0 0.0 0.0 0.0 0.0 0.0 0.0 0.0 0.0 0.0 0.0 0.0 0.0 0.13498428871389506 0.0 0.0 0.0 0.5971801758660681 0.0 0.0 0.0 0.0 0.0 0.0 0.0 0.0 0.0 0.0 0.6833343360209192 1.116551323870885 1.2898381190108714 0.0
a3ohqrf1mdq99b
four new members were added to the cabinet yesterday
0.5146366217496835 0.0 0.0 0.0 0.5950955913141182 0.0 0.0 0.04738673242550592 0.0 0.0 0.0 0.0 0.0 0.0 0.0 0.0 0.40490484003028276 0.6262859694403057 0.11998603441235117 0.0 0.0 0.0 0.5308268229920605 0.0 0.0 0.6382215526203986 0.0 0.0 0.0 0.0 0.0 0.0 0.0 0.0 0.0 0.0 0.327958654689551
