we will try to satisfy india with the results (of investigation) investigations) convince by investigation our findings (through make evidence over through results(investigations) are trying investigations about what happened and who is responsible of as
we will try to satisfy india with the results (of the investigation)
0.25520064269969084 0.18462609998343202 0.45299191912505 0.08998952580926338 0.6237909673358962 0.25112639472449444 0.19586545433952116 0.07108009863825888 0.48398712046417675 0.6680099882577437 0.6767900312292293 0.0 0.0 0.0 0.0 0.0 0.0 0.0 0.0 0.0 0.0 0.0 0.0 0.0 0.0 0.0 0.0 0.0 0.0 0.0 0.0 0.0 0.0 0.0 0.0
we will try to satisfy india with the results (of investigations)
0.2784007011269355 0.20141029089101672 0.4941730026818727 0.09817039179192368 0.680499237093705 0.2739560669721758 0.21367140473402307 0.03877096289359576 0.5279859495972837 0.7287381690084477 0.0 0.938064086553361 0.0 0.0 0.0 0.0 0.0 0.0 0.0 0.0 0.0 0.0 0.0 0.0 0.0 0.0 0.0 0.0 0.0 0.0 0.0 0.0 0.0 0.0 0.0
we will try to convince india by the investigation results
0.306240771239629 0.2215513199801184 0.54359030295006 0.10798743097111604 0.0 0.30135167366939336 0.0 0.042648059182955333 0.5807845445570121 0.0 0.0 0.0 0.8016119859092925 0.24954592614014479 0.5565114760980606 0.0 0.0 0.0 0.0 0.0 0.0 0.0 0.0 0.0 0.0 0.0 0.0 0.0 0.0 0.0 0.0 0.0 0.0 0.0 0.0
we will try to satisfy india with our findings
0.3402675235995878 0.24616813331124268 0.6039892255000666 0.11998603441235117 0.831721289781195 0.3348351929659926 0.2611539391193615 0.0 0.0 0.0 0.0 0.0 0.0 0.0 0.0 0.3723106389205652 0.9676963377392078 0.0 0.0 0.0 0.0 0.0 0.0 0.0 0.0 0.0 0.0 0.0 0.0 0.0 0.0 0.0 0.0 0.0 0.0
a1sanjgoj47idf
we (through investigation) try to make satisfy india by evidence
0.306240771239629 0.0 0.54359030295006 0.10798743097111604 0.7485491608030754 0.30135167366939336 0.0 0.0 0.0 0.0 0.8121480374750751 0.0 0.0 0.24954592614014479 0.0 0.0 0.0 0.9220092663418861 0.45598031782096904 0.5565114760980606 0.0 0.0 0.0 0.0 0.0 0.0 0.0 0.0 0.0 0.0 0.0 0.0 0.0 0.0 0.0
a3dd3acpmvdvca
we will try to satisfy india with the results (of the investigation)
0.25520064269969084 0.18462609998343202 0.45299191912505 0.08998952580926338 0.6237909673358962 0.25112639472449444 0.19586545433952116 0.07108009863825888 0.48398712046417675 0.6680099882577437 0.6767900312292293 0.0 0.0 0.0 0.0 0.0 0.0 0.0 0.0 0.0 0.0 0.0 0.0 0.0 0.0 0.0 0.0 0.0 0.0 0.0 0.0 0.0 0.0 0.0 0.0
a143bvgouf83je
we will try to satisfy india over the results (of the investigation)
0.25520064269969084 0.18462609998343202 0.45299191912505 0.08998952580926338 0.6237909673358962 0.25112639472449444 0.0 0.07108009863825888 0.48398712046417675 0.6680099882577437 0.6767900312292293 0.0 0.0 0.0 0.0 0.0 0.0 0.0 0.0 0.0 0.31127464416068384 0.0 0.0 0.0 0.0 0.0 0.0 0.0 0.0 0.0 0.0 0.0 0.0 0.0 0.0
a8v7wa74iohz9
we will try to satisfy india through the results(investigations)
0.3402675235995878 0.24616813331124268 0.6039892255000666 0.11998603441235117 0.831721289781195 0.3348351929659926 0.0 0.04738673242550592 0.0 0.0 0.0 0.0 0.0 0.0 0.0 0.0 0.0 0.0 0.0 0.0 0.0 0.5265527917889721 1.0695064190585584 0.0 0.0 0.0 0.0 0.0 0.0 0.0 0.0 0.0 0.0 0.0 0.0
a330jjzgjl7ig2
we (through investigation) are trying to satisfy india by evidence
0.306240771239629 0.0 0.0 0.10798743097111604 0.7485491608030754 0.30135167366939336 0.0 0.0 0.0 0.0 0.8121480374750751 0.0 0.0 0.24954592614014479 0.0 0.0 0.0 0.9220092663418861 0.0 0.5565114760980606 0.0 0.0 0.0 0.21061365538528265 0.5506520596714554 0.0 0.0 0.0 0.0 0.0 0.0 0.0 0.0 0.0 0.0
a1g9f1kosfkijh
we (through investigation) will try to satisfy india by evidence
0.306240771239629 0.2215513199801184 0.54359030295006 0.10798743097111604 0.7485491608030754 0.30135167366939336 0.0 0.0 0.0 0.0 0.8121480374750751 0.0 0.0 0.24954592614014479 0.0 0.0 0.0 0.9220092663418861 0.0 0.5565114760980606 0.0 0.0 0.0 0.0 0.0 0.0 0.0 0.0 0.0 0.0 0.0 0.0 0.0 0.0 0.0
a9x4g4wpj27d6
through our investigations we try to satisfy india with evidence about what happened and who is responsible
0.18014163014095824 0.0 0.3197590017353294 0.06352201821830356 0.44032303576651494 0.1772656903937608 0.13825796776907376 0.0 0.0 0.0 0.0 0.0 0.0 0.0 0.0 0.197105632369711 0.0 0.0 0.0 0.3273596918223886 0.0 0.27876324271180875 0.0 0.0 0.0 0.3756987834919203 0.18329669150374903 0.1813156240783898 0.3080765051236769 0.058468531753075995 0.17318093746282504 0.07687150110791918 0.32111132633678224 0.0 0.0
a1g46au4nrpshg
we will try to satisfy india with the results (of the investigation)
0.25520064269969084 0.18462609998343202 0.45299191912505 0.08998952580926338 0.6237909673358962 0.25112639472449444 0.19586545433952116 0.07108009863825888 0.48398712046417675 0.6680099882577437 0.6767900312292293 0.0 0.0 0.0 0.0 0.0 0.0 0.0 0.0 0.0 0.0 0.0 0.0 0.0 0.0 0.0 0.0 0.0 0.0 0.0 0.0 0.0 0.0 0.0 0.0
a12ezody9kxiim
we will try to satisfy india with the results of the investigation
0.25520064269969084 0.18462609998343202 0.45299191912505 0.08998952580926338 0.6237909673358962 0.25112639472449444 0.19586545433952116 0.07108009863825888 0.48398712046417675 0.0 0.0 0.0 0.0 0.0 0.4637595634150505 0.0 0.0 0.0 0.0 0.0 0.0 0.0 0.0 0.0 0.0 0.0 0.0 0.0 0.0 0.0 0.0 0.0 0.0 0.06999514854981818 0.0
a2rcbwy8ulhnj0
we will try to satisfy india with the results of the investigation
0.25520064269969084 0.18462609998343202 0.45299191912505 0.08998952580926338 0.6237909673358962 0.25112639472449444 0.19586545433952116 0.07108009863825888 0.48398712046417675 0.0 0.0 0.0 0.0 0.0 0.4637595634150505 0.0 0.0 0.0 0.0 0.0 0.0 0.0 0.0 0.0 0.0 0.0 0.0 0.0 0.0 0.0 0.0 0.0 0.0 0.06999514854981818 0.0
a230hf2okthmdz
we will try to satisfy india over the results (of the investigation)
0.25520064269969084 0.18462609998343202 0.45299191912505 0.08998952580926338 0.6237909673358962 0.25112639472449444 0.0 0.07108009863825888 0.48398712046417675 0.6680099882577437 0.6767900312292293 0.0 0.0 0.0 0.0 0.0 0.0 0.0 0.0 0.0 0.31127464416068384 0.0 0.0 0.0 0.0 0.0 0.0 0.0 0.0 0.0 0.0 0.0 0.0 0.0 0.0
a330jjzgjl7ig2
we will try to satisfy india as to the results (of the investigation)
0.23556982403048388 0.17042409229239877 0.41814638688466155 0.16613450918633238 0.5758070467715964 0.2318089797456872 0.0 0.0656123987430082 0.44675734196693234 0.6166246045456096 0.6247292595962116 0.0 0.0 0.0 0.0 0.0 0.0 0.0 0.0 0.0 0.0 0.0 0.0 0.0 0.0 0.0 0.0 0.0 0.0 0.0 0.0 0.0 0.0 0.0 0.20271548238716497
a6tw9zegog7ph
we will try to satisfy india over the results of the investigation
0.25520064269969084 0.18462609998343202 0.45299191912505 0.08998952580926338 0.6237909673358962 0.25112639472449444 0.0 0.07108009863825888 0.48398712046417675 0.0 0.0 0.0 0.0 0.0 0.4637595634150505 0.0 0.0 0.0 0.0 0.0 0.31127464416068384 0.0 0.0 0.0 0.0 0.0 0.0 0.0 0.0 0.0 0.0 0.0 0.0 0.06999514854981818 0.0
ao86wz7i0vqzc
we will try to satisfy india through the results(investigations)
0.3402675235995878 0.24616813331124268 0.6039892255000666 0.11998603441235117 0.831721289781195 0.3348351929659926 0.0 0.04738673242550592 0.0 0.0 0.0 0.0 0.0 0.0 0.0 0.0 0.0 0.0 0.0 0.0 0.0 0.5265527917889721 1.0695064190585584 0.0 0.0 0.0 0.0 0.0 0.0 0.0 0.0 0.0 0.0 0.0 0.0
