and for this reason they very much consider germany to be their target because of are taking more as is the why considering therefore a foe german evenmore it that increasingly finding enemy being in frequently even forever seeing an
and for this reason they very much consider germany to be their target
0.07645884921556091 0.1485161307032627 0.13180776025753999 0.37088744052259764 0.1987468275433992 0.31883991139884876 0.3741064489791745 0.4726398217070257 0.3858000033867611 0.08306725459316619 0.16514022661224234 0.22901700767106228 0.44027577707326004 0.0 0.0 0.0 0.0 0.0 0.0 0.0 0.0 0.0 0.0 0.0 0.0 0.0 0.0 0.0 0.0 0.0 0.0 0.0 0.0 0.0 0.0 0.0 0.0 0.0 0.0 0.0
and because of this reason they are taking germany more and more as their target
0.1325286719736389 0.0 0.11423339222320132 0.32143578178625126 0.17224725053761264 0.0 0.0 0.0 0.33436000293519297 0.0 0.0 0.19848140664825398 0.3815723401301587 0.2613406678367842 0.05599611883985455 0.14040910359018843 0.31346225696136 0.4828894272560648 0.17568675140220963 0.0 0.0 0.0 0.0 0.0 0.0 0.0 0.0 0.0 0.0 0.0 0.0 0.0 0.0 0.0 0.0 0.0 0.0 0.0 0.0 0.0
this is the reason why they are considering germany more and more as their target
0.06626433598681945 0.0 0.11423339222320132 0.32143578178625126 0.17224725053761264 0.0 0.0 0.0 0.33436000293519297 0.0 0.0 0.19848140664825398 0.3815723401301587 0.0 0.0 0.14040910359018843 0.0 0.4828894272560648 0.17568675140220963 0.08712103458897508 0.028432039455303555 0.25841098570791815 0.45089045937317046 0.0 0.0 0.0 0.0 0.0 0.0 0.0 0.0 0.0 0.0 0.0 0.0 0.0 0.0 0.0 0.0 0.0
and therefore consider germany as a foe
0.1419950056860417 0.0 0.0 0.0 0.0 0.0 0.0 0.8777596688844762 0.7164857205754135 0.0 0.0 0.0 0.0 0.0 0.0 0.0 0.0 0.0 0.37647161014759206 0.0 0.0 0.0 0.0 0.8162192522998399 0.20255476388167762 1.317156094774123 0.0 0.0 0.0 0.0 0.0 0.0 0.0 0.0 0.0 0.0 0.0 0.0 0.0 0.0
a3dd3acpmvdvca
because of this they are considering german as their target more and more
0.07645884921556091 0.0 0.13180776025753999 0.0 0.1987468275433992 0.0 0.0 0.0 0.0 0.0 0.0 0.22901700767106228 0.44027577707326004 0.3015469244270587 0.06461090635367833 0.1620105041425251 0.0 0.5571801083723825 0.20271548238716497 0.0 0.0 0.0 0.5202582223536582 0.0 0.0 0.0 0.3407559225964685 0.0 0.0 0.0 0.0 0.0 0.0 0.0 0.0 0.0 0.0 0.0 0.0 0.0
a3sw1e5d0b9v9a
and because of this they are considering germany their target evenmore
0.09036045816384472 0.0 0.15577280757709272 0.0 0.2348826143694718 0.0 0.0 0.0 0.45594545854799046 0.0 0.0 0.27065646361125545 0.5203259183593073 0.3563736379592512 0.07635834387252893 0.19146695944116604 0.0 0.0 0.0 0.0 0.0 0.0 0.6148506264179597 0.0 0.0 0.0 0.0 0.8750507065024569 0.0 0.0 0.0 0.0 0.0 0.0 0.0 0.0 0.0 0.0 0.0 0.0
a21xirv18up71h
and it is for this reason that they are increasingly finding germany as their enemy
0.06626433598681945 0.12871397994282768 0.11423339222320132 0.32143578178625126 0.17224725053761264 0.0 0.0 0.0 0.33436000293519297 0.0 0.0 0.19848140664825398 0.0 0.0 0.0 0.14040910359018843 0.0 0.0 0.17568675140220963 0.08712103458897508 0.0 0.0 0.0 0.0 0.0 0.0 0.0 0.0 0.1350103624684417 0.08053829495065332 0.5492842273604757 0.4881981785688653 0.3644449792111569 0.0 0.0 0.0 0.0 0.0 0.0 0.0
a1aczgd5azz3r7
this is the reason for germany being in the target
0.0 0.1930709699142415 0.17135008833480198 0.4821536726793769 0.0 0.0 0.0 0.0 0.5015400044027895 0.0 0.0 0.0 0.5723585101952381 0.0 0.0 0.0 0.0 0.0 0.0 0.13068155188346262 0.08529611836591067 0.0 0.0 0.0 0.0 0.0 0.0 0.0 0.0 0.0 0.0 0.0 0.0 0.3655572256096168 0.1029830702456681 0.0 0.0 0.0 0.0 0.0
a219vcqzadq45w
because of this they consider germany their target more and more frequently
0.08283041998352432 0.0 0.14279174027900166 0.0 0.2153090631720158 0.0 0.0 0.5120264735159444 0.4179500036689912 0.0 0.0 0.24810175831031747 0.4769654251626984 0.3266758347959803 0.06999514854981818 0.0 0.0 0.6036117840700811 0.0 0.0 0.0 0.0 0.0 0.0 0.0 0.0 0.0 0.0 0.0 0.0 0.0 0.0 0.0 0.0 0.0 0.859892079340581 0.0 0.0 0.0 0.0
a2bk4fasw056jr
because of this they are increasingly considering germany as a target
0.0 0.0 0.15577280757709272 0.0 0.2348826143694718 0.0 0.0 0.0 0.45594545854799046 0.0 0.0 0.0 0.5203259183593073 0.3563736379592512 0.07635834387252893 0.19146695944116604 0.0 0.0 0.23957284282119495 0.0 0.0 0.0 0.6148506264179597 0.0 0.12889848610652213 0.0 0.0 0.0 0.0 0.0 0.7490239464006486 0.0 0.0 0.0 0.0 0.0 0.0 0.0 0.0 0.0
a3qu3km3iywhif
because of this they are increasingly considering germany as their target
0.0 0.0 0.15577280757709272 0.0 0.2348826143694718 0.0 0.0 0.0 0.45594545854799046 0.0 0.0 0.27065646361125545 0.5203259183593073 0.3563736379592512 0.07635834387252893 0.19146695944116604 0.0 0.0 0.23957284282119495 0.0 0.0 0.0 0.6148506264179597 0.0 0.0 0.0 0.0 0.0 0.0 0.0 0.7490239464006486 0.0 0.0 0.0 0.0 0.0 0.0 0.0 0.0 0.0
ajfwu2g6a1bhs
and because of this they are considering germany their target evenmore
0.09036045816384472 0.0 0.15577280757709272 0.0 0.2348826143694718 0.0 0.0 0.0 0.45594545854799046 0.0 0.0 0.27065646361125545 0.5203259183593073 0.3563736379592512 0.07635834387252893 0.19146695944116604 0.0 0.0 0.0 0.0 0.0 0.0 0.6148506264179597 0.0 0.0 0.0 0.0 0.8750507065024569 0.0 0.0 0.0 0.0 0.0 0.0 0.0 0.0 0.0 0.0 0.0 0.0
au2ar4vob7vlv
because of this they are considering germany their target even more
0.0 0.0 0.15577280757709272 0.0 0.2348826143694718 0.0 0.0 0.0 0.45594545854799046 0.0 0.0 0.27065646361125545 0.5203259183593073 0.3563736379592512 0.07635834387252893 0.19146695944116604 0.0 0.3292427913109533 0.0 0.0 0.0 0.0 0.6148506264179597 0.0 0.0 0.0 0.0 0.0 0.0 0.0 0.0 0.0 0.0 0.0 0.0 0.0 0.33279035511056565 0.0 0.0 0.0
a279zamy03pduy
and because of this they are considering germany their target forever
0.09036045816384472 0.0 0.15577280757709272 0.0 0.2348826143694718 0.0 0.0 0.0 0.45594545854799046 0.0 0.0 0.27065646361125545 0.5203259183593073 0.3563736379592512 0.07635834387252893 0.19146695944116604 0.0 0.0 0.0 0.0 0.0 0.0 0.6148506264179597 0.0 0.0 0.0 0.0 0.0 0.0 0.0 0.0 0.0 0.0 0.0 0.0 0.0 0.0 0.7383163977046138 0.0 0.0
a227cwgbxgw4yh
and for this reason that they are increasingly seeing germany as an enemy
0.07645884921556091 0.1485161307032627 0.13180776025753999 0.37088744052259764 0.1987468275433992 0.0 0.0 0.0 0.3858000033867611 0.0 0.0 0.0 0.0 0.0 0.0 0.1620105041425251 0.0 0.0 0.20271548238716497 0.0 0.0 0.0 0.0 0.0 0.0 0.0 0.0 0.0 0.0 0.09292880186613844 0.6337894931082412 0.0 0.4205134375513349 0.0 0.0 0.0 0.0 0.0 0.5080871450294355 0.22695117429042996
a3qu3km3iywhif
it is for this reason that they are increasingly finding that germany is their enemy
0.0 0.12871397994282768 0.11423339222320132 0.32143578178625126 0.17224725053761264 0.0 0.0 0.0 0.33436000293519297 0.0 0.0 0.19848140664825398 0.0 0.0 0.0 0.14040910359018843 0.0 0.0 0.0 0.17424206917795015 0.0 0.0 0.0 0.0 0.0 0.0 0.0 0.0 0.1350103624684417 0.16107658990130663 0.5492842273604757 0.4881981785688653 0.3644449792111569 0.0 0.0 0.0 0.0 0.0 0.0 0.0
a2zhr3rebfem5a
and for this reason they are increasingly finding germany as their enemy
0.08283041998352432 0.1608924749285346 0.14279174027900166 0.4017947272328141 0.2153090631720158 0.0 0.0 0.0 0.4179500036689912 0.0 0.0 0.24810175831031747 0.0 0.0 0.0 0.17551137948773554 0.0 0.0 0.21960843925276205 0.0 0.0 0.0 0.0 0.0 0.0 0.0 0.0 0.0 0.0 0.0 0.6866052842005946 0.6102477232110817 0.45555622401394613 0.0 0.0 0.0 0.0 0.0 0.0 0.0
a3ohqrf1mdq99b
that is the reason for germany is a target
0.0 0.21452329990471278 0.0 0.5357263029770855 0.0 0.0 0.0 0.0 0.557266671558655 0.0 0.0 0.0 0.6359539002169312 0.0 0.0 0.0 0.0 0.0 0.0 0.29040344862991696 0.04738673242550592 0.0 0.0 0.0 0.1575425941301937 0.0 0.0 0.0 0.0 0.1342304915844222 0.0 0.0 0.0 0.0 0.0 0.0 0.0 0.0 0.0 0.0
