this case has been going on since 2002 and at last a suitable decision reached finally right verdict come correct ruling made ongoing continued up was running judgement passed is under proceeding the came in court had judgment ran handed down underway proceedings system there
this case has been going on since 2002 and at last a suitable decision has been reached
0.10079416960870705 0.3052238963037586 0.2415056021095557 0.3464356579690365 0.26206316332287494 0.11017692719857666 0.2734602370062618 0.3885372285519213 0.058468531753075995 0.18221175611202794 0.23821227461062994 0.08340490277480843 0.45610327027208436 0.31382931355168436 0.3206570883312581 0.0 0.0 0.0 0.0 0.0 0.0 0.0 0.0 0.0 0.0 0.0 0.0 0.0 0.0 0.0 0.0 0.0 0.0 0.0 0.0 0.0 0.0 0.0 0.0 0.0 0.0 0.0 0.0 0.0 0.0
this case has been going on since 2002 and finally a right verdict has come
0.11423339222320132 0.3459204158109265 0.27370634905749647 0.19631353951578737 0.2970049184325916 0.12486718415838688 0.30992160194043006 0.44034219235884414 0.06626433598681945 0.0 0.0 0.09452555647811622 0.0 0.0 0.0 0.4733219418145847 0.3159316750733832 0.5222532201532647 0.29260772057980505 0.0 0.0 0.0 0.0 0.0 0.0 0.0 0.0 0.0 0.0 0.0 0.0 0.0 0.0 0.0 0.0 0.0 0.0 0.0 0.0 0.0 0.0 0.0 0.0 0.0 0.0
this case has been going on since 2002 and finally a correct ruling has been made
0.10709380520925124 0.32430038982274356 0.25659970224140294 0.3680878865921013 0.2784421110305546 0.1170629851484877 0.2905515018191532 0.4128208053364164 0.06212281498764324 0.0 0.0 0.08861770919823396 0.0 0.0 0.0 0.44373932045117315 0.0 0.0 0.0 0.3687415215181483 0.3726247578373362 0.2441804177735671 0.0 0.0 0.0 0.0 0.0 0.0 0.0 0.0 0.0 0.0 0.0 0.0 0.0 0.0 0.0 0.0 0.0 0.0 0.0 0.0 0.0 0.0 0.0
this case has been ongoing since 2002 and at last a correct decision has been made
0.10709380520925124 0.32430038982274356 0.25659970224140294 0.3680878865921013 0.0 0.0 0.2905515018191532 0.4128208053364164 0.06212281498764324 0.19359999086902968 0.2531005417737943 0.08861770919823396 0.0 0.33344364564866463 0.0 0.0 0.0 0.0 0.0 0.3687415215181483 0.0 0.2441804177735671 0.4462906951086891 0.0 0.0 0.0 0.0 0.0 0.0 0.0 0.0 0.0 0.0 0.0 0.0 0.0 0.0 0.0 0.0 0.0 0.0 0.0 0.0 0.0 0.0
a143bvgouf83je
this case has been continued since 2002 and finally a right decision has come up
0.11423339222320132 0.3459204158109265 0.27370634905749647 0.19631353951578737 0.0 0.0 0.30992160194043006 0.44034219235884414 0.06626433598681945 0.0 0.0 0.09452555647811622 0.0 0.35567322202524226 0.0 0.4733219418145847 0.3159316750733832 0.0 0.29260772057980505 0.0 0.0 0.0 0.0 0.37043540115261425 0.28699931973627796 0.0 0.0 0.0 0.0 0.0 0.0 0.0 0.0 0.0 0.0 0.0 0.0 0.0 0.0 0.0 0.0 0.0 0.0 0.0 0.0
a3dd3acpmvdvca
this case was running since 2002 and finally a correct judgement was passed
0.13180776025753999 0.39913894132029976 0.0 0.0 0.0 0.0 0.3576018483928039 0.5080871450294355 0.07645884921556091 0.0 0.0 0.1090679497824418 0.0 0.0 0.0 0.5461407020937515 0.0 0.0 0.0 0.45383571879156714 0.0 0.0 0.0 0.0 0.0 0.33812598938371263 0.4841040970270632 0.5907421248055162 0.4109208622820305 0.0 0.0 0.0 0.0 0.0 0.0 0.0 0.0 0.0 0.0 0.0 0.0 0.0 0.0 0.0 0.0
alzgu09bjzsiw
this case is under proceeding since 2002 and finally the decision came correct
0.13180776025753999 0.39913894132029976 0.0 0.0 0.0 0.0 0.3576018483928039 0.5080871450294355 0.07645884921556091 0.0 0.0 0.0 0.0 0.4103921792598949 0.0 0.5461407020937515 0.0 0.0 0.0 0.45383571879156714 0.0 0.0 0.0 0.0 0.0 0.0 0.0 0.0 0.0 0.10052427067958664 0.33762429297669816 0.7092378971860662 0.0328061993715041 0.3705728262724803 0.0 0.0 0.0 0.0 0.0 0.0 0.0 0.0 0.0 0.0 0.0
a8v7wa74iohz9
this case is in the court since 2002 and at last a correct decision
0.12239292023914428 0.37062901694027833 0.0 0.0 0.0 0.0 0.3320588592218893 0.47179520609876163 0.07099750284302085 0.22125713242174821 0.2892577620271935 0.10127738194083881 0.0 0.38107845216990244 0.0 0.0 0.0 0.0 0.0 0.4214188817350267 0.0 0.0 0.0 0.0 0.0 0.0 0.0 0.0 0.0 0.09334396563104473 0.0 0.0 0.030462899416396665 0.0 0.07355933588976293 0.41484610325500865 0.0 0.0 0.0 0.0 0.0 0.0 0.0 0.0 0.0
a3m6cl5oao31z
this case has been continued since 2002 and finally a right decision has come up
0.11423339222320132 0.3459204158109265 0.27370634905749647 0.19631353951578737 0.0 0.0 0.30992160194043006 0.44034219235884414 0.06626433598681945 0.0 0.0 0.09452555647811622 0.0 0.35567322202524226 0.0 0.4733219418145847 0.3159316750733832 0.0 0.29260772057980505 0.0 0.0 0.0 0.0 0.37043540115261425 0.28699931973627796 0.0 0.0 0.0 0.0 0.0 0.0 0.0 0.0 0.0 0.0 0.0 0.0 0.0 0.0 0.0 0.0 0.0 0.0 0.0 0.0
ajh0yow6plss8
this case has been ongoing since 2002
0.24478584047828855 0.7412580338805567 0.29325680256160336 0.4206718703909729 0.0 0.0 0.6641177184437786 0.9435904121975233 0.0 0.0 0.0 0.0 0.0 0.0 0.0 0.0 0.0 0.0 0.0 0.0 0.0 0.0 1.0200930173912892 0.0 0.0 0.0 0.0 0.0 0.0 0.0 0.0 0.0 0.0 0.0 0.0 0.0 0.0 0.0 0.0 0.0 0.0 0.0 0.0 0.0 0.0
a3andctf0w1pqd
this case has continued since 2002 and finally a correct decision has been made
0.12239292023914428 0.37062901694027833 0.29325680256160336 0.21033593519548646 0.0 0.0 0.3320588592218893 0.47179520609876163 0.07099750284302085 0.0 0.0 0.10127738194083881 0.0 0.38107845216990244 0.0 0.5071306519441979 0.0 0.0 0.0 0.4214188817350267 0.0 0.2790633345983624 0.0 0.3968950726635153 0.0 0.0 0.0 0.0 0.0 0.0 0.0 0.0 0.0 0.0 0.0 0.0 0.0 0.0 0.0 0.0 0.0 0.0 0.0 0.0 0.0
a2bk4fasw056jr
this case had continued since 2002 and finally a correct judgement was passed
0.13180776025753999 0.39913894132029976 0.0 0.0 0.0 0.0 0.3576018483928039 0.5080871450294355 0.07645884921556091 0.0 0.0 0.1090679497824418 0.0 0.0 0.0 0.5461407020937515 0.0 0.0 0.0 0.45383571879156714 0.0 0.0 0.0 0.4274254628684011 0.0 0.16906299469185632 0.0 0.5907421248055162 0.4109208622820305 0.0 0.0 0.0 0.0 0.0 0.0 0.0 0.26624545304166003 0.0 0.0 0.0 0.0 0.0 0.0 0.0 0.0
a1dndzlo2d5d48
this case was running since 2002 and finally a correct judgment was passed
0.13180776025753999 0.39913894132029976 0.0 0.0 0.0 0.0 0.3576018483928039 0.5080871450294355 0.07645884921556091 0.0 0.0 0.1090679497824418 0.0 0.0 0.0 0.5461407020937515 0.0 0.0 0.0 0.45383571879156714 0.0 0.0 0.0 0.0 0.0 0.33812598938371263 0.4841040970270632 0.0 0.4109208622820305 0.0 0.0 0.0 0.0 0.0 0.0 0.0 0.0 0.6092930522529693 0.0 0.0 0.0 0.0 0.0 0.0 0.0
a3c1u2evw0nuff
the case ran since 2002 and finally a judgment was handed down
0.0 0.43240051976365806 0.0 0.0 0.0 0.0 0.3874020024255376 0.5504277404485552 0.08283041998352432 0.0 0.0 0.11815694559764528 0.0 0.0 0.0 0.5916524272682309 0.0 0.0 0.0 0.0 0.0 0.0 0.0 0.0 0.0 0.18315157758284437 0.0 0.0 0.0 0.0 0.0 0.0 0.03554004931912944 0.0 0.0 0.0 0.0 0.66006747327405 0.6190277661825672 0.502353792578215 0.43389309697753564 0.0 0.0 0.0 0.0
a291u81kgj6l9n
this case is under proceeding since 2002 and finally the decision has been made
0.12239292023914428 0.37062901694027833 0.14662840128080168 0.21033593519548646 0.0 0.0 0.3320588592218893 0.47179520609876163 0.07099750284302085 0.0 0.0 0.0 0.0 0.38107845216990244 0.0 0.5071306519441979 0.0 0.0 0.0 0.0 0.0 0.2790633345983624 0.0 0.0 0.0 0.0 0.0 0.0 0.0 0.09334396563104473 0.31350827204979115 0.6585780473870615 0.030462899416396665 0.0 0.0 0.0 0.0 0.0 0.0 0.0 0.0 0.0 0.0 0.0 0.0
a1fnqhv04k4cvd
this case has been underway since 2002 and finally the decision came correct
0.13180776025753999 0.39913894132029976 0.1579075090716326 0.22651562251821616 0.0 0.0 0.3576018483928039 0.5080871450294355 0.07645884921556091 0.0 0.0 0.0 0.0 0.4103921792598949 0.0 0.5461407020937515 0.0 0.0 0.0 0.45383571879156714 0.0 0.0 0.0 0.0 0.0 0.0 0.0 0.0 0.0 0.0 0.0 0.0 0.0328061993715041 0.3705728262724803 0.0 0.0 0.0 0.0 0.0 0.0 0.0 0.6166246045456096 0.0 0.0 0.0
a230hf2okthmdz
this case is under proceedings since 2002 and finally the decision came correct
0.13180776025753999 0.39913894132029976 0.0 0.0 0.0 0.0 0.3576018483928039 0.5080871450294355 0.07645884921556091 0.0 0.0 0.0 0.0 0.4103921792598949 0.0 0.5461407020937515 0.0 0.0 0.0 0.45383571879156714 0.0 0.0 0.0 0.0 0.0 0.0 0.0 0.0 0.0 0.10052427067958664 0.33762429297669816 0.0 0.0328061993715041 0.3705728262724803 0.0 0.0 0.0 0.0 0.0 0.0 0.0 0.0 0.6440611386947429 0.0 0.0
aonmraht4motn
this case has been in the court system since 2002 and at last there is a correct decision
0.09519449351933444 0.2882670131757721 0.1140443121072902 0.16359461626315613 0.0 0.0 0.25826800161702507 0.3669518269657035 0.05522027998901621 0.17208888077247084 0.22497825935448384 0.07877129706509685 0.0 0.2963943516877019 0.0 0.0 0.0 0.0 0.0 0.3277702413494652 0.0 0.0 0.0 0.0 0.0 0.0 0.0 0.0 0.0 0.07260086215747924 0.0 0.0 0.02369336621275296 0.0 0.05721281680314895 0.32265808030945115 0.0 0.0 0.0 0.0 0.0 0.0 0.0 0.33414665882682226 0.15911027792905388
