how he cannot feel that what is happening showing the worst possible face of humanity why are they not feeling this whatever today presenting form come does taking place facade a bad (before us) can you fail to it realize ugliest around distortedworst could i very ugly picture mankind do isnt going best t photo graham as back him in world distortedevil aspect any one
how he cannot feel that what is happening is showing the worst possible face of humanity
0.24521520962322008 0.14843264122677158 0.3281125468666712 0.35835859208852494 0.07550465151623749 0.19264785058328918 0.16335193985432828 0.3759149911801751 0.4056289722248672 0.026655036989347083 0.41756992452253655 0.3023791267965612 0.30109042134639025 0.05249636141236364 0.3383393858530338 0.0 0.0 0.0 0.0 0.0 0.0 0.0 0.0 0.0 0.0 0.0 0.0 0.0 0.0 0.0 0.0 0.0 0.0 0.0 0.0 0.0 0.0 0.0 0.0 0.0 0.0 0.0 0.0 0.0 0.0 0.0 0.0 0.0 0.0 0.0 0.0 0.0 0.0 0.0 0.0 0.0 0.0 0.0 0.0 0.0 0.0 0.0 0.0 0.0 0.0
why are they not feeling this that whatever is happening today is presenting the worst form of humanity
0.0 0.0 0.0 0.0 0.0671152457922111 0.0 0.14520172431495848 0.33414665882682226 0.0 0.02369336621275296 0.3711732662422547 0.0 0.0 0.04666343236654546 0.30074612075825224 0.21534248808993178 0.11700758632515702 0.14353937544801054 0.11892374934652021 0.3711732662422547 0.09519449351933444 0.3003361147972733 0.23677338549213037 0.39906726311987895 0.3096540457624289 0.0 0.0 0.0 0.0 0.0 0.0 0.0 0.0 0.0 0.0 0.0 0.0 0.0 0.0 0.0 0.0 0.0 0.0 0.0 0.0 0.0 0.0 0.0 0.0 0.0 0.0 0.0 0.0 0.0 0.0 0.0 0.0 0.0 0.0 0.0 0.0 0.0 0.0 0.0 0.0
how come he does not feel that whatever is taking place is presenting the worst facade of humanity
0.21796907522064007 0.13194012553490808 0.0 0.3185409707453555 0.0671152457922111 0.0 0.14520172431495848 0.0 0.0 0.02369336621275296 0.3711732662422547 0.0 0.0 0.04666343236654546 0.30074612075825224 0.0 0.0 0.0 0.11892374934652021 0.0 0.0 0.3003361147972733 0.0 0.39906726311987895 0.0 0.24383976714983754 0.23300119784404258 0.2612185474678 0.25176708726223684 0.5347532095292792 0.0 0.0 0.0 0.0 0.0 0.0 0.0 0.0 0.0 0.0 0.0 0.0 0.0 0.0 0.0 0.0 0.0 0.0 0.0 0.0 0.0 0.0 0.0 0.0 0.0 0.0 0.0 0.0 0.0 0.0 0.0 0.0 0.0 0.0 0.0
whatever is happening is presenting a bad face of humanity (before us) how can you fail to feel it
0.20649701863008008 0.0 0.0 0.30177565649559995 0.0 0.0 0.1375595282983817 0.316559992572779 0.0 0.0 0.0 0.0 0.25354982850222335 0.04420746224199044 0.2849173775604495 0.0 0.0 0.0 0.0 0.0 0.0 0.28452895086057467 0.0 0.37806372295567475 0.0 0.0 0.0 0.0 0.0 0.0 0.0746254393248286 0.29427984912498056 0.5430897343203669 0.5066083037645803 0.16587721448288162 0.16777926956792757 0.4041919801300901 0.05683548998479792 0.10658712826455922 0.0 0.0 0.0 0.0 0.0 0.0 0.0 0.0 0.0 0.0 0.0 0.0 0.0 0.0 0.0 0.0 0.0 0.0 0.0 0.0 0.0 0.0 0.0 0.0 0.0 0.0
a1hb5veh552cys
how can he not realize that whatever is happening is showing the ugliest face of humanity
0.24521520962322008 0.14843264122677158 0.0 0.0 0.07550465151623749 0.0 0.16335193985432828 0.3759149911801751 0.4056289722248672 0.026655036989347083 0.0 0.0 0.30109042134639025 0.05249636141236364 0.3383393858530338 0.0 0.0 0.0 0.13378921801483523 0.0 0.0 0.33787812914693244 0.0 0.0 0.0 0.0 0.0 0.0 0.0 0.0 0.0 0.0 0.0 0.0 0.19697919219842192 0.0 0.0 0.0 0.0 0.4227098056623473 0.5582756619354425 0.0 0.0 0.0 0.0 0.0 0.0 0.0 0.0 0.0 0.0 0.0 0.0 0.0 0.0 0.0 0.0 0.0 0.0 0.0 0.0 0.0 0.0 0.0 0.0
a2de039cxxjuga
how does he not feel that what is happening around is a distortedworst face of humanity
0.24521520962322008 0.14843264122677158 0.0 0.35835859208852494 0.07550465151623749 0.19264785058328918 0.16335193985432828 0.3759149911801751 0.0 0.0 0.0 0.0 0.30109042134639025 0.05249636141236364 0.3383393858530338 0.0 0.0 0.0 0.13378921801483523 0.0 0.0 0.0 0.0 0.0 0.0 0.0 0.2621263475745479 0.0 0.0 0.0 0.08861770919823396 0.0 0.0 0.0 0.0 0.0 0.0 0.0 0.0 0.0 0.0 0.3317543536244197 0.5762557914636788 0.0 0.0 0.0 0.0 0.0 0.0 0.0 0.0 0.0 0.0 0.0 0.0 0.0 0.0 0.0 0.0 0.0 0.0 0.0 0.0 0.0 0.0
a3dd3acpmvdvca
how could i not feel that whatever is happening is presenting a very ugly picture of mankind
0.23079078552773655 0.0 0.0 0.337278674906847 0.07106320142704704 0.0 0.15374300221583836 0.3538023446401648 0.0 0.0 0.0 0.0 0.0 0.04940834015281284 0.0 0.0 0.0 0.0 0.12591926401396258 0.0 0.0 0.3180029450794658 0.0 0.4225418080092836 0.0 0.0 0.0 0.0 0.0 0.0 0.08340490277480843 0.0 0.0 0.0 0.0 0.0 0.0 0.0 0.0 0.0 0.0 0.0 0.0 0.25366775249913165 0.19105769675451142 0.24381875577559023 0.5254359171157106 0.3507056544351399 0.41532990670973463 0.0 0.0 0.0 0.0 0.0 0.0 0.0 0.0 0.0 0.0 0.0 0.0 0.0 0.0 0.0 0.0
alrghxunh1uv7
how do you feel this isnt going that he is a bad best t photo graham as it is back
0.19617216769857607 0.11874611298141727 0.0 0.28668687367081996 0.060403721212989994 0.0 0.13068155188346262 0.0 0.0 0.0 0.0 0.0 0.0 0.0 0.0 0.0 0.0 0.0 0.0 0.0 0.08567504416740099 0.0 0.0 0.0 0.0 0.0 0.0 0.0 0.0 0.0 0.07089416735858717 0.2795658566687315 0.0 0.0 0.0 0.1593903060895312 0.0 0.0 0.10125777185133127 0.0 0.0 0.0 0.0 0.0 0.0 0.0 0.0 0.0 0.0 0.16189185276980944 0.3381678445298778 0.22275368882444369 0.2955992852411359 0.46100463317094303 0.3164860452761348 0.366148633926649 0.13176506355165724 0.2464816611135235 0.0 0.0 0.0 0.0 0.0 0.0 0.0
avktegthhn2vp
how can he not realize that whatever is happening is showing the ugliest face of humanity
0.24521520962322008 0.14843264122677158 0.0 0.0 0.07550465151623749 0.0 0.16335193985432828 0.3759149911801751 0.4056289722248672 0.026655036989347083 0.0 0.0 0.30109042134639025 0.05249636141236364 0.3383393858530338 0.0 0.0 0.0 0.13378921801483523 0.0 0.0 0.33787812914693244 0.0 0.0 0.0 0.0 0.0 0.0 0.0 0.0 0.0 0.0 0.0 0.0 0.19697919219842192 0.0 0.0 0.0 0.0 0.4227098056623473 0.5582756619354425 0.0 0.0 0.0 0.0 0.0 0.0 0.0 0.0 0.0 0.0 0.0 0.0 0.0 0.0 0.0 0.0 0.0 0.0 0.0 0.0 0.0 0.0 0.0 0.0
a2dwqf4zhhblow
how can he not realize that whatever is happening is showing the ugliest face of humanity
0.24521520962322008 0.14843264122677158 0.0 0.0 0.07550465151623749 0.0 0.16335193985432828 0.3759149911801751 0.4056289722248672 0.026655036989347083 0.0 0.0 0.30109042134639025 0.05249636141236364 0.3383393858530338 0.0 0.0 0.0 0.13378921801483523 0.0 0.0 0.33787812914693244 0.0 0.0 0.0 0.0 0.0 0.0 0.0 0.0 0.0 0.0 0.0 0.0 0.19697919219842192 0.0 0.0 0.0 0.0 0.4227098056623473 0.5582756619354425 0.0 0.0 0.0 0.0 0.0 0.0 0.0 0.0 0.0 0.0 0.0 0.0 0.0 0.0 0.0 0.0 0.0 0.0 0.0 0.0 0.0 0.0 0.0 0.0
a3a4p6bwfe7hfn
how can he not realize that whatever is happening is showing the ugliest face of humanity
0.24521520962322008 0.14843264122677158 0.0 0.0 0.07550465151623749 0.0 0.16335193985432828 0.3759149911801751 0.4056289722248672 0.026655036989347083 0.0 0.0 0.30109042134639025 0.05249636141236364 0.3383393858530338 0.0 0.0 0.0 0.13378921801483523 0.0 0.0 0.33787812914693244 0.0 0.0 0.0 0.0 0.0 0.0 0.0 0.0 0.0 0.0 0.0 0.0 0.19697919219842192 0.0 0.0 0.0 0.0 0.4227098056623473 0.5582756619354425 0.0 0.0 0.0 0.0 0.0 0.0 0.0 0.0 0.0 0.0 0.0 0.0 0.0 0.0 0.0 0.0 0.0 0.0 0.0 0.0 0.0 0.0 0.0 0.0
a3m6cl5oao31z
how does he not feel that what is happening around him is a distortedworst face of humanity
0.23079078552773655 0.13970130938990266 0.0 0.337278674906847 0.07106320142704704 0.1813156240783898 0.15374300221583836 0.3538023446401648 0.0 0.0 0.0 0.0 0.28337922009072025 0.04940834015281284 0.31843706903814945 0.0 0.0 0.0 0.12591926401396258 0.0 0.0 0.0 0.0 0.0 0.0 0.0 0.24670715065839802 0.0 0.0 0.0 0.08340490277480843 0.0 0.0 0.0 0.0 0.0 0.0 0.0 0.0 0.0 0.0 0.31223939164651265 0.5423583919658154 0.0 0.0 0.0 0.0 0.0 0.0 0.0 0.0 0.0 0.0 0.0 0.0 0.0 0.0 0.0 0.2190759701374819 0.0 0.0 0.0 0.0 0.0 0.0
al2rcq9eyun61
how does he not feel that what is happening in the world around him is the distortedevil aspect of humanity
0.19617216769857607 0.11874611298141727 0.0 0.28668687367081996 0.060403721212989994 0.15411828046663134 0.13068155188346262 0.30073199294414005 0.0 0.042648059182955333 0.0 0.0 0.0 0.04199708912989091 0.27067150868242706 0.0 0.0 0.0 0.10703137441186819 0.0 0.0 0.0 0.0 0.0 0.0 0.0 0.2097010780596383 0.0 0.0 0.0 0.0 0.0 0.0 0.0 0.0 0.0 0.0 0.0 0.0 0.0 0.0 0.26540348289953575 0.0 0.0 0.0 0.0 0.0 0.0 0.0 0.0 0.0 0.0 0.0 0.0 0.0 0.0 0.0 0.0 0.1862145746168596 0.05149153512283405 0.16605544845525222 0.5159352476043486 0.36871329864602653 0.0 0.0
a3bnv4r3pkyf7u
how does he not feel that what is happening around is a distortedworst face of humanity
0.24521520962322008 0.14843264122677158 0.0 0.35835859208852494 0.07550465151623749 0.19264785058328918 0.16335193985432828 0.3759149911801751 0.0 0.0 0.0 0.0 0.30109042134639025 0.05249636141236364 0.3383393858530338 0.0 0.0 0.0 0.13378921801483523 0.0 0.0 0.0 0.0 0.0 0.0 0.0 0.2621263475745479 0.0 0.0 0.0 0.08861770919823396 0.0 0.0 0.0 0.0 0.0 0.0 0.0 0.0 0.0 0.0 0.3317543536244197 0.5762557914636788 0.0 0.0 0.0 0.0 0.0 0.0 0.0 0.0 0.0 0.0 0.0 0.0 0.0 0.0 0.0 0.0 0.0 0.0 0.0 0.0 0.0 0.0
a2qxd8jqk5bvez
how could i not feel that whatever is happening is presenting a very ugly picture of mankind
0.23079078552773655 0.0 0.0 0.337278674906847 0.07106320142704704 0.0 0.15374300221583836 0.3538023446401648 0.0 0.0 0.0 0.0 0.0 0.04940834015281284 0.0 0.0 0.0 0.0 0.12591926401396258 0.0 0.0 0.3180029450794658 0.0 0.4225418080092836 0.0 0.0 0.0 0.0 0.0 0.0 0.08340490277480843 0.0 0.0 0.0 0.0 0.0 0.0 0.0 0.0 0.0 0.0 0.0 0.0 0.25366775249913165 0.19105769675451142 0.24381875577559023 0.5254359171157106 0.3507056544351399 0.41532990670973463 0.0 0.0 0.0 0.0 0.0 0.0 0.0 0.0 0.0 0.0 0.0 0.0 0.0 0.0 0.0 0.0
a3m6cl5oao31z
how could i not feel that whatever is happening is presenting a very ugly picture of mankind
0.23079078552773655 0.0 0.0 0.337278674906847 0.07106320142704704 0.0 0.15374300221583836 0.3538023446401648 0.0 0.0 0.0 0.0 0.0 0.04940834015281284 0.0 0.0 0.0 0.0 0.12591926401396258 0.0 0.0 0.3180029450794658 0.0 0.4225418080092836 0.0 0.0 0.0 0.0 0.0 0.0 0.08340490277480843 0.0 0.0 0.0 0.0 0.0 0.0 0.0 0.0 0.0 0.0 0.0 0.0 0.25366775249913165 0.19105769675451142 0.24381875577559023 0.5254359171157106 0.3507056544351399 0.41532990670973463 0.0 0.0 0.0 0.0 0.0 0.0 0.0 0.0 0.0 0.0 0.0 0.0 0.0 0.0 0.0 0.0
a6mpnb4h7l9bs
how could any one not feel that whatever is happening is presenting a very ugly picture of mankind
0.21796907522064007 0.0 0.0 0.3185409707453555 0.0671152457922111 0.0 0.14520172431495848 0.33414665882682226 0.0 0.0 0.0 0.0 0.0 0.04666343236654546 0.0 0.0 0.0 0.0 0.11892374934652021 0.0 0.0 0.3003361147972733 0.0 0.39906726311987895 0.0 0.0 0.0 0.0 0.0 0.0 0.07877129706509685 0.0 0.0 0.0 0.0 0.0 0.0 0.0 0.0 0.0 0.0 0.0 0.0 0.23957509958251322 0.0 0.230273269343613 0.49624503283150445 0.33122200696652104 0.39225602300363827 0.0 0.0 0.0 0.0 0.0 0.0 0.0 0.0 0.0 0.0 0.0 0.0 0.0 0.0 0.19685215895280994 0.16283309516699612
a477wg206bmm6
how do you feel this isnt going that he is a bad best t photo graham as it is back
0.19617216769857607 0.11874611298141727 0.0 0.28668687367081996 0.060403721212989994 0.0 0.13068155188346262 0.0 0.0 0.0 0.0 0.0 0.0 0.0 0.0 0.0 0.0 0.0 0.0 0.0 0.08567504416740099 0.0 0.0 0.0 0.0 0.0 0.0 0.0 0.0 0.0 0.07089416735858717 0.2795658566687315 0.0 0.0 0.0 0.1593903060895312 0.0 0.0 0.10125777185133127 0.0 0.0 0.0 0.0 0.0 0.0 0.0 0.0 0.0 0.0 0.16189185276980944 0.3381678445298778 0.22275368882444369 0.2955992852411359 0.46100463317094303 0.3164860452761348 0.366148633926649 0.13176506355165724 0.2464816611135235 0.0 0.0 0.0 0.0 0.0 0.0 0.0
