pakistanis themselves would break pakistan will be disintegrated by the broken only itself it torn apart pakistani simply this sounds good could may destroy their own country was
pakistanis themselves would break pakistan
1.123644917258911 1.1407168870491424 0.6918180096865537 1.289500788235816 0.4715366972407201 0.0 0.0 0.0 0.0 0.0 0.0 0.0 0.0 0.0 0.0 0.0 0.0 0.0 0.0 0.0 0.0 0.0 0.0 0.0 0.0 0.0 0.0 0.0
pakistanis themselves will break pakistan
1.123644917258911 1.1407168870491424 0.0 1.289500788235816 0.4715366972407201 0.4431026399602368 0.0 0.0 0.0 0.0 0.0 0.0 0.0 0.0 0.0 0.0 0.0 0.0 0.0 0.0 0.0 0.0 0.0 0.0 0.0 0.0 0.0 0.0
pakistan will be disintegrated by the pakistanis
0.8026035123277936 0.0 0.0 0.0 0.3368119266005144 0.31650188568588344 0.3066889922798786 1.375079681646718 0.35649418020020684 0.06092579883279333 0.0 0.0 0.0 0.0 0.0 0.0 0.0 0.0 0.0 0.0 0.0 0.0 0.0 0.0 0.0 0.0 0.0 0.0
pakistan will be broken only by pakistanis
0.8026035123277936 0.0 0.0 0.0 0.3368119266005144 0.31650188568588344 0.3066889922798786 0.0 0.35649418020020684 0.0 0.9367864051990583 0.4808537582088718 0.0 0.0 0.0 0.0 0.0 0.0 0.0 0.0 0.0 0.0 0.0 0.0 0.0 0.0 0.0 0.0
a3dd3acpmvdvca
pakistan will break itself
0.0 0.0 0.0 1.61187598529477 0.5894208715509002 0.553878299950296 0.0 0.0 0.0 0.0 0.0 0.0 1.3478628167324416 0.0 0.0 0.0 0.0 0.0 0.0 0.0 0.0 0.0 0.0 0.0 0.0 0.0 0.0 0.0
a143bvgouf83je
pakistan will be broken by pakistanis themselves
0.8026035123277936 0.8147977764636731 0.0 0.0 0.3368119266005144 0.31650188568588344 0.3066889922798786 0.0 0.35649418020020684 0.0 0.9367864051990583 0.0 0.0 0.0 0.0 0.0 0.0 0.0 0.0 0.0 0.0 0.0 0.0 0.0 0.0 0.0 0.0 0.0
a4x4g5ttibjer
pakistan would be broken by the pakistanis themselves
0.7022780732868193 0.712948054405714 0.4323862560540961 0.0 0.2947104357754501 0.0 0.2683528682448938 0.0 0.311932407675181 0.05331007397869417 0.8196881045491761 0.0 0.0 0.0 0.0 0.0 0.0 0.0 0.0 0.0 0.0 0.0 0.0 0.0 0.0 0.0 0.0 0.0
a3u16uhguaktzs
it will be torn apart by pakistani themselves
0.0 0.712948054405714 0.0 0.0 0.0 0.276939149975148 0.2683528682448938 0.0 0.311932407675181 0.0 0.0 0.0 0.0 0.25314442962832817 1.116551323870885 0.696721602965465 0.4600171453650563 0.0 0.0 0.0 0.0 0.0 0.0 0.0 0.0 0.0 0.0 0.0
a2eldzaxlm8quo
pakistan will break itself
0.0 0.0 0.0 1.61187598529477 0.5894208715509002 0.553878299950296 0.0 0.0 0.0 0.0 0.0 0.0 1.3478628167324416 0.0 0.0 0.0 0.0 0.0 0.0 0.0 0.0 0.0 0.0 0.0 0.0 0.0 0.0 0.0
a3qu3km3iywhif
pakistan will simply break itself
0.0 0.0 0.0 1.289500788235816 0.4715366972407201 0.4431026399602368 0.0 0.0 0.0 0.0 0.0 0.0 1.0782902533859533 0.0 0.0 0.0 0.0 1.5667596604597942 0.0 0.0 0.0 0.0 0.0 0.0 0.0 0.0 0.0 0.0
a1qabqi4s90bfu
pakistan will break itself
0.0 0.0 0.0 1.61187598529477 0.5894208715509002 0.553878299950296 0.0 0.0 0.0 0.0 0.0 0.0 1.3478628167324416 0.0 0.0 0.0 0.0 0.0 0.0 0.0 0.0 0.0 0.0 0.0 0.0 0.0 0.0 0.0
ay9joh7iihjwe
pakistan will be broken by pakistanis themselves
0.8026035123277936 0.8147977764636731 0.0 0.0 0.3368119266005144 0.31650188568588344 0.3066889922798786 0.0 0.35649418020020684 0.0 0.9367864051990583 0.0 0.0 0.0 0.0 0.0 0.0 0.0 0.0 0.0 0.0 0.0 0.0 0.0 0.0 0.0 0.0 0.0
a2gg12ou3ao26n
pakistan will be broken by pakistanis themselves
0.8026035123277936 0.8147977764636731 0.0 0.0 0.3368119266005144 0.31650188568588344 0.3066889922798786 0.0 0.35649418020020684 0.0 0.9367864051990583 0.0 0.0 0.0 0.0 0.0 0.0 0.0 0.0 0.0 0.0 0.0 0.0 0.0 0.0 0.0 0.0 0.0
a1lcle8gy2eo0v
pakistan will be broken by pakistanis themselves this sounds good
0.5618224586294555 0.5703584435245712 0.0 0.0 0.23576834862036006 0.2215513199801184 0.21468229459591504 0.0 0.24954592614014479 0.0 0.6557504836393409 0.0 0.0 0.0 0.0 0.0 0.0 0.0 0.17135008833480198 0.8526945482858915 0.45918572044997735 0.0 0.0 0.0 0.0 0.0 0.0 0.0
a330jjzgjl7ig2
pakistan could only be broken by the pakistanis themselves
0.6242471762549505 0.6337316039161902 0.0 0.0 0.2619648318004001 0.0 0.23853588288435004 0.0 0.27727325126682756 0.04738673242550592 0.7286116484881565 0.37399736749578916 0.0 0.0 0.0 0.0 0.0 0.0 0.0 0.0 0.0 0.47915019916502644 0.0 0.0 0.0 0.0 0.0 0.0
a2sb2bw2w4t4ww
pakistanis may destroy their own country
0.9363707643824258 0.0 0.0 0.0 0.0 0.0 0.0 0.0 0.0 0.0 0.0 0.0 0.0 0.0 0.0 0.0 0.0 0.0 0.0 0.0 0.0 0.0 0.7429864547701842 1.0644798865604408 0.49620351662063494 0.706843784789656 0.6511477807295123 0.0
a3uewlcbe68lil
pakistan was broken by the pakistanis themselves
0.8026035123277936 0.8147977764636731 0.0 0.0 0.3368119266005144 0.0 0.0 0.0 0.35649418020020684 0.06092579883279333 0.9367864051990583 0.0 0.0 0.0 0.0 0.0 0.0 0.0 0.0 0.0 0.0 0.0 0.0 0.0 0.0 0.0 0.0 0.31397413299916177
a1aklmhymfgmc2
it will be torn apart by pakistanis themselves
0.7022780732868193 0.712948054405714 0.0 0.0 0.0 0.276939149975148 0.2683528682448938 0.0 0.311932407675181 0.0 0.0 0.0 0.0 0.25314442962832817 1.116551323870885 0.696721602965465 0.0 0.0 0.0 0.0 0.0 0.0 0.0 0.0 0.0 0.0 0.0 0.0
