here in karachi anxiety can be seen amongst the citizens because of eight to ten hours loadshedding is causing restlessness among people on other hand are upset over hour load shedding blackouts there public perturbed 810 growing those dwelling electricity unbelivable situation cities by light from 8 10 worried due annoyed still an outlandish for example unbelievable about
here in karachi anxiety can be seen amongst the citizens because of the eight to ten hours of loadshedding
0.23114625926929264 0.054201615918772685 0.22213845631161738 0.36771054957430355 0.16587721448288162 0.11299068136627106 0.30926598397877125 0.3451318334943899 0.044892693876795085 0.281520613290051 0.20632157987114544 0.08841492448398088 0.2915569188934443 0.05683548998479792 0.31948472158092694 0.28530869221768734 0.4852680349167821 0.0 0.0 0.0 0.0 0.0 0.0 0.0 0.0 0.0 0.0 0.0 0.0 0.0 0.0 0.0 0.0 0.0 0.0 0.0 0.0 0.0 0.0 0.0 0.0 0.0 0.0 0.0 0.0 0.0 0.0 0.0 0.0 0.0 0.0 0.0 0.0 0.0 0.0 0.0 0.0 0.0
in karachi eight to ten hours of loadshedding is causing restlessness among the people
0.0 0.07355933588976293 0.3014736192800522 0.0 0.0 0.0 0.0 0.0 0.030462899416396665 0.0 0.0 0.05999584161412987 0.39568438992681726 0.07713387926508289 0.43358640785982944 0.38720465372400426 0.6585780473870615 0.09334396563104473 0.5100465086956446 0.687539840823359 0.351467303612087 0.19334732517903958 0.0 0.0 0.0 0.0 0.0 0.0 0.0 0.0 0.0 0.0 0.0 0.0 0.0 0.0 0.0 0.0 0.0 0.0 0.0 0.0 0.0 0.0 0.0 0.0 0.0 0.0 0.0 0.0 0.0 0.0 0.0 0.0 0.0 0.0 0.0 0.0
on the other hand the citizens are upset over eight to ten hour load shedding in karachi
0.0 0.06057827661509889 0.24827239234827825 0.0 0.0 0.0 0.0 0.0 0.0501741872740651 0.3146406854418218 0.0 0.0 0.32585773288090836 0.06352201821830356 0.35707115941397716 0.0 0.0 0.0 0.0 0.0 0.0 0.0 0.11017692719857666 0.19638994185442396 0.26290471600824183 0.1238903855207545 0.4517439777924536 0.21972327823107096 0.3623424628663117 0.4337803513482665 0.38711972551785895 0.0 0.0 0.0 0.0 0.0 0.0 0.0 0.0 0.0 0.0 0.0 0.0 0.0 0.0 0.0 0.0 0.0 0.0 0.0 0.0 0.0 0.0 0.0 0.0 0.0 0.0 0.0
because of eight to ten hours of blackouts there is restlessness amongst the people of karachi
0.0 0.0 0.26378941687004565 0.0 0.0 0.0 0.0 0.40984405227458803 0.026655036989347083 0.0 0.2450068760969852 0.15748908423709093 0.3462238411859651 0.06749214435694753 0.37938810687735075 0.3388040720085037 0.0 0.08167596992716414 0.0 0.6015973607204391 0.0 0.16917890953165962 0.0 0.0 0.0 0.0 0.0 0.0 0.0 0.0 0.0 0.5762557914636788 0.17899906267018562 0.0 0.0 0.0 0.0 0.0 0.0 0.0 0.0 0.0 0.0 0.0 0.0 0.0 0.0 0.0 0.0 0.0 0.0 0.0 0.0 0.0 0.0 0.0 0.0 0.0
a3dd3acpmvdvca
here in karachi the public is perturbed over the 810 hour load shedding
0.3378291481628123 0.07921774634282162 0.32466389768621 0.0 0.0 0.0 0.0 0.0 0.0656123987430082 0.0 0.0 0.0 0.0 0.0 0.0 0.0 0.0 0.10052427067958664 0.0 0.0 0.0 0.0 0.0 0.0 0.0 0.0 0.0 0.2873304407637082 0.47383245144056146 0.5672512286861946 0.5062334872156617 0.0 0.0 0.36224870437707773 0.7092378971860662 0.6871085069974677 0.0 0.0 0.0 0.0 0.0 0.0 0.0 0.0 0.0 0.0 0.0 0.0 0.0 0.0 0.0 0.0 0.0 0.0 0.0 0.0 0.0 0.0
a3fq8i38xt2b4z
here there is growing anxiety among those dwelling in karachi because of eight to ten hours electricity load shedding
0.23114625926929264 0.054201615918772685 0.22213845631161738 0.36771054957430355 0.0 0.0 0.0 0.0 0.0 0.0 0.20632157987114544 0.04420746224199044 0.2915569188934443 0.05683548998479792 0.31948472158092694 0.28530869221768734 0.0 0.06877976414919085 0.0 0.0 0.25897590792469566 0.0 0.0 0.0 0.0 0.0 0.0 0.0 0.0 0.3881192617326595 0.3463702807265054 0.0 0.15073605277489316 0.0 0.0 0.0 0.35448347440162425 0.20985279485227787 0.4701268732087937 0.3210103814163613 0.0 0.0 0.0 0.0 0.0 0.0 0.0 0.0 0.0 0.0 0.0 0.0 0.0 0.0 0.0 0.0 0.0 0.0
a353ocl6lm6m4o
here there is unbelivable situation in cities by the load shedding of light in karachi from 8 to 10 hours
0.21958894630582798 0.1029830702456681 0.2110315334960365 0.0 0.0 0.0 0.0 0.0 0.021324029591477667 0.0 0.0 0.04199708912989091 0.0 0.05399371548555802 0.0 0.271043257606803 0.0 0.06534077594173131 0.0 0.0 0.0 0.0 0.0 0.0 0.0 0.0 0.0 0.0 0.0 0.36871329864602653 0.3290517666901801 0.0 0.14319925013614848 0.0 0.0 0.0 0.0 0.0 0.0 0.0 0.5159352476043486 0.20470732614058057 0.3213442326988172 0.12477296307007239 0.31039155439568294 0.12064473197140195 0.30495986234554323 0.29683391587065444 0.0 0.0 0.0 0.0 0.0 0.0 0.0 0.0 0.0 0.0
a8v7wa74iohz9
in karachi people are worried due to 8 to 10 hours load shedding
0.0 0.07921774634282162 0.32466389768621 0.0 0.0 0.0 0.0 0.0 0.0 0.0 0.0 0.0 0.0 0.16613450918633238 0.0 0.4169896270873892 0.0 0.0 0.0 0.0 0.0 0.208220196346658 0.0 0.0 0.0 0.1620105041425251 0.0 0.0 0.0 0.5672512286861946 0.5062334872156617 0.0 0.0 0.0 0.0 0.0 0.0 0.0 0.0 0.0 0.0 0.0 0.0 0.0 0.0 0.0 0.4691690189931434 0.4566675628779299 0.5804704792190146 0.33481217022794446 0.0 0.0 0.0 0.0 0.0 0.0 0.0 0.0
a1dndzlo2d5d48
here in karachi the public is annoyed over the 810 hour load shedding
0.3378291481628123 0.07921774634282162 0.32466389768621 0.0 0.0 0.0 0.0 0.0 0.0656123987430082 0.0 0.0 0.0 0.0 0.0 0.0 0.0 0.0 0.10052427067958664 0.0 0.0 0.0 0.0 0.0 0.0 0.0 0.0 0.0 0.2873304407637082 0.47383245144056146 0.5672512286861946 0.5062334872156617 0.0 0.0 0.36224870437707773 0.0 0.6871085069974677 0.0 0.0 0.0 0.0 0.0 0.0 0.0 0.0 0.0 0.0 0.0 0.0 0.0 0.0 0.7092378971860662 0.0 0.0 0.0 0.0 0.0 0.0 0.0
a3odrygim0wb3t
here in karachi the public is perturbed over the 810 hour load shedding
0.3378291481628123 0.07921774634282162 0.32466389768621 0.0 0.0 0.0 0.0 0.0 0.0656123987430082 0.0 0.0 0.0 0.0 0.0 0.0 0.0 0.0 0.10052427067958664 0.0 0.0 0.0 0.0 0.0 0.0 0.0 0.0 0.0 0.2873304407637082 0.47383245144056146 0.5672512286861946 0.5062334872156617 0.0 0.0 0.36224870437707773 0.7092378971860662 0.6871085069974677 0.0 0.0 0.0 0.0 0.0 0.0 0.0 0.0 0.0 0.0 0.0 0.0 0.0 0.0 0.0 0.0 0.0 0.0 0.0 0.0 0.0 0.0
a6tw9zegog7ph
here in karachi the public is perturbed over the 810 hour load shedding
0.3378291481628123 0.07921774634282162 0.32466389768621 0.0 0.0 0.0 0.0 0.0 0.0656123987430082 0.0 0.0 0.0 0.0 0.0 0.0 0.0 0.0 0.10052427067958664 0.0 0.0 0.0 0.0 0.0 0.0 0.0 0.0 0.0 0.2873304407637082 0.47383245144056146 0.5672512286861946 0.5062334872156617 0.0 0.0 0.36224870437707773 0.7092378971860662 0.6871085069974677 0.0 0.0 0.0 0.0 0.0 0.0 0.0 0.0 0.0 0.0 0.0 0.0 0.0 0.0 0.0 0.0 0.0 0.0 0.0 0.0 0.0 0.0
a2scjh3oqhuw2a
here there is growing anxiety among those dwelling in karachi because of eight to ten hours electricity load shedding
0.23114625926929264 0.054201615918772685 0.22213845631161738 0.36771054957430355 0.0 0.0 0.0 0.0 0.0 0.0 0.20632157987114544 0.04420746224199044 0.2915569188934443 0.05683548998479792 0.31948472158092694 0.28530869221768734 0.0 0.06877976414919085 0.0 0.0 0.25897590792469566 0.0 0.0 0.0 0.0 0.0 0.0 0.0 0.0 0.3881192617326595 0.3463702807265054 0.0 0.15073605277489316 0.0 0.0 0.0 0.35448347440162425 0.20985279485227787 0.4701268732087937 0.3210103814163613 0.0 0.0 0.0 0.0 0.0 0.0 0.0 0.0 0.0 0.0 0.0 0.0 0.0 0.0 0.0 0.0 0.0 0.0
a2oe085okcwole
there is growing anxiety among those dwelling in karachi because of the eight to ten hours of electricity load shedding
0.0 0.05149153512283405 0.2110315334960365 0.34932502209558836 0.0 0.0 0.0 0.0 0.021324029591477667 0.0 0.19600550087758817 0.08399417825978182 0.2769790729487721 0.05399371548555802 0.3035104855018806 0.271043257606803 0.0 0.06534077594173131 0.0 0.0 0.2460271125284609 0.0 0.0 0.0 0.0 0.0 0.0 0.0 0.0 0.36871329864602653 0.3290517666901801 0.0 0.14319925013614848 0.0 0.0 0.0 0.33675930068154303 0.19936015510966398 0.446620529548354 0.30495986234554323 0.0 0.0 0.0 0.0 0.0 0.0 0.0 0.0 0.0 0.0 0.0 0.0 0.0 0.0 0.0 0.0 0.0 0.0
a330jjzgjl7ig2
here there is growing anxiety among those dwelling in karachi because of eight to ten hours electricity load shedding
0.23114625926929264 0.054201615918772685 0.22213845631161738 0.36771054957430355 0.0 0.0 0.0 0.0 0.0 0.0 0.20632157987114544 0.04420746224199044 0.2915569188934443 0.05683548998479792 0.31948472158092694 0.28530869221768734 0.0 0.06877976414919085 0.0 0.0 0.25897590792469566 0.0 0.0 0.0 0.0 0.0 0.0 0.0 0.0 0.3881192617326595 0.3463702807265054 0.0 0.15073605277489316 0.0 0.0 0.0 0.35448347440162425 0.20985279485227787 0.4701268732087937 0.3210103814163613 0.0 0.0 0.0 0.0 0.0 0.0 0.0 0.0 0.0 0.0 0.0 0.0 0.0 0.0 0.0 0.0 0.0 0.0
a2190f96xfy41l
here there is still an outlandish situation in the cities for example there are blackouts in karachi from 8 to 10 hours
0.19962631482348 0.09362097295060737 0.19184684863276047 0.0 0.0 0.0 0.0 0.0 0.01938548144679788 0.0 0.0 0.0 0.0 0.04908519589596184 0.0 0.24640296146072996 0.0 0.05940070540157392 0.0 0.0 0.0 0.0 0.0 0.0 0.0 0.09573347972058302 0.0 0.0 0.0 0.0 0.0 0.41909512106449365 0.26036227297481546 0.0 0.0 0.0 0.0 0.0 0.0 0.0 0.0 0.1860975692187096 0.29213112063528834 0.0 0.0 0.10967702906491086 0.27723623849594836 0.2698490144278677 0.0 0.0 0.0 0.19393708105284338 0.13410751208070862 0.4690320432766805 0.08775953177920069 0.2549624886715744 0.0 0.0
a3c1u2evw0nuff
here there is unbelievable situation in cities by the load shedding of light in karachi from 8 to 10 hours
0.21958894630582798 0.1029830702456681 0.2110315334960365 0.0 0.0 0.0 0.0 0.0 0.021324029591477667 0.0 0.0 0.04199708912989091 0.0 0.05399371548555802 0.0 0.271043257606803 0.0 0.06534077594173131 0.0 0.0 0.0 0.0 0.0 0.0 0.0 0.0 0.0 0.0 0.0 0.36871329864602653 0.3290517666901801 0.0 0.14319925013614848 0.0 0.0 0.0 0.0 0.0 0.0 0.0 0.0 0.20470732614058057 0.3213442326988172 0.12477296307007239 0.31039155439568294 0.12064473197140195 0.30495986234554323 0.29683391587065444 0.0 0.0 0.0 0.0 0.0 0.0 0.0 0.0 0.4812778885763513 0.0
a2epq8pt6mk3tp
here there is an unbelievable situation in cities by the load shedding of light in karachi from 8 to 10 hours
0.2091323298150743 0.09807911451968392 0.2009824128533681 0.0 0.0 0.0 0.0 0.0 0.02030859961093111 0.0 0.0 0.03999722774275325 0.0 0.05142258617672193 0.0 0.2581364358160028 0.0 0.06222931042069649 0.0 0.0 0.0 0.0 0.0 0.0 0.0 0.0 0.0 0.0 0.0 0.35115552252002524 0.3133826349430287 0.0 0.13638023822490333 0.0 0.0 0.0 0.0 0.0 0.0 0.0 0.0 0.19495935822912433 0.30604212637982586 0.11883139340006894 0.2956110041863647 0.11489974473466853 0.2904379641386126 0.2826989674958614 0.0 0.0 0.0 0.0 0.1404935840845519 0.0 0.0 0.0 0.45835989388223936 0.0
aonmraht4motn
in karachi people are worried about the 8 to 10 hour load shedding
0.0 0.07921774634282162 0.32466389768621 0.0 0.0 0.0 0.0 0.0 0.0328061993715041 0.0 0.0 0.0 0.0 0.08306725459316619 0.0 0.0 0.0 0.0 0.0 0.0 0.0 0.208220196346658 0.0 0.0 0.0 0.1620105041425251 0.0 0.0 0.47383245144056146 0.5672512286861946 0.5062334872156617 0.0 0.0 0.0 0.0 0.0 0.0 0.0 0.0 0.0 0.0 0.0 0.0 0.0 0.0 0.0 0.4691690189931434 0.4566675628779299 0.5804704792190146 0.0 0.0 0.0 0.0 0.0 0.0 0.0 0.0 0.23969567350490256
