the experts say that number of affected computers could significantly increase may be very high have said go fear virushit pcs much higher infected many effected can a lot more might quite large even than this estimate are suggested value considerably greater
the experts say that the number of affected computers could significantly increase
0.07108009863825888 0.4652088753077063 0.3261230411713441 0.10067286868831665 0.3794594874418438 0.06999514854981818 0.46304425144076783 0.4652088753077063 0.3593626493737698 0.6767900312292293 0.4154988465684668 0.0 0.0 0.0 0.0 0.0 0.0 0.0 0.0 0.0 0.0 0.0 0.0 0.0 0.0 0.0 0.0 0.0 0.0 0.0 0.0 0.0 0.0 0.0 0.0 0.0 0.0 0.0 0.0 0.0 0.0 0.0
the experts say that the number of the computers affected may be very high
0.09138869824919 0.39875046454946256 0.2795340352897235 0.08629103030427142 0.32525098923586615 0.05999584161412987 0.3968950726635153 0.39875046454946256 0.0 0.0 0.0 0.31842276633007893 0.1533444961399393 0.29606563201321673 0.36854640377660297 0.0 0.0 0.0 0.0 0.0 0.0 0.0 0.0 0.0 0.0 0.0 0.0 0.0 0.0 0.0 0.0 0.0 0.0 0.0 0.0 0.0 0.0 0.0 0.0 0.0 0.0 0.0
experts have said the number of affected computers may go very high
0.03554004931912944 0.4652088753077063 0.0 0.0 0.3794594874418438 0.06999514854981818 0.46304425144076783 0.4652088753077063 0.0 0.0 0.0 0.3714932273850921 0.0 0.3454099040154195 0.4299708044060368 0.1906641689990358 0.1845001236429885 0.44632169348558864 0.0 0.0 0.0 0.0 0.0 0.0 0.0 0.0 0.0 0.0 0.0 0.0 0.0 0.0 0.0 0.0 0.0 0.0 0.0 0.0 0.0 0.0 0.0 0.0
experts fear that the number of virushit pcs could be much higher
0.03554004931912944 0.4652088753077063 0.0 0.10067286868831665 0.3794594874418438 0.06999514854981818 0.0 0.0 0.3593626493737698 0.0 0.0 0.0 0.17890191216326254 0.0 0.0 0.0 0.0 0.0 0.4637595634150505 0.859892079340581 0.8021298142939188 0.40528198639410573 0.5737264789668187 0.0 0.0 0.0 0.0 0.0 0.0 0.0 0.0 0.0 0.0 0.0 0.0 0.0 0.0 0.0 0.0 0.0 0.0 0.0
a28z6a8uc4er3x
experts say that number of infected computers could be many
0.0 0.5582506503692476 0.3913476494056129 0.12080744242597999 0.4553513849302126 0.08399417825978182 0.0 0.5582506503692476 0.4312351792485238 0.0 0.0 0.0 0.21468229459591504 0.0 0.0 0.0 0.0 0.0 0.0 0.0 0.0 0.0 0.0 0.7140651121739026 0.3930143546541341 0.0 0.0 0.0 0.0 0.0 0.0 0.0 0.0 0.0 0.0 0.0 0.0 0.0 0.0 0.0 0.0 0.0
a143bvgouf83je
the experts say that the number of effected computers can be a lot more
0.06092579883279333 0.39875046454946256 0.2795340352897235 0.08629103030427142 0.32525098923586615 0.05999584161412987 0.0 0.39875046454946256 0.0 0.0 0.0 0.0 0.1533444961399393 0.0 0.0 0.0 0.0 0.0 0.0 0.0 0.0 0.0 0.0 0.0 0.0 0.5390083021319422 0.22511907679819648 0.10127738194083881 0.39937979524104505 0.2586907646014633 0.0 0.0 0.0 0.0 0.0 0.0 0.0 0.0 0.0 0.0 0.0 0.0
a3dd3acpmvdvca
experts say that the number of affected computers might be quite large
0.03554004931912944 0.4652088753077063 0.3261230411713441 0.10067286868831665 0.3794594874418438 0.06999514854981818 0.46304425144076783 0.4652088753077063 0.0 0.0 0.0 0.0 0.17890191216326254 0.0 0.0 0.0 0.0 0.0 0.0 0.0 0.0 0.0 0.0 0.0 0.0 0.0 0.0 0.0 0.0 0.0 0.48869647131945526 0.5524854581644195 0.44928760557748054 0.0 0.0 0.0 0.0 0.0 0.0 0.0 0.0 0.0
a1aczgd5azz3r7
experts say that the computers affected may be even more than this
0.03554004931912944 0.4652088753077063 0.3261230411713441 0.10067286868831665 0.0 0.0 0.46304425144076783 0.4652088753077063 0.0 0.0 0.0 0.3714932273850921 0.17890191216326254 0.0 0.0 0.0 0.0 0.0 0.0 0.0 0.0 0.0 0.0 0.0 0.0 0.0 0.0 0.0 0.0 0.30180589203504055 0.0 0.0 0.0 0.3050578255180185 0.3464581358659912 0.14279174027900166 0.0 0.0 0.0 0.0 0.0 0.0
a1wgq344wqriu5
experts say that the number of infected computers could be many
0.03877096289359576 0.5075005912447705 0.355770590368739 0.1098249476599818 0.41395580448201147 0.07635834387252893 0.0 0.5075005912447705 0.39203198113502163 0.0 0.0 0.0 0.19516572235992277 0.0 0.0 0.0 0.0 0.0 0.0 0.0 0.0 0.0 0.0 0.649150101976275 0.3572857769583037 0.0 0.0 0.0 0.0 0.0 0.0 0.0 0.0 0.0 0.0 0.0 0.0 0.0 0.0 0.0 0.0 0.0
a330jjzgjl7ig2
experts say that the number of infected computers could be many
0.03877096289359576 0.5075005912447705 0.355770590368739 0.1098249476599818 0.41395580448201147 0.07635834387252893 0.0 0.5075005912447705 0.39203198113502163 0.0 0.0 0.0 0.19516572235992277 0.0 0.0 0.0 0.0 0.0 0.0 0.0 0.0 0.0 0.0 0.649150101976275 0.3572857769583037 0.0 0.0 0.0 0.0 0.0 0.0 0.0 0.0 0.0 0.0 0.0 0.0 0.0 0.0 0.0 0.0 0.0
a21146bd3quzea
experts say that the number of infected computers could be high
0.03877096289359576 0.5075005912447705 0.355770590368739 0.1098249476599818 0.41395580448201147 0.07635834387252893 0.0 0.5075005912447705 0.39203198113502163 0.0 0.0 0.0 0.19516572235992277 0.0 0.4690590593520401 0.0 0.0 0.0 0.0 0.0 0.0 0.0 0.0 0.649150101976275 0.0 0.0 0.0 0.0 0.0 0.0 0.0 0.0 0.0 0.0 0.0 0.0 0.0 0.0 0.0 0.0 0.0 0.0
a1g9f1kosfkijh
the experts say that the number of affected computers can be a lot more
0.06092579883279333 0.39875046454946256 0.2795340352897235 0.08629103030427142 0.32525098923586615 0.05999584161412987 0.3968950726635153 0.39875046454946256 0.0 0.0 0.0 0.0 0.1533444961399393 0.0 0.0 0.0 0.0 0.0 0.0 0.0 0.0 0.0 0.0 0.0 0.0 0.0 0.22511907679819648 0.10127738194083881 0.39937979524104505 0.2586907646014633 0.0 0.0 0.0 0.0 0.0 0.0 0.0 0.0 0.0 0.0 0.0 0.0
ancf53mqwds6z
experts estimate that the number of affected computers are more than the suggested value
0.06092579883279333 0.39875046454946256 0.0 0.08629103030427142 0.32525098923586615 0.05999584161412987 0.3968950726635153 0.39875046454946256 0.0 0.0 0.0 0.0 0.0 0.0 0.0 0.0 0.0 0.0 0.0 0.0 0.0 0.0 0.0 0.0 0.0 0.0 0.0 0.0 0.0 0.2586907646014633 0.0 0.0 0.0 0.0 0.2969641164565639 0.0 0.5595570215927836 0.1504383252752019 0.5100465086956446 0.52306947703807 0.0 0.0
a1q4bk19vweq6c
experts say that the number of affected computers may be considerably greater
0.03554004931912944 0.4652088753077063 0.3261230411713441 0.10067286868831665 0.3794594874418438 0.06999514854981818 0.46304425144076783 0.4652088753077063 0.0 0.0 0.0 0.3714932273850921 0.17890191216326254 0.0 0.0 0.0 0.0 0.0 0.0 0.0 0.0 0.0 0.0 0.0 0.0 0.0 0.0 0.0 0.0 0.0 0.0 0.0 0.0 0.0 0.0 0.0 0.0 0.0 0.0 0.0 0.6680099882577437 0.5986008946798184
ao4irwzdpd1xj
experts say that the number of computers affected could be quite large
0.03554004931912944 0.4652088753077063 0.3261230411713441 0.10067286868831665 0.3794594874418438 0.06999514854981818 0.46304425144076783 0.4652088753077063 0.3593626493737698 0.0 0.0 0.0 0.17890191216326254 0.0 0.0 0.0 0.0 0.0 0.0 0.0 0.0 0.0 0.0 0.0 0.0 0.0 0.0 0.0 0.0 0.0 0.0 0.5524854581644195 0.44928760557748054 0.0 0.0 0.0 0.0 0.0 0.0 0.0 0.0 0.0
a3enrl83pe9r33
experts say that the number of affected computers might be quite large
0.03554004931912944 0.4652088753077063 0.3261230411713441 0.10067286868831665 0.3794594874418438 0.06999514854981818 0.46304425144076783 0.4652088753077063 0.0 0.0 0.0 0.0 0.17890191216326254 0.0 0.0 0.0 0.0 0.0 0.0 0.0 0.0 0.0 0.0 0.0 0.0 0.0 0.0 0.0 0.0 0.0 0.48869647131945526 0.5524854581644195 0.44928760557748054 0.0 0.0 0.0 0.0 0.0 0.0 0.0 0.0 0.0
a1dndzlo2d5d48
experts say that the number of affected computers might be quite large
0.03554004931912944 0.4652088753077063 0.3261230411713441 0.10067286868831665 0.3794594874418438 0.06999514854981818 0.46304425144076783 0.4652088753077063 0.0 0.0 0.0 0.0 0.17890191216326254 0.0 0.0 0.0 0.0 0.0 0.0 0.0 0.0 0.0 0.0 0.0 0.0 0.0 0.0 0.0 0.0 0.0 0.48869647131945526 0.5524854581644195 0.44928760557748054 0.0 0.0 0.0 0.0 0.0 0.0 0.0 0.0 0.0
a11q9mm0b90tar
experts say that the computers affected may be even more than this
0.03554004931912944 0.4652088753077063 0.3261230411713441 0.10067286868831665 0.0 0.0 0.46304425144076783 0.4652088753077063 0.0 0.0 0.0 0.3714932273850921 0.17890191216326254 0.0 0.0 0.0 0.0 0.0 0.0 0.0 0.0 0.0 0.0 0.0 0.0 0.0 0.0 0.0 0.0 0.30180589203504055 0.0 0.0 0.0 0.3050578255180185 0.3464581358659912 0.14279174027900166 0.0 0.0 0.0 0.0 0.0 0.0
