and to copy the western nations we call abstinence using veil an outdated thing as a result of blindly following culture regard purdah virtuousness concepts furthermore in footsteps declare abstention old fashioned on top that while imitating west condemn prayers pardah over all by copying world are declaring religious think if wont follow modernism considered thinking man whats more mimicry countries have started consider piety moreover worship backward veiled be will like veils oldfashioned
and to copy the western nations we call abstinence and using the veil an outdated thing
0.12424562997528649 0.06749214435694753 0.5329340926786822 0.05331007397869417 0.3636809551097941 0.28042640467521585 0.19140048202476814 0.33787812914693244 0.6449190595054357 0.3257974673866494 0.507592523421922 0.18439782911097435 0.6015973607204391 0.3293030590523396 0.0 0.0 0.0 0.0 0.0 0.0 0.0 0.0 0.0 0.0 0.0 0.0 0.0 0.0 0.0 0.0 0.0 0.0 0.0 0.0 0.0 0.0 0.0 0.0 0.0 0.0 0.0 0.0 0.0 0.0 0.0 0.0 0.0 0.0 0.0 0.0 0.0 0.0 0.0 0.0 0.0 0.0 0.0 0.0 0.0 0.0 0.0 0.0 0.0 0.0 0.0 0.0 0.0 0.0 0.0 0.0 0.0 0.0 0.0 0.0
as a result of blindly following the culture of western nations we regard purdah and virtuousness as outdated concepts
0.05231394946327852 0.0 0.0 0.022446346938397543 0.30625764640824765 0.23614855130544493 0.16117935328401528 0.0 0.0 0.0 0.0 0.0 0.5066083037645803 0.0 0.2774001337929626 0.0746254393248286 0.268619431288315 0.08841492448398088 0.4701268732087937 0.3312291190185169 0.3258721351074673 0.3202420235520901 0.5066083037645803 0.5430897343203669 0.5430897343203669 0.0 0.0 0.0 0.0 0.0 0.0 0.0 0.0 0.0 0.0 0.0 0.0 0.0 0.0 0.0 0.0 0.0 0.0 0.0 0.0 0.0 0.0 0.0 0.0 0.0 0.0 0.0 0.0 0.0 0.0 0.0 0.0 0.0 0.0 0.0 0.0 0.0 0.0 0.0 0.0 0.0 0.0 0.0 0.0 0.0 0.0 0.0 0.0 0.0
furthermore in the footsteps of the western nations we declare abstention and purdah as old fashioned
0.06212281498764324 0.0 0.0 0.05331007397869417 0.3636809551097941 0.28042640467521585 0.19140048202476814 0.0 0.0 0.0 0.0 0.0 0.0 0.0 0.16470632943957153 0.0 0.0 0.05249636141236364 0.0 0.0 0.0 0.0 0.6015973607204391 0.0 0.0 0.5582756619354425 0.06436441890354257 0.5762557914636788 0.47566592193654755 0.5762557914636788 0.32970498969798273 0.5010074911933078 0.0 0.0 0.0 0.0 0.0 0.0 0.0 0.0 0.0 0.0 0.0 0.0 0.0 0.0 0.0 0.0 0.0 0.0 0.0 0.0 0.0 0.0 0.0 0.0 0.0 0.0 0.0 0.0 0.0 0.0 0.0 0.0 0.0 0.0 0.0 0.0 0.0 0.0 0.0 0.0 0.0 0.0
on top of that while imitating the west we condemn prayers and pardah as old fashioned
0.06212281498764324 0.0 0.0 0.026655036989347083 0.0 0.0 0.19140048202476814 0.0 0.0 0.0 0.0 0.0 0.0 0.0 0.16470632943957153 0.0 0.0 0.05249636141236364 0.0 0.0 0.0 0.0 0.0 0.0 0.0 0.0 0.0 0.0 0.0 0.0 0.32970498969798273 0.5010074911933078 0.1170629851484877 0.41594645662233276 0.07550465151623749 0.2507768540711847 0.6015973607204391 0.3759149911801751 0.46427082463692537 0.4283105655804528 0.6449190595054357 0.0 0.0 0.0 0.0 0.0 0.0 0.0 0.0 0.0 0.0 0.0 0.0 0.0 0.0 0.0 0.0 0.0 0.0 0.0 0.0 0.0 0.0 0.0 0.0 0.0 0.0 0.0 0.0 0.0 0.0 0.0 0.0 0.0
a1wyssw33m2fz2
and over all by copying the western world we are declaring the religious and veil as old fashioned
0.11044055997803243 0.0 0.0 0.04738673242550592 0.32327196009759473 0.0 0.1701337617997939 0.0 0.0 0.0 0.4511933541528195 0.0 0.0 0.0 0.14640562616850802 0.0 0.0 0.0 0.0 0.0 0.0 0.0 0.0 0.0 0.0 0.0 0.0 0.0 0.0 0.0 0.2930711019537624 0.4453399921718291 0.0 0.0 0.0 0.0 0.0 0.0 0.0 0.0 0.0 0.2075164294404559 0.17462306880348605 0.13863662563341378 0.49624503283150445 0.18450605383916913 0.11700758632515702 0.4126851774550448 0.30775452549863563 0.0 0.0 0.0 0.0 0.0 0.0 0.0 0.0 0.0 0.0 0.0 0.0 0.0 0.0 0.0 0.0 0.0 0.0 0.0 0.0 0.0 0.0 0.0 0.0 0.0
ayowrg5s0py3f
and we think that if we wont follow modernism we considered to a old thinking man
0.06212281498764324 0.06749214435694753 0.0 0.0 0.0 0.0 0.5742014460743045 0.0 0.0 0.0 0.0 0.0 0.0 0.0 0.0 0.08861770919823396 0.0 0.0 0.0 0.0 0.0 0.0 0.0 0.0 0.0 0.0 0.0 0.0 0.0 0.0 0.32970498969798273 0.0 0.0 0.0 0.07550465151623749 0.0 0.0 0.0 0.0 0.0 0.0 0.0 0.0 0.0 0.0 0.0 0.0 0.0 0.0 0.2611762749912947 0.18868172408305062 0.41594645662233276 0.40840720738554437 0.5582756619354425 0.3552484977410834 0.33051668941840845 0.280978691037747 0.0 0.0 0.0 0.0 0.0 0.0 0.0 0.0 0.0 0.0 0.0 0.0 0.0 0.0 0.0 0.0 0.0
a3dd3acpmvdvca
whats more in mimicry of the western countries we have started to consider piety and veil as old fashioned
0.05231394946327852 0.05683548998479792 0.0 0.022446346938397543 0.30625764640824765 0.0 0.16117935328401528 0.0 0.0 0.0 0.42744633551319744 0.0 0.0 0.0 0.1387000668964813 0.0 0.0 0.04420746224199044 0.0 0.0 0.0 0.0 0.0 0.0 0.0 0.0 0.054201615918772685 0.0 0.0 0.0 0.2776463071140907 0.4219010452154171 0.0 0.0 0.0 0.0 0.0 0.0 0.0 0.0 0.0 0.0 0.0 0.0 0.0 0.0 0.0 0.0 0.0 0.0 0.0 0.0 0.0 0.0 0.0 0.0 0.0 0.36771054957430355 0.19061424760107823 0.4852680349167821 0.19424545136354934 0.12041947515728575 0.24559030377991162 0.3233851411679649 0.43364544265300714 0.0 0.0 0.0 0.0 0.0 0.0 0.0 0.0 0.0
a8v7wa74iohz9
moreover to copy the western nations we declare veil and worship backward
0.08283041998352432 0.08998952580926338 0.7105787902382429 0.03554004931912944 0.4849079401463921 0.3739018729002878 0.25520064269969084 0.0 0.0 0.0 0.6767900312292293 0.0 0.0 0.0 0.0 0.0 0.0 0.0 0.0 0.0 0.0 0.0 0.0 0.0 0.0 0.0 0.0 0.0 0.63422122924873 0.0 0.0 0.0 0.0 0.0 0.0 0.0 0.0 0.0 0.0 0.0 0.0 0.0 0.0 0.0 0.0 0.0 0.0 0.0 0.0 0.0 0.0 0.0 0.0 0.0 0.0 0.0 0.0 0.0 0.0 0.0 0.0 0.0 0.0 0.0 0.0 0.5545952754964437 0.7443675492472567 0.6767900312292293 0.0 0.0 0.0 0.0 0.0 0.0
a1wgq344wqriu5
and over all by copying the western world we are declaring the religious and veil as old fashioned
0.11044055997803243 0.0 0.0 0.04738673242550592 0.32327196009759473 0.0 0.1701337617997939 0.0 0.0 0.0 0.4511933541528195 0.0 0.0 0.0 0.14640562616850802 0.0 0.0 0.0 0.0 0.0 0.0 0.0 0.0 0.0 0.0 0.0 0.0 0.0 0.0 0.0 0.2930711019537624 0.4453399921718291 0.0 0.0 0.0 0.0 0.0 0.0 0.0 0.0 0.0 0.2075164294404559 0.17462306880348605 0.13863662563341378 0.49624503283150445 0.18450605383916913 0.11700758632515702 0.4126851774550448 0.30775452549863563 0.0 0.0 0.0 0.0 0.0 0.0 0.0 0.0 0.0 0.0 0.0 0.0 0.0 0.0 0.0 0.0 0.0 0.0 0.0 0.0 0.0 0.0 0.0 0.0 0.0
a3qu3km3iywhif
by copying the western world we are declaring the religious and veiled to be old fashioned
0.06212281498764324 0.06749214435694753 0.0 0.05331007397869417 0.3636809551097941 0.0 0.19140048202476814 0.0 0.0 0.0 0.0 0.0 0.0 0.0 0.0 0.0 0.0 0.0 0.0 0.0 0.0 0.0 0.0 0.0 0.0 0.0 0.0 0.0 0.0 0.0 0.32970498969798273 0.5010074911933078 0.0 0.0 0.0 0.0 0.0 0.0 0.0 0.0 0.0 0.0 0.0 0.1559662038375905 0.5582756619354425 0.20756931056906527 0.13163353461580166 0.46427082463692537 0.3462238411859651 0.0 0.0 0.0 0.0 0.0 0.0 0.0 0.0 0.0 0.0 0.0 0.0 0.0 0.0 0.0 0.0 0.0 0.0 0.0 0.5582756619354425 0.1341764341224469 0.0 0.0 0.0 0.0
a291u81kgj6l9n
over all by copying the western world we are declaring the religious veil as old fashioned
0.0 0.0 0.0 0.05331007397869417 0.3636809551097941 0.0 0.19140048202476814 0.0 0.0 0.0 0.507592523421922 0.0 0.0 0.0 0.16470632943957153 0.0 0.0 0.0 0.0 0.0 0.0 0.0 0.0 0.0 0.0 0.0 0.0 0.0 0.0 0.0 0.32970498969798273 0.5010074911933078 0.0 0.0 0.0 0.0 0.0 0.0 0.0 0.0 0.0 0.23345598312051288 0.1964509524039218 0.1559662038375905 0.5582756619354425 0.20756931056906527 0.13163353461580166 0.46427082463692537 0.3462238411859651 0.0 0.0 0.0 0.0 0.0 0.0 0.0 0.0 0.0 0.0 0.0 0.0 0.0 0.0 0.0 0.0 0.0 0.0 0.0 0.0 0.0 0.0 0.0 0.0 0.0
a3pcyk6q2le72a
and we think that if we wont follow modernism we are considered to be an old thinking man
0.05522027998901621 0.059993017206175586 0.0 0.0 0.0 0.0 0.5104012853993818 0.0 0.0 0.0 0.0 0.1639091814319772 0.0 0.0 0.0 0.0 0.0 0.0 0.0 0.0 0.0 0.0 0.0 0.0 0.0 0.0 0.0 0.0 0.0 0.0 0.2930711019537624 0.0 0.0 0.0 0.0671152457922111 0.0 0.0 0.0 0.0 0.0 0.0 0.0 0.0 0.0 0.0 0.0 0.11700758632515702 0.0 0.0 0.23215668888115085 0.16771708807382277 0.3697301836642958 0.36302862878715053 0.49624503283150445 0.3157764424365186 0.29379261281636304 0.24975883647799732 0.0 0.0 0.0 0.0 0.0 0.0 0.0 0.0 0.0 0.0 0.0 0.0 0.11926794144217502 0.0 0.0 0.0 0.0
a6tw9zegog7ph
and we think that if we wont follow modernism we considered to a old thinking man
0.06212281498764324 0.06749214435694753 0.0 0.0 0.0 0.0 0.5742014460743045 0.0 0.0 0.0 0.0 0.0 0.0 0.0 0.0 0.08861770919823396 0.0 0.0 0.0 0.0 0.0 0.0 0.0 0.0 0.0 0.0 0.0 0.0 0.0 0.0 0.32970498969798273 0.0 0.0 0.0 0.07550465151623749 0.0 0.0 0.0 0.0 0.0 0.0 0.0 0.0 0.0 0.0 0.0 0.0 0.0 0.0 0.2611762749912947 0.18868172408305062 0.41594645662233276 0.40840720738554437 0.5582756619354425 0.3552484977410834 0.33051668941840845 0.280978691037747 0.0 0.0 0.0 0.0 0.0 0.0 0.0 0.0 0.0 0.0 0.0 0.0 0.0 0.0 0.0 0.0 0.0
aclg2ttpdpj36
and we think that if we wont follow modernism we will be considered to think like an old man
0.05231394946327852 0.05683548998479792 0.0 0.0 0.0 0.0 0.48353805985204584 0.0 0.0 0.0 0.0 0.15528238240924155 0.0 0.0 0.0 0.0 0.0 0.0 0.0 0.0 0.0 0.0 0.0 0.0 0.0 0.0 0.0 0.0 0.0 0.0 0.2776463071140907 0.0 0.0 0.0 0.06358286443472631 0.0 0.0 0.0 0.0 0.0 0.0 0.0 0.0 0.0 0.0 0.0 0.0 0.0 0.0 0.43987583156428584 0.15888987291204262 0.3502707003135434 0.34392185885098475 0.4701268732087937 0.2991566296767018 0.0 0.23661363455810272 0.0 0.0 0.0 0.0 0.0 0.0 0.0 0.0 0.0 0.0 0.0 0.0 0.11299068136627106 0.11660595788427285 0.19874910482000874 0.0 0.0
a2unp2crnrfiw8
whats more in mimicry of the western countries we have started to consider piety and veil as old fashioned
0.05231394946327852 0.05683548998479792 0.0 0.022446346938397543 0.30625764640824765 0.0 0.16117935328401528 0.0 0.0 0.0 0.42744633551319744 0.0 0.0 0.0 0.1387000668964813 0.0 0.0 0.04420746224199044 0.0 0.0 0.0 0.0 0.0 0.0 0.0 0.0 0.054201615918772685 0.0 0.0 0.0 0.2776463071140907 0.4219010452154171 0.0 0.0 0.0 0.0 0.0 0.0 0.0 0.0 0.0 0.0 0.0 0.0 0.0 0.0 0.0 0.0 0.0 0.0 0.0 0.0 0.0 0.0 0.0 0.0 0.0 0.36771054957430355 0.19061424760107823 0.4852680349167821 0.19424545136354934 0.12041947515728575 0.24559030377991162 0.3233851411679649 0.43364544265300714 0.0 0.0 0.0 0.0 0.0 0.0 0.0 0.0 0.0
a3lhs82826iskx
whats more in mimicry of the western countries we have started to consider piety and veil as old fashioned
0.05231394946327852 0.05683548998479792 0.0 0.022446346938397543 0.30625764640824765 0.0 0.16117935328401528 0.0 0.0 0.0 0.42744633551319744 0.0 0.0 0.0 0.1387000668964813 0.0 0.0 0.04420746224199044 0.0 0.0 0.0 0.0 0.0 0.0 0.0 0.0 0.054201615918772685 0.0 0.0 0.0 0.2776463071140907 0.4219010452154171 0.0 0.0 0.0 0.0 0.0 0.0 0.0 0.0 0.0 0.0 0.0 0.0 0.0 0.0 0.0 0.0 0.0 0.0 0.0 0.0 0.0 0.0 0.0 0.0 0.0 0.36771054957430355 0.19061424760107823 0.4852680349167821 0.19424545136354934 0.12041947515728575 0.24559030377991162 0.3233851411679649 0.43364544265300714 0.0 0.0 0.0 0.0 0.0 0.0 0.0 0.0 0.0
air4uqnpimfcj
whats more imitating the western countries we have started to consider piety and veils as oldfashioned
0.06212281498764324 0.06749214435694753 0.0 0.026655036989347083 0.3636809551097941 0.0 0.19140048202476814 0.0 0.0 0.0 0.0 0.0 0.0 0.0 0.16470632943957153 0.0 0.0 0.0 0.0 0.0 0.0 0.0 0.0 0.0 0.0 0.0 0.0 0.0 0.0 0.0 0.0 0.0 0.0 0.0 0.0 0.0 0.6015973607204391 0.0 0.0 0.0 0.0 0.0 0.0 0.0 0.0 0.0 0.0 0.0 0.0 0.0 0.0 0.0 0.0 0.0 0.0 0.0 0.0 0.43665627761948544 0.2263544190262804 0.0 0.23066647349421485 0.14299812674927684 0.29163848573864504 0.38401985513695835 0.514953963150446 0.0 0.0 0.0 0.0 0.0 0.0 0.0 0.6449190595054357 0.5443291899783044
amd40d0gc1l4r
moreover to copy western nations we declare veil and worship backward
0.09036045816384472 0.09817039179192368 0.7751768620780832 0.0 0.5289904801597005 0.4078929522548594 0.2784007011269355 0.0 0.0 0.0 0.7383163977046138 0.0 0.0 0.0 0.0 0.0 0.0 0.0 0.0 0.0 0.0 0.0 0.0 0.0 0.0 0.0 0.0 0.0 0.6918777046349782 0.0 0.0 0.0 0.0 0.0 0.0 0.0 0.0 0.0 0.0 0.0 0.0 0.0 0.0 0.0 0.0 0.0 0.0 0.0 0.0 0.0 0.0 0.0 0.0 0.0 0.0 0.0 0.0 0.0 0.0 0.0 0.0 0.0 0.0 0.0 0.0 0.6050130278143022 0.8120373264515528 0.7383163977046138 0.0 0.0 0.0 0.0 0.0 0.0
