and in the future when use of real money becomes extremely rare it will be even more useful currency get minimized to a greater extent its usefulness increase actual considerably reduced expand less importance reduce great benefits paper limited plastic cards compared today usage become lesser minimal utility because credit as hard continues diminsh people naturally shift towards other ecommerce devices those who previously chose not if limits are placed on frequent computers used often decreases physical
and in the future when the use of real money becomes extremely rare it will be even more useful
0.05231394946327852 0.054201615918772685 0.044892693876795085 0.2911164847002592 0.17144055711455436 0.2616630221773422 0.04420746224199044 0.281520613290051 0.2873101340908052 0.3351295386055549 0.3640793458118324 0.412305173805209 0.10658712826455922 0.11660595788427285 0.11299068136627106 0.1926681003271696 0.19061424760107823 0.44878660436099554 0.0 0.0 0.0 0.0 0.0 0.0 0.0 0.0 0.0 0.0 0.0 0.0 0.0 0.0 0.0 0.0 0.0 0.0 0.0 0.0 0.0 0.0 0.0 0.0 0.0 0.0 0.0 0.0 0.0 0.0 0.0 0.0 0.0 0.0 0.0 0.0 0.0 0.0 0.0 0.0 0.0 0.0 0.0 0.0 0.0 0.0 0.0 0.0 0.0 0.0 0.0 0.0 0.0 0.0 0.0 0.0 0.0 0.0 0.0
in the future when the use of real currency will get minimized to a greater extent its usefulness will increase
0.0 0.05149153512283405 0.042648059182955333 0.27656066046524624 0.16286852925882664 0.2485798710684751 0.04199708912989091 0.2674445826255485 0.0 0.0 0.0 0.0 0.0 0.2215513199801184 0.0 0.0 0.0 0.0 0.3458753785212408 0.21749986960508022 0.5159352476043486 0.05399371548555802 0.07089416735858717 0.35916053680789106 0.3087785112847719 0.16569114811870553 0.4812778885763513 0.24929930794108007 0.0 0.0 0.0 0.0 0.0 0.0 0.0 0.0 0.0 0.0 0.0 0.0 0.0 0.0 0.0 0.0 0.0 0.0 0.0 0.0 0.0 0.0 0.0 0.0 0.0 0.0 0.0 0.0 0.0 0.0 0.0 0.0 0.0 0.0 0.0 0.0 0.0 0.0 0.0 0.0 0.0 0.0 0.0 0.0 0.0 0.0 0.0 0.0 0.0
and in future when the use of actual currency will be considerably reduced its usefulness will expand
0.058468531753075995 0.06057827661509889 0.02508709363703255 0.32536548290028966 0.191610034422149 0.2924469071393825 0.04940834015281284 0.0 0.0 0.0 0.0 0.0 0.0 0.26064861174131576 0.12628370270347944 0.0 0.0 0.0 0.4069122100249891 0.0 0.0 0.0 0.0 0.0 0.0 0.19493076249259475 0.5662092806780603 0.0 0.35964778427623556 0.4715364622995838 0.3843832540099241 0.5423583919658154 0.0 0.0 0.0 0.0 0.0 0.0 0.0 0.0 0.0 0.0 0.0 0.0 0.0 0.0 0.0 0.0 0.0 0.0 0.0 0.0 0.0 0.0 0.0 0.0 0.0 0.0 0.0 0.0 0.0 0.0 0.0 0.0 0.0 0.0 0.0 0.0 0.0 0.0 0.0 0.0 0.0 0.0 0.0 0.0 0.0
and in future when the use of actual money will be less its importance will increase
0.06212281498764324 0.06436441890354257 0.026655036989347083 0.3457008255815578 0.2035856615735333 0.3107248388355939 0.05249636141236364 0.0 0.34118078423283116 0.0 0.0 0.0 0.0 0.276939149975148 0.1341764341224469 0.0 0.0 0.0 0.0 0.0 0.0 0.0 0.0 0.0 0.0 0.20711393514838192 0.0 0.3116241349263501 0.3821257707935003 0.0 0.0 0.0 0.33474127011419147 0.3776274270669322 0.0 0.0 0.0 0.0 0.0 0.0 0.0 0.0 0.0 0.0 0.0 0.0 0.0 0.0 0.0 0.0 0.0 0.0 0.0 0.0 0.0 0.0 0.0 0.0 0.0 0.0 0.0 0.0 0.0 0.0 0.0 0.0 0.0 0.0 0.0 0.0 0.0 0.0 0.0 0.0 0.0 0.0 0.0
a143bvgouf83je
and in future when use of real currency will reduce to a great extent its benefits will increase more and more
0.0946633371240278 0.04903955725984196 0.0 0.2633911052049964 0.15511288500840634 0.23674273435092866 0.03999722774275325 0.25470912631004616 0.0 0.0 0.0 0.0 0.0 0.2110012571239223 0.0 0.0 0.34492101946861775 0.0 0.3294051224011817 0.0 0.0 0.05142258617672193 0.06751825462722587 0.0 0.2940747726521637 0.1578010934463862 0.0 0.23742791232483818 0.0 0.0 0.0 0.0 0.0 0.0 0.315705976093954 0.22512942721791018 0.2897427832137958 0.0 0.0 0.0 0.0 0.0 0.0 0.0 0.0 0.0 0.0 0.0 0.0 0.0 0.0 0.0 0.0 0.0 0.0 0.0 0.0 0.0 0.0 0.0 0.0 0.0 0.0 0.0 0.0 0.0 0.0 0.0 0.0 0.0 0.0 0.0 0.0 0.0 0.0 0.0 0.0
a3fq8i38xt2b4z
and when in the future the use of real paper money will get limited the benefits of plastic cards will increase more compared to today
0.03975860159209168 0.04119322809826724 0.0511776710195464 0.221248528372197 0.1302948234070613 0.1988638968547801 0.06719534260782546 0.21395566610043878 0.21835570190901193 0.0 0.0 0.0 0.0 0.17724105598409473 0.0 0.0 0.14486682817681945 0.0 0.0 0.17399989568406418 0.0 0.04319497238844642 0.0 0.0 0.0 0.0 0.0 0.19943944635286406 0.0 0.0 0.0 0.0 0.0 0.0 0.0 0.0 0.24338393789958845 0.3071859048988685 0.2873284294463128 0.385022310861081 0.24831324351654638 0.2510261473700968 0.17047683755433385 0.0 0.0 0.0 0.0 0.0 0.0 0.0 0.0 0.0 0.0 0.0 0.0 0.0 0.0 0.0 0.0 0.0 0.0 0.0 0.0 0.0 0.0 0.0 0.0 0.0 0.0 0.0 0.0 0.0 0.0 0.0 0.0 0.0 0.0
a2de039cxxjuga
in future when usage of currency will become lesser its importance will increase
0.0 0.07921774634282162 0.0 0.4254779391773019 0.25056696809050255 0.0 0.06461090635367833 0.0 0.0 0.0 0.0 0.0 0.0 0.34084818458479754 0.0 0.0 0.0 0.0 0.532115966955755 0.0 0.0 0.0 0.0 0.0 0.0 0.25490945864416237 0.0 0.3835373968324309 0.0 0.0 0.0 0.0 0.0 0.46477221792853196 0.0 0.0 0.0 0.0 0.0 0.0 0.0 0.0 0.0 0.6337894931082412 0.3241470553593835 0.5854349808449816 0.0 0.0 0.0 0.0 0.0 0.0 0.0 0.0 0.0 0.0 0.0 0.0 0.0 0.0 0.0 0.0 0.0 0.0 0.0 0.0 0.0 0.0 0.0 0.0 0.0 0.0 0.0 0.0 0.0 0.0 0.0
a8v7wa74iohz9
and in future when use of currency will be minimal its utility will increase
0.07099750284302085 0.07355933588976293 0.0 0.39508665780749463 0.2326693275126095 0.355114101526393 0.05999584161412987 0.0 0.0 0.0 0.0 0.0 0.0 0.31650188568588344 0.1533444961399393 0.0 0.0 0.0 0.49410768360177254 0.0 0.0 0.0 0.0 0.0 0.0 0.23670164016957934 0.0 0.35614186848725726 0.0 0.0 0.0 0.0 0.0 0.0 0.0 0.0 0.0 0.0 0.0 0.0 0.0 0.0 0.0 0.0 0.0 0.0 0.687539840823359 0.687539840823359 0.0 0.0 0.0 0.0 0.0 0.0 0.0 0.0 0.0 0.0 0.0 0.0 0.0 0.0 0.0 0.0 0.0 0.0 0.0 0.0 0.0 0.0 0.0 0.0 0.0 0.0 0.0 0.0 0.0
a2qxd8jqk5bvez
and in the future when use of real currency will be reduced a great extent its benefits will increase more and more
0.09036045816384472 0.046810486475303684 0.01938548144679788 0.25141878224113295 0.14806229932620604 0.225981700971341 0.03817917193626447 0.2431314387504986 0.0 0.0 0.0 0.0 0.0 0.20141029089101672 0.09758286117996139 0.0 0.3292427913109533 0.0 0.3144321622920371 0.0 0.0 0.0 0.06444924305326107 0.0 0.2807077375316108 0.15062831647155048 0.0 0.22663573449189098 0.0 0.0 0.29702342355312317 0.0 0.0 0.0 0.0 0.2148962714352779 0.2765726567040778 0.0 0.0 0.0 0.0 0.0 0.0 0.0 0.0 0.0 0.0 0.0 0.0 0.0 0.0 0.0 0.0 0.0 0.0 0.0 0.0 0.0 0.0 0.0 0.0 0.0 0.0 0.0 0.0 0.0 0.0 0.0 0.0 0.0 0.0 0.0 0.0 0.0 0.0 0.0 0.0
aw4q48bn2x4nt
and in future when use of real currency will reduce to a great extent its benefits will increase more and more
0.0946633371240278 0.04903955725984196 0.0 0.2633911052049964 0.15511288500840634 0.23674273435092866 0.03999722774275325 0.25470912631004616 0.0 0.0 0.0 0.0 0.0 0.2110012571239223 0.0 0.0 0.34492101946861775 0.0 0.3294051224011817 0.0 0.0 0.05142258617672193 0.06751825462722587 0.0 0.2940747726521637 0.1578010934463862 0.0 0.23742791232483818 0.0 0.0 0.0 0.0 0.0 0.0 0.315705976093954 0.22512942721791018 0.2897427832137958 0.0 0.0 0.0 0.0 0.0 0.0 0.0 0.0 0.0 0.0 0.0 0.0 0.0 0.0 0.0 0.0 0.0 0.0 0.0 0.0 0.0 0.0 0.0 0.0 0.0 0.0 0.0 0.0 0.0 0.0 0.0 0.0 0.0 0.0 0.0 0.0 0.0 0.0 0.0 0.0
ajfwu2g6a1bhs
and in future when use of real currency will reduce to a great extent its benefits will increase more and more
0.0946633371240278 0.04903955725984196 0.0 0.2633911052049964 0.15511288500840634 0.23674273435092866 0.03999722774275325 0.25470912631004616 0.0 0.0 0.0 0.0 0.0 0.2110012571239223 0.0 0.0 0.34492101946861775 0.0 0.3294051224011817 0.0 0.0 0.05142258617672193 0.06751825462722587 0.0 0.2940747726521637 0.1578010934463862 0.0 0.23742791232483818 0.0 0.0 0.0 0.0 0.0 0.0 0.315705976093954 0.22512942721791018 0.2897427832137958 0.0 0.0 0.0 0.0 0.0 0.0 0.0 0.0 0.0 0.0 0.0 0.0 0.0 0.0 0.0 0.0 0.0 0.0 0.0 0.0 0.0 0.0 0.0 0.0 0.0 0.0 0.0 0.0 0.0 0.0 0.0 0.0 0.0 0.0 0.0 0.0 0.0 0.0 0.0 0.0
avktegthhn2vp
in the future the use of real paper money will get limited because the benefits of credit cards will increase more
0.0 0.04903955725984196 0.06092579883279333 0.2633911052049964 0.0 0.23674273435092866 0.0799944554855065 0.25470912631004616 0.25994726417739517 0.0 0.0 0.0 0.0 0.2110012571239223 0.0 0.0 0.17246050973430888 0.0 0.0 0.20714273295721927 0.0 0.0 0.0 0.0 0.0 0.0 0.0 0.23742791232483818 0.0 0.0 0.0 0.0 0.0 0.0 0.0 0.0 0.2897427832137958 0.3656975058319863 0.34205765410275335 0.0 0.2956110041863647 0.0 0.0 0.0 0.0 0.0 0.0 0.0 0.18667190559770303 0.286411421851562 0.0 0.0 0.0 0.0 0.0 0.0 0.0 0.0 0.0 0.0 0.0 0.0 0.0 0.0 0.0 0.0 0.0 0.0 0.0 0.0 0.0 0.0 0.0 0.0 0.0 0.0 0.0
a2kixciinfgilk
as use of hard currency continues to diminsh more and more people will naturally shift towards the use of credit cards and other ecommerce devices even those who previously chose not to
0.06212281498764324 0.0 0.013327518494673542 0.0 0.0 0.3107248388355939 0.05249636141236364 0.0 0.0 0.0 0.0 0.0 0.0 0.069234787493787 0.0 0.11439668456925695 0.2263544190262804 0.0 0.21617211157577548 0.0 0.0 0.06749214435694753 0.0 0.0 0.0 0.0 0.0 0.0 0.0 0.0 0.0 0.0 0.0 0.0 0.0 0.0 0.0 0.0 0.0 0.0 0.19399472149730185 0.0 0.0 0.0 0.0 0.0 0.0 0.0 0.0 0.18795749559008754 0.08235316471978577 0.16987196967189375 0.19958997873008266 0.32245952975271786 0.08458945476582981 0.32245952975271786 0.257476981575223 0.15800046134944015 0.10433215661016274 0.30079868036021956 0.2881278957318394 0.12460009694353999 0.0920023730271258 0.21135490283117364 0.24480619694684283 0.06689460900741762 0.0 0.0 0.0 0.0 0.0 0.0 0.0 0.0 0.0 0.0 0.0
al2rcq9eyun61
if in the future limits are placed on the use of paper money the benefits of plastic cards will become even greater compared to today
0.0 0.04119322809826724 0.0511776710195464 0.221248528372197 0.0 0.1988638968547801 0.06719534260782546 0.0 0.21835570190901193 0.0 0.0 0.0 0.0 0.08862052799204737 0.0 0.1464277562486489 0.0 0.0 0.0 0.0 0.0 0.04319497238844642 0.0 0.2873284294463128 0.0 0.0 0.0 0.0 0.0 0.0 0.0 0.0 0.0 0.0 0.0 0.0 0.24338393789958845 0.3071859048988685 0.0 0.385022310861081 0.24831324351654638 0.2510261473700968 0.17047683755433385 0.0 0.1685564687868794 0.0 0.0 0.0 0.0 0.0 0.0 0.0 0.0 0.0 0.0 0.0 0.0 0.0 0.0 0.0 0.0 0.0 0.0 0.0 0.0 0.0 0.1207563034131524 0.35729642363868325 0.08424546215411306 0.2579001576471632 0.07492031049503213 0.0 0.0 0.0 0.0 0.0 0.0
a1dndzlo2d5d48
in the future when usage of currency will become less frequent the computers importance will increase
0.0 0.06436441890354257 0.05331007397869417 0.3457008255815578 0.2035856615735333 0.0 0.05249636141236364 0.0 0.0 0.0 0.0 0.0 0.0 0.276939149975148 0.0 0.0 0.0 0.0 0.43234422315155097 0.0 0.0 0.0 0.0 0.0 0.0 0.0 0.0 0.3116241349263501 0.0 0.0 0.0 0.0 0.33474127011419147 0.3776274270669322 0.0 0.0 0.0 0.0 0.0 0.0 0.0 0.0 0.0 0.514953963150446 0.2633694824794991 0.0 0.0 0.0 0.0 0.0 0.0 0.0 0.0 0.0 0.0 0.0 0.0 0.0 0.0 0.0 0.0 0.0 0.0 0.0 0.0 0.0 0.0 0.0 0.0 0.0 0.0 0.6449190595054357 0.34890665648077973 0.0 0.0 0.0 0.0
a14wwg6nkbdwgp
in the future when currency will not be used as often its importance will increase
0.0 0.06865538016377874 0.028432039455303555 0.368747547286995 0.21715803901176886 0.0 0.0 0.0 0.0 0.0 0.0 0.0 0.0 0.2954017599734912 0.14312152973061001 0.0 0.0 0.0 0.46116717136165436 0.0 0.0 0.0 0.0 0.0 0.0 0.2209215308249407 0.0 0.33239907725477347 0.0 0.0 0.0 0.0 0.0 0.40280258887139436 0.0 0.0 0.0 0.0 0.0 0.0 0.0 0.0 0.0 0.0 0.0 0.0 0.0 0.0 0.0 0.0 0.17568675140220963 0.0 0.0 0.0 0.0 0.0 0.0 0.0 0.0 0.0 0.0 0.0 0.0 0.0 0.0 0.14270849921582424 0.0 0.0 0.0 0.0 0.0 0.0 0.0 0.30923548953799357 0.45898118317345493 0.0 0.0
a6tw9zegog7ph
in the future when usage of currency decreases its importance will increase
0.0 0.08581922520472342 0.03554004931912944 0.46093443410874374 0.27144754876471106 0.0 0.06999514854981818 0.0 0.0 0.0 0.0 0.0 0.0 0.18462609998343202 0.0 0.0 0.0 0.0 0.576458964202068 0.0 0.0 0.0 0.0 0.0 0.0 0.2761519135311759 0.0 0.4154988465684668 0.0 0.0 0.0 0.0 0.0 0.503503236089243 0.0 0.0 0.0 0.0 0.0 0.0 0.0 0.0 0.0 0.6866052842005946 0.0 0.0 0.0 0.0 0.0 0.0 0.0 0.0 0.0 0.0 0.0 0.0 0.0 0.0 0.0 0.0 0.0 0.0 0.0 0.0 0.0 0.0 0.0 0.0 0.0 0.0 0.0 0.0 0.0 0.0 0.0 0.6461462995521196 0.0
a3ohqrf1mdq99b
in the future less physical currency will be used and its utility will increase
0.07099750284302085 0.07355933588976293 0.030462899416396665 0.39508665780749463 0.0 0.0 0.0 0.0 0.0 0.0 0.0 0.0 0.0 0.31650188568588344 0.1533444961399393 0.0 0.0 0.0 0.49410768360177254 0.0 0.0 0.0 0.0 0.0 0.0 0.23670164016957934 0.0 0.35614186848725726 0.0 0.0 0.0 0.0 0.38256145155907595 0.0 0.0 0.0 0.0 0.0 0.0 0.0 0.0 0.0 0.0 0.0 0.0 0.0 0.0 0.687539840823359 0.0 0.0 0.0 0.0 0.0 0.0 0.0 0.0 0.0 0.0 0.0 0.0 0.0 0.0 0.0 0.0 0.0 0.0 0.0 0.0 0.0 0.0 0.0 0.0 0.0 0.3313237387907074 0.0 0.0 0.47007395241454303
