however the government attorneys say that theres little danger with respect to garys health nonetheless are saying concerns about meager laywers said risk mr was low lawyers argued mckinnons officials their very less threat regarding advocates claim there few threats life therefore governments on basis of gerrys condition possibility is all says fewer doubts they no downplayed problems isnt much
however the government attorneys say that theres little danger with respect to garys health
0.31408046660308253 0.030462899416396665 0.213919598991761 0.5595570215927836 0.2795340352897235 0.08629103030427142 0.5801057410536251 0.4172405812577689 0.4214188817350267 0.167884675148161 0.3702076082169078 0.07713387926508289 0.47722277088289894 0.4102852838273991 0.0 0.0 0.0 0.0 0.0 0.0 0.0 0.0 0.0 0.0 0.0 0.0 0.0 0.0 0.0 0.0 0.0 0.0 0.0 0.0 0.0 0.0 0.0 0.0 0.0 0.0 0.0 0.0 0.0 0.0 0.0 0.0 0.0 0.0 0.0 0.0 0.0 0.0 0.0 0.0 0.0 0.0 0.0 0.0 0.0 0.0
nonetheless the government attorneys are saying that the concerns about garys health are meager
0.0 0.06092579883279333 0.213919598991761 0.5595570215927836 0.0 0.08629103030427142 0.0 0.0 0.0 0.0 0.0 0.0 0.47722277088289894 0.4102852838273991 0.63802932792622 0.3008766505504038 0.3384982232929106 0.5016334347201886 0.2225745539688381 0.6220905028323479 0.0 0.0 0.0 0.0 0.0 0.0 0.0 0.0 0.0 0.0 0.0 0.0 0.0 0.0 0.0 0.0 0.0 0.0 0.0 0.0 0.0 0.0 0.0 0.0 0.0 0.0 0.0 0.0 0.0 0.0 0.0 0.0 0.0 0.0 0.0 0.0 0.0 0.0 0.0 0.0
government laywers however said the risk to mr garys health was low
0.3664272110369296 0.03554004931912944 0.24957286549038782 0.0 0.0 0.0 0.0 0.0 0.0 0.0 0.0 0.08998952580926338 0.5567598993633821 0.47866616446529897 0.0 0.0 0.0 0.0 0.0 0.0 0.859892079340581 0.1845001236429885 0.5070498706241426 0.3984475570890362 0.18315157758284437 0.5290344198779041 0.0 0.0 0.0 0.0 0.0 0.0 0.0 0.0 0.0 0.0 0.0 0.0 0.0 0.0 0.0 0.0 0.0 0.0 0.0 0.0 0.0 0.0 0.0 0.0 0.0 0.0 0.0 0.0 0.0 0.0 0.0 0.0 0.0 0.0
however government lawyers argued that the risk to mckinnons health was low
0.3664272110369296 0.03554004931912944 0.24957286549038782 0.0 0.0 0.10067286868831665 0.0 0.0 0.0 0.0 0.0 0.08998952580926338 0.0 0.47866616446529897 0.0 0.0 0.0 0.0 0.0 0.0 0.0 0.0 0.5070498706241426 0.0 0.18315157758284437 0.5290344198779041 0.5426702051930542 0.8021298142939188 0.7443675492472567 0.0 0.0 0.0 0.0 0.0 0.0 0.0 0.0 0.0 0.0 0.0 0.0 0.0 0.0 0.0 0.0 0.0 0.0 0.0 0.0 0.0 0.0 0.0 0.0 0.0 0.0 0.0 0.0 0.0 0.0 0.0
a143bvgouf83je
however the government officials say that their are very less threat regarding garys health
0.31408046660308253 0.030462899416396665 0.213919598991761 0.0 0.2795340352897235 0.08629103030427142 0.0 0.0 0.0 0.0 0.0 0.0 0.47722277088289894 0.4102852838273991 0.0 0.1504383252752019 0.0 0.0 0.0 0.0 0.0 0.0 0.0 0.0 0.0 0.0 0.0 0.0 0.0 0.3204873196288181 0.21265864998027212 0.29606563201321673 0.38256145155907595 0.38667358383203865 0.38306270674897924 0.0 0.0 0.0 0.0 0.0 0.0 0.0 0.0 0.0 0.0 0.0 0.0 0.0 0.0 0.0 0.0 0.0 0.0 0.0 0.0 0.0 0.0 0.0 0.0 0.0
a3dd3acpmvdvca
however government advocates claim that there are very few threats to garys life
0.3382405024956273 0.0 0.230374952760358 0.0 0.0 0.09292880186613844 0.0 0.0 0.0 0.0 0.0 0.08306725459316619 0.513932214796968 0.0 0.0 0.1620105041425251 0.0 0.0 0.0 0.0 0.0 0.0 0.0 0.0 0.0 0.0 0.0 0.0 0.0 0.0 0.0 0.31883991139884876 0.0 0.0 0.0 0.5633055906563831 0.4410567287243384 0.22030653867099767 0.3600269448271712 0.5159836184186728 0.3517309047343706 0.0 0.0 0.0 0.0 0.0 0.0 0.0 0.0 0.0 0.0 0.0 0.0 0.0 0.0 0.0 0.0 0.0 0.0 0.0
a3bz8b0jpubzqq
therefore the governments advocates say that on the basis of gerrys health condition the possibility is very low
0.0 0.07108009863825888 0.0 0.0 0.21741536078089607 0.0671152457922111 0.0 0.0 0.0 0.0 0.0 0.0 0.0 0.3191107763101993 0.0 0.0 0.0 0.0 0.0 0.0 0.0 0.0 0.0 0.0 0.0 0.35268961325193604 0.0 0.0 0.0 0.0 0.0 0.230273269343613 0.0 0.0 0.0 0.40683181547405445 0.0 0.0 0.0 0.0 0.0 0.31741859811660444 0.30637132818631746 0.10405598679865574 0.3152396696080888 0.04666343236654546 0.43521101679438723 0.3251553796351326 0.35936429724316177 0.07260086215747924 0.0 0.0 0.0 0.0 0.0 0.0 0.0 0.0 0.0 0.0
a8v7wa74iohz9
all government attorneys says that there are very fewer doubts about garys health
0.0 0.0 0.230374952760358 0.6025998694076131 0.0 0.09292880186613844 0.0 0.0 0.0 0.0 0.0 0.0 0.513932214796968 0.44184569027566056 0.0 0.1620105041425251 0.0 0.0 0.23969567350490256 0.0 0.0 0.0 0.0 0.0 0.0 0.0 0.0 0.0 0.0 0.0 0.0 0.31883991139884876 0.0 0.0 0.0 0.0 0.0 0.22030653867099767 0.0 0.0 0.0 0.0 0.0 0.0 0.0 0.0 0.0 0.0 0.0 0.0 0.2417857875740576 0.3364064879600304 0.6440611386947429 0.7404275208866943 0.0 0.0 0.0 0.0 0.0 0.0
a6tw9zegog7ph
however government officials say that they are no threat to garys health
0.3664272110369296 0.0 0.24957286549038782 0.0 0.3261230411713441 0.10067286868831665 0.0 0.0 0.0 0.0 0.0 0.08998952580926338 0.5567598993633821 0.47866616446529897 0.0 0.17551137948773554 0.0 0.0 0.0 0.0 0.0 0.0 0.0 0.0 0.0 0.0 0.0 0.0 0.0 0.3739018729002878 0.0 0.0 0.0 0.4511191811373784 0.0 0.0 0.0 0.0 0.0 0.0 0.0 0.0 0.0 0.0 0.0 0.0 0.0 0.0 0.0 0.0 0.0 0.0 0.0 0.0 0.2153090631720158 0.2773707042994242 0.0 0.0 0.0 0.0
a143awku99stc9
however the government officials downplayed garys health problems
0.5496408165553944 0.05331007397869417 0.37435929823558173 0.0 0.0 0.0 0.0 0.0 0.0 0.0 0.0 0.0 0.8351398490450731 0.7179992466979485 0.0 0.0 0.0 0.0 0.0 0.0 0.0 0.0 0.0 0.0 0.0 0.0 0.0 0.0 0.0 0.5608528093504317 0.0 0.0 0.0 0.0 0.0 0.0 0.0 0.0 0.0 0.0 0.0 0.0 0.0 0.0 0.0 0.0 0.0 0.0 0.0 0.0 0.0 0.0 0.0 0.0 0.0 0.0 1.2898381190108714 0.5850437853441531 0.0 0.0
a3a4p6bwfe7hfn
however the government officials say that there isnt much threat regarding garys health
0.3382405024956273 0.0328061993715041 0.230374952760358 0.0 0.301036653388933 0.09292880186613844 0.0 0.0 0.0 0.0 0.0 0.0 0.513932214796968 0.44184569027566056 0.0 0.0 0.0 0.0 0.0 0.0 0.0 0.0 0.0 0.0 0.0 0.0 0.0 0.0 0.0 0.34514019036949645 0.0 0.0 0.0 0.41641770566527236 0.41252906880659307 0.0 0.0 0.22030653867099767 0.0 0.0 0.0 0.0 0.0 0.0 0.0 0.0 0.0 0.0 0.0 0.0 0.0 0.0 0.0 0.0 0.0 0.0 0.0 0.0 0.5202582223536582 0.3741064489791745
a19b522xqflysa
however the government advocates claim that there are very few threats to garys life
0.31408046660308253 0.030462899416396665 0.213919598991761 0.0 0.0 0.08629103030427142 0.0 0.0 0.0 0.0 0.0 0.07713387926508289 0.47722277088289894 0.0 0.0 0.1504383252752019 0.0 0.0 0.0 0.0 0.0 0.0 0.0 0.0 0.0 0.0 0.0 0.0 0.0 0.0 0.0 0.29606563201321673 0.0 0.0 0.0 0.52306947703807 0.4095526766725999 0.20457035733735499 0.3343107344823732 0.4791276456744819 0.32660726868191553 0.0 0.0 0.0 0.0 0.0 0.0 0.0 0.0 0.0 0.0 0.0 0.0 0.0 0.0 0.0 0.0 0.0 0.0 0.0
a230hf2okthmdz
however government advocates claim that there are very few threats to garys life
0.3382405024956273 0.0 0.230374952760358 0.0 0.0 0.09292880186613844 0.0 0.0 0.0 0.0 0.0 0.08306725459316619 0.513932214796968 0.0 0.0 0.1620105041425251 0.0 0.0 0.0 0.0 0.0 0.0 0.0 0.0 0.0 0.0 0.0 0.0 0.0 0.0 0.0 0.31883991139884876 0.0 0.0 0.0 0.5633055906563831 0.4410567287243384 0.22030653867099767 0.3600269448271712 0.5159836184186728 0.3517309047343706 0.0 0.0 0.0 0.0 0.0 0.0 0.0 0.0 0.0 0.0 0.0 0.0 0.0 0.0 0.0 0.0 0.0 0.0 0.0
a87c5tu9lryej
the government advocates however that there are very few threats to garys life
0.3382405024956273 0.0328061993715041 0.230374952760358 0.0 0.0 0.09292880186613844 0.0 0.0 0.0 0.0 0.0 0.08306725459316619 0.513932214796968 0.0 0.0 0.1620105041425251 0.0 0.0 0.0 0.0 0.0 0.0 0.0 0.0 0.0 0.0 0.0 0.0 0.0 0.0 0.0 0.31883991139884876 0.0 0.0 0.0 0.5633055906563831 0.0 0.22030653867099767 0.3600269448271712 0.5159836184186728 0.3517309047343706 0.0 0.0 0.0 0.0 0.0 0.0 0.0 0.0 0.0 0.0 0.0 0.0 0.0 0.0 0.0 0.0 0.0 0.0 0.0
a1395pss402i1j
therefore the governments advocates say that on the basis of gerrys health condition the possibility is very low
0.0 0.07108009863825888 0.0 0.0 0.21741536078089607 0.0671152457922111 0.0 0.0 0.0 0.0 0.0 0.0 0.0 0.3191107763101993 0.0 0.0 0.0 0.0 0.0 0.0 0.0 0.0 0.0 0.0 0.0 0.35268961325193604 0.0 0.0 0.0 0.0 0.0 0.230273269343613 0.0 0.0 0.0 0.40683181547405445 0.0 0.0 0.0 0.0 0.0 0.31741859811660444 0.30637132818631746 0.10405598679865574 0.3152396696080888 0.04666343236654546 0.43521101679438723 0.3251553796351326 0.35936429724316177 0.07260086215747924 0.0 0.0 0.0 0.0 0.0 0.0 0.0 0.0 0.0 0.0
a2t28y99qhlkek
therefore the governments advocates say that on the basis of gerrys health condition the possibility is very low
0.0 0.07108009863825888 0.0 0.0 0.21741536078089607 0.0671152457922111 0.0 0.0 0.0 0.0 0.0 0.0 0.0 0.3191107763101993 0.0 0.0 0.0 0.0 0.0 0.0 0.0 0.0 0.0 0.0 0.0 0.35268961325193604 0.0 0.0 0.0 0.0 0.0 0.230273269343613 0.0 0.0 0.0 0.40683181547405445 0.0 0.0 0.0 0.0 0.0 0.31741859811660444 0.30637132818631746 0.10405598679865574 0.3152396696080888 0.04666343236654546 0.43521101679438723 0.3251553796351326 0.35936429724316177 0.07260086215747924 0.0 0.0 0.0 0.0 0.0 0.0 0.0 0.0 0.0 0.0
a2qv233zodzqg8
therefore the governments advocates say that on the basis of gerrys health condition the possibility is very low
0.0 0.07108009863825888 0.0 0.0 0.21741536078089607 0.0671152457922111 0.0 0.0 0.0 0.0 0.0 0.0 0.0 0.3191107763101993 0.0 0.0 0.0 0.0 0.0 0.0 0.0 0.0 0.0 0.0 0.0 0.35268961325193604 0.0 0.0 0.0 0.0 0.0 0.230273269343613 0.0 0.0 0.0 0.40683181547405445 0.0 0.0 0.0 0.0 0.0 0.31741859811660444 0.30637132818631746 0.10405598679865574 0.3152396696080888 0.04666343236654546 0.43521101679438723 0.3251553796351326 0.35936429724316177 0.07260086215747924 0.0 0.0 0.0 0.0 0.0 0.0 0.0 0.0 0.0 0.0
a2x3f103glztzs
all government attorneys says that there are very fewer doubts about garys health
0.0 0.0 0.230374952760358 0.6025998694076131 0.0 0.09292880186613844 0.0 0.0 0.0 0.0 0.0 0.0 0.513932214796968 0.44184569027566056 0.0 0.1620105041425251 0.0 0.0 0.23969567350490256 0.0 0.0 0.0 0.0 0.0 0.0 0.0 0.0 0.0 0.0 0.0 0.0 0.31883991139884876 0.0 0.0 0.0 0.0 0.0 0.22030653867099767 0.0 0.0 0.0 0.0 0.0 0.0 0.0 0.0 0.0 0.0 0.0 0.0 0.2417857875740576 0.3364064879600304 0.6440611386947429 0.7404275208866943 0.0 0.0 0.0 0.0 0.0 0.0
