will dick cheneys hope to capture osama be able fulfilled wish for the arrest of materialized desire chennys ever realized did chiney come true usma bin ladin usama is completion heart want dak chene arresting accomplished wishes laden goal vice president cheney and arrested
will dick cheneys hope to capture osama be able to be fulfilled
0.18462609998343202 0.5737264789668187 0.66006747327405 0.4666838400659897 0.17997905161852676 0.63422122924873 0.5259476472378749 0.3578038243265251 0.45173876267800495 0.5852390071735535 0.0 0.0 0.0 0.0 0.0 0.0 0.0 0.0 0.0 0.0 0.0 0.0 0.0 0.0 0.0 0.0 0.0 0.0 0.0 0.0 0.0 0.0 0.0 0.0 0.0 0.0 0.0 0.0 0.0 0.0 0.0 0.0 0.0 0.0
will dick cheneys wish for the arrest of osama be materialized
0.20141029089101672 0.6258834316001658 0.7200736072080546 0.0 0.0 0.0 0.5737610697140454 0.19516572235992277 0.0 0.0 0.5099249773431488 0.17551906355840138 0.03877096289359576 0.5480223191762345 0.07635834387252893 0.8750507065024569 0.0 0.0 0.0 0.0 0.0 0.0 0.0 0.0 0.0 0.0 0.0 0.0 0.0 0.0 0.0 0.0 0.0 0.0 0.0 0.0 0.0 0.0 0.0 0.0 0.0 0.0 0.0 0.0
will dick cheneys desire to arrest osama be fulfilled
0.24616813331124268 0.7649686386224249 0.8800899643654 0.0 0.11998603441235117 0.0 0.7012635296504999 0.23853588288435004 0.0 0.7803186762314046 0.0 0.0 0.0 0.6698050567709533 0.0 0.0 0.7723787913444996 0.0 0.0 0.0 0.0 0.0 0.0 0.0 0.0 0.0 0.0 0.0 0.0 0.0 0.0 0.0 0.0 0.0 0.0 0.0 0.0 0.0 0.0 0.0 0.0 0.0 0.0 0.0
will dick chennys wish to arrest osama will ever be realized
0.40282058178203345 0.6258834316001658 0.0 0.0 0.09817039179192368 0.0 0.5737610697140454 0.19516572235992277 0.0 0.0 0.5099249773431488 0.0 0.0 0.5480223191762345 0.0 0.0 0.0 0.938064086553361 0.4941730026818727 0.6288643245840742 0.0 0.0 0.0 0.0 0.0 0.0 0.0 0.0 0.0 0.0 0.0 0.0 0.0 0.0 0.0 0.0 0.0 0.0 0.0 0.0 0.0 0.0 0.0 0.0
a1sanjgoj47idf
did dick chiney wish come true to arrest usma bin ladin
0.0 0.6258834316001658 0.0 0.0 0.09817039179192368 0.0 0.0 0.0 0.0 0.0 0.5099249773431488 0.0 0.0 0.5480223191762345 0.0 0.0 0.0 0.0 0.0 0.0 0.3669489277446331 0.8750507065024569 0.3990105280633705 0.4444872111938664 0.8381902421289873 0.5920038602106046 0.7121634820271792 0.0 0.0 0.0 0.0 0.0 0.0 0.0 0.0 0.0 0.0 0.0 0.0 0.0 0.0 0.0 0.0 0.0
a353ocl6lm6m4o
the arrest of usama is the completion of heart want of dak chene
0.0 0.0 0.0 0.0 0.0 0.0 0.0 0.0 0.0 0.0 0.0 0.0 0.0656123987430082 0.4637111931491215 0.193832719061035 0.0 0.0 0.0 0.0 0.0 0.0 0.0 0.0 0.0 0.0 0.0 0.0 0.5224880328823699 0.10052427067958664 0.5633055906563831 0.35321978496152107 0.35576713948340544 0.7092378971860662 0.7092378971860662 0.0 0.0 0.0 0.0 0.0 0.0 0.0 0.0 0.0 0.0
a3bz8b0jpubzqq
will dick cheneys wish of arresting usama be accomplished
0.24616813331124268 0.7649686386224249 0.8800899643654 0.0 0.0 0.0 0.0 0.23853588288435004 0.0 0.0 0.6232416389749597 0.0 0.0 0.0 0.09332686473309092 0.0 0.0 0.0 0.0 0.0 0.0 0.0 0.0 0.0 0.0 0.0 0.0 0.7547049363856454 0.0 0.0 0.0 0.0 0.0 0.0 0.8800899643654 0.9303105336701842 0.0 0.0 0.0 0.0 0.0 0.0 0.0 0.0
alrghxunh1uv7
did dick cheneys wishes will come true for the arrest of osama
0.18462609998343202 0.5737264789668187 0.66006747327405 0.0 0.0 0.0 0.5259476472378749 0.0 0.0 0.0 0.0 0.1608924749285346 0.03554004931912944 0.502353792578215 0.06999514854981818 0.0 0.0 0.0 0.0 0.0 0.33636985043258033 0.0 0.3657596507247563 0.4074466102610442 0.0 0.0 0.0 0.0 0.0 0.0 0.0 0.0 0.0 0.0 0.0 0.0 0.505850809169801 0.0 0.0 0.0 0.0 0.0 0.0 0.0
a3l62wt9zlhu7v
did dick cheneys wish to arrest osama bin ladin come true
0.0 0.6258834316001658 0.7200736072080546 0.0 0.09817039179192368 0.0 0.5737610697140454 0.0 0.0 0.0 0.5099249773431488 0.0 0.0 0.5480223191762345 0.0 0.0 0.0 0.0 0.0 0.0 0.3669489277446331 0.0 0.3990105280633705 0.4444872111938664 0.0 0.5920038602106046 0.7121634820271792 0.0 0.0 0.0 0.0 0.0 0.0 0.0 0.0 0.0 0.0 0.0 0.0 0.0 0.0 0.0 0.0 0.0
a2mrhza4l9w9cl
did dick cheneys wish come true to arrest usma bin ladin
0.0 0.6258834316001658 0.7200736072080546 0.0 0.09817039179192368 0.0 0.0 0.0 0.0 0.0 0.5099249773431488 0.0 0.0 0.5480223191762345 0.0 0.0 0.0 0.0 0.0 0.0 0.3669489277446331 0.0 0.3990105280633705 0.4444872111938664 0.8381902421289873 0.5920038602106046 0.7121634820271792 0.0 0.0 0.0 0.0 0.0 0.0 0.0 0.0 0.0 0.0 0.0 0.0 0.0 0.0 0.0 0.0 0.0
a2unp2crnrfiw8
did dick chiney wish come true to arrest usma bin ladin
0.0 0.6258834316001658 0.0 0.0 0.09817039179192368 0.0 0.0 0.0 0.0 0.0 0.5099249773431488 0.0 0.0 0.5480223191762345 0.0 0.0 0.0 0.0 0.0 0.0 0.3669489277446331 0.8750507065024569 0.3990105280633705 0.4444872111938664 0.8381902421289873 0.5920038602106046 0.7121634820271792 0.0 0.0 0.0 0.0 0.0 0.0 0.0 0.0 0.0 0.0 0.0 0.0 0.0 0.0 0.0 0.0 0.0
at8qsogdc42wo
the arrest of osama bin laden is the goal of vice president dick cheney
0.0 0.4917655534001303 0.0 0.0 0.0 0.0 0.45081226906103566 0.0 0.0 0.0 0.0 0.0 0.06092579883279333 0.4305889650670414 0.11999168322825975 0.0 0.0 0.0 0.0 0.0 0.0 0.0 0.0 0.0 0.0 0.4651458901654751 0.0 0.0 0.09334396563104473 0.0 0.0 0.0 0.0 0.0 0.0 0.0 0.0 0.5016334347201886 0.48516745910505776 0.37147936711930113 0.19843453024498703 0.5436181964989115 0.0 0.0
a87c5tu9lryej
the arrest of usama is the completion of heart want of dak chene
0.0 0.0 0.0 0.0 0.0 0.0 0.0 0.0 0.0 0.0 0.0 0.0 0.0656123987430082 0.4637111931491215 0.193832719061035 0.0 0.0 0.0 0.0 0.0 0.0 0.0 0.0 0.0 0.0 0.0 0.0 0.5224880328823699 0.10052427067958664 0.5633055906563831 0.35321978496152107 0.35576713948340544 0.7092378971860662 0.7092378971860662 0.0 0.0 0.0 0.0 0.0 0.0 0.0 0.0 0.0 0.0
a291u81kgj6l9n
the arrest of usama is the completion of heart want of dak chene
0.0 0.0 0.0 0.0 0.0 0.0 0.0 0.0 0.0 0.0 0.0 0.0 0.0656123987430082 0.4637111931491215 0.193832719061035 0.0 0.0 0.0 0.0 0.0 0.0 0.0 0.0 0.0 0.0 0.0 0.0 0.5224880328823699 0.10052427067958664 0.5633055906563831 0.35321978496152107 0.35576713948340544 0.7092378971860662 0.7092378971860662 0.0 0.0 0.0 0.0 0.0 0.0 0.0 0.0 0.0 0.0
a1kf7gs7yulm10
will dick cheneys goal to arrest osama be accomplished
0.24616813331124268 0.7649686386224249 0.8800899643654 0.0 0.11998603441235117 0.0 0.7012635296504999 0.23853588288435004 0.0 0.0 0.0 0.0 0.0 0.6698050567709533 0.0 0.0 0.0 0.0 0.0 0.0 0.0 0.0 0.0 0.0 0.0 0.0 0.0 0.0 0.0 0.0 0.0 0.0 0.0 0.0 0.0 0.9303105336701842 0.0 0.0 0.7547049363856454 0.0 0.0 0.0 0.0 0.0
a6tw9zegog7ph
will dick cheneys wish to arrest osama be accomplished
0.24616813331124268 0.7649686386224249 0.8800899643654 0.0 0.11998603441235117 0.0 0.7012635296504999 0.23853588288435004 0.0 0.0 0.6232416389749597 0.0 0.0 0.6698050567709533 0.0 0.0 0.0 0.0 0.0 0.0 0.0 0.0 0.0 0.0 0.0 0.0 0.0 0.0 0.0 0.0 0.0 0.0 0.0 0.0 0.0 0.9303105336701842 0.0 0.0 0.0 0.0 0.0 0.0 0.0 0.0
a14b80scbt25dr
will dick cheneys wish of arresting usama be accomplished
0.24616813331124268 0.7649686386224249 0.8800899643654 0.0 0.0 0.0 0.0 0.23853588288435004 0.0 0.0 0.6232416389749597 0.0 0.0 0.0 0.09332686473309092 0.0 0.0 0.0 0.0 0.0 0.0 0.0 0.0 0.0 0.0 0.0 0.0 0.7547049363856454 0.0 0.0 0.0 0.0 0.0 0.0 0.8800899643654 0.9303105336701842 0.0 0.0 0.0 0.0 0.0 0.0 0.0 0.0
a3ohqrf1mdq99b
will dick cheneys wishes come true and will osama be arrested
0.40282058178203345 0.6258834316001658 0.7200736072080546 0.0 0.0 0.0 0.5737610697140454 0.19516572235992277 0.0 0.0 0.0 0.0 0.0 0.0 0.0 0.0 0.0 0.0 0.0 0.0 0.0 0.0 0.3990105280633705 0.4444872111938664 0.0 0.0 0.0 0.0 0.0 0.0 0.0 0.0 0.0 0.0 0.0 0.0 0.5518372463670557 0.0 0.0 0.0 0.0 0.0 0.09036045816384472 0.5013349006685195
