for instance trading girls marriage killing accusations of adultery depriving an education and shooting them marrying their own choice example wani kari keeping the illiterate gun bullet vanni killings by shots on love tv vehicles away from there is a fear about ones getting like demotivation etc gaining fearing girl that culture marriages preventing being educated we discouraging (note not complete sentence) try to keep are fearful allowing marry someone her such as
for instance trading girls for marriage killing girls for accusations of adultery depriving girls of an education and shooting them for marrying of their own choice
0.2970322614065254 0.2715618620794419 0.3349718092174181 0.550341792368279 0.22881758075461342 0.19103256994657322 0.25404357251471776 0.0969163595305175 0.3968732673879604 0.37021376044334714 0.11347558714521498 0.17853658268533418 0.038229424607780456 0.32203056934737145 0.1312288528245545 0.27307035104687577 0.11450850383553114 0.1631177964899206 0.2673618893115576 0.0 0.0 0.0 0.0 0.0 0.0 0.0 0.0 0.0 0.0 0.0 0.0 0.0 0.0 0.0 0.0 0.0 0.0 0.0 0.0 0.0 0.0 0.0 0.0 0.0 0.0 0.0 0.0 0.0 0.0 0.0 0.0 0.0 0.0 0.0 0.0 0.0 0.0 0.0 0.0 0.0 0.0 0.0 0.0 0.0 0.0 0.0 0.0 0.0 0.0 0.0 0.0 0.0 0.0
for example wani kari keeping the girls illiterate and gun bullet for the marriage of own choice
0.22714231754616648 0.0 0.0 0.28056640395245597 0.34995629997764405 0.0 0.0 0.04940834015281284 0.0 0.0 0.0 0.0 0.058468531753075995 0.0 0.0 0.0 0.0 0.2494742769845845 0.40890641894708807 0.3299514559279198 0.60698264424041 0.5015850284034656 0.34921637161253466 0.0501741872740651 0.4608116648411159 0.39784452297632683 0.4251566175722738 0.0 0.0 0.0 0.0 0.0 0.0 0.0 0.0 0.0 0.0 0.0 0.0 0.0 0.0 0.0 0.0 0.0 0.0 0.0 0.0 0.0 0.0 0.0 0.0 0.0 0.0 0.0 0.0 0.0 0.0 0.0 0.0 0.0 0.0 0.0 0.0 0.0 0.0 0.0 0.0 0.0 0.0 0.0 0.0 0.0 0.0
for instance vanni kari keeping the girls illiterate and killings by gun shots on love marriage
0.12066935619640094 0.44128802587909305 0.0 0.29810180419948445 0.3718285687262468 0.0 0.0 0.0 0.0 0.0 0.0 0.0 0.06212281498764324 0.0 0.0 0.0 0.0 0.0 0.0 0.0 0.0 0.5329340926786822 0.3710423948383181 0.026655036989347083 0.48961239389368566 0.4227098056623473 0.0 0.6449190595054357 0.39677581490842806 0.1559662038375905 0.6015973607204391 0.1170629851484877 0.35001288004949227 0.0 0.0 0.0 0.0 0.0 0.0 0.0 0.0 0.0 0.0 0.0 0.0 0.0 0.0 0.0 0.0 0.0 0.0 0.0 0.0 0.0 0.0 0.0 0.0 0.0 0.0 0.0 0.0 0.0 0.0 0.0 0.0 0.0 0.0 0.0 0.0 0.0 0.0 0.0 0.0
for example tv vehicles and keeping girls away from education and there is a fear about marrying by ones own choice
0.09193855710201977 0.0 0.0 0.22712518415198815 0.0 0.0 0.0 0.0 0.0 0.0 0.0 0.221045292848509 0.0946633371240278 0.0 0.0 0.3380871012961319 0.0 0.20195536708275888 0.33101948200478554 0.267103559560697 0.0 0.0 0.2826989674958614 0.0 0.0 0.0 0.0 0.0 0.0 0.11883139340006894 0.0 0.0 0.0 0.2706655220884445 0.3181485139219326 0.2454247132458789 0.11489974473466853 0.13638023822490333 0.06222931042069649 0.06751825462722587 0.26500546480860027 0.1483830359792254 0.2730351177817333 0.0 0.0 0.0 0.0 0.0 0.0 0.0 0.0 0.0 0.0 0.0 0.0 0.0 0.0 0.0 0.0 0.0 0.0 0.0 0.0 0.0 0.0 0.0 0.0 0.0 0.0 0.0 0.0 0.0 0.0
a1wyssw33m2fz2
for example keeping girls from getting education and fear of love marriage
0.1608924749285346 0.0 0.0 0.3974690722659793 0.4957714249683291 0.0 0.0 0.06999514854981818 0.0 0.0 0.0 0.38682926248489075 0.08283041998352432 0.0 0.0 0.0 0.0 0.0 0.0 0.4674312292312197 0.0 0.0 0.4947231931177574 0.0 0.0 0.0 0.0 0.0 0.0 0.0 0.0 0.0 0.4666838400659897 0.0 0.0 0.0 0.20107455328566992 0.0 0.0 0.0 0.4637595634150505 0.0 0.0 0.4230798280856107 0.0 0.0 0.0 0.0 0.0 0.0 0.0 0.0 0.0 0.0 0.0 0.0 0.0 0.0 0.0 0.0 0.0 0.0 0.0 0.0 0.0 0.0 0.0 0.0 0.0 0.0 0.0 0.0 0.0
ayowrg5s0py3f
like demotivation for the girls education and love marriage etc
0.1930709699142415 0.0 0.0 0.47696288671917514 0.5949257099619949 0.0 0.0 0.0 0.0 0.0 0.0 0.4641951149818689 0.09939650398022919 0.0 0.0 0.0 0.0 0.0 0.0 0.0 0.0 0.0 0.0 0.042648059182955333 0.0 0.0 0.0 0.0 0.0 0.0 0.0 0.0 0.5600206080791876 0.0 0.0 0.0 0.0 0.0 0.0 0.0 0.0 0.0 0.0 0.0 0.3776232991580166 0.9220092663418861 0.644750394117908 0.0 0.0 0.0 0.0 0.0 0.0 0.0 0.0 0.0 0.0 0.0 0.0 0.0 0.0 0.0 0.0 0.0 0.0 0.0 0.0 0.0 0.0 0.0 0.0 0.0 0.0
a3dd3acpmvdvca
for instance keeping girls from gaining education and fearing marrying the girl of ones choice
0.12871397994282768 0.4707072276043659 0.0 0.3179752578127834 0.0 0.0 0.0 0.05599611883985455 0.0 0.0 0.0 0.3094634099879126 0.06626433598681945 0.0 0.0 0.4733219418145847 0.0 0.0 0.46342727480669976 0.0 0.0 0.0 0.39577855449420596 0.028432039455303555 0.0 0.0 0.0 0.0 0.0 0.0 0.0 0.0 0.0 0.0 0.0 0.0 0.16085964262853594 0.0 0.0 0.0 0.0 0.0 0.3822491648944266 0.0 0.0 0.0 0.0 0.5222532201532647 0.5344079906061949 0.42579195462417635 0.0 0.0 0.0 0.0 0.0 0.0 0.0 0.0 0.0 0.0 0.0 0.0 0.0 0.0 0.0 0.0 0.0 0.0 0.0 0.0 0.0 0.0 0.0
a3kwcqj39dxkt4
like that of the the culture of the girls education marriages etc
0.0 0.0 0.0 0.3974690722659793 0.0 0.0 0.0 0.13999029709963637 0.0 0.0 0.0 0.38682926248489075 0.0 0.0 0.0 0.0 0.0 0.0 0.0 0.0 0.0 0.0 0.0 0.10662014795738833 0.0 0.0 0.0 0.0 0.0 0.0 0.0 0.0 0.0 0.0 0.0 0.0 0.0 0.0 0.0 0.0 0.0 0.0 0.0 0.0 0.3146860826316805 0.0 0.5372919950982566 0.0 0.0 0.0 0.10067286868831665 0.5159642139201566 0.6767900312292293 0.0 0.0 0.0 0.0 0.0 0.0 0.0 0.0 0.0 0.0 0.0 0.0 0.0 0.0 0.0 0.0 0.0 0.0 0.0 0.0
a1wgq344wqriu5
for example keeping girls from getting education and fear of love marriage
0.1608924749285346 0.0 0.0 0.3974690722659793 0.4957714249683291 0.0 0.0 0.06999514854981818 0.0 0.0 0.0 0.38682926248489075 0.08283041998352432 0.0 0.0 0.0 0.0 0.0 0.0 0.4674312292312197 0.0 0.0 0.4947231931177574 0.0 0.0 0.0 0.0 0.0 0.0 0.0 0.0 0.0 0.4666838400659897 0.0 0.0 0.0 0.20107455328566992 0.0 0.0 0.0 0.4637595634150505 0.0 0.0 0.4230798280856107 0.0 0.0 0.0 0.0 0.0 0.0 0.0 0.0 0.0 0.0 0.0 0.0 0.0 0.0 0.0 0.0 0.0 0.0 0.0 0.0 0.0 0.0 0.0 0.0 0.0 0.0 0.0 0.0 0.0
a3qu3km3iywhif
for example preventing girls from being educated and fear of love and marriage
0.1485161307032627 0.0 0.0 0.3668945282455193 0.45763516150922684 0.0 0.0 0.06461090635367833 0.0 0.0 0.0 0.0 0.15291769843112182 0.0 0.0 0.0 0.0 0.0 0.0 0.4314749808288182 0.0 0.0 0.0 0.0 0.0 0.0 0.0 0.0 0.0 0.0 0.0 0.0 0.43078508313783664 0.0 0.0 0.0 0.185607279956003 0.0 0.0 0.0 0.428085750844662 0.0 0.0 0.0 0.0 0.0 0.0 0.0 0.0 0.0 0.0 0.0 0.0 0.6440611386947429 0.28119786585355133 0.5758070467715964 0.0 0.0 0.0 0.0 0.0 0.0 0.0 0.0 0.0 0.0 0.0 0.0 0.0 0.0 0.0 0.0 0.0
a291u81kgj6l9n
for example we like keeping girls from getting an education and fear of love marriage
0.12871397994282768 0.0 0.0 0.3179752578127834 0.39661713997466325 0.0 0.0 0.05599611883985455 0.0 0.0 0.19669101771837263 0.3094634099879126 0.06626433598681945 0.0 0.0 0.0 0.0 0.0 0.0 0.3739449833849758 0.0 0.0 0.39577855449420596 0.0 0.0 0.0 0.0 0.0 0.0 0.0 0.0 0.0 0.3733470720527918 0.0 0.0 0.0 0.16085964262853594 0.0 0.0 0.0 0.3710076507320404 0.0 0.0 0.33846386246848853 0.2517488661053444 0.0 0.0 0.0 0.0 0.0 0.0 0.0 0.0 0.0 0.0 0.0 0.2041605141597527 0.0 0.0 0.0 0.0 0.0 0.0 0.0 0.0 0.0 0.0 0.0 0.0 0.0 0.0 0.0 0.0
a3pcyk6q2le72a
like demotivation for the girls education and love marriage etc
0.1930709699142415 0.0 0.0 0.47696288671917514 0.5949257099619949 0.0 0.0 0.0 0.0 0.0 0.0 0.4641951149818689 0.09939650398022919 0.0 0.0 0.0 0.0 0.0 0.0 0.0 0.0 0.0 0.0 0.042648059182955333 0.0 0.0 0.0 0.0 0.0 0.0 0.0 0.0 0.5600206080791876 0.0 0.0 0.0 0.0 0.0 0.0 0.0 0.0 0.0 0.0 0.0 0.3776232991580166 0.9220092663418861 0.644750394117908 0.0 0.0 0.0 0.0 0.0 0.0 0.0 0.0 0.0 0.0 0.0 0.0 0.0 0.0 0.0 0.0 0.0 0.0 0.0 0.0 0.0 0.0 0.0 0.0 0.0 0.0
a6tw9zegog7ph
like demotivation for the girls education and love marriage etc
0.1930709699142415 0.0 0.0 0.47696288671917514 0.5949257099619949 0.0 0.0 0.0 0.0 0.0 0.0 0.4641951149818689 0.09939650398022919 0.0 0.0 0.0 0.0 0.0 0.0 0.0 0.0 0.0 0.0 0.042648059182955333 0.0 0.0 0.0 0.0 0.0 0.0 0.0 0.0 0.5600206080791876 0.0 0.0 0.0 0.0 0.0 0.0 0.0 0.0 0.0 0.0 0.0 0.3776232991580166 0.9220092663418861 0.644750394117908 0.0 0.0 0.0 0.0 0.0 0.0 0.0 0.0 0.0 0.0 0.0 0.0 0.0 0.0 0.0 0.0 0.0 0.0 0.0 0.0 0.0 0.0 0.0 0.0 0.0 0.0
aclg2ttpdpj36
like discouraging girls education love marriage etc (note not a complete sentence)
0.0 0.0 0.0 0.3974690722659793 0.4957714249683291 0.0 0.0 0.0 0.0 0.0 0.0 0.38682926248489075 0.0 0.0 0.0 0.0 0.0 0.0 0.0 0.0 0.0 0.0 0.0 0.0 0.0 0.0 0.0 0.0 0.0 0.0 0.0 0.0 0.4666838400659897 0.0 0.0 0.0 0.0 0.0 0.0 0.11815694559764528 0.0 0.0 0.0 0.0 0.3146860826316805 0.0 0.5372919950982566 0.0 0.0 0.0 0.0 0.0 0.0 0.0 0.0 0.0 0.0 0.859892079340581 0.859892079340581 0.1783856240197803 0.45299191912505 0.768341055284905 0.0 0.0 0.0 0.0 0.0 0.0 0.0 0.0 0.0 0.0 0.0
a2unp2crnrfiw8
for instance keeping girls from gaining an education and the fear of marrying ones choice
0.12871397994282768 0.4707072276043659 0.0 0.3179752578127834 0.0 0.0 0.0 0.05599611883985455 0.0 0.0 0.19669101771837263 0.3094634099879126 0.06626433598681945 0.0 0.0 0.4733219418145847 0.0 0.0 0.46342727480669976 0.0 0.0 0.0 0.39577855449420596 0.028432039455303555 0.0 0.0 0.0 0.0 0.0 0.0 0.0 0.0 0.0 0.0 0.0 0.0 0.16085964262853594 0.0 0.0 0.0 0.3710076507320404 0.0 0.3822491648944266 0.0 0.0 0.0 0.0 0.5222532201532647 0.0 0.0 0.0 0.0 0.0 0.0 0.0 0.0 0.0 0.0 0.0 0.0 0.0 0.0 0.0 0.0 0.0 0.0 0.0 0.0 0.0 0.0 0.0 0.0 0.0
a3lhs82826iskx
for instance we try to keep girls from gaining education and are fearful of allowing a girl to marry someone of her choice
0.0839438999627137 0.30698297452458645 0.0 0.2073751681387718 0.0 0.0 0.0 0.07303841587807115 0.0 0.0 0.0 0.20182396303559516 0.04321587129575182 0.0 0.0 0.0 0.0 0.0 0.30223517922176074 0.0 0.0 0.0 0.0 0.0 0.0 0.0 0.0 0.0 0.0 0.0 0.0 0.0 0.0 0.0 0.0 0.0 0.10490846258382779 0.0 0.0 0.06164710205094536 0.0 0.0 0.0 0.0 0.0 0.0 0.0 0.34059992618691176 0.0 0.27769040518968025 0.0 0.0 0.0 0.0 0.0 0.0 0.13314816140853436 0.0 0.0 0.0 0.0 0.0 0.23634360997828696 0.093902113887927 0.2269060227940336 0.09157115451534029 0.3883656778681339 0.3183901164579557 0.3371198084619754 0.23020975788003017 0.16368571948091998 0.0 0.0
air4uqnpimfcj
for instance keeping girls from gaining an education and fearing marrying the girl of ones choice
0.12066935619640094 0.44128802587909305 0.0 0.29810180419948445 0.0 0.0 0.0 0.05249636141236364 0.0 0.0 0.18439782911097435 0.29012194686366805 0.06212281498764324 0.0 0.0 0.44373932045117315 0.0 0.0 0.43446307013128105 0.0 0.0 0.0 0.3710423948383181 0.026655036989347083 0.0 0.0 0.0 0.0 0.0 0.0 0.0 0.0 0.0 0.0 0.0 0.0 0.15080591496425244 0.0 0.0 0.0 0.0 0.0 0.35835859208852494 0.0 0.0 0.0 0.0 0.48961239389368566 0.5010074911933078 0.3991799574601653 0.0 0.0 0.0 0.0 0.0 0.0 0.0 0.0 0.0 0.0 0.0 0.0 0.0 0.0 0.0 0.0 0.0 0.0 0.0 0.0 0.0 0.0 0.0
amd40d0gc1l4r
such as the the culture of girls education marriages etc
0.0 0.0 0.0 0.47696288671917514 0.0 0.0 0.0 0.08399417825978182 0.0 0.0 0.0 0.4641951149818689 0.0 0.0 0.0 0.0 0.0 0.0 0.0 0.0 0.0 0.0 0.0 0.08529611836591067 0.0 0.0 0.0 0.0 0.0 0.0 0.0 0.0 0.0 0.0 0.0 0.0 0.0 0.0 0.0 0.0 0.0 0.0 0.0 0.0 0.0 0.0 0.644750394117908 0.0 0.0 0.0 0.0 0.6191570567041879 0.8121480374750751 0.0 0.0 0.0 0.0 0.0 0.0 0.0 0.0 0.0 0.0 0.0 0.0 0.0 0.0 0.0 0.0 0.0 0.0 0.39419780041883434 0.26353012710331447
