obama takes office as american president has taken charge of the presidency assumed us position took america to take been elected united states becomes become is trying
obama takes office as american president
0.5665035170399266 1.00020280642511 0.8835708525453411 0.4392168785055241 0.5233599113872118 0.4630139039049697 0.0 0.0 0.0 0.0 0.0 0.0 0.0 0.0 0.0 0.0 0.0 0.0 0.0 0.0 0.0 0.0 0.0 0.0 0.0 0.0 0.0
obama has taken charge of the american presidency
0.42487763777994497 0.0 0.0 0.0 0.39251993354040887 0.0 0.25659970224140294 0.5431119175272137 0.8646884463031019 0.10499272282472728 0.05331007397869417 0.7405319746768165 0.0 0.0 0.0 0.0 0.0 0.0 0.0 0.0 0.0 0.0 0.0 0.0 0.0 0.0 0.0
obama has assumed office of american presidency
0.48557444317708 0.0 0.7573464450388637 0.0 0.44859420976046727 0.0 0.29325680256160336 0.0 0.0 0.11999168322825975 0.0 0.8463222567735046 1.1961135432902368 0.0 0.0 0.0 0.0 0.0 0.0 0.0 0.0 0.0 0.0 0.0 0.0 0.0 0.0
obama takes charge as president of the us
0.42487763777994497 0.7501521048188325 0.0 0.32941265887914306 0.0 0.3472604279287273 0.0 0.0 0.8646884463031019 0.10499272282472728 0.05331007397869417 0.0 0.0 0.4572662252809106 0.0 0.0 0.0 0.0 0.0 0.0 0.0 0.0 0.0 0.0 0.0 0.0 0.0
a3dd3acpmvdvca
obama has taken the position of american presidency
0.42487763777994497 0.0 0.0 0.0 0.39251993354040887 0.0 0.25659970224140294 0.5431119175272137 0.0 0.10499272282472728 0.05331007397869417 0.7405319746768165 0.0 0.0 0.6883150745893192 0.0 0.0 0.0 0.0 0.0 0.0 0.0 0.0 0.0 0.0 0.0 0.0
a3sw1e5d0b9v9a
obama has taken charge of the american presidency
0.42487763777994497 0.0 0.0 0.0 0.39251993354040887 0.0 0.25659970224140294 0.5431119175272137 0.8646884463031019 0.10499272282472728 0.05331007397869417 0.7405319746768165 0.0 0.0 0.0 0.0 0.0 0.0 0.0 0.0 0.0 0.0 0.0 0.0 0.0 0.0 0.0
a21xirv18up71h
obama took office as the president of america
0.42487763777994497 0.0 0.6626781394090058 0.32941265887914306 0.0 0.3472604279287273 0.0 0.0 0.0 0.10499272282472728 0.05331007397869417 0.0 0.0 0.0 0.0 0.6179283180503508 0.3843096795604526 0.0 0.0 0.0 0.0 0.0 0.0 0.0 0.0 0.0 0.0
a3kwcqj39dxkt4
the president of america obama to take charge
0.42487763777994497 0.0 0.0 0.0 0.0 0.3472604279287273 0.0 0.0 0.8646884463031019 0.10499272282472728 0.05331007397869417 0.0 0.0 0.0 0.0 0.0 0.3843096795604526 0.13498428871389506 0.4825458335927726 0.0 0.0 0.0 0.0 0.0 0.0 0.0 0.0
a219vcqzadq45w
obama has been elected president of the united states
0.37766901135995107 0.0 0.0 0.0 0.0 0.3086759359366465 0.2280886242145804 0.0 0.0 0.09332686473309092 0.04738673242550592 0.0 0.0 0.0 0.0 0.0 0.0 0.0 0.0 0.32718923252631227 0.534368512828777 0.4480785397309007 0.5561665525605759 0.0 0.0 0.0 0.0
a2bk4fasw056jr
obama becomes american president
0.8497552755598899 0.0 0.0 0.0 0.7850398670808177 0.6945208558574546 0.0 0.0 0.0 0.0 0.0 0.0 0.0 0.0 0.0 0.0 0.0 0.0 0.0 0.0 0.0 0.0 0.0 1.5918653083763858 0.0 0.0 0.0
a3qu3km3iywhif
obama has been elected to the american presidency
0.42487763777994497 0.0 0.0 0.0 0.39251993354040887 0.0 0.25659970224140294 0.0 0.0 0.0 0.05331007397869417 0.7405319746768165 0.0 0.0 0.0 0.0 0.0 0.13498428871389506 0.0 0.3680878865921013 0.6011645769323741 0.0 0.0 0.0 0.0 0.0 0.0
ajfwu2g6a1bhs
obama has taken charge of the american presidency
0.42487763777994497 0.0 0.0 0.0 0.39251993354040887 0.0 0.25659970224140294 0.5431119175272137 0.8646884463031019 0.10499272282472728 0.05331007397869417 0.7405319746768165 0.0 0.0 0.0 0.0 0.0 0.0 0.0 0.0 0.0 0.0 0.0 0.0 0.0 0.0 0.0
au2ar4vob7vlv
obama has taken charge of the american presidency
0.42487763777994497 0.0 0.0 0.0 0.39251993354040887 0.0 0.25659970224140294 0.5431119175272137 0.8646884463031019 0.10499272282472728 0.05331007397869417 0.7405319746768165 0.0 0.0 0.0 0.0 0.0 0.0 0.0 0.0 0.0 0.0 0.0 0.0 0.0 0.0 0.0
a279zamy03pduy
obama has become the american president
0.5665035170399266 0.0 0.0 0.0 0.5233599113872118 0.4630139039049697 0.3421329363218706 0.0 0.0 0.0 0.07108009863825888 0.0 0.0 0.0 0.0 0.0 0.0 0.0 0.0 0.0 0.0 0.0 0.0 0.0 0.702318619945331 0.0 0.0
a227cwgbxgw4yh
obama took office as the president of the united states of america
0.2832517585199633 0.0 0.44178542627267053 0.21960843925276205 0.0 0.23150695195248486 0.0 0.0 0.0 0.13999029709963637 0.07108009863825888 0.0 0.0 0.0 0.0 0.4119522120335672 0.2562064530403017 0.0 0.0 0.0 0.0 0.3360589047981755 0.4171249144204319 0.0 0.0 0.0 0.0
a3qu3km3iywhif
obama has taken office as the president of america
0.37766901135995107 0.0 0.5890472350302274 0.29281125233701605 0.0 0.3086759359366465 0.2280886242145804 0.4827661489130788 0.0 0.09332686473309092 0.04738673242550592 0.0 0.0 0.0 0.0 0.0 0.3416086040537356 0.0 0.0 0.0 0.0 0.0 0.0 0.0 0.0 0.0 0.0
a2zhr3rebfem5a
obama takes office as president of the united states
0.37766901135995107 0.6668018709500734 0.5890472350302274 0.29281125233701605 0.0 0.3086759359366465 0.0 0.0 0.0 0.09332686473309092 0.04738673242550592 0.0 0.0 0.0 0.0 0.0 0.0 0.0 0.0 0.0 0.0 0.4480785397309007 0.5561665525605759 0.0 0.0 0.0 0.0
a3ohqrf1mdq99b
american president obama is trying to take charge
0.42487763777994497 0.0 0.0 0.0 0.39251993354040887 0.3472604279287273 0.0 0.0 0.8646884463031019 0.0 0.0 0.0 0.0 0.0 0.0 0.0 0.0 0.13498428871389506 0.4825458335927726 0.0 0.0 0.0 0.0 0.0 0.0 0.16335193985432828 0.6883150745893192
