most german newspapers and advisors consider this attack to be related the al qaeda message of observers are looking at together with qaedas analysts seeing linked alqaeda experts view in context video many thinkers connection alqaidah magazines were associating these attacks papers analyzers linking expressed about chances over united states alqaida pundits originally relayed possibility an
most german newspapers and advisors consider this attack to be related to the al qaeda message
0.2836225897684151 0.2768641871096306 0.35709592288118 0.06212281498764324 0.47163226436544936 0.38401985513695835 0.10709380520925124 0.23821420248137243 0.13498428871389506 0.1341764341224469 0.35899962334897423 0.026655036989347083 0.3643792863971769 0.4489506710098638 0.30109042134639025 0.0 0.0 0.0 0.0 0.0 0.0 0.0 0.0 0.0 0.0 0.0 0.0 0.0 0.0 0.0 0.0 0.0 0.0 0.0 0.0 0.0 0.0 0.0 0.0 0.0 0.0 0.0 0.0 0.0 0.0 0.0 0.0 0.0 0.0 0.0 0.0 0.0 0.0 0.0 0.0 0.0
most of the german newspapers and observers are looking at this attack together with al qaedas message
0.26693890801733183 0.2605780584561229 0.3360902803587576 0.058468531753075995 0.0 0.0 0.10079416960870705 0.22420160233540934 0.0 0.0 0.0 0.02508709363703255 0.34294521072675477 0.0 0.28337922009072025 0.04940834015281284 0.4517439777924536 0.1238903855207545 0.3745565431473849 0.18221175611202794 0.3154634055579829 0.13825796776907376 0.5015850284034656 0.0 0.0 0.0 0.0 0.0 0.0 0.0 0.0 0.0 0.0 0.0 0.0 0.0 0.0 0.0 0.0 0.0 0.0 0.0 0.0 0.0 0.0 0.0 0.0 0.0 0.0 0.0 0.0 0.0 0.0 0.0 0.0 0.0
most german newspapers and analysts are seeing this attack linked to the alqaeda message
0.3241401025924744 0.31641621383957785 0.40810962614991997 0.07099750284302085 0.0 0.0 0.12239292023914428 0.2722448028358542 0.07713387926508289 0.0 0.0 0.030462899416396665 0.0 0.0 0.3441033386815889 0.0 0.0 0.1504383252752019 0.0 0.0 0.0 0.0 0.0 0.52306947703807 0.47179520609876163 0.5595570215927836 0.47722277088289894 0.0 0.0 0.0 0.0 0.0 0.0 0.0 0.0 0.0 0.0 0.0 0.0 0.0 0.0 0.0 0.0 0.0 0.0 0.0 0.0 0.0 0.0 0.0 0.0 0.0 0.0 0.0 0.0 0.0
most german newspapers and experts view this attack in the context of the video message
0.3025307624196428 0.295321799583606 0.3809023177399253 0.06626433598681945 0.0 0.0 0.11423339222320132 0.25409514931346394 0.0 0.0 0.0 0.05686407891060711 0.0 0.0 0.3211631161028163 0.05599611883985455 0.0 0.0 0.0 0.0 0.0 0.0 0.0 0.0 0.0 0.0 0.0 0.37216710024616506 0.3491533724735005 0.06865538016377874 0.614672844227924 0.35211682331155614 0.0 0.0 0.0 0.0 0.0 0.0 0.0 0.0 0.0 0.0 0.0 0.0 0.0 0.0 0.0 0.0 0.0 0.0 0.0 0.0 0.0 0.0 0.0 0.0
a3dd3acpmvdvca
many german newspapers and thinkers are looking at this attack in connection with the alqaidah message
0.0 0.2768641871096306 0.35709592288118 0.06212281498764324 0.0 0.0 0.10709380520925124 0.23821420248137243 0.0 0.0 0.0 0.026655036989347083 0.0 0.0 0.30109042134639025 0.0 0.0 0.13163353461580166 0.39796632709409646 0.19359999086902968 0.0 0.14689909075464086 0.0 0.0 0.0 0.0 0.0 0.0 0.0 0.06436441890354257 0.0 0.0 0.2456339716588338 0.5762557914636788 0.41923668996517166 0.514953963150446 0.0 0.0 0.0 0.0 0.0 0.0 0.0 0.0 0.0 0.0 0.0 0.0 0.0 0.0 0.0 0.0 0.0 0.0 0.0 0.0
a3sw1e5d0b9v9a
most of the german magazines were associating these attacks with al qaeda
0.37816345302455345 0.3691522494795075 0.0 0.0 0.0 0.0 0.0 0.0 0.0 0.0 0.0 0.03554004931912944 0.4858390485295692 0.5986008946798184 0.0 0.06999514854981818 0.0 0.0 0.0 0.0 0.0 0.19586545433952116 0.0 0.0 0.0 0.0 0.0 0.0 0.0 0.0 0.0 0.0 0.0 0.0 0.0 0.0 0.63422122924873 0.2459689910171632 0.7443675492472567 0.25095855311018606 0.271590610316299 0.0 0.0 0.0 0.0 0.0 0.0 0.0 0.0 0.0 0.0 0.0 0.0 0.0 0.0 0.0
a21xirv18up71h
most german papers and analyzers are linking this attack with the message of al qaeda
0.3025307624196428 0.295321799583606 0.0 0.06626433598681945 0.0 0.0 0.11423339222320132 0.25409514931346394 0.0 0.0 0.0 0.028432039455303555 0.3886712388236554 0.4788807157438547 0.3211631161028163 0.05599611883985455 0.0 0.14040910359018843 0.0 0.0 0.0 0.1566923634716169 0.0 0.0 0.0 0.0 0.0 0.0 0.0 0.0 0.0 0.0 0.0 0.0 0.0 0.0 0.0 0.0 0.0 0.0 0.0 0.4707072276043659 0.614672844227924 0.5581863202021106 0.0 0.0 0.0 0.0 0.0 0.0 0.0 0.0 0.0 0.0 0.0 0.0
a1aczgd5azz3r7
most of the german newspapers and observers expressed the message about the chances of attack over the united states
0.2388400755944548 0.2331487891449521 0.30071235611046737 0.05231394946327852 0.0 0.0 0.0 0.20060143366852415 0.0 0.0 0.0 0.08978538775359017 0.0 0.0 0.25354982850222335 0.08841492448398088 0.4041919801300901 0.0 0.0 0.0 0.0 0.0 0.0 0.0 0.0 0.0 0.0 0.0 0.0 0.0 0.0 0.0 0.0 0.0 0.0 0.0 0.0 0.0 0.0 0.0 0.0 0.0 0.0 0.0 0.27597532299227073 0.164002302924407 0.31873816184450815 0.19659451210148454 0.21224772934621614 0.2634473143707991 0.0 0.0 0.0 0.0 0.0 0.0
a219vcqzadq45w
many german newspapers and thinkers are looking at this attack in connection with the alqaida message
0.0 0.2768641871096306 0.35709592288118 0.06212281498764324 0.0 0.0 0.10709380520925124 0.23821420248137243 0.0 0.0 0.0 0.026655036989347083 0.0 0.0 0.30109042134639025 0.0 0.0 0.13163353461580166 0.39796632709409646 0.19359999086902968 0.0 0.14689909075464086 0.0 0.0 0.0 0.0 0.0 0.0 0.0 0.06436441890354257 0.0 0.0 0.2456339716588338 0.5762557914636788 0.41923668996517166 0.0 0.0 0.0 0.0 0.0 0.0 0.0 0.0 0.0 0.0 0.0 0.0 0.0 0.0 0.0 0.4283105655804528 0.0 0.0 0.0 0.0 0.0
a2bk4fasw056jr
many german newspapers and pundits are looking at this attack in connection with the alqaeda message
0.0 0.2768641871096306 0.35709592288118 0.06212281498764324 0.0 0.0 0.10709380520925124 0.23821420248137243 0.0 0.0 0.0 0.026655036989347083 0.0 0.0 0.30109042134639025 0.0 0.0 0.13163353461580166 0.39796632709409646 0.19359999086902968 0.0 0.14689909075464086 0.0 0.0 0.0 0.0 0.41756992452253655 0.0 0.0 0.06436441890354257 0.0 0.0 0.2456339716588338 0.0 0.41923668996517166 0.0 0.0 0.0 0.0 0.0 0.0 0.0 0.0 0.0 0.0 0.0 0.0 0.0 0.0 0.0 0.0 0.5232996751894786 0.0 0.0 0.0 0.0
a3qu3km3iywhif
many german newspapers and thinkers are looking at this attack in connection with the alqaeda message
0.0 0.2768641871096306 0.35709592288118 0.06212281498764324 0.0 0.0 0.10709380520925124 0.23821420248137243 0.0 0.0 0.0 0.026655036989347083 0.0 0.0 0.30109042134639025 0.0 0.0 0.13163353461580166 0.39796632709409646 0.19359999086902968 0.0 0.14689909075464086 0.0 0.0 0.0 0.0 0.41756992452253655 0.0 0.0 0.06436441890354257 0.0 0.0 0.2456339716588338 0.5762557914636788 0.41923668996517166 0.0 0.0 0.0 0.0 0.0 0.0 0.0 0.0 0.0 0.0 0.0 0.0 0.0 0.0 0.0 0.0 0.0 0.0 0.0 0.0 0.0
ajfwu2g6a1bhs
most german magazines were originally associating these attacks with al qaeda
0.4125419487540583 0.40271154488673544 0.0 0.0 0.0 0.0 0.0 0.0 0.0 0.0 0.0 0.0 0.5300062347595301 0.6530191578325292 0.0 0.0 0.0 0.0 0.0 0.0 0.0 0.21367140473402307 0.0 0.0 0.0 0.0 0.0 0.0 0.0 0.0 0.0 0.0 0.0 0.0 0.0 0.0 0.6918777046349782 0.26832980838235987 0.8120373264515528 0.2737729670292939 0.2962806657995989 0.0 0.0 0.0 0.0 0.0 0.0 0.0 0.0 0.0 0.0 0.0 0.8750507065024569 0.0 0.0 0.0
au2ar4vob7vlv
most of the german magazines were associating these attacks with al qaeda
0.37816345302455345 0.3691522494795075 0.0 0.0 0.0 0.0 0.0 0.0 0.0 0.0 0.0 0.03554004931912944 0.4858390485295692 0.5986008946798184 0.0 0.06999514854981818 0.0 0.0 0.0 0.0 0.0 0.19586545433952116 0.0 0.0 0.0 0.0 0.0 0.0 0.0 0.0 0.0 0.0 0.0 0.0 0.0 0.0 0.63422122924873 0.2459689910171632 0.7443675492472567 0.25095855311018606 0.271590610316299 0.0 0.0 0.0 0.0 0.0 0.0 0.0 0.0 0.0 0.0 0.0 0.0 0.0 0.0 0.0
a279zamy03pduy
most of the german magazines were associating these attacks with al qaeda
0.37816345302455345 0.3691522494795075 0.0 0.0 0.0 0.0 0.0 0.0 0.0 0.0 0.0 0.03554004931912944 0.4858390485295692 0.5986008946798184 0.0 0.06999514854981818 0.0 0.0 0.0 0.0 0.0 0.19586545433952116 0.0 0.0 0.0 0.0 0.0 0.0 0.0 0.0 0.0 0.0 0.0 0.0 0.0 0.0 0.63422122924873 0.2459689910171632 0.7443675492472567 0.25095855311018606 0.271590610316299 0.0 0.0 0.0 0.0 0.0 0.0 0.0 0.0 0.0 0.0 0.0 0.0 0.0 0.0 0.0
a227cwgbxgw4yh
most german papers and analysts are linking this attack with the message of al qaeda
0.3025307624196428 0.295321799583606 0.0 0.06626433598681945 0.0 0.0 0.11423339222320132 0.25409514931346394 0.0 0.0 0.0 0.028432039455303555 0.3886712388236554 0.4788807157438547 0.3211631161028163 0.05599611883985455 0.0 0.14040910359018843 0.0 0.0 0.0 0.1566923634716169 0.0 0.4881981785688653 0.0 0.0 0.0 0.0 0.0 0.0 0.0 0.0 0.0 0.0 0.0 0.0 0.0 0.0 0.0 0.0 0.0 0.4707072276043659 0.0 0.5581863202021106 0.0 0.0 0.0 0.0 0.0 0.0 0.0 0.0 0.0 0.0 0.0 0.0
a3qu3km3iywhif
most german papers and analyzers are linking this attack with al qaeda
0.37816345302455345 0.3691522494795075 0.0 0.08283041998352432 0.0 0.0 0.14279174027900166 0.3176189366418299 0.0 0.0 0.0 0.0 0.4858390485295692 0.5986008946798184 0.0 0.0 0.0 0.17551137948773554 0.0 0.0 0.0 0.19586545433952116 0.0 0.0 0.0 0.0 0.0 0.0 0.0 0.0 0.0 0.0 0.0 0.0 0.0 0.0 0.0 0.0 0.0 0.0 0.0 0.5883840345054574 0.768341055284905 0.6977329002526381 0.0 0.0 0.0 0.0 0.0 0.0 0.0 0.0 0.0 0.0 0.0 0.0
a2zhr3rebfem5a
most german papers and analyzers are linking this attack with the message of al qaeda
0.3025307624196428 0.295321799583606 0.0 0.06626433598681945 0.0 0.0 0.11423339222320132 0.25409514931346394 0.0 0.0 0.0 0.028432039455303555 0.3886712388236554 0.4788807157438547 0.3211631161028163 0.05599611883985455 0.0 0.14040910359018843 0.0 0.0 0.0 0.1566923634716169 0.0 0.0 0.0 0.0 0.0 0.0 0.0 0.0 0.0 0.0 0.0 0.0 0.0 0.0 0.0 0.0 0.0 0.0 0.0 0.4707072276043659 0.614672844227924 0.5581863202021106 0.0 0.0 0.0 0.0 0.0 0.0 0.0 0.0 0.0 0.0 0.0 0.0
a3ohqrf1mdq99b
most of the german newspapers and observers relayed the message about the possibility of an attack in the united states
0.22689807181473207 0.2214913496877045 0.285676738304944 0.04969825199011459 0.0 0.0 0.0 0.19057136198509794 0.0 0.0 0.0 0.08529611836591067 0.0 0.0 0.2408723370771122 0.08399417825978182 0.38398238112358557 0.0 0.0 0.0 0.0 0.0 0.0 0.0 0.0 0.0 0.0 0.0 0.0 0.05149153512283405 0.0 0.0 0.0 0.0 0.0 0.0 0.0 0.0 0.0 0.0 0.0 0.0 0.0 0.0 0.0 0.15580218777818666 0.0 0.0 0.20163534287890533 0.2502749486522592 0.0 0.0 0.0 0.4812778885763513 0.3234278675188456 0.14751826328877948
