miki my pakistan congratulations to you too happy eid mukki thank and greetings as well makki mubarak maki same in reply of mekki good pakistani hi buffet makimy its mubark
miki my pakistan congratulations to you too happy eid
1.1465227724541078 0.4531587896573557 0.2619648318004001 0.8456283056649734 0.11998603441235117 0.35420068019895823 0.557266671558655 0.7074956926117271 0.6014922415165045 0.0 0.0 0.0 0.0 0.0 0.0 0.0 0.0 0.0 0.0 0.0 0.0 0.0 0.0 0.0 0.0 0.0 0.0 0.0 0.0 0.0
mukki my pakistan thank you and eid greetings to you as well
0.0 0.33986909224301676 0.19647362385030007 0.0 0.08998952580926338 0.5313010202984373 0.0 0.0 0.4511191811373784 0.859892079340581 0.5390464458647427 0.08283041998352432 0.5107541841717121 0.21960843925276205 0.37439207039221006 0.0 0.0 0.0 0.0 0.0 0.0 0.0 0.0 0.0 0.0 0.0 0.0 0.0 0.0 0.0
makki my pakistan thank you and eid greetings to you as well
0.0 0.33986909224301676 0.19647362385030007 0.0 0.08998952580926338 0.5313010202984373 0.0 0.0 0.4511191811373784 0.0 0.5390464458647427 0.08283041998352432 0.5107541841717121 0.21960843925276205 0.37439207039221006 0.7105787902382429 0.0 0.0 0.0 0.0 0.0 0.0 0.0 0.0 0.0 0.0 0.0 0.0 0.0 0.0
makki my pakistan well eid mubarak to you
0.0 0.5098036383645251 0.2947104357754501 0.0 0.13498428871389506 0.398475765223828 0.0 0.0 0.6766787717060676 0.0 0.0 0.0 0.0 0.0 0.5615881055883151 1.0658681853573644 0.7959326541881929 0.0 0.0 0.0 0.0 0.0 0.0 0.0 0.0 0.0 0.0 0.0 0.0 0.0
a3hs2e871iw2fi
maki my pakistan same to you in reply of eid mubarak
0.0 0.3707662824469274 0.21433486238214552 0.0 0.09817039179192368 0.28980055652642034 0.0 0.0 0.492130015786231 0.0 0.0 0.0 0.0 0.0 0.0 0.0 0.5788601121368676 0.8381902421289873 0.398288067909504 0.09362097295060737 0.5982759394366911 0.07635834387252893 0.0 0.0 0.0 0.0 0.0 0.0 0.0 0.0
a172x4w90uost1
mekki my pakistan good greetings eid mubarak to you
0.0 0.4531587896573557 0.2619648318004001 0.0 0.11998603441235117 0.35420068019895823 0.0 0.0 0.6014922415165045 0.0 0.0 0.0 0.6810055788956162 0.0 0.0 0.0 0.7074956926117271 0.0 0.0 0.0 0.0 0.0 0.9924900656630089 0.5102063560555304 0.0 0.0 0.0 0.0 0.0 0.0
a3dd3acpmvdvca
makki my pakistan well congratulations eid mubarak to you too
0.0 0.4078429106916201 0.23576834862036006 0.7610654750984761 0.10798743097111604 0.3187806121790624 0.5015400044027895 0.0 0.5413430173648541 0.0 0.0 0.0 0.0 0.0 0.44927048447065204 0.8526945482858915 0.6367461233505544 0.0 0.0 0.0 0.0 0.0 0.0 0.0 0.0 0.0 0.0 0.0 0.0 0.0
a1aczgd5azz3r7
pakistani hi buffet eid mubarak to you
0.0 0.0 0.0 0.0 0.15426775853016578 0.45540087454151773 0.0 0.0 0.7733471676640773 0.0 0.0 0.0 0.0 0.0 0.0 0.0 0.9096373190722205 0.0 0.0 0.0 0.0 0.0 0.0 0.0 0.5257338804172071 1.375079681646718 1.375079681646718 0.0 0.0 0.0
a1b6zigmal4vx5
maki my pakistan same to you in reply of eid mubarak
0.0 0.3707662824469274 0.21433486238214552 0.0 0.09817039179192368 0.28980055652642034 0.0 0.0 0.492130015786231 0.0 0.0 0.0 0.0 0.0 0.0 0.0 0.5788601121368676 0.8381902421289873 0.398288067909504 0.09362097295060737 0.5982759394366911 0.07635834387252893 0.0 0.0 0.0 0.0 0.0 0.0 0.0 0.0
a230hf2okthmdz
makimy pakistan same to you in reply of eid mubarak
0.0 0.0 0.23576834862036006 0.0 0.10798743097111604 0.3187806121790624 0.0 0.0 0.5413430173648541 0.0 0.0 0.0 0.0 0.0 0.0 0.0 0.6367461233505544 0.0 0.4381168747004544 0.1029830702456681 0.6581035333803602 0.08399417825978182 0.0 0.0 0.0 0.0 0.0 1.0318704952086972 0.0 0.0
a34erkopmv5x3c
maki my pakistan same to you in reply of eid mubarak
0.0 0.3707662824469274 0.21433486238214552 0.0 0.09817039179192368 0.28980055652642034 0.0 0.0 0.492130015786231 0.0 0.0 0.0 0.0 0.0 0.0 0.0 0.5788601121368676 0.8381902421289873 0.398288067909504 0.09362097295060737 0.5982759394366911 0.07635834387252893 0.0 0.0 0.0 0.0 0.0 0.0 0.0 0.0
a1kf7gs7yulm10
mekki my pakistan good greetings eid mubarak to you
0.0 0.4531587896573557 0.2619648318004001 0.0 0.11998603441235117 0.35420068019895823 0.0 0.0 0.6014922415165045 0.0 0.0 0.0 0.6810055788956162 0.0 0.0 0.0 0.7074956926117271 0.0 0.0 0.0 0.0 0.0 0.9924900656630089 0.5102063560555304 0.0 0.0 0.0 0.0 0.0 0.0
a2qxd8jqk5bvez
mekki my pakistan good greetings eid mubarak to you
0.0 0.4531587896573557 0.2619648318004001 0.0 0.11998603441235117 0.35420068019895823 0.0 0.0 0.6014922415165045 0.0 0.0 0.0 0.6810055788956162 0.0 0.0 0.0 0.7074956926117271 0.0 0.0 0.0 0.0 0.0 0.9924900656630089 0.5102063560555304 0.0 0.0 0.0 0.0 0.0 0.0
a396ko3shx4udi
mekki my pakistan greetings eid mubarak to you
0.0 0.5098036383645251 0.2947104357754501 0.0 0.13498428871389506 0.398475765223828 0.0 0.0 0.6766787717060676 0.0 0.0 0.0 0.7661312762575682 0.0 0.0 0.0 0.7959326541881929 0.0 0.0 0.0 0.0 0.0 1.116551323870885 0.0 0.0 0.0 0.0 0.0 0.0 0.0
al2rcq9eyun61
makki my pakistan well congratulations eid mubarak to you too
0.0 0.4078429106916201 0.23576834862036006 0.7610654750984761 0.10798743097111604 0.3187806121790624 0.5015400044027895 0.0 0.5413430173648541 0.0 0.0 0.0 0.0 0.0 0.44927048447065204 0.8526945482858915 0.6367461233505544 0.0 0.0 0.0 0.0 0.0 0.0 0.0 0.0 0.0 0.0 0.0 0.0 0.0
a1dndzlo2d5d48
makki my pakistan well congratulations eid mubarak to you too
0.0 0.4078429106916201 0.23576834862036006 0.7610654750984761 0.10798743097111604 0.3187806121790624 0.5015400044027895 0.0 0.5413430173648541 0.0 0.0 0.0 0.0 0.0 0.44927048447065204 0.8526945482858915 0.6367461233505544 0.0 0.0 0.0 0.0 0.0 0.0 0.0 0.0 0.0 0.0 0.0 0.0 0.0
a291u81kgj6l9n
makki my pakistan well congratulations eid mubarak to you too
0.0 0.4078429106916201 0.23576834862036006 0.7610654750984761 0.10798743097111604 0.3187806121790624 0.5015400044027895 0.0 0.5413430173648541 0.0 0.0 0.0 0.0 0.0 0.44927048447065204 0.8526945482858915 0.6367461233505544 0.0 0.0 0.0 0.0 0.0 0.0 0.0 0.0 0.0 0.0 0.0 0.0 0.0
a29vl1u4i9f3pd
pakistani hi buffet its eid mubark
0.0 0.0 0.0 0.0 0.0 0.0 0.0 0.0 0.9022383622747568 0.0 0.0 0.0 0.0 0.0 0.0 0.0 0.0 0.0 0.0 0.0 0.0 0.0 0.0 0.0 0.613356193820075 1.6042596285878377 1.6042596285878377 0.0 0.5523038270623518 1.6042596285878377
