is hamid karzais time coming to an end rule going the karzai era nearing its over whether karzays this of ending finally or can we predict reign
is hamid karzais time coming to an end
0.16335193985432828 0.6486007796454871 0.8825760517581861 0.4758699528052804 0.6862989018480837 0.13498428871389506 0.3687956582219487 0.5900353741360745 0.0 0.0 0.0 0.0 0.0 0.0 0.0 0.0 0.0 0.0 0.0 0.0 0.0 0.0 0.0 0.0 0.0 0.0 0.0
is hamid karzais rule going to end
0.18668793126208946 0.7412580338805567 1.0086583448664983 0.0 0.0 0.15426775853016578 0.0 0.6743261418697994 0.7937901453270306 0.6364391109269819 0.0 0.0 0.0 0.0 0.0 0.0 0.0 0.0 0.0 0.0 0.0 0.0 0.0 0.0 0.0 0.0 0.0
is the hamid karzai era nearing its end
0.16335193985432828 0.6486007796454871 0.0 0.0 0.0 0.0 0.0 0.5900353741360745 0.0 0.0 0.05331007397869417 0.6586061181046792 0.7680397102739167 1.2898381190108714 0.41422787029676383 0.0 0.0 0.0 0.0 0.0 0.0 0.0 0.0 0.0 0.0 0.0 0.0
is hamid karzais time over
0.26136310376692523 1.0377612474327793 1.4121216828130978 0.7613919244884486 0.0 0.0 0.0 0.0 0.0 0.0 0.0 0.0 0.0 0.0 0.0 0.7470591459856413 0.0 0.0 0.0 0.0 0.0 0.0 0.0 0.0 0.0 0.0 0.0
a3dd3acpmvdvca
is hamid karzais rule coming to an end
0.16335193985432828 0.6486007796454871 0.8825760517581861 0.0 0.6862989018480837 0.13498428871389506 0.3687956582219487 0.5900353741360745 0.6945663771611518 0.0 0.0 0.0 0.0 0.0 0.0 0.0 0.0 0.0 0.0 0.0 0.0 0.0 0.0 0.0 0.0 0.0 0.0
a172x4w90uost1
whether hamid karzays rule is coming to an end
0.14520172431495848 0.5765340263515442 0.0 0.0 0.6100434683094078 0.11998603441235117 0.3278183628639544 0.5244758881209551 0.6173923352543571 0.0 0.0 0.0 0.0 0.0 0.0 0.0 0.5339195784357765 0.9154737122674594 0.0 0.0 0.0 0.0 0.0 0.0 0.0 0.0 0.0
a1wyssw33m2fz2
is this era of hamid karzai ending
0.18668793126208946 0.7412580338805567 0.0 0.0 0.0 0.0 0.0 0.0 0.0 0.0 0.0 0.7526927064053476 0.8777596688844762 0.0 0.0 0.0 0.0 0.0 0.24478584047828855 0.11999168322825975 1.04613895407614 0.0 0.0 0.0 0.0 0.0 0.0
a132zmwemnnusa
is hamid karzais era coming to an end
0.16335193985432828 0.6486007796454871 0.8825760517581861 0.0 0.6862989018480837 0.13498428871389506 0.3687956582219487 0.5900353741360745 0.0 0.0 0.0 0.0 0.7680397102739167 0.0 0.0 0.0 0.0 0.0 0.0 0.0 0.0 0.0 0.0 0.0 0.0 0.0 0.0
a16w65rrfhr02y
is hamid karzais rule coming to an end
0.16335193985432828 0.6486007796454871 0.8825760517581861 0.0 0.6862989018480837 0.13498428871389506 0.3687956582219487 0.5900353741360745 0.6945663771611518 0.0 0.0 0.0 0.0 0.0 0.0 0.0 0.0 0.0 0.0 0.0 0.0 0.0 0.0 0.0 0.0 0.0 0.0
a2sb2bw2w4t4ww
is hamid karzais rule finally coming to an end
0.14520172431495848 0.5765340263515442 0.7845120460072765 0.0 0.6100434683094078 0.11998603441235117 0.3278183628639544 0.5244758881209551 0.6173923352543571 0.0 0.0 0.0 0.0 0.0 0.0 0.0 0.0 0.0 0.0 0.0 0.0 0.7888699030243078 0.0 0.0 0.0 0.0 0.0
a3andctf0w1pqd
is hamid karzais rule coming to an end
0.16335193985432828 0.6486007796454871 0.8825760517581861 0.0 0.6862989018480837 0.13498428871389506 0.3687956582219487 0.5900353741360745 0.6945663771611518 0.0 0.0 0.0 0.0 0.0 0.0 0.0 0.0 0.0 0.0 0.0 0.0 0.0 0.0 0.0 0.0 0.0 0.0
a3qu3km3iywhif
or whether hamid karzays rule is coming to an end
0.13068155188346262 0.5188806237163897 0.0 0.0 0.549039121478467 0.10798743097111604 0.29503652657755897 0.47202829930885964 0.5556531017289215 0.0 0.0 0.0 0.0 0.0 0.0 0.0 0.4805276205921989 0.8239263410407135 0.0 0.0 0.0 0.0 0.32302961734115765 0.0 0.0 0.0 0.0
a1395pss402i1j
whether hamid karzays rule is coming to an end
0.14520172431495848 0.5765340263515442 0.0 0.0 0.6100434683094078 0.11998603441235117 0.3278183628639544 0.5244758881209551 0.6173923352543571 0.0 0.0 0.0 0.0 0.0 0.0 0.0 0.5339195784357765 0.9154737122674594 0.0 0.0 0.0 0.0 0.0 0.0 0.0 0.0 0.0
al2rcq9eyun61
can we predict whether hamid karzays rule is coming to an end
0.10890129323621885 0.43240051976365806 0.0 0.0 0.4575326012320558 0.08998952580926338 0.24586377214796581 0.3933569160907164 0.46304425144076783 0.0 0.0 0.0 0.0 0.0 0.0 0.0 0.4004396838268324 0.6866052842005946 0.0 0.0 0.0 0.0 0.0 0.2626389229312292 0.25520064269969084 0.6680099882577437 0.0
al2rcq9eyun61
is the reign of hamid karzai coming to an end
0.13068155188346262 0.5188806237163897 0.0 0.0 0.549039121478467 0.10798743097111604 0.29503652657755897 0.47202829930885964 0.0 0.0 0.042648059182955333 0.5268848944837433 0.0 0.0 0.0 0.0 0.0 0.0 0.0 0.08399417825978182 0.0 0.0 0.0 0.0 0.0 0.0 0.6951409122100497
attzel5iaoiw5
is this era of hamid karzai ending
0.18668793126208946 0.7412580338805567 0.0 0.0 0.0 0.0 0.0 0.0 0.0 0.0 0.0 0.7526927064053476 0.8777596688844762 0.0 0.0 0.0 0.0 0.0 0.24478584047828855 0.11999168322825975 1.04613895407614 0.0 0.0 0.0 0.0 0.0 0.0
a1kf7gs7yulm10
is this era of hamid karzai ending
0.18668793126208946 0.7412580338805567 0.0 0.0 0.0 0.0 0.0 0.0 0.0 0.0 0.0 0.7526927064053476 0.8777596688844762 0.0 0.0 0.0 0.0 0.0 0.24478584047828855 0.11999168322825975 1.04613895407614 0.0 0.0 0.0 0.0 0.0 0.0
a1rhjj60p0jwi3
is hamid karzais era coming to an end
0.16335193985432828 0.6486007796454871 0.8825760517581861 0.0 0.6862989018480837 0.13498428871389506 0.3687956582219487 0.5900353741360745 0.0 0.0 0.0 0.0 0.7680397102739167 0.0 0.0 0.0 0.0 0.0 0.0 0.0 0.0 0.0 0.0 0.0 0.0 0.0 0.0
