without accepting the truth motives have neither been understood nor they addressed facts can be eliminated remedies made we quash provide redress admitting never removed these corrected submission of movement was away check reality diminished correction and accept are unsafe not a motive cannot correcion their corrections
without accepting the truth the motives have neither been understood nor have they been addressed
0.3139488771268007 0.41385540586091063 0.05686407891060711 0.3534283410181364 0.49522221294605373 0.30506267039845725 0.3584708352985111 0.39262707903157473 0.4849455009575699 0.34397664352482943 0.17224725053761264 0.46819120573884276 0.0 0.0 0.0 0.0 0.0 0.0 0.0 0.0 0.0 0.0 0.0 0.0 0.0 0.0 0.0 0.0 0.0 0.0 0.0 0.0 0.0 0.0 0.0 0.0 0.0 0.0 0.0 0.0 0.0 0.0 0.0 0.0 0.0 0.0 0.0
without accepting facts neither motives can be eliminated nor remedies made
0.42811210517291004 0.5643482807194236 0.0 0.0 0.6753030176537096 0.0 0.4888238663161515 0.0 0.0 0.4690590593520401 0.0 0.0 0.5861367219253709 0.28651518865225006 0.19516572235992277 0.680499237093705 0.938064086553361 0.3551715167615522 0.0 0.0 0.0 0.0 0.0 0.0 0.0 0.0 0.0 0.0 0.0 0.0 0.0 0.0 0.0 0.0 0.0 0.0 0.0 0.0 0.0 0.0 0.0 0.0 0.0 0.0 0.0 0.0 0.0
without accepting the facts we can neither quash the motives nor can we provide redress
0.3139488771268007 0.41385540586091063 0.05686407891060711 0.0 0.49522221294605373 0.0 0.3584708352985111 0.0 0.0 0.34397664352482943 0.0 0.0 0.42983359607860533 0.42022227668996676 0.0 0.0 0.0 0.0 0.4083210283195054 0.6879136634724647 0.3909571770555642 0.6879136634724647 0.0 0.0 0.0 0.0 0.0 0.0 0.0 0.0 0.0 0.0 0.0 0.0 0.0 0.0 0.0 0.0 0.0 0.0 0.0 0.0 0.0 0.0 0.0 0.0 0.0
without admitting the facts motives have never been addressed
0.5232481285446678 0.0 0.04738673242550592 0.0 0.8253703549100896 0.2542188919987144 0.0 0.32718923252631227 0.0 0.0 0.0 0.7803186762314046 0.7163893267976755 0.0 0.0 0.0 0.0 0.0 0.0 0.0 0.0 0.0 1.1465227724541078 0.5299587630213057 0.0 0.0 0.0 0.0 0.0 0.0 0.0 0.0 0.0 0.0 0.0 0.0 0.0 0.0 0.0 0.0 0.0 0.0 0.0 0.0 0.0 0.0 0.0
a3sw1e5d0b9v9a
without accepting the facts neither motives can be removed nor these can be corrected
0.3363737969215722 0.4434165062795471 0.030462899416396665 0.0 0.5305952281564862 0.0 0.38407589496269046 0.0 0.0 0.36854640377660297 0.0 0.0 0.4605359957985057 0.45023815359639296 0.3066889922798786 0.0 0.0 0.0 0.0 0.0 0.0 0.0 0.0 0.0 0.4267785378738062 0.21510733123730233 0.5885188150290811 0.0 0.0 0.0 0.0 0.0 0.0 0.0 0.0 0.0 0.0 0.0 0.0 0.0 0.0 0.0 0.0 0.0 0.0 0.0 0.0
a3bz8b0jpubzqq
without the submission of the truth nor the movement was away neither the check
0.3363737969215722 0.0 0.12185159766558666 0.37867322251943186 0.0 0.0 0.38407589496269046 0.0 0.0 0.36854640377660297 0.0 0.0 0.0 0.0 0.0 0.0 0.0 0.0 0.0 0.0 0.0 0.0 0.0 0.0 0.0 0.0 0.0 0.6090675344899225 0.05999584161412987 0.39937979524104505 0.15698706649958089 0.36813706986881833 0.4635759682569911 0.0 0.0 0.0 0.0 0.0 0.0 0.0 0.0 0.0 0.0 0.0 0.0 0.0 0.0
a143bvgouf83je
without accepting reality neither the motives can be diminished nor correction can be made
0.3363737969215722 0.4434165062795471 0.030462899416396665 0.0 0.5305952281564862 0.0 0.38407589496269046 0.0 0.0 0.36854640377660297 0.0 0.0 0.0 0.45023815359639296 0.3066889922798786 0.0 0.0 0.2790633345983624 0.0 0.0 0.0 0.0 0.0 0.0 0.0 0.0 0.0 0.0 0.0 0.0 0.0 0.0 0.0 0.39812663026598 0.63802932792622 0.687539840823359 0.0 0.0 0.0 0.0 0.0 0.0 0.0 0.0 0.0 0.0 0.0
alrghxunh1uv7
without the facts and accept are unsafe not a check
0.47092331569020107 0.0 0.042648059182955333 0.0 0.0 0.0 0.0 0.0 0.0 0.0 0.0 0.0 0.644750394117908 0.0 0.0 0.0 0.0 0.0 0.0 0.0 0.0 0.0 0.0 0.0 0.0 0.0 0.0 0.0 0.0 0.0 0.0 0.0 0.6490063555597876 0.0 0.0 0.0 0.09939650398022919 0.5458892547725298 0.21061365538528265 0.9625557771527026 0.21406274882373638 0.14178833471717434 0.0 0.0 0.0 0.0 0.0
a2mrhza4l9w9cl
without accepting the facts neither motive can be removed nor can they be corrected
0.3363737969215722 0.4434165062795471 0.030462899416396665 0.0 0.0 0.0 0.38407589496269046 0.0 0.0 0.36854640377660297 0.18455062557601357 0.0 0.4605359957985057 0.45023815359639296 0.3066889922798786 0.0 0.0 0.0 0.0 0.0 0.0 0.0 0.0 0.0 0.4267785378738062 0.0 0.5885188150290811 0.0 0.0 0.0 0.0 0.0 0.0 0.0 0.0 0.0 0.0 0.0 0.0 0.0 0.0 0.0 0.737050353720498 0.0 0.0 0.0 0.0
a1g9f1kosfkijh
without accepting the facts neither motives can be removed nor can they be corrected
0.3363737969215722 0.4434165062795471 0.030462899416396665 0.0 0.5305952281564862 0.0 0.38407589496269046 0.0 0.0 0.36854640377660297 0.18455062557601357 0.0 0.4605359957985057 0.45023815359639296 0.3066889922798786 0.0 0.0 0.0 0.0 0.0 0.0 0.0 0.0 0.0 0.4267785378738062 0.0 0.5885188150290811 0.0 0.0 0.0 0.0 0.0 0.0 0.0 0.0 0.0 0.0 0.0 0.0 0.0 0.0 0.0 0.0 0.0 0.0 0.0 0.0
ajfwu2g6a1bhs
without accepting the facts neither motives can be removed nor these can be corrected
0.3363737969215722 0.4434165062795471 0.030462899416396665 0.0 0.5305952281564862 0.0 0.38407589496269046 0.0 0.0 0.36854640377660297 0.0 0.0 0.4605359957985057 0.45023815359639296 0.3066889922798786 0.0 0.0 0.0 0.0 0.0 0.0 0.0 0.0 0.0 0.4267785378738062 0.21510733123730233 0.5885188150290811 0.0 0.0 0.0 0.0 0.0 0.0 0.0 0.0 0.0 0.0 0.0 0.0 0.0 0.0 0.0 0.0 0.0 0.0 0.0 0.0
a3qu3km3iywhif
without the submission of the truth nor the movement was away neither the check
0.3363737969215722 0.0 0.12185159766558666 0.37867322251943186 0.0 0.0 0.38407589496269046 0.0 0.0 0.36854640377660297 0.0 0.0 0.0 0.0 0.0 0.0 0.0 0.0 0.0 0.0 0.0 0.0 0.0 0.0 0.0 0.0 0.0 0.6090675344899225 0.05999584161412987 0.39937979524104505 0.15698706649958089 0.36813706986881833 0.4635759682569911 0.0 0.0 0.0 0.0 0.0 0.0 0.0 0.0 0.0 0.0 0.0 0.0 0.0 0.0
a330jjzgjl7ig2
without the submission of the truth nor the movement was away neither the check
0.3363737969215722 0.0 0.12185159766558666 0.37867322251943186 0.0 0.0 0.38407589496269046 0.0 0.0 0.36854640377660297 0.0 0.0 0.0 0.0 0.0 0.0 0.0 0.0 0.0 0.0 0.0 0.0 0.0 0.0 0.0 0.0 0.0 0.6090675344899225 0.05999584161412987 0.39937979524104505 0.15698706649958089 0.36813706986881833 0.4635759682569911 0.0 0.0 0.0 0.0 0.0 0.0 0.0 0.0 0.0 0.0 0.0 0.0 0.0 0.0
a19b522xqflysa
without the submission of the truth nor the movement was away neither the check
0.3363737969215722 0.0 0.12185159766558666 0.37867322251943186 0.0 0.0 0.38407589496269046 0.0 0.0 0.36854640377660297 0.0 0.0 0.0 0.0 0.0 0.0 0.0 0.0 0.0 0.0 0.0 0.0 0.0 0.0 0.0 0.0 0.0 0.6090675344899225 0.05999584161412987 0.39937979524104505 0.15698706649958089 0.36813706986881833 0.4635759682569911 0.0 0.0 0.0 0.0 0.0 0.0 0.0 0.0 0.0 0.0 0.0 0.0 0.0 0.0
a87c5tu9lryej
motives cannot be diminished and correcion cannot be made without accepting reality
0.3924360964085009 0.5173192573261383 0.0 0.0 0.6190277661825672 0.0 0.0 0.0 0.0 0.0 0.0 0.0 0.0 0.0 0.3578038243265251 0.0 0.0 0.32557389036475615 0.0 0.0 0.0 0.0 0.0 0.0 0.0 0.0 0.0 0.0 0.0 0.0 0.0 0.0 0.0 0.46448106864364336 0.7443675492472567 0.0 0.08283041998352432 0.0 0.0 0.0 0.0 0.0 0.0 0.8749667916444565 0.859892079340581 0.0 0.0
a227cwgbxgw4yh
without accepting reality neither can their motives be understood nor can corrections be made
0.3363737969215722 0.4434165062795471 0.0 0.0 0.5305952281564862 0.0 0.38407589496269046 0.0 0.519584465311682 0.36854640377660297 0.0 0.0 0.0 0.45023815359639296 0.3066889922798786 0.0 0.0 0.2790633345983624 0.0 0.0 0.0 0.0 0.0 0.0 0.0 0.0 0.0 0.0 0.0 0.0 0.0 0.0 0.0 0.39812663026598 0.0 0.0 0.0 0.0 0.0 0.0 0.0 0.0 0.0 0.0 0.0 0.21265864998027212 0.737050353720498
au2ar4vob7vlv
without accepting reality the motives can not be diminished nor correction can be made
0.3363737969215722 0.4434165062795471 0.030462899416396665 0.0 0.5305952281564862 0.0 0.0 0.0 0.0 0.36854640377660297 0.0 0.0 0.0 0.45023815359639296 0.3066889922798786 0.0 0.0 0.2790633345983624 0.0 0.0 0.0 0.0 0.0 0.0 0.0 0.0 0.0 0.0 0.0 0.0 0.0 0.0 0.0 0.39812663026598 0.63802932792622 0.687539840823359 0.0 0.0 0.0 0.0 0.15290196344552598 0.0 0.0 0.0 0.0 0.0 0.0
a1i3buq2a7w9zl
without the facts and accept are unsafe not a check
0.47092331569020107 0.0 0.042648059182955333 0.0 0.0 0.0 0.0 0.0 0.0 0.0 0.0 0.0 0.644750394117908 0.0 0.0 0.0 0.0 0.0 0.0 0.0 0.0 0.0 0.0 0.0 0.0 0.0 0.0 0.0 0.0 0.0 0.0 0.0 0.6490063555597876 0.0 0.0 0.0 0.09939650398022919 0.5458892547725298 0.21061365538528265 0.9625557771527026 0.21406274882373638 0.14178833471717434 0.0 0.0 0.0 0.0 0.0
