swat taliban demolish boys school sawat a demolished shawat in swatthe pulled down the of students has destroyed south closed swatclaims southern afghanistan
swat taliban demolish boys school
0.9249945626568541 0.6935040049186456 1.603223971818585 1.1823971409645435 1.1254714139715654 0.0 0.0 0.0 0.0 0.0 0.0 0.0 0.0 0.0 0.0 0.0 0.0 0.0 0.0 0.0 0.0 0.0 0.0
sawat taliban demolish a boys school
0.0 0.5779200040988713 1.3360199765154874 0.9853309508037863 0.9378928449763045 1.152917928404136 0.23631389119529056 0.0 0.0 0.0 0.0 0.0 0.0 0.0 0.0 0.0 0.0 0.0 0.0 0.0 0.0 0.0 0.0
swat taliban demolish a boys school
0.7708288022140452 0.5779200040988713 1.3360199765154874 0.9853309508037863 0.9378928449763045 0.0 0.23631389119529056 0.0 0.0 0.0 0.0 0.0 0.0 0.0 0.0 0.0 0.0 0.0 0.0 0.0 0.0 0.0 0.0
swat taliban boys demolished a boys school
0.660710401897753 0.49536000351331827 0.0 1.6891387728064908 0.8039081528368325 0.0 0.20255476388167762 1.0325232141040934 0.0 0.0 0.0 0.0 0.0 0.0 0.0 0.0 0.0 0.0 0.0 0.0 0.0 0.0 0.0
a2iouac3vzbks6
shawat
0.0 0.0 0.0 0.0 0.0 0.0 0.0 0.0 8.93241059096708 0.0 0.0 0.0 0.0 0.0 0.0 0.0 0.0 0.0 0.0 0.0 0.0 0.0 0.0
a353ocl6lm6m4o
in swatthe taliban pulled down the school of students
0.0 0.3852800027325809 0.0 0.0 0.6252618966508696 0.0 0.0 0.0 0.0 0.1144256336062979 1.0244547403798734 0.7888699030243078 0.5785241293033808 0.04738673242550592 0.09332686473309092 0.6972948538058245 0.0 0.0 0.0 0.0 0.0 0.0 0.0
a3dd3acpmvdvca
swat the taliban has destroyed a boys school
0.5781216016605338 0.4334400030741535 0.0 0.7389982131028398 0.7034196337322284 0.0 0.17723541839646792 0.0 0.0 0.0 0.0 0.0 0.0 0.05331007397869417 0.0 0.0 0.25659970224140294 0.6167762361622352 0.0 0.0 0.0 0.0 0.0
a2i57ww1b3evwx
south taliban has demolished boys school
0.0 0.5779200040988713 0.0 0.9853309508037863 0.9378928449763045 0.0 0.0 1.2046104164547757 0.0 0.0 0.0 0.0 0.0 0.0 0.0 0.0 0.3421329363218706 0.0 0.8698064207104621 0.0 0.0 0.0 0.0
a230hf2okthmdz
shawat
0.0 0.0 0.0 0.0 0.0 0.0 0.0 0.0 8.93241059096708 0.0 0.0 0.0 0.0 0.0 0.0 0.0 0.0 0.0 0.0 0.0 0.0 0.0 0.0
a17b7qtkwfq5pq
shawat
0.0 0.0 0.0 0.0 0.0 0.0 0.0 0.0 8.93241059096708 0.0 0.0 0.0 0.0 0.0 0.0 0.0 0.0 0.0 0.0 0.0 0.0 0.0 0.0
a3edprdq0s0hp3
shawat
0.0 0.0 0.0 0.0 0.0 0.0 0.0 0.0 8.93241059096708 0.0 0.0 0.0 0.0 0.0 0.0 0.0 0.0 0.0 0.0 0.0 0.0 0.0 0.0
al2rcq9eyun61
in swatthe taliban pulled down the school of students
0.0 0.3852800027325809 0.0 0.0 0.6252618966508696 0.0 0.0 0.0 0.0 0.1144256336062979 1.0244547403798734 0.7888699030243078 0.5785241293033808 0.04738673242550592 0.09332686473309092 0.6972948538058245 0.0 0.0 0.0 0.0 0.0 0.0 0.0
air4uqnpimfcj
in swatthe taliban closed down the school
0.0 0.49536000351331827 0.0 0.0 0.8039081528368325 0.0 0.0 0.0 0.0 0.14711867177952587 1.317156094774123 0.0 0.7438167376757754 0.06092579883279333 0.0 0.0 0.0 0.0 0.0 0.8265864941333879 0.0 0.0 0.0
a6tw9zegog7ph
in swat the taliban destroyed the school
0.660710401897753 0.49536000351331827 0.0 0.0 0.8039081528368325 0.0 0.0 0.0 0.0 0.14711867177952587 0.0 0.0 0.0 0.12185159766558666 0.0 0.0 0.0 0.7048871270425545 0.0 0.0 0.0 0.0 0.0
a3qu3km3iywhif
the taliban has destroyed a boys school in swat
0.5138858681426968 0.3852800027325809 0.0 0.6568873005358575 0.6252618966508696 0.0 0.1575425941301937 0.0 0.0 0.1144256336062979 0.0 0.0 0.0 0.04738673242550592 0.0 0.0 0.2280886242145804 0.5482455432553202 0.0 0.0 0.0 0.0 0.0
a230hf2okthmdz
swatclaims the taliban has destroyed a boys school
0.0 0.4334400030741535 0.0 0.7389982131028398 0.7034196337322284 0.0 0.17723541839646792 0.0 0.0 0.0 0.0 0.0 0.0 0.05331007397869417 0.0 0.0 0.25659970224140294 0.6167762361622352 0.0 0.0 1.2898381190108714 0.0 0.0
a1wdewmcsp3t61
swat the taliban has destroyed a boys school
0.5781216016605338 0.4334400030741535 0.0 0.7389982131028398 0.7034196337322284 0.0 0.17723541839646792 0.0 0.0 0.0 0.0 0.0 0.0 0.05331007397869417 0.0 0.0 0.25659970224140294 0.6167762361622352 0.0 0.0 0.0 0.0 0.0
a1mmshjhu659at
taliban has demolished boys school in southern afghanistan
0.0 0.4334400030741535 0.0 0.7389982131028398 0.7034196337322284 0.0 0.0 0.9034578123410818 0.0 0.12872883780708513 0.0 0.0 0.0 0.0 0.0 0.0 0.25659970224140294 0.0 0.0 0.0 0.0 0.7179992466979485 0.5155374451227873
