should these political events affect sports incidents influence games the too developments have an impact on instances over be effected due to issues effect occurrences affected by recent
should these political events affect sports
0.4990358287897398 0.5019171062203721 0.6284143082207664 1.1320574045784682 1.1135197987267642 1.1644167403186279 0.0 0.0 0.0 0.0 0.0 0.0 0.0 0.0 0.0 0.0 0.0 0.0 0.0 0.0 0.0 0.0 0.0 0.0 0.0 0.0 0.0 0.0
should these political incidents influence games
0.4990358287897398 0.5019171062203721 0.6284143082207664 0.0 0.0 0.0 0.9304177506154127 1.1135197987267642 1.4211575804764858 0.0 0.0 0.0 0.0 0.0 0.0 0.0 0.0 0.0 0.0 0.0 0.0 0.0 0.0 0.0 0.0 0.0 0.0 0.0
should these political events affect the sports too
0.3742768715923048 0.37643782966527906 0.47131073116557476 0.8490430534338511 0.8351398490450731 0.8733125552389709 0.0 0.0 0.0 0.05331007397869417 0.6269250055034868 0.0 0.0 0.0 0.0 0.0 0.0 0.0 0.0 0.0 0.0 0.0 0.0 0.0 0.0 0.0 0.0 0.0
should these political developments have an impact on sports
0.33269055252649316 0.3346114041469147 0.41894287214717757 0.0 0.0 0.7762778268790852 0.0 0.0 0.0 0.0 0.0 0.8906799843436582 0.2542188919987144 0.3278183628639544 0.9303105336701842 0.20811197359731148 0.0 0.0 0.0 0.0 0.0 0.0 0.0 0.0 0.0 0.0 0.0 0.0
a3dd3acpmvdvca
should these political events affect sports
0.4990358287897398 0.5019171062203721 0.6284143082207664 1.1320574045784682 1.1135197987267642 1.1644167403186279 0.0 0.0 0.0 0.0 0.0 0.0 0.0 0.0 0.0 0.0 0.0 0.0 0.0 0.0 0.0 0.0 0.0 0.0 0.0 0.0 0.0 0.0
a143bvgouf83je
should these political instances affect over the sports
0.3742768715923048 0.37643782966527906 0.47131073116557476 0.0 0.8351398490450731 0.8733125552389709 0.0 0.0 0.0 0.05331007397869417 0.0 0.0 0.0 0.0 0.0 0.0 1.0658681853573644 0.46691196624102577 0.0 0.0 0.0 0.0 0.0 0.0 0.0 0.0 0.0 0.0
a4x4g5ttibjer
should sports be effected due to these political events
0.33269055252649316 0.3346114041469147 0.41894287214717757 0.7547049363856454 0.0 0.7762778268790852 0.0 0.0 0.0 0.0 0.0 0.0 0.0 0.0 0.0 0.0 0.0 0.0 0.23853588288435004 0.83845735887191 0.483617579218142 0.11998603441235117 0.0 0.0 0.0 0.0 0.0 0.0
a8v7wa74iohz9
should these political incidents affect sports
0.4990358287897398 0.5019171062203721 0.6284143082207664 0.0 1.1135197987267642 1.1644167403186279 0.9304177506154127 0.0 0.0 0.0 0.0 0.0 0.0 0.0 0.0 0.0 0.0 0.0 0.0 0.0 0.0 0.0 0.0 0.0 0.0 0.0 0.0 0.0
a2eldzaxlm8quo
should political events affect sports
0.5988429945476877 0.0 0.7540971698649196 1.3584688854941618 1.336223758472117 1.3973000883823534 0.0 0.0 0.0 0.0 0.0 0.0 0.0 0.0 0.0 0.0 0.0 0.0 0.0 0.0 0.0 0.0 0.0 0.0 0.0 0.0 0.0 0.0
a3qu3km3iywhif
should these political events affect sports
0.4990358287897398 0.5019171062203721 0.6284143082207664 1.1320574045784682 1.1135197987267642 1.1644167403186279 0.0 0.0 0.0 0.0 0.0 0.0 0.0 0.0 0.0 0.0 0.0 0.0 0.0 0.0 0.0 0.0 0.0 0.0 0.0 0.0 0.0 0.0
a1qabqi4s90bfu
should these political events affect sports
0.4990358287897398 0.5019171062203721 0.6284143082207664 1.1320574045784682 1.1135197987267642 1.1644167403186279 0.0 0.0 0.0 0.0 0.0 0.0 0.0 0.0 0.0 0.0 0.0 0.0 0.0 0.0 0.0 0.0 0.0 0.0 0.0 0.0 0.0 0.0
ay9joh7iihjwe
should these political issues effect sports
0.4990358287897398 0.5019171062203721 0.6284143082207664 0.0 0.0 1.1644167403186279 0.0 0.0 0.0 0.0 0.0 0.0 0.0 0.0 0.0 0.0 0.0 0.0 0.0 0.0 0.0 0.0 0.8961770882462777 0.9608046767477383 0.0 0.0 0.0 0.0
a2gg12ou3ao26n
should these political events affect sports
0.4990358287897398 0.5019171062203721 0.6284143082207664 1.1320574045784682 1.1135197987267642 1.1644167403186279 0.0 0.0 0.0 0.0 0.0 0.0 0.0 0.0 0.0 0.0 0.0 0.0 0.0 0.0 0.0 0.0 0.0 0.0 0.0 0.0 0.0 0.0
a1lcle8gy2eo0v
should these political instances affect over the sports should these political occurrences affect sports
0.4277449961054912 0.43021466247460466 0.5386408356177997 0.0 0.9544455417657979 0.998071491701681 0.0 0.0 0.0 0.030462899416396665 0.0 0.0 0.0 0.0 0.0 0.0 0.6090675344899225 0.2668068378520147 0.0 0.0 0.0 0.0 0.0 0.0 0.6090675344899225 0.0 0.0 0.0
a330jjzgjl7ig2
should sports be affected due to these political events
0.33269055252649316 0.3346114041469147 0.41894287214717757 0.7547049363856454 0.0 0.7762778268790852 0.0 0.0 0.0 0.0 0.0 0.0 0.0 0.0 0.0 0.0 0.0 0.0 0.23853588288435004 0.0 0.483617579218142 0.11998603441235117 0.0 0.0 0.0 0.6173923352543571 0.0 0.0
a2sb2bw2w4t4ww
should sports be affected by political events
0.4277449961054912 0.0 0.5386408356177997 0.9703349182101155 0.0 0.998071491701681 0.0 0.0 0.0 0.0 0.0 0.0 0.0 0.0 0.0 0.0 0.0 0.0 0.3066889922798786 0.0 0.0 0.0 0.0 0.0 0.0 0.7937901453270306 0.35649418020020684 0.0
a3uewlcbe68lil
should sports be effected due to recent political events
0.33269055252649316 0.0 0.41894287214717757 0.7547049363856454 0.0 0.7762778268790852 0.0 0.0 0.0 0.0 0.0 0.0 0.0 0.0 0.0 0.0 0.0 0.0 0.23853588288435004 0.83845735887191 0.483617579218142 0.11998603441235117 0.0 0.0 0.0 0.0 0.0 0.6348371962332089
a1aklmhymfgmc2
should these political incidents affect sports
0.4990358287897398 0.5019171062203721 0.6284143082207664 0.0 1.1135197987267642 1.1644167403186279 0.9304177506154127 0.0 0.0 0.0 0.0 0.0 0.0 0.0 0.0 0.0 0.0 0.0 0.0 0.0 0.0 0.0 0.0 0.0 0.0 0.0 0.0 0.0
