the portfolios of these ministers have not yet been announced as now departments their till ministries havent finalized for department are selection announcement tahal n has done until were today new members released
the portfolios of these ministers have not yet been announced
0.042648059182955333 0.8372794803031658 0.08399417825978182 0.30115026373222326 0.5000584958242754 0.22879700279884294 0.21406274882373638 0.542086515213606 0.294470309273681 0.5703584435245712 0.0 0.0 0.0 0.0 0.0 0.0 0.0 0.0 0.0 0.0 0.0 0.0 0.0 0.0 0.0 0.0 0.0 0.0 0.0 0.0 0.0 0.0 0.0
as of now the portfolios of these ministers have not been announced
0.03554004931912944 0.6977329002526381 0.13999029709963637 0.25095855311018606 0.4167154131868962 0.1906641689990358 0.1783856240197803 0.0 0.2453919243947342 0.47529870293714266 0.21960843925276205 0.2855052759095735 0.0 0.0 0.0 0.0 0.0 0.0 0.0 0.0 0.0 0.0 0.0 0.0 0.0 0.0 0.0 0.0 0.0 0.0 0.0 0.0 0.0
departments of these ministers have not yet been announced
0.0 0.0 0.09332686473309092 0.3346114041469147 0.5556205509158616 0.2542188919987144 0.23784749869304042 0.6023183502373399 0.32718923252631227 0.6337316039161902 0.0 0.0 0.7260572575743011 0.0 0.0 0.0 0.0 0.0 0.0 0.0 0.0 0.0 0.0 0.0 0.0 0.0 0.0 0.0 0.0 0.0 0.0 0.0 0.0
their portfolios have not been announced yet
0.0 1.1961135432902368 0.0 0.0 0.0 0.3268528611412042 0.30580392689105196 0.7744093074480085 0.4206718703909729 0.8147977764636731 0.0 0.0 0.0 0.42531729996054424 0.0 0.0 0.0 0.0 0.0 0.0 0.0 0.0 0.0 0.0 0.0 0.0 0.0 0.0 0.0 0.0 0.0 0.0 0.0
a143bvgouf83je
the departments of these ministers have not been announced yet
0.042648059182955333 0.0 0.08399417825978182 0.30115026373222326 0.5000584958242754 0.22879700279884294 0.21406274882373638 0.542086515213606 0.294470309273681 0.5703584435245712 0.0 0.0 0.653451531816871 0.0 0.0 0.0 0.0 0.0 0.0 0.0 0.0 0.0 0.0 0.0 0.0 0.0 0.0 0.0 0.0 0.0 0.0 0.0 0.0
a3fq8i38xt2b4z
till now the ministries havent been finalized for these ministers
0.042648059182955333 0.0 0.0 0.30115026373222326 0.5000584958242754 0.0 0.0 0.0 0.294470309273681 0.0 0.0 0.3426063310914882 0.0 0.0 0.557377282372372 0.7022868086082641 0.870926703965287 0.893241059096708 0.1930709699142415 0.0 0.0 0.0 0.0 0.0 0.0 0.0 0.0 0.0 0.0 0.0 0.0 0.0 0.0
amwxjmcv94h5s
the department of ministries are not announced till now
0.04738673242550592 0.0 0.09332686473309092 0.0 0.0 0.0 0.23784749869304042 0.0 0.0 0.6337316039161902 0.0 0.38067370121276467 0.0 0.0 0.6193080915248578 0.7803186762314046 0.0 0.0 0.0 0.7260572575743011 0.23401517265031405 0.0 0.0 0.0 0.0 0.0 0.0 0.0 0.0 0.0 0.0 0.0 0.0
a2pwmdzucikw4c
the selection announcement of the tahal n has not been done yet
0.07108009863825888 0.0 0.06999514854981818 0.0 0.0 0.0 0.1783856240197803 0.45173876267800495 0.2453919243947342 0.0 0.0 0.0 0.0 0.0 0.0 0.0 0.0 0.0 0.0 0.0 0.0 0.66006747327405 0.5390464458647427 0.8021298142939188 0.5883840345054574 0.1710664681609353 0.3834731042233957 0.0 0.0 0.0 0.0 0.0 0.0
a3andctf0w1pqd
the departments of these ministers have not yet been announced
0.042648059182955333 0.0 0.08399417825978182 0.30115026373222326 0.5000584958242754 0.22879700279884294 0.21406274882373638 0.542086515213606 0.294470309273681 0.5703584435245712 0.0 0.0 0.653451531816871 0.0 0.0 0.0 0.0 0.0 0.0 0.0 0.0 0.0 0.0 0.0 0.0 0.0 0.0 0.0 0.0 0.0 0.0 0.0 0.0
attzel5iaoiw5
the departments of these ministers have not been announced yet
0.042648059182955333 0.0 0.08399417825978182 0.30115026373222326 0.5000584958242754 0.22879700279884294 0.21406274882373638 0.542086515213606 0.294470309273681 0.5703584435245712 0.0 0.0 0.653451531816871 0.0 0.0 0.0 0.0 0.0 0.0 0.0 0.0 0.0 0.0 0.0 0.0 0.0 0.0 0.0 0.0 0.0 0.0 0.0 0.0
ay9joh7iihjwe
the departments of these ministers have not been announced yet
0.042648059182955333 0.0 0.08399417825978182 0.30115026373222326 0.5000584958242754 0.22879700279884294 0.21406274882373638 0.542086515213606 0.294470309273681 0.5703584435245712 0.0 0.0 0.653451531816871 0.0 0.0 0.0 0.0 0.0 0.0 0.0 0.0 0.0 0.0 0.0 0.0 0.0 0.0 0.0 0.0 0.0 0.0 0.0 0.0
a3jbnhlk1t5829
until now the ministries havent been finalized for these ministers
0.042648059182955333 0.0 0.0 0.30115026373222326 0.5000584958242754 0.0 0.0 0.0 0.294470309273681 0.0 0.0 0.3426063310914882 0.0 0.0 0.0 0.7022868086082641 0.870926703965287 0.893241059096708 0.1930709699142415 0.0 0.0 0.0 0.0 0.0 0.0 0.0 0.0 0.45379614362946413 0.0 0.0 0.0 0.0 0.0
ajcv8bvciqxhp
until now the ministries have not been finalized for these ministers
0.03877096289359576 0.0 0.0 0.2737729670292939 0.45459863256752314 0.2079972752716754 0.19460249893066942 0.0 0.26770028115789185 0.0 0.0 0.311460300992262 0.0 0.0 0.0 0.6384425532802401 0.0 0.8120373264515528 0.17551906355840138 0.0 0.0 0.0 0.0 0.0 0.0 0.0 0.0 0.4125419487540583 0.0 0.0 0.0 0.0 0.0
a6tw9zegog7ph
until now the ministries havent been finalized for these ministers
0.042648059182955333 0.0 0.0 0.30115026373222326 0.5000584958242754 0.0 0.0 0.0 0.294470309273681 0.0 0.0 0.3426063310914882 0.0 0.0 0.0 0.7022868086082641 0.870926703965287 0.893241059096708 0.1930709699142415 0.0 0.0 0.0 0.0 0.0 0.0 0.0 0.0 0.45379614362946413 0.0 0.0 0.0 0.0 0.0
a18w8cd53dji9q
the department of ministries were not announced till today
0.04738673242550592 0.0 0.09332686473309092 0.0 0.0 0.0 0.23784749869304042 0.0 0.0 0.6337316039161902 0.0 0.0 0.0 0.0 0.6193080915248578 0.7803186762314046 0.0 0.0 0.0 0.7260572575743011 0.0 0.0 0.0 0.0 0.0 0.0 0.0 0.0 0.327958654689551 0.47354677098426073 0.0 0.0 0.0
a6tw9zegog7ph
the department of ministries are not announced until now
0.04738673242550592 0.0 0.09332686473309092 0.0 0.0 0.0 0.23784749869304042 0.0 0.0 0.6337316039161902 0.0 0.38067370121276467 0.0 0.0 0.0 0.7803186762314046 0.0 0.0 0.0 0.7260572575743011 0.23401517265031405 0.0 0.0 0.0 0.0 0.0 0.0 0.5042179373660712 0.0 0.0 0.0 0.0 0.0
a305iw3tm7kgv1
department of ministries new members are announced
0.0 0.0 0.11999168322825975 0.0 0.0 0.0 0.0 0.0 0.0 0.8147977764636731 0.0 0.0 0.0 0.0 0.0 1.0032668694403772 0.0 0.0 0.0 0.9335021883098157 0.3008766505504038 0.0 0.0 0.0 0.0 0.0 0.0 0.0 0.0 0.0 0.5205919371817921 0.6824916295612207 0.0
a3ohqrf1mdq99b
the selection announcement of the tahal has not been released yet
0.07754192578719152 0.0 0.07635834387252893 0.0 0.0 0.0 0.19460249893066942 0.4928059229214599 0.26770028115789185 0.0 0.0 0.0 0.0 0.0 0.0 0.0 0.0 0.0 0.0 0.0 0.0 0.7200736072080546 0.5880506682160829 0.8750507065024569 0.0 0.18661796526647487 0.0 0.0 0.0 0.0 0.0 0.0 0.590005777781625
