adam sanghar mehr sanghir maher aadam sangadh saanghar stamp sanghad meher
adam sanghar mehr
2.495163869343585 2.7464211368023785 1.8850886193249679 0.0 0.0 0.0 0.0 0.0 0.0 0.0 0.0
adam sanghir mehr
2.495163869343585 0.0 1.8850886193249679 3.439568317362324 0.0 0.0 0.0 0.0 0.0 0.0 0.0
adam sanghar maher
2.495163869343585 2.7464211368023785 0.0 0.0 3.2085192571756753 0.0 0.0 0.0 0.0 0.0 0.0
aadam sangadh maher
0.0 0.0 0.0 0.0 3.2085192571756753 3.439568317362324 3.439568317362324 0.0 0.0 0.0 0.0
a1sanjgoj47idf
adam saanghar stamp
2.495163869343585 0.0 0.0 0.0 0.0 0.0 0.0 2.9774701969890267 2.495163869343585 0.0 0.0
a143bvgouf83je
adam sanghar mehr
2.495163869343585 2.7464211368023785 1.8850886193249679 0.0 0.0 0.0 0.0 0.0 0.0 0.0 0.0
a3dd3acpmvdvca
adam sanghad mehr
2.495163869343585 0.0 1.8850886193249679 0.0 0.0 0.0 0.0 0.0 0.0 2.9774701969890267 0.0
a132zmwemnnusa
adam sanghar meher
2.495163869343585 2.7464211368023785 0.0 0.0 0.0 0.0 0.0 0.0 0.0 0.0 2.8423151609529715
a291u81kgj6l9n
adam saanghar stamp
2.495163869343585 0.0 0.0 0.0 0.0 0.0 0.0 2.9774701969890267 2.495163869343585 0.0 0.0
a363eba76te7vz
adam saanghar stamp
2.495163869343585 0.0 0.0 0.0 0.0 0.0 0.0 2.9774701969890267 2.495163869343585 0.0 0.0
attzel5iaoiw5
adam saanghar stamp
2.495163869343585 0.0 0.0 0.0 0.0 0.0 0.0 2.9774701969890267 2.495163869343585 0.0 0.0
a1nee8mf6oybf8
adam sanghar mehr
2.495163869343585 2.7464211368023785 1.8850886193249679 0.0 0.0 0.0 0.0 0.0 0.0 0.0 0.0
a168hnbnlpz559
adam sanghar mehr
2.495163869343585 2.7464211368023785 1.8850886193249679 0.0 0.0 0.0 0.0 0.0 0.0 0.0 0.0
a38xqb9846w49n
adam sanghar mehr
2.495163869343585 2.7464211368023785 1.8850886193249679 0.0 0.0 0.0 0.0 0.0 0.0 0.0 0.0
a24bjjrcqbm3mi
adam sanghad mehr
2.495163869343585 0.0 1.8850886193249679 0.0 0.0 0.0 0.0 0.0 0.0 2.9774701969890267 0.0
a3qu3km3iywhif
adam sanghad mehr
2.495163869343585 0.0 1.8850886193249679 0.0 0.0 0.0 0.0 0.0 0.0 2.9774701969890267 0.0
a1j0l6bld1sesr
adam sanghad mehr
2.495163869343585 0.0 1.8850886193249679 0.0 0.0 0.0 0.0 0.0 0.0 2.9774701969890267 0.0
amd40d0gc1l4r
adam sanghar meher
2.495163869343585 2.7464211368023785 0.0 0.0 0.0 0.0 0.0 0.0 0.0 0.0 2.8423151609529715
