you should be ashamed feel shame for the on have
you should be ashamed
0.796951530447656 0.7485537431846097 0.5367057364897876 1.6908392226493891 0.0 0.0 0.0 0.0 0.0 0.0
feel ashamed
0.0 0.0 0.0 3.3816784452987783 2.8668687367081995 0.0 0.0 0.0 0.0 0.0
shame shame
0.0 0.0 0.0 0.0 0.0 6.386879319362645 0.0 0.0 0.0 0.0
for shame
0.0 0.0 0.0 0.0 0.0 3.1934396596813226 0.9653548495712075 0.0 0.0 0.0
a3fq8i38xt2b4z
feel the shame
0.0 0.0 0.0 0.0 1.911245824472133 2.1289597731208816 0.0 0.14216019727651777 0.0 0.0
ayowrg5s0py3f
shame on you
1.0626020405968746 0.0 0.0 0.0 0.0 2.1289597731208816 0.0 0.0 0.6243359207919345 0.0
a3hs2e871iw2fi
have shame
0.0 0.0 0.0 0.0 0.0 3.1934396596813226 0.0 0.0 0.0 1.1439850139942147
a2i57ww1b3evwx
be ashamed
0.0 0.0 1.0734114729795752 3.3816784452987783 0.0 0.0 0.0 0.0 0.0 0.0
a330jjzgjl7ig2
feel the shame
0.0 0.0 0.0 0.0 1.911245824472133 2.1289597731208816 0.0 0.14216019727651777 0.0 0.0
a3andctf0w1pqd
feel the shame
0.0 0.0 0.0 0.0 1.911245824472133 2.1289597731208816 0.0 0.14216019727651777 0.0 0.0
a2rcbwy8ulhnj0
feel the shame
0.0 0.0 0.0 0.0 1.911245824472133 2.1289597731208816 0.0 0.14216019727651777 0.0 0.0
a2unp2crnrfiw8
shame on you
1.0626020405968746 0.0 0.0 0.0 0.0 2.1289597731208816 0.0 0.0 0.6243359207919345 0.0
a2nowscvbop9jc
shame on you
1.0626020405968746 0.0 0.0 0.0 0.0 2.1289597731208816 0.0 0.0 0.6243359207919345 0.0
aa1hdtufsq32b
shame on you
1.0626020405968746 0.0 0.0 0.0 0.0 2.1289597731208816 0.0 0.0 0.6243359207919345 0.0
a3l62wt9zlhu7v
have shame
0.0 0.0 0.0 0.0 0.0 3.1934396596813226 0.0 0.0 0.0 1.1439850139942147
a1c0lbe9vl3ax
have shame
0.0 0.0 0.0 0.0 0.0 3.1934396596813226 0.0 0.0 0.0 1.1439850139942147
a14b80scbt25dr
have shame
0.0 0.0 0.0 0.0 0.0 3.1934396596813226 0.0 0.0 0.0 1.1439850139942147
a3vh1yukhij6jl
be ashamed
0.0 0.0 1.0734114729795752 3.3816784452987783 0.0 0.0 0.0 0.0 0.0 0.0
