because of what he did for the muhajirs they consider him their own today due to his hard work refugees call man services one was reason why accepted as steps immigrants immigrant effort refugee there migrants them leader efforts on embrace help in plight towards is considered behalf now service
because of what he did for the muhajirs they consider him their own today
0.2800078583965545 0.05999584161412987 0.22016897209518763 0.1696373042591675 0.28831701465649745 0.13790783565302964 0.030462899416396665 0.63802932792622 0.18455062557601357 0.4388798344422381 0.266020820881228 0.21265864998027212 0.3029330506241383 0.3044229242041676 0.0 0.0 0.0 0.0 0.0 0.0 0.0 0.0 0.0 0.0 0.0 0.0 0.0 0.0 0.0 0.0 0.0 0.0 0.0 0.0 0.0 0.0 0.0 0.0 0.0 0.0 0.0 0.0 0.0 0.0 0.0 0.0 0.0 0.0 0.0 0.0
due to his hard work for refugees they call him their own man
0.0 0.0 0.0 0.0 0.0 0.1485161307032627 0.0 0.0 0.1987468275433992 0.0 0.2864839609490148 0.22901700767106228 0.3262355929798412 0.0 0.33481217022794446 0.08306725459316619 0.205418609321927 0.41814638688466155 0.31980751003014574 0.6559188832968397 0.41585000510391684 0.3458199274310732 0.0 0.0 0.0 0.0 0.0 0.0 0.0 0.0 0.0 0.0 0.0 0.0 0.0 0.0 0.0 0.0 0.0 0.0 0.0 0.0 0.0 0.0 0.0 0.0 0.0 0.0 0.0 0.0
because of his services to the refugees the refugees today consider him one of their own
0.2450068760969852 0.10499272282472728 0.0 0.0 0.0 0.0 0.05331007397869417 0.0 0.0 0.38401985513695835 0.23276821827107452 0.1860763187327381 0.265066419296121 0.26637005867864666 0.0 0.06749214435694753 0.16690262007406567 0.0 0.0 1.0658681853573644 0.0 0.0 0.3879894429946037 0.18318723206287063 0.0 0.0 0.0 0.0 0.0 0.0 0.0 0.0 0.0 0.0 0.0 0.0 0.0 0.0 0.0 0.0 0.0 0.0 0.0 0.0 0.0 0.0 0.0 0.0 0.0 0.0
what he did for the muhajirs was the reason why muhajirs accepted him as their own
0.0 0.0 0.19264785058328918 0.14843264122677158 0.25227738782443526 0.12066935619640094 0.05331007397869417 1.116551323870885 0.0 0.0 0.23276821827107452 0.1860763187327381 0.265066419296121 0.0 0.0 0.0 0.0 0.0 0.0 0.0 0.0 0.0 0.0 0.0 0.13736368318713327 0.3013460454246106 0.24226029910117325 0.3217638098155512 0.16470632943957153 0.0 0.0 0.0 0.0 0.0 0.0 0.0 0.0 0.0 0.0 0.0 0.0 0.0 0.0 0.0 0.0 0.0 0.0 0.0 0.0 0.0
a3dd3acpmvdvca
because of his steps for immigrants today the immigrant call him their own
0.3015469244270587 0.06461090635367833 0.0 0.0 0.0 0.1485161307032627 0.0328061993715041 0.0 0.0 0.0 0.2864839609490148 0.22901700767106228 0.3262355929798412 0.3278400722198728 0.0 0.0 0.205418609321927 0.0 0.0 0.0 0.41585000510391684 0.0 0.0 0.0 0.0 0.0 0.0 0.0 0.0 0.39259763034446044 0.5758070467715964 0.6337894931082412 0.0 0.0 0.0 0.0 0.0 0.0 0.0 0.0 0.0 0.0 0.0 0.0 0.0 0.0 0.0 0.0 0.0 0.0
alzgu09bjzsiw
for his effort for refugee today refugee consider him as there own
0.0 0.0 0.0 0.0 0.0 0.3217849498570692 0.0 0.0 0.0 0.5120264735159444 0.3103576243614327 0.0 0.353421892394828 0.35516007823819556 0.0 0.0 0.2225368267654209 0.0 0.0 0.0 0.0 0.0 0.0 0.0 0.0 0.0 0.0 0.0 0.21960843925276205 0.0 0.0 0.0 0.5200972923484376 1.6042596285878377 0.2386654168935808 0.0 0.0 0.0 0.0 0.0 0.0 0.0 0.0 0.0 0.0 0.0 0.0 0.0 0.0 0.0
a143bvgouf83je
due to his steps for the migrants today the migrants consider him as one of them
0.0 0.05249636141236364 0.0 0.0 0.0 0.12066935619640094 0.05331007397869417 0.0 0.0 0.38401985513695835 0.23276821827107452 0.0 0.0 0.26637005867864666 0.2720348883102049 0.06749214435694753 0.16690262007406567 0.0 0.0 0.0 0.0 0.0 0.0 0.18318723206287063 0.0 0.0 0.0 0.0 0.16470632943957153 0.3189855746548741 0.0 0.0 0.0 0.0 0.0 1.116551323870885 0.21324688583990106 0.0 0.0 0.0 0.0 0.0 0.0 0.0 0.0 0.0 0.0 0.0 0.0 0.0
a8v7wa74iohz9
due to his services for muhajirs they consider him their leader
0.0 0.0 0.0 0.0 0.0 0.17551906355840138 0.0 0.8120373264515528 0.2348826143694718 0.5585743347446667 0.33857195384883565 0.27065646361125545 0.0 0.0 0.3956871102693889 0.09817039179192368 0.24276744738045916 0.0 0.0 0.0 0.0 0.0 0.5643482807194236 0.0 0.0 0.0 0.0 0.0 0.0 0.0 0.0 0.0 0.0 0.0 0.0 0.0 0.0 0.404491639904836 0.0 0.0 0.0 0.0 0.0 0.0 0.0 0.0 0.0 0.0 0.0 0.0
a2nowscvbop9jc
because of his steps for immigrants today the immigrant call him their own
0.3015469244270587 0.06461090635367833 0.0 0.0 0.0 0.1485161307032627 0.0328061993715041 0.0 0.0 0.0 0.2864839609490148 0.22901700767106228 0.3262355929798412 0.3278400722198728 0.0 0.0 0.205418609321927 0.0 0.0 0.0 0.41585000510391684 0.0 0.0 0.0 0.0 0.0 0.0 0.0 0.0 0.39259763034446044 0.5758070467715964 0.6337894931082412 0.0 0.0 0.0 0.0 0.0 0.0 0.0 0.0 0.0 0.0 0.0 0.0 0.0 0.0 0.0 0.0 0.0 0.0
a6tw9zegog7ph
because of his efforts for immigrants today the immigrants call him on of their own
0.2613406678367842 0.1119922376797091 0.0 0.0 0.0 0.12871397994282768 0.028432039455303555 0.0 0.0 0.0 0.24828609948914615 0.19848140664825398 0.28273751391586244 0.28412806259055645 0.0 0.0 0.17802946141233672 0.0 0.0 0.0 0.36040333775672795 0.0 0.0 0.0 0.0 0.0 0.0 0.0 0.0 0.0 0.998065547737434 0.0 0.0 0.0 0.0 0.0 0.0 0.0 0.3184960937952363 0.12486718415838688 0.0 0.0 0.0 0.0 0.0 0.0 0.0 0.0 0.0 0.0
a31ikb373dzonk
the immigrants embrace him today because of his efforts to help them in their plight
0.2613406678367842 0.05599611883985455 0.0 0.0 0.0 0.0 0.028432039455303555 0.0 0.0 0.0 0.24828609948914615 0.19848140664825398 0.0 0.28412806259055645 0.0 0.0719916206474107 0.17802946141233672 0.0 0.0 0.0 0.0 0.0 0.0 0.0 0.0 0.0 0.0 0.0 0.0 0.0 0.499032773868717 0.0 0.0 0.0 0.0 0.0 0.22746334489589445 0.0 0.3184960937952363 0.0 0.5954940393978053 0.3037769046204529 0.06865538016377874 0.614672844227924 0.0 0.0 0.0 0.0 0.0 0.0
a2zx6h9mgq4i8a
for his efforts towards the refugees he is considered as one of their own
0.0 0.05999584161412987 0.0 0.1696373042591675 0.0 0.13790783565302964 0.030462899416396665 0.0 0.0 0.0 0.0 0.21265864998027212 0.3029330506241383 0.0 0.0 0.0 0.1907458515132179 0.0 0.0 0.6090675344899225 0.0 0.0 0.0 0.20935683664328072 0.0 0.0 0.0 0.0 0.18823580507379603 0.0 0.0 0.0 0.0 0.0 0.0 0.0 0.0 0.0 0.34124581478061033 0.0 0.0 0.0 0.0 0.0 0.3611439116558632 0.09334396563104473 0.4059982831326668 0.0 0.0 0.0
a2qxd8jqk5bvez
for his effort of refugees today refugees consider him as there own
0.0 0.06999514854981818 0.0 0.0 0.0 0.1608924749285346 0.0 0.0 0.0 0.5120264735159444 0.3103576243614327 0.0 0.353421892394828 0.35516007823819556 0.0 0.0 0.2225368267654209 0.0 0.0 1.4211575804764858 0.0 0.0 0.0 0.0 0.0 0.0 0.0 0.0 0.21960843925276205 0.0 0.0 0.0 0.5200972923484376 0.0 0.2386654168935808 0.0 0.0 0.0 0.0 0.0 0.0 0.0 0.0 0.0 0.0 0.0 0.0 0.0 0.0 0.0
aa1hdtufsq32b
for his effort to the refugees today refugees consider him as there own
0.0 0.0 0.0 0.0 0.0 0.1485161307032627 0.0328061993715041 0.0 0.0 0.4726398217070257 0.2864839609490148 0.0 0.3262355929798412 0.3278400722198728 0.0 0.08306725459316619 0.205418609321927 0.0 0.0 1.3118377665936793 0.0 0.0 0.0 0.0 0.0 0.0 0.0 0.0 0.20271548238716497 0.0 0.0 0.0 0.48008980832163467 0.0 0.22030653867099767 0.0 0.0 0.0 0.0 0.0 0.0 0.0 0.0 0.0 0.0 0.0 0.0 0.0 0.0 0.0
a2dwqf4zhhblow
due to his steps for the migrants today the migrants consider him as one of them
0.0 0.05249636141236364 0.0 0.0 0.0 0.12066935619640094 0.05331007397869417 0.0 0.0 0.38401985513695835 0.23276821827107452 0.0 0.0 0.26637005867864666 0.2720348883102049 0.06749214435694753 0.16690262007406567 0.0 0.0 0.0 0.0 0.0 0.0 0.18318723206287063 0.0 0.0 0.0 0.0 0.16470632943957153 0.3189855746548741 0.0 0.0 0.0 0.0 0.0 1.116551323870885 0.21324688583990106 0.0 0.0 0.0 0.0 0.0 0.0 0.0 0.0 0.0 0.0 0.0 0.0 0.0
a3w129h6a0hk4d
due to his steps for the migrants today the migrants consider him as one of them
0.0 0.05249636141236364 0.0 0.0 0.0 0.12066935619640094 0.05331007397869417 0.0 0.0 0.38401985513695835 0.23276821827107452 0.0 0.0 0.26637005867864666 0.2720348883102049 0.06749214435694753 0.16690262007406567 0.0 0.0 0.0 0.0 0.0 0.0 0.18318723206287063 0.0 0.0 0.0 0.0 0.16470632943957153 0.3189855746548741 0.0 0.0 0.0 0.0 0.0 1.116551323870885 0.21324688583990106 0.0 0.0 0.0 0.0 0.0 0.0 0.0 0.0 0.0 0.0 0.0 0.0 0.0
a3gqim9zsgtut2
due to his efforts on behalf of migrants they now consider him as one of their own
0.0 0.09881668030562568 0.0 0.0 0.0 0.0 0.0 0.0 0.15198286812142292 0.36143045189360784 0.2190759701374819 0.17513065292493 0.2494742769845845 0.0 0.25603283605666344 0.06352201821830356 0.15708481889323828 0.0 0.0 0.0 0.0 0.0 0.0 0.17241151252976059 0.0 0.0 0.0 0.0 0.1550177218254791 0.0 0.0 0.0 0.0 0.0 0.0 0.5254359171157106 0.0 0.0 0.2810259651134438 0.11017692719857666 0.0 0.0 0.0 0.0 0.0 0.0 0.0 0.36813305538473834 0.20153313593616953 0.0
amd40d0gc1l4r
because of his service to the muhajirs they consider him their leader
0.3266758347959803 0.06999514854981818 0.0 0.0 0.0 0.0 0.03554004931912944 0.7443675492472567 0.2153090631720158 0.5120264735159444 0.3103576243614327 0.24810175831031747 0.0 0.0 0.0 0.08998952580926338 0.2225368267654209 0.0 0.0 0.0 0.0 0.0 0.0 0.0 0.0 0.0 0.0 0.0 0.0 0.0 0.0 0.0 0.0 0.0 0.0 0.0 0.0 0.37078400324609967 0.0 0.0 0.0 0.0 0.0 0.0 0.0 0.0 0.0 0.0 0.0 0.5322399432802204
