and we should also remember that it was designated as our first geographical orientation for performing prayers must qibla is noble sanctuary never forget have to this qiblah e awwal remain palestine place of worship
and we should also remember that it was designated as our first geographical orientation for performing our prayers
0.05522027998901621 0.1701337617997939 0.16634527626324658 0.1532858586710706 0.31741859811660444 0.0671152457922111 0.11250863539036808 0.12210105172189624 0.5732613862270539 0.14640562616850802 0.3723106389205652 0.21778388986398686 0.40683181547405445 0.5347532095292792 0.10726164995235639 0.49624503283150445 0.38072050273818026 0.0 0.0 0.0 0.0 0.0 0.0 0.0 0.0 0.0 0.0 0.0 0.0 0.0 0.0 0.0 0.0 0.0 0.0
and we must also remember that it our first qibla
0.09939650398022919 0.306240771239629 0.0 0.2759145456079271 0.571353476609888 0.12080744242597999 0.20251554370266253 0.0 0.0 0.0 0.33507957502850866 0.39201100175517634 0.0 0.0 0.0 0.0 0.0 0.5194740972683711 0.8526945482858915 0.0 0.0 0.0 0.0 0.0 0.0 0.0 0.0 0.0 0.0 0.0 0.0 0.0 0.0 0.0 0.0
and we must remember that it is our first noble sanctuary
0.09036045816384472 0.2784007011269355 0.0 0.0 0.5194122514635345 0.1098249476599818 0.18410503972969322 0.0 0.0 0.0 0.3046177954804624 0.3563736379592512 0.0 0.0 0.0 0.0 0.0 0.47224917933488286 0.0 0.11880141080314784 0.6657247889575436 0.938064086553361 0.0 0.0 0.0 0.0 0.0 0.0 0.0 0.0 0.0 0.0 0.0 0.0 0.0
we must never forget that it is our first qibla
0.0 0.306240771239629 0.0 0.0 0.0 0.12080744242597999 0.20251554370266253 0.0 0.0 0.0 0.33507957502850866 0.39201100175517634 0.0 0.0 0.0 0.0 0.0 0.5194740972683711 0.8526945482858915 0.13068155188346262 0.0 0.0 0.47696288671917514 0.6792344427470809 0.0 0.0 0.0 0.0 0.0 0.0 0.0 0.0 0.0 0.0 0.0
a1sanjgoj47idf
and we have to remember that this is our first qiblah
0.09036045816384472 0.2784007011269355 0.0 0.0 0.5194122514635345 0.1098249476599818 0.0 0.0 0.0 0.0 0.3046177954804624 0.3563736379592512 0.0 0.0 0.0 0.0 0.0 0.0 0.0 0.11880141080314784 0.0 0.0 0.0 0.0 0.2079972752716754 0.09817039179192368 0.15577280757709272 0.7490239464006486 0.0 0.0 0.0 0.0 0.0 0.0 0.0
a143bvgouf83je
and we should also remember that it is also our qibla e awwal
0.07645884921556091 0.23556982403048388 0.23032422867218758 0.42448391631988786 0.43950267431529844 0.09292880186613844 0.15578118746358657 0.0 0.0 0.0 0.25775351925269896 0.0 0.0 0.0 0.0 0.0 0.0 0.0 0.6559188832968397 0.10052427067958664 0.0 0.0 0.0 0.0 0.0 0.0 0.0 0.0 0.5247844146631147 0.6871085069974677 0.0 0.0 0.0 0.0 0.0
a3dd3acpmvdvca
we should also remember that it was our first qiblah
0.0 0.306240771239629 0.2994214972738439 0.2759145456079271 0.571353476609888 0.12080744242597999 0.20251554370266253 0.21978189309941323 0.0 0.0 0.33507957502850866 0.39201100175517634 0.0 0.0 0.0 0.0 0.0 0.0 0.0 0.0 0.0 0.0 0.0 0.0 0.0 0.0 0.0 0.8239263410407135 0.0 0.0 0.0 0.0 0.0 0.0 0.0
a7o9tyb0xcikg
and we should also remain that palestine is our first place of worship
0.07645884921556091 0.23556982403048388 0.23032422867218758 0.21224195815994393 0.0 0.09292880186613844 0.0 0.0 0.0 0.0 0.25775351925269896 0.3015469244270587 0.0 0.0 0.0 0.0 0.0 0.0 0.0 0.10052427067958664 0.0 0.0 0.0 0.0 0.0 0.0 0.0 0.0 0.0 0.0 0.42111675889449074 0.3699474319583841 0.34860058236309716 0.06461090635367833 0.6871085069974677
a3w129h6a0hk4d
we have to remember that this is our first qiblah
0.0 0.306240771239629 0.0 0.0 0.571353476609888 0.12080744242597999 0.0 0.0 0.0 0.0 0.33507957502850866 0.39201100175517634 0.0 0.0 0.0 0.0 0.0 0.0 0.0 0.13068155188346262 0.0 0.0 0.0 0.0 0.22879700279884294 0.10798743097111604 0.17135008833480198 0.8239263410407135 0.0 0.0 0.0 0.0 0.0 0.0 0.0
a6mpnb4h7l9bs
we have to remember that this is our first qiblah
0.0 0.306240771239629 0.0 0.0 0.571353476609888 0.12080744242597999 0.0 0.0 0.0 0.0 0.33507957502850866 0.39201100175517634 0.0 0.0 0.0 0.0 0.0 0.0 0.0 0.13068155188346262 0.0 0.0 0.0 0.0 0.22879700279884294 0.10798743097111604 0.17135008833480198 0.8239263410407135 0.0 0.0 0.0 0.0 0.0 0.0 0.0
al2rcq9eyun61
we also have to remember that this is our first qiblah
0.0 0.2784007011269355 0.0 0.2508314050981155 0.5194122514635345 0.1098249476599818 0.0 0.0 0.0 0.0 0.3046177954804624 0.3563736379592512 0.0 0.0 0.0 0.0 0.0 0.0 0.0 0.11880141080314784 0.0 0.0 0.0 0.0 0.2079972752716754 0.09817039179192368 0.15577280757709272 0.7490239464006486 0.0 0.0 0.0 0.0 0.0 0.0 0.0
a3o4xm3igw1sr2
and we should remember that it is also our qibla e awwal
0.08283041998352432 0.25520064269969084 0.2495179143948699 0.2299287880066059 0.4761278971749066 0.10067286868831665 0.16876295308555211 0.0 0.0 0.0 0.2792329791904239 0.0 0.0 0.0 0.0 0.0 0.0 0.0 0.7105787902382429 0.10890129323621885 0.0 0.0 0.0 0.0 0.0 0.0 0.0 0.0 0.5685164492183742 0.7443675492472567 0.0 0.0 0.0 0.0 0.0
a1dhkhuotsn3nd
we should also remember that it is also our qibla e awwal
0.0 0.25520064269969084 0.2495179143948699 0.4598575760132118 0.4761278971749066 0.10067286868831665 0.16876295308555211 0.0 0.0 0.0 0.2792329791904239 0.0 0.0 0.0 0.0 0.0 0.0 0.0 0.7105787902382429 0.10890129323621885 0.0 0.0 0.0 0.0 0.0 0.0 0.0 0.0 0.5685164492183742 0.7443675492472567 0.0 0.0 0.0 0.0 0.0
a143awku99stc9
and we should also remember that it is also our qibla e awwal
0.07645884921556091 0.23556982403048388 0.23032422867218758 0.42448391631988786 0.43950267431529844 0.09292880186613844 0.15578118746358657 0.0 0.0 0.0 0.25775351925269896 0.0 0.0 0.0 0.0 0.0 0.0 0.0 0.6559188832968397 0.10052427067958664 0.0 0.0 0.0 0.0 0.0 0.0 0.0 0.0 0.5247844146631147 0.6871085069974677 0.0 0.0 0.0 0.0 0.0
ah7pogjaytu4f
we should also remember that it was our first qiblah
0.0 0.306240771239629 0.2994214972738439 0.2759145456079271 0.571353476609888 0.12080744242597999 0.20251554370266253 0.21978189309941323 0.0 0.0 0.33507957502850866 0.39201100175517634 0.0 0.0 0.0 0.0 0.0 0.0 0.0 0.0 0.0 0.0 0.0 0.0 0.0 0.0 0.0 0.8239263410407135 0.0 0.0 0.0 0.0 0.0 0.0 0.0
a2190f96xfy41l
also we should remember that it was our first qiblah
0.0 0.306240771239629 0.2994214972738439 0.2759145456079271 0.571353476609888 0.12080744242597999 0.20251554370266253 0.21978189309941323 0.0 0.0 0.33507957502850866 0.39201100175517634 0.0 0.0 0.0 0.0 0.0 0.0 0.0 0.0 0.0 0.0 0.0 0.0 0.0 0.0 0.0 0.8239263410407135 0.0 0.0 0.0 0.0 0.0 0.0 0.0
air4uqnpimfcj
we should also remember that it was our first qiblah
0.0 0.306240771239629 0.2994214972738439 0.2759145456079271 0.571353476609888 0.12080744242597999 0.20251554370266253 0.21978189309941323 0.0 0.0 0.33507957502850866 0.39201100175517634 0.0 0.0 0.0 0.0 0.0 0.0 0.0 0.0 0.0 0.0 0.0 0.0 0.0 0.0 0.0 0.8239263410407135 0.0 0.0 0.0 0.0 0.0 0.0 0.0
aonmraht4motn
we should also remember that palestine is our first place of worship
0.0 0.25520064269969084 0.2495179143948699 0.2299287880066059 0.4761278971749066 0.10067286868831665 0.0 0.0 0.0 0.0 0.2792329791904239 0.3266758347959803 0.0 0.0 0.0 0.0 0.0 0.0 0.0 0.10890129323621885 0.0 0.0 0.0 0.0 0.0 0.0 0.0 0.0 0.0 0.0 0.0 0.40077638462158277 0.3776506308933552 0.06999514854981818 0.7443675492472567
