time has also proved that jinnah did not do any good to the muslims of india proven either by way even hadnt treated indian in a nice fashion it although and been with too towards this however didnt well from already shown benefit no for treat over proof so evident period himself really succeed aiding as
time has also proved that jinnah did not do any good to the muslims of india
0.2379349764026402 0.12829985112070147 0.17244659100495444 0.3657998020895242 0.07550465151623749 0.42638733691378067 0.25227738782443526 0.13378921801483523 0.2023648159622618 0.2214586788219112 0.28699107528123585 0.06749214435694753 0.026655036989347083 0.2409797184478938 0.05249636141236364 0.18834479604337084 0.0 0.0 0.0 0.0 0.0 0.0 0.0 0.0 0.0 0.0 0.0 0.0 0.0 0.0 0.0 0.0 0.0 0.0 0.0 0.0 0.0 0.0 0.0 0.0 0.0 0.0 0.0 0.0 0.0 0.0 0.0 0.0 0.0 0.0 0.0 0.0 0.0 0.0 0.0 0.0
time has also proven that jinnah did not do good to the muslims of india
0.2537973081628162 0.13685317452874823 0.18394303040528473 0.0 0.08053829495065332 0.4548131593746994 0.2690958803460643 0.14270849921582424 0.21585580369307925 0.0 0.30612381363331825 0.0719916206474107 0.028432039455303555 0.2570450330110867 0.05599611883985455 0.20090111577959557 0.42322753590232326 0.0 0.0 0.0 0.0 0.0 0.0 0.0 0.0 0.0 0.0 0.0 0.0 0.0 0.0 0.0 0.0 0.0 0.0 0.0 0.0 0.0 0.0 0.0 0.0 0.0 0.0 0.0 0.0 0.0 0.0 0.0 0.0 0.0 0.0 0.0 0.0 0.0 0.0 0.0
the time has proved that jinnah did not do any good to the muslims of india either
0.22393880132013194 0.12075280105477786 0.0 0.34428216667249334 0.07106320142704704 0.40130572886002885 0.23743754148182142 0.12591926401396258 0.19046100325859935 0.20843169771473996 0.2701092473235161 0.06352201821830356 0.0501741872740651 0.22680444089213533 0.04940834015281284 0.1772656903937608 0.0 0.3243931710208067 0.0 0.0 0.0 0.0 0.0 0.0 0.0 0.0 0.0 0.0 0.0 0.0 0.0 0.0 0.0 0.0 0.0 0.0 0.0 0.0 0.0 0.0 0.0 0.0 0.0 0.0 0.0 0.0 0.0 0.0 0.0 0.0 0.0 0.0 0.0 0.0 0.0 0.0
by the way even jinnah hadnt treated indian muslims in a nice fashion time has proved it
0.22393880132013194 0.12075280105477786 0.0 0.34428216667249334 0.0 0.40130572886002885 0.0 0.0 0.0 0.0 0.0 0.0 0.02508709363703255 0.22680444089213533 0.0 0.0 0.0 0.0 0.14679172125890871 0.2591295262616883 0.2153349356597778 0.5662092806780603 0.3701972506677542 0.21988622440011893 0.06057827661509889 0.08340490277480843 0.4777341396912207 0.5123098258619335 0.11912679041333091 0.0 0.0 0.0 0.0 0.0 0.0 0.0 0.0 0.0 0.0 0.0 0.0 0.0 0.0 0.0 0.0 0.0 0.0 0.0 0.0 0.0 0.0 0.0 0.0 0.0 0.0 0.0
a3dd3acpmvdvca
time has proved that jinnah did not do good to the indian muslims
0.29284304788017257 0.1579075090716326 0.0 0.45021514103326055 0.09292880186613844 0.5247844146631147 0.3104952465531511 0.16466365294133567 0.2490643888766299 0.0 0.35321978496152107 0.08306725459316619 0.0328061993715041 0.29659042270510005 0.0 0.0 0.0 0.0 0.0 0.0 0.0 0.0 0.0 0.28754352421554014 0.0 0.0 0.0 0.0 0.0 0.0 0.0 0.0 0.0 0.0 0.0 0.0 0.0 0.0 0.0 0.0 0.0 0.0 0.0 0.0 0.0 0.0 0.0 0.0 0.0 0.0 0.0 0.0 0.0 0.0 0.0 0.0
a143bvgouf83je
although jinnah also did not do good to the muslims of india and it has been proven with time
0.2003662959180128 0.10804197989111702 0.145218181898909 0.0 0.0 0.3590630205589732 0.21244411606268232 0.11266460464407177 0.1704124765997994 0.0 0.2416766949736723 0.05683548998479792 0.022446346938397543 0.20293028921927897 0.04420746224199044 0.15860614403652282 0.33412700202814993 0.0 0.0 0.0 0.0 0.0 0.0 0.0 0.0 0.0 0.0 0.0 0.10658712826455922 0.27435576200981 0.05231394946327852 0.15498437330193737 0.12370449747759231 0.0 0.0 0.0 0.0 0.0 0.0 0.0 0.0 0.0 0.0 0.0 0.0 0.0 0.0 0.0 0.0 0.0 0.0 0.0 0.0 0.0 0.0 0.0
a4x4g5ttibjer
even jinnah too did not do good towards the muslims of india time has proved this
0.2379349764026402 0.12829985112070147 0.0 0.3657998020895242 0.0 0.42638733691378067 0.25227738782443526 0.13378921801483523 0.2023648159622618 0.0 0.28699107528123585 0.0 0.026655036989347083 0.2409797184478938 0.05249636141236364 0.18834479604337084 0.0 0.0 0.0 0.0 0.2287933691385139 0.0 0.0 0.0 0.0 0.0 0.0 0.0 0.0 0.0 0.0 0.0 0.0 0.3134625027517434 0.3160009226988803 0.10709380520925124 0.0 0.0 0.0 0.0 0.0 0.0 0.0 0.0 0.0 0.0 0.0 0.0 0.0 0.0 0.0 0.0 0.0 0.0 0.0 0.0
a3u16uhguaktzs
however jinnah didnt do well with the muslims from india and time has already proven that
0.2379349764026402 0.12829985112070147 0.0 0.0 0.07550465151623749 0.42638733691378067 0.0 0.0 0.2023648159622618 0.0 0.0 0.0 0.026655036989347083 0.2409797184478938 0.0 0.18834479604337084 0.39677581490842806 0.0 0.0 0.0 0.0 0.0 0.0 0.0 0.0 0.0 0.0 0.0 0.0 0.0 0.06212281498764324 0.0 0.14689909075464086 0.0 0.0 0.0 0.2748204082776972 0.39796632709409646 0.28079405279415753 0.15080591496425244 0.3388040720085037 0.0 0.0 0.0 0.0 0.0 0.0 0.0 0.0 0.0 0.0 0.0 0.0 0.0 0.0 0.0
a2eldzaxlm8quo
time has shown that jinnah did not benefit the indian muslims
0.34608723840384026 0.18661796526647487 0.0 0.0 0.1098249476599818 0.6201997627836809 0.3669489277446331 0.19460249893066942 0.0 0.0 0.0 0.0 0.03877096289359576 0.3505159541060273 0.0 0.0 0.0 0.0 0.0 0.0 0.0 0.0 0.0 0.33982416498200196 0.0 0.0 0.0 0.0 0.0 0.0 0.0 0.0 0.0 0.0 0.0 0.0 0.0 0.0 0.0 0.0 0.0 0.5231233418744667 0.5806253926693313 0.0 0.0 0.0 0.0 0.0 0.0 0.0 0.0 0.0 0.0 0.0 0.0 0.0
a3qu3km3iywhif
time has proved that jinnah did no good for the indian muslims
0.31724663520352026 0.1710664681609353 0.0 0.4877330694526989 0.10067286868831665 0.5685164492183742 0.33636985043258033 0.0 0.0 0.0 0.3826547670416478 0.0 0.03554004931912944 0.3213062912638584 0.0 0.0 0.0 0.0 0.0 0.0 0.0 0.0 0.0 0.31150548456683513 0.0 0.0 0.0 0.0 0.0 0.0 0.0 0.0 0.0 0.0 0.0 0.0 0.0 0.0 0.0 0.0 0.0 0.0 0.0 0.2773707042994242 0.1608924749285346 0.0 0.0 0.0 0.0 0.0 0.0 0.0 0.0 0.0 0.0 0.0
a1qabqi4s90bfu
time has proved that jinnah did not treat the indian muslims well
0.31724663520352026 0.1710664681609353 0.0 0.4877330694526989 0.10067286868831665 0.5685164492183742 0.33636985043258033 0.1783856240197803 0.0 0.0 0.0 0.0 0.03554004931912944 0.3213062912638584 0.0 0.0 0.0 0.0 0.0 0.0 0.0 0.0 0.0 0.31150548456683513 0.0 0.0 0.0 0.0 0.0 0.0 0.0 0.0 0.0 0.0 0.0 0.0 0.0 0.0 0.37439207039221006 0.0 0.0 0.0 0.0 0.0 0.0 0.6145221644100441 0.0 0.0 0.0 0.0 0.0 0.0 0.0 0.0 0.0 0.0
ay9joh7iihjwe
it has been proven over time that jinnah has not been good to the muslims of india
0.22393880132013194 0.2415056021095557 0.0 0.0 0.07106320142704704 0.40130572886002885 0.0 0.12591926401396258 0.0 0.0 0.2701092473235161 0.06352201821830356 0.02508709363703255 0.22680444089213533 0.04940834015281284 0.1772656903937608 0.3734360610902852 0.0 0.0 0.0 0.0 0.0 0.0 0.0 0.0 0.0 0.0 0.0 0.11912679041333091 0.0 0.0 0.3464356579690365 0.0 0.0 0.0 0.0 0.0 0.0 0.0 0.0 0.0 0.0 0.0 0.0 0.0 0.0 0.21972327823107096 0.0 0.0 0.0 0.0 0.0 0.0 0.0 0.0 0.0
a2gg12ou3ao26n
proof that jinnah also did not treat the muslims of india so well has been evident over a period of time
0.1812837915448687 0.09775226752053445 0.13138787886091766 0.0 0.05752735353618094 0.32486654241049956 0.19221134310433163 0.10193464229701732 0.0 0.0 0.0 0.0 0.02030859961093111 0.18360359500791906 0.0799944554855065 0.1435007969854254 0.0 0.0 0.0 0.0 0.0 0.0 0.0 0.0 0.0 0.06751825462722587 0.0 0.0 0.0 0.0 0.0 0.14022395679699096 0.0 0.0 0.0 0.0 0.0 0.0 0.21393832593840573 0.0 0.0 0.0 0.0 0.0 0.0 0.35115552252002524 0.1778712252346765 0.2633911052049964 0.16829751854520605 0.3169115859979678 0.3220646138379789 0.0 0.0 0.0 0.0 0.0
a1lcle8gy2eo0v
although jinnah also did not do good to the muslims of india and it has been proven with time
0.2003662959180128 0.10804197989111702 0.145218181898909 0.0 0.0 0.3590630205589732 0.21244411606268232 0.11266460464407177 0.1704124765997994 0.0 0.2416766949736723 0.05683548998479792 0.022446346938397543 0.20293028921927897 0.04420746224199044 0.15860614403652282 0.33412700202814993 0.0 0.0 0.0 0.0 0.0 0.0 0.0 0.0 0.0 0.0 0.0 0.10658712826455922 0.27435576200981 0.05231394946327852 0.15498437330193737 0.12370449747759231 0.0 0.0 0.0 0.0 0.0 0.0 0.0 0.0 0.0 0.0 0.0 0.0 0.0 0.0 0.0 0.0 0.0 0.0 0.0 0.0 0.0 0.0 0.0
a330jjzgjl7ig2
even jinnah too did not do good for the muslims of india time has proved this
0.2379349764026402 0.12829985112070147 0.0 0.3657998020895242 0.0 0.42638733691378067 0.25227738782443526 0.13378921801483523 0.2023648159622618 0.0 0.28699107528123585 0.0 0.026655036989347083 0.2409797184478938 0.05249636141236364 0.18834479604337084 0.0 0.0 0.0 0.0 0.2287933691385139 0.0 0.0 0.0 0.0 0.0 0.0 0.0 0.0 0.0 0.0 0.0 0.0 0.3134625027517434 0.0 0.10709380520925124 0.0 0.0 0.0 0.0 0.0 0.0 0.0 0.0 0.12066935619640094 0.0 0.0 0.0 0.0 0.0 0.0 0.0 0.0 0.0 0.0 0.0
a2sb2bw2w4t4ww
jinnah himself did not really succeed in aiding the muslims of india as time has proven
0.2379349764026402 0.12829985112070147 0.0 0.0 0.0 0.42638733691378067 0.25227738782443526 0.13378921801483523 0.0 0.0 0.0 0.0 0.026655036989347083 0.2409797184478938 0.05249636141236364 0.18834479604337084 0.39677581490842806 0.0 0.0 0.0 0.0 0.0 0.0 0.0 0.06436441890354257 0.0 0.0 0.0 0.0 0.0 0.0 0.0 0.0 0.0 0.0 0.0 0.0 0.0 0.0 0.0 0.0 0.0 0.0 0.0 0.0 0.0 0.0 0.0 0.0 0.0 0.0 0.34890665648077973 0.3694991065514199 0.4070026538947907 0.5232996751894786 0.16470632943957153
a3uewlcbe68lil
even jinnah did not do good for the muslims of india time has proved this
0.2537973081628162 0.13685317452874823 0.0 0.39018645556215914 0.0 0.4548131593746994 0.2690958803460643 0.14270849921582424 0.21585580369307925 0.0 0.30612381363331825 0.0 0.028432039455303555 0.2570450330110867 0.05599611883985455 0.20090111577959557 0.0 0.0 0.0 0.0 0.24404626041441482 0.0 0.0 0.0 0.0 0.0 0.0 0.0 0.0 0.0 0.0 0.0 0.0 0.0 0.0 0.11423339222320132 0.0 0.0 0.0 0.0 0.0 0.0 0.0 0.0 0.12871397994282768 0.0 0.0 0.0 0.0 0.0 0.0 0.0 0.0 0.0 0.0 0.0
a1aklmhymfgmc2
however jinnah didnt do well for the muslims of india and time has already proven that
0.2379349764026402 0.12829985112070147 0.0 0.0 0.07550465151623749 0.42638733691378067 0.0 0.0 0.2023648159622618 0.0 0.0 0.0 0.026655036989347083 0.2409797184478938 0.05249636141236364 0.18834479604337084 0.39677581490842806 0.0 0.0 0.0 0.0 0.0 0.0 0.0 0.0 0.0 0.0 0.0 0.0 0.0 0.06212281498764324 0.0 0.0 0.0 0.0 0.0 0.2748204082776972 0.39796632709409646 0.28079405279415753 0.0 0.3388040720085037 0.0 0.0 0.0 0.12066935619640094 0.0 0.0 0.0 0.0 0.0 0.0 0.0 0.0 0.0 0.0 0.0
