the recent attacks are first since president barack obama has come into office in america after came power current assumed charge these were strikes us took on tuesday which place became present days not american prak control coming there was a attach united states to take obamas becoming of attack did until arent barak occurred before elected
the recent attacks are the first since president barack obama has come into office in america
0.05331007397869417 0.35709592288118 0.20369295773722423 0.13163353461580166 0.2450068760969852 0.2905515018191532 0.17363021396436365 0.274486182882285 0.21243881888997249 0.12829985112070147 0.27431973804356724 0.2876048281675468 0.3313390697045029 0.06436441890354257 0.1921548397802263 0.0 0.0 0.0 0.0 0.0 0.0 0.0 0.0 0.0 0.0 0.0 0.0 0.0 0.0 0.0 0.0 0.0 0.0 0.0 0.0 0.0 0.0 0.0 0.0 0.0 0.0 0.0 0.0 0.0 0.0 0.0 0.0 0.0 0.0 0.0 0.0 0.0 0.0 0.0 0.0 0.0 0.0
the recent attacks are the first attacks after president barack obama came into power in america
0.05331007397869417 0.35709592288118 0.40738591547444847 0.13163353461580166 0.2450068760969852 0.0 0.17363021396436365 0.274486182882285 0.21243881888997249 0.0 0.0 0.2876048281675468 0.0 0.06436441890354257 0.1921548397802263 0.18648269207594728 0.30109042134639025 0.2830465488243573 0.0 0.0 0.0 0.0 0.0 0.0 0.0 0.0 0.0 0.0 0.0 0.0 0.0 0.0 0.0 0.0 0.0 0.0 0.0 0.0 0.0 0.0 0.0 0.0 0.0 0.0 0.0 0.0 0.0 0.0 0.0 0.0 0.0 0.0 0.0 0.0 0.0 0.0 0.0
the current attacks are the first since barack obama assumed charge
0.07754192578719152 0.0 0.2962806657995989 0.19146695944116604 0.3563736379592512 0.4226203662824046 0.0 0.39925262964696 0.3090019183854145 0.0 0.0 0.0 0.0 0.0 0.0 0.0 0.0 0.0 0.5167250876233941 0.7611631639119689 0.6288643245840742 0.0 0.0 0.0 0.0 0.0 0.0 0.0 0.0 0.0 0.0 0.0 0.0 0.0 0.0 0.0 0.0 0.0 0.0 0.0 0.0 0.0 0.0 0.0 0.0 0.0 0.0 0.0 0.0 0.0 0.0 0.0 0.0 0.0 0.0 0.0 0.0
these were the first strikes since us president barack obama took office on tuesday
0.030462899416396665 0.0 0.0 0.0 0.2800078583965545 0.3320588592218893 0.19843453024498703 0.3136984947226114 0.24278722158854 0.0 0.0 0.0 0.37867322251943186 0.0 0.0 0.0 0.0 0.0 0.0 0.0 0.0 0.21510733123730233 0.21083056372899706 0.4791276456744819 0.26129498587480604 0.35310189602877184 0.1337862687411288 0.39937979524104505 0.0 0.0 0.0 0.0 0.0 0.0 0.0 0.0 0.0 0.0 0.0 0.0 0.0 0.0 0.0 0.0 0.0 0.0 0.0 0.0 0.0 0.0 0.0 0.0 0.0 0.0 0.0 0.0 0.0
a3bz8b0jpubzqq
in america the recent attacks are the first attacks which took place after the president barack obama took became the president
0.08123439844372445 0.2720730840999466 0.31038926893291313 0.10029221685013459 0.18667190559770303 0.0 0.2645793736599827 0.2091323298150743 0.16185814772569332 0.0 0.0 0.0 0.0 0.04903955725984196 0.14640368745160098 0.14208205110548364 0.0 0.0 0.0 0.0 0.0 0.0 0.0 0.0 0.0 0.4708025280383625 0.0 0.0 0.1435969000404843 0.2158003605104887 0.2567357746157032 0.0 0.0 0.0 0.0 0.0 0.0 0.0 0.0 0.0 0.0 0.0 0.0 0.0 0.0 0.0 0.0 0.0 0.0 0.0 0.0 0.0 0.0 0.0 0.0 0.0 0.0
a3dd3acpmvdvca
the present attacks were the first attacks since president barack obama took office
0.0656123987430082 0.0 0.5013980498147058 0.0 0.3015469244270587 0.3576018483928039 0.2136987248792168 0.3378291481628123 0.26146316171073536 0.0 0.0 0.0 0.40780193194400355 0.0 0.0 0.0 0.0 0.0 0.0 0.0 0.0 0.0 0.22704829940045837 0.0 0.0 0.3802635803386774 0.0 0.0 0.0 0.0 0.0 0.3433563869141957 0.0 0.0 0.0 0.0 0.0 0.0 0.0 0.0 0.0 0.0 0.0 0.0 0.0 0.0 0.0 0.0 0.0 0.0 0.0 0.0 0.0 0.0 0.0 0.0 0.0
a353ocl6lm6m4o
the attacks in these days are not after the american president prak obama in control
0.05686407891060711 0.0 0.2172724882530392 0.14040910359018843 0.0 0.0 0.1852055615619879 0.0 0.22660140681597066 0.0 0.0 0.0 0.0 0.13731076032755749 0.0 0.1989148715476771 0.0 0.0 0.0 0.0 0.0 0.20076684248814883 0.0 0.0 0.0 0.0 0.0 0.0 0.0 0.0 0.0 0.0 0.3003049613507936 0.14270849921582424 0.20934396455488474 0.6879136634724647 0.3311231212407269 0.0 0.0 0.0 0.0 0.0 0.0 0.0 0.0 0.0 0.0 0.0 0.0 0.0 0.0 0.0 0.0 0.0 0.0 0.0 0.0
a3kwcqj39dxkt4
after the president obama coming into power there was a recent attach in united states
0.028432039455303555 0.3809023177399253 0.0 0.0 0.0 0.0 0.1852055615619879 0.0 0.22660140681597066 0.0 0.0 0.30677848337871655 0.0 0.06865538016377874 0.0 0.1989148715476771 0.0 0.3019163187459811 0.0 0.0 0.0 0.0 0.0 0.0 0.0 0.0 0.0 0.0 0.0 0.0 0.0 0.0 0.0 0.0 0.0 0.0 0.0 0.36602608098564465 0.19093233351486466 0.1465212620662755 0.09452555647811622 0.5806178026435247 0.2688471238385404 0.33369993153634553 0.0 0.0 0.0 0.0 0.0 0.0 0.0 0.0 0.0 0.0 0.0 0.0 0.0
a2ouy7gqloca69
in america the recent attacks are the first attacks which took place after president barack obama became the president
0.06733904081519264 0.30071235611046737 0.3430618235574303 0.1108492923080435 0.20632157987114544 0.0 0.29242983404524403 0.23114625926929264 0.17889584748629261 0.0 0.0 0.0 0.0 0.054201615918772685 0.16181460192019056 0.15703805648500824 0.0 0.0 0.0 0.0 0.0 0.0 0.0 0.0 0.0 0.26018034444225296 0.0 0.0 0.15871236320264057 0.2385161879326454 0.28376059299630346 0.0 0.0 0.0 0.0 0.0 0.0 0.0 0.0 0.0 0.0 0.0 0.0 0.0 0.0 0.0 0.0 0.0 0.0 0.0 0.0 0.0 0.0 0.0 0.0 0.0 0.0
a1dndzlo2d5d48
the recent attacks are the first to take place since barack obamas becoming president of the united states
0.07108009863825888 0.31741859811660444 0.18106040687753266 0.11700758632515702 0.21778388986398686 0.25826800161702507 0.15433796796832325 0.24398771811758665 0.0 0.0 0.0 0.0 0.0 0.0 0.0 0.0 0.0 0.0 0.0 0.0 0.0 0.0 0.0 0.0 0.0 0.0 0.0 0.0 0.0 0.25176708726223684 0.0 0.0 0.0 0.0 0.0 0.0 0.0 0.0 0.0 0.0 0.0 0.0 0.22403926986545036 0.27808327628028795 0.059993017206175586 0.21446481493012115 0.3277702413494652 0.36302862878715053 0.04666343236654546 0.0 0.0 0.0 0.0 0.0 0.0 0.0 0.0
a3m4exda4ue7bp
in america the recent attacks are the first attacks which took place after barack obama became the president of the united states
0.07754192578719152 0.25970612573176727 0.2962806657995989 0.09573347972058302 0.1781868189796256 0.0 0.12627651924680994 0.19962631482348 0.15450095919270726 0.0 0.0 0.0 0.0 0.046810486475303684 0.13974897438561912 0.13562377605523437 0.0 0.0 0.0 0.0 0.0 0.0 0.0 0.0 0.0 0.2247012065637639 0.0 0.0 0.1370697682204623 0.20599125321455738 0.24506596667862574 0.0 0.0 0.0 0.0 0.0 0.0 0.0 0.0 0.0 0.0 0.0 0.1833048571626412 0.22752268059296288 0.0 0.0 0.0 0.0 0.03817917193626447 0.0 0.0 0.0 0.0 0.0 0.0 0.0 0.0
a2qxd8jqk5bvez
the present attacks were the first attacks since president barack obama took office
0.0656123987430082 0.0 0.5013980498147058 0.0 0.3015469244270587 0.3576018483928039 0.2136987248792168 0.3378291481628123 0.26146316171073536 0.0 0.0 0.0 0.40780193194400355 0.0 0.0 0.0 0.0 0.0 0.0 0.0 0.0 0.0 0.22704829940045837 0.0 0.0 0.3802635803386774 0.0 0.0 0.0 0.0 0.0 0.3433563869141957 0.0 0.0 0.0 0.0 0.0 0.0 0.0 0.0 0.0 0.0 0.0 0.0 0.0 0.0 0.0 0.0 0.0 0.0 0.0 0.0 0.0 0.0 0.0 0.0 0.0
a1dndzlo2d5d48
the present attacks were the first since president barack obama took office
0.07108009863825888 0.0 0.271590610316299 0.0 0.3266758347959803 0.3874020024255376 0.23150695195248486 0.36598157717637997 0.2832517585199633 0.0 0.0 0.0 0.44178542627267053 0.0 0.0 0.0 0.0 0.0 0.0 0.0 0.0 0.0 0.2459689910171632 0.0 0.0 0.4119522120335672 0.0 0.0 0.0 0.0 0.0 0.3719694191570453 0.0 0.0 0.0 0.0 0.0 0.0 0.0 0.0 0.0 0.0 0.0 0.0 0.0 0.0 0.0 0.0 0.0 0.0 0.0 0.0 0.0 0.0 0.0 0.0 0.0
a3edprdq0s0hp3
the present attack was the first attack since president barack obama took office
0.0656123987430082 0.0 0.0 0.0 0.3015469244270587 0.3576018483928039 0.2136987248792168 0.3378291481628123 0.26146316171073536 0.0 0.0 0.0 0.40780193194400355 0.0 0.0 0.0 0.0 0.0 0.0 0.0 0.0 0.0 0.0 0.0 0.0 0.3802635803386774 0.0 0.0 0.0 0.0 0.0 0.3433563869141957 0.0 0.0 0.0 0.0 0.0 0.0 0.0 0.16906299469185632 0.0 0.0 0.0 0.0 0.0 0.0 0.0 0.0 0.0 0.5863734214926091 0.0 0.0 0.0 0.0 0.0 0.0 0.0
a28p76cwxeubye
these attacks did not come until after us president barack obama came into control
0.0 0.0 0.23279195169968483 0.0 0.0 0.0 0.19843453024498703 0.3136984947226114 0.24278722158854 0.0 0.31350827204979115 0.32869123219148205 0.0 0.0 0.0 0.21312307665822547 0.3441033386815889 0.0 0.0 0.0 0.0 0.21510733123730233 0.0 0.0 0.26129498587480604 0.0 0.0 0.0 0.0 0.0 0.0 0.0 0.0 0.15290196344552598 0.0 0.0 0.3547747727579217 0.0 0.0 0.0 0.0 0.0 0.0 0.0 0.0 0.0 0.0 0.0 0.0 0.0 0.28831701465649745 0.3241401025924744 0.0 0.0 0.0 0.0 0.0
a2unp2crnrfiw8
the attacks these days arent after the american president barak obama became in control
0.06092579883279333 0.0 0.23279195169968483 0.0 0.0 0.0 0.19843453024498703 0.0 0.24278722158854 0.0 0.0 0.0 0.0 0.07355933588976293 0.0 0.21312307665822547 0.0 0.0 0.0 0.0 0.0 0.21510733123730233 0.0 0.0 0.0 0.0 0.0 0.0 0.0 0.0 0.3851036619235547 0.0 0.32175531573299315 0.0 0.22429710488023363 0.0 0.3547747727579217 0.0 0.0 0.0 0.0 0.0 0.0 0.0 0.0 0.0 0.0 0.0 0.0 0.0 0.0 0.0 0.52306947703807 0.44225504050299136 0.0 0.0 0.0
a31ikb373dzonk
these attacks occurred before president barack obama was elected
0.0 0.0 0.36212081375506533 0.0 0.0 0.0 0.3086759359366465 0.4879754362351733 0.37766901135995107 0.0 0.0 0.0 0.0 0.0 0.0 0.0 0.0 0.0 0.0 0.0 0.0 0.3346114041469147 0.0 0.0 0.0 0.0 0.0 0.0 0.0 0.0 0.0 0.0 0.0 0.0 0.0 0.0 0.0 0.0 0.0 0.24420210344379248 0.0 0.0 0.0 0.0 0.0 0.0 0.0 0.0 0.0 0.0 0.0 0.0 0.0 0.0 0.7614410054763605 0.4894668829387445 0.534368512828777
a1mmshjhu659at
after president obama came into the power there was a recent attack in the united states
0.05331007397869417 0.35709592288118 0.0 0.0 0.0 0.0 0.17363021396436365 0.0 0.21243881888997249 0.0 0.0 0.2876048281675468 0.0 0.06436441890354257 0.0 0.18648269207594728 0.30109042134639025 0.2830465488243573 0.0 0.0 0.0 0.0 0.0 0.0 0.0 0.0 0.0 0.0 0.0 0.0 0.0 0.0 0.0 0.0 0.0 0.0 0.0 0.0 0.17899906267018562 0.13736368318713327 0.08861770919823396 0.0 0.25204417859863165 0.31284368581532396 0.0 0.0 0.0 0.0 0.0 0.23821420248137243 0.0 0.0 0.0 0.0 0.0 0.0 0.0
