best regards sajjad ulhasnain hyderabad deccan wellwisher sijjadul husnain daccan well wisher sajjadulhusnain sincerely sajjah al hasnain hydrabad ul dakan hasan hayderabad alhasnain always being beauty of and
best regards sajjad ulhasnain hyderabad deccan
0.9853309508037863 1.0190020554493342 1.152917928404136 1.719784158681162 1.292292599104239 1.3535800624584586 0.0 0.0 0.0 0.0 0.0 0.0 0.0 0.0 0.0 0.0 0.0 0.0 0.0 0.0 0.0 0.0 0.0 0.0 0.0 0.0 0.0 0.0
wellwisher sijjadul husnain hyderabad daccan
0.0 0.0 0.0 0.0 1.5507511189250869 0.0 2.0637409904173944 2.0637409904173944 2.0637409904173944 2.0637409904173944 0.0 0.0 0.0 0.0 0.0 0.0 0.0 0.0 0.0 0.0 0.0 0.0 0.0 0.0 0.0 0.0 0.0 0.0
well wisher sajjadulhusnain hyderabad deccan
0.0 0.0 0.0 0.0 1.5507511189250869 1.6242960749501503 0.0 0.0 0.0 0.0 0.8985409689413041 1.5507511189250869 2.0637409904173944 0.0 0.0 0.0 0.0 0.0 0.0 0.0 0.0 0.0 0.0 0.0 0.0 0.0 0.0 0.0
sincerely sajjah al hasnain hydrabad deccan
0.0 0.0 0.0 0.0 0.0 1.3535800624584586 0.0 0.0 0.0 0.0 0.0 0.0 0.0 1.4887350984945134 1.719784158681162 0.9716780970591384 1.4515445066088117 1.719784158681162 0.0 0.0 0.0 0.0 0.0 0.0 0.0 0.0 0.0 0.0
a1hb5veh552cys
well wisher sajjad ul hasnain hyderabad dakan
0.0 0.0 0.9882153672035451 0.0 1.1076793706607764 0.0 0.0 0.0 0.0 0.0 0.6418149778152172 1.1076793706607764 0.0 0.0 0.0 0.0 1.2441810056646958 0.0 0.8868330125590942 1.1770376300581622 0.0 0.0 0.0 0.0 0.0 0.0 0.0 0.0
a2de039cxxjuga
well wisher sajjad ul hasan hayderabad dakan
0.0 0.0 0.9882153672035451 0.0 0.0 0.0 0.0 0.0 0.0 0.0 0.6418149778152172 1.1076793706607764 0.0 0.0 0.0 0.0 0.0 0.0 0.8868330125590942 1.1770376300581622 0.9435904121975233 1.27605865585244 0.0 0.0 0.0 0.0 0.0 0.0
a3dd3acpmvdvca
well wisher sajjad alhasnain hyderabad deccan
0.0 0.0 1.152917928404136 0.0 1.292292599104239 1.3535800624584586 0.0 0.0 0.0 0.0 0.7487841407844201 1.292292599104239 0.0 0.0 0.0 0.0 0.0 0.0 0.0 0.0 0.0 0.0 1.4887350984945134 0.0 0.0 0.0 0.0 0.0
alrghxunh1uv7
always being beauty of hyderabad deccan
0.0 0.0 0.0 0.0 1.292292599104239 1.3535800624584586 0.0 0.0 0.0 0.0 0.0 0.0 0.0 0.0 0.0 0.0 0.0 0.0 0.0 0.0 0.0 0.0 0.0 0.8552198577077026 0.6092620426826946 1.6042596285878377 0.13999029709963637 0.0
avktegthhn2vp
well wisher sajjad ul hasnain hyderabad dakan
0.0 0.0 0.9882153672035451 0.0 1.1076793706607764 0.0 0.0 0.0 0.0 0.0 0.6418149778152172 1.1076793706607764 0.0 0.0 0.0 0.0 1.2441810056646958 0.0 0.8868330125590942 1.1770376300581622 0.0 0.0 0.0 0.0 0.0 0.0 0.0 0.0
a2dwqf4zhhblow
well wisher sajjad ul hasnain hyderabad dakan
0.0 0.0 0.9882153672035451 0.0 1.1076793706607764 0.0 0.0 0.0 0.0 0.0 0.6418149778152172 1.1076793706607764 0.0 0.0 0.0 0.0 1.2441810056646958 0.0 0.8868330125590942 1.1770376300581622 0.0 0.0 0.0 0.0 0.0 0.0 0.0 0.0
a3a4p6bwfe7hfn
well wisher sajjad ul hasnain hyderabad dakan
0.0 0.0 0.9882153672035451 0.0 1.1076793706607764 0.0 0.0 0.0 0.0 0.0 0.6418149778152172 1.1076793706607764 0.0 0.0 0.0 0.0 1.2441810056646958 0.0 0.8868330125590942 1.1770376300581622 0.0 0.0 0.0 0.0 0.0 0.0 0.0 0.0
a3m6cl5oao31z
well wisher sajjad ul hasan hayderabad dakan
0.0 0.0 0.9882153672035451 0.0 0.0 0.0 0.0 0.0 0.0 0.0 0.6418149778152172 1.1076793706607764 0.0 0.0 0.0 0.0 0.0 0.0 0.8868330125590942 1.1770376300581622 0.9435904121975233 1.27605865585244 0.0 0.0 0.0 0.0 0.0 0.0
al2rcq9eyun61
well wisher sajjad ul hasan hayderabad dakan
0.0 0.0 0.9882153672035451 0.0 0.0 0.0 0.0 0.0 0.0 0.0 0.6418149778152172 1.1076793706607764 0.0 0.0 0.0 0.0 0.0 0.0 0.8868330125590942 1.1770376300581622 0.9435904121975233 1.27605865585244 0.0 0.0 0.0 0.0 0.0 0.0
a3bnv4r3pkyf7u
well wisher sajjad ul hasan hayderabad dakan
0.0 0.0 0.9882153672035451 0.0 0.0 0.0 0.0 0.0 0.0 0.0 0.6418149778152172 1.1076793706607764 0.0 0.0 0.0 0.0 0.0 0.0 0.8868330125590942 1.1770376300581622 0.9435904121975233 1.27605865585244 0.0 0.0 0.0 0.0 0.0 0.0
a2qxd8jqk5bvez
well wisher sajjad alhasnain hyderabad deccan
0.0 0.0 1.152917928404136 0.0 1.292292599104239 1.3535800624584586 0.0 0.0 0.0 0.0 0.7487841407844201 1.292292599104239 0.0 0.0 0.0 0.0 0.0 0.0 0.0 0.0 0.0 0.0 1.4887350984945134 0.0 0.0 0.0 0.0 0.0
a3m6cl5oao31z
well wisher sajjad alhasnain hyderabad deccan
0.0 0.0 1.152917928404136 0.0 1.292292599104239 1.3535800624584586 0.0 0.0 0.0 0.0 0.7487841407844201 1.292292599104239 0.0 0.0 0.0 0.0 0.0 0.0 0.0 0.0 0.0 0.0 1.4887350984945134 0.0 0.0 0.0 0.0 0.0
a6mpnb4h7l9bs
well wisher sajjad alhasnain hyderabad and deccan
0.0 0.0 0.9882153672035451 0.0 1.1076793706607764 1.1602114821072502 0.0 0.0 0.0 0.0 0.6418149778152172 1.1076793706607764 0.0 0.0 0.0 0.0 0.0 0.0 0.0 0.0 0.0 0.0 1.27605865585244 0.0 0.0 0.0 0.0 0.1419950056860417
a477wg206bmm6
always being beauty of hyderabad deccan
0.0 0.0 0.0 0.0 1.292292599104239 1.3535800624584586 0.0 0.0 0.0 0.0 0.0 0.0 0.0 0.0 0.0 0.0 0.0 0.0 0.0 0.0 0.0 0.0 0.0 0.8552198577077026 0.6092620426826946 1.6042596285878377 0.13999029709963637 0.0
