but sadly our government treated swat like a step mother alas sawat stepmother its pity that governments accorded stepmotherly treatment to however it is matter of regret have sad disheartening know how would treat anothers child sorrow tragically behaved with south as in the same way another persons regrettable an adversary toward
but sadly our government treated swat like a step mother
0.26116422967164976 0.8016119859092925 0.33507957502850866 0.2994874385884654 0.6293353261351822 0.46249728132842705 0.3776232991580166 0.14178833471717434 0.6144317682191334 0.5556531017289215 0.0 0.0 0.0 0.0 0.0 0.0 0.0 0.0 0.0 0.0 0.0 0.0 0.0 0.0 0.0 0.0 0.0 0.0 0.0 0.0 0.0 0.0 0.0 0.0 0.0 0.0 0.0 0.0 0.0 0.0 0.0 0.0 0.0 0.0 0.0 0.0 0.0 0.0 0.0 0.0 0.0 0.0
but alas our government treated sawat like a stepmother
0.29018247741294423 0.0 0.3723106389205652 0.3327638206538504 0.6992614734835357 0.0 0.41958144350890736 0.1575425941301937 0.0 0.0 0.8193628858800589 0.7686119522694239 0.9474383869843239 0.0 0.0 0.0 0.0 0.0 0.0 0.0 0.0 0.0 0.0 0.0 0.0 0.0 0.0 0.0 0.0 0.0 0.0 0.0 0.0 0.0 0.0 0.0 0.0 0.0 0.0 0.0 0.0 0.0 0.0 0.0 0.0 0.0 0.0 0.0 0.0 0.0 0.0 0.0
but its a pity that our governments accorded a stepmotherly treatment to swat
0.20089556128588446 0.0 0.25775351925269896 0.0 0.0 0.35576713948340544 0.0 0.2181358995648836 0.0 0.0 0.0 0.0 0.0 0.25490945864416237 0.6092930522529693 0.09292880186613844 0.4242064544118242 0.6559188832968397 0.7937465347759208 0.5271514653297881 0.08306725459316619 0.0 0.0 0.0 0.0 0.0 0.0 0.0 0.0 0.0 0.0 0.0 0.0 0.0 0.0 0.0 0.0 0.0 0.0 0.0 0.0 0.0 0.0 0.0 0.0 0.0 0.0 0.0 0.0 0.0 0.0 0.0
however it is a matter of regret that our governments have treated swat like a stepmother
0.0 0.0 0.20942473439281792 0.0 0.39333457883448886 0.2890608008302669 0.2360145619737604 0.17723541839646792 0.0 0.0 0.0 0.0 0.5329340926786822 0.0 0.0 0.07550465151623749 0.34466774420960716 0.0 0.0 0.0 0.0 0.2748204082776972 0.12657221481416409 0.08167596992716414 0.3061356220509178 0.05249636141236364 0.507592523421922 0.14299812674927684 0.0 0.0 0.0 0.0 0.0 0.0 0.0 0.0 0.0 0.0 0.0 0.0 0.0 0.0 0.0 0.0 0.0 0.0 0.0 0.0 0.0 0.0 0.0 0.0
a3dd3acpmvdvca
but its sad that our governments have treated swat like a step mother
0.20089556128588446 0.0 0.25775351925269896 0.0 0.4841040970270632 0.35576713948340544 0.290479460890782 0.1090679497824418 0.4726398217070257 0.4274254628684011 0.0 0.0 0.0 0.25490945864416237 0.0 0.09292880186613844 0.4242064544118242 0.0 0.0 0.0 0.0 0.0 0.0 0.0 0.0 0.0 0.0 0.17599769446064842 0.44591664423368693 0.0 0.0 0.0 0.0 0.0 0.0 0.0 0.0 0.0 0.0 0.0 0.0 0.0 0.0 0.0 0.0 0.0 0.0 0.0 0.0 0.0 0.0 0.0
a21xirv18up71h
but its disheartening to know that our government treated swat like how a step mother would treat anothers child
0.13745485772192093 0.0 0.17635767106763614 0.1576249676781397 0.3312291190185169 0.24341962175180373 0.19874910482000874 0.0746254393248286 0.3233851411679649 0.2924490009099586 0.0 0.0 0.0 0.1744117348617953 0.0 0.06358286443472631 0.0 0.0 0.0 0.0 0.05683548998479792 0.0 0.0 0.0 0.0 0.0 0.0 0.0 0.0 0.45838247577120367 0.23462730150637395 0.20649701863008008 0.1820573709701457 0.3881192617326595 0.4852680349167821 0.3502707003135434 0.0 0.0 0.0 0.0 0.0 0.0 0.0 0.0 0.0 0.0 0.0 0.0 0.0 0.0 0.0 0.0
a3sw1e5d0b9v9a
but it is matter of sorrow that our government treated swat like a step mother
0.17410948644776653 0.0 0.22338638335233912 0.19965829239231025 0.41955688409012143 0.30833152088561805 0.2517488661053444 0.09452555647811622 0.40962117881275556 0.37043540115261425 0.0 0.0 0.0 0.0 0.0 0.08053829495065332 0.0 0.0 0.0 0.0 0.0 0.0 0.1350103624684417 0.08712103458897508 0.326544663520979 0.05599611883985455 0.0 0.0 0.0 0.0 0.0 0.0 0.0 0.0 0.0 0.0 0.4387356889202402 0.0 0.0 0.0 0.0 0.0 0.0 0.0 0.0 0.0 0.0 0.0 0.0 0.0 0.0 0.0
a2i57ww1b3evwx
but tragically our government behaved with south as step mother
0.26116422967164976 0.0 0.33507957502850866 0.2994874385884654 0.0 0.0 0.0 0.0 0.6144317682191334 0.5556531017289215 0.0 0.0 0.0 0.0 0.0 0.0 0.0 0.0 0.0 0.0 0.0 0.0 0.0 0.0 0.0 0.0 0.0 0.0 0.0 0.0 0.0 0.0 0.0 0.0 0.0 0.0 0.0 0.9625557771527026 1.0318704952086972 0.23503854520742537 0.5218838524262772 0.26353012710331447 0.0 0.0 0.0 0.0 0.0 0.0 0.0 0.0 0.0 0.0
a1wgq344wqriu5
but its sad that our governments have treated swat like a step mother
0.20089556128588446 0.0 0.25775351925269896 0.0 0.4841040970270632 0.35576713948340544 0.290479460890782 0.1090679497824418 0.4726398217070257 0.4274254628684011 0.0 0.0 0.0 0.25490945864416237 0.0 0.09292880186613844 0.4242064544118242 0.0 0.0 0.0 0.0 0.0 0.0 0.0 0.0 0.0 0.0 0.17599769446064842 0.44591664423368693 0.0 0.0 0.0 0.0 0.0 0.0 0.0 0.0 0.0 0.0 0.0 0.0 0.0 0.0 0.0 0.0 0.0 0.0 0.0 0.0 0.0 0.0 0.0
a1yyp7540py83g
but its sad that our governments have treated swat like a step mother
0.20089556128588446 0.0 0.25775351925269896 0.0 0.4841040970270632 0.35576713948340544 0.290479460890782 0.1090679497824418 0.4726398217070257 0.4274254628684011 0.0 0.0 0.0 0.25490945864416237 0.0 0.09292880186613844 0.4242064544118242 0.0 0.0 0.0 0.0 0.0 0.0 0.0 0.0 0.0 0.0 0.17599769446064842 0.44591664423368693 0.0 0.0 0.0 0.0 0.0 0.0 0.0 0.0 0.0 0.0 0.0 0.0 0.0 0.0 0.0 0.0 0.0 0.0 0.0 0.0 0.0 0.0 0.0
a6tw9zegog7ph
but its sad that our governments have treated swat like a stepmother
0.21763685805970814 0.0 0.2792329791904239 0.0 0.5244461051126518 0.3854144011070226 0.3146860826316805 0.11815694559764528 0.0 0.0 0.0 0.0 0.7105787902382429 0.2761519135311759 0.0 0.10067286868831665 0.4595569922794762 0.0 0.0 0.0 0.0 0.0 0.0 0.0 0.0 0.0 0.0 0.1906641689990358 0.48307636458649417 0.0 0.0 0.0 0.0 0.0 0.0 0.0 0.0 0.0 0.0 0.0 0.0 0.0 0.0 0.0 0.0 0.0 0.0 0.0 0.0 0.0 0.0 0.0
ajcv8bvciqxhp
but it is disheartening to know that our government treated swat like how a step mother would treat anothers child
0.13058211483582488 0.0 0.16753978751425433 0.1497437192942327 0.3146676630675911 0.23124864066421352 0.1888116495790083 0.07089416735858717 0.3072158841095667 0.27782655086446073 0.0 0.0 0.0 0.0 0.0 0.060403721212989994 0.0 0.0 0.0 0.0 0.05399371548555802 0.0 0.10125777185133127 0.06534077594173131 0.0 0.0 0.0 0.0 0.0 0.4354633519826435 0.22289593643105526 0.19617216769857607 0.17295450242163843 0.36871329864602653 0.46100463317094303 0.3327571652978662 0.0 0.0 0.0 0.0 0.0 0.0 0.0 0.0 0.0 0.0 0.0 0.0 0.0 0.0 0.0 0.0
a3odrygim0wb3t
but its disheartening to know that our government treated swat in the same way a step mother would treat another persons child
0.11871101348711353 0.0 0.1523088977402312 0.1361306539038479 0.28606151187962825 0.21022603696746686 0.0 0.06444924305326107 0.27928716737233333 0.2525695916949643 0.0 0.0 0.0 0.15062831647155048 0.0 0.0549124738299909 0.0 0.0 0.0 0.0 0.04908519589596184 0.0 0.0 0.0 0.0 0.0 0.0 0.0 0.0 0.39587577452967593 0.2026326694827775 0.0 0.15723136583785313 0.3351939078600241 0.0 0.3025065139071511 0.0 0.0 0.0 0.0 0.0 0.0 0.046810486475303684 0.01938548144679788 0.199144033954752 0.20023645211130459 0.2208690653610369 0.25748839099679305 0.0 0.0 0.0 0.0
a1ezv3q6pgmqty
but its disheartening to know that our government treated swat like a step mother would treat anothers child
0.14509123870647211 0.0 0.1861553194602826 0.1663819103269252 0.34963073674176787 0.2569429340713484 0.20979072175445368 0.07877129706509685 0.341350982343963 0.30869616762717855 0.0 0.0 0.0 0.1841012756874506 0.0 0.0671152457922111 0.0 0.0 0.0 0.0 0.059993017206175586 0.0 0.0 0.0 0.0 0.0 0.0 0.0 0.0 0.4838481688696039 0.24766215159006139 0.0 0.19217166935737603 0.40968144294002945 0.5122273701899367 0.3697301836642958 0.0 0.0 0.0 0.0 0.0 0.0 0.0 0.0 0.0 0.0 0.0 0.0 0.0 0.0 0.0 0.0
au2ar4vob7vlv
it is a matter of sorrow that our government treated swat like a stepmother
0.0 0.0 0.2393425535917919 0.213919598991761 0.44952523295370156 0.3303552009488765 0.26973092797001186 0.20255476388167762 0.0 0.0 0.0 0.0 0.6090675344899225 0.0 0.0 0.08629103030427142 0.0 0.0 0.0 0.0 0.0 0.0 0.1446539597876161 0.09334396563104473 0.3498692823439061 0.05999584161412987 0.0 0.0 0.0 0.0 0.0 0.0 0.0 0.0 0.0 0.0 0.47007395241454303 0.0 0.0 0.0 0.0 0.0 0.0 0.0 0.0 0.0 0.0 0.0 0.0 0.0 0.0 0.0
a1nee8mf6oybf8
however it is matter of sorrow that our government treated swat like a stepmother
0.0 0.0 0.2393425535917919 0.213919598991761 0.44952523295370156 0.3303552009488765 0.26973092797001186 0.10127738194083881 0.0 0.0 0.0 0.0 0.6090675344899225 0.0 0.0 0.08629103030427142 0.0 0.0 0.0 0.0 0.0 0.31408046660308253 0.1446539597876161 0.09334396563104473 0.3498692823439061 0.05999584161412987 0.0 0.0 0.0 0.0 0.0 0.0 0.0 0.0 0.0 0.0 0.47007395241454303 0.0 0.0 0.0 0.0 0.0 0.0 0.0 0.0 0.0 0.0 0.0 0.0 0.0 0.0 0.0
a301gnfg8w711q
but it is regrettable that our government treated swat as an adversary
0.21763685805970814 0.0 0.2792329791904239 0.24957286549038782 0.5244461051126518 0.3854144011070226 0.0 0.0 0.0 0.0 0.0 0.0 0.0 0.0 0.0 0.10067286868831665 0.0 0.0 0.0 0.0 0.0 0.0 0.16876295308555211 0.10890129323621885 0.0 0.0 0.0 0.0 0.0 0.0 0.0 0.0 0.0 0.0 0.0 0.0 0.0 0.0 0.0 0.0 0.0 0.21960843925276205 0.0 0.0 0.0 0.0 0.0 0.0 0.7443675492472567 0.24586377214796581 0.859892079340581 0.0
a3ohqrf1mdq99b
but tragically our government like a stepmother toward the south
0.26116422967164976 0.0 0.33507957502850866 0.2994874385884654 0.0 0.0 0.3776232991580166 0.14178833471717434 0.0 0.0 0.0 0.0 0.8526945482858915 0.0 0.0 0.0 0.0 0.0 0.0 0.0 0.0 0.0 0.0 0.0 0.0 0.0 0.0 0.0 0.0 0.0 0.0 0.0 0.0 0.0 0.0 0.0 0.0 0.9625557771527026 0.0 0.0 0.5218838524262772 0.0 0.0 0.042648059182955333 0.0 0.0 0.0 0.0 0.0 0.0 0.0 0.6629825497973034
