until now according to government strategy negotiations are being held along with the use of power so far as per governmental continuing force talks conducted governments in progress at same time is also used traditionally both roles were played by psychiatrists who not only counseled patients tactic discussions have been going on till policy cross engage besides tactics and included ongoing together even continue side but prescribed them drugs rather than
until now according to government strategy negotiations are being held along with the use of power
0.2836225897684151 0.21412895693218012 0.20582291484052814 0.06749214435694753 0.18717964911779086 0.3710423948383181 0.5329340926786822 0.13163353461580166 0.22847326600601048 0.3273312866939067 0.30925418274745675 0.14689909075464086 0.026655036989347083 0.3107248388355939 0.05249636141236364 0.2830465488243573 0.0 0.0 0.0 0.0 0.0 0.0 0.0 0.0 0.0 0.0 0.0 0.0 0.0 0.0 0.0 0.0 0.0 0.0 0.0 0.0 0.0 0.0 0.0 0.0 0.0 0.0 0.0 0.0 0.0 0.0 0.0 0.0 0.0 0.0 0.0 0.0 0.0 0.0 0.0 0.0 0.0 0.0 0.0 0.0 0.0 0.0 0.0 0.0 0.0 0.0 0.0 0.0 0.0 0.0 0.0
so far as per governmental strategy negotiations are continuing along with the use of force
0.0 0.0 0.0 0.0 0.0 0.39577855449420596 0.5684630321905944 0.14040910359018843 0.0 0.0 0.32987112826395387 0.1566923634716169 0.028432039455303555 0.3314398280913001 0.05599611883985455 0.0 0.23561652596328847 0.31771635781102353 0.17568675140220963 0.45898118317345493 0.5169170396416957 0.41955688409012143 0.3283384937156406 0.0 0.0 0.0 0.0 0.0 0.0 0.0 0.0 0.0 0.0 0.0 0.0 0.0 0.0 0.0 0.0 0.0 0.0 0.0 0.0 0.0 0.0 0.0 0.0 0.0 0.0 0.0 0.0 0.0 0.0 0.0 0.0 0.0 0.0 0.0 0.0 0.0 0.0 0.0 0.0 0.0 0.0 0.0 0.0 0.0 0.0 0.0 0.0
according to the government strategy so far the talks are being conducted along with the use of force
0.0 0.0 0.18295370208046946 0.059993017206175586 0.1663819103269252 0.329815462078505 0.0 0.11700758632515702 0.2030873475608982 0.0 0.2748926068866282 0.13057696955968076 0.07108009863825888 0.2761998567427501 0.04666343236654546 0.0 0.19634710496940708 0.2647636315091863 0.0 0.0 0.0 0.0 0.27361541142970053 0.30327180820696104 0.3448795048840922 0.0 0.0 0.0 0.0 0.0 0.0 0.0 0.0 0.0 0.0 0.0 0.0 0.0 0.0 0.0 0.0 0.0 0.0 0.0 0.0 0.0 0.0 0.0 0.0 0.0 0.0 0.0 0.0 0.0 0.0 0.0 0.0 0.0 0.0 0.0 0.0 0.0 0.0 0.0 0.0 0.0 0.0 0.0 0.0 0.0 0.0
as per the governments strategy talks are in progress at the same time force is also being used
0.0 0.0 0.0 0.0 0.0 0.329815462078505 0.0 0.11700758632515702 0.2030873475608982 0.0 0.0 0.0 0.04738673242550592 0.0 0.0 0.0 0.0 0.0 0.14640562616850802 0.38248431931121246 0.0 0.0 0.27361541142970053 0.30327180820696104 0.0 0.30637132818631746 0.05721281680314895 0.3457977994369372 0.17208888077247084 0.24339826372247467 0.21149775680234684 0.07260086215747924 0.1532858586710706 0.2576962412816613 0.0 0.0 0.0 0.0 0.0 0.0 0.0 0.0 0.0 0.0 0.0 0.0 0.0 0.0 0.0 0.0 0.0 0.0 0.0 0.0 0.0 0.0 0.0 0.0 0.0 0.0 0.0 0.0 0.0 0.0 0.0 0.0 0.0 0.0 0.0 0.0 0.0
a172x4w90uost1
traditionally both roles were played by psychiatrists who not only counseled patients
0.0 0.0 0.0 0.0 0.0 0.0 0.0 0.0 0.0 0.0 0.0 0.0 0.0 0.0 0.0 0.0 0.0 0.0 0.0 0.0 0.0 0.0 0.0 0.0 0.0 0.0 0.0 0.0 0.0 0.0 0.0 0.0 0.0 0.0 0.7105787902382429 0.3719694191570453 0.6977329002526381 0.2459689910171632 0.43800915992166695 0.20795493845012067 0.7443675492472567 0.2453396614056688 0.1783856240197803 0.28049802562184184 0.7257722533044059 0.5567598993633821 0.0 0.0 0.0 0.0 0.0 0.0 0.0 0.0 0.0 0.0 0.0 0.0 0.0 0.0 0.0 0.0 0.0 0.0 0.0 0.0 0.0 0.0 0.0 0.0 0.0
a3dd3acpmvdvca
according to the government tactic so far along with force discussions have been going on
0.0 0.0 0.21954444249656335 0.0719916206474107 0.19965829239231025 0.0 0.0 0.0 0.0 0.0 0.32987112826395387 0.1566923634716169 0.028432039455303555 0.0 0.0 0.0 0.23561652596328847 0.31771635781102353 0.0 0.0 0.0 0.0 0.3283384937156406 0.0 0.0 0.0 0.0 0.0 0.0 0.0 0.0 0.0 0.0 0.0 0.0 0.0 0.0 0.0 0.0 0.0 0.0 0.0 0.0 0.0 0.0 0.0 0.6879136634724647 0.44367622039715493 0.15253133519922862 0.19631353951578737 0.2970049184325916 0.12486718415838688 0.0 0.0 0.0 0.0 0.0 0.0 0.0 0.0 0.0 0.0 0.0 0.0 0.0 0.0 0.0 0.0 0.0 0.0 0.0
alzgu09bjzsiw
till now according to government policy cross talks are also going along with the power use
0.0 0.21412895693218012 0.20582291484052814 0.06749214435694753 0.18717964911779086 0.0 0.0 0.13163353461580166 0.0 0.0 0.30925418274745675 0.14689909075464086 0.026655036989347083 0.3107248388355939 0.0 0.2830465488243573 0.0 0.0 0.0 0.0 0.0 0.0 0.0 0.34118078423283116 0.0 0.0 0.0 0.0 0.0 0.0 0.0 0.0 0.17244659100495444 0.0 0.0 0.0 0.0 0.0 0.0 0.0 0.0 0.0 0.0 0.0 0.0 0.0 0.0 0.0 0.0 0.0 0.2784421110305546 0.0 0.3483608014827325 0.2840095879089101 0.5232996751894786 0.0 0.0 0.0 0.0 0.0 0.0 0.0 0.0 0.0 0.0 0.0 0.0 0.0 0.0 0.0 0.0
a132zmwemnnusa
the governments policy so far is to engage in talks besides the use of force
0.0 0.0 0.0 0.0719916206474107 0.0 0.0 0.0 0.0 0.0 0.0 0.0 0.0 0.05686407891060711 0.3314398280913001 0.05599611883985455 0.0 0.23561652596328847 0.31771635781102353 0.0 0.0 0.0 0.0 0.3283384937156406 0.36392616984835324 0.0 0.367645593823581 0.06865538016377874 0.0 0.0 0.0 0.0 0.08712103458897508 0.0 0.0 0.0 0.0 0.0 0.0 0.0 0.0 0.0 0.0 0.0 0.0 0.0 0.0 0.0 0.0 0.0 0.0 0.0 0.0 0.0 0.3029435604361708 0.0 0.5492842273604757 0.3871896963713414 0.0 0.0 0.0 0.0 0.0 0.0 0.0 0.0 0.0 0.0 0.0 0.0 0.0 0.0
au2ar4vob7vlv
according to the government tactics along with force and discussions have been going on
0.0 0.0 0.23522618838917503 0.07713387926508289 0.213919598991761 0.0 0.0 0.0 0.0 0.0 0.35343335171137913 0.167884675148161 0.030462899416396665 0.0 0.0 0.0 0.0 0.0 0.0 0.0 0.0 0.0 0.3517912432667578 0.0 0.0 0.0 0.0 0.0 0.0 0.0 0.0 0.0 0.0 0.0 0.0 0.0 0.0 0.0 0.0 0.0 0.0 0.0 0.0 0.0 0.0 0.0 0.0 0.47536737899695175 0.1634264305706021 0.21033593519548646 0.31821955546349096 0.1337862687411288 0.0 0.0 0.0 0.0 0.0 0.5485462587479794 0.07099750284302085 0.0 0.0 0.0 0.0 0.0 0.0 0.0 0.0 0.0 0.0 0.0 0.0
a2eldzaxlm8quo
the governments tactics so far have included discussions along with force
0.0 0.0 0.0 0.0 0.0 0.0 0.0 0.0 0.0 0.0 0.44982426581448254 0.21367140473402307 0.03877096289359576 0.0 0.0 0.0 0.3212952626772116 0.4332495788332139 0.0 0.0 0.0 0.0 0.4477343096122372 0.0 0.0 0.5013349006685195 0.0 0.0 0.0 0.0 0.0 0.0 0.0 0.0 0.0 0.0 0.0 0.0 0.0 0.0 0.0 0.0 0.0 0.0 0.0 0.0 0.0 0.6050130278143022 0.2079972752716754 0.0 0.0 0.0 0.0 0.0 0.0 0.0 0.0 0.6981497838610647 0.0 0.4625087577483985 0.0 0.0 0.0 0.0 0.0 0.0 0.0 0.0 0.0 0.0 0.0
a1c0lbe9vl3ax
according to the government tactics so far along with force discussions have been ongoing
0.0 0.0 0.23522618838917503 0.07713387926508289 0.213919598991761 0.0 0.0 0.0 0.0 0.0 0.35343335171137913 0.167884675148161 0.030462899416396665 0.0 0.0 0.0 0.2524462778178091 0.3404103833689538 0.0 0.0 0.0 0.0 0.3517912432667578 0.0 0.0 0.0 0.0 0.0 0.0 0.0 0.0 0.0 0.0 0.0 0.0 0.0 0.0 0.0 0.0 0.0 0.0 0.0 0.0 0.0 0.0 0.0 0.0 0.47536737899695175 0.1634264305706021 0.21033593519548646 0.0 0.0 0.0 0.0 0.0 0.0 0.0 0.5485462587479794 0.0 0.0 0.5100465086956446 0.0 0.0 0.0 0.0 0.0 0.0 0.0 0.0 0.0 0.0
a39fzdwoczv0rm
till now according to the government policy cross talks are going along together with the use of power
0.0 0.19033685060638234 0.18295370208046946 0.059993017206175586 0.1663819103269252 0.0 0.0 0.11700758632515702 0.0 0.0 0.2748926068866282 0.13057696955968076 0.04738673242550592 0.2761998567427501 0.04666343236654546 0.2515969322883176 0.0 0.0 0.0 0.0 0.0 0.0 0.0 0.30327180820696104 0.0 0.0 0.0 0.0 0.0 0.0 0.0 0.0 0.0 0.0 0.0 0.0 0.0 0.0 0.0 0.0 0.0 0.0 0.0 0.0 0.0 0.0 0.0 0.0 0.0 0.0 0.2475040986938263 0.0 0.3096540457624289 0.2524529670301423 0.4651552668350921 0.0 0.0 0.0 0.0 0.0 0.0 0.29793766080476164 0.0 0.0 0.0 0.0 0.0 0.0 0.0 0.0 0.0
a28bkewmh007rw
till now according to government policy cross talks are also going along with the power use
0.0 0.21412895693218012 0.20582291484052814 0.06749214435694753 0.18717964911779086 0.0 0.0 0.13163353461580166 0.0 0.0 0.30925418274745675 0.14689909075464086 0.026655036989347083 0.3107248388355939 0.0 0.2830465488243573 0.0 0.0 0.0 0.0 0.0 0.0 0.0 0.34118078423283116 0.0 0.0 0.0 0.0 0.0 0.0 0.0 0.0 0.17244659100495444 0.0 0.0 0.0 0.0 0.0 0.0 0.0 0.0 0.0 0.0 0.0 0.0 0.0 0.0 0.0 0.0 0.0 0.2784421110305546 0.0 0.3483608014827325 0.2840095879089101 0.5232996751894786 0.0 0.0 0.0 0.0 0.0 0.0 0.0 0.0 0.0 0.0 0.0 0.0 0.0 0.0 0.0 0.0
a9x4g4wpj27d6
even now according to government policy cross talks continue along side the use of force
0.0 0.22840422072765879 0.21954444249656335 0.0719916206474107 0.19965829239231025 0.0 0.0 0.0 0.0 0.0 0.32987112826395387 0.0 0.028432039455303555 0.3314398280913001 0.05599611883985455 0.0 0.0 0.0 0.0 0.0 0.0 0.0 0.3283384937156406 0.36392616984835324 0.0 0.0 0.0 0.0 0.0 0.0 0.0 0.0 0.0 0.0 0.0 0.0 0.0 0.0 0.0 0.0 0.0 0.0 0.0 0.0 0.0 0.0 0.0 0.0 0.0 0.0 0.0 0.0 0.0 0.3029435604361708 0.5581863202021106 0.0 0.0 0.0 0.0 0.0 0.0 0.0 0.24404626041441482 0.33917308901549226 0.3236582098040907 0.0 0.0 0.0 0.0 0.0 0.0
a3w129h6a0hk4d
traditionally both roles were played by psychiatrists who not only counseled patients
0.0 0.0 0.0 0.0 0.0 0.0 0.0 0.0 0.0 0.0 0.0 0.0 0.0 0.0 0.0 0.0 0.0 0.0 0.0 0.0 0.0 0.0 0.0 0.0 0.0 0.0 0.0 0.0 0.0 0.0 0.0 0.0 0.0 0.0 0.7105787902382429 0.3719694191570453 0.6977329002526381 0.2459689910171632 0.43800915992166695 0.20795493845012067 0.7443675492472567 0.2453396614056688 0.1783856240197803 0.28049802562184184 0.7257722533044059 0.5567598993633821 0.0 0.0 0.0 0.0 0.0 0.0 0.0 0.0 0.0 0.0 0.0 0.0 0.0 0.0 0.0 0.0 0.0 0.0 0.0 0.0 0.0 0.0 0.0 0.0 0.0
a6tw9zegog7ph
traditionally both roles were played by psychiatrists who counseled patients
0.0 0.0 0.0 0.0 0.0 0.0 0.0 0.0 0.0 0.0 0.0 0.0 0.0 0.0 0.0 0.0 0.0 0.0 0.0 0.0 0.0 0.0 0.0 0.0 0.0 0.0 0.0 0.0 0.0 0.0 0.0 0.0 0.0 0.0 0.8526945482858915 0.44636330298845434 0.8372794803031658 0.29516278922059586 0.5256109919060004 0.24954592614014479 0.893241059096708 0.2944075936868026 0.0 0.0 0.870926703965287 0.6681118792360585 0.0 0.0 0.0 0.0 0.0 0.0 0.0 0.0 0.0 0.0 0.0 0.0 0.0 0.0 0.0 0.0 0.0 0.0 0.0 0.0 0.0 0.0 0.0 0.0 0.0
a3odrygim0wb3t
traditionally both roles were played by psychiatrists who not only counseled patients but prescribed them drugs
0.0 0.0 0.0 0.0 0.0 0.0 0.0 0.0 0.0 0.0 0.0 0.0 0.0 0.0 0.0 0.0 0.0 0.0 0.0 0.0 0.0 0.0 0.0 0.0 0.0 0.0 0.0 0.0 0.0 0.0 0.0 0.0 0.0 0.0 0.5329340926786822 0.27897706436778397 0.5232996751894786 0.18447674326287242 0.3285068699412502 0.1559662038375905 0.5582756619354425 0.1840047460542516 0.13378921801483523 0.2103735192163814 0.5443291899783044 0.41756992452253655 0.0 0.0 0.0 0.0 0.0 0.0 0.0 0.0 0.0 0.0 0.0 0.0 0.0 0.0 0.0 0.0 0.0 0.0 0.0 0.16322764354478111 0.6449190595054357 0.21324688583990106 0.5329340926786822 0.0 0.0
a290hg650rgy73
the governments policy so far is to engage in talks rather than the use of force
0.0 0.0 0.0 0.06749214435694753 0.0 0.0 0.0 0.0 0.0 0.0 0.0 0.0 0.05331007397869417 0.3107248388355939 0.05249636141236364 0.0 0.22089049309058295 0.29785908544783457 0.0 0.0 0.0 0.0 0.3078173378584131 0.34118078423283116 0.0 0.34466774420960716 0.06436441890354257 0.0 0.0 0.0 0.0 0.08167596992716414 0.0 0.0 0.0 0.0 0.0 0.0 0.0 0.0 0.0 0.0 0.0 0.0 0.0 0.0 0.0 0.0 0.0 0.0 0.0 0.0 0.0 0.2840095879089101 0.0 0.514953963150446 0.0 0.0 0.0 0.0 0.0 0.0 0.0 0.0 0.0 0.0 0.0 0.0 0.0 0.3388040720085037 0.2598436018994934
