he said that in indian kashmir there are up to seven eight hundred militants of which approximately fifty percent foreigners sevenhundred eighthundred present the out about between 700 and 800 almost peer cent foreign 700800 indianheld 50 per at least half around 7 fighters on land from has also reported army men noncountry them were india known be whom presented troups apporximately not citizens it is within
he said that in indian kashmir there are up to seven to eight hundred militants of which approximately fifty percent are foreigners
0.10795101180128842 0.10063643107799373 0.0549124738299909 0.046810486475303684 0.16991208249100098 0.1987856519763816 0.13018113648740773 0.19146695944116604 0.19568135436564404 0.09817039179192368 0.2821741403597118 0.2517991572261564 0.27278258357048457 0.2517991572261564 0.03817917193626447 0.1370697682204623 0.31922127664012007 0.3351939078600241 0.25925383796571416 0.27278258357048457 0.0 0.0 0.0 0.0 0.0 0.0 0.0 0.0 0.0 0.0 0.0 0.0 0.0 0.0 0.0 0.0 0.0 0.0 0.0 0.0 0.0 0.0 0.0 0.0 0.0 0.0 0.0 0.0 0.0 0.0 0.0 0.0 0.0 0.0 0.0 0.0 0.0 0.0 0.0 0.0 0.0 0.0 0.0 0.0 0.0 0.0 0.0
he said that sevenhundred to eighthundred militants are present in the indian kashmir out of which about fifty percent are foreigners
0.11309153617277834 0.10542864208170773 0.05752735353618094 0.04903955725984196 0.1780031340381915 0.20825163540382835 0.0 0.20058443370026918 0.0 0.05142258617672193 0.0 0.0 0.0 0.2637895932845448 0.03999722774275325 0.1435969000404843 0.0 0.35115552252002524 0.2715992588212244 0.2857722304071743 0.491366902480332 0.45835989388223936 0.2125539538040259 0.02030859961093111 0.19080810204447887 0.1483830359792254 0.0 0.0 0.0 0.0 0.0 0.0 0.0 0.0 0.0 0.0 0.0 0.0 0.0 0.0 0.0 0.0 0.0 0.0 0.0 0.0 0.0 0.0 0.0 0.0 0.0 0.0 0.0 0.0 0.0 0.0 0.0 0.0 0.0 0.0 0.0 0.0 0.0 0.0 0.0 0.0 0.0
he said between 700 and 800 militants are present in the indian kashmir of which almost fifty peer cent are foreign militants
0.10795101180128842 0.10063643107799373 0.0 0.046810486475303684 0.16991208249100098 0.1987856519763816 0.0 0.19146695944116604 0.0 0.0 0.0 0.0 0.0 0.5035983144523128 0.03817917193626447 0.1370697682204623 0.0 0.3351939078600241 0.0 0.0 0.0 0.0 0.20289241044929743 0.01938548144679788 0.0 0.0 0.18011805869959452 0.31009988139184047 0.04518022908192236 0.3600368036040273 0.24956323703566682 0.3114985931494202 0.3875884310390416 0.21022603696746686 0.0 0.0 0.0 0.0 0.0 0.0 0.0 0.0 0.0 0.0 0.0 0.0 0.0 0.0 0.0 0.0 0.0 0.0 0.0 0.0 0.0 0.0 0.0 0.0 0.0 0.0 0.0 0.0 0.0 0.0 0.0 0.0 0.0
he said that about 700800 militants are present in indianheld kashmir of which 50 per cent are foreigners
0.13194012553490808 0.12300008242865901 0.0671152457922111 0.05721281680314895 0.0 0.2429602413044664 0.0 0.23401517265031405 0.0 0.0 0.0 0.0 0.0 0.30775452549863563 0.04666343236654546 0.16752971671389838 0.0 0.0 0.0 0.3334009354750367 0.0 0.0 0.24797961277136352 0.0 0.0 0.17311354197576295 0.0 0.0 0.0 0.0 0.0 0.0 0.47371919349216196 0.0 0.4838481688696039 0.5122273701899367 0.30637132818631746 0.38248431931121246 0.0 0.0 0.0 0.0 0.0 0.0 0.0 0.0 0.0 0.0 0.0 0.0 0.0 0.0 0.0 0.0 0.0 0.0 0.0 0.0 0.0 0.0 0.0 0.0 0.0 0.0 0.0 0.0 0.0
a3dd3acpmvdvca
he said that in indian kashmir at least 700 to 800 militants are present of which approximately half are foreigners
0.11874611298141727 0.11070007418579311 0.060403721212989994 0.05149153512283405 0.1869032907401011 0.21866421717401976 0.0 0.21061365538528265 0.0 0.05399371548555802 0.0 0.0 0.0 0.2769790729487721 0.04199708912989091 0.15077674504250854 0.35114340430413205 0.0 0.0 0.300060841927533 0.0 0.0 0.22318165149422717 0.0 0.0 0.0 0.0 0.3411098695310245 0.0 0.39604048396443 0.0 0.0 0.0 0.0 0.0 0.0 0.0 0.0 0.15487999269522373 0.2644133515347268 0.2832372300964724 0.0 0.0 0.0 0.0 0.0 0.0 0.0 0.0 0.0 0.0 0.0 0.0 0.0 0.0 0.0 0.0 0.0 0.0 0.0 0.0 0.0 0.0 0.0 0.0 0.0 0.0
a1wyssw33m2fz2
he said that there are around 7 to 800 fighters present on the land of indian kashmir from which almost 50 are foreigners
0.10325748954905849 0.0962609340746027 0.052524974967817384 0.0 0.16252460064356616 0.1901427975426259 0.12452108707491173 0.18314230903068057 0.0 0.0469510569439635 0.0 0.0 0.0 0.0 0.036519207939035576 0.1311102130804422 0.0 0.0 0.0 0.26092247124133305 0.0 0.0 0.19407100129932797 0.018542634427371883 0.0 0.0 0.0 0.0 0.0 0.34438302953428696 0.23871266151237694 0.0 0.0 0.0 0.0 0.0 0.23976886553711801 0.0 0.0 0.0 0.0 0.23078563730394414 0.2916429147583803 0.2664804439156759 0.08143512010329579 0.23020975788003017 0.10490846258382779 0.0 0.0 0.0 0.0 0.0 0.0 0.0 0.0 0.0 0.0 0.0 0.0 0.0 0.0 0.0 0.0 0.0 0.0 0.0 0.0
a2pwmdzucikw4c
he has also reported that there are about 700800 army men on the land of kashmir out of which about 50 of the army men are noncountry men
0.08481865212958375 0.0 0.04314551515213571 0.0 0.0 0.15618872655287125 0.10228517866867749 0.1504383252752019 0.0 0.0 0.0 0.0 0.0 0.0 0.08999376242119482 0.10769767503036323 0.0 0.0 0.0 0.0 0.0 0.0 0.0 0.030462899416396665 0.14310607653335916 0.2225745539688381 0.0 0.0 0.0 0.0 0.0 0.0 0.0 0.0 0.31104525141617395 0.0 0.19695299669120409 0.0 0.0 0.0 0.0 0.0 0.0 0.0 0.0668931343705644 0.1891008725443105 0.0 0.07331420064040084 0.09854090914568825 0.2183575833105716 0.25408087023449394 0.5673026176329314 0.368525176860249 0.0 0.0 0.0 0.0 0.0 0.0 0.0 0.0 0.0 0.0 0.0 0.0 0.0 0.0
a8v7wa74iohz9
he said that 700 to 800 militants are present in indian kashmir almost half of them are foreigners
0.13194012553490808 0.12300008242865901 0.0671152457922111 0.05721281680314895 0.20767032304455676 0.2429602413044664 0.0 0.23401517265031405 0.0 0.059993017206175586 0.0 0.0 0.0 0.30775452549863563 0.04666343236654546 0.0 0.0 0.0 0.0 0.3334009354750367 0.0 0.0 0.24797961277136352 0.0 0.0 0.0 0.0 0.37901096614558283 0.0 0.4400449821827 0.3050217341547039 0.0 0.0 0.0 0.0 0.0 0.0 0.0 0.0 0.0 0.31470803344052484 0.0 0.0 0.0 0.0 0.0 0.0 0.0 0.0 0.0 0.0 0.0 0.0 0.18955278741324538 0.0 0.0 0.0 0.0 0.0 0.0 0.0 0.0 0.0 0.0 0.0 0.0 0.0
a3edprdq0s0hp3
he said that in indian kashmir at least 700 to 800 militants were present of which approximately half were foreigners
0.11874611298141727 0.11070007418579311 0.060403721212989994 0.05149153512283405 0.1869032907401011 0.21866421717401976 0.0 0.0 0.0 0.05399371548555802 0.0 0.0 0.0 0.2769790729487721 0.04199708912989091 0.15077674504250854 0.35114340430413205 0.0 0.0 0.300060841927533 0.0 0.0 0.22318165149422717 0.0 0.0 0.0 0.0 0.3411098695310245 0.0 0.39604048396443 0.0 0.0 0.0 0.0 0.0 0.0 0.0 0.0 0.15487999269522373 0.2644133515347268 0.2832372300964724 0.0 0.0 0.0 0.0 0.0 0.0 0.0 0.0 0.0 0.0 0.0 0.0 0.0 0.29516278922059586 0.0 0.0 0.0 0.0 0.0 0.0 0.0 0.0 0.0 0.0 0.0 0.0
a37rlacsw4br2k
he said that in kashmir india at least 700 to 800 militants are present of which approximately half are foreigners
0.11874611298141727 0.11070007418579311 0.060403721212989994 0.05149153512283405 0.0 0.21866421717401976 0.0 0.21061365538528265 0.0 0.05399371548555802 0.0 0.0 0.0 0.2769790729487721 0.04199708912989091 0.15077674504250854 0.35114340430413205 0.0 0.0 0.300060841927533 0.0 0.0 0.22318165149422717 0.0 0.0 0.0 0.0 0.3411098695310245 0.0 0.39604048396443 0.0 0.0 0.0 0.0 0.0 0.0 0.0 0.0 0.15487999269522373 0.2644133515347268 0.2832372300964724 0.0 0.0 0.0 0.0 0.0 0.0 0.0 0.0 0.0 0.0 0.0 0.0 0.0 0.0 0.15067583683469668 0.0 0.0 0.0 0.0 0.0 0.0 0.0 0.0 0.0 0.0 0.0
al2rcq9eyun61
he said that in kashmir at least 700 to 800 militants are known to be present of which approximately half are foreigners
0.10795101180128842 0.10063643107799373 0.0549124738299909 0.046810486475303684 0.0 0.1987856519763816 0.0 0.19146695944116604 0.0 0.09817039179192368 0.0 0.0 0.0 0.2517991572261564 0.03817917193626447 0.1370697682204623 0.31922127664012007 0.0 0.0 0.27278258357048457 0.0 0.0 0.20289241044929743 0.0 0.0 0.0 0.0 0.31009988139184047 0.0 0.3600368036040273 0.0 0.0 0.0 0.0 0.0 0.0 0.0 0.0 0.1407999933592943 0.24037577412247887 0.25748839099679305 0.0 0.0 0.0 0.0 0.0 0.0 0.0 0.0 0.0 0.0 0.0 0.0 0.0 0.0 0.0 0.23949313385624696 0.09758286117996139 0.0 0.0 0.0 0.0 0.0 0.0 0.0 0.0 0.0
a3qu3km3iywhif
he said that there are around 700 to 800 fighters present in indian kashmir of whom almost 50 are foreigners
0.11874611298141727 0.11070007418579311 0.060403721212989994 0.05149153512283405 0.1869032907401011 0.21866421717401976 0.14319925013614848 0.21061365538528265 0.0 0.05399371548555802 0.0 0.0 0.0 0.0 0.04199708912989091 0.0 0.0 0.0 0.0 0.300060841927533 0.0 0.0 0.22318165149422717 0.0 0.0 0.0 0.0 0.3411098695310245 0.0 0.39604048396443 0.2745195607392335 0.0 0.0 0.0 0.0 0.0 0.27573419536768573 0.0 0.0 0.0 0.0 0.26540348289953575 0.0 0.30645251050302724 0.0 0.0 0.0 0.0 0.0 0.0 0.0 0.0 0.0 0.0 0.0 0.0 0.0 0.0 0.3234278675188456 0.0 0.0 0.0 0.0 0.0 0.0 0.0 0.0
a3edprdq0s0hp3
he said that there are around 7 to 800 fighters presented on the land of indian kashmir from which almost 50 were foreigners
0.10325748954905849 0.0962609340746027 0.052524974967817384 0.0 0.16252460064356616 0.1901427975426259 0.12452108707491173 0.09157115451534029 0.0 0.0469510569439635 0.0 0.0 0.0 0.0 0.036519207939035576 0.1311102130804422 0.0 0.0 0.0 0.26092247124133305 0.0 0.0 0.0 0.018542634427371883 0.0 0.0 0.0 0.0 0.0 0.34438302953428696 0.23871266151237694 0.0 0.0 0.0 0.0 0.0 0.23976886553711801 0.0 0.0 0.0 0.0 0.23078563730394414 0.2916429147583803 0.2664804439156759 0.08143512010329579 0.23020975788003017 0.10490846258382779 0.0 0.0 0.0 0.0 0.0 0.0 0.0 0.1283316474872156 0.0 0.0 0.0 0.0 0.2592172228433643 0.0 0.0 0.0 0.0 0.0 0.0 0.0
a2unp2crnrfiw8
he said that there are around 7 to 800 fighters present on the land of indian kashmir from which almost 50 are foreigners
0.10325748954905849 0.0962609340746027 0.052524974967817384 0.0 0.16252460064356616 0.1901427975426259 0.12452108707491173 0.18314230903068057 0.0 0.0469510569439635 0.0 0.0 0.0 0.0 0.036519207939035576 0.1311102130804422 0.0 0.0 0.0 0.26092247124133305 0.0 0.0 0.19407100129932797 0.018542634427371883 0.0 0.0 0.0 0.0 0.0 0.34438302953428696 0.23871266151237694 0.0 0.0 0.0 0.0 0.0 0.23976886553711801 0.0 0.0 0.0 0.0 0.23078563730394414 0.2916429147583803 0.2664804439156759 0.08143512010329579 0.23020975788003017 0.10490846258382779 0.0 0.0 0.0 0.0 0.0 0.0 0.0 0.0 0.0 0.0 0.0 0.0 0.0 0.0 0.0 0.0 0.0 0.0 0.0 0.0
a1wrvfwizbd6rc
he has also reported there are 700800 army troups in kashmir of which apporximately half are not citizens
0.13194012553490808 0.0 0.0 0.05721281680314895 0.0 0.2429602413044664 0.15911027792905388 0.23401517265031405 0.0 0.0 0.0 0.0 0.0 0.0 0.04666343236654546 0.16752971671389838 0.0 0.0 0.0 0.0 0.0 0.0 0.0 0.0 0.0 0.0 0.0 0.0 0.0 0.0 0.0 0.0 0.0 0.0 0.4838481688696039 0.0 0.0 0.0 0.0 0.0 0.31470803344052484 0.0 0.0 0.0 0.0 0.0 0.0 0.1140443121072902 0.1532858586710706 0.3396673518164447 0.19761845462682862 0.0 0.0 0.0 0.0 0.0 0.0 0.0 0.0 0.0 0.5347532095292792 0.5732613862270539 0.11892374934652021 0.29716064736172054 0.0 0.0 0.0
al2rcq9eyun61
it is also reported that there are about 700800 militants within kashmir of which about 50 are foreigners
0.0 0.0 0.0671152457922111 0.0 0.0 0.2429602413044664 0.15911027792905388 0.23401517265031405 0.0 0.0 0.0 0.0 0.0 0.30775452549863563 0.04666343236654546 0.16752971671389838 0.0 0.0 0.0 0.3334009354750367 0.0 0.0 0.0 0.0 0.0 0.3462270839515259 0.0 0.0 0.0 0.0 0.0 0.0 0.0 0.0 0.4838481688696039 0.0 0.30637132818631746 0.0 0.0 0.0 0.0 0.0 0.0 0.0 0.0 0.0 0.0 0.0 0.1532858586710706 0.3396673518164447 0.0 0.0 0.0 0.0 0.0 0.0 0.0 0.0 0.0 0.0 0.0 0.0 0.0 0.0 0.11250863539036808 0.07260086215747924 0.3019946127500333
a291u81kgj6l9n
it is reported that there are about 700800 men in the army in kashmir of which about 50 of the army men are foreign men
0.0 0.0 0.04832297697039199 0.08238645619653448 0.0 0.1749313737392158 0.1145594001089188 0.16849092430822613 0.0 0.0 0.0 0.0 0.0 0.0 0.06719534260782546 0.12062139603400683 0.0 0.0 0.0 0.0 0.0 0.0 0.0 0.03411844734636427 0.0 0.24928350044509867 0.0 0.0 0.0 0.0 0.0 0.0 0.0 0.18499891253137082 0.3483706815861148 0.0 0.22058735629414858 0.0 0.0 0.0 0.0 0.0 0.0 0.0 0.0 0.0 0.0 0.0 0.0 0.2445604933078402 0.28457057466263325 0.6353789317488833 0.0 0.0 0.0 0.0 0.0 0.0 0.0 0.0 0.0 0.0 0.0 0.0 0.08100621748106501 0.05227262075338505 0.0
amd40d0gc1l4r
he said that 700 to 800 militants are present in indian kashmir almost half of them foreigners
0.13970130938990266 0.13023538139505073 0.07106320142704704 0.06057827661509889 0.21988622440011893 0.25725202020472915 0.0 0.1238903855207545 0.0 0.06352201821830356 0.0 0.0 0.0 0.32585773288090836 0.04940834015281284 0.0 0.0 0.0 0.0 0.3530127552088624 0.0 0.0 0.26256664881673786 0.0 0.0 0.0 0.0 0.40130572886002885 0.0 0.4659299811346235 0.3229641891049806 0.0 0.0 0.0 0.0 0.0 0.0 0.0 0.0 0.0 0.3332202707017322 0.0 0.0 0.0 0.0 0.0 0.0 0.0 0.0 0.0 0.0 0.0 0.0 0.2007029513787304 0.0 0.0 0.0 0.0 0.0 0.0 0.0 0.0 0.0 0.0 0.0 0.0 0.0
