he became famous in 2006 when ran for a senatorial seat the election contested elections of senate rose to fame stood prominence maryland got they both know other since had stand electon sant voting has popularity 2004 up came into each recent years chemical and herbal health supplements have greatly increased an important one these is human growth hormone commonly known as hgh
he became famous in 2006 when he ran for a senatorial seat in the election
0.31665630128377936 0.35943008446198443 0.39495038649430214 0.13731076032755749 0.400081122570044 0.21715803901176886 0.49522221294605373 0.12871397994282768 0.09452555647811622 0.6417038514351351 0.4707072276043659 0.028432039455303555 0.357525192965714 0.0 0.0 0.0 0.0 0.0 0.0 0.0 0.0 0.0 0.0 0.0 0.0 0.0 0.0 0.0 0.0 0.0 0.0 0.0 0.0 0.0 0.0 0.0 0.0 0.0 0.0 0.0 0.0 0.0 0.0 0.0 0.0 0.0 0.0 0.0 0.0 0.0 0.0 0.0 0.0 0.0 0.0 0.0 0.0 0.0 0.0 0.0 0.0 0.0 0.0
he became famous in 2006 when he contested in elections for a seat of the senate
0.29686528245354316 0.3369657041831104 0.37026598733840826 0.12872883780708513 0.37507605240941627 0.2035856615735333 0.0 0.12066935619640094 0.08861770919823396 0.0 0.44128802587909305 0.026655036989347083 0.0 0.6015973607204391 0.33517986840535685 0.05249636141236364 0.33606640809235416 0.0 0.0 0.0 0.0 0.0 0.0 0.0 0.0 0.0 0.0 0.0 0.0 0.0 0.0 0.0 0.0 0.0 0.0 0.0 0.0 0.0 0.0 0.0 0.0 0.0 0.0 0.0 0.0 0.0 0.0 0.0 0.0 0.0 0.0 0.0 0.0 0.0 0.0 0.0 0.0 0.0 0.0 0.0 0.0 0.0 0.0
he rose to fame in 2006 when he stood in the election for a senate
0.31665630128377936 0.0 0.0 0.13731076032755749 0.400081122570044 0.21715803901176886 0.0 0.12871397994282768 0.09452555647811622 0.0 0.0 0.028432039455303555 0.357525192965714 0.0 0.0 0.0 0.3584708352985111 0.4548131593746994 0.0719916206474107 0.49161773152803534 0.49161773152803534 0.0 0.0 0.0 0.0 0.0 0.0 0.0 0.0 0.0 0.0 0.0 0.0 0.0 0.0 0.0 0.0 0.0 0.0 0.0 0.0 0.0 0.0 0.0 0.0 0.0 0.0 0.0 0.0 0.0 0.0 0.0 0.0 0.0 0.0 0.0 0.0 0.0 0.0 0.0 0.0 0.0 0.0
he rose to prominence in 2006 when he stood for a senate seat in maryland
0.31665630128377936 0.0 0.0 0.13731076032755749 0.400081122570044 0.21715803901176886 0.0 0.12871397994282768 0.09452555647811622 0.0 0.4707072276043659 0.0 0.0 0.0 0.0 0.0 0.3584708352985111 0.4548131593746994 0.0719916206474107 0.0 0.49161773152803534 0.6417038514351351 0.5169170396416957 0.0 0.0 0.0 0.0 0.0 0.0 0.0 0.0 0.0 0.0 0.0 0.0 0.0 0.0 0.0 0.0 0.0 0.0 0.0 0.0 0.0 0.0 0.0 0.0 0.0 0.0 0.0 0.0 0.0 0.0 0.0 0.0 0.0 0.0 0.0 0.0 0.0 0.0 0.0 0.0
a1wyssw33m2fz2
he got famous in 2006 when he stood for a seat in the senate
0.339274608518335 0.0 0.4231611283867523 0.14711867177952587 0.42865834561076144 0.2326693275126095 0.0 0.13790783565302964 0.10127738194083881 0.0 0.5043291724332492 0.030462899416396665 0.0 0.0 0.0 0.0 0.38407589496269046 0.0 0.0 0.0 0.5267332837800379 0.0 0.0 0.350186039277325 0.0 0.0 0.0 0.0 0.0 0.0 0.0 0.0 0.0 0.0 0.0 0.0 0.0 0.0 0.0 0.0 0.0 0.0 0.0 0.0 0.0 0.0 0.0 0.0 0.0 0.0 0.0 0.0 0.0 0.0 0.0 0.0 0.0 0.0 0.0 0.0 0.0 0.0 0.0
az9utcfpk0ude
they both know other since they had stand in electon for the seat in sant
0.0 0.0 0.0 0.13731076032755749 0.0 0.0 0.0 0.12871397994282768 0.0 0.0 0.4707072276043659 0.028432039455303555 0.0 0.0 0.0 0.0 0.0 0.0 0.0 0.0 0.0 0.0 0.0 0.0 0.3444945010752253 0.29757553532563624 0.2971945819080737 0.22257526743501382 0.30992160194043006 0.230746059302772 0.40962117881275556 0.6417038514351351 0.5684630321905944 0.0 0.0 0.0 0.0 0.0 0.0 0.0 0.0 0.0 0.0 0.0 0.0 0.0 0.0 0.0 0.0 0.0 0.0 0.0 0.0 0.0 0.0 0.0 0.0 0.0 0.0 0.0 0.0 0.0 0.0
a3dd3acpmvdvca
he rose to fame in 2006 when he stood in the voting for a seat of the senate
0.26388025106981616 0.0 0.0 0.1144256336062979 0.3334009354750367 0.1809650325098074 0.0 0.10726164995235639 0.07877129706509685 0.0 0.39225602300363827 0.04738673242550592 0.0 0.0 0.0 0.04666343236654546 0.2987256960820926 0.37901096614558283 0.059993017206175586 0.40968144294002945 0.40968144294002945 0.0 0.0 0.0 0.0 0.0 0.0 0.0 0.0 0.0 0.0 0.0 0.0 0.5347532095292792 0.0 0.0 0.0 0.0 0.0 0.0 0.0 0.0 0.0 0.0 0.0 0.0 0.0 0.0 0.0 0.0 0.0 0.0 0.0 0.0 0.0 0.0 0.0 0.0 0.0 0.0 0.0 0.0 0.0
a28e6z78qj2yz6
he has got popularity in 2004 when he stood up in the election for a senate seat
0.2794026187798053 0.0 0.0 0.12115655323019778 0.0 0.191610034422149 0.0 0.11357115877308324 0.08340490277480843 0.0 0.41532990670973463 0.02508709363703255 0.3154634055579829 0.0 0.0 0.0 0.31629779585162743 0.0 0.0 0.0 0.4337803513482665 0.0 0.0 0.28838850293426765 0.0 0.0 0.0 0.0 0.0 0.0 0.0 0.0 0.0 0.0 0.12075280105477786 0.3661388464626394 0.5662092806780603 0.2532346938849511 0.0 0.0 0.0 0.0 0.0 0.0 0.0 0.0 0.0 0.0 0.0 0.0 0.0 0.0 0.0 0.0 0.0 0.0 0.0 0.0 0.0 0.0 0.0 0.0 0.0
a1dndzlo2d5d48
he came into prominence in 2006 when he stood for a seat in the senate
0.31665630128377936 0.0 0.0 0.13731076032755749 0.400081122570044 0.21715803901176886 0.0 0.12871397994282768 0.09452555647811622 0.0 0.4707072276043659 0.028432039455303555 0.0 0.0 0.0 0.0 0.3584708352985111 0.0 0.0 0.0 0.49161773152803534 0.6417038514351351 0.0 0.0 0.0 0.0 0.0 0.0 0.0 0.0 0.0 0.0 0.0 0.0 0.0 0.0 0.0 0.0 0.3211631161028163 0.30677848337871655 0.0 0.0 0.0 0.0 0.0 0.0 0.0 0.0 0.0 0.0 0.0 0.0 0.0 0.0 0.0 0.0 0.0 0.0 0.0 0.0 0.0 0.0 0.0
a6tw9zegog7ph
he became famous in 2006 when he ran for a seat in the senate
0.339274608518335 0.3851036619235547 0.4231611283867523 0.14711867177952587 0.42865834561076144 0.2326693275126095 0.5305952281564862 0.13790783565302964 0.10127738194083881 0.0 0.5043291724332492 0.030462899416396665 0.0 0.0 0.0 0.0 0.38407589496269046 0.0 0.0 0.0 0.0 0.0 0.0 0.0 0.0 0.0 0.0 0.0 0.0 0.0 0.0 0.0 0.0 0.0 0.0 0.0 0.0 0.0 0.0 0.0 0.0 0.0 0.0 0.0 0.0 0.0 0.0 0.0 0.0 0.0 0.0 0.0 0.0 0.0 0.0 0.0 0.0 0.0 0.0 0.0 0.0 0.0 0.0
a2scjh3oqhuw2a
he became famous in 2006 when he stood for a seat in the senate
0.339274608518335 0.3851036619235547 0.4231611283867523 0.14711867177952587 0.42865834561076144 0.2326693275126095 0.0 0.13790783565302964 0.10127738194083881 0.0 0.5043291724332492 0.030462899416396665 0.0 0.0 0.0 0.0 0.38407589496269046 0.0 0.0 0.0 0.5267332837800379 0.0 0.0 0.0 0.0 0.0 0.0 0.0 0.0 0.0 0.0 0.0 0.0 0.0 0.0 0.0 0.0 0.0 0.0 0.0 0.0 0.0 0.0 0.0 0.0 0.0 0.0 0.0 0.0 0.0 0.0 0.0 0.0 0.0 0.0 0.0 0.0 0.0 0.0 0.0 0.0 0.0 0.0
a230hf2okthmdz
they both know each other since they had stand in election for the seat in senate
0.0 0.0 0.0 0.12872883780708513 0.0 0.0 0.0 0.12066935619640094 0.0 0.0 0.44128802587909305 0.026655036989347083 0.33517986840535685 0.0 0.0 0.0 0.33606640809235416 0.0 0.0 0.0 0.0 0.0 0.0 0.0 0.3229635947580237 0.27897706436778397 0.27861992053881907 0.20866431322032547 0.2905515018191532 0.21632443059634876 0.38401985513695835 0.0 0.0 0.0 0.0 0.0 0.0 0.0 0.0 0.0 0.3293030590523396 0.0 0.0 0.0 0.0 0.0 0.0 0.0 0.0 0.0 0.0 0.0 0.0 0.0 0.0 0.0 0.0 0.0 0.0 0.0 0.0 0.0 0.0
aw4q48bn2x4nt
they both know each other since they had stood in election for the seat in sant
0.0 0.0 0.0 0.12872883780708513 0.0 0.0 0.0 0.12066935619640094 0.0 0.0 0.44128802587909305 0.026655036989347083 0.33517986840535685 0.0 0.0 0.0 0.0 0.0 0.0 0.0 0.46089162330753314 0.0 0.0 0.0 0.3229635947580237 0.27897706436778397 0.27861992053881907 0.20866431322032547 0.2905515018191532 0.21632443059634876 0.0 0.0 0.5329340926786822 0.0 0.0 0.0 0.0 0.0 0.0 0.0 0.3293030590523396 0.0 0.0 0.0 0.0 0.0 0.0 0.0 0.0 0.0 0.0 0.0 0.0 0.0 0.0 0.0 0.0 0.0 0.0 0.0 0.0 0.0 0.0
a6tw9zegog7ph
they both know other since they had stand in electon for the seat in sant
0.0 0.0 0.0 0.13731076032755749 0.0 0.0 0.0 0.12871397994282768 0.0 0.0 0.4707072276043659 0.028432039455303555 0.0 0.0 0.0 0.0 0.0 0.0 0.0 0.0 0.0 0.0 0.0 0.0 0.3444945010752253 0.29757553532563624 0.2971945819080737 0.22257526743501382 0.30992160194043006 0.230746059302772 0.40962117881275556 0.6417038514351351 0.5684630321905944 0.0 0.0 0.0 0.0 0.0 0.0 0.0 0.0 0.0 0.0 0.0 0.0 0.0 0.0 0.0 0.0 0.0 0.0 0.0 0.0 0.0 0.0 0.0 0.0 0.0 0.0 0.0 0.0 0.0 0.0
a2mrhza4l9w9cl
he rose to fame in 2006 when he ran for a senate seat
0.36537265532743773 0.0 0.0 0.07921774634282162 0.46163206450389693 0.25056696809050255 0.5714102457069851 0.1485161307032627 0.1090679497824418 0.0 0.5431237241588838 0.0 0.0 0.0 0.0 0.0 0.4136201945752051 0.5247844146631147 0.08306725459316619 0.5672512286861946 0.0 0.0 0.0 0.0 0.0 0.0 0.0 0.0 0.0 0.0 0.0 0.0 0.0 0.0 0.0 0.0 0.0 0.0 0.0 0.0 0.0 0.0 0.0 0.0 0.0 0.0 0.0 0.0 0.0 0.0 0.0 0.0 0.0 0.0 0.0 0.0 0.0 0.0 0.0 0.0 0.0 0.0 0.0
a1kf7gs7yulm10
he rose to fame in 2006 when he ran for a senate seat
0.36537265532743773 0.0 0.0 0.07921774634282162 0.46163206450389693 0.25056696809050255 0.5714102457069851 0.1485161307032627 0.1090679497824418 0.0 0.5431237241588838 0.0 0.0 0.0 0.0 0.0 0.4136201945752051 0.5247844146631147 0.08306725459316619 0.5672512286861946 0.0 0.0 0.0 0.0 0.0 0.0 0.0 0.0 0.0 0.0 0.0 0.0 0.0 0.0 0.0 0.0 0.0 0.0 0.0 0.0 0.0 0.0 0.0 0.0 0.0 0.0 0.0 0.0 0.0 0.0 0.0 0.0 0.0 0.0 0.0 0.0 0.0 0.0 0.0 0.0 0.0 0.0 0.0
a3lhs82826iskx
he rose to fame in 2006 when he ran for a seat of the senate
0.31665630128377936 0.0 0.0 0.06865538016377874 0.400081122570044 0.21715803901176886 0.49522221294605373 0.12871397994282768 0.09452555647811622 0.0 0.4707072276043659 0.028432039455303555 0.0 0.0 0.0 0.05599611883985455 0.3584708352985111 0.4548131593746994 0.0719916206474107 0.49161773152803534 0.0 0.0 0.0 0.0 0.0 0.0 0.0 0.0 0.0 0.0 0.0 0.0 0.0 0.0 0.0 0.0 0.0 0.0 0.0 0.0 0.0 0.0 0.0 0.0 0.0 0.0 0.0 0.0 0.0 0.0 0.0 0.0 0.0 0.0 0.0 0.0 0.0 0.0 0.0 0.0 0.0 0.0 0.0
a3ohqrf1mdq99b
in recent years chemical and herbal health supplements have greatly increased in popularity an important one of these is human growth hormone commonly known as hgh
0.0 0.0 0.0 0.07921774634282162 0.0 0.0 0.0 0.0 0.0 0.0 0.0 0.0 0.0 0.0 0.0 0.032305453176839166 0.0 0.0 0.0 0.0 0.0 0.0 0.0 0.0 0.0 0.0 0.0 0.0 0.0 0.0 0.0 0.0 0.0 0.0 0.0 0.23939847653326424 0.0 0.0 0.0 0.0 0.0 0.21975133715764922 0.1585484932420173 0.2660579834778775 0.038229424607780456 0.2701103110031785 0.22092284513783028 0.2701103110031785 0.08799884723032421 0.24718787130678244 0.1901317901693387 0.11347558714521498 0.182853251721703 0.11273060434638192 0.11582702451239356 0.05026213533979332 0.1710225831773675 0.2687115554581449 0.2701103110031785 0.27307035104687577 0.20264803633990128 0.10135774119358248 0.2701103110031785
