sumair sumeer sameer samir september
sumair
10.318704952086971 0.0 0.0 0.0 0.0
sumeer
0.0 10.318704952086971 0.0 0.0 0.0
sameer
0.0 0.0 8.93241059096708 0.0 0.0
sameer
0.0 0.0 8.93241059096708 0.0 0.0
a353ocl6lm6m4o
samir
0.0 0.0 0.0 8.239263410407135 0.0
a3dd3acpmvdvca
samir
0.0 0.0 0.0 8.239263410407135 0.0
a1sanjgoj47idf
september
0.0 0.0 0.0 0.0 8.239263410407135
a1u0z1mafqeh9y
sameer
0.0 0.0 8.93241059096708 0.0 0.0
a3rm9xsnd3mrj3
samir
0.0 0.0 0.0 8.239263410407135 0.0
a2rcbwy8ulhnj0
samir
0.0 0.0 0.0 8.239263410407135 0.0
al2rcq9eyun61
samir
0.0 0.0 0.0 8.239263410407135 0.0
a3qu3km3iywhif
samir
0.0 0.0 0.0 8.239263410407135 0.0
a3o4xm3igw1sr2
samir
0.0 0.0 0.0 8.239263410407135 0.0
ac00w60nppf9z
samir
0.0 0.0 0.0 8.239263410407135 0.0
aw4q48bn2x4nt
september
0.0 0.0 0.0 0.0 8.239263410407135
a2owo5cfm8khwy
september
0.0 0.0 0.0 0.0 8.239263410407135
a1395pss402i1j
september
0.0 0.0 0.0 0.0 8.239263410407135
amd40d0gc1l4r
sameer
0.0 0.0 8.93241059096708 0.0 0.0
