so far more than 300 palestinian citizens have lost their lives in these attacks threehundred people been killed palestinians now claimed the of over this attack three hundred resident died israeli that 3 due to civilians are dead residents
so far more than 300 palestinian citizens have lost their lives in these attacks
0.2524462778178091 0.3404103833689538 0.2586907646014633 0.2969641164565639 0.5016334347201886 0.3630187849469301 0.38206368946506924 0.1634264305706021 0.4315742023622082 0.21265864998027212 0.4214188817350267 0.07355933588976293 0.21510733123730233 0.23279195169968483 0.0 0.0 0.0 0.0 0.0 0.0 0.0 0.0 0.0 0.0 0.0 0.0 0.0 0.0 0.0 0.0 0.0 0.0 0.0 0.0 0.0 0.0 0.0 0.0 0.0
in these attacks so far more than threehundred palestinian people have been killed
0.2718652222653329 0.3665957974742579 0.27859005418619126 0.31980751003014574 0.0 0.3909433068659247 0.0 0.17599769446064842 0.0 0.0 0.0 0.07921774634282162 0.23165404902478712 0.2506990249073529 0.7404275208866943 0.208220196346658 0.22651562251821616 0.2832891074154096 0.0 0.0 0.0 0.0 0.0 0.0 0.0 0.0 0.0 0.0 0.0 0.0 0.0 0.0 0.0 0.0 0.0 0.0 0.0 0.0 0.0
more than 300 palestinians have been killed in these attacks so far
0.2945206574541106 0.3971454472637794 0.30180589203504055 0.3464581358659912 0.5852390071735535 0.0 0.0 0.1906641689990358 0.0 0.0 0.0 0.08581922520472342 0.25095855311018606 0.271590610316299 0.0 0.0 0.2453919243947342 0.30689653303336034 0.44402269710901954 0.0 0.0 0.0 0.0 0.0 0.0 0.0 0.0 0.0 0.0 0.0 0.0 0.0 0.0 0.0 0.0 0.0 0.0 0.0 0.0
these attacks have now claimed the lives of over 300 palestinians
0.0 0.0 0.0 0.0 0.6384425532802401 0.0 0.0 0.2079972752716754 0.0 0.0 0.5363513040263975 0.0 0.2737729670292939 0.2962806657995989 0.0 0.0 0.0 0.0 0.4843883968462031 0.311460300992262 0.5310334670553423 0.03877096289359576 0.07635834387252893 0.3395723390843824 0.0 0.0 0.0 0.0 0.0 0.0 0.0 0.0 0.0 0.0 0.0 0.0 0.0 0.0 0.0
a1sanjgoj47idf
in this attack more than three hundred resident died
0.0 0.0 0.4024078560467207 0.46194418115465496 0.0 0.0 0.0 0.0 0.0 0.0 0.0 0.1144256336062979 0.0 0.0 0.0 0.0 0.0 0.0 0.0 0.0 0.0 0.0 0.0 0.0 0.19038898703866888 0.42349191552243987 0.5138858681426968 0.6668018709500734 0.8800899643654 0.610935931831326 0.0 0.0 0.0 0.0 0.0 0.0 0.0 0.0 0.0
a3dd3acpmvdvca
more than three hundred israeli citizens have died so far in these attacks
0.2718652222653329 0.3665957974742579 0.27859005418619126 0.31980751003014574 0.0 0.0 0.41145320403930535 0.17599769446064842 0.0 0.0 0.0 0.07921774634282162 0.23165404902478712 0.2506990249073529 0.0 0.0 0.0 0.0 0.0 0.0 0.0 0.0 0.0 0.0 0.0 0.0 0.35576713948340544 0.46163206450389693 0.0 0.42295564511399497 0.30753358906433753 0.0 0.0 0.0 0.0 0.0 0.0 0.0 0.0
a143bvgouf83je
more that 3 hundred palestinians have been killed in these attacks
0.0 0.0 0.3292427913109533 0.0 0.0 0.0 0.0 0.2079972752716754 0.0 0.0 0.0 0.09362097295060737 0.2737729670292939 0.2962806657995989 0.0 0.0 0.26770028115789185 0.3347962178545749 0.4843883968462031 0.0 0.0 0.0 0.0 0.0 0.0 0.0 0.0 0.5455651671409691 0.0 0.0 0.0 0.1098249476599818 0.56585094453317 0.0 0.0 0.0 0.0 0.0 0.0
a2i57ww1b3evwx
due to these attacks more than 300 palestinian civilians are dead
0.0 0.0 0.3292427913109533 0.3779543300356268 0.6384425532802401 0.4620239081142747 0.0 0.0 0.0 0.0 0.0 0.0 0.2737729670292939 0.2962806657995989 0.0 0.0 0.0 0.0 0.0 0.0 0.0 0.0 0.0 0.0 0.0 0.0 0.0 0.0 0.0 0.0 0.0 0.0 0.0 0.3956871102693889 0.09817039179192368 0.5571863827327769 0.19146695944116604 0.41310485514023293 0.0
a291u81kgj6l9n
in this attack more than three hundred residents have died
0.0 0.0 0.36216707044204866 0.4157497630391894 0.0 0.0 0.0 0.22879700279884294 0.0 0.0 0.0 0.1029830702456681 0.0 0.0 0.0 0.0 0.0 0.0 0.0 0.0 0.0 0.0 0.0 0.0 0.17135008833480198 0.3811427239701959 0.46249728132842705 0.600121683855066 0.0 0.5498423386481934 0.0 0.0 0.0 0.0 0.0 0.0 0.0 0.0 0.7183210736157821
a96lt9onaw64r
in this attack more than three hundred residents died
0.0 0.0 0.4024078560467207 0.46194418115465496 0.0 0.0 0.0 0.0 0.0 0.0 0.0 0.1144256336062979 0.0 0.0 0.0 0.0 0.0 0.0 0.0 0.0 0.0 0.0 0.0 0.0 0.19038898703866888 0.42349191552243987 0.5138858681426968 0.6668018709500734 0.0 0.610935931831326 0.0 0.0 0.0 0.0 0.0 0.0 0.0 0.0 0.7981345262397579
a3be22a89fb8uj
in these attacks more than three hundred residents died
0.0 0.0 0.4024078560467207 0.46194418115465496 0.0 0.0 0.0 0.0 0.0 0.0 0.0 0.1144256336062979 0.3346114041469147 0.36212081375506533 0.0 0.0 0.0 0.0 0.0 0.0 0.0 0.0 0.0 0.0 0.0 0.0 0.5138858681426968 0.6668018709500734 0.0 0.610935931831326 0.0 0.0 0.0 0.0 0.0 0.0 0.0 0.0 0.7981345262397579
a2zhr3rebfem5a
more than three hundred israeli citizens have died so far in these attacks
0.2718652222653329 0.3665957974742579 0.27859005418619126 0.31980751003014574 0.0 0.0 0.41145320403930535 0.17599769446064842 0.0 0.0 0.0 0.07921774634282162 0.23165404902478712 0.2506990249073529 0.0 0.0 0.0 0.0 0.0 0.0 0.0 0.0 0.0 0.0 0.0 0.0 0.35576713948340544 0.46163206450389693 0.0 0.42295564511399497 0.30753358906433753 0.0 0.0 0.0 0.0 0.0 0.0 0.0 0.0
a301gnfg8w711q
more than three hundred israeli citizens have died so far in these attacks
0.2718652222653329 0.3665957974742579 0.27859005418619126 0.31980751003014574 0.0 0.0 0.41145320403930535 0.17599769446064842 0.0 0.0 0.0 0.07921774634282162 0.23165404902478712 0.2506990249073529 0.0 0.0 0.0 0.0 0.0 0.0 0.0 0.0 0.0 0.0 0.0 0.0 0.35576713948340544 0.46163206450389693 0.0 0.42295564511399497 0.30753358906433753 0.0 0.0 0.0 0.0 0.0 0.0 0.0 0.0
acjl95je4qgk4
more than threehundred israeli citizens have died so far in these attacks
0.2945206574541106 0.3971454472637794 0.30180589203504055 0.3464581358659912 0.0 0.0 0.4457409710425808 0.1906641689990358 0.0 0.0 0.0 0.08581922520472342 0.25095855311018606 0.271590610316299 0.8021298142939188 0.0 0.0 0.0 0.0 0.0 0.0 0.0 0.0 0.0 0.0 0.0 0.0 0.0 0.0 0.4582019488734945 0.33316138815303237 0.0 0.0 0.0 0.0 0.0 0.0 0.0 0.0
a2zhr3rebfem5a
more than three hundred palestinians have been killed in these attacks
0.0 0.0 0.3292427913109533 0.3779543300356268 0.0 0.0 0.0 0.2079972752716754 0.0 0.0 0.0 0.09362097295060737 0.2737729670292939 0.2962806657995989 0.0 0.0 0.26770028115789185 0.3347962178545749 0.4843883968462031 0.0 0.0 0.0 0.0 0.0 0.0 0.0 0.4204520739349337 0.5455651671409691 0.0 0.0 0.0 0.0 0.0 0.0 0.0 0.0 0.0 0.0 0.0
a1ly3njtyw9tff
more than 300 palestinians have been killed in these attacks
0.0 0.0 0.36216707044204866 0.4157497630391894 0.7022868086082641 0.0 0.0 0.22879700279884294 0.0 0.0 0.0 0.1029830702456681 0.30115026373222326 0.32590873237955875 0.0 0.0 0.294470309273681 0.3682758396400324 0.5328272365308234 0.0 0.0 0.0 0.0 0.0 0.0 0.0 0.0 0.0 0.0 0.0 0.0 0.0 0.0 0.0 0.0 0.0 0.0 0.0 0.0
a2bk4fasw056jr
more than 300 palestinians have been killed in these attacks
0.0 0.0 0.36216707044204866 0.4157497630391894 0.7022868086082641 0.0 0.0 0.22879700279884294 0.0 0.0 0.0 0.1029830702456681 0.30115026373222326 0.32590873237955875 0.0 0.0 0.294470309273681 0.3682758396400324 0.5328272365308234 0.0 0.0 0.0 0.0 0.0 0.0 0.0 0.0 0.0 0.0 0.0 0.0 0.0 0.0 0.0 0.0 0.0 0.0 0.0 0.0
a14hqnh7cogdk2
due to these attacks more than 300 palestinian civilians are dead
0.0 0.0 0.3292427913109533 0.3779543300356268 0.6384425532802401 0.4620239081142747 0.0 0.0 0.0 0.0 0.0 0.0 0.2737729670292939 0.2962806657995989 0.0 0.0 0.0 0.0 0.0 0.0 0.0 0.0 0.0 0.0 0.0 0.0 0.0 0.0 0.0 0.0 0.0 0.0 0.0 0.3956871102693889 0.09817039179192368 0.5571863827327769 0.19146695944116604 0.41310485514023293 0.0
