while america exists a threat to israels existence should be considered joke in the presence of danger stability is any as long there it say that security israel with present us no way integrity israeli sovereignty has americas backing isreal its united states when backs
while america exists a threat to israels existence should be considered a joke
0.3086484357799196 0.2364982643448939 0.5271514653297881 0.2181358995648836 0.41641770566527236 0.08306725459316619 0.43078508313783664 0.5247844146631147 0.23032422867218758 0.16514022661224234 0.43722892029671806 0.5247844146631147 0.0 0.0 0.0 0.0 0.0 0.0 0.0 0.0 0.0 0.0 0.0 0.0 0.0 0.0 0.0 0.0 0.0 0.0 0.0 0.0 0.0 0.0 0.0 0.0 0.0 0.0 0.0 0.0 0.0 0.0 0.0 0.0 0.0
in the presence of america danger to israels stability is a joke
0.0 0.2562064530403017 0.0 0.11815694559764528 0.0 0.08998952580926338 0.4666838400659897 0.0 0.0 0.0 0.0 0.5685164492183742 0.08581922520472342 0.03554004931912944 0.48217545491114294 0.06999514854981818 0.49165536202419774 0.6237909673358962 0.10890129323621885 0.0 0.0 0.0 0.0 0.0 0.0 0.0 0.0 0.0 0.0 0.0 0.0 0.0 0.0 0.0 0.0 0.0 0.0 0.0 0.0 0.0 0.0 0.0 0.0 0.0 0.0
any threat to israels existence in the presence of america is a joke
0.0 0.2364982643448939 0.0 0.1090679497824418 0.41641770566527236 0.08306725459316619 0.43078508313783664 0.5247844146631147 0.0 0.0 0.0 0.5247844146631147 0.07921774634282162 0.0328061993715041 0.44508503530259347 0.06461090635367833 0.0 0.0 0.10052427067958664 0.2725645277808138 0.0 0.0 0.0 0.0 0.0 0.0 0.0 0.0 0.0 0.0 0.0 0.0 0.0 0.0 0.0 0.0 0.0 0.0 0.0 0.0 0.0 0.0 0.0 0.0 0.0
as long as america is there it is a joke to say that israels security is in danger
0.0 0.1708043020268678 0.0 0.07877129706509685 0.0 0.059993017206175586 0.31112256004399313 0.0 0.0 0.0 0.0 0.37901096614558283 0.05721281680314895 0.0 0.0 0.0 0.3277702413494652 0.0 0.2178025864724377 0.0 0.29281125233701605 0.26607088136530815 0.15911027792905388 0.11250863539036808 0.21741536078089607 0.0671152457922111 0.21704926024317076 0.0 0.0 0.0 0.0 0.0 0.0 0.0 0.0 0.0 0.0 0.0 0.0 0.0 0.0 0.0 0.0 0.0 0.0
a3dd3acpmvdvca
danger to israel with america present is a joke
0.0 0.3416086040537356 0.0 0.1575425941301937 0.0 0.11998603441235117 0.0 0.0 0.0 0.0 0.0 0.7580219322911657 0.0 0.0 0.0 0.0 0.6555404826989304 0.0 0.14520172431495848 0.0 0.0 0.0 0.0 0.0 0.0 0.0 0.0 0.37304543401964485 0.2611539391193615 0.49595922554272703 0.0 0.0 0.0 0.0 0.0 0.0 0.0 0.0 0.0 0.0 0.0 0.0 0.0 0.0 0.0
a2de039cxxjuga
a threat to israels security in the presence of us no way it is a joke
0.0 0.0 0.0 0.17723541839646792 0.3383393858530338 0.06749214435694753 0.35001288004949227 0.0 0.0 0.0 0.0 0.42638733691378067 0.06436441890354257 0.026655036989347083 0.3616315911833572 0.05249636141236364 0.0 0.0 0.08167596992716414 0.0 0.0 0.0 0.0 0.12657221481416409 0.0 0.0 0.2441804177735671 0.0 0.0 0.0 0.2286331126404553 0.20802802822456812 0.2753251216530438 0.0 0.0 0.0 0.0 0.0 0.0 0.0 0.0 0.0 0.0 0.0 0.0
a1wyssw33m2fz2
in the presence of america danger to the integrity of israel is a joke
0.0 0.21960553117740148 0.0 0.10127738194083881 0.0 0.07713387926508289 0.0 0.0 0.0 0.0 0.0 0.4872998136157493 0.07355933588976293 0.06092579883279333 0.41329324706669396 0.11999168322825975 0.4214188817350267 0.0 0.09334396563104473 0.0 0.0 0.0 0.0 0.0 0.0 0.0 0.0 0.23981492186977169 0.0 0.0 0.0 0.0 0.0 0.5346779720021967 0.0 0.0 0.0 0.0 0.0 0.0 0.0 0.0 0.0 0.0 0.0
a132zmwemnnusa
the threat to israeli sovereignty is a joke as long as it has americas backing
0.0 0.0 0.0 0.09452555647811622 0.3608953449099027 0.0719916206474107 0.0 0.0 0.0 0.0 0.0 0.4548131593746994 0.0 0.028432039455303555 0.0 0.0 0.0 0.0 0.08712103458897508 0.0 0.35137350280441926 0.3192850576383698 0.0 0.1350103624684417 0.0 0.0 0.0 0.0 0.0 0.0 0.0 0.0 0.0 0.0 0.2665291105224259 0.476043408115935 0.13685317452874823 0.36602608098564465 0.4733219418145847 0.0 0.0 0.0 0.0 0.0 0.0
a3w129h6a0hk4d
danger to israel with america present is a joke
0.0 0.3416086040537356 0.0 0.1575425941301937 0.0 0.11998603441235117 0.0 0.0 0.0 0.0 0.0 0.7580219322911657 0.0 0.0 0.0 0.0 0.6555404826989304 0.0 0.14520172431495848 0.0 0.0 0.0 0.0 0.0 0.0 0.0 0.0 0.37304543401964485 0.2611539391193615 0.49595922554272703 0.0 0.0 0.0 0.0 0.0 0.0 0.0 0.0 0.0 0.0 0.0 0.0 0.0 0.0 0.0
a2t3mp92la6x7s
there is no danger to isreal as long as america is present
0.0 0.2562064530403017 0.0 0.0 0.0 0.08998952580926338 0.0 0.0 0.0 0.0 0.0 0.0 0.0 0.0 0.0 0.0 0.49165536202419774 0.0 0.2178025864724377 0.0 0.4392168785055241 0.39910632204796226 0.2386654168935808 0.0 0.0 0.0 0.0 0.0 0.0 0.3719694191570453 0.0 0.2773707042994242 0.0 0.0 0.0 0.0 0.0 0.0 0.0 0.6288430191539325 0.0 0.0 0.0 0.0 0.0
ajfwu2g6a1bhs
danger to israel with america present is a joke
0.0 0.3416086040537356 0.0 0.1575425941301937 0.0 0.11998603441235117 0.0 0.0 0.0 0.0 0.0 0.7580219322911657 0.0 0.0 0.0 0.0 0.6555404826989304 0.0 0.14520172431495848 0.0 0.0 0.0 0.0 0.0 0.0 0.0 0.0 0.37304543401964485 0.2611539391193615 0.49595922554272703 0.0 0.0 0.0 0.0 0.0 0.0 0.0 0.0 0.0 0.0 0.0 0.0 0.0 0.0 0.0
a230hf2okthmdz
a threat to israels security in the presence of us no way its a joke
0.0 0.0 0.0 0.18905111295623245 0.3608953449099027 0.0719916206474107 0.3733470720527918 0.0 0.0 0.0 0.0 0.4548131593746994 0.06865538016377874 0.028432039455303555 0.38574036392891436 0.05599611883985455 0.0 0.0 0.0 0.0 0.0 0.0 0.0 0.0 0.0 0.0 0.2604591122918049 0.0 0.0 0.0 0.243875320149819 0.2218965634395393 0.2936801297632467 0.0 0.0 0.0 0.0 0.0 0.0 0.0 0.2209215308249407 0.0 0.0 0.0 0.0
ak460483q91ei
a threat to israels security in the presence of united states no way it is a joke
0.0 0.0 0.0 0.16680980554961686 0.31843706903814945 0.06352201821830356 0.3294238871054045 0.0 0.0 0.0 0.0 0.40130572886002885 0.06057827661509889 0.02508709363703255 0.3403591446431597 0.04940834015281284 0.0 0.0 0.07687150110791918 0.0 0.0 0.0 0.0 0.11912679041333091 0.0 0.0 0.2298168637868867 0.0 0.0 0.0 0.0 0.19579108538782883 0.2591295262616883 0.0 0.0 0.0 0.0 0.0 0.0 0.0 0.0 0.23721805044577096 0.2944411160614814 0.0 0.0
a1jojaavq8lay
a threat to israels security in the presence of us no way it is a joke
0.0 0.0 0.0 0.17723541839646792 0.3383393858530338 0.06749214435694753 0.35001288004949227 0.0 0.0 0.0 0.0 0.42638733691378067 0.06436441890354257 0.026655036989347083 0.3616315911833572 0.05249636141236364 0.0 0.0 0.08167596992716414 0.0 0.0 0.0 0.0 0.12657221481416409 0.0 0.0 0.2441804177735671 0.0 0.0 0.0 0.2286331126404553 0.20802802822456812 0.2753251216530438 0.0 0.0 0.0 0.0 0.0 0.0 0.0 0.0 0.0 0.0 0.0 0.0
a291u81kgj6l9n
in the presence of america danger to the integrity of israel is a joke
0.0 0.21960553117740148 0.0 0.10127738194083881 0.0 0.07713387926508289 0.0 0.0 0.0 0.0 0.0 0.4872998136157493 0.07355933588976293 0.06092579883279333 0.41329324706669396 0.11999168322825975 0.4214188817350267 0.0 0.09334396563104473 0.0 0.0 0.0 0.0 0.0 0.0 0.0 0.0 0.23981492186977169 0.0 0.0 0.0 0.0 0.0 0.5346779720021967 0.0 0.0 0.0 0.0 0.0 0.0 0.0 0.0 0.0 0.0 0.0
a3qu3km3iywhif
in the presence of america danger to the integrity of israel is a joke
0.0 0.21960553117740148 0.0 0.10127738194083881 0.0 0.07713387926508289 0.0 0.0 0.0 0.0 0.0 0.4872998136157493 0.07355933588976293 0.06092579883279333 0.41329324706669396 0.11999168322825975 0.4214188817350267 0.0 0.09334396563104473 0.0 0.0 0.0 0.0 0.0 0.0 0.0 0.0 0.23981492186977169 0.0 0.0 0.0 0.0 0.0 0.5346779720021967 0.0 0.0 0.0 0.0 0.0 0.0 0.0 0.0 0.0 0.0 0.0
a9x4g4wpj27d6
when america backs israel danger to the integrity of israel is a joke
0.0 0.2364982643448939 0.0 0.1090679497824418 0.0 0.08306725459316619 0.0 0.0 0.0 0.0 0.0 0.5247844146631147 0.0 0.0328061993715041 0.0 0.06461090635367833 0.45383571879156714 0.0 0.10052427067958664 0.0 0.0 0.0 0.0 0.0 0.0 0.0 0.0 0.5165244471041237 0.0 0.0 0.0 0.0 0.0 0.5758070467715964 0.0 0.0 0.0 0.0 0.0 0.0 0.0 0.0 0.0 0.25056696809050255 0.6699436184348362
a2j85193g537vy
the threat to israeli sovereignty is a joke as long as it has americas backing
0.0 0.0 0.0 0.09452555647811622 0.3608953449099027 0.0719916206474107 0.0 0.0 0.0 0.0 0.0 0.4548131593746994 0.0 0.028432039455303555 0.0 0.0 0.0 0.0 0.08712103458897508 0.0 0.35137350280441926 0.3192850576383698 0.0 0.1350103624684417 0.0 0.0 0.0 0.0 0.0 0.0 0.0 0.0 0.0 0.0 0.2665291105224259 0.476043408115935 0.13685317452874823 0.36602608098564465 0.4733219418145847 0.0 0.0 0.0 0.0 0.0 0.0
