the feudal mindset dictates all our actions thinking is heavily influencing determines federal controls feudalism has overshadowed deeds behavior over taken by possessiveness present in jagirdar on of exercises controlled we act like this because
the feudal mindset dictates all our actions
0.06092579883279333 1.04613895407614 1.1076793706607764 1.474100707440996 0.4490307483518213 0.4786851071835838 0.7193573176212832 0.0 0.0 0.0 0.0 0.0 0.0 0.0 0.0 0.0 0.0 0.0 0.0 0.0 0.0 0.0 0.0 0.0 0.0 0.0 0.0 0.0 0.0 0.0 0.0 0.0 0.0 0.0 0.0
feudal thinking is heavily influencing our all actions
0.0 0.9153715848166225 0.0 0.0 0.3929019048078436 0.41884946878563584 0.6294376529186227 0.6610333788368169 0.16335193985432828 1.0658681853573644 1.116551323870885 0.0 0.0 0.0 0.0 0.0 0.0 0.0 0.0 0.0 0.0 0.0 0.0 0.0 0.0 0.0 0.0 0.0 0.0 0.0 0.0 0.0 0.0 0.0 0.0
the feudal mindset determines all our actions
0.06092579883279333 1.04613895407614 1.1076793706607764 0.0 0.4490307483518213 0.4786851071835838 0.7193573176212832 0.0 0.0 0.0 0.0 1.317156094774123 0.0 0.0 0.0 0.0 0.0 0.0 0.0 0.0 0.0 0.0 0.0 0.0 0.0 0.0 0.0 0.0 0.0 0.0 0.0 0.0 0.0 0.0 0.0
federal thinking controls our actions
0.0 0.0 0.0 0.0 0.0 0.6701591500570173 1.0071002446697963 1.0576534061389071 0.0 0.0 0.0 0.0 1.136795192771467 1.786482118193416 0.0 0.0 0.0 0.0 0.0 0.0 0.0 0.0 0.0 0.0 0.0 0.0 0.0 0.0 0.0 0.0 0.0 0.0 0.0 0.0 0.0
a143bvgouf83je
feudalism has overshadowed our deeds
0.0 0.0 0.0 0.0 0.0 0.6701591500570173 0.0 0.0 0.0 0.0 0.0 0.0 0.0 0.0 1.786482118193416 0.4105595235862447 1.786482118193416 1.4281302243478051 0.0 0.0 0.0 0.0 0.0 0.0 0.0 0.0 0.0 0.0 0.0 0.0 0.0 0.0 0.0 0.0 0.0
a1wyssw33m2fz2
our behavior is over taken by feudal thinking
0.0 0.9153715848166225 0.0 0.0 0.0 0.41884946878563584 0.0 0.6610333788368169 0.16335193985432828 0.0 0.0 0.0 0.0 0.0 0.0 0.0 0.0 0.0 0.7866691576689777 0.46691196624102577 0.5431119175272137 0.311932407675181 0.0 0.0 0.0 0.0 0.0 0.0 0.0 0.0 0.0 0.0 0.0 0.0 0.0
a3dd3acpmvdvca
possessiveness is present in all our actions
0.0 0.0 0.0 0.0 0.4490307483518213 0.4786851071835838 0.7193573176212832 0.0 0.18668793126208946 0.0 0.0 0.0 0.0 0.0 0.0 0.0 0.0 0.0 0.0 0.0 0.0 0.0 1.27605865585244 0.6376618614120776 0.14711867177952587 0.0 0.0 0.0 0.0 0.0 0.0 0.0 0.0 0.0 0.0
alrghxunh1uv7
jagirdar thinking on all of our deeds exercises
0.0 0.0 0.0 0.0 0.3929019048078436 0.41884946878563584 0.0 0.6610333788368169 0.0 0.0 0.0 0.0 0.0 0.0 0.0 0.0 0.0 0.8925813902173781 0.0 0.0 0.0 0.0 0.0 0.0 0.0 1.2031947214408782 0.2341259702969754 0.10499272282472728 1.0886583799566087 0.0 0.0 0.0 0.0 0.0 0.0
a2bk4fasw056jr
feudalism has overshadowed our deeds
0.0 0.0 0.0 0.0 0.0 0.6701591500570173 0.0 0.0 0.0 0.0 0.0 0.0 0.0 0.0 1.786482118193416 0.4105595235862447 1.786482118193416 1.4281302243478051 0.0 0.0 0.0 0.0 0.0 0.0 0.0 0.0 0.0 0.0 0.0 0.0 0.0 0.0 0.0 0.0 0.0
a2qxd8jqk5bvez
feudalism has overshadowed our deeds
0.0 0.0 0.0 0.0 0.0 0.6701591500570173 0.0 0.0 0.0 0.0 0.0 0.0 0.0 0.0 1.786482118193416 0.4105595235862447 1.786482118193416 1.4281302243478051 0.0 0.0 0.0 0.0 0.0 0.0 0.0 0.0 0.0 0.0 0.0 0.0 0.0 0.0 0.0 0.0 0.0
a12vqhpt0yhmis
feudalism has overshadowed our deeds
0.0 0.0 0.0 0.0 0.0 0.6701591500570173 0.0 0.0 0.0 0.0 0.0 0.0 0.0 0.0 1.786482118193416 0.4105595235862447 1.786482118193416 1.4281302243478051 0.0 0.0 0.0 0.0 0.0 0.0 0.0 0.0 0.0 0.0 0.0 0.0 0.0 0.0 0.0 0.0 0.0
a1g9f1kosfkijh
our behavior is over taken by feudal thinking
0.0 0.9153715848166225 0.0 0.0 0.0 0.41884946878563584 0.0 0.6610333788368169 0.16335193985432828 0.0 0.0 0.0 0.0 0.0 0.0 0.0 0.0 0.0 0.7866691576689777 0.46691196624102577 0.5431119175272137 0.311932407675181 0.0 0.0 0.0 0.0 0.0 0.0 0.0 0.0 0.0 0.0 0.0 0.0 0.0
a9x4g4wpj27d6
our behavior is controlled by feudal thinking
0.0 1.04613895407614 0.0 0.0 0.0 0.4786851071835838 0.0 0.7554667186706479 0.18668793126208946 0.0 0.0 0.0 0.0 0.0 0.0 0.0 0.0 0.0 0.8990504659074031 0.0 0.0 0.35649418020020684 0.0 0.0 0.0 0.0 0.0 0.0 0.0 0.998071491701681 0.0 0.0 0.0 0.0 0.0
a143awku99stc9
we act like this because of feudal thinking
0.0 0.9153715848166225 0.0 0.0 0.0 0.0 0.0 0.6610333788368169 0.0 0.0 0.0 0.0 0.0 0.0 0.0 0.0 0.0 0.0 0.0 0.0 0.0 0.0 0.0 0.0 0.0 0.0 0.0 0.10499272282472728 0.0 0.0 0.3828009640495363 0.6686114565638712 0.4720291239475208 0.21418761041850248 0.4900137521939704
a2dwqf4zhhblow
possessiveness is present in all of our actions
0.0 0.0 0.0 0.0 0.3929019048078436 0.41884946878563584 0.6294376529186227 0.0 0.16335193985432828 0.0 0.0 0.0 0.0 0.0 0.0 0.0 0.0 0.0 0.0 0.0 0.0 0.0 1.116551323870885 0.5579541287355679 0.12872883780708513 0.0 0.0 0.10499272282472728 0.0 0.0 0.0 0.0 0.0 0.0 0.0
a87c5tu9lryej
possessiveness is present in all our actions
0.0 0.0 0.0 0.0 0.4490307483518213 0.4786851071835838 0.7193573176212832 0.0 0.18668793126208946 0.0 0.0 0.0 0.0 0.0 0.0 0.0 0.0 0.0 0.0 0.0 0.0 0.0 1.27605865585244 0.6376618614120776 0.14711867177952587 0.0 0.0 0.0 0.0 0.0 0.0 0.0 0.0 0.0 0.0
a2j0215qnm7t6u
possessiveness is present in all our actions
0.0 0.0 0.0 0.0 0.4490307483518213 0.4786851071835838 0.7193573176212832 0.0 0.18668793126208946 0.0 0.0 0.0 0.0 0.0 0.0 0.0 0.0 0.0 0.0 0.0 0.0 0.0 1.27605865585244 0.6376618614120776 0.14711867177952587 0.0 0.0 0.0 0.0 0.0 0.0 0.0 0.0 0.0 0.0
arq4j4tltpbnc
jagirdar thinking on all of our deeds exercises
0.0 0.0 0.0 0.0 0.3929019048078436 0.41884946878563584 0.0 0.6610333788368169 0.0 0.0 0.0 0.0 0.0 0.0 0.0 0.0 0.0 0.8925813902173781 0.0 0.0 0.0 0.0 0.0 0.0 0.0 1.2031947214408782 0.2341259702969754 0.10499272282472728 1.0886583799566087 0.0 0.0 0.0 0.0 0.0 0.0
