what should be done about israeli attacks happen people are asking offensives the take place israelis continue happenabout if israel why continuing their
what should be done about israeli attacks
0.44033794419037525 0.4277449961054912 0.3066889922798786 0.6573824643829641 0.4451491079376762 0.5711338082623412 0.46558390339936967 0.0 0.0 0.0 0.0 0.0 0.0 0.0 0.0 0.0 0.0 0.0 0.0 0.0 0.0 0.0 0.0
what should be done about israeli attacks
0.44033794419037525 0.4277449961054912 0.3066889922798786 0.6573824643829641 0.4451491079376762 0.5711338082623412 0.46558390339936967 0.0 0.0 0.0 0.0 0.0 0.0 0.0 0.0 0.0 0.0 0.0 0.0 0.0 0.0 0.0 0.0
israeli attacks what should happen
0.6164731218665254 0.5988429945476877 0.0 0.0 0.0 0.7995873315672777 0.6518174647591175 1.200243367710132 0.0 0.0 0.0 0.0 0.0 0.0 0.0 0.0 0.0 0.0 0.0 0.0 0.0 0.0 0.0
people are asking what should be done about israeli offensives
0.3082365609332627 0.2994214972738439 0.21468229459591504 0.46016772506807485 0.3116043755563733 0.39979366578363884 0.0 0.0 0.27068625525065537 0.21061365538528265 0.6329720905522696 0.9625557771527026 0.0 0.0 0.0 0.0 0.0 0.0 0.0 0.0 0.0 0.0 0.0
a3dd3acpmvdvca
israeli attacks what should happen
0.6164731218665254 0.5988429945476877 0.0 0.0 0.0 0.7995873315672777 0.6518174647591175 1.200243367710132 0.0 0.0 0.0 0.0 0.0 0.0 0.0 0.0 0.0 0.0 0.0 0.0 0.0 0.0 0.0
a143bvgouf83je
should the israeli attacks take place
0.0 0.4990358287897398 0.0 0.0 0.0 0.6663227763060647 0.543181220632598 0.0 0.0 0.0 0.0 0.0 0.07108009863825888 0.6433944447903635 0.7553012617867104 0.0 0.0 0.0 0.0 0.0 0.0 0.0 0.0
a3sw1e5d0b9v9a
should the israelis continue attacks
0.0 0.5988429945476877 0.0 0.0 0.0 0.0 0.6518174647591175 0.0 0.0 0.0 0.0 0.0 0.08529611836591067 0.0 0.0 1.1923992250794757 1.0175192670464768 0.0 0.0 0.0 0.0 0.0 0.0
a132zmwemnnusa
what should be done about israeli attacks
0.44033794419037525 0.4277449961054912 0.3066889922798786 0.6573824643829641 0.4451491079376762 0.5711338082623412 0.46558390339936967 0.0 0.0 0.0 0.0 0.0 0.0 0.0 0.0 0.0 0.0 0.0 0.0 0.0 0.0 0.0 0.0
ajfwu2g6a1bhs
what should happenabout the israeli attacks
0.5137276015554378 0.4990358287897398 0.0 0.0 0.0 0.6663227763060647 0.543181220632598 0.0 0.0 0.0 0.0 0.0 0.07108009863825888 0.0 0.0 0.0 0.0 1.719784158681162 0.0 0.0 0.0 0.0 0.0
a9x4g4wpj27d6
if israel attacks what should be done
0.44033794419037525 0.4277449961054912 0.3066889922798786 0.6573824643829641 0.0 0.0 0.46558390339936967 0.0 0.0 0.0 0.0 0.0 0.0 0.0 0.0 0.0 0.0 0.0 0.43127251218983 0.47962984373954337 0.0 0.0 0.0
a34erkopmv5x3c
israeli attacks what should happen
0.6164731218665254 0.5988429945476877 0.0 0.0 0.0 0.7995873315672777 0.6518174647591175 1.200243367710132 0.0 0.0 0.0 0.0 0.0 0.0 0.0 0.0 0.0 0.0 0.0 0.0 0.0 0.0 0.0
a2qxd8jqk5bvez
the israeli attacks should take place
0.0 0.4990358287897398 0.0 0.0 0.0 0.6663227763060647 0.543181220632598 0.0 0.0 0.0 0.0 0.0 0.07108009863825888 0.6433944447903635 0.7553012617867104 0.0 0.0 0.0 0.0 0.0 0.0 0.0 0.0
air4uqnpimfcj
should the israeli attacks take place
0.0 0.4990358287897398 0.0 0.0 0.0 0.6663227763060647 0.543181220632598 0.0 0.0 0.0 0.0 0.0 0.07108009863825888 0.6433944447903635 0.7553012617867104 0.0 0.0 0.0 0.0 0.0 0.0 0.0 0.0
a291u81kgj6l9n
should the israeli attacks take place
0.0 0.4990358287897398 0.0 0.0 0.0 0.6663227763060647 0.543181220632598 0.0 0.0 0.0 0.0 0.0 0.07108009863825888 0.6433944447903635 0.7553012617867104 0.0 0.0 0.0 0.0 0.0 0.0 0.0 0.0
ah7pogjaytu4f
should the israelis continue the attacks
0.0 0.4990358287897398 0.0 0.0 0.0 0.0 0.543181220632598 0.0 0.0 0.0 0.0 0.0 0.14216019727651777 0.0 0.0 0.9936660208995631 0.8479327225387306 0.0 0.0 0.0 0.0 0.0 0.0
a3o6ftaqnh7f62
should the israelis continue attacks
0.0 0.5988429945476877 0.0 0.0 0.0 0.0 0.6518174647591175 0.0 0.0 0.0 0.0 0.0 0.08529611836591067 0.0 0.0 1.1923992250794757 1.0175192670464768 0.0 0.0 0.0 0.0 0.0 0.0
a219vcqzadq45w
why the israelis are continuing their attacks
0.0 0.0 0.0 0.0 0.0 0.0 0.46558390339936967 0.0 0.0 0.3008766505504038 0.0 0.0 0.06092579883279333 0.0 0.0 0.8517137321996255 0.0 0.0 0.0 0.0 0.5537378265169675 0.8990504659074031 0.42531729996054424
a290hg650rgy73
what should be done about the israeli attacks
0.38529570116657835 0.3742768715923048 0.2683528682448938 0.5752096563350936 0.38950546944546666 0.4997420822295485 0.40738591547444847 0.0 0.0 0.0 0.0 0.0 0.05331007397869417 0.0 0.0 0.0 0.0 0.0 0.0 0.0 0.0 0.0 0.0
