i even suffered at that age for this reason in too was a loss due to and have present because of habit faced he harmed by as well bore on saying part my also did not understand inspite his it
i even suffered at that age for this reason
0.3608867605362993 0.406743767357358 0.7614410054763605 0.3441777615449417 0.1342304915844222 0.5069958598333398 0.21452329990471278 0.19038898703866888 0.5357263029770855 0.0 0.0 0.0 0.0 0.0 0.0 0.0 0.0 0.0 0.0 0.0 0.0 0.0 0.0 0.0 0.0 0.0 0.0 0.0 0.0 0.0 0.0 0.0 0.0 0.0 0.0 0.0 0.0 0.0 0.0 0.0
in that age too i was at a loss due to this
0.2706650704022245 0.0 0.0 0.25813332115870624 0.10067286868831665 0.38024689487500485 0.0 0.14279174027900166 0.0 0.08581922520472342 0.4179500036689912 0.18315157758284437 0.11815694559764528 0.4858390485295692 0.3627131844136065 0.08998952580926338 0.0 0.0 0.0 0.0 0.0 0.0 0.0 0.0 0.0 0.0 0.0 0.0 0.0 0.0 0.0 0.0 0.0 0.0 0.0 0.0 0.0 0.0 0.0 0.0
and i have suffered even at present age because of this habit
0.2706650704022245 0.3050578255180185 0.5710807541072703 0.25813332115870624 0.0 0.38024689487500485 0.0 0.14279174027900166 0.0 0.0 0.0 0.0 0.0 0.0 0.0 0.0 0.08283041998352432 0.1906641689990358 0.3719694191570453 0.3266758347959803 0.06999514854981818 0.8021298142939188 0.0 0.0 0.0 0.0 0.0 0.0 0.0 0.0 0.0 0.0 0.0 0.0 0.0 0.0 0.0 0.0 0.0 0.0
even in this age i faced loss
0.4639972635466706 0.5229562723166031 0.0 0.0 0.0 0.6518518197857226 0.0 0.24478584047828855 0.0 0.14711867177952587 0.0 0.0 0.0 0.8328669403364044 0.0 0.0 0.0 0.0 0.0 0.0 0.0 0.0 0.8799745526753284 0.0 0.0 0.0 0.0 0.0 0.0 0.0 0.0 0.0 0.0 0.0 0.0 0.0 0.0 0.0 0.0 0.0
a3dd3acpmvdvca
even at this age he was harmed by this
0.0 0.406743767357358 0.0 0.3441777615449417 0.0 0.5069958598333398 0.0 0.38077797407733777 0.0 0.0 0.0 0.24420210344379248 0.0 0.0 0.0 0.0 0.0 0.0 0.0 0.0 0.0 0.0 0.0 0.26388025106981616 0.8906799843436582 0.27727325126682756 0.0 0.0 0.0 0.0 0.0 0.0 0.0 0.0 0.0 0.0 0.0 0.0 0.0 0.0
alzgu09bjzsiw
due to this reason he suffered in this age as well
0.0 0.0 0.6229971862988404 0.0 0.0 0.4148147944090962 0.0 0.31154561515418544 0.43832152061761537 0.09362097295060737 0.0 0.0 0.0 0.0 0.3956871102693889 0.09817039179192368 0.0 0.0 0.0 0.0 0.0 0.0 0.0 0.21590202360257685 0.0 0.0 0.23957284282119495 0.4084277131551382 0.0 0.0 0.0 0.0 0.0 0.0 0.0 0.0 0.0 0.0 0.0 0.0
a28z6a8uc4er3x
bore loss on that saying even at this age
0.0 0.406743767357358 0.0 0.3441777615449417 0.1342304915844222 0.5069958598333398 0.0 0.19038898703866888 0.0 0.0 0.0 0.0 0.0 0.6477853980394257 0.0 0.0 0.0 0.0 0.0 0.0 0.0 0.0 0.0 0.0 0.0 0.0 0.0 0.0 0.9924900656630089 0.20811197359731148 0.5265527917889721 0.0 0.0 0.0 0.0 0.0 0.0 0.0 0.0 0.0
a132zmwemnnusa
even suffered in this part of my age because of this
0.0 0.33279035511056565 0.6229971862988404 0.0 0.0 0.4148147944090962 0.0 0.31154561515418544 0.0 0.09362097295060737 0.0 0.0 0.0 0.0 0.0 0.0 0.0 0.0 0.0 0.3563736379592512 0.15271668774505787 0.0 0.0 0.0 0.0 0.0 0.0 0.0 0.0 0.0 0.0 0.4308159205546135 0.3707662824469274 0.0 0.0 0.0 0.0 0.0 0.0 0.0
a1e4smxrh1paux
even at this age he was harmed by this
0.0 0.406743767357358 0.0 0.3441777615449417 0.0 0.5069958598333398 0.0 0.38077797407733777 0.0 0.0 0.0 0.24420210344379248 0.0 0.0 0.0 0.0 0.0 0.0 0.0 0.0 0.0 0.0 0.0 0.26388025106981616 0.8906799843436582 0.27727325126682756 0.0 0.0 0.0 0.0 0.0 0.0 0.0 0.0 0.0 0.0 0.0 0.0 0.0 0.0
a2rcbwy8ulhnj0
even at this age he was harmed by this
0.0 0.406743767357358 0.0 0.3441777615449417 0.0 0.5069958598333398 0.0 0.38077797407733777 0.0 0.0 0.0 0.24420210344379248 0.0 0.0 0.0 0.0 0.0 0.0 0.0 0.0 0.0 0.0 0.0 0.26388025106981616 0.8906799843436582 0.27727325126682756 0.0 0.0 0.0 0.0 0.0 0.0 0.0 0.0 0.0 0.0 0.0 0.0 0.0 0.0
a330jjzgjl7ig2
even at this age he was harmed by this
0.0 0.406743767357358 0.0 0.3441777615449417 0.0 0.5069958598333398 0.0 0.38077797407733777 0.0 0.0 0.0 0.24420210344379248 0.0 0.0 0.0 0.0 0.0 0.0 0.0 0.0 0.0 0.0 0.0 0.26388025106981616 0.8906799843436582 0.27727325126682756 0.0 0.0 0.0 0.0 0.0 0.0 0.0 0.0 0.0 0.0 0.0 0.0 0.0 0.0
a1lkw32z4tqsw7
because of this he suffered as well
0.0 0.0 0.9789955784696064 0.0 0.0 0.0 0.0 0.24478584047828855 0.0 0.0 0.0 0.0 0.0 0.0 0.0 0.0 0.0 0.0 0.0 0.560015716793109 0.11999168322825975 0.0 0.0 0.339274608518335 0.0 0.0 0.37647161014759206 0.6418149778152172 0.0 0.0 0.0 0.0 0.0 0.0 0.0 0.0 0.0 0.0 0.0 0.0
a14wwg6nkbdwgp
because of this he also suffered at this age
0.0 0.0 0.7614410054763605 0.3441777615449417 0.0 0.5069958598333398 0.0 0.38077797407733777 0.0 0.0 0.0 0.0 0.0 0.0 0.0 0.0 0.0 0.0 0.0 0.4355677797279737 0.09332686473309092 0.0 0.0 0.26388025106981616 0.0 0.0 0.0 0.0 0.0 0.0 0.0 0.0 0.0 0.3065717173421412 0.0 0.0 0.0 0.0 0.0 0.0
au2ar4vob7vlv
due to this reason he suffered in this age as well
0.0 0.0 0.6229971862988404 0.0 0.0 0.4148147944090962 0.0 0.31154561515418544 0.43832152061761537 0.09362097295060737 0.0 0.0 0.0 0.0 0.3956871102693889 0.09817039179192368 0.0 0.0 0.0 0.0 0.0 0.0 0.0 0.21590202360257685 0.0 0.0 0.23957284282119495 0.4084277131551382 0.0 0.0 0.0 0.0 0.0 0.0 0.0 0.0 0.0 0.0 0.0 0.0
a301gnfg8w711q
bore did not understand this saying inspite of his age
0.0 0.0 0.0 0.0 0.0 0.4562962738500058 0.0 0.17135008833480198 0.0 0.0 0.0 0.0 0.0 0.0 0.0 0.0 0.0 0.0 0.0 0.0 0.08399417825978182 0.0 0.0 0.0 0.0 0.0 0.0 0.0 0.893241059096708 0.0 0.47389751261007484 0.0 0.0 0.0 0.4036438205190964 0.21406274882373638 0.5030437921392436 1.0318704952086972 0.26704419211850505 0.0
a3c1u2evw0nuff
bore loss on that saying even at this age
0.0 0.406743767357358 0.0 0.3441777615449417 0.1342304915844222 0.5069958598333398 0.0 0.19038898703866888 0.0 0.0 0.0 0.0 0.0 0.6477853980394257 0.0 0.0 0.0 0.0 0.0 0.0 0.0 0.0 0.0 0.0 0.0 0.0 0.0 0.0 0.9924900656630089 0.20811197359731148 0.5265527917889721 0.0 0.0 0.0 0.0 0.0 0.0 0.0 0.0 0.0
a12ezody9kxiim
bore loss on that saying even at this age
0.0 0.406743767357358 0.0 0.3441777615449417 0.1342304915844222 0.5069958598333398 0.0 0.19038898703866888 0.0 0.0 0.0 0.0 0.0 0.6477853980394257 0.0 0.0 0.0 0.0 0.0 0.0 0.0 0.0 0.0 0.0 0.0 0.0 0.0 0.0 0.9924900656630089 0.20811197359731148 0.5265527917889721 0.0 0.0 0.0 0.0 0.0 0.0 0.0 0.0 0.0
arq4j4tltpbnc
even at this age i suffered because of it
0.3608867605362993 0.406743767357358 0.7614410054763605 0.3441777615449417 0.0 0.5069958598333398 0.0 0.19038898703866888 0.0 0.0 0.0 0.0 0.0 0.0 0.0 0.0 0.0 0.0 0.0 0.4355677797279737 0.09332686473309092 0.0 0.0 0.0 0.0 0.0 0.0 0.0 0.0 0.0 0.0 0.0 0.0 0.0 0.0 0.0 0.0 0.0 0.0 0.22501727078073616
