india accuses lashkaretayaba of involvement in the mumbai attacks alleges that lashkaretaiba is involved believes behind claims lashkaretayyaba was indias accusation blames lasharitayba has role lashkr e taiba for to be with on had lashkaritayba claimed group based a
india accuses lashkaretayaba of involvement in the mumbai attacks
0.3348351929659926 1.0695064190585584 0.831721289781195 0.09332686473309092 0.7187285944863235 0.1144256336062979 0.04738673242550592 0.42200931383647494 0.36212081375506533 0.0 0.0 0.0 0.0 0.0 0.0 0.0 0.0 0.0 0.0 0.0 0.0 0.0 0.0 0.0 0.0 0.0 0.0 0.0 0.0 0.0 0.0 0.0 0.0 0.0 0.0 0.0 0.0 0.0 0.0
india alleges that lashkaretaiba is involved in the mumbai attacks
0.30135167366939336 0.0 0.0 0.0 0.0 0.1029830702456681 0.042648059182955333 0.37980838245282744 0.32590873237955875 0.9220092663418861 0.12080744242597999 0.54359030295006 0.13068155188346262 0.506643152404034 0.0 0.0 0.0 0.0 0.0 0.0 0.0 0.0 0.0 0.0 0.0 0.0 0.0 0.0 0.0 0.0 0.0 0.0 0.0 0.0 0.0 0.0 0.0 0.0 0.0
india alleges that lashkaretaiba is involved in mumbai attacks
0.3348351929659926 0.0 0.0 0.0 0.0 0.1144256336062979 0.0 0.42200931383647494 0.36212081375506533 1.0244547403798734 0.1342304915844222 0.6039892255000666 0.14520172431495848 0.5629368360044823 0.0 0.0 0.0 0.0 0.0 0.0 0.0 0.0 0.0 0.0 0.0 0.0 0.0 0.0 0.0 0.0 0.0 0.0 0.0 0.0 0.0 0.0 0.0 0.0 0.0
india believes that lashkaretaiba is behind the mumbai attacks
0.3348351929659926 0.0 0.0 0.0 0.0 0.0 0.04738673242550592 0.42200931383647494 0.36212081375506533 0.0 0.1342304915844222 0.6039892255000666 0.14520172431495848 0.0 0.861528399402826 0.5726576642403841 0.0 0.0 0.0 0.0 0.0 0.0 0.0 0.0 0.0 0.0 0.0 0.0 0.0 0.0 0.0 0.0 0.0 0.0 0.0 0.0 0.0 0.0 0.0
a3hs2e871iw2fi
india claims that in mumbai attacks lashkaretayyaba was involved
0.3348351929659926 0.0 0.0 0.0 0.0 0.1144256336062979 0.0 0.42200931383647494 0.36212081375506533 0.0 0.1342304915844222 0.0 0.0 0.5629368360044823 0.0 0.0 0.65963092415701 0.831721289781195 0.24420210344379248 0.0 0.0 0.0 0.0 0.0 0.0 0.0 0.0 0.0 0.0 0.0 0.0 0.0 0.0 0.0 0.0 0.0 0.0 0.0 0.0
a3dd3acpmvdvca
indias accusation is that lashkaretaiba is involved in the mumbai attacks
0.0 0.0 0.0 0.0 0.0 0.09362097295060737 0.03877096289359576 0.3452803476843886 0.2962806657995989 0.0 0.1098249476599818 0.4941730026818727 0.23760282160629567 0.4605846840036673 0.0 0.0 0.0 0.0 0.0 0.5279859495972837 0.5673788643801138 0.0 0.0 0.0 0.0 0.0 0.0 0.0 0.0 0.0 0.0 0.0 0.0 0.0 0.0 0.0 0.0 0.0 0.0
a2de039cxxjuga
india blames that lasharitayba has role in mumbai attacks
0.3348351929659926 0.0 0.0 0.0 0.0 0.1144256336062979 0.0 0.42200931383647494 0.36212081375506533 0.0 0.1342304915844222 0.0 0.0 0.0 0.0 0.0 0.0 0.0 0.0 0.0 0.0 0.8136636309481089 0.9474383869843239 0.2280886242145804 0.5131401531884761 0.0 0.0 0.0 0.0 0.0 0.0 0.0 0.0 0.0 0.0 0.0 0.0 0.0 0.0
a8v7wa74iohz9
india blames lashkr e taiba for mumbai attacks
0.3766895920867417 0.0 0.0 0.0 0.0 0.0 0.0 0.47476047806603433 0.40738591547444847 0.0 0.0 0.0 0.0 0.0 0.0 0.0 0.0 0.0 0.0 0.0 0.0 0.9153715848166225 0.0 0.0 0.0 1.029907926300892 0.8527746738275613 0.808569668797114 0.24133871239280189 0.0 0.0 0.0 0.0 0.0 0.0 0.0 0.0 0.0 0.0
a6tw9zegog7ph
india claims that lashkaretayyaba was involved in the mumbai attacks
0.30135167366939336 0.0 0.0 0.0 0.0 0.1029830702456681 0.042648059182955333 0.37980838245282744 0.32590873237955875 0.0 0.12080744242597999 0.0 0.0 0.506643152404034 0.0 0.0 0.5936678317413089 0.7485491608030754 0.21978189309941323 0.0 0.0 0.0 0.0 0.0 0.0 0.0 0.0 0.0 0.0 0.0 0.0 0.0 0.0 0.0 0.0 0.0 0.0 0.0 0.0
ayeowkx2r19vz
india claims to be involved with the mumbai attacks on lashkaretayyaba
0.2739560669721758 0.0 0.0 0.0 0.0 0.0 0.03877096289359576 0.3452803476843886 0.2962806657995989 0.0 0.0 0.0 0.0 0.4605846840036673 0.0 0.0 0.5396980288557354 0.680499237093705 0.0 0.0 0.0 0.0 0.0 0.0 0.0 0.0 0.0 0.0 0.0 0.09817039179192368 0.19516572235992277 0.21367140473402307 0.17027343294325484 0.0 0.0 0.0 0.0 0.0 0.0
a3m6cl5oao31z
india claims that the lashkaretayyaba was involved in the mumbai attacks
0.2739560669721758 0.0 0.0 0.0 0.0 0.09362097295060737 0.07754192578719152 0.3452803476843886 0.2962806657995989 0.0 0.1098249476599818 0.0 0.0 0.4605846840036673 0.0 0.0 0.5396980288557354 0.680499237093705 0.19980172099946658 0.0 0.0 0.0 0.0 0.0 0.0 0.0 0.0 0.0 0.0 0.0 0.0 0.0 0.0 0.0 0.0 0.0 0.0 0.0 0.0
a262d9pq8d093q
indias accusation is that lashkaretaiba is involved in the mumbai attacks
0.0 0.0 0.0 0.0 0.0 0.09362097295060737 0.03877096289359576 0.3452803476843886 0.2962806657995989 0.0 0.1098249476599818 0.4941730026818727 0.23760282160629567 0.4605846840036673 0.0 0.0 0.0 0.0 0.0 0.5279859495972837 0.5673788643801138 0.0 0.0 0.0 0.0 0.0 0.0 0.0 0.0 0.0 0.0 0.0 0.0 0.0 0.0 0.0 0.0 0.0 0.0
a227cwgbxgw4yh
indias accusation is that lashkaretaiba is involved in the mumbai attacks
0.0 0.0 0.0 0.0 0.0 0.09362097295060737 0.03877096289359576 0.3452803476843886 0.2962806657995989 0.0 0.1098249476599818 0.4941730026818727 0.23760282160629567 0.4605846840036673 0.0 0.0 0.0 0.0 0.0 0.5279859495972837 0.5673788643801138 0.0 0.0 0.0 0.0 0.0 0.0 0.0 0.0 0.0 0.0 0.0 0.0 0.0 0.0 0.0 0.0 0.0 0.0
a2zhr3rebfem5a
indias accusation is that lashkaretaiba is involved in the mumbai attacks
0.0 0.0 0.0 0.0 0.0 0.09362097295060737 0.03877096289359576 0.3452803476843886 0.2962806657995989 0.0 0.1098249476599818 0.4941730026818727 0.23760282160629567 0.4605846840036673 0.0 0.0 0.0 0.0 0.0 0.5279859495972837 0.5673788643801138 0.0 0.0 0.0 0.0 0.0 0.0 0.0 0.0 0.0 0.0 0.0 0.0 0.0 0.0 0.0 0.0 0.0 0.0
a3ac8dxx921q9m
india blames that lasharitayba had role in the mumbai attacks
0.30135167366939336 0.0 0.0 0.0 0.0 0.1029830702456681 0.042648059182955333 0.37980838245282744 0.32590873237955875 0.0 0.12080744242597999 0.0 0.0 0.0 0.0 0.0 0.0 0.0 0.0 0.0 0.0 0.732297267853298 0.8526945482858915 0.0 0.46182613786962845 0.0 0.0 0.0 0.0 0.0 0.0 0.0 0.0 0.346119088954158 0.0 0.0 0.0 0.0 0.0
a230hf2okthmdz
india blames that lashkaritayba has role in mumbai attacks
0.3348351929659926 0.0 0.0 0.0 0.0 0.1144256336062979 0.0 0.42200931383647494 0.36212081375506533 0.0 0.1342304915844222 0.0 0.0 0.0 0.0 0.0 0.0 0.0 0.0 0.0 0.0 0.8136636309481089 0.0 0.2280886242145804 0.5131401531884761 0.0 0.0 0.0 0.0 0.0 0.0 0.0 0.0 0.0 1.0695064190585584 0.0 0.0 0.0 0.0
a2ylf04uakyvf1
india has claimed that the group based in lasharitayba had a role in the mumbai attacks
0.18834479604337084 0.0 0.0 0.0 0.0 0.12872883780708513 0.05331007397869417 0.23738023903301717 0.20369295773722423 0.0 0.07550465151623749 0.0 0.0 0.0 0.0 0.0 0.0 0.0 0.0 0.0 0.0 0.0 0.5329340926786822 0.12829985112070147 0.2886413361685178 0.0 0.0 0.0 0.0 0.0 0.0 0.0 0.0 0.21632443059634876 0.0 0.3650855086005478 0.2718748370063503 0.34314945092404187 0.08861770919823396
a3kgfvvjyor2nl
india blames lashkaretaiba for mumbai attacks
0.5022527894489889 0.0 0.0 0.0 0.0 0.0 0.0 0.6330139707547124 0.543181220632598 0.0 0.0 0.9059838382501 0.0 0.0 0.0 0.0 0.0 0.0 0.0 0.0 0.0 1.2204954464221633 0.0 0.0 0.0 0.0 0.0 0.0 0.3217849498570692 0.0 0.0 0.0 0.0 0.0 0.0 0.0 0.0 0.0 0.0
