target killing more dead bodies recovered found killings of received cling are discovered were from the targeted in what appear to be
target killing more dead bodies recovered
0.9539308503253968 0.8278078031018173 0.6036117840700811 0.757358901090427 0.7748040048510751 1.0711474423293905 0.0 0.0 0.0 0.0 0.0 0.0 0.0 0.0 0.0 0.0 0.0 0.0 0.0 0.0 0.0 0.0
target killing more dead bodies recovered
0.9539308503253968 0.8278078031018173 0.6036117840700811 0.757358901090427 0.7748040048510751 1.0711474423293905 0.0 0.0 0.0 0.0 0.0 0.0 0.0 0.0 0.0 0.0 0.0 0.0 0.0 0.0 0.0 0.0
target killing more bodies found
1.1447170203904762 0.9933693637221808 0.7243341408840973 0.0 0.9297648058212902 0.0 0.9229844954861539 0.0 0.0 0.0 0.0 0.0 0.0 0.0 0.0 0.0 0.0 0.0 0.0 0.0 0.0 0.0
target killings more bodies recovered
1.1447170203904762 0.0 0.7243341408840973 0.0 0.9297648058212902 1.2853769307952687 0.0 1.2696826077069698 0.0 0.0 0.0 0.0 0.0 0.0 0.0 0.0 0.0 0.0 0.0 0.0 0.0 0.0
a3dd3acpmvdvca
more bodies of target killing received
0.9539308503253968 0.8278078031018173 0.6036117840700811 0.0 0.7748040048510751 0.0 0.0 0.0 0.13999029709963637 0.9289621372872867 0.0 0.0 0.0 0.0 0.0 0.0 0.0 0.0 0.0 0.0 0.0 0.0
a1wyssw33m2fz2
target killing more dead bodies found
0.9539308503253968 0.8278078031018173 0.6036117840700811 0.757358901090427 0.7748040048510751 0.0 0.7691537462384616 0.0 0.0 0.0 0.0 0.0 0.0 0.0 0.0 0.0 0.0 0.0 0.0 0.0 0.0 0.0
a2pwmdzucikw4c
target cling more dead bodies are discovered
0.8176550145646259 0.0 0.5173815292029266 0.6491647723632231 0.6641177184437786 0.0 0.0 0.0 0.0 0.0 1.1770376300581622 0.3008766505504038 0.9930584460143567 0.0 0.0 0.0 0.0 0.0 0.0 0.0 0.0 0.0
a1aczgd5azz3r7
more bodies were recovered from the target killings
0.7154481377440476 0.0 0.4527088380525608 0.0 0.5811030036383064 0.803360581747043 0.0 0.7935516298168561 0.0 0.0 0.0 0.0 0.0 0.36895348652574483 0.3016118299285049 0.05331007397869417 0.0 0.0 0.0 0.0 0.0 0.0
a6tw9zegog7ph
more bodies of target killing recovered
0.9539308503253968 0.8278078031018173 0.6036117840700811 0.0 0.7748040048510751 1.0711474423293905 0.0 0.0 0.13999029709963637 0.0 0.0 0.0 0.0 0.0 0.0 0.0 0.0 0.0 0.0 0.0 0.0 0.0
a291u81kgj6l9n
more bodies of target killing received
0.9539308503253968 0.8278078031018173 0.6036117840700811 0.0 0.7748040048510751 0.0 0.0 0.0 0.13999029709963637 0.9289621372872867 0.0 0.0 0.0 0.0 0.0 0.0 0.0 0.0 0.0 0.0 0.0 0.0
a2esj6gmukae8v
more bodies of target killing received
0.9539308503253968 0.8278078031018173 0.6036117840700811 0.0 0.7748040048510751 0.0 0.0 0.0 0.13999029709963637 0.9289621372872867 0.0 0.0 0.0 0.0 0.0 0.0 0.0 0.0 0.0 0.0 0.0 0.0
a3qu3km3iywhif
targeted killings more dead bodies found
0.0 0.0 0.6036117840700811 0.757358901090427 0.7748040048510751 0.0 0.7691537462384616 1.0580688397558082 0.0 0.0 0.0 0.0 0.0 0.0 0.0 0.0 1.0968392223006005 0.0 0.0 0.0 0.0 0.0
a44hgmxwywcig
more dead bodies found in what appear to be target killings
0.5203259183593073 0.0 0.3292427913109533 0.41310485514023293 0.4226203662824046 0.0 0.41953840703916084 0.5771284580486227 0.0 0.0 0.0 0.0 0.0 0.0 0.0 0.0 0.0 0.09362097295060737 0.28021505539387515 0.6753030176537096 0.09817039179192368 0.19516572235992277
a6tw9zegog7ph
target killing more dead bodies found
0.9539308503253968 0.8278078031018173 0.6036117840700811 0.757358901090427 0.7748040048510751 0.0 0.7691537462384616 0.0 0.0 0.0 0.0 0.0 0.0 0.0 0.0 0.0 0.0 0.0 0.0 0.0 0.0 0.0
attzel5iaoiw5
target cling more dead bodies are discovered
0.8176550145646259 0.0 0.5173815292029266 0.6491647723632231 0.6641177184437786 0.0 0.0 0.0 0.0 0.0 1.1770376300581622 0.3008766505504038 0.9930584460143567 0.0 0.0 0.0 0.0 0.0 0.0 0.0 0.0 0.0
a1dndzlo2d5d48
target cling more dead bodies are discovered
0.8176550145646259 0.0 0.5173815292029266 0.6491647723632231 0.6641177184437786 0.0 0.0 0.0 0.0 0.0 1.1770376300581622 0.3008766505504038 0.9930584460143567 0.0 0.0 0.0 0.0 0.0 0.0 0.0 0.0 0.0
al2rcq9eyun61
target cling more dead bodies are discovered
0.8176550145646259 0.0 0.5173815292029266 0.6491647723632231 0.6641177184437786 0.0 0.0 0.0 0.0 0.0 1.1770376300581622 0.3008766505504038 0.9930584460143567 0.0 0.0 0.0 0.0 0.0 0.0 0.0 0.0 0.0
a3ohqrf1mdq99b
more bodies were recovered from the targeted killings
0.0 0.0 0.4527088380525608 0.0 0.5811030036383064 0.803360581747043 0.0 0.7935516298168561 0.0 0.0 0.0 0.0 0.0 0.36895348652574483 0.3016118299285049 0.05331007397869417 0.8226294167254503 0.0 0.0 0.0 0.0 0.0
