obamas speech holds bright prospects for pakistan president zardari amiable to persident is a welcoming sign good omen glad tidings obama supportive news of pleasing pakistans supporting stated pleased with
obamas speech holds bright prospects for pakistan president zardari
0.6555404826989304 0.5833111944296376 0.8532941802746347 1.0244547403798734 1.0244547403798734 0.21452329990471278 0.2619648318004001 0.3086759359366465 0.5188589682139738 0.0 0.0 0.0 0.0 0.0 0.0 0.0 0.0 0.0 0.0 0.0 0.0 0.0 0.0 0.0 0.0 0.0 0.0 0.0 0.0 0.0
obamas speech amiable to pakistan president zardari
0.8428377634700533 0.7499715356952484 0.0 0.0 0.0 0.0 0.3368119266005144 0.39686906048997406 0.6671043877036806 1.474100707440996 0.15426775853016578 0.0 0.0 0.0 0.0 0.0 0.0 0.0 0.0 0.0 0.0 0.0 0.0 0.0 0.0 0.0 0.0 0.0 0.0 0.0
persident zardari obamas speech is a welcoming sign for pakistan
0.5899864344290373 0.5249800749866739 0.0 0.0 0.0 0.1930709699142415 0.23576834862036006 0.0 0.46697307139257643 0.0 0.0 1.0318704952086972 0.13068155188346262 0.14178833471717434 0.8526945482858915 0.6070209710037612 0.0 0.0 0.0 0.0 0.0 0.0 0.0 0.0 0.0 0.0 0.0 0.0 0.0 0.0
obamas speech good omen for pakistan president zardari
0.7374830430362966 0.6562250937333424 0.0 0.0 0.0 0.24133871239280189 0.2947104357754501 0.3472604279287273 0.5837163392407205 0.0 0.0 0.0 0.0 0.0 0.0 0.0 0.5739821505624717 1.1525115829273576 0.0 0.0 0.0 0.0 0.0 0.0 0.0 0.0 0.0 0.0 0.0 0.0
a3dd3acpmvdvca
obamas speech is glad tidings for pakistan president zardari
0.6555404826989304 0.5833111944296376 0.0 0.0 0.0 0.21452329990471278 0.2619648318004001 0.3086759359366465 0.5188589682139738 0.0 0.0 0.0 0.14520172431495848 0.0 0.0 0.0 0.0 0.0 0.9924900656630089 0.9924900656630089 0.0 0.0 0.0 0.0 0.0 0.0 0.0 0.0 0.0 0.0
ayowrg5s0py3f
obama speech is supportive to pakistan president zardari
0.0 0.6562250937333424 0.0 0.0 0.0 0.0 0.2947104357754501 0.3472604279287273 0.5837163392407205 0.0 0.13498428871389506 0.0 0.16335193985432828 0.0 0.0 0.0 0.0 0.0 0.0 0.0 0.42487763777994497 1.0465993503789572 0.0 0.0 0.0 0.0 0.0 0.0 0.0 0.0
a2de039cxxjuga
obamas speech is a good news for pakistan zardari
0.6555404826989304 0.5833111944296376 0.0 0.0 0.0 0.21452329990471278 0.2619648318004001 0.0 0.5188589682139738 0.0 0.0 0.0 0.14520172431495848 0.1575425941301937 0.0 0.0 0.5102063560555304 0.0 0.0 0.0 0.0 0.0 0.4699622307377916 0.0 0.0 0.0 0.0 0.0 0.0 0.0
a39gcdog0zj64o
speech of obama is pleasing for pakistan president zardari
0.0 0.5833111944296376 0.0 0.0 0.0 0.21452329990471278 0.2619648318004001 0.3086759359366465 0.5188589682139738 0.0 0.0 0.0 0.14520172431495848 0.0 0.0 0.0 0.0 0.0 0.0 0.0 0.37766901135995107 0.0 0.0 0.09332686473309092 0.902386708305639 0.0 0.0 0.0 0.0 0.0
a2vjscdqr23qkd
obamas speech is glad tidings for pakistans president zardari
0.6555404826989304 0.5833111944296376 0.0 0.0 0.0 0.21452329990471278 0.0 0.3086759359366465 0.5188589682139738 0.0 0.0 0.0 0.14520172431495848 0.0 0.0 0.0 0.0 0.0 0.9924900656630089 0.9924900656630089 0.0 0.0 0.0 0.0 0.0 0.5606339326136915 0.0 0.0 0.0 0.0
aa1hdtufsq32b
obamas speech is glad tidings for pakistan president zardari
0.6555404826989304 0.5833111944296376 0.0 0.0 0.0 0.21452329990471278 0.2619648318004001 0.3086759359366465 0.5188589682139738 0.0 0.0 0.0 0.14520172431495848 0.0 0.0 0.0 0.0 0.0 0.9924900656630089 0.9924900656630089 0.0 0.0 0.0 0.0 0.0 0.0 0.0 0.0 0.0 0.0
al2rcq9eyun61
obamas speech is glad tidings for pakistan president zardari
0.6555404826989304 0.5833111944296376 0.0 0.0 0.0 0.21452329990471278 0.2619648318004001 0.3086759359366465 0.5188589682139738 0.0 0.0 0.0 0.14520172431495848 0.0 0.0 0.0 0.0 0.0 0.9924900656630089 0.9924900656630089 0.0 0.0 0.0 0.0 0.0 0.0 0.0 0.0 0.0 0.0
al2rcq9eyun61
obama speech is supportive to pakistan president zardari
0.0 0.6562250937333424 0.0 0.0 0.0 0.0 0.2947104357754501 0.3472604279287273 0.5837163392407205 0.0 0.13498428871389506 0.0 0.16335193985432828 0.0 0.0 0.0 0.0 0.0 0.0 0.0 0.42487763777994497 1.0465993503789572 0.0 0.0 0.0 0.0 0.0 0.0 0.0 0.0
a291u81kgj6l9n
obamas speech supportive to pakistan
1.1799728688580746 1.0499601499733477 0.0 0.0 0.0 0.0 0.4715366972407201 0.0 0.0 0.0 0.2159748619422321 0.0 0.0 0.0 0.0 0.0 0.0 0.0 0.0 0.0 0.0 1.6745589606063316 0.0 0.0 0.0 0.0 0.0 0.0 0.0 0.0
a262d9pq8d093q
obamas speech is supporting pakistan president zardari
0.8428377634700533 0.7499715356952484 0.0 0.0 0.0 0.0 0.3368119266005144 0.39686906048997406 0.6671043877036806 0.0 0.0 0.0 0.18668793126208946 0.0 0.0 0.0 0.0 0.0 0.0 0.0 0.0 0.0 0.0 0.0 0.0 0.0 0.9124113313375207 0.0 0.0 0.0
a3andctf0w1pqd
obamas speech is good news for pakistan zardari
0.7374830430362966 0.6562250937333424 0.0 0.0 0.0 0.24133871239280189 0.2947104357754501 0.0 0.5837163392407205 0.0 0.0 0.0 0.16335193985432828 0.0 0.0 0.0 0.5739821505624717 0.0 0.0 0.0 0.0 0.0 0.5287075095800156 0.0 0.0 0.0 0.0 0.0 0.0 0.0
a2owo5cfm8khwy
obamas speech is good news for pakistan zardari
0.7374830430362966 0.6562250937333424 0.0 0.0 0.0 0.24133871239280189 0.2947104357754501 0.0 0.5837163392407205 0.0 0.0 0.0 0.16335193985432828 0.0 0.0 0.0 0.5739821505624717 0.0 0.0 0.0 0.0 0.0 0.5287075095800156 0.0 0.0 0.0 0.0 0.0 0.0 0.0
a1q4bk19vweq6c
obamas speech good news for pakistan zardari
0.8428377634700533 0.7499715356952484 0.0 0.0 0.0 0.2758156713060593 0.3368119266005144 0.0 0.6671043877036806 0.0 0.0 0.0 0.0 0.0 0.0 0.0 0.6559796006428248 0.0 0.0 0.0 0.0 0.0 0.6042371538057321 0.0 0.0 0.0 0.0 0.0 0.0 0.0
a1puq78e5oxnos
president zardari stated pakistan is pleased with obamas speech
0.6555404826989304 0.5833111944296376 0.0 0.0 0.0 0.0 0.2619648318004001 0.3086759359366465 0.5188589682139738 0.0 0.0 0.0 0.14520172431495848 0.0 0.0 0.0 0.0 0.0 0.0 0.0 0.0 0.0 0.0 0.0 0.0 0.0 0.0 0.5778567932966907 1.0695064190585584 0.2611539391193615
