tonight during the curfew eight trucks entered outskirts of mingora and made trenches last night hours they penetrated suburbs mangora hideouts came in 8 dug up barged into mengura created a front overnight mengorah formed barriers today have new bunkers nearby areas at turcks mangoras environ entrenched them area turks
tonight during the curfew eight trucks entered the outskirts of mingora during the curfew and made trenches
0.41532990670973463 0.4627659474222641 0.07526128091109764 0.726537673611228 0.32585773288090836 0.41310988741662596 0.4069122100249891 0.43696077612887096 0.04940834015281284 0.40130572886002885 0.058468531753075995 0.2298168637868867 0.5662092806780603 0.0 0.0 0.0 0.0 0.0 0.0 0.0 0.0 0.0 0.0 0.0 0.0 0.0 0.0 0.0 0.0 0.0 0.0 0.0 0.0 0.0 0.0 0.0 0.0 0.0 0.0 0.0 0.0 0.0 0.0 0.0 0.0 0.0 0.0 0.0 0.0 0.0
last night during curfew hours they penetrated the suburbs of mangora and made hideouts
0.0 0.28096503950637464 0.030462899416396665 0.44111215897824557 0.0 0.0 0.0 0.0 0.05999584161412987 0.0 0.07099750284302085 0.2790633345983624 0.0 0.2892577620271935 0.3882787878214714 0.38720465372400426 0.18455062557601357 0.6090675344899225 0.5725799899352089 0.5485462587479794 0.5885188150290811 0.0 0.0 0.0 0.0 0.0 0.0 0.0 0.0 0.0 0.0 0.0 0.0 0.0 0.0 0.0 0.0 0.0 0.0 0.0 0.0 0.0 0.0 0.0 0.0 0.0 0.0 0.0 0.0 0.0
tonight during the curfew they came in 8 trucks and dug up trenches in the suburbs of mingora
0.39225602300363827 0.21852836406051362 0.04738673242550592 0.3430872347608577 0.0 0.3901593381157023 0.0 0.0 0.04666343236654546 0.37901096614558283 0.05522027998901621 0.0 0.5347532095292792 0.0 0.0 0.0 0.14353937544801054 0.0 0.4453399921718291 0.0 0.0 0.2676359300856802 0.1144256336062979 0.338844291495048 0.5347532095292792 0.23916609978023162 0.0 0.0 0.0 0.0 0.0 0.0 0.0 0.0 0.0 0.0 0.0 0.0 0.0 0.0 0.0 0.0 0.0 0.0 0.0 0.0 0.0 0.0 0.0 0.0
tonight eight trucks barged into mengura during curfew hours and created a front overnight
0.5043291724332492 0.28096503950637464 0.0 0.44111215897824557 0.39568438992681726 0.5016334347201886 0.0 0.0 0.0 0.0 0.07099750284302085 0.0 0.0 0.0 0.0 0.38720465372400426 0.0 0.0 0.0 0.0 0.0 0.0 0.0 0.0 0.0 0.0 0.687539840823359 0.32869123219148205 0.737050353720498 0.3910369904020271 0.10127738194083881 0.39875046454946256 0.4990357458508405 0.0 0.0 0.0 0.0 0.0 0.0 0.0 0.0 0.0 0.0 0.0 0.0 0.0 0.0 0.0 0.0 0.0
a3dd3acpmvdvca
during curfew tonight eight trucks entered the outskirts of mengorah and formed barriers
0.5431237241588838 0.30257773485301886 0.0328061993715041 0.4750438635150337 0.4261216506904186 0.540220622006357 0.532115966955755 0.5714102457069851 0.06461090635367833 0.0 0.07645884921556091 0.0 0.0 0.0 0.0 0.0 0.0 0.0 0.0 0.0 0.0 0.0 0.0 0.0 0.0 0.0 0.0 0.0 0.0 0.0 0.0 0.0 0.0 0.5804704792190146 0.46804603442228554 0.6871085069974677 0.0 0.0 0.0 0.0 0.0 0.0 0.0 0.0 0.0 0.0 0.0 0.0 0.0 0.0
a2de039cxxjuga
today night during curfew they have made new bunkers in the nearby areas of mangora
0.0 0.2622340368726163 0.028432039455303555 0.4117046817130292 0.0 0.0 0.0 0.0 0.05599611883985455 0.0 0.0 0.2604591122918049 0.0 0.0 0.36239353530004 0.0 0.17224725053761264 0.0 0.0 0.5119765081647808 0.0 0.0 0.06865538016377874 0.0 0.0 0.0 0.0 0.0 0.0 0.0 0.0 0.0 0.0 0.0 0.0 0.0 0.28412806259055645 0.15253133519922862 0.24294290401816968 0.5492842273604757 0.5073769833989841 0.32713726001546206 0.0 0.0 0.0 0.0 0.0 0.0 0.0 0.0
a2llfcd7di80k3
tonight 8 trucks entered the suburbs of mingora during curfew and created bunkers
0.5431237241588838 0.30257773485301886 0.0328061993715041 0.4750438635150337 0.0 0.540220622006357 0.532115966955755 0.0 0.06461090635367833 0.5247844146631147 0.07645884921556091 0.0 0.0 0.0 0.0 0.0 0.0 0.0 0.6166246045456096 0.0 0.0 0.0 0.0 0.4691690189931434 0.0 0.0 0.0 0.0 0.0 0.42111675889449074 0.0 0.0 0.0 0.0 0.0 0.0 0.0 0.0 0.0 0.6337894931082412 0.0 0.0 0.0 0.0 0.0 0.0 0.0 0.0 0.0 0.0
alrghxunh1uv7
today at night during curfew eight turcks during curfew they entered mangoras environ and entrenched them
0.0 0.49168881913615564 0.0 0.7719462782119297 0.3462238411859651 0.0 0.43234422315155097 0.0 0.0 0.0 0.06212281498764324 0.0 0.0 0.0 0.3397439393437875 0.0 0.16148179737901186 0.0 0.0 0.0 0.0 0.0 0.0 0.0 0.0 0.0 0.0 0.0 0.0 0.0 0.0 0.0 0.0 0.0 0.0 0.0 0.26637005867864666 0.0 0.0 0.0 0.0 0.0 0.19359999086902968 0.6449190595054357 0.6015973607204391 0.6015973607204391 0.6015973607204391 0.21324688583990106 0.0 0.0
a363h2ekg4u5ij
during curfew eight trucks entered the outskirts of mengorah and formed barriers
0.0 0.3277925460907704 0.03554004931912944 0.5146308521412865 0.4616317882479535 0.5852390071735535 0.576458964202068 0.6190277661825672 0.06999514854981818 0.0 0.08283041998352432 0.0 0.0 0.0 0.0 0.0 0.0 0.0 0.0 0.0 0.0 0.0 0.0 0.0 0.0 0.0 0.0 0.0 0.0 0.0 0.0 0.0 0.0 0.6288430191539325 0.5070498706241426 0.7443675492472567 0.0 0.0 0.0 0.0 0.0 0.0 0.0 0.0 0.0 0.0 0.0 0.0 0.0 0.0
a6tw9zegog7ph
during curfew tonight eight trucks entered the outskirts of mengorah and formed barriers
0.5431237241588838 0.30257773485301886 0.0328061993715041 0.4750438635150337 0.4261216506904186 0.540220622006357 0.532115966955755 0.5714102457069851 0.06461090635367833 0.0 0.07645884921556091 0.0 0.0 0.0 0.0 0.0 0.0 0.0 0.0 0.0 0.0 0.0 0.0 0.0 0.0 0.0 0.0 0.0 0.0 0.0 0.0 0.0 0.0 0.5804704792190146 0.46804603442228554 0.6871085069974677 0.0 0.0 0.0 0.0 0.0 0.0 0.0 0.0 0.0 0.0 0.0 0.0 0.0 0.0
a291u81kgj6l9n
during curfew tonight eight trucks entered the outskirts of mengorah and formed barriers
0.5431237241588838 0.30257773485301886 0.0328061993715041 0.4750438635150337 0.4261216506904186 0.540220622006357 0.532115966955755 0.5714102457069851 0.06461090635367833 0.0 0.07645884921556091 0.0 0.0 0.0 0.0 0.0 0.0 0.0 0.0 0.0 0.0 0.0 0.0 0.0 0.0 0.0 0.0 0.0 0.0 0.0 0.0 0.0 0.0 0.5804704792190146 0.46804603442228554 0.6871085069974677 0.0 0.0 0.0 0.0 0.0 0.0 0.0 0.0 0.0 0.0 0.0 0.0 0.0 0.0
a3jbnhlk1t5829
tonight during curfew they have made new bunkers in the nearby areas of mangora
0.5043291724332492 0.28096503950637464 0.030462899416396665 0.44111215897824557 0.0 0.0 0.0 0.0 0.05999584161412987 0.0 0.0 0.2790633345983624 0.0 0.0 0.0 0.0 0.18455062557601357 0.0 0.0 0.5485462587479794 0.0 0.0 0.07355933588976293 0.0 0.0 0.0 0.0 0.0 0.0 0.0 0.0 0.0 0.0 0.0 0.0 0.0 0.0 0.1634264305706021 0.26029596859089604 0.5885188150290811 0.5436181964989115 0.35050420715942365 0.0 0.0 0.0 0.0 0.0 0.0 0.0 0.0
a3edprdq0s0hp3
tonight during curfew they have made new bunkers in the nearby areas of mangora
0.5043291724332492 0.28096503950637464 0.030462899416396665 0.44111215897824557 0.0 0.0 0.0 0.0 0.05999584161412987 0.0 0.0 0.2790633345983624 0.0 0.0 0.0 0.0 0.18455062557601357 0.0 0.0 0.5485462587479794 0.0 0.0 0.07355933588976293 0.0 0.0 0.0 0.0 0.0 0.0 0.0 0.0 0.0 0.0 0.0 0.0 0.0 0.0 0.1634264305706021 0.26029596859089604 0.5885188150290811 0.5436181964989115 0.35050420715942365 0.0 0.0 0.0 0.0 0.0 0.0 0.0 0.0
am78upj6d5fvk
tonight during curfew they made new bunkers in the nearby area of mangora
0.5431237241588838 0.30257773485301886 0.0328061993715041 0.4750438635150337 0.0 0.0 0.0 0.0 0.06461090635367833 0.0 0.0 0.3005297449520826 0.0 0.0 0.0 0.0 0.1987468275433992 0.0 0.0 0.5907421248055162 0.0 0.0 0.07921774634282162 0.0 0.0 0.0 0.0 0.0 0.0 0.0 0.0 0.0 0.0 0.0 0.0 0.0 0.0 0.0 0.2803187354055804 0.6337894931082412 0.5854349808449816 0.0 0.0 0.0 0.0 0.0 0.0 0.0 0.34719769101311404 0.0
aa1hdtufsq32b
tonight eight trucks entered the suburbs of mingora during curfew and created bunkers
0.5431237241588838 0.30257773485301886 0.0328061993715041 0.4750438635150337 0.4261216506904186 0.540220622006357 0.532115966955755 0.0 0.06461090635367833 0.5247844146631147 0.07645884921556091 0.0 0.0 0.0 0.0 0.0 0.0 0.0 0.6166246045456096 0.0 0.0 0.0 0.0 0.0 0.0 0.0 0.0 0.0 0.0 0.42111675889449074 0.0 0.0 0.0 0.0 0.0 0.0 0.0 0.0 0.0 0.6337894931082412 0.0 0.0 0.0 0.0 0.0 0.0 0.0 0.0 0.0 0.0
a3a4p6bwfe7hfn
tonight 8 trucks entered the suburbs of mingora during curfew and created bunkers
0.5431237241588838 0.30257773485301886 0.0328061993715041 0.4750438635150337 0.0 0.540220622006357 0.532115966955755 0.0 0.06461090635367833 0.5247844146631147 0.07645884921556091 0.0 0.0 0.0 0.0 0.0 0.0 0.0 0.6166246045456096 0.0 0.0 0.0 0.0 0.4691690189931434 0.0 0.0 0.0 0.0 0.0 0.42111675889449074 0.0 0.0 0.0 0.0 0.0 0.0 0.0 0.0 0.0 0.6337894931082412 0.0 0.0 0.0 0.0 0.0 0.0 0.0 0.0 0.0 0.0
a6tw9zegog7ph
tonight 8 trucks entered the suburbs of mingora during curfew and created bunkers
0.5431237241588838 0.30257773485301886 0.0328061993715041 0.4750438635150337 0.0 0.540220622006357 0.532115966955755 0.0 0.06461090635367833 0.5247844146631147 0.07645884921556091 0.0 0.0 0.0 0.0 0.0 0.0 0.0 0.6166246045456096 0.0 0.0 0.0 0.0 0.4691690189931434 0.0 0.0 0.0 0.0 0.0 0.42111675889449074 0.0 0.0 0.0 0.0 0.0 0.0 0.0 0.0 0.0 0.6337894931082412 0.0 0.0 0.0 0.0 0.0 0.0 0.0 0.0 0.0 0.0
a312kfq78wb3a4
tonight during curfew eight turks entered mangoras environ and entrenched them
0.6418734921877717 0.35759186846265867 0.0 0.5614154750632216 0.5035983144523128 0.0 0.6288643245840742 0.0 0.0 0.0 0.09036045816384472 0.0 0.0 0.0 0.0 0.0 0.0 0.0 0.0 0.0 0.0 0.0 0.0 0.0 0.0 0.0 0.0 0.0 0.0 0.0 0.0 0.0 0.0 0.0 0.0 0.0 0.0 0.0 0.0 0.0 0.0 0.0 0.0 0.0 0.8750507065024569 0.8750507065024569 0.8750507065024569 0.31017728849440157 0.0 0.938064086553361
