will not accept any dictation be accepted from country dictate us in the investigation carried on information received india provided by wuld so that he can live happily with others daily calls would they
will not accept any dictation
0.4431026399602368 0.42812549764747276 1.0917785095450596 0.7086677722301158 1.603223971818585 0.0 0.0 0.0 0.0 0.0 0.0 0.0 0.0 0.0 0.0 0.0 0.0 0.0 0.0 0.0 0.0 0.0 0.0 0.0 0.0 0.0 0.0 0.0 0.0 0.0 0.0 0.0 0.0 0.0
dictation will not be accepted from any country
0.276939149975148 0.26757843602967046 0.0 0.4429173576438224 1.0020149823866156 0.2683528682448938 0.6435276196311024 0.3016118299285049 0.4883608355471342 0.0 0.0 0.0 0.0 0.0 0.0 0.0 0.0 0.0 0.0 0.0 0.0 0.0 0.0 0.0 0.0 0.0 0.0 0.0 0.0 0.0 0.0 0.0 0.0 0.0
any country dictate us in the investigation carried on information received from india
0.0 0.0 0.0 0.2725645277808138 0.0 0.0 0.0 0.185607279956003 0.3005297449520826 0.7937465347759208 0.28139460017286805 0.07921774634282162 0.0328061993715041 0.428085750844662 0.43078508313783664 0.1440775201827541 0.3731265239193723 0.4287517556710554 0.2318089797456872 0.0 0.0 0.0 0.0 0.0 0.0 0.0 0.0 0.0 0.0 0.0 0.0 0.0 0.0 0.0
provided by india
0.0 0.0 0.0 0.0 0.0 0.0 0.0 0.0 0.0 0.0 0.0 0.0 0.0 0.0 0.0 0.0 0.0 0.0 1.0045055788979778 1.832807795493978 0.8318197538004827 0.0 0.0 0.0 0.0 0.0 0.0 0.0 0.0 0.0 0.0 0.0 0.0 0.0
a3dd3acpmvdvca
dictation wuld be accepted
0.0 0.0 0.0 0.0 2.004029964773231 0.5367057364897876 1.2870552392622048 0.0 0.0 0.0 0.0 0.0 0.0 0.0 0.0 0.0 0.0 0.0 0.0 0.0 0.0 2.579676238021743 0.0 0.0 0.0 0.0 0.0 0.0 0.0 0.0 0.0 0.0 0.0 0.0
a172x4w90uost1
so that he can live happily with the others
0.0 0.0 0.0 0.0 0.0 0.0 0.0 0.0 0.0 0.0 0.0 0.0 0.04738673242550592 0.0 0.0 0.0 0.0 0.0 0.0 0.0 0.0 0.0 0.39269420993881415 0.1342304915844222 0.26388025106981616 0.3501852305749723 0.5958753216095233 0.8253703549100896 0.2611539391193615 0.6453161606189023 0.0 0.0 0.0 0.0
a1sanjgoj47idf
will not accept any dictation
0.4431026399602368 0.42812549764747276 1.0917785095450596 0.7086677722301158 1.603223971818585 0.0 0.0 0.0 0.0 0.0 0.0 0.0 0.0 0.0 0.0 0.0 0.0 0.0 0.0 0.0 0.0 0.0 0.0 0.0 0.0 0.0 0.0 0.0 0.0 0.0 0.0 0.0 0.0 0.0
a1aczgd5azz3r7
daily calls will not be accepted
0.36925219996686404 0.3567712480395606 0.0 0.0 0.0 0.3578038243265251 0.8580368261748031 0.0 0.0 0.0 0.0 0.0 0.0 0.0 0.0 0.0 0.0 0.0 0.0 0.0 0.0 0.0 0.0 0.0 0.0 0.0 0.0 0.0 0.0 0.0 0.9022383622747568 1.1008554808971105 0.0 0.0
a2m2x4nfhzuqky
dictation will be accepted
0.553878299950296 0.0 0.0 0.0 2.004029964773231 0.5367057364897876 1.2870552392622048 0.0 0.0 0.0 0.0 0.0 0.0 0.0 0.0 0.0 0.0 0.0 0.0 0.0 0.0 0.0 0.0 0.0 0.0 0.0 0.0 0.0 0.0 0.0 0.0 0.0 0.0 0.0
a2zhr3rebfem5a
dictation would be accepted
0.0 0.0 0.0 0.0 2.004029964773231 0.5367057364897876 1.2870552392622048 0.0 0.0 0.0 0.0 0.0 0.0 0.0 0.0 0.0 0.0 0.0 0.0 0.0 0.0 0.0 0.0 0.0 0.0 0.0 0.0 0.0 0.0 0.0 0.0 0.0 0.8647725121081922 0.0
a1c0lbe9vl3ax
dictation would be accepted
0.0 0.0 0.0 0.0 2.004029964773231 0.5367057364897876 1.2870552392622048 0.0 0.0 0.0 0.0 0.0 0.0 0.0 0.0 0.0 0.0 0.0 0.0 0.0 0.0 0.0 0.0 0.0 0.0 0.0 0.0 0.0 0.0 0.0 0.0 0.0 0.8647725121081922 0.0
a2bk4fasw056jr
so that he can live happily with the others
0.0 0.0 0.0 0.0 0.0 0.0 0.0 0.0 0.0 0.0 0.0 0.0 0.04738673242550592 0.0 0.0 0.0 0.0 0.0 0.0 0.0 0.0 0.0 0.39269420993881415 0.1342304915844222 0.26388025106981616 0.3501852305749723 0.5958753216095233 0.8253703549100896 0.2611539391193615 0.6453161606189023 0.0 0.0 0.0 0.0
a291u81kgj6l9n
he can live happily with the others
0.0 0.0 0.0 0.0 0.0 0.0 0.0 0.0 0.0 0.0 0.0 0.0 0.06092579883279333 0.0 0.0 0.0 0.0 0.0 0.0 0.0 0.0 0.0 0.0 0.0 0.339274608518335 0.45023815359639296 0.7661254134979585 1.0611904563129724 0.335769350296322 0.8296922065100173 0.0 0.0 0.0 0.0
a307ah7ktmo57u
so that he can live happily with the others
0.0 0.0 0.0 0.0 0.0 0.0 0.0 0.0 0.0 0.0 0.0 0.0 0.04738673242550592 0.0 0.0 0.0 0.0 0.0 0.0 0.0 0.0 0.0 0.39269420993881415 0.1342304915844222 0.26388025106981616 0.3501852305749723 0.5958753216095233 0.8253703549100896 0.2611539391193615 0.6453161606189023 0.0 0.0 0.0 0.0
a2qxd8jqk5bvez
they will not accept any dictation
0.36925219996686404 0.3567712480395606 0.909815424620883 0.5905564768584298 1.3360199765154874 0.0 0.0 0.0 0.0 0.0 0.0 0.0 0.0 0.0 0.0 0.0 0.0 0.0 0.0 0.0 0.0 0.0 0.0 0.0 0.0 0.0 0.0 0.0 0.0 0.0 0.0 0.0 0.0 0.4306181263440316
a6tw9zegog7ph
they will not accept any dictation
0.36925219996686404 0.3567712480395606 0.909815424620883 0.5905564768584298 1.3360199765154874 0.0 0.0 0.0 0.0 0.0 0.0 0.0 0.0 0.0 0.0 0.0 0.0 0.0 0.0 0.0 0.0 0.0 0.0 0.0 0.0 0.0 0.0 0.0 0.0 0.0 0.0 0.0 0.0 0.4306181263440316
a6iowpyua159p
they will not accept any dictation
0.36925219996686404 0.3567712480395606 0.909815424620883 0.5905564768584298 1.3360199765154874 0.0 0.0 0.0 0.0 0.0 0.0 0.0 0.0 0.0 0.0 0.0 0.0 0.0 0.0 0.0 0.0 0.0 0.0 0.0 0.0 0.0 0.0 0.0 0.0 0.0 0.0 0.0 0.0 0.4306181263440316
arq4j4tltpbnc
daily calls will not be accepted
0.36925219996686404 0.3567712480395606 0.0 0.0 0.0 0.3578038243265251 0.8580368261748031 0.0 0.0 0.0 0.0 0.0 0.0 0.0 0.0 0.0 0.0 0.0 0.0 0.0 0.0 0.0 0.0 0.0 0.0 0.0 0.0 0.0 0.0 0.0 0.9022383622747568 1.1008554808971105 0.0 0.0
