the only nonpolitical religious welfare organization of our beloved country countrys and to apolitical social organisation my dearest countries one non politics cultural a political dear nation farming that care about are ones
the only nonpolitical religious welfare organization of our beloved country
0.042648059182955333 0.33659763074621024 0.8016119859092925 0.5539581458975442 0.6629825497973034 0.48937549346055687 0.08399417825978182 0.33507957502850866 0.79208096792886 0.3906886684377074 0.0 0.0 0.0 0.0 0.0 0.0 0.0 0.0 0.0 0.0 0.0 0.0 0.0 0.0 0.0 0.0 0.0 0.0 0.0 0.0 0.0 0.0 0.0
the beloved countrys only nonpolitical religious and welfare organization
0.04738673242550592 0.37399736749578916 0.8906799843436582 0.6155090509972713 0.7366472775525594 0.5437505482895076 0.0 0.0 0.8800899643654 0.0 0.7033023228358551 0.11044055997803243 0.0 0.0 0.0 0.0 0.0 0.0 0.0 0.0 0.0 0.0 0.0 0.0 0.0 0.0 0.0 0.0 0.0 0.0 0.0 0.0 0.0
the only nonpolitical religious welfare organization of the country
0.09477346485101185 0.37399736749578916 0.8906799843436582 0.6155090509972713 0.7366472775525594 0.5437505482895076 0.09332686473309092 0.0 0.0 0.4340985204863415 0.0 0.0 0.0 0.0 0.0 0.0 0.0 0.0 0.0 0.0 0.0 0.0 0.0 0.0 0.0 0.0 0.0 0.0 0.0 0.0 0.0 0.0 0.0
to the only apolitical religious social organisation
0.06092579883279333 0.4808537582088718 0.0 0.7913687798536345 0.0 0.0 0.0 0.0 0.0 0.0 0.0 0.0 0.15426775853016578 1.474100707440996 0.8000294401131252 1.0086583448664983 0.0 0.0 0.0 0.0 0.0 0.0 0.0 0.0 0.0 0.0 0.0 0.0 0.0 0.0 0.0 0.0 0.0
a1vbzioywe4osh
to my dearest countries one and only non politics religious cultural organization
0.0 0.28049802562184184 0.0 0.4616317882479535 0.0 0.4078129112171307 0.0 0.0 0.0 0.0 0.0 0.08283041998352432 0.08998952580926338 0.0 0.0 0.0 0.33986909224301676 0.7443675492472567 0.3075552979922865 0.24424964275049418 0.5322399432802204 0.48040233837386914 0.639970635205976 0.0 0.0 0.0 0.0 0.0 0.0 0.0 0.0 0.0 0.0
a3dd3acpmvdvca
to a non political religious and social organisation of our dear country
0.0 0.0 0.0 0.4616317882479535 0.0 0.0 0.06999514854981818 0.2792329791904239 0.0 0.32557389036475615 0.0 0.08283041998352432 0.08998952580926338 0.0 0.4666838400659897 0.5883840345054574 0.0 0.0 0.0 0.0 0.5322399432802204 0.0 0.0 0.11815694559764528 0.3142071541103832 0.5710807541072703 0.0 0.0 0.0 0.0 0.0 0.0 0.0
a3bz8b0jpubzqq
to the dear nation of one nonpolitical religious farming organization
0.042648059182955333 0.0 0.8016119859092925 0.5539581458975442 0.0 0.48937549346055687 0.08399417825978182 0.0 0.0 0.0 0.0 0.0 0.10798743097111604 0.0 0.0 0.0 0.0 0.0 0.0 0.293099571300593 0.0 0.0 0.0 0.0 0.0 0.6852969049287244 0.4754184544764278 0.893241059096708 0.0 0.0 0.0 0.0 0.0
alrghxunh1uv7
countries only religious and nonpolitical welfare organization
0.0 0.4808537582088718 1.1451599798704177 0.7913687798536345 0.9471179282818621 0.6991078478007955 0.0 0.0 0.0 0.0 0.0 0.1419950056860417 0.0 0.0 0.0 0.0 0.0 0.0 0.5272376537010625 0.0 0.0 0.0 0.0 0.0 0.0 0.0 0.0 0.0 0.0 0.0 0.0 0.0 0.0
a1dndzlo2d5d48
to my dearest countrys one and only nonpolitical religious cultural organization
0.0 0.3059978461329184 0.7287381690084477 0.5035983144523128 0.0 0.4448868122368699 0.0 0.0 0.0 0.0 0.575429173229336 0.09036045816384472 0.09817039179192368 0.0 0.0 0.0 0.3707662824469274 0.8120373264515528 0.0 0.26645415572781184 0.0 0.0 0.6981497838610647 0.0 0.0 0.0 0.0 0.0 0.0 0.0 0.0 0.0 0.0
a279zamy03pduy
to my dearest countries one and only non politics religious cultural organization
0.0 0.28049802562184184 0.0 0.4616317882479535 0.0 0.4078129112171307 0.0 0.0 0.0 0.0 0.0 0.08283041998352432 0.08998952580926338 0.0 0.0 0.0 0.33986909224301676 0.7443675492472567 0.3075552979922865 0.24424964275049418 0.5322399432802204 0.48040233837386914 0.639970635205976 0.0 0.0 0.0 0.0 0.0 0.0 0.0 0.0 0.0 0.0
a230hf2okthmdz
to my dearest countries one and only non politics religious cultural organization
0.0 0.28049802562184184 0.0 0.4616317882479535 0.0 0.4078129112171307 0.0 0.0 0.0 0.0 0.0 0.08283041998352432 0.08998952580926338 0.0 0.0 0.0 0.33986909224301676 0.7443675492472567 0.3075552979922865 0.24424964275049418 0.5322399432802204 0.48040233837386914 0.639970635205976 0.0 0.0 0.0 0.0 0.0 0.0 0.0 0.0 0.0 0.0
ah8lf01ktxfg0
to a non political religious and social organisation of our dear country
0.0 0.0 0.0 0.4616317882479535 0.0 0.0 0.06999514854981818 0.2792329791904239 0.0 0.32557389036475615 0.0 0.08283041998352432 0.08998952580926338 0.0 0.4666838400659897 0.5883840345054574 0.0 0.0 0.0 0.0 0.5322399432802204 0.0 0.0 0.11815694559764528 0.3142071541103832 0.5710807541072703 0.0 0.0 0.0 0.0 0.0 0.0 0.0
a2bk4fasw056jr
to a non political religious and social organisation of our dear country
0.0 0.0 0.0 0.4616317882479535 0.0 0.0 0.06999514854981818 0.2792329791904239 0.0 0.32557389036475615 0.0 0.08283041998352432 0.08998952580926338 0.0 0.4666838400659897 0.5883840345054574 0.0 0.0 0.0 0.0 0.5322399432802204 0.0 0.0 0.11815694559764528 0.3142071541103832 0.5710807541072703 0.0 0.0 0.0 0.0 0.0 0.0 0.0
a2m2x4nfhzuqky
to a non political religious and social organisation of our dear country
0.0 0.0 0.0 0.4616317882479535 0.0 0.0 0.06999514854981818 0.2792329791904239 0.0 0.32557389036475615 0.0 0.08283041998352432 0.08998952580926338 0.0 0.4666838400659897 0.5883840345054574 0.0 0.0 0.0 0.0 0.5322399432802204 0.0 0.0 0.11815694559764528 0.3142071541103832 0.5710807541072703 0.0 0.0 0.0 0.0 0.0 0.0 0.0
a1395pss402i1j
to the dear nation of one nonpolitical religious farming organization
0.042648059182955333 0.0 0.8016119859092925 0.5539581458975442 0.0 0.48937549346055687 0.08399417825978182 0.0 0.0 0.0 0.0 0.0 0.10798743097111604 0.0 0.0 0.0 0.0 0.0 0.0 0.293099571300593 0.0 0.0 0.0 0.0 0.0 0.6852969049287244 0.4754184544764278 0.893241059096708 0.0 0.0 0.0 0.0 0.0
ayeowkx2r19vz
to the dear nation of one nonpolitical religious farming organization
0.042648059182955333 0.0 0.8016119859092925 0.5539581458975442 0.0 0.48937549346055687 0.08399417825978182 0.0 0.0 0.0 0.0 0.0 0.10798743097111604 0.0 0.0 0.0 0.0 0.0 0.0 0.293099571300593 0.0 0.0 0.0 0.0 0.0 0.6852969049287244 0.4754184544764278 0.893241059096708 0.0 0.0 0.0 0.0 0.0
a3qu3km3iywhif
to the dear nation of one nonpolitical religious farming organization
0.042648059182955333 0.0 0.8016119859092925 0.5539581458975442 0.0 0.48937549346055687 0.08399417825978182 0.0 0.0 0.0 0.0 0.0 0.10798743097111604 0.0 0.0 0.0 0.0 0.0 0.0 0.293099571300593 0.0 0.0 0.0 0.0 0.0 0.6852969049287244 0.4754184544764278 0.893241059096708 0.0 0.0 0.0 0.0 0.0
a29vl1u4i9f3pd
countries that care about our welfare are the religious nonpolitical ones
0.03877096289359576 0.0 0.7287381690084477 0.5035983144523128 0.6027114089066395 0.0 0.0 0.3046177954804624 0.0 0.0 0.0 0.0 0.0 0.0 0.0 0.0 0.0 0.0 0.33551487053703977 0.0 0.0 0.0 0.0 0.0 0.0 0.0 0.0 0.0 0.1098249476599818 0.49556095469376255 0.28327670505124847 0.19146695944116604 0.5212488612196726
