but we have become insensitive if someone dies in our neighborhood do not even find out about it turned so senseless that no information this next door get the now dont know feeling neighbors died and are aware of lack feelings indifferent when own die numb didnt insulated were there lacks compassion initiative to continue acts kindness good will concentrated on lives unaware deaths
but we have become insensitive if someone dies in our neighborhood we do not even find out about it
0.13745485772192093 0.32235870656803056 0.12041947515728575 0.22178482735115712 0.43364544265300714 0.15888987291204262 0.2786749700652997 0.3415822923998882 0.054201615918772685 0.17635767106763614 0.38040328940677126 0.1704124765997994 0.11266460464407177 0.1926681003271696 0.2938161317732882 0.21089316541758193 0.164002302924407 0.10658712826455922 0.0 0.0 0.0 0.0 0.0 0.0 0.0 0.0 0.0 0.0 0.0 0.0 0.0 0.0 0.0 0.0 0.0 0.0 0.0 0.0 0.0 0.0 0.0 0.0 0.0 0.0 0.0 0.0 0.0 0.0 0.0 0.0 0.0 0.0 0.0 0.0 0.0 0.0 0.0 0.0 0.0 0.0 0.0 0.0 0.0 0.0
but we have turned so senseless that if someone dies in our neighborhood we have no information about this
0.13745485772192093 0.32235870656803056 0.2408389503145715 0.0 0.0 0.15888987291204262 0.2786749700652997 0.3415822923998882 0.054201615918772685 0.17635767106763614 0.38040328940677126 0.0 0.0 0.0 0.0 0.0 0.164002302924407 0.0 0.37582374324942236 0.18601304681312247 0.5430897343203669 0.06358286443472631 0.17518149745226788 0.25529709531325473 0.09018425701831684 0.0 0.0 0.0 0.0 0.0 0.0 0.0 0.0 0.0 0.0 0.0 0.0 0.0 0.0 0.0 0.0 0.0 0.0 0.0 0.0 0.0 0.0 0.0 0.0 0.0 0.0 0.0 0.0 0.0 0.0 0.0 0.0 0.0 0.0 0.0 0.0 0.0 0.0 0.0
but we have become insensitive if someone dies next door we do not get the information now
0.15362601745391163 0.3602832602819165 0.1345864722346135 0.24787715998070503 0.4846625535533609 0.17758279913698882 0.3114602606612173 0.38176844444693386 0.0 0.0 0.0 0.19046100325859935 0.12591926401396258 0.0 0.0 0.0 0.0 0.0 0.0 0.0 0.0 0.0 0.0 0.28533204770304943 0.0 0.3299514559279198 0.4777341396912207 0.2558821995353885 0.02508709363703255 0.20153313593616953 0.0 0.0 0.0 0.0 0.0 0.0 0.0 0.0 0.0 0.0 0.0 0.0 0.0 0.0 0.0 0.0 0.0 0.0 0.0 0.0 0.0 0.0 0.0 0.0 0.0 0.0 0.0 0.0 0.0 0.0 0.0 0.0 0.0 0.0
but we have become insensitive if someone dies in our neighborhood we dont know it
0.17410948644776653 0.4083210283195054 0.15253133519922862 0.28092744797813235 0.5492842273604757 0.20126050568858733 0.35298829541604626 0.432670903706525 0.06865538016377874 0.22338638335233912 0.4818441665819103 0.0 0.0 0.0 0.0 0.0 0.0 0.1350103624684417 0.0 0.0 0.0 0.0 0.0 0.0 0.0 0.0 0.0 0.0 0.0 0.0 0.3154304195791147 0.2971945819080737 0.0 0.0 0.0 0.0 0.0 0.0 0.0 0.0 0.0 0.0 0.0 0.0 0.0 0.0 0.0 0.0 0.0 0.0 0.0 0.0 0.0 0.0 0.0 0.0 0.0 0.0 0.0 0.0 0.0 0.0 0.0 0.0
amwxjmcv94h5s
we have no feeling our neighbors get died and we dont even know about it
0.0 0.4083210283195054 0.15253133519922862 0.0 0.0 0.0 0.0 0.0 0.0 0.22338638335233912 0.0 0.0 0.0 0.24404626041441482 0.0 0.0 0.20773625037091556 0.1350103624684417 0.0 0.0 0.0 0.0 0.2218965634395393 0.0 0.0 0.0 0.0 0.289999826140107 0.0 0.0 0.3154304195791147 0.2971945819080737 0.44540791949070563 0.499032773868717 0.3665615590987956 0.06626433598681945 0.0 0.0 0.0 0.0 0.0 0.0 0.0 0.0 0.0 0.0 0.0 0.0 0.0 0.0 0.0 0.0 0.0 0.0 0.0 0.0 0.0 0.0 0.0 0.0 0.0 0.0 0.0 0.0
a3dd3acpmvdvca
we have become so insensitive that if someone dies in our neighborhood we are not even aware of it
0.0 0.32235870656803056 0.12041947515728575 0.22178482735115712 0.43364544265300714 0.15888987291204262 0.2786749700652997 0.3415822923998882 0.054201615918772685 0.17635767106763614 0.38040328940677126 0.0 0.11266460464407177 0.1926681003271696 0.0 0.0 0.0 0.10658712826455922 0.0 0.18601304681312247 0.0 0.06358286443472631 0.0 0.0 0.0 0.0 0.0 0.0 0.0 0.0 0.0 0.0 0.0 0.0 0.0 0.0 0.1108492923080435 0.30124132115538843 0.04420746224199044 0.0 0.0 0.0 0.0 0.0 0.0 0.0 0.0 0.0 0.0 0.0 0.0 0.0 0.0 0.0 0.0 0.0 0.0 0.0 0.0 0.0 0.0 0.0 0.0 0.0
a1wyssw33m2fz2
but we lack feelings now we are not even aware if someone dies in our neighborhood
0.16322764354478111 0.3828009640495363 0.0 0.0 0.0 0.18868172408305062 0.3309265269525434 0.4056289722248672 0.06436441890354257 0.20942473439281792 0.4517289061705409 0.0 0.13378921801483523 0.2287933691385139 0.0 0.0 0.0 0.0 0.0 0.0 0.0 0.0 0.0 0.0 0.0 0.0 0.0 0.0 0.0 0.21412895693218012 0.0 0.0 0.0 0.0 0.0 0.0 0.13163353461580166 0.3577240688720238 0.0 0.4283105655804528 0.4283105655804528 0.0 0.0 0.0 0.0 0.0 0.0 0.0 0.0 0.0 0.0 0.0 0.0 0.0 0.0 0.0 0.0 0.0 0.0 0.0 0.0 0.0 0.0 0.0
a3b84pq645okwb
but we have become so indifferent that when someone dies in our own neighborhood we dont know about it
0.13745485772192093 0.32235870656803056 0.12041947515728575 0.22178482735115712 0.0 0.0 0.2786749700652997 0.3415822923998882 0.054201615918772685 0.17635767106763614 0.38040328940677126 0.0 0.0 0.0 0.0 0.0 0.164002302924407 0.10658712826455922 0.0 0.18601304681312247 0.0 0.06358286443472631 0.0 0.0 0.0 0.0 0.0 0.0 0.0 0.0 0.24902401545719582 0.23462730150637395 0.0 0.0 0.0 0.0 0.0 0.0 0.0 0.0 0.0 0.4852680349167821 0.17144055711455436 0.22321382677568086 0.0 0.0 0.0 0.0 0.0 0.0 0.0 0.0 0.0 0.0 0.0 0.0 0.0 0.0 0.0 0.0 0.0 0.0 0.0 0.0
a230hf2okthmdz
we have no feeling our neighbors die and we do not even know about it
0.0 0.4083210283195054 0.15253133519922862 0.0 0.0 0.0 0.0 0.0 0.0 0.22338638335233912 0.0 0.21585580369307925 0.14270849921582424 0.24404626041441482 0.0 0.0 0.20773625037091556 0.1350103624684417 0.0 0.0 0.0 0.0 0.2218965634395393 0.0 0.0 0.0 0.0 0.0 0.0 0.0 0.0 0.2971945819080737 0.44540791949070563 0.499032773868717 0.0 0.06626433598681945 0.0 0.0 0.0 0.0 0.0 0.0 0.0 0.0 0.4066131497940576 0.0 0.0 0.0 0.0 0.0 0.0 0.0 0.0 0.0 0.0 0.0 0.0 0.0 0.0 0.0 0.0 0.0 0.0 0.0
a12ezody9kxiim
we are numb our neighbors have died and we dont even know about it
0.0 0.4374868160566129 0.1634264305706021 0.0 0.0 0.0 0.0 0.0 0.0 0.2393425535917919 0.0 0.0 0.0 0.26147813615830157 0.0 0.0 0.2225745539688381 0.1446539597876161 0.0 0.0 0.0 0.0 0.0 0.0 0.0 0.0 0.0 0.0 0.0 0.0 0.33796116383476577 0.31842276633007893 0.0 0.5346779720021967 0.39274452760585243 0.07099750284302085 0.1504383252752019 0.0 0.0 0.0 0.0 0.0 0.0 0.0 0.0 0.737050353720498 0.0 0.0 0.0 0.0 0.0 0.0 0.0 0.0 0.0 0.0 0.0 0.0 0.0 0.0 0.0 0.0 0.0 0.0
a2qxd8jqk5bvez
we have no feelings our neighbors died and we didnt even know about it
0.0 0.4374868160566129 0.1634264305706021 0.0 0.0 0.0 0.0 0.0 0.0 0.2393425535917919 0.0 0.0 0.0 0.26147813615830157 0.0 0.0 0.2225745539688381 0.1446539597876161 0.0 0.0 0.0 0.0 0.23774631797093498 0.0 0.0 0.0 0.0 0.0 0.0 0.0 0.0 0.31842276633007893 0.0 0.5346779720021967 0.39274452760585243 0.07099750284302085 0.0 0.0 0.0 0.0 0.4894977892348032 0.0 0.0 0.0 0.0 0.0 0.4548186595361102 0.0 0.0 0.0 0.0 0.0 0.0 0.0 0.0 0.0 0.0 0.0 0.0 0.0 0.0 0.0 0.0 0.0
a2190f96xfy41l
we have become so insulated that when someone dies in our neighborhood we are not even aware of it
0.0 0.32235870656803056 0.12041947515728575 0.22178482735115712 0.0 0.0 0.2786749700652997 0.3415822923998882 0.054201615918772685 0.17635767106763614 0.38040328940677126 0.0 0.11266460464407177 0.1926681003271696 0.0 0.0 0.0 0.10658712826455922 0.0 0.18601304681312247 0.0 0.06358286443472631 0.0 0.0 0.0 0.0 0.0 0.0 0.0 0.0 0.0 0.0 0.0 0.0 0.0 0.0 0.1108492923080435 0.30124132115538843 0.04420746224199044 0.0 0.0 0.0 0.17144055711455436 0.0 0.0 0.0 0.0 0.5430897343203669 0.0 0.0 0.0 0.0 0.0 0.0 0.0 0.0 0.0 0.0 0.0 0.0 0.0 0.0 0.0 0.0
at8qsogdc42wo
we have become so insensitive in our neighborhood that if someone dies we are not even aware of it
0.0 0.32235870656803056 0.12041947515728575 0.22178482735115712 0.43364544265300714 0.15888987291204262 0.2786749700652997 0.3415822923998882 0.054201615918772685 0.17635767106763614 0.38040328940677126 0.0 0.11266460464407177 0.1926681003271696 0.0 0.0 0.0 0.10658712826455922 0.0 0.18601304681312247 0.0 0.06358286443472631 0.0 0.0 0.0 0.0 0.0 0.0 0.0 0.0 0.0 0.0 0.0 0.0 0.0 0.0 0.1108492923080435 0.30124132115538843 0.04420746224199044 0.0 0.0 0.0 0.0 0.0 0.0 0.0 0.0 0.0 0.0 0.0 0.0 0.0 0.0 0.0 0.0 0.0 0.0 0.0 0.0 0.0 0.0 0.0 0.0 0.0
ay9joh7iihjwe
we have become so insensitive that if someone dies in our neighborhood were not even aware of it
0.0 0.1701337617997939 0.1271094459993572 0.23410620664844364 0.4577368561337297 0.16771708807382277 0.2941569128467052 0.3605590864221042 0.05721281680314895 0.1861553194602826 0.40153680548492526 0.0 0.11892374934652021 0.203371883678679 0.0 0.0 0.0 0.11250863539036808 0.0 0.19634710496940708 0.0 0.0671152457922111 0.0 0.0 0.0 0.0 0.0 0.0 0.0 0.0 0.0 0.0 0.0 0.0 0.0 0.0 0.0 0.3179769501084656 0.04666343236654546 0.0 0.0 0.0 0.0 0.0 0.0 0.0 0.0 0.0 0.1639793273447755 0.0 0.0 0.0 0.0 0.0 0.0 0.0 0.0 0.0 0.0 0.0 0.0 0.0 0.0 0.0
a24bjjrcqbm3mi
but now there lacks compassion and initiative to continue acts of kindness and good will we have become so concentrated on our own lives we unaware of deaths of our neighbors
0.08424652570053219 0.1975746911223413 0.0738054847738203 0.13593263611845113 0.0 0.0 0.0 0.0 0.0 0.21618037098613463 0.0 0.0 0.0 0.0 0.0 0.0 0.0 0.0 0.0 0.11400799643384926 0.0 0.0 0.0 0.0 0.0 0.0 0.0 0.0 0.0 0.11051817131983491 0.0 0.0 0.0 0.2414674712267985 0.0 0.06412677676143819 0.0 0.0 0.08128468863849854 0.0 0.0 0.0 0.0 0.1368084744754173 0.0 0.0 0.0 0.0 0.0 0.09238661299106354 0.2657826906582947 0.33286145006732165 0.2362249251139671 0.03483465515197292 0.16411601081394786 0.19445953261092191 0.2750627575115779 0.1481244259516056 0.07146816773552207 0.29742234398125356 0.060419605237929136 0.19031820465452817 0.2317164753599297 0.2317164753599297
a1dndzlo2d5d48
but we lack feelings now we are not even aware if someone dies in our neighborhood
0.16322764354478111 0.3828009640495363 0.0 0.0 0.0 0.18868172408305062 0.3309265269525434 0.4056289722248672 0.06436441890354257 0.20942473439281792 0.4517289061705409 0.0 0.13378921801483523 0.2287933691385139 0.0 0.0 0.0 0.0 0.0 0.0 0.0 0.0 0.0 0.0 0.0 0.0 0.0 0.0 0.0 0.21412895693218012 0.0 0.0 0.0 0.0 0.0 0.0 0.13163353461580166 0.3577240688720238 0.0 0.4283105655804528 0.4283105655804528 0.0 0.0 0.0 0.0 0.0 0.0 0.0 0.0 0.0 0.0 0.0 0.0 0.0 0.0 0.0 0.0 0.0 0.0 0.0 0.0 0.0 0.0 0.0
a6tw9zegog7ph
but we lack feelings now we are not even aware if someone dies in our neighborhood
0.16322764354478111 0.3828009640495363 0.0 0.0 0.0 0.18868172408305062 0.3309265269525434 0.4056289722248672 0.06436441890354257 0.20942473439281792 0.4517289061705409 0.0 0.13378921801483523 0.2287933691385139 0.0 0.0 0.0 0.0 0.0 0.0 0.0 0.0 0.0 0.0 0.0 0.0 0.0 0.0 0.0 0.21412895693218012 0.0 0.0 0.0 0.0 0.0 0.0 0.13163353461580166 0.3577240688720238 0.0 0.4283105655804528 0.4283105655804528 0.0 0.0 0.0 0.0 0.0 0.0 0.0 0.0 0.0 0.0 0.0 0.0 0.0 0.0 0.0 0.0 0.0 0.0 0.0 0.0 0.0 0.0 0.0
aqpmq9s10v32e
but we have become so indifferent that when someone dies in our own neighborhood we dont know about it
0.13745485772192093 0.32235870656803056 0.12041947515728575 0.22178482735115712 0.0 0.0 0.2786749700652997 0.3415822923998882 0.054201615918772685 0.17635767106763614 0.38040328940677126 0.0 0.0 0.0 0.0 0.0 0.164002302924407 0.10658712826455922 0.0 0.18601304681312247 0.0 0.06358286443472631 0.0 0.0 0.0 0.0 0.0 0.0 0.0 0.0 0.24902401545719582 0.23462730150637395 0.0 0.0 0.0 0.0 0.0 0.0 0.0 0.0 0.0 0.4852680349167821 0.17144055711455436 0.22321382677568086 0.0 0.0 0.0 0.0 0.0 0.0 0.0 0.0 0.0 0.0 0.0 0.0 0.0 0.0 0.0 0.0 0.0 0.0 0.0 0.0
