anyway pakistan will have to understand the double standards in their policy anyhow must dual has comprehend needs although there two way any duplicitous policies edged anyways should tried twoway a own at rate deceptive be more aware of
anyway pakistan will have to understand the double standards in their policy
0.5950542601449188 0.19647362385030007 0.18462609998343202 0.1906641689990358 0.08998952580926338 0.41920316011603626 0.03554004931912944 0.5290344198779041 0.6237909673358962 0.08581922520472342 0.24810175831031747 0.3786794505452135 0.0 0.0 0.0 0.0 0.0 0.0 0.0 0.0 0.0 0.0 0.0 0.0 0.0 0.0 0.0 0.0 0.0 0.0 0.0 0.0 0.0 0.0 0.0 0.0 0.0 0.0 0.0
anyhow pakistan must understand their dual policy
0.0 0.3368119266005144 0.0 0.0 0.0 0.7186339887703479 0.0 0.0 0.0 0.0 0.42531729996054424 0.6491647723632231 1.27605865585244 0.7421058532405302 1.1076793706607764 0.0 0.0 0.0 0.0 0.0 0.0 0.0 0.0 0.0 0.0 0.0 0.0 0.0 0.0 0.0 0.0 0.0 0.0 0.0 0.0 0.0 0.0 0.0 0.0
anyhow pakistan has to comprehend their dual policy
0.0 0.2947104357754501 0.0 0.0 0.13498428871389506 0.0 0.0 0.0 0.0 0.0 0.3721526374654762 0.5680191758178202 1.116551323870885 0.0 0.9692194493281793 0.25659970224140294 1.2898381190108714 0.0 0.0 0.0 0.0 0.0 0.0 0.0 0.0 0.0 0.0 0.0 0.0 0.0 0.0 0.0 0.0 0.0 0.0 0.0 0.0 0.0 0.0
anyway pakistan needs to understand their dual policy
0.8925813902173781 0.2947104357754501 0.0 0.0 0.13498428871389506 0.6288047401740544 0.0 0.0 0.0 0.0 0.3721526374654762 0.5680191758178202 0.0 0.0 0.9692194493281793 0.0 0.0 0.808569668797114 0.0 0.0 0.0 0.0 0.0 0.0 0.0 0.0 0.0 0.0 0.0 0.0 0.0 0.0 0.0 0.0 0.0 0.0 0.0 0.0 0.0
a1sanjgoj47idf
although pakistan have to understand there two way policy
0.0 0.2619648318004001 0.0 0.2542188919987144 0.11998603441235117 0.5589375468213817 0.0 0.0 0.0 0.0 0.0 0.5049059340602846 0.0 0.0 0.0 0.0 0.0 0.0 0.5791954975762655 0.31822055585810777 0.41095908283962385 0.4894668829387445 0.0 0.0 0.0 0.0 0.0 0.0 0.0 0.0 0.0 0.0 0.0 0.0 0.0 0.0 0.0 0.0 0.0
a28z6a8uc4er3x
in any way pakistan has to understand their duplicitous policies
0.0 0.23576834862036006 0.0 0.0 0.10798743097111604 0.5030437921392436 0.0 0.0 0.0 0.1029830702456681 0.29772210997238097 0.0 0.0 0.0 0.0 0.20527976179312235 0.0 0.0 0.0 0.0 0.0 0.4405201946448701 0.3543338861150579 0.9220092663418861 0.5531213209304925 0.0 0.0 0.0 0.0 0.0 0.0 0.0 0.0 0.0 0.0 0.0 0.0 0.0 0.0
a3dd3acpmvdvca
anyway pakistan will have to understand their double edged policies
0.7140651121739026 0.23576834862036006 0.2215513199801184 0.22879700279884294 0.10798743097111604 0.5030437921392436 0.0 0.6348413038534849 0.0 0.0 0.29772210997238097 0.0 0.0 0.0 0.0 0.0 0.0 0.0 0.0 0.0 0.0 0.0 0.0 0.0 0.5531213209304925 0.893241059096708 0.0 0.0 0.0 0.0 0.0 0.0 0.0 0.0 0.0 0.0 0.0 0.0 0.0
a2i57ww1b3evwx
anyways pakistan should understand their double policies
0.0 0.3368119266005144 0.0 0.0 0.0 0.7186339887703479 0.0 0.9069161483621213 0.0 0.0 0.42531729996054424 0.0 0.0 0.0 0.0 0.0 0.0 0.0 0.0 0.0 0.0 0.0 0.0 0.0 0.7901733156149893 0.0 1.317156094774123 0.4277449961054912 0.0 0.0 0.0 0.0 0.0 0.0 0.0 0.0 0.0 0.0 0.0
au2ar4vob7vlv
pakistan has tried to understand their twoway policy
0.0 0.2947104357754501 0.0 0.0 0.13498428871389506 0.6288047401740544 0.0 0.0 0.0 0.0 0.3721526374654762 0.5680191758178202 0.0 0.0 0.0 0.25659970224140294 0.0 0.0 0.0 0.0 0.0 0.0 0.0 0.0 0.0 0.0 0.0 0.0 0.8351398490450731 1.1525115829273576 0.0 0.0 0.0 0.0 0.0 0.0 0.0 0.0 0.0
a2972la74szew
pakistan has to understand their twoway policy
0.0 0.3368119266005144 0.0 0.0 0.15426775853016578 0.7186339887703479 0.0 0.0 0.0 0.0 0.42531729996054424 0.6491647723632231 0.0 0.0 0.0 0.29325680256160336 0.0 0.0 0.0 0.0 0.0 0.0 0.0 0.0 0.0 0.0 0.0 0.0 0.0 1.317156094774123 0.0 0.0 0.0 0.0 0.0 0.0 0.0 0.0 0.0
a2fhqsz1afq4oy
although pakistan has to understand their twoway policy
0.0 0.2947104357754501 0.0 0.0 0.13498428871389506 0.6288047401740544 0.0 0.0 0.0 0.0 0.3721526374654762 0.5680191758178202 0.0 0.0 0.0 0.25659970224140294 0.0 0.0 0.6515949347732988 0.0 0.0 0.0 0.0 0.0 0.0 0.0 0.0 0.0 0.0 1.1525115829273576 0.0 0.0 0.0 0.0 0.0 0.0 0.0 0.0 0.0
a2190f96xfy41l
in a way pakistan has to understand their own duplicitous policies
0.0 0.21433486238214552 0.0 0.0 0.09817039179192368 0.4573125383084032 0.0 0.0 0.0 0.09362097295060737 0.27065646361125545 0.0 0.0 0.0 0.0 0.18661796526647487 0.0 0.0 0.0 0.0 0.0 0.40047290422260917 0.0 0.8381902421289873 0.5028375644822659 0.0 0.0 0.0 0.0 0.0 0.12889848610652213 0.3855511553398124 0.0 0.0 0.0 0.0 0.0 0.0 0.0
a3qu3km3iywhif
at any rate pakistan has to understand their duplicitous policies
0.0 0.23576834862036006 0.0 0.0 0.10798743097111604 0.5030437921392436 0.0 0.0 0.0 0.0 0.29772210997238097 0.0 0.0 0.0 0.0 0.20527976179312235 0.0 0.0 0.0 0.0 0.0 0.0 0.3543338861150579 0.9220092663418861 0.5531213209304925 0.0 0.0 0.0 0.0 0.0 0.0 0.0 0.30975998539044747 0.6129050210060545 0.0 0.0 0.0 0.0 0.0
aku6cqqbltjfl
in any way pakistan has to understand their deceptive policies
0.0 0.23576834862036006 0.0 0.0 0.10798743097111604 0.5030437921392436 0.0 0.0 0.0 0.1029830702456681 0.29772210997238097 0.0 0.0 0.0 0.0 0.20527976179312235 0.0 0.0 0.0 0.0 0.0 0.4405201946448701 0.3543338861150579 0.0 0.5531213209304925 0.0 0.0 0.0 0.0 0.0 0.0 0.0 0.0 0.0 1.0318704952086972 0.0 0.0 0.0 0.0
a6tw9zegog7ph
anyway pakistan will have to understand their double edged policies
0.7140651121739026 0.23576834862036006 0.2215513199801184 0.22879700279884294 0.10798743097111604 0.5030437921392436 0.0 0.6348413038534849 0.0 0.0 0.29772210997238097 0.0 0.0 0.0 0.0 0.0 0.0 0.0 0.0 0.0 0.0 0.0 0.0 0.0 0.5531213209304925 0.893241059096708 0.0 0.0 0.0 0.0 0.0 0.0 0.0 0.0 0.0 0.0 0.0 0.0 0.0
a291u81kgj6l9n
anyway pakistan will have to understand their double edged policies
0.7140651121739026 0.23576834862036006 0.2215513199801184 0.22879700279884294 0.10798743097111604 0.5030437921392436 0.0 0.6348413038534849 0.0 0.0 0.29772210997238097 0.0 0.0 0.0 0.0 0.0 0.0 0.0 0.0 0.0 0.0 0.0 0.0 0.0 0.5531213209304925 0.893241059096708 0.0 0.0 0.0 0.0 0.0 0.0 0.0 0.0 0.0 0.0 0.0 0.0 0.0
ajfwu2g6a1bhs
anyway pakistan will have to understand their double edged policies
0.7140651121739026 0.23576834862036006 0.2215513199801184 0.22879700279884294 0.10798743097111604 0.5030437921392436 0.0 0.6348413038534849 0.0 0.0 0.29772210997238097 0.0 0.0 0.0 0.0 0.0 0.0 0.0 0.0 0.0 0.0 0.0 0.0 0.0 0.5531213209304925 0.893241059096708 0.0 0.0 0.0 0.0 0.0 0.0 0.0 0.0 0.0 0.0 0.0 0.0 0.0
aslrrfy2saj4d
pakistan should be more aware of their double policies
0.0 0.2619648318004001 0.0 0.0 0.0 0.0 0.0 0.7053792265038721 0.0 0.0 0.33080234441375667 0.0 0.0 0.0 0.0 0.0 0.0 0.0 0.0 0.0 0.0 0.0 0.0 0.0 0.614579245478325 0.0 0.0 0.33269055252649316 0.0 0.0 0.0 0.0 0.0 0.0 0.0 0.23853588288435004 0.4024078560467207 0.6359539002169312 0.09332686473309092
