want quick evacuation of troops from gaza olmert we army soon immediate withdrawal forces desire early the to evacuate military should be removed almert wanted in strongly desired demands olmuert
want quick evacuation of troops from gaza olmert
0.5781216016605338 0.9285416492738507 0.8646884463031019 0.10499272282472728 0.7232631823667144 0.3016118299285049 0.48672949102269786 0.8646884463031019 0.0 0.0 0.0 0.0 0.0 0.0 0.0 0.0 0.0 0.0 0.0 0.0 0.0 0.0 0.0 0.0 0.0 0.0 0.0 0.0 0.0 0.0
we want army evacuation from gaza soon olmert
0.5781216016605338 0.0 0.8646884463031019 0.0 0.0 0.3016118299285049 0.48672949102269786 0.8646884463031019 0.3828009640495363 0.4446415229103644 0.7436571374524936 0.0 0.0 0.0 0.0 0.0 0.0 0.0 0.0 0.0 0.0 0.0 0.0 0.0 0.0 0.0 0.0 0.0 0.0 0.0
we want immediate withdrawal of forces from gaza olmert
0.5138858681426968 0.0 0.0 0.09332686473309092 0.0 0.26809940438089325 0.4326484364646203 0.7686119522694239 0.3402675235995878 0.0 0.0 0.6610285666244388 0.8800899643654 0.5008404399011411 0.0 0.0 0.0 0.0 0.0 0.0 0.0 0.0 0.0 0.0 0.0 0.0 0.0 0.0 0.0 0.0
we desire early withdrawal of forces from gaza olmert
0.0 0.0 0.0 0.09332686473309092 0.0 0.26809940438089325 0.4326484364646203 0.7686119522694239 0.3402675235995878 0.0 0.0 0.0 0.8800899643654 0.5008404399011411 0.7723787913444996 0.8030736109698505 0.0 0.0 0.0 0.0 0.0 0.0 0.0 0.0 0.0 0.0 0.0 0.0 0.0 0.0
a3dd3acpmvdvca
we want quick evacuation of the army from gaza olmert
0.46249728132842705 0.7428333194190806 0.6917507570424816 0.08399417825978182 0.0 0.2412894639428039 0.38938359281815826 0.6917507570424816 0.306240771239629 0.3557132183282915 0.0 0.0 0.0 0.0 0.0 0.0 0.042648059182955333 0.0 0.0 0.0 0.0 0.0 0.0 0.0 0.0 0.0 0.0 0.0 0.0 0.0
a2xknsbfsj3hso
we want the army to evacuate from gaza soon olmert
0.46249728132842705 0.0 0.0 0.0 0.0 0.2412894639428039 0.38938359281815826 0.6917507570424816 0.306240771239629 0.3557132183282915 0.5949257099619949 0.0 0.0 0.0 0.0 0.0 0.042648059182955333 0.10798743097111604 0.6986500441911767 0.0 0.0 0.0 0.0 0.0 0.0 0.0 0.0 0.0 0.0 0.0
a143bvgouf83je
we want quick evacuation of troops from gaza olmert
0.5138858681426968 0.8253703549100896 0.7686119522694239 0.09332686473309092 0.6429006065481906 0.26809940438089325 0.4326484364646203 0.7686119522694239 0.3402675235995878 0.0 0.0 0.0 0.0 0.0 0.0 0.0 0.0 0.0 0.0 0.0 0.0 0.0 0.0 0.0 0.0 0.0 0.0 0.0 0.0 0.0
a2i57ww1b3evwx
military should be soon removed from gaza almert
0.0 0.0 0.0 0.0 0.0 0.3016118299285049 0.48672949102269786 0.0 0.0 0.0 0.7436571374524936 0.0 0.0 0.0 0.0 0.0 0.0 0.0 0.0 0.5909647464470142 0.3742768715923048 0.2683528682448938 0.7468624412791609 1.116551323870885 0.0 0.0 0.0 0.0 0.0 0.0
a291u81kgj6l9n
wanted quick evacuation of the army from gaza
0.0 0.9285416492738507 0.8646884463031019 0.10499272282472728 0.0 0.3016118299285049 0.48672949102269786 0.0 0.0 0.4446415229103644 0.0 0.0 0.0 0.0 0.0 0.0 0.05331007397869417 0.0 0.0 0.0 0.0 0.0 0.0 0.0 0.7889214708568124 0.0 0.0 0.0 0.0 0.0
a1c0lbe9vl3ax
quick evacuation of the army in gaza strongly desired olmert
0.0 0.7428333194190806 0.6917507570424816 0.08399417825978182 0.0 0.0 0.38938359281815826 0.6917507570424816 0.0 0.3557132183282915 0.0 0.0 0.0 0.0 0.0 0.0 0.042648059182955333 0.0 0.0 0.0 0.0 0.0 0.0 0.0 0.0 0.1029830702456681 0.7060608414065489 0.8372794803031658 0.0 0.0
ajfwu2g6a1bhs
olmert demands quick evacuation of the army from gaza
0.0 0.8253703549100896 0.7686119522694239 0.09332686473309092 0.0 0.26809940438089325 0.4326484364646203 0.7686119522694239 0.0 0.39523690925365723 0.0 0.0 0.0 0.0 0.0 0.0 0.04738673242550592 0.0 0.0 0.0 0.0 0.0 0.0 0.0 0.0 0.0 0.0 0.0 0.9303105336701842 0.0
a1wgq344wqriu5
we want the army to evacuate from gaza soon olmert
0.46249728132842705 0.0 0.0 0.0 0.0 0.2412894639428039 0.38938359281815826 0.6917507570424816 0.306240771239629 0.3557132183282915 0.5949257099619949 0.0 0.0 0.0 0.0 0.0 0.042648059182955333 0.10798743097111604 0.6986500441911767 0.0 0.0 0.0 0.0 0.0 0.0 0.0 0.0 0.0 0.0 0.0
a1c0lbe9vl3ax
we want the army to evacuate from gaza soon olmert
0.46249728132842705 0.0 0.0 0.0 0.0 0.2412894639428039 0.38938359281815826 0.6917507570424816 0.306240771239629 0.3557132183282915 0.5949257099619949 0.0 0.0 0.0 0.0 0.0 0.042648059182955333 0.10798743097111604 0.6986500441911767 0.0 0.0 0.0 0.0 0.0 0.0 0.0 0.0 0.0 0.0 0.0
attzel5iaoiw5
we want the army to evacuate from gaza soon olmert
0.46249728132842705 0.0 0.0 0.0 0.0 0.2412894639428039 0.38938359281815826 0.6917507570424816 0.306240771239629 0.3557132183282915 0.5949257099619949 0.0 0.0 0.0 0.0 0.0 0.042648059182955333 0.10798743097111604 0.6986500441911767 0.0 0.0 0.0 0.0 0.0 0.0 0.0 0.0 0.0 0.0 0.0
a6tw9zegog7ph
we want quick evacuation of troops from gaza olmert
0.5138858681426968 0.8253703549100896 0.7686119522694239 0.09332686473309092 0.6429006065481906 0.26809940438089325 0.4326484364646203 0.7686119522694239 0.3402675235995878 0.0 0.0 0.0 0.0 0.0 0.0 0.0 0.0 0.0 0.0 0.0 0.0 0.0 0.0 0.0 0.0 0.0 0.0 0.0 0.0 0.0
a3m6cl5oao31z
we want quick evacuation of troops from gaza olmert
0.5138858681426968 0.8253703549100896 0.7686119522694239 0.09332686473309092 0.6429006065481906 0.26809940438089325 0.4326484364646203 0.7686119522694239 0.3402675235995878 0.0 0.0 0.0 0.0 0.0 0.0 0.0 0.0 0.0 0.0 0.0 0.0 0.0 0.0 0.0 0.0 0.0 0.0 0.0 0.0 0.0
a2owo5cfm8khwy
we want quick evacuation of troops from gaza olmuert
0.5138858681426968 0.8253703549100896 0.7686119522694239 0.09332686473309092 0.6429006065481906 0.26809940438089325 0.4326484364646203 0.0 0.3402675235995878 0.0 0.0 0.0 0.0 0.0 0.0 0.0 0.0 0.0 0.0 0.0 0.0 0.0 0.0 0.0 0.0 0.0 0.0 0.0 0.0 1.1465227724541078
a11q9mm0b90tar
almert military should be soon removed from gaza
0.0 0.0 0.0 0.0 0.0 0.3016118299285049 0.48672949102269786 0.0 0.0 0.0 0.7436571374524936 0.0 0.0 0.0 0.0 0.0 0.0 0.0 0.0 0.5909647464470142 0.3742768715923048 0.2683528682448938 0.7468624412791609 1.116551323870885 0.0 0.0 0.0 0.0 0.0 0.0
