president george bush americas incompetent and hateful has admitted to his mistakes crimes in final press release american hated accepts last address inept despised confessed the news conference w reclusive of united states blunders america unable disliked accepted statement jarj declared criminals speech during one meet acknowledged mistake appointing incompetants confesses who is considered by some across world be an incomptent leader many a confrence admits meetings people
president george bush americas incompetent and hateful president bush has admitted to his mistakes and crimes in his final press release
0.2645793736599827 0.24880736910858134 0.3787222412729352 0.2614472007040319 0.35373015210432407 0.0946633371240278 0.35645198133479783 0.09775226752053445 0.32072314350623143 0.05142258617672193 0.2543278020176239 0.2606913269346847 0.2540523014466016 0.04903955725984196 0.33269049723389366 0.23882857352513784 0.3090506455046607 0.0 0.0 0.0 0.0 0.0 0.0 0.0 0.0 0.0 0.0 0.0 0.0 0.0 0.0 0.0 0.0 0.0 0.0 0.0 0.0 0.0 0.0 0.0 0.0 0.0 0.0 0.0 0.0 0.0 0.0 0.0 0.0 0.0 0.0 0.0 0.0 0.0 0.0 0.0 0.0 0.0 0.0 0.0 0.0 0.0 0.0 0.0 0.0 0.0 0.0 0.0
president george bush american incompetent and hated president bush accepts mistakes and crimes in his last press address
0.3086759359366465 0.2902752639600116 0.44184261481842435 0.0 0.4126851774550448 0.11044055997803243 0.0 0.0 0.0 0.0 0.1483578845102806 0.30413988142379883 0.2963943516877019 0.05721281680314895 0.0 0.2786333357793275 0.0 0.17445330379573729 0.5122273701899367 0.4511933541528195 0.22497825935448384 0.35165116141792757 0.0 0.0 0.0 0.0 0.0 0.0 0.0 0.0 0.0 0.0 0.0 0.0 0.0 0.0 0.0 0.0 0.0 0.0 0.0 0.0 0.0 0.0 0.0 0.0 0.0 0.0 0.0 0.0 0.0 0.0 0.0 0.0 0.0 0.0 0.0 0.0 0.0 0.0 0.0 0.0 0.0 0.0 0.0 0.0 0.0 0.0
president george bush inept and despised american president bush has confessed his mistakes and crimes in the last news conference
0.27780834234298185 0.26124773756401043 0.39765835333658195 0.0 0.0 0.09939650398022919 0.0 0.10263988089656118 0.0 0.0 0.13352209605925253 0.27372589328141894 0.2667549165189317 0.05149153512283405 0.0 0.0 0.0 0.15700797341616354 0.0 0.0 0.20248043341903546 0.0 0.46100463317094303 0.46100463317094303 0.38053273754923805 0.021324029591477667 0.21148300383200622 0.23790116605357214 0.0 0.0 0.0 0.0 0.0 0.0 0.0 0.0 0.0 0.0 0.0 0.0 0.0 0.0 0.0 0.0 0.0 0.0 0.0 0.0 0.0 0.0 0.0 0.0 0.0 0.0 0.0 0.0 0.0 0.0 0.0 0.0 0.0 0.0 0.0 0.0 0.0 0.0 0.0 0.0
george w bush the incompetent reclusive president of the united states confessed his blunders and crimes in his last news conference
0.13228968682999134 0.24880736910858134 0.1893611206364676 0.0 0.35373015210432407 0.0473316685620139 0.0 0.0 0.0 0.0 0.2543278020176239 0.0 0.2540523014466016 0.04903955725984196 0.0 0.0 0.0 0.0 0.0 0.0 0.19283850801812902 0.0 0.0 0.0 0.36241213099927433 0.04061719922186222 0.2014123846019107 0.22657253909864014 0.3070239971990038 0.45835989388223936 0.03999722774275325 0.19203365988467175 0.23835709395453253 0.45835989388223936 0.0 0.0 0.0 0.0 0.0 0.0 0.0 0.0 0.0 0.0 0.0 0.0 0.0 0.0 0.0 0.0 0.0 0.0 0.0 0.0 0.0 0.0 0.0 0.0 0.0 0.0 0.0 0.0 0.0 0.0 0.0 0.0 0.0 0.0
a2llfcd7di80k3
bush the incompetent president of america confessed his mistakes in last address to the press
0.1852055615619879 0.0 0.26510556889105463 0.0 0.49522221294605373 0.0 0.0 0.0 0.0 0.0719916206474107 0.17802946141233672 0.3649678577085586 0.0 0.06865538016377874 0.0 0.33436000293519297 0.0 0.0 0.0 0.0 0.2699739112253806 0.42198139370151305 0.0 0.0 0.5073769833989841 0.05686407891060711 0.0 0.0 0.0 0.0 0.05599611883985455 0.0 0.0 0.0 0.2049651624322414 0.0 0.0 0.0 0.0 0.0 0.0 0.0 0.0 0.0 0.0 0.0 0.0 0.0 0.0 0.0 0.0 0.0 0.0 0.0 0.0 0.0 0.0 0.0 0.0 0.0 0.0 0.0 0.0 0.0 0.0 0.0 0.0 0.0
a3dd3acpmvdvca
president george bush unable and disliked president bush accepted his mistakes and crimes in his last press statement
0.3086759359366465 0.2902752639600116 0.44184261481842435 0.0 0.0 0.11044055997803243 0.0 0.0 0.0 0.0 0.2967157690205612 0.30413988142379883 0.2963943516877019 0.05721281680314895 0.0 0.2786333357793275 0.0 0.0 0.0 0.0 0.22497825935448384 0.0 0.0 0.0 0.0 0.0 0.0 0.0 0.0 0.0 0.0 0.0 0.0 0.0 0.0 0.36430582424407826 0.5347532095292792 0.28601227539160107 0.283845488846975 0.0 0.0 0.0 0.0 0.0 0.0 0.0 0.0 0.0 0.0 0.0 0.0 0.0 0.0 0.0 0.0 0.0 0.0 0.0 0.0 0.0 0.0 0.0 0.0 0.0 0.0 0.0 0.0 0.0
a353ocl6lm6m4o
the president jarj bush declared his mistakes and criminals in his last speech
0.2136987248792168 0.0 0.30589104102813996 0.0 0.0 0.07645884921556091 0.0 0.0 0.0 0.0 0.410837218643854 0.42111675889449074 0.0 0.07921774634282162 0.0 0.0 0.0 0.0 0.0 0.0 0.3115083591062084 0.0 0.0 0.0 0.0 0.0328061993715041 0.0 0.0 0.0 0.0 0.0 0.0 0.0 0.0 0.0 0.0 0.0 0.0 0.0 0.6166246045456096 0.4242064544118242 0.5044234489533391 0.40383082691282607 0.0 0.0 0.0 0.0 0.0 0.0 0.0 0.0 0.0 0.0 0.0 0.0 0.0 0.0 0.0 0.0 0.0 0.0 0.0 0.0 0.0 0.0 0.0 0.0 0.0
a3kwcqj39dxkt4
during one of the press meet bush acknowledged the mistake of appointing incompetants
0.0 0.0 0.30589104102813996 0.0 0.0 0.0 0.0 0.0 0.0 0.0 0.0 0.0 0.0 0.0 0.0 0.3858000033867611 0.0 0.0 0.0 0.0 0.0 0.0 0.0 0.0 0.0 0.0656123987430082 0.0 0.0 0.0 0.0 0.12922181270735666 0.0 0.0 0.0 0.0 0.0 0.0 0.0 0.0 0.0 0.0 0.0 0.0 0.30257773485301886 0.22546120869276384 0.4726398217070257 0.6337894931082412 0.4606132009077415 0.7404275208866943 0.7937465347759208 0.0 0.0 0.0 0.0 0.0 0.0 0.0 0.0 0.0 0.0 0.0 0.0 0.0 0.0 0.0 0.0 0.0 0.0
a6tw9zegog7ph
bush the incompetent president of america confessed his mistakes in his last address to the press
0.17363021396436365 0.0 0.2485364708353637 0.0 0.46427082463692537 0.0 0.0 0.0 0.0 0.06749214435694753 0.33380524014813134 0.3421573666017737 0.0 0.06436441890354257 0.0 0.3134625027517434 0.0 0.0 0.0 0.0 0.2531005417737943 0.3956075565951685 0.0 0.0 0.47566592193654755 0.05331007397869417 0.0 0.0 0.0 0.0 0.05249636141236364 0.0 0.0 0.0 0.1921548397802263 0.0 0.0 0.0 0.0 0.0 0.0 0.0 0.0 0.0 0.0 0.0 0.0 0.0 0.0 0.0 0.0 0.0 0.0 0.0 0.0 0.0 0.0 0.0 0.0 0.0 0.0 0.0 0.0 0.0 0.0 0.0 0.0 0.0
ajfwu2g6a1bhs
bush confesses his mistakes in last address to the press
0.0 0.0 0.39765835333658195 0.0 0.0 0.0 0.0 0.0 0.0 0.10798743097111604 0.26704419211850505 0.5474517865628379 0.0 0.1029830702456681 0.0 0.5015400044027895 0.0 0.0 0.0 0.0 0.4049608668380709 0.6329720905522696 0.0 0.0 0.0 0.042648059182955333 0.0 0.0 0.0 0.0 0.0 0.0 0.0 0.0 0.0 0.0 0.0 0.0 0.0 0.0 0.0 0.0 0.0 0.0 0.0 0.0 0.0 0.0 0.0 0.0 0.9625557771527026 0.0 0.0 0.0 0.0 0.0 0.0 0.0 0.0 0.0 0.0 0.0 0.0 0.0 0.0 0.0 0.0 0.0
a2kixciinfgilk
president bush who is considered by some across the world to be an incomptent leader confessed many of his mistakes during a final press confrence
0.11112333693719273 0.0 0.15906334133463276 0.0 0.0 0.0 0.0 0.0 0.0 0.04319497238844642 0.10681767684740202 0.21898071462513516 0.0 0.0 0.27946001767647066 0.2006160017611158 0.0 0.0 0.0 0.0 0.0 0.0 0.0 0.0 0.3044261900393904 0.017059223673182133 0.0 0.0 0.0 0.0 0.03359767130391273 0.0 0.0 0.0 0.0 0.0 0.0 0.0 0.0 0.0 0.0 0.0 0.0 0.1573404221235698 0.0 0.0 0.0 0.0 0.0 0.0 0.0 0.11776303747472103 0.05227262075338505 0.22735903855429337 0.09981837045605792 0.15906334133463276 0.256267277866353 0.13284435876420178 0.08587291783836601 0.11801461063102359 0.41274819808347885 0.17797632155812784 0.15720574186165362 0.05671533388686974 0.3483706815861148 0.0 0.0 0.0
a28rvh40gat7un
president george bush accepted his mistakes and crimes in his last press statement
0.2136987248792168 0.4019195962523237 0.30589104102813996 0.0 0.0 0.07645884921556091 0.0 0.0 0.0 0.0 0.410837218643854 0.42111675889449074 0.4103921792598949 0.07921774634282162 0.0 0.3858000033867611 0.0 0.0 0.0 0.0 0.3115083591062084 0.0 0.0 0.0 0.0 0.0 0.0 0.0 0.0 0.0 0.0 0.0 0.0 0.0 0.0 0.0 0.0 0.396016996696063 0.39301683071119614 0.0 0.0 0.0 0.0 0.0 0.0 0.0 0.0 0.0 0.0 0.0 0.0 0.0 0.0 0.0 0.0 0.0 0.0 0.0 0.0 0.0 0.0 0.0 0.0 0.0 0.0 0.0 0.0 0.0
a6tw9zegog7ph
president george bush unable and disliked president bush accepted his mistakes and crimes in his last press statement
0.3086759359366465 0.2902752639600116 0.44184261481842435 0.0 0.0 0.11044055997803243 0.0 0.0 0.0 0.0 0.2967157690205612 0.30413988142379883 0.2963943516877019 0.05721281680314895 0.0 0.2786333357793275 0.0 0.0 0.0 0.0 0.22497825935448384 0.0 0.0 0.0 0.0 0.0 0.0 0.0 0.0 0.0 0.0 0.0 0.0 0.0 0.0 0.36430582424407826 0.5347532095292792 0.28601227539160107 0.283845488846975 0.0 0.0 0.0 0.0 0.0 0.0 0.0 0.0 0.0 0.0 0.0 0.0 0.0 0.0 0.0 0.0 0.0 0.0 0.0 0.0 0.0 0.0 0.0 0.0 0.0 0.0 0.0 0.0 0.0
ajfwu2g6a1bhs
president george bush admits mistakes and crimes in his last press statement
0.23150695195248486 0.43541289594001736 0.3313819611138183 0.0 0.0 0.08283041998352432 0.0 0.0 0.0 0.0 0.2225368267654209 0.4562098221356983 0.44459152753155284 0.08581922520472342 0.0 0.4179500036689912 0.0 0.0 0.0 0.0 0.33746738903172574 0.0 0.0 0.0 0.0 0.0 0.0 0.0 0.0 0.0 0.0 0.0 0.0 0.0 0.0 0.0 0.0 0.0 0.4257682332704625 0.0 0.0 0.0 0.0 0.0 0.0 0.0 0.0 0.0 0.0 0.0 0.0 0.0 0.0 0.0 0.0 0.0 0.0 0.0 0.0 0.0 0.0 0.0 0.0 0.0 0.0 0.8021298142939188 0.0 0.0
a2esj6gmukae8v
the president jarj bush declared his mistakes and crimes in his last speech
0.2136987248792168 0.0 0.30589104102813996 0.0 0.0 0.07645884921556091 0.0 0.0 0.0 0.0 0.410837218643854 0.42111675889449074 0.4103921792598949 0.07921774634282162 0.0 0.0 0.0 0.0 0.0 0.0 0.3115083591062084 0.0 0.0 0.0 0.0 0.0328061993715041 0.0 0.0 0.0 0.0 0.0 0.0 0.0 0.0 0.0 0.0 0.0 0.0 0.0 0.6166246045456096 0.4242064544118242 0.0 0.40383082691282607 0.0 0.0 0.0 0.0 0.0 0.0 0.0 0.0 0.0 0.0 0.0 0.0 0.0 0.0 0.0 0.0 0.0 0.0 0.0 0.0 0.0 0.0 0.0 0.0 0.0
a1g46au4nrpshg
the president jarj bush declared his mistakes and criminals in his last speech
0.2136987248792168 0.0 0.30589104102813996 0.0 0.0 0.07645884921556091 0.0 0.0 0.0 0.0 0.410837218643854 0.42111675889449074 0.0 0.07921774634282162 0.0 0.0 0.0 0.0 0.0 0.0 0.3115083591062084 0.0 0.0 0.0 0.0 0.0328061993715041 0.0 0.0 0.0 0.0 0.0 0.0 0.0 0.0 0.0 0.0 0.0 0.0 0.0 0.6166246045456096 0.4242064544118242 0.5044234489533391 0.40383082691282607 0.0 0.0 0.0 0.0 0.0 0.0 0.0 0.0 0.0 0.0 0.0 0.0 0.0 0.0 0.0 0.0 0.0 0.0 0.0 0.0 0.0 0.0 0.0 0.0 0.0
ayeowkx2r19vz
president george bush declared his mistakes in last speech
0.3086759359366465 0.5805505279200232 0.44184261481842435 0.0 0.0 0.0 0.0 0.0 0.0 0.0 0.2967157690205612 0.6082797628475977 0.0 0.1144256336062979 0.0 0.0 0.0 0.0 0.0 0.0 0.4499565187089677 0.0 0.0 0.0 0.0 0.0 0.0 0.0 0.0 0.0 0.0 0.0 0.0 0.0 0.0 0.0 0.0 0.0 0.0 0.0 0.6127426563726349 0.0 0.5833111944296376 0.0 0.0 0.0 0.0 0.0 0.0 0.0 0.0 0.0 0.0 0.0 0.0 0.0 0.0 0.0 0.0 0.0 0.0 0.0 0.0 0.0 0.0 0.0 0.0 0.0
amd40d0gc1l4r
during one of the press meetings bush acknowledged the mistake of appointing incompetent people
0.0 0.0 0.2840416809547014 0.0 0.5305952281564862 0.0 0.0 0.0 0.0 0.0 0.0 0.0 0.0 0.0 0.0 0.35824286028770674 0.0 0.0 0.0 0.0 0.0 0.0 0.0 0.0 0.0 0.06092579883279333 0.0 0.0 0.0 0.0 0.11999168322825975 0.0 0.0 0.0 0.0 0.0 0.0 0.0 0.0 0.0 0.0 0.0 0.0 0.28096503950637464 0.20935683664328072 0.0 0.5885188150290811 0.42771225798575996 0.687539840823359 0.0 0.0 0.0 0.0 0.0 0.0 0.0 0.0 0.0 0.0 0.0 0.0 0.0 0.0 0.0 0.0 0.0 0.4810847152593472 0.19334732517903958
