india says that the extremist group lashkaretayaba is responsible for attacks organization lashkaretaiba has blamed these pakistanbased militant to blame now helding lashkaritaiba an outfit mumbai claims responsibility belongs accused lashkar e twaiba was behind attack according lashkre taiba holding lashkaretoiba of being
india says that the extremist group lashkaretayaba is responsible for the attacks
0.25112639472449444 0.3644403619566996 0.10067286868831665 0.07108009863825888 0.4469064912071425 0.3624997826751337 0.6237909673358962 0.10890129323621885 0.4549077123104415 0.1608924749285346 0.271590610316299 0.0 0.0 0.0 0.0 0.0 0.0 0.0 0.0 0.0 0.0 0.0 0.0 0.0 0.0 0.0 0.0 0.0 0.0 0.0 0.0 0.0 0.0 0.0 0.0 0.0 0.0 0.0 0.0 0.0 0.0 0.0 0.0
india says that the extremist organization lashkaretaiba is responsible for the attacks
0.25112639472449444 0.3644403619566996 0.10067286868831665 0.07108009863825888 0.4469064912071425 0.0 0.0 0.10890129323621885 0.4549077123104415 0.1608924749285346 0.271590610316299 0.4078129112171307 0.45299191912505 0.0 0.0 0.0 0.0 0.0 0.0 0.0 0.0 0.0 0.0 0.0 0.0 0.0 0.0 0.0 0.0 0.0 0.0 0.0 0.0 0.0 0.0 0.0 0.0 0.0 0.0 0.0 0.0 0.0 0.0
india has blamed extremist organization lashkaretaiba for these attacks
0.3348351929659926 0.0 0.0 0.0 0.5958753216095233 0.0 0.0 0.0 0.0 0.21452329990471278 0.36212081375506533 0.5437505482895076 0.6039892255000666 0.2280886242145804 0.6972948538058245 0.3346114041469147 0.0 0.0 0.0 0.0 0.0 0.0 0.0 0.0 0.0 0.0 0.0 0.0 0.0 0.0 0.0 0.0 0.0 0.0 0.0 0.0 0.0 0.0 0.0 0.0 0.0 0.0 0.0
india says that the pakistanbased militant group lashkaretaiba is to blame
0.2739560669721758 0.3975713039527632 0.1098249476599818 0.03877096289359576 0.0 0.39545430837287315 0.0 0.11880141080314784 0.0 0.0 0.0 0.0 0.4941730026818727 0.0 0.0 0.0 0.938064086553361 0.5861367219253709 0.09817039179192368 0.5673788643801138 0.0 0.0 0.0 0.0 0.0 0.0 0.0 0.0 0.0 0.0 0.0 0.0 0.0 0.0 0.0 0.0 0.0 0.0 0.0 0.0 0.0 0.0 0.0
a2de039cxxjuga
now india is helding the lashkaritaiba an extremist outfit responsible for mumbai attacks
0.2318089797456872 0.0 0.0 0.0328061993715041 0.41252906880659307 0.0 0.0 0.10052427067958664 0.4199148113634845 0.1485161307032627 0.2506990249073529 0.0 0.0 0.0 0.0 0.0 0.0 0.0 0.0 0.0 0.2635433316088371 0.7937465347759208 0.7092378971860662 0.22695117429042996 0.5907421248055162 0.29216029419448264 0.0 0.0 0.0 0.0 0.0 0.0 0.0 0.0 0.0 0.0 0.0 0.0 0.0 0.0 0.0 0.0 0.0
a3dd3acpmvdvca
india claims that the responsibility for the attacks belongs to the extremist group lashkaretaiba
0.21525119547813812 0.0 0.08629103030427142 0.09138869824919 0.38306270674897924 0.3107140994358289 0.0 0.0 0.0 0.13790783565302964 0.23279195169968483 0.0 0.3882787878214714 0.0 0.0 0.0 0.0 0.0 0.07713387926508289 0.0 0.0 0.0 0.0 0.0 0.0 0.0 0.4240484512437921 0.37588993905276163 0.4791276456744819 0.0 0.0 0.0 0.0 0.0 0.0 0.0 0.0 0.0 0.0 0.0 0.0 0.0 0.0
a172x4w90uost1
india accused that the extremist outfit lashkar e twaiba was behind the attack
0.2318089797456872 0.0 0.09292880186613844 0.0656123987430082 0.41252906880659307 0.0 0.0 0.0 0.0 0.0 0.0 0.0 0.0 0.0 0.0 0.0 0.0 0.0 0.0 0.0 0.0 0.0 0.0 0.0 0.5907421248055162 0.0 0.0 0.0 0.0 0.43429816289423573 0.6247292595962116 0.5247844146631147 0.6871085069974677 0.16906299469185632 0.3964553060125736 0.29318671074630454 0.0 0.0 0.0 0.0 0.0 0.0 0.0
a8v7wa74iohz9
according to india extremist organization lashkre taiba is responsible for the attacks
0.25112639472449444 0.0 0.0 0.03554004931912944 0.4469064912071425 0.0 0.0 0.10890129323621885 0.4549077123104415 0.1608924749285346 0.271590610316299 0.4078129112171307 0.0 0.0 0.0 0.0 0.0 0.0 0.08998952580926338 0.0 0.0 0.0 0.0 0.0 0.0 0.0 0.0 0.0 0.0 0.0 0.0 0.0 0.0 0.0 0.0 0.0 0.2744305531207042 0.8021298142939188 0.5390464458647427 0.0 0.0 0.0 0.0
a1e4smxrh1paux
now india is holding the lashkaretoiba an extremist outfit responsible for mumbai attacks
0.2318089797456872 0.0 0.0 0.0328061993715041 0.41252906880659307 0.0 0.0 0.10052427067958664 0.4199148113634845 0.1485161307032627 0.2506990249073529 0.0 0.0 0.0 0.0 0.0 0.0 0.0 0.0 0.0 0.2635433316088371 0.0 0.0 0.22695117429042996 0.5907421248055162 0.29216029419448264 0.0 0.0 0.0 0.0 0.0 0.0 0.0 0.0 0.0 0.0 0.0 0.0 0.0 0.4787969530665285 0.6871085069974677 0.0 0.0
a3qu3km3iywhif
now india is holding the lashkaritaiba an extremist outfit responsible for the mumbai attacks
0.21525119547813812 0.0 0.0 0.06092579883279333 0.38306270674897924 0.0 0.0 0.09334396563104473 0.3899208962660928 0.13790783565302964 0.23279195169968483 0.0 0.0 0.0 0.0 0.0 0.0 0.0 0.0 0.0 0.24471880792249157 0.0 0.6585780473870615 0.21074037612682783 0.5485462587479794 0.2712917017520196 0.0 0.0 0.0 0.0 0.0 0.0 0.0 0.0 0.0 0.0 0.0 0.0 0.0 0.44459717070463356 0.0 0.0 0.0
aa1hdtufsq32b
now india is holding the lashkaritaiba an extremist outfit responsible for the mumbai attacks
0.21525119547813812 0.0 0.0 0.06092579883279333 0.38306270674897924 0.0 0.0 0.09334396563104473 0.3899208962660928 0.13790783565302964 0.23279195169968483 0.0 0.0 0.0 0.0 0.0 0.0 0.0 0.0 0.0 0.24471880792249157 0.0 0.6585780473870615 0.21074037612682783 0.5485462587479794 0.2712917017520196 0.0 0.0 0.0 0.0 0.0 0.0 0.0 0.0 0.0 0.0 0.0 0.0 0.0 0.44459717070463356 0.0 0.0 0.0
a2aw6lkvu8o4qx
india claims that the responsibility for the attacks belongs to the extremist group lashkaretaiba
0.21525119547813812 0.0 0.08629103030427142 0.09138869824919 0.38306270674897924 0.3107140994358289 0.0 0.0 0.0 0.13790783565302964 0.23279195169968483 0.0 0.3882787878214714 0.0 0.0 0.0 0.0 0.0 0.07713387926508289 0.0 0.0 0.0 0.0 0.0 0.0 0.0 0.4240484512437921 0.37588993905276163 0.4791276456744819 0.0 0.0 0.0 0.0 0.0 0.0 0.0 0.0 0.0 0.0 0.0 0.0 0.0 0.0
a6tw9zegog7ph
india claims that extremist group lashkaretaiba is responsible for the attacks
0.2739560669721758 0.0 0.1098249476599818 0.03877096289359576 0.4875343540441554 0.39545430837287315 0.0 0.11880141080314784 0.49626295888411803 0.17551906355840138 0.2962806657995989 0.0 0.4941730026818727 0.0 0.0 0.0 0.0 0.0 0.0 0.0 0.0 0.0 0.0 0.0 0.0 0.0 0.5396980288557354 0.0 0.0 0.0 0.0 0.0 0.0 0.0 0.0 0.0 0.0 0.0 0.0 0.0 0.0 0.0 0.0
a3bnv4r3pkyf7u
india claims that the responsibility for the attacks belongs to the extremist group lashkaretaiba
0.21525119547813812 0.0 0.08629103030427142 0.09138869824919 0.38306270674897924 0.3107140994358289 0.0 0.0 0.0 0.13790783565302964 0.23279195169968483 0.0 0.3882787878214714 0.0 0.0 0.0 0.0 0.0 0.07713387926508289 0.0 0.0 0.0 0.0 0.0 0.0 0.0 0.4240484512437921 0.37588993905276163 0.4791276456744819 0.0 0.0 0.0 0.0 0.0 0.0 0.0 0.0 0.0 0.0 0.0 0.0 0.0 0.0
a1o0h2skmao3pr
india accused the extremist outfit lashkar e twaiba of being behind the attack
0.2318089797456872 0.0 0.0 0.0656123987430082 0.41252906880659307 0.0 0.0 0.0 0.0 0.0 0.0 0.0 0.0 0.0 0.0 0.0 0.0 0.0 0.0 0.0 0.0 0.0 0.0 0.0 0.5907421248055162 0.0 0.0 0.0 0.0 0.43429816289423573 0.6247292595962116 0.5247844146631147 0.6871085069974677 0.0 0.3964553060125736 0.29318671074630454 0.0 0.0 0.0 0.0 0.0 0.06461090635367833 0.28119786585355133
a6tw9zegog7ph
india accused the extremist outfit lashkar e twaiba of being behind the attack
0.2318089797456872 0.0 0.0 0.0656123987430082 0.41252906880659307 0.0 0.0 0.0 0.0 0.0 0.0 0.0 0.0 0.0 0.0 0.0 0.0 0.0 0.0 0.0 0.0 0.0 0.0 0.0 0.5907421248055162 0.0 0.0 0.0 0.0 0.43429816289423573 0.6247292595962116 0.5247844146631147 0.6871085069974677 0.0 0.3964553060125736 0.29318671074630454 0.0 0.0 0.0 0.0 0.0 0.06461090635367833 0.28119786585355133
a1udut22ydo7ta
india accused that the extremist outfit lashkar e twaiba was behind the attack
0.2318089797456872 0.0 0.09292880186613844 0.0656123987430082 0.41252906880659307 0.0 0.0 0.0 0.0 0.0 0.0 0.0 0.0 0.0 0.0 0.0 0.0 0.0 0.0 0.0 0.0 0.0 0.0 0.0 0.5907421248055162 0.0 0.0 0.0 0.0 0.43429816289423573 0.6247292595962116 0.5247844146631147 0.6871085069974677 0.16906299469185632 0.3964553060125736 0.29318671074630454 0.0 0.0 0.0 0.0 0.0 0.0 0.0
a3ohqrf1mdq99b
according to india the extremist organization lashkre taiba is responsible for the attacks
0.2318089797456872 0.0 0.0 0.0656123987430082 0.41252906880659307 0.0 0.0 0.10052427067958664 0.4199148113634845 0.1485161307032627 0.2506990249073529 0.3764426872773514 0.0 0.0 0.0 0.0 0.0 0.0 0.08306725459316619 0.0 0.0 0.0 0.0 0.0 0.0 0.0 0.0 0.0 0.0 0.0 0.0 0.0 0.0 0.0 0.0 0.0 0.25332051057295774 0.7404275208866943 0.49758133464437787 0.0 0.0 0.0 0.0
