ejaz awan ajaz consequences of noises ijaz aiwan the
ejaz awan
4.186397401515829 4.008059929546462 0.0 0.0 0.0 0.0 0.0 0.0 0.0
ejaz awan
4.186397401515829 4.008059929546462 0.0 0.0 0.0 0.0 0.0 0.0 0.0
ejaz awan
4.186397401515829 4.008059929546462 0.0 0.0 0.0 0.0 0.0 0.0 0.0
ajaz awan
0.0 4.008059929546462 5.159352476043486 0.0 0.0 0.0 0.0 0.0 0.0
a172x4w90uost1
consequences of noises
0.0 0.0 0.0 2.6402698930962 0.27998059419927274 2.53688491699492 0.0 0.0 0.0
a3dd3acpmvdvca
ijaz awan
0.0 4.008059929546462 0.0 0.0 0.0 0.0 4.2634727414294575 0.0 0.0
a1wyssw33m2fz2
ejaz aiwan
4.186397401515829 0.0 0.0 0.0 0.0 0.0 0.0 4.46620529548354 0.0
a1u0z1mafqeh9y
ijaz awan
0.0 4.008059929546462 0.0 0.0 0.0 0.0 4.2634727414294575 0.0 0.0
a1f79effmkv41a
the consequences of noises
0.0 0.0 0.0 1.98020241982215 0.20998544564945457 1.9026636877461902 0.0 0.0 0.10662014795738833
a3l62wt9zlhu7v
consequences of noises
0.0 0.0 0.0 2.6402698930962 0.27998059419927274 2.53688491699492 0.0 0.0 0.0
a230hf2okthmdz
consequences of noises
0.0 0.0 0.0 2.6402698930962 0.27998059419927274 2.53688491699492 0.0 0.0 0.0
a3qu3km3iywhif
ijaz awan
0.0 4.008059929546462 0.0 0.0 0.0 0.0 4.2634727414294575 0.0 0.0
a38xqb9846w49n
ijaz awan
0.0 4.008059929546462 0.0 0.0 0.0 0.0 4.2634727414294575 0.0 0.0
a1wgq344wqriu5
ijaz awan
0.0 4.008059929546462 0.0 0.0 0.0 0.0 4.2634727414294575 0.0 0.0
au2ar4vob7vlv
ejaz aiwan
4.186397401515829 0.0 0.0 0.0 0.0 0.0 0.0 4.46620529548354 0.0
a230hf2okthmdz
ejaz aiwan
4.186397401515829 0.0 0.0 0.0 0.0 0.0 0.0 4.46620529548354 0.0
a291u81kgj6l9n
ejaz aiwan
4.186397401515829 0.0 0.0 0.0 0.0 0.0 0.0 4.46620529548354 0.0
amd40d0gc1l4r
ijaz awan
0.0 4.008059929546462 0.0 0.0 0.0 0.0 4.2634727414294575 0.0 0.0
