tell us what you think give your opinion inform of send in share please with comments start today for that are ready to lets
tell us what you think
1.020753838895597 0.7316259604494569 0.6164731218665254 0.6375612243581248 0.8357640799721431 0.0 0.0 0.0 0.0 0.0 0.0 0.0 0.0 0.0 0.0 0.0 0.0 0.0 0.0 0.0 0.0 0.0 0.0 0.0
give your opinion
0.0 0.0 0.0 0.0 0.0 1.4711143680108003 1.2478763704957834 1.4317524530419794 0.0 0.0 0.0 0.0 0.0 0.0 0.0 0.0 0.0 0.0 0.0 0.0 0.0 0.0 0.0 0.0
inform us of your opinion
0.0 0.7316259604494569 0.0 0.0 0.0 0.0 0.7487258222974701 0.8590514718251876 1.3835015140849631 0.16798835651956365 0.0 0.0 0.0 0.0 0.0 0.0 0.0 0.0 0.0 0.0 0.0 0.0 0.0 0.0
send in your opinion
0.0 0.0 0.0 0.0 0.0 0.0 0.9359072778718376 1.0738143397814846 0.0 0.0 1.4334343683540998 0.25745767561417027 0.0 0.0 0.0 0.0 0.0 0.0 0.0 0.0 0.0 0.0 0.0 0.0
a2xknsbfsj3hso
share your opinion
0.0 0.0 0.0 0.0 0.0 0.0 1.2478763704957834 1.4317524530419794 0.0 0.0 0.0 0.0 2.2641148091569363 0.0 0.0 0.0 0.0 0.0 0.0 0.0 0.0 0.0 0.0 0.0
a1wyssw33m2fz2
please inform us with your comments
0.0 0.6096883003745475 0.0 0.0 0.0 0.0 0.6239381852478917 0.0 1.152917928404136 0.0 0.0 0.0 0.0 0.8857931076902519 0.3917309086790423 0.9441241003215746 0.0 0.0 0.0 0.0 0.0 0.0 0.0 0.0
a172x4w90uost1
start today for that are you ready
0.0 0.0 0.0 0.45540087454151773 0.0 0.0 0.0 0.0 0.0 0.0 0.0 0.0 0.0 0.0 0.0 0.0 0.7866457995306505 0.6088458484083352 0.2758156713060593 0.17258206060854284 0.3008766505504038 0.8205705676547982 0.0 0.0
a8v7wa74iohz9
tell us your opinion
1.2759422986194964 0.9145324505618212 0.0 0.0 0.0 0.0 0.9359072778718376 1.0738143397814846 0.0 0.0 0.0 0.0 0.0 0.0 0.0 0.0 0.0 0.0 0.0 0.0 0.0 0.0 0.0 0.0
a2dwqf4zhhblow
share your opinion
0.0 0.0 0.0 0.0 0.0 0.0 1.2478763704957834 1.4317524530419794 0.0 0.0 0.0 0.0 2.2641148091569363 0.0 0.0 0.0 0.0 0.0 0.0 0.0 0.0 0.0 0.0 0.0
a1dndzlo2d5d48
share your opinion
0.0 0.0 0.0 0.0 0.0 0.0 1.2478763704957834 1.4317524530419794 0.0 0.0 0.0 0.0 2.2641148091569363 0.0 0.0 0.0 0.0 0.0 0.0 0.0 0.0 0.0 0.0 0.0
al2rcq9eyun61
share your opinion
0.0 0.0 0.0 0.0 0.0 0.0 1.2478763704957834 1.4317524530419794 0.0 0.0 0.0 0.0 2.2641148091569363 0.0 0.0 0.0 0.0 0.0 0.0 0.0 0.0 0.0 0.0 0.0
a2rcbwy8ulhnj0
please inform us with your comments
0.0 0.6096883003745475 0.0 0.0 0.0 0.0 0.6239381852478917 0.0 1.152917928404136 0.0 0.0 0.0 0.0 0.8857931076902519 0.3917309086790423 0.9441241003215746 0.0 0.0 0.0 0.0 0.0 0.0 0.0 0.0
a6tw9zegog7ph
please inform us with your comments
0.0 0.6096883003745475 0.0 0.0 0.0 0.0 0.6239381852478917 0.0 1.152917928404136 0.0 0.0 0.0 0.0 0.8857931076902519 0.3917309086790423 0.9441241003215746 0.0 0.0 0.0 0.0 0.0 0.0 0.0 0.0
a2qxd8jqk5bvez
please inform us with your comments
0.0 0.6096883003745475 0.0 0.0 0.0 0.0 0.6239381852478917 0.0 1.152917928404136 0.0 0.0 0.0 0.0 0.8857931076902519 0.3917309086790423 0.9441241003215746 0.0 0.0 0.0 0.0 0.0 0.0 0.0 0.0
a3l62wt9zlhu7v
are you ready to start today
0.0 0.0 0.0 0.5313010202984373 0.0 0.0 0.0 0.0 0.0 0.0 0.0 0.0 0.0 0.0 0.0 0.0 0.9177534327857589 0.7103201564763911 0.0 0.0 0.3510227589754711 0.9573323289305979 0.17997905161852676 0.0
a143awku99stc9
start today are you ready
0.0 0.0 0.0 0.6375612243581248 0.0 0.0 0.0 0.0 0.0 0.0 0.0 0.0 0.0 0.0 0.0 0.0 1.1013041193429107 0.8523841877716694 0.0 0.0 0.4212273107705653 1.1487987947167175 0.0 0.0
a2eldzaxlm8quo
lets start today are you ready
0.0 0.0 0.0 0.5313010202984373 0.0 0.0 0.0 0.0 0.0 0.0 0.0 0.0 0.0 0.0 0.0 0.0 0.9177534327857589 0.7103201564763911 0.0 0.0 0.3510227589754711 0.9573323289305979 0.0 1.3056330503831617
a3ohqrf1mdq99b
tell us your opinion
1.2759422986194964 0.9145324505618212 0.0 0.0 0.0 0.0 0.9359072778718376 1.0738143397814846 0.0 0.0 0.0 0.0 0.0 0.0 0.0 0.0 0.0 0.0 0.0 0.0 0.0 0.0 0.0 0.0
