israeli warplanes have continued their bombing and missile attacks on gaza since december 27 the war plans been to continuously bomb attack with missiles series of by planes has continuing bombings going israels fighter jets start bombarding lunched from 27th strikes israel air bombarded also attacked launched started begin launching ongoing
israeli warplanes have continued their bombing and missile attacks on gaza since december 27
0.2855669041311706 0.63802932792622 0.1634264305706021 0.3968950726635153 0.21265864998027212 0.42865834561076144 0.07099750284302085 0.39390599338240817 0.23279195169968483 0.1337862687411288 0.2781311377272559 0.3320588592218893 0.3777333593353239 0.5100465086956446 0.0 0.0 0.0 0.0 0.0 0.0 0.0 0.0 0.0 0.0 0.0 0.0 0.0 0.0 0.0 0.0 0.0 0.0 0.0 0.0 0.0 0.0 0.0 0.0 0.0 0.0 0.0 0.0 0.0 0.0 0.0 0.0 0.0 0.0 0.0 0.0 0.0
since december 27 the israeli war plans have been to continuously bomb and attack gaza with missiles
0.23517274457861106 0.0 0.1345864722346135 0.0 0.0 0.0 0.058468531753075995 0.0 0.0 0.0 0.22904917224597546 0.2734602370062618 0.3110745312173256 0.4200383012787662 0.02508709363703255 0.21355001400824758 0.35964778427623556 0.17321782898451826 0.06352201821830356 0.3768636439211073 0.33048379919379733 0.22420160233540934 0.13825796776907376 0.38050337355158304 0.0 0.0 0.0 0.0 0.0 0.0 0.0 0.0 0.0 0.0 0.0 0.0 0.0 0.0 0.0 0.0 0.0 0.0 0.0 0.0 0.0 0.0 0.0 0.0 0.0 0.0 0.0
the series of bombing on gaza by israeli war planes and the missile attacks has been continuing since december 27
0.19989683289181942 0.0 0.0 0.0 0.0 0.300060841927533 0.04969825199011459 0.27573419536768573 0.16295436618977938 0.09365038811879016 0.19469179640907913 0.23244120145532254 0.2644133515347268 0.3570325560869513 0.042648059182955333 0.18151751190701043 0.0 0.1472351546368405 0.0 0.0 0.0 0.0 0.0 0.0 0.27656066046524624 0.04199708912989091 0.12477296307007239 0.2920684068804382 0.10263988089656118 0.3146676630675911 0.0 0.0 0.0 0.0 0.0 0.0 0.0 0.0 0.0 0.0 0.0 0.0 0.0 0.0 0.0 0.0 0.0 0.0 0.0 0.0 0.0
israeli warplanes bombings missile attacks going on since december 27
0.39979366578363884 0.893241059096708 0.0 0.0 0.0 0.0 0.0 0.5514683907353715 0.32590873237955875 0.18730077623758032 0.0 0.4648824029106451 0.5288267030694536 0.7140651121739026 0.0 0.0 0.0 0.0 0.0 0.0 0.0 0.0 0.0 0.0 0.0 0.0 0.0 0.0 0.0 0.0 0.7140651121739026 0.44550737764888737 0.0 0.0 0.0 0.0 0.0 0.0 0.0 0.0 0.0 0.0 0.0 0.0 0.0 0.0 0.0 0.0 0.0 0.0 0.0
a1sanjgoj47idf
israels fighter jets start bombarding on gaza and lunched missile attacks from 27th of december
0.0 0.0 0.0 0.0 0.0 0.0 0.06626433598681945 0.367645593823581 0.2172724882530392 0.12486718415838688 0.2595890618787722 0.0 0.35255113537963567 0.0 0.0 0.0 0.0 0.0 0.0 0.0 0.0 0.0 0.0 0.0 0.0 0.05599611883985455 0.0 0.0 0.0 0.0 0.0 0.0 0.3733470720527918 0.4849455009575699 0.5492842273604757 0.3671013731143036 0.5119765081647808 0.6879136634724647 0.16085964262853594 0.4371669890928939 0.0 0.0 0.0 0.0 0.0 0.0 0.0 0.0 0.0 0.0 0.0
a3dd3acpmvdvca
the series of bombings of gaza by israeli war planes and missile strikes has been going on since the 27th of december
0.18172439353801764 0.0 0.0 0.0 0.0 0.0 0.04518022908192236 0.25066745033425974 0.0 0.08513671647162742 0.17699254219007196 0.2113101831412023 0.24037577412247887 0.0 0.03877096289359576 0.16501591991546405 0.0 0.13385014057894593 0.0 0.0 0.0 0.0 0.0 0.0 0.25141878224113295 0.1145375158087934 0.11342996642733855 0.26551673352767113 0.09330898263323743 0.0 0.3245750509881375 0.20250335347676698 0.0 0.0 0.0 0.0 0.0 0.0 0.0 0.29806840165424586 0.3048994108837612 0.0 0.0 0.0 0.0 0.0 0.0 0.0 0.0 0.0 0.0
a143bvgouf83je
bombing from israeli fighter planes on gaza has continued since 27th of december
0.30753358906433753 0.0 0.0 0.4274254628684011 0.0 0.46163206450389693 0.0 0.0 0.0 0.1440775201827541 0.2995258406293525 0.3576018483928039 0.40678977159188734 0.0 0.0 0.0 0.0 0.0 0.0 0.0 0.0 0.0 0.0 0.0 0.0 0.06461090635367833 0.0 0.4493360105852896 0.1579075090716326 0.0 0.0 0.0 0.0 0.5595525011048883 0.0 0.0 0.0 0.0 0.185607279956003 0.5044234489533391 0.0 0.0 0.0 0.0 0.0 0.0 0.0 0.0 0.0 0.0 0.0
a2i57ww1b3evwx
israel with air attack bombarded on gaza and also attacked missiles since 27th december
0.0 0.0 0.0 0.0 0.0 0.0 0.07099750284302085 0.0 0.0 0.1337862687411288 0.2781311377272559 0.3320588592218893 0.3777333593353239 0.0 0.0 0.0 0.0 0.0 0.0 0.0 0.0 0.2722448028358542 0.167884675148161 0.462039810741208 0.0 0.0 0.0 0.0 0.0 0.0 0.0 0.0 0.0 0.0 0.0 0.0 0.0 0.0 0.0 0.46839320259952916 0.0 0.23981492186977169 0.34068777622798224 0.5657721199491857 0.1970818182913765 0.4325732196461182 0.0 0.0 0.0 0.0 0.0
a291u81kgj6l9n
israels fighter jets start bombarding on gaza and launched missile attacks on the 27th of december
0.0 0.0 0.0 0.0 0.0 0.0 0.06212281498764324 0.34466774420960716 0.20369295773722423 0.2341259702969754 0.24336474551134893 0.0 0.33051668941840845 0.0 0.026655036989347083 0.0 0.0 0.0 0.0 0.0 0.0 0.0 0.0 0.0 0.0 0.05249636141236364 0.0 0.0 0.0 0.0 0.0 0.0 0.35001288004949227 0.45463640714772174 0.514953963150446 0.3441575372946596 0.479977976404482 0.0 0.0 0.40984405227458803 0.0 0.0 0.0 0.0 0.0 0.0 0.44373932045117315 0.0 0.0 0.0 0.0
a96lt9onaw64r
israeli fighter jets started bombing gaza and begin launching missile attacks on the 27th of december
0.24987104111477426 0.0 0.0 0.0 0.0 0.37507605240941627 0.06212281498764324 0.34466774420960716 0.20369295773722423 0.1170629851484877 0.24336474551134893 0.0 0.33051668941840845 0.0 0.026655036989347083 0.0 0.0 0.0 0.0 0.0 0.0 0.0 0.0 0.0 0.0 0.05249636141236364 0.0 0.0 0.0 0.0 0.0 0.0 0.0 0.45463640714772174 0.514953963150446 0.0 0.0 0.0 0.0 0.40984405227458803 0.0 0.0 0.0 0.0 0.0 0.0 0.0 0.29163848573864504 0.43665627761948544 0.43446307013128105 0.0
a3be22a89fb8uj
israels fighter jets started bombarding gaza and launching missile attacks from the 27th of december
0.0 0.0 0.0 0.0 0.0 0.0 0.06626433598681945 0.367645593823581 0.2172724882530392 0.0 0.2595890618787722 0.0 0.35255113537963567 0.0 0.028432039455303555 0.0 0.0 0.0 0.0 0.0 0.0 0.0 0.0 0.0 0.0 0.05599611883985455 0.0 0.0 0.0 0.0 0.0 0.0 0.3733470720527918 0.4849455009575699 0.5492842273604757 0.0 0.5119765081647808 0.0 0.16085964262853594 0.4371669890928939 0.0 0.0 0.0 0.0 0.0 0.0 0.0 0.3110810514545547 0.0 0.46342727480669976 0.0
a2zhr3rebfem5a
the series of bombings of gaza by israeli war planes and missile strikes has been going on since the 27th of december
0.18172439353801764 0.0 0.0 0.0 0.0 0.0 0.04518022908192236 0.25066745033425974 0.0 0.08513671647162742 0.17699254219007196 0.2113101831412023 0.24037577412247887 0.0 0.03877096289359576 0.16501591991546405 0.0 0.13385014057894593 0.0 0.0 0.0 0.0 0.0 0.0 0.25141878224113295 0.1145375158087934 0.11342996642733855 0.26551673352767113 0.09330898263323743 0.0 0.3245750509881375 0.20250335347676698 0.0 0.0 0.0 0.0 0.0 0.0 0.0 0.29806840165424586 0.3048994108837612 0.0 0.0 0.0 0.0 0.0 0.0 0.0 0.0 0.0 0.0
a301gnfg8w711q
the series of bombings of gaza by israeli war planes and missile strikes has been going on since the 27th of december
0.18172439353801764 0.0 0.0 0.0 0.0 0.0 0.04518022908192236 0.25066745033425974 0.0 0.08513671647162742 0.17699254219007196 0.2113101831412023 0.24037577412247887 0.0 0.03877096289359576 0.16501591991546405 0.0 0.13385014057894593 0.0 0.0 0.0 0.0 0.0 0.0 0.25141878224113295 0.1145375158087934 0.11342996642733855 0.26551673352767113 0.09330898263323743 0.0 0.3245750509881375 0.20250335347676698 0.0 0.0 0.0 0.0 0.0 0.0 0.0 0.29806840165424586 0.3048994108837612 0.0 0.0 0.0 0.0 0.0 0.0 0.0 0.0 0.0 0.0
acjl95je4qgk4
the bombings of gaza by israeli war planes and missile strikes has been ongoing since the december 27th
0.22210759210202158 0.0 0.0 0.0 0.0 0.0 0.05522027998901621 0.30637132818631746 0.0 0.0 0.21632421823231016 0.25826800161702507 0.29379261281636304 0.0 0.04738673242550592 0.2016861243411227 0.0 0.16359461626315613 0.0 0.0 0.0 0.0 0.0 0.0 0.0 0.04666343236654546 0.13863662563341378 0.3245204520893758 0.1140443121072902 0.0 0.3967028400966125 0.0 0.0 0.0 0.0 0.0 0.0 0.0 0.0 0.36430582424407826 0.37265483552459705 0.0 0.0 0.0 0.0 0.0 0.0 0.0 0.0 0.0 0.3967028400966125
a2zhr3rebfem5a
bombing from israeli fighter planes on gaza has continued since the 27th of december
0.2855669041311706 0.0 0.0 0.3968950726635153 0.0 0.42865834561076144 0.0 0.0 0.0 0.1337862687411288 0.2781311377272559 0.3320588592218893 0.3777333593353239 0.0 0.030462899416396665 0.0 0.0 0.0 0.0 0.0 0.0 0.0 0.0 0.0 0.0 0.05999584161412987 0.0 0.4172405812577689 0.14662840128080168 0.0 0.0 0.0 0.0 0.519584465311682 0.0 0.0 0.0 0.0 0.17234961710200278 0.46839320259952916 0.0 0.0 0.0 0.0 0.0 0.0 0.0 0.0 0.0 0.0 0.0
a1ly3njtyw9tff
bombing from israeli fighter planes on gaza has continued since 27th of december
0.30753358906433753 0.0 0.0 0.4274254628684011 0.0 0.46163206450389693 0.0 0.0 0.0 0.1440775201827541 0.2995258406293525 0.3576018483928039 0.40678977159188734 0.0 0.0 0.0 0.0 0.0 0.0 0.0 0.0 0.0 0.0 0.0 0.0 0.06461090635367833 0.0 0.4493360105852896 0.1579075090716326 0.0 0.0 0.0 0.0 0.5595525011048883 0.0 0.0 0.0 0.0 0.185607279956003 0.5044234489533391 0.0 0.0 0.0 0.0 0.0 0.0 0.0 0.0 0.0 0.0 0.0
a2bk4fasw056jr
bombing from israeli fighter planes on gaza has continued since the 27th of december
0.2855669041311706 0.0 0.0 0.3968950726635153 0.0 0.42865834561076144 0.0 0.0 0.0 0.1337862687411288 0.2781311377272559 0.3320588592218893 0.3777333593353239 0.0 0.030462899416396665 0.0 0.0 0.0 0.0 0.0 0.0 0.0 0.0 0.0 0.0 0.05999584161412987 0.0 0.4172405812577689 0.14662840128080168 0.0 0.0 0.0 0.0 0.519584465311682 0.0 0.0 0.0 0.0 0.17234961710200278 0.46839320259952916 0.0 0.0 0.0 0.0 0.0 0.0 0.0 0.0 0.0 0.0 0.0
a14hqnh7cogdk2
israel has been bombarding gaza with air attacks and missiles since the 27th of december
0.0 0.0 0.0 0.0 0.0 0.0 0.06626433598681945 0.0 0.2172724882530392 0.0 0.2595890618787722 0.30992160194043006 0.35255113537963567 0.0 0.028432039455303555 0.0 0.0 0.19631353951578737 0.0 0.0 0.0 0.0 0.1566923634716169 0.43123715669179413 0.0 0.05599611883985455 0.0 0.0 0.13685317452874823 0.0 0.0 0.0 0.0 0.0 0.0 0.0 0.5119765081647808 0.0 0.0 0.4371669890928939 0.0 0.2238272604117869 0.3179752578127834 0.0 0.0 0.0 0.0 0.0 0.0 0.0 0.0
