brothers the end of murder innocent children is destruction murderer will eventually face my ultimate fate killers result killing only to killer consequence a disaster annihilation can lead for all faces dire consequences
brothers the end of the murder of innocent children is destruction
0.5385687088558666 0.07754192578719152 0.42911663573532693 0.15271668774505787 0.5492762575519013 0.4357501829959261 0.3949904854743372 0.11880141080314784 0.5075005912447705 0.0 0.0 0.0 0.0 0.0 0.0 0.0 0.0 0.0 0.0 0.0 0.0 0.0 0.0 0.0 0.0 0.0 0.0 0.0 0.0 0.0 0.0 0.0 0.0
brothers the murderer of innocent children will eventually face destruction
0.5924255797414533 0.042648059182955333 0.0 0.08399417825978182 0.0 0.4793252012955187 0.43448953402177093 0.0 0.5582506503692476 0.8372794803031658 0.2215513199801184 0.7753755594625434 0.4817446741542244 0.0 0.0 0.0 0.0 0.0 0.0 0.0 0.0 0.0 0.0 0.0 0.0 0.0 0.0 0.0 0.0 0.0 0.0 0.0 0.0
my brothers the ultimate end of the murderer of the innocent children is destruction
0.4231611283867523 0.09138869824919 0.3371630709348997 0.11999168322825975 0.0 0.3423751437825134 0.3103496671584078 0.09334396563104473 0.39875046454946256 0.5980567716451184 0.0 0.0 0.0 0.29131636477972866 0.687539840823359 0.0 0.0 0.0 0.0 0.0 0.0 0.0 0.0 0.0 0.0 0.0 0.0 0.0 0.0 0.0 0.0 0.0 0.0
brothers the fate of the killers of innocent children is destruction
0.5385687088558666 0.07754192578719152 0.0 0.15271668774505787 0.0 0.4357501829959261 0.3949904854743372 0.11880141080314784 0.5075005912447705 0.0 0.0 0.0 0.0 0.0 0.0 0.6981497838610647 0.7287381690084477 0.0 0.0 0.0 0.0 0.0 0.0 0.0 0.0 0.0 0.0 0.0 0.0 0.0 0.0 0.0 0.0
a3dd3acpmvdvca
brothers the end result of killing innocent children is destruction
0.5924255797414533 0.042648059182955333 0.47202829930885964 0.08399417825978182 0.0 0.4793252012955187 0.43448953402177093 0.13068155188346262 0.5582506503692476 0.0 0.0 0.0 0.0 0.0 0.0 0.0 0.0 0.5103769194477985 0.4966846818610904 0.0 0.0 0.0 0.0 0.0 0.0 0.0 0.0 0.0 0.0 0.0 0.0 0.0 0.0
a143bvgouf83je
brothers the only end to the killer of innocent children is destruction
0.4936879831178777 0.07108009863825888 0.3933569160907164 0.06999514854981818 0.0 0.3994376677462656 0.3620746116848091 0.10890129323621885 0.4652088753077063 0.0 0.0 0.0 0.0 0.0 0.0 0.0 0.0 0.0 0.0 0.28049802562184184 0.08998952580926338 0.6866052842005946 0.0 0.0 0.0 0.0 0.0 0.0 0.0 0.0 0.0 0.0 0.0
a1wyssw33m2fz2
brothers the consequence of a murderer of children is disaster
0.5924255797414533 0.042648059182955333 0.0 0.16798835651956365 0.0 0.0 0.43448953402177093 0.13068155188346262 0.0 0.8372794803031658 0.0 0.0 0.0 0.0 0.0 0.0 0.0 0.0 0.0 0.0 0.0 0.0 0.7610654750984761 0.14178833471717434 0.79208096792886 0.0 0.0 0.0 0.0 0.0 0.0 0.0 0.0
a132zmwemnnusa
brothers the fate of the murderer of innocent children is annihilation
0.5385687088558666 0.07754192578719152 0.0 0.15271668774505787 0.0 0.4357501829959261 0.3949904854743372 0.11880141080314784 0.0 0.7611631639119689 0.0 0.0 0.0 0.0 0.0 0.6981497838610647 0.0 0.0 0.0 0.0 0.0 0.0 0.0 0.0 0.0 0.8750507065024569 0.0 0.0 0.0 0.0 0.0 0.0 0.0
a291u81kgj6l9n
the end result of killing innocent children is destruction
0.0 0.04738673242550592 0.5244758881209551 0.09332686473309092 0.0 0.5325835569950208 0.4827661489130788 0.14520172431495848 0.6202785004102751 0.0 0.0 0.0 0.0 0.0 0.0 0.0 0.0 0.5670854660531095 0.5518718687345449 0.0 0.0 0.0 0.0 0.0 0.0 0.0 0.0 0.0 0.0 0.0 0.0 0.0 0.0
a2rcbwy8ulhnj0
brothers the end result of killing innocent children is destruction
0.5924255797414533 0.042648059182955333 0.47202829930885964 0.08399417825978182 0.0 0.4793252012955187 0.43448953402177093 0.13068155188346262 0.5582506503692476 0.0 0.0 0.0 0.0 0.0 0.0 0.0 0.0 0.5103769194477985 0.4966846818610904 0.0 0.0 0.0 0.0 0.0 0.0 0.0 0.0 0.0 0.0 0.0 0.0 0.0 0.0
al2rcq9eyun61
brothers killing innocent children can only lead to destruction
0.6582506441571703 0.0 0.0 0.0 0.0 0.5325835569950208 0.4827661489130788 0.0 0.6202785004102751 0.0 0.0 0.0 0.0 0.0 0.0 0.0 0.0 0.0 0.5518718687345449 0.37399736749578916 0.11998603441235117 0.0 0.0 0.0 0.0 0.0 0.3501852305749723 0.74835400151454 0.0 0.0 0.0 0.0 0.0
a291u81kgj6l9n
the only end to the killer of innocent children is destruction
0.0 0.07754192578719152 0.42911663573532693 0.07635834387252893 0.0 0.4357501829959261 0.3949904854743372 0.11880141080314784 0.5075005912447705 0.0 0.0 0.0 0.0 0.0 0.0 0.0 0.0 0.0 0.0 0.3059978461329184 0.09817039179192368 0.7490239464006486 0.0 0.0 0.0 0.0 0.0 0.0 0.0 0.0 0.0 0.0 0.0
a10yfd611ru2il
for all my brothers the only end to the killer of innocent children is destruction
0.39495038649430214 0.05686407891060711 0.3146855328725731 0.05599611883985455 0.0 0.31955013419701245 0.2896596893478473 0.08712103458897508 0.37216710024616506 0.0 0.0 0.0 0.0 0.2718952737944134 0.0 0.0 0.0 0.0 0.0 0.2243984204974735 0.0719916206474107 0.5492842273604757 0.0 0.0 0.0 0.0 0.0 0.0 0.12871397994282768 0.20954768256418324 0.0 0.0 0.0
a2eldzaxlm8quo
brothers the killer of innocent children only faces destruction
0.6582506441571703 0.04738673242550592 0.0 0.09332686473309092 0.0 0.5325835569950208 0.4827661489130788 0.0 0.6202785004102751 0.0 0.0 0.0 0.0 0.0 0.0 0.0 0.0 0.0 0.0 0.37399736749578916 0.0 0.9154737122674594 0.0 0.0 0.0 0.0 0.0 0.0 0.0 0.0 0.7312261482004003 0.0 0.0
au2ar4vob7vlv
brothers the consequence of a murder of children is disaster
0.5924255797414533 0.042648059182955333 0.0 0.16798835651956365 0.6042038833070915 0.0 0.43448953402177093 0.13068155188346262 0.0 0.0 0.0 0.0 0.0 0.0 0.0 0.0 0.0 0.0 0.0 0.0 0.0 0.0 0.7610654750984761 0.14178833471717434 0.79208096792886 0.0 0.0 0.0 0.0 0.0 0.0 0.0 0.0
a330jjzgjl7ig2
brothers a murderer of children faces dire consequences
0.7405319746768165 0.0 0.0 0.10499272282472728 0.0 0.0 0.5431119175272137 0.0 0.0 1.0465993503789572 0.0 0.0 0.0 0.0 0.0 0.0 0.0 0.0 0.0 0.0 0.0 0.0 0.0 0.17723541839646792 0.0 0.0 0.0 0.0 0.0 0.0 0.8226294167254503 1.1525115829273576 0.990101209911075
a291u81kgj6l9n
the consequence of a murderer of children is disaster
0.0 0.04738673242550592 0.0 0.18665372946618183 0.0 0.0 0.4827661489130788 0.14520172431495848 0.0 0.9303105336701842 0.0 0.0 0.0 0.0 0.0 0.0 0.0 0.0 0.0 0.0 0.0 0.0 0.8456283056649734 0.1575425941301937 0.8800899643654 0.0 0.0 0.0 0.0 0.0 0.0 0.0 0.0
a3ohqrf1mdq99b
brothers the fate of the murderer of innocent children is annihilation
0.5385687088558666 0.07754192578719152 0.0 0.15271668774505787 0.0 0.4357501829959261 0.3949904854743372 0.11880141080314784 0.0 0.7611631639119689 0.0 0.0 0.0 0.0 0.0 0.6981497838610647 0.0 0.0 0.0 0.0 0.0 0.0 0.0 0.0 0.0 0.8750507065024569 0.0 0.0 0.0 0.0 0.0 0.0 0.0
