what do you expect after so much provincialism and sectarianism looking at the extent of fundamentalism mullahism can regionalism communalism mullaism with factionism infiltration else such vandalism internal segregation rivalry in country other outcome many different factions faced division this to be expected because widespread practices could one hostile displays nationalism
what do you expect after so much provincialism and sectarianism
0.3082365609332627 0.3237837055396189 0.3187806121790624 0.6386879319362645 0.29837230732151565 0.35342478894493273 0.48633838367292687 0.7679647622471711 0.09939650398022919 0.7374265972920531 0.0 0.0 0.0 0.0 0.0 0.0 0.0 0.0 0.0 0.0 0.0 0.0 0.0 0.0 0.0 0.0 0.0 0.0 0.0 0.0 0.0 0.0 0.0 0.0 0.0 0.0 0.0 0.0 0.0 0.0 0.0 0.0 0.0 0.0 0.0 0.0 0.0 0.0 0.0 0.0 0.0
what do you expect after looking at the extent of provincialism sectarianism and fundamentalism
0.22016897209518763 0.23127407538544206 0.22770043727075887 0.45620566566876036 0.21312307665822547 0.0 0.0 0.5485462587479794 0.07099750284302085 0.5267332837800379 0.4548186595361102 0.22125713242174821 0.030462899416396665 0.44111215897824557 0.05999584161412987 0.5657721199491857 0.0 0.0 0.0 0.0 0.0 0.0 0.0 0.0 0.0 0.0 0.0 0.0 0.0 0.0 0.0 0.0 0.0 0.0 0.0 0.0 0.0 0.0 0.0 0.0 0.0 0.0 0.0 0.0 0.0 0.0 0.0 0.0 0.0 0.0 0.0
what do you expect after so much provincialism sectarianism and mullahism
0.28021505539387515 0.29434882321783534 0.28980055652642034 0.5806253926693313 0.27124755211046875 0.3212952626772116 0.44212580333902446 0.6981497838610647 0.09036045816384472 0.6703878157200482 0.0 0.0 0.0 0.0 0.0 0.0 0.7751768620780832 0.0 0.0 0.0 0.0 0.0 0.0 0.0 0.0 0.0 0.0 0.0 0.0 0.0 0.0 0.0 0.0 0.0 0.0 0.0 0.0 0.0 0.0 0.0 0.0 0.0 0.0 0.0 0.0 0.0 0.0 0.0 0.0 0.0 0.0
what can you expect after so much regionalism communalism and mullaism
0.28021505539387515 0.0 0.28980055652642034 0.5806253926693313 0.27124755211046875 0.3212952626772116 0.44212580333902446 0.0 0.09036045816384472 0.0 0.0 0.0 0.0 0.0 0.0 0.0 0.0 0.28651518865225006 0.6753030176537096 0.7383163977046138 0.7048868722386759 0.0 0.0 0.0 0.0 0.0 0.0 0.0 0.0 0.0 0.0 0.0 0.0 0.0 0.0 0.0 0.0 0.0 0.0 0.0 0.0 0.0 0.0 0.0 0.0 0.0 0.0 0.0 0.0 0.0 0.0
a3dd3acpmvdvca
with so much regionalism factionism and infiltration what else can you expect
0.2568638007777189 0.0 0.26565051014921864 0.5322399432802204 0.0 0.2945206574541106 0.40528198639410573 0.0 0.08283041998352432 0.0 0.0 0.0 0.0 0.0 0.0 0.0 0.0 0.2626389229312292 0.6190277661825672 0.0 0.0 0.19586545433952116 0.7257722533044059 0.5916524272682309 0.48040233837386914 0.0 0.0 0.0 0.0 0.0 0.0 0.0 0.0 0.0 0.0 0.0 0.0 0.0 0.0 0.0 0.0 0.0 0.0 0.0 0.0 0.0 0.0 0.0 0.0 0.0 0.0
a143bvgouf83je
what do you expect after so much provincialism sectarianism and mullaism
0.28021505539387515 0.29434882321783534 0.28980055652642034 0.5806253926693313 0.27124755211046875 0.3212952626772116 0.44212580333902446 0.6981497838610647 0.09036045816384472 0.6703878157200482 0.0 0.0 0.0 0.0 0.0 0.0 0.0 0.0 0.0 0.0 0.7048868722386759 0.0 0.0 0.0 0.0 0.0 0.0 0.0 0.0 0.0 0.0 0.0 0.0 0.0 0.0 0.0 0.0 0.0 0.0 0.0 0.0 0.0 0.0 0.0 0.0 0.0 0.0 0.0 0.0 0.0 0.0
a4x4g5ttibjer
what do you expect after such regionalism communalism and vandalism
0.3082365609332627 0.3237837055396189 0.3187806121790624 0.6386879319362645 0.29837230732151565 0.0 0.0 0.0 0.09939650398022919 0.0 0.0 0.0 0.0 0.0 0.0 0.0 0.0 0.0 0.7428333194190806 0.8121480374750751 0.0 0.0 0.0 0.0 0.0 0.39419780041883434 0.8239263410407135 0.0 0.0 0.0 0.0 0.0 0.0 0.0 0.0 0.0 0.0 0.0 0.0 0.0 0.0 0.0 0.0 0.0 0.0 0.0 0.0 0.0 0.0 0.0 0.0
a3u16uhguaktzs
what can you expect after so much internal segregation and rivalry
0.28021505539387515 0.0 0.28980055652642034 0.5806253926693313 0.27124755211046875 0.3212952626772116 0.44212580333902446 0.0 0.09036045816384472 0.0 0.0 0.0 0.0 0.0 0.0 0.0 0.0 0.28651518865225006 0.0 0.0 0.0 0.0 0.0 0.0 0.0 0.0 0.0 0.5480223191762345 0.8120373264515528 0.8120373264515528 0.0 0.0 0.0 0.0 0.0 0.0 0.0 0.0 0.0 0.0 0.0 0.0 0.0 0.0 0.0 0.0 0.0 0.0 0.0 0.0 0.0
a2eldzaxlm8quo
with so much regionalism factionism and infiltration in the country what other outcome can you expect
0.19264785058328918 0.0 0.199237882611914 0.3991799574601653 0.0 0.22089049309058295 0.3039614897955793 0.0 0.06212281498764324 0.0 0.0 0.0 0.026655036989347083 0.0 0.0 0.0 0.0 0.19697919219842192 0.46427082463692537 0.0 0.0 0.14689909075464086 0.5443291899783044 0.44373932045117315 0.0 0.0 0.0 0.0 0.0 0.0 0.06436441890354257 0.2441804177735671 0.20866431322032547 0.4950506049555375 0.0 0.0 0.0 0.0 0.0 0.0 0.0 0.0 0.0 0.0 0.0 0.0 0.0 0.0 0.0 0.0 0.0
a3qu3km3iywhif
with so much regionalism so many different factions and infiltration what else can you expect
0.20549104062217513 0.0 0.21252040811937492 0.42579195462417635 0.0 0.47123305192657694 0.3242255891152846 0.0 0.06626433598681945 0.0 0.0 0.0 0.0 0.0 0.0 0.0 0.0 0.21011113834498338 0.49522221294605373 0.0 0.0 0.1566923634716169 0.0 0.4733219418145847 0.3843218706990953 0.0 0.0 0.0 0.0 0.0 0.0 0.0 0.0 0.0 0.26200956976942275 0.3463160648455808 0.5414320249833834 0.0 0.0 0.0 0.0 0.0 0.0 0.0 0.0 0.0 0.0 0.0 0.0 0.0 0.0
a1qabqi4s90bfu
faced with so much division regionalism and infiltration what else can you expect
0.23710504687174053 0.0 0.2452158555223557 0.49129840918174195 0.0 0.2718652222653329 0.3741064489791745 0.0 0.07645884921556091 0.0 0.0 0.0 0.0 0.0 0.0 0.0 0.0 0.2424359288595962 0.5714102457069851 0.0 0.0 0.18079888092878876 0.0 0.5461407020937515 0.44344831234510995 0.0 0.0 0.0 0.0 0.0 0.0 0.0 0.0 0.0 0.0 0.0 0.0 0.47383245144056146 0.5431237241588838 0.0 0.0 0.0 0.0 0.0 0.0 0.0 0.0 0.0 0.0 0.0 0.0
ay9joh7iihjwe
what do you expect after so much provincialism sectarianism and mullaism
0.28021505539387515 0.29434882321783534 0.28980055652642034 0.5806253926693313 0.27124755211046875 0.3212952626772116 0.44212580333902446 0.6981497838610647 0.09036045816384472 0.6703878157200482 0.0 0.0 0.0 0.0 0.0 0.0 0.0 0.0 0.0 0.0 0.7048868722386759 0.0 0.0 0.0 0.0 0.0 0.0 0.0 0.0 0.0 0.0 0.0 0.0 0.0 0.0 0.0 0.0 0.0 0.0 0.0 0.0 0.0 0.0 0.0 0.0 0.0 0.0 0.0 0.0 0.0 0.0
a2gg12ou3ao26n
this to be expected because of the widespread practices of provincialism sectarianism and mullaism
0.0 0.0 0.0 0.0 0.0 0.0 0.0 0.5485462587479794 0.07099750284302085 0.5267332837800379 0.0 0.0 0.030462899416396665 0.0 0.11999168322825975 0.0 0.0 0.0 0.0 0.0 0.5538396853303882 0.0 0.0 0.0 0.0 0.0 0.0 0.0 0.0 0.0 0.0 0.0 0.0 0.0 0.0 0.0 0.0 0.0 0.0 0.12239292023914428 0.07713387926508289 0.1533444961399393 0.3596786588106416 0.2800078583965545 0.6090675344899225 0.6585780473870615 0.0 0.0 0.0 0.0 0.0
a1lcle8gy2eo0v
what do you expect after so much provincialism sectarianism and mullaism what could one expect after so much provincialism sectarianism and mullaism
0.28021505539387515 0.14717441160891767 0.14490027826321017 0.5806253926693313 0.27124755211046875 0.3212952626772116 0.44212580333902446 0.6981497838610647 0.09036045816384472 0.6703878157200482 0.0 0.0 0.0 0.0 0.0 0.0 0.0 0.0 0.0 0.0 0.7048868722386759 0.0 0.0 0.0 0.0 0.0 0.0 0.0 0.0 0.0 0.0 0.0 0.0 0.0 0.0 0.0 0.0 0.0 0.0 0.0 0.0 0.0 0.0 0.0 0.0 0.0 0.19601599056751082 0.13322707786390592 0.0 0.0 0.0
a330jjzgjl7ig2
what do you expect after such regionalism communalism and vandalism
0.3082365609332627 0.3237837055396189 0.3187806121790624 0.6386879319362645 0.29837230732151565 0.0 0.0 0.0 0.09939650398022919 0.0 0.0 0.0 0.0 0.0 0.0 0.0 0.0 0.0 0.7428333194190806 0.8121480374750751 0.0 0.0 0.0 0.0 0.0 0.39419780041883434 0.8239263410407135 0.0 0.0 0.0 0.0 0.0 0.0 0.0 0.0 0.0 0.0 0.0 0.0 0.0 0.0 0.0 0.0 0.0 0.0 0.0 0.0 0.0 0.0 0.0 0.0
a2sb2bw2w4t4ww
what do you expect after such hostile displays of nationalism regionalism and vandalism
0.23710504687174053 0.2490643888766299 0.2452158555223557 0.49129840918174195 0.22951715947808896 0.0 0.0 0.0 0.07645884921556091 0.0 0.0 0.0 0.0 0.0 0.06461090635367833 0.0 0.0 0.0 0.5714102457069851 0.0 0.0 0.0 0.0 0.0 0.0 0.3032290772452572 0.6337894931082412 0.0 0.0 0.0 0.0 0.0 0.0 0.0 0.0 0.0 0.0 0.0 0.0 0.0 0.0 0.0 0.0 0.0 0.0 0.0 0.0 0.0 0.6699436184348362 0.7937465347759208 0.6871085069974677
a3uewlcbe68lil
what else could be expected after such regionalism communalism and vandalism
0.28021505539387515 0.0 0.0 0.0 0.27124755211046875 0.0 0.0 0.0 0.09036045816384472 0.0 0.0 0.0 0.0 0.0 0.0 0.0 0.0 0.0 0.6753030176537096 0.7383163977046138 0.0 0.0 0.0 0.0 0.524075278226039 0.35836163674439486 0.7490239464006486 0.0 0.0 0.0 0.0 0.0 0.0 0.0 0.0 0.0 0.0 0.0 0.0 0.0 0.0 0.19516572235992277 0.4577728384862711 0.0 0.0 0.0 0.39203198113502163 0.0 0.0 0.0 0.0
a1aklmhymfgmc2
what can you expect after so much internal segregation and rivalry
0.28021505539387515 0.0 0.28980055652642034 0.5806253926693313 0.27124755211046875 0.3212952626772116 0.44212580333902446 0.0 0.09036045816384472 0.0 0.0 0.0 0.0 0.0 0.0 0.0 0.0 0.28651518865225006 0.0 0.0 0.0 0.0 0.0 0.0 0.0 0.0 0.0 0.5480223191762345 0.8120373264515528 0.8120373264515528 0.0 0.0 0.0 0.0 0.0 0.0 0.0 0.0 0.0 0.0 0.0 0.0 0.0 0.0 0.0 0.0 0.0 0.0 0.0 0.0 0.0
