what direction will pakindia relations take be the of in move indianpakistani indopak relation shape pakistan and india relationship adopt turn between indo pak position indopakistani become pakistanindia
what direction will pakindia relations take
0.5137276015554378 1.12253100227181 0.36925219996686404 1.2380555323651343 0.7988753354925312 0.6433944447903635 0.0 0.0 0.0 0.0 0.0 0.0 0.0 0.0 0.0 0.0 0.0 0.0 0.0 0.0 0.0 0.0 0.0 0.0 0.0 0.0 0.0 0.0
what will be the direction of pakindia relations
0.38529570116657835 0.8418982517038576 0.276939149975148 0.9285416492738507 0.5991565016193984 0.0 0.2683528682448938 0.05331007397869417 0.10499272282472728 0.0 0.0 0.0 0.0 0.0 0.0 0.0 0.0 0.0 0.0 0.0 0.0 0.0 0.0 0.0 0.0 0.0 0.0 0.0
in what direction will pakindia relations move
0.44033794419037525 0.9621694305186944 0.31650188568588344 1.0611904563129724 0.6847502875650268 0.0 0.0 0.0 0.0 0.14711867177952587 0.9181263791394777 0.0 0.0 0.0 0.0 0.0 0.0 0.0 0.0 0.0 0.0 0.0 0.0 0.0 0.0 0.0 0.0 0.0
what direction will indianpakistani relations take
0.5137276015554378 1.12253100227181 0.36925219996686404 0.0 0.7988753354925312 0.6433944447903635 0.0 0.0 0.0 0.0 0.0 1.6042596285878377 0.0 0.0 0.0 0.0 0.0 0.0 0.0 0.0 0.0 0.0 0.0 0.0 0.0 0.0 0.0 0.0
a143bvgouf83je
what direction will the indopak relation take
0.44033794419037525 0.9621694305186944 0.31650188568588344 0.0 0.0 0.5514809526774543 0.0 0.06092579883279333 0.0 0.0 0.0 0.0 1.0534665675600758 0.9152402780941179 0.0 0.0 0.0 0.0 0.0 0.0 0.0 0.0 0.0 0.0 0.0 0.0 0.0 0.0
a3sw1e5d0b9v9a
what shape pakistan and india relationship will adopt
0.38529570116657835 0.0 0.276939149975148 0.0 0.0 0.0 0.0 0.0 0.0 0.0 0.0 0.0 0.0 0.0 1.0658681853573644 0.2947104357754501 0.12424562997528649 0.3766895920867417 0.7011468438468296 0.8112579444497344 0.0 0.0 0.0 0.0 0.0 0.0 0.0 0.0
a2xknsbfsj3hso
what turn will the indopak relations take
0.44033794419037525 0.0 0.31650188568588344 0.0 0.6847502875650268 0.5514809526774543 0.0 0.06092579883279333 0.0 0.0 0.0 0.0 1.0534665675600758 0.0 0.0 0.0 0.0 0.0 0.0 0.0 0.9367864051990583 0.0 0.0 0.0 0.0 0.0 0.0 0.0
a2i57ww1b3evwx
what will be the relations between indo pak
0.38529570116657835 0.0 0.276939149975148 0.0 0.5991565016193984 0.0 0.2683528682448938 0.05331007397869417 0.0 0.0 0.0 0.0 0.0 0.0 0.0 0.0 0.0 0.0 0.0 0.0 0.0 0.4953246614238849 0.9792247877873713 0.8490430534338511 0.0 0.0 0.0 0.0
a2bk4fasw056jr
what direction will indopak relations take
0.5137276015554378 1.12253100227181 0.36925219996686404 0.0 0.7988753354925312 0.6433944447903635 0.0 0.0 0.0 0.0 0.0 0.0 1.2290443288200883 0.0 0.0 0.0 0.0 0.0 0.0 0.0 0.0 0.0 0.0 0.0 0.0 0.0 0.0 0.0
a2m2x4nfhzuqky
what position will the indopak relation take
0.44033794419037525 0.0 0.31650188568588344 0.0 0.0 0.5514809526774543 0.0 0.06092579883279333 0.0 0.0 0.0 0.0 1.0534665675600758 0.9152402780941179 0.0 0.0 0.0 0.0 0.0 0.0 0.0 0.0 0.0 0.0 0.7866457995306505 0.0 0.0 0.0
a2eldzaxlm8quo
what direction will the indopakistani relationship take
0.44033794419037525 0.9621694305186944 0.31650188568588344 0.0 0.0 0.5514809526774543 0.0 0.06092579883279333 0.0 0.0 0.0 0.0 0.0 0.0 0.0 0.0 0.0 0.0 0.8013106786820909 0.0 0.0 0.0 0.0 0.0 0.0 1.27605865585244 0.0 0.0
a28p76cwxeubye
what will become of the relationship between pakistan and india
0.3082365609332627 0.0 0.2215513199801184 0.0 0.0 0.0 0.0 0.042648059182955333 0.08399417825978182 0.0 0.0 0.0 0.0 0.0 0.0 0.23576834862036006 0.09939650398022919 0.30135167366939336 0.5609174750774637 0.0 0.0 0.39625972913910795 0.0 0.0 0.0 0.0 0.42139117196719855 0.0
aamtsedqycrki
what shape will the pakistan and india relationship become
0.3424850677036252 0.0 0.24616813331124268 0.0 0.0 0.0 0.0 0.04738673242550592 0.0 0.0 0.0 0.0 0.0 0.0 0.9474383869843239 0.2619648318004001 0.11044055997803243 0.3348351929659926 0.6232416389749597 0.0 0.0 0.0 0.0 0.0 0.0 0.0 0.4682124132968873 0.0
a6tw9zegog7ph
what shape will the pakistanindia relationship adopt
0.44033794419037525 0.0 0.31650188568588344 0.0 0.0 0.0 0.0 0.06092579883279333 0.0 0.0 0.0 0.0 0.0 0.0 1.218135068979845 0.0 0.0 0.0 0.8013106786820909 0.9271519365139822 0.0 0.0 0.0 0.0 0.0 0.0 0.0 1.375079681646718
a19b522xqflysa
what turn will the indopak relations take
0.44033794419037525 0.0 0.31650188568588344 0.0 0.6847502875650268 0.5514809526774543 0.0 0.06092579883279333 0.0 0.0 0.0 0.0 1.0534665675600758 0.0 0.0 0.0 0.0 0.0 0.0 0.0 0.9367864051990583 0.0 0.0 0.0 0.0 0.0 0.0 0.0
a1t89pp77tkbc7
what turn will the indopakistani relations take
0.44033794419037525 0.0 0.31650188568588344 0.0 0.6847502875650268 0.5514809526774543 0.0 0.06092579883279333 0.0 0.0 0.0 0.0 0.0 0.0 0.0 0.0 0.0 0.0 0.0 0.0 0.9367864051990583 0.0 0.0 0.0 0.0 1.27605865585244 0.0 0.0
a37rlacsw4br2k
what turn will the indopakistani relations take
0.44033794419037525 0.0 0.31650188568588344 0.0 0.6847502875650268 0.5514809526774543 0.0 0.06092579883279333 0.0 0.0 0.0 0.0 0.0 0.0 0.0 0.0 0.0 0.0 0.0 0.0 0.9367864051990583 0.0 0.0 0.0 0.0 1.27605865585244 0.0 0.0
a31ocn4mnhuq6w
what will be the relations between indo pak what will be the relations between indo and pak
0.3626312481567796 0.0 0.26064861174131576 0.0 0.5639120015241397 0.0 0.2525674054069589 0.0501741872740651 0.0 0.0 0.0 0.0 0.0 0.0 0.0 0.0 0.058468531753075995 0.0 0.0 0.0 0.0 0.46618791663424464 0.9216233296822318 0.7990993444083304 0.0 0.0 0.0 0.0
