if she could wouldnt even let him do it after her death this were within control would not have allowed husband to marry and in power wont is possible they allow their its will so dies has the potency try stop from doing you die had of that
if she could she wouldnt even let him do it after her death
0.23222366040990844 0.6367212766822151 0.3317193686527106 0.6440611386947429 0.2815918389397094 0.38170143672422757 0.2864839609490148 0.2490643888766299 0.15578118746358657 0.22951715947808896 0.28959781138931995 0.36309869177604587 0.0 0.0 0.0 0.0 0.0 0.0 0.0 0.0 0.0 0.0 0.0 0.0 0.0 0.0 0.0 0.0 0.0 0.0 0.0 0.0 0.0 0.0 0.0 0.0 0.0 0.0 0.0 0.0 0.0 0.0 0.0 0.0 0.0 0.0 0.0 0.0
if this were within her control she would not have allowed her husband to marry even after her death
0.15888987291204262 0.2178256999175999 0.0 0.0 0.1926681003271696 0.0 0.0 0.0 0.0 0.15703805648500824 0.5944376128517621 0.24843594700466295 0.09018425701831684 0.15534883643189257 0.28610015944739997 0.2614129904532055 0.1820573709701457 0.11266460464407177 0.12041947515728575 0.3331432055538261 0.2991566296767018 0.05683548998479792 0.40809239971712813 0.0 0.0 0.0 0.0 0.0 0.0 0.0 0.0 0.0 0.0 0.0 0.0 0.0 0.0 0.0 0.0 0.0 0.0 0.0 0.0 0.0 0.0 0.0 0.0 0.0
and if it were in her power she wont let him marry even after her death
0.18868172408305062 0.2586680186521499 0.0 0.0 0.2287933691385139 0.3101324173384349 0.23276821827107452 0.0 0.12657221481416409 0.18648269207594728 0.47059644350764496 0.29501768706803727 0.0 0.18447674326287242 0.0 0.0 0.0 0.0 0.0 0.0 0.0 0.0 0.48460972466408964 0.06212281498764324 0.06436441890354257 0.2830465488243573 0.41594645662233276 0.0 0.0 0.0 0.0 0.0 0.0 0.0 0.0 0.0 0.0 0.0 0.0 0.0 0.0 0.0 0.0 0.0 0.0 0.0 0.0 0.0
if it is possible they would not allow to do it even after their death
0.20126050568858733 0.0 0.0 0.0 0.24404626041441482 0.0 0.0 0.21585580369307925 0.2700207249368834 0.1989148715476771 0.0 0.3146855328725731 0.0 0.0 0.0 0.0 0.23060600322885125 0.14270849921582424 0.0 0.0 0.0 0.0719916206474107 0.0 0.0 0.0 0.0 0.0 0.08712103458897508 0.3225377352496653 0.17224725053761264 0.40097599059218675 0.19848140664825398 0.0 0.0 0.0 0.0 0.0 0.0 0.0 0.0 0.0 0.0 0.0 0.0 0.0 0.0 0.0 0.0
a1wyssw33m2fz2
if its in her power she will not let him do so even after she dies
0.18868172408305062 0.5173360373042998 0.0 0.0 0.2287933691385139 0.3101324173384349 0.23276821827107452 0.2023648159622618 0.0 0.18648269207594728 0.23529822175382248 0.0 0.0 0.0 0.0 0.0 0.0 0.13378921801483523 0.0 0.0 0.0 0.0 0.0 0.0 0.06436441890354257 0.2830465488243573 0.0 0.0 0.0 0.0 0.0 0.0 0.20711393514838192 0.138469574987574 0.22089049309058295 0.4056289722248672 0.0 0.0 0.0 0.0 0.0 0.0 0.0 0.0 0.0 0.0 0.0 0.0
ayowrg5s0py3f
if she has the potency she will try even after her death
0.25157563211073414 0.6897813830723997 0.0 0.0 0.3050578255180185 0.0 0.0 0.0 0.0 0.24864358943459638 0.31373096233842995 0.3933569160907164 0.0 0.0 0.0 0.0 0.0 0.0 0.0 0.0 0.0 0.0 0.0 0.0 0.0 0.0 0.0 0.0 0.0 0.0 0.0 0.0 0.0 0.18462609998343202 0.0 0.0 0.1710664681609353 0.03554004931912944 0.768341055284905 0.45299191912505 0.0 0.0 0.0 0.0 0.0 0.0 0.0 0.0
a3dd3acpmvdvca
if possible stop him from doing so even after you die
0.2744461441208009 0.0 0.0 0.0 0.33279035511056565 0.0 0.33857195384883565 0.0 0.0 0.27124755211046875 0.0 0.0 0.0 0.0 0.0 0.0 0.0 0.0 0.0 0.0 0.0 0.0 0.0 0.0 0.0 0.0 0.0 0.0 0.43982418443136173 0.0 0.0 0.0 0.0 0.0 0.3212952626772116 0.0 0.0 0.0 0.0 0.0 0.41893435770110005 0.21935405812982173 0.42230742590140713 0.28980055652642034 0.5544724769918967 0.0 0.0 0.0
a8v7wa74iohz9
if she had the power she wont allow him of this even after her death
0.20126050568858733 0.5518251064579197 0.0 0.0 0.24404626041441482 0.0 0.24828609948914615 0.0 0.0 0.1989148715476771 0.250984769870744 0.3146855328725731 0.11423339222320132 0.0 0.0 0.0 0.0 0.0 0.0 0.0 0.0 0.0 0.0 0.0 0.0 0.3019163187459811 0.44367622039715493 0.0 0.0 0.0 0.40097599059218675 0.0 0.0 0.0 0.0 0.0 0.0 0.028432039455303555 0.0 0.0 0.0 0.0 0.0 0.0 0.0 0.230746059302772 0.05599611883985455 0.0
a1wgq344wqriu5
if its in her power she will not let him do that even after she dies
0.18868172408305062 0.5173360373042998 0.0 0.0 0.2287933691385139 0.3101324173384349 0.23276821827107452 0.2023648159622618 0.0 0.18648269207594728 0.23529822175382248 0.0 0.0 0.0 0.0 0.0 0.0 0.13378921801483523 0.0 0.0 0.0 0.0 0.0 0.0 0.06436441890354257 0.2830465488243573 0.0 0.0 0.0 0.0 0.0 0.0 0.20711393514838192 0.138469574987574 0.0 0.4056289722248672 0.0 0.0 0.0 0.0 0.0 0.0 0.0 0.0 0.0 0.0 0.0 0.07550465151623749
a3qu3km3iywhif
if its in her power she will not let him do so even after she dies
0.18868172408305062 0.5173360373042998 0.0 0.0 0.2287933691385139 0.3101324173384349 0.23276821827107452 0.2023648159622618 0.0 0.18648269207594728 0.23529822175382248 0.0 0.0 0.0 0.0 0.0 0.0 0.13378921801483523 0.0 0.0 0.0 0.0 0.0 0.0 0.06436441890354257 0.2830465488243573 0.0 0.0 0.0 0.0 0.0 0.0 0.20711393514838192 0.138469574987574 0.22089049309058295 0.4056289722248672 0.0 0.0 0.0 0.0 0.0 0.0 0.0 0.0 0.0 0.0 0.0 0.0
a291u81kgj6l9n
if its in her power she will not let him do so even after she dies
0.18868172408305062 0.5173360373042998 0.0 0.0 0.2287933691385139 0.3101324173384349 0.23276821827107452 0.2023648159622618 0.0 0.18648269207594728 0.23529822175382248 0.0 0.0 0.0 0.0 0.0 0.0 0.13378921801483523 0.0 0.0 0.0 0.0 0.0 0.0 0.06436441890354257 0.2830465488243573 0.0 0.0 0.0 0.0 0.0 0.0 0.20711393514838192 0.138469574987574 0.22089049309058295 0.4056289722248672 0.0 0.0 0.0 0.0 0.0 0.0 0.0 0.0 0.0 0.0 0.0 0.0
a3pcyk6q2le72a
if she has the potency she will try even after her death
0.25157563211073414 0.6897813830723997 0.0 0.0 0.3050578255180185 0.0 0.0 0.0 0.0 0.24864358943459638 0.31373096233842995 0.3933569160907164 0.0 0.0 0.0 0.0 0.0 0.0 0.0 0.0 0.0 0.0 0.0 0.0 0.0 0.0 0.0 0.0 0.0 0.0 0.0 0.0 0.0 0.18462609998343202 0.0 0.0 0.1710664681609353 0.03554004931912944 0.768341055284905 0.45299191912505 0.0 0.0 0.0 0.0 0.0 0.0 0.0 0.0
a6tw9zegog7ph
if she has the potency she will try even after her death
0.25157563211073414 0.6897813830723997 0.0 0.0 0.3050578255180185 0.0 0.0 0.0 0.0 0.24864358943459638 0.31373096233842995 0.3933569160907164 0.0 0.0 0.0 0.0 0.0 0.0 0.0 0.0 0.0 0.0 0.0 0.0 0.0 0.0 0.0 0.0 0.0 0.0 0.0 0.0 0.0 0.18462609998343202 0.0 0.0 0.1710664681609353 0.03554004931912944 0.768341055284905 0.45299191912505 0.0 0.0 0.0 0.0 0.0 0.0 0.0 0.0
aclg2ttpdpj36
if she has the power she will try even after her death
0.25157563211073414 0.6897813830723997 0.0 0.0 0.3050578255180185 0.0 0.0 0.0 0.0 0.24864358943459638 0.31373096233842995 0.3933569160907164 0.0 0.0 0.0 0.0 0.0 0.0 0.0 0.0 0.0 0.0 0.0 0.0 0.0 0.37739539843247644 0.0 0.0 0.0 0.0 0.0 0.0 0.0 0.18462609998343202 0.0 0.0 0.1710664681609353 0.03554004931912944 0.0 0.45299191912505 0.0 0.0 0.0 0.0 0.0 0.0 0.0 0.0
a2unp2crnrfiw8
if possible stop him from doing so even after you die
0.2744461441208009 0.0 0.0 0.0 0.33279035511056565 0.0 0.33857195384883565 0.0 0.0 0.27124755211046875 0.0 0.0 0.0 0.0 0.0 0.0 0.0 0.0 0.0 0.0 0.0 0.0 0.0 0.0 0.0 0.0 0.0 0.0 0.43982418443136173 0.0 0.0 0.0 0.0 0.0 0.3212952626772116 0.0 0.0 0.0 0.0 0.0 0.41893435770110005 0.21935405812982173 0.42230742590140713 0.28980055652642034 0.5544724769918967 0.0 0.0 0.0
a3lhs82826iskx
if possible stop him from doing so even after you die
0.2744461441208009 0.0 0.0 0.0 0.33279035511056565 0.0 0.33857195384883565 0.0 0.0 0.27124755211046875 0.0 0.0 0.0 0.0 0.0 0.0 0.0 0.0 0.0 0.0 0.0 0.0 0.0 0.0 0.0 0.0 0.0 0.0 0.43982418443136173 0.0 0.0 0.0 0.0 0.0 0.3212952626772116 0.0 0.0 0.0 0.0 0.0 0.41893435770110005 0.21935405812982173 0.42230742590140713 0.28980055652642034 0.5544724769918967 0.0 0.0 0.0
air4uqnpimfcj
if possible stop him from doing so even after death
0.301890758532881 0.0 0.0 0.0 0.36606939062162225 0.0 0.3724291492337192 0.0 0.0 0.29837230732151565 0.0 0.47202829930885964 0.0 0.0 0.0 0.0 0.0 0.0 0.0 0.0 0.0 0.0 0.0 0.0 0.0 0.0 0.0 0.0 0.48380660287449795 0.0 0.0 0.0 0.0 0.0 0.35342478894493273 0.0 0.0 0.0 0.0 0.0 0.46082779347121006 0.2412894639428039 0.46453816849154783 0.0 0.0 0.0 0.0 0.0
amd40d0gc1l4r
if she had the power she would not allow him to do this even after her death
0.17758279913698882 0.4869045056981645 0.0 0.0 0.2153349356597778 0.0 0.2190759701374819 0.19046100325859935 0.0 0.17551312195383273 0.22145714988595055 0.27766370547579977 0.10079416960870705 0.0 0.0 0.0 0.20347588520192758 0.12591926401396258 0.0 0.0 0.0 0.06352201821830356 0.0 0.0 0.0 0.26639675183468925 0.0 0.0 0.0 0.0 0.3538023446401648 0.0 0.0 0.0 0.0 0.0 0.0 0.02508709363703255 0.0 0.0 0.0 0.0 0.0 0.0 0.0 0.2035994640906812 0.0 0.0
