even now this fm is spewing its venom with full force but still it spreading poisonous propaganda might then poisoning the airwaves channel spitting fire great fanfare poison all vigor radio strongly propagating agenda of hatred and terror was in swing also they didnt took any action against talibans illegal which over country or ruining their help that mean while take
even now this fm is spewing its venom with full force
0.33279035511056565 0.311460300992262 0.15577280757709272 0.5721230237592565 0.11880141080314784 0.938064086553361 0.30125663294310095 0.938064086553361 0.21367140473402307 0.5531453134081556 0.4477343096122372 0.0 0.0 0.0 0.0 0.0 0.0 0.0 0.0 0.0 0.0 0.0 0.0 0.0 0.0 0.0 0.0 0.0 0.0 0.0 0.0 0.0 0.0 0.0 0.0 0.0 0.0 0.0 0.0 0.0 0.0 0.0 0.0 0.0 0.0 0.0 0.0 0.0 0.0 0.0 0.0 0.0 0.0 0.0 0.0 0.0 0.0 0.0 0.0 0.0 0.0
but still it is spreading poisonous propaganda with full might
0.0 0.0 0.0 0.0 0.13068155188346262 0.0 0.0 0.0 0.23503854520742537 0.6084598447489712 0.0 0.26116422967164976 0.4266615783162554 0.20251554370266253 0.6763356890597556 1.0318704952086972 0.6655143305957324 0.5864357655833463 0.0 0.0 0.0 0.0 0.0 0.0 0.0 0.0 0.0 0.0 0.0 0.0 0.0 0.0 0.0 0.0 0.0 0.0 0.0 0.0 0.0 0.0 0.0 0.0 0.0 0.0 0.0 0.0 0.0 0.0 0.0 0.0 0.0 0.0 0.0 0.0 0.0 0.0 0.0 0.0 0.0 0.0 0.0
even then this fm is poisoning the airwaves with full force
0.33279035511056565 0.0 0.15577280757709272 0.5721230237592565 0.11880141080314784 0.0 0.0 0.0 0.21367140473402307 0.5531453134081556 0.4477343096122372 0.0 0.0 0.0 0.0 0.0 0.0 0.0 0.31756771962106034 0.8381902421289873 0.03877096289359576 0.938064086553361 0.0 0.0 0.0 0.0 0.0 0.0 0.0 0.0 0.0 0.0 0.0 0.0 0.0 0.0 0.0 0.0 0.0 0.0 0.0 0.0 0.0 0.0 0.0 0.0 0.0 0.0 0.0 0.0 0.0 0.0 0.0 0.0 0.0 0.0 0.0 0.0 0.0 0.0 0.0
even now this fm channel is spitting fire with great fanfare
0.33279035511056565 0.311460300992262 0.15577280757709272 0.5721230237592565 0.11880141080314784 0.0 0.0 0.0 0.21367140473402307 0.0 0.0 0.0 0.0 0.0 0.0 0.0 0.0 0.0 0.0 0.0 0.0 0.0 0.5158467320859634 0.7751768620780832 0.4620239081142747 0.4297925428705558 0.7751768620780832 0.0 0.0 0.0 0.0 0.0 0.0 0.0 0.0 0.0 0.0 0.0 0.0 0.0 0.0 0.0 0.0 0.0 0.0 0.0 0.0 0.0 0.0 0.0 0.0 0.0 0.0 0.0 0.0 0.0 0.0 0.0 0.0 0.0 0.0
a3dd3acpmvdvca
but still the fm channel is spreading poison with all vigor
0.0 0.0 0.0 0.5721230237592565 0.11880141080314784 0.0 0.0 0.0 0.21367140473402307 0.0 0.0 0.23742202697422707 0.38787416210568676 0.0 0.6148506264179597 0.0 0.0 0.0 0.0 0.0 0.03877096289359576 0.0 0.5158467320859634 0.0 0.0 0.0 0.0 0.680499237093705 0.2857468398602499 0.8120373264515528 0.0 0.0 0.0 0.0 0.0 0.0 0.0 0.0 0.0 0.0 0.0 0.0 0.0 0.0 0.0 0.0 0.0 0.0 0.0 0.0 0.0 0.0 0.0 0.0 0.0 0.0 0.0 0.0 0.0 0.0 0.0
a2de039cxxjuga
this fm radio is strongly propagating the agenda of hatred and terror
0.0 0.0 0.14279174027900166 0.5244461051126518 0.10890129323621885 0.0 0.0 0.0 0.0 0.0 0.0 0.0 0.0 0.0 0.0 0.0 0.0 0.0 0.0 0.0 0.03554004931912944 0.0 0.0 0.0 0.0 0.0 0.0 0.0 0.0 0.0 0.503503236089243 0.5883840345054574 0.7443675492472567 0.7257722533044059 0.06999514854981818 0.5545952754964437 0.08283041998352432 0.4720620501607873 0.0 0.0 0.0 0.0 0.0 0.0 0.0 0.0 0.0 0.0 0.0 0.0 0.0 0.0 0.0 0.0 0.0 0.0 0.0 0.0 0.0 0.0 0.0
a2llfcd7di80k3
but still fm was spreading hatred in full swing
0.0 0.0 0.0 0.6992614734835357 0.0 0.0 0.0 0.0 0.0 0.6760664941655236 0.0 0.29018247741294423 0.4740684203513949 0.0 0.751484098955284 0.0 0.0 0.0 0.0 0.0 0.0 0.0 0.0 0.0 0.0 0.0 0.0 0.0 0.0 0.0 0.0 0.0 0.0 0.0 0.0 0.7394603673285916 0.0 0.0 0.24420210344379248 0.1144256336062979 0.9924900656630089 0.0 0.0 0.0 0.0 0.0 0.0 0.0 0.0 0.0 0.0 0.0 0.0 0.0 0.0 0.0 0.0 0.0 0.0 0.0 0.0
alrghxunh1uv7
then also they didnt took any action against talibans illegal fm channel which is spreading poison all over the country or ruining their country with the help of that channel
0.0 0.0 0.0 0.20977844204506071 0.04356051729448754 0.0 0.0 0.0 0.07834618173580846 0.0 0.0 0.0 0.0 0.0 0.22544522968658523 0.0 0.0 0.0 0.11644149719438879 0.0 0.028432039455303555 0.0 0.37828760352970653 0.0 0.0 0.0 0.0 0.2495163869343585 0.10477384128209162 0.0 0.0 0.0 0.0 0.0 0.027998059419927276 0.0 0.0 0.0 0.0 0.0 0.0 0.09197151520264236 0.08612362526880632 0.21224870778351812 0.16478088481342687 0.11811129537168598 0.14053821191578006 0.10623354805400198 0.1849340109207102 0.200040561285022 0.10051783002833901 0.12450985766427354 0.2604591122918049 0.1076765391137192 0.29030890132176235 0.09924070332412699 0.15188845231022646 0.04026914747532666 0.0 0.0 0.0
a363h2ekg4u5ij
still the fm channel is spreading poison with all vigor
0.0 0.0 0.0 0.6293353261351822 0.13068155188346262 0.0 0.0 0.0 0.23503854520742537 0.0 0.0 0.0 0.4266615783162554 0.0 0.6763356890597556 0.0 0.0 0.0 0.0 0.0 0.042648059182955333 0.0 0.5674314052945598 0.0 0.0 0.0 0.0 0.7485491608030754 0.3143215238462749 0.893241059096708 0.0 0.0 0.0 0.0 0.0 0.0 0.0 0.0 0.0 0.0 0.0 0.0 0.0 0.0 0.0 0.0 0.0 0.0 0.0 0.0 0.0 0.0 0.0 0.0 0.0 0.0 0.0 0.0 0.0 0.0 0.0
a6tw9zegog7ph
but still the fm channel is spreading poison with vigor
0.0 0.0 0.0 0.6293353261351822 0.13068155188346262 0.0 0.0 0.0 0.23503854520742537 0.0 0.0 0.26116422967164976 0.4266615783162554 0.0 0.6763356890597556 0.0 0.0 0.0 0.0 0.0 0.042648059182955333 0.0 0.5674314052945598 0.0 0.0 0.0 0.0 0.7485491608030754 0.0 0.893241059096708 0.0 0.0 0.0 0.0 0.0 0.0 0.0 0.0 0.0 0.0 0.0 0.0 0.0 0.0 0.0 0.0 0.0 0.0 0.0 0.0 0.0 0.0 0.0 0.0 0.0 0.0 0.0 0.0 0.0 0.0 0.0
a291u81kgj6l9n
still the fm channel is spreading poison with all vigor
0.0 0.0 0.0 0.6293353261351822 0.13068155188346262 0.0 0.0 0.0 0.23503854520742537 0.0 0.0 0.0 0.4266615783162554 0.0 0.6763356890597556 0.0 0.0 0.0 0.0 0.0 0.042648059182955333 0.0 0.5674314052945598 0.0 0.0 0.0 0.0 0.7485491608030754 0.3143215238462749 0.893241059096708 0.0 0.0 0.0 0.0 0.0 0.0 0.0 0.0 0.0 0.0 0.0 0.0 0.0 0.0 0.0 0.0 0.0 0.0 0.0 0.0 0.0 0.0 0.0 0.0 0.0 0.0 0.0 0.0 0.0 0.0 0.0
a3jbnhlk1t5829
this fm radio is strongly propagating the agenda of hatred and terror
0.0 0.0 0.14279174027900166 0.5244461051126518 0.10890129323621885 0.0 0.0 0.0 0.0 0.0 0.0 0.0 0.0 0.0 0.0 0.0 0.0 0.0 0.0 0.0 0.03554004931912944 0.0 0.0 0.0 0.0 0.0 0.0 0.0 0.0 0.0 0.503503236089243 0.5883840345054574 0.7443675492472567 0.7257722533044059 0.06999514854981818 0.5545952754964437 0.08283041998352432 0.4720620501607873 0.0 0.0 0.0 0.0 0.0 0.0 0.0 0.0 0.0 0.0 0.0 0.0 0.0 0.0 0.0 0.0 0.0 0.0 0.0 0.0 0.0 0.0 0.0
a3edprdq0s0hp3
this fm radio is strongly propagating the agenda of hatred and terror
0.0 0.0 0.14279174027900166 0.5244461051126518 0.10890129323621885 0.0 0.0 0.0 0.0 0.0 0.0 0.0 0.0 0.0 0.0 0.0 0.0 0.0 0.0 0.0 0.03554004931912944 0.0 0.0 0.0 0.0 0.0 0.0 0.0 0.0 0.0 0.503503236089243 0.5883840345054574 0.7443675492472567 0.7257722533044059 0.06999514854981818 0.5545952754964437 0.08283041998352432 0.4720620501607873 0.0 0.0 0.0 0.0 0.0 0.0 0.0 0.0 0.0 0.0 0.0 0.0 0.0 0.0 0.0 0.0 0.0 0.0 0.0 0.0 0.0 0.0 0.0
am78upj6d5fvk
this fm radio channel is strongly propagating the agenda of hatred and terror
0.0 0.0 0.13180776025753999 0.4841040970270632 0.10052427067958664 0.0 0.0 0.0 0.0 0.0 0.0 0.0 0.0 0.0 0.0 0.0 0.0 0.0 0.0 0.0 0.0328061993715041 0.0 0.4364856963804306 0.0 0.0 0.0 0.0 0.0 0.0 0.0 0.46477221792853196 0.5431237241588838 0.6871085069974677 0.6699436184348362 0.06461090635367833 0.5119341004582557 0.07645884921556091 0.43574958476380365 0.0 0.0 0.0 0.0 0.0 0.0 0.0 0.0 0.0 0.0 0.0 0.0 0.0 0.0 0.0 0.0 0.0 0.0 0.0 0.0 0.0 0.0 0.0
aa1hdtufsq32b
in the mean while still the fm was spreading hatred in full swing
0.0 0.0 0.0 0.4841040970270632 0.0 0.0 0.0 0.0 0.0 0.46804603442228554 0.0 0.0 0.32820121408942726 0.0 0.5202582223536582 0.0 0.0 0.0 0.0 0.0 0.0656123987430082 0.0 0.0 0.0 0.0 0.0 0.0 0.0 0.0 0.0 0.0 0.0 0.0 0.0 0.0 0.5119341004582557 0.0 0.0 0.16906299469185632 0.15843549268564325 0.6871085069974677 0.0 0.0 0.0 0.0 0.0 0.0 0.0 0.0 0.0 0.0 0.0 0.0 0.0 0.0 0.0 0.0 0.0 0.5099865767671565 0.3086484357799196 0.0
a3a4p6bwfe7hfn
still the fm channel was spreading hatred in full swing
0.0 0.0 0.0 0.6293353261351822 0.0 0.0 0.0 0.0 0.0 0.6084598447489712 0.0 0.0 0.4266615783162554 0.0 0.6763356890597556 0.0 0.0 0.0 0.0 0.0 0.042648059182955333 0.0 0.5674314052945598 0.0 0.0 0.0 0.0 0.0 0.0 0.0 0.0 0.0 0.0 0.0 0.0 0.6655143305957324 0.0 0.0 0.21978189309941323 0.1029830702456681 0.893241059096708 0.0 0.0 0.0 0.0 0.0 0.0 0.0 0.0 0.0 0.0 0.0 0.0 0.0 0.0 0.0 0.0 0.0 0.0 0.0 0.0
a6tw9zegog7ph
but still fm was spreading hatred in full swing
0.0 0.0 0.0 0.6992614734835357 0.0 0.0 0.0 0.0 0.0 0.6760664941655236 0.0 0.29018247741294423 0.4740684203513949 0.0 0.751484098955284 0.0 0.0 0.0 0.0 0.0 0.0 0.0 0.0 0.0 0.0 0.0 0.0 0.0 0.0 0.0 0.0 0.0 0.0 0.0 0.0 0.7394603673285916 0.0 0.0 0.24420210344379248 0.1144256336062979 0.9924900656630089 0.0 0.0 0.0 0.0 0.0 0.0 0.0 0.0 0.0 0.0 0.0 0.0 0.0 0.0 0.0 0.0 0.0 0.0 0.0 0.0
a312kfq78wb3a4
then they didnt take any action against the talibans illegal fm channel which is spreading poison all over and ruining their country
0.0 0.0 0.0 0.28606151187962825 0.05940070540157392 0.0 0.0 0.0 0.0 0.0 0.0 0.0 0.0 0.0 0.30742531320897987 0.0 0.0 0.0 0.15878385981053017 0.0 0.01938548144679788 0.0 0.2579233660429817 0.0 0.0 0.0 0.0 0.3402496185468525 0.14287341993012495 0.0 0.0 0.0 0.0 0.0 0.0 0.0 0.04518022908192236 0.0 0.0 0.0 0.0 0.0 0.1174413071847359 0.2894300560684338 0.0 0.1610608573250263 0.19164301624879101 0.14486392916454816 0.25218274216460485 0.27278258357048457 0.1370697682204623 0.1697861695421912 0.1775857583807761 0.0 0.39587577452967593 0.13532823180562772 0.0 0.0 0.0 0.0 0.17547121221555367
