but the fault lies with us that we could not create a leader like him mistake is ours because produce of his standing it our have been able to stature couldnt reproduce similar its bring up producing caliber after no other stand in shoes own produced
but the fault lies with us that we could not create a leader like him
0.17410948644776653 0.028432039455303555 0.4788807157438547 0.4548131593746994 0.1566923634716169 0.243875320149819 0.08053829495065332 0.2041605141597527 0.2874901194990159 0.14270849921582424 0.40760082217973365 0.09452555647811622 0.29662720259687975 0.2517488661053444 0.24828609948914615 0.0 0.0 0.0 0.0 0.0 0.0 0.0 0.0 0.0 0.0 0.0 0.0 0.0 0.0 0.0 0.0 0.0 0.0 0.0 0.0 0.0 0.0 0.0 0.0 0.0 0.0 0.0 0.0 0.0 0.0 0.0
but the mistake is ours because we could not produce a leader of his standing
0.17410948644776653 0.028432039455303555 0.0 0.0 0.0 0.0 0.0 0.2041605141597527 0.2874901194990159 0.14270849921582424 0.0 0.09452555647811622 0.29662720259687975 0.0 0.0 0.39919810745337597 0.08712103458897508 0.5414320249833834 0.2613406678367842 0.4849455009575699 0.05599611883985455 0.17802946141233672 0.449012400908724 0.0 0.0 0.0 0.0 0.0 0.0 0.0 0.0 0.0 0.0 0.0 0.0 0.0 0.0 0.0 0.0 0.0 0.0 0.0 0.0 0.0 0.0 0.0
it is our mistake that we have not been able to produce a leader of his stature
0.0 0.0 0.0 0.0 0.0 0.0 0.07106320142704704 0.18014163014095824 0.0 0.12591926401396258 0.0 0.08340490277480843 0.2617298846443057 0.0 0.0 0.352233624223567 0.07687150110791918 0.0 0.0 0.4278930890802087 0.04940834015281284 0.15708481889323828 0.0 0.11912679041333091 0.197105632369711 0.1345864722346135 0.17321782898451826 0.31887442071388583 0.06352201821830356 0.45610327027208436 0.0 0.0 0.0 0.0 0.0 0.0 0.0 0.0 0.0 0.0 0.0 0.0 0.0 0.0 0.0 0.0
it is our fault that we could not produce a leader of that stature
0.0 0.0 0.51308648115413 0.0 0.0 0.0 0.17258206060854284 0.21874340802830644 0.30802512803465987 0.15290196344552598 0.0 0.10127738194083881 0.3178148599252283 0.0 0.0 0.0 0.09334396563104473 0.0 0.0 0.519584465311682 0.05999584161412987 0.0 0.0 0.1446539597876161 0.2393425535917919 0.0 0.0 0.0 0.0 0.5538396853303882 0.0 0.0 0.0 0.0 0.0 0.0 0.0 0.0 0.0 0.0 0.0 0.0 0.0 0.0 0.0 0.0
a21xirv18up71h
but it is our fault that we couldnt reproduce a leader of similar stature
0.1865458783368927 0.0 0.51308648115413 0.0 0.0 0.0 0.08629103030427142 0.21874340802830644 0.0 0.0 0.0 0.10127738194083881 0.3178148599252283 0.0 0.0 0.0 0.09334396563104473 0.0 0.0 0.0 0.05999584161412987 0.0 0.0 0.1446539597876161 0.2393425535917919 0.0 0.0 0.0 0.0 0.5538396853303882 0.5043291724332492 0.6585780473870615 0.4240484512437921 0.0 0.0 0.0 0.0 0.0 0.0 0.0 0.0 0.0 0.0 0.0 0.0 0.0
a143bvgouf83je
but its our fault that we could not bring up a leader like his stature
0.17410948644776653 0.0 0.4788807157438547 0.0 0.0 0.0 0.08053829495065332 0.2041605141597527 0.2874901194990159 0.14270849921582424 0.0 0.09452555647811622 0.29662720259687975 0.2517488661053444 0.0 0.0 0.0 0.0 0.0 0.0 0.0 0.17802946141233672 0.0 0.0 0.22338638335233912 0.0 0.0 0.0 0.0 0.5169170396416957 0.0 0.0 0.0 0.2209215308249407 0.357525192965714 0.28699931973627796 0.0 0.0 0.0 0.0 0.0 0.0 0.0 0.0 0.0 0.0
a2de039cxxjuga
it is our mistake of not producing a leader of his caliber
0.0 0.0 0.0 0.0 0.0 0.0 0.0 0.0 0.0 0.1783856240197803 0.0 0.11815694559764528 0.37078400324609967 0.0 0.0 0.49899763431671995 0.10890129323621885 0.0 0.0 0.0 0.13999029709963637 0.2225368267654209 0.0 0.16876295308555211 0.2792329791904239 0.0 0.0 0.0 0.0 0.0 0.0 0.0 0.0 0.0 0.0 0.0 0.6866052842005946 0.6977329002526381 0.0 0.0 0.0 0.0 0.0 0.0 0.0 0.0
a3u16uhguaktzs
its our fault that after him no other leader could stand in his shoes
0.0 0.0 0.51308648115413 0.0 0.0 0.0 0.08629103030427142 0.0 0.30802512803465987 0.0 0.0 0.0 0.3178148599252283 0.0 0.266020820881228 0.0 0.0 0.0 0.0 0.0 0.0 0.1907458515132179 0.0 0.0 0.2393425535917919 0.0 0.0 0.0 0.0 0.0 0.0 0.0 0.0 0.23670164016957934 0.0 0.0 0.0 0.0 0.21312307665822547 0.23774631797093498 0.2384735008232291 0.4388798344422381 0.07355933588976293 0.5016334347201886 0.0 0.0
a180p1rkl5r2me
but it is our fault that we couldnt reproduce a leader of similar stature
0.1865458783368927 0.0 0.51308648115413 0.0 0.0 0.0 0.08629103030427142 0.21874340802830644 0.0 0.0 0.0 0.10127738194083881 0.3178148599252283 0.0 0.0 0.0 0.09334396563104473 0.0 0.0 0.0 0.05999584161412987 0.0 0.0 0.1446539597876161 0.2393425535917919 0.0 0.0 0.0 0.0 0.5538396853303882 0.5043291724332492 0.6585780473870615 0.4240484512437921 0.0 0.0 0.0 0.0 0.0 0.0 0.0 0.0 0.0 0.0 0.0 0.0 0.0
a1b6zigmal4vx5
but it is our own fault that we couldnt produce a leader of similar stature
0.17410948644776653 0.0 0.4788807157438547 0.0 0.0 0.0 0.08053829495065332 0.2041605141597527 0.0 0.0 0.0 0.09452555647811622 0.29662720259687975 0.0 0.0 0.0 0.08712103458897508 0.0 0.0 0.4849455009575699 0.05599611883985455 0.0 0.0 0.1350103624684417 0.22338638335233912 0.0 0.0 0.0 0.0 0.5169170396416957 0.4707072276043659 0.0 0.39577855449420596 0.0 0.0 0.0 0.0 0.0 0.0 0.0 0.0 0.0 0.0 0.0 0.28273751391586244 0.0
au2ar4vob7vlv
it is our fault that we couldnt reproduce a leader of similar stature
0.0 0.0 0.55255467201214 0.0 0.0 0.0 0.09292880186613844 0.23556982403048388 0.0 0.0 0.0 0.1090679497824418 0.34226215684255357 0.0 0.0 0.0 0.10052427067958664 0.0 0.0 0.0 0.06461090635367833 0.0 0.0 0.15578118746358657 0.25775351925269896 0.0 0.0 0.0 0.0 0.5964427380481103 0.5431237241588838 0.7092378971860662 0.4566675628779299 0.0 0.0 0.0 0.0 0.0 0.0 0.0 0.0 0.0 0.0 0.0 0.0 0.0
a29r44fzk1m7qd
its our fault that we could not bring up a leader of his stature
0.0 0.0 0.51308648115413 0.0 0.0 0.0 0.08629103030427142 0.21874340802830644 0.30802512803465987 0.15290196344552598 0.0 0.10127738194083881 0.3178148599252283 0.0 0.0 0.0 0.0 0.0 0.0 0.0 0.05999584161412987 0.1907458515132179 0.0 0.0 0.2393425535917919 0.0 0.0 0.0 0.0 0.5538396853303882 0.0 0.0 0.0 0.23670164016957934 0.38306270674897924 0.3074992711460121 0.0 0.0 0.0 0.0 0.0 0.0 0.0 0.0 0.0 0.0
a2zhr3rebfem5a
its our fault that we could not bring up a leader of his stature
0.0 0.0 0.51308648115413 0.0 0.0 0.0 0.08629103030427142 0.21874340802830644 0.30802512803465987 0.15290196344552598 0.0 0.10127738194083881 0.3178148599252283 0.0 0.0 0.0 0.0 0.0 0.0 0.0 0.05999584161412987 0.1907458515132179 0.0 0.0 0.2393425535917919 0.0 0.0 0.0 0.0 0.5538396853303882 0.0 0.0 0.0 0.23670164016957934 0.38306270674897924 0.3074992711460121 0.0 0.0 0.0 0.0 0.0 0.0 0.0 0.0 0.0 0.0
a262d9pq8d093q
but its our fault that we could not bring up a leader like his stature
0.17410948644776653 0.0 0.4788807157438547 0.0 0.0 0.0 0.08053829495065332 0.2041605141597527 0.2874901194990159 0.14270849921582424 0.0 0.09452555647811622 0.29662720259687975 0.2517488661053444 0.0 0.0 0.0 0.0 0.0 0.0 0.0 0.17802946141233672 0.0 0.0 0.22338638335233912 0.0 0.0 0.0 0.0 0.5169170396416957 0.0 0.0 0.0 0.2209215308249407 0.357525192965714 0.28699931973627796 0.0 0.0 0.0 0.0 0.0 0.0 0.0 0.0 0.0 0.0
a1x7hirspt5tie
it is our mistake of not producing a leader of his caliber
0.0 0.0 0.0 0.0 0.0 0.0 0.0 0.0 0.0 0.1783856240197803 0.0 0.11815694559764528 0.37078400324609967 0.0 0.0 0.49899763431671995 0.10890129323621885 0.0 0.0 0.0 0.13999029709963637 0.2225368267654209 0.0 0.16876295308555211 0.2792329791904239 0.0 0.0 0.0 0.0 0.0 0.0 0.0 0.0 0.0 0.0 0.0 0.6866052842005946 0.6977329002526381 0.0 0.0 0.0 0.0 0.0 0.0 0.0 0.0
a9x4g4wpj27d6
our mistake is not producing a leader of his caliber
0.0 0.0 0.0 0.0 0.0 0.0 0.0 0.0 0.0 0.21406274882373638 0.0 0.14178833471717434 0.44494080389531965 0.0 0.0 0.598797161180064 0.13068155188346262 0.0 0.0 0.0 0.08399417825978182 0.26704419211850505 0.0 0.0 0.33507957502850866 0.0 0.0 0.0 0.0 0.0 0.0 0.0 0.0 0.0 0.0 0.0 0.8239263410407135 0.8372794803031658 0.0 0.0 0.0 0.0 0.0 0.0 0.0 0.0
a3kzqwp0byzppp
it is our mistake that we have not produced a leader of his caliber
0.0 0.0 0.0 0.0 0.0 0.0 0.08629103030427142 0.21874340802830644 0.0 0.15290196344552598 0.0 0.10127738194083881 0.3178148599252283 0.0 0.0 0.42771225798575996 0.09334396563104473 0.0 0.0 0.0 0.05999584161412987 0.1907458515132179 0.0 0.1446539597876161 0.2393425535917919 0.1634264305706021 0.0 0.0 0.0 0.0 0.0 0.0 0.0 0.0 0.0 0.0 0.0 0.5980567716451184 0.0 0.0 0.0 0.0 0.0 0.0 0.0 0.5485462587479794
amd40d0gc1l4r
its our fault that after him no other leader could stand in his shoes
0.0 0.0 0.51308648115413 0.0 0.0 0.0 0.08629103030427142 0.0 0.30802512803465987 0.0 0.0 0.0 0.3178148599252283 0.0 0.266020820881228 0.0 0.0 0.0 0.0 0.0 0.0 0.1907458515132179 0.0 0.0 0.2393425535917919 0.0 0.0 0.0 0.0 0.0 0.0 0.0 0.0 0.23670164016957934 0.0 0.0 0.0 0.0 0.21312307665822547 0.23774631797093498 0.2384735008232291 0.4388798344422381 0.07355933588976293 0.5016334347201886 0.0 0.0
