stayed awake the last three nights and fear is still there spent sleepless a we are fearful have been for in four afraid i up am without sleeping were they past ive im citizens not slept clearly present sleep
stayed awake the last three nights and the fear is still there
0.639970635205976 0.6977329002526381 0.07108009863825888 0.33746738903172574 0.3854144011070226 0.5822083701593139 0.08283041998352432 0.4637595634150505 0.10890129323621885 0.35555131526354616 0.2386654168935808 0.0 0.0 0.0 0.0 0.0 0.0 0.0 0.0 0.0 0.0 0.0 0.0 0.0 0.0 0.0 0.0 0.0 0.0 0.0 0.0 0.0 0.0 0.0 0.0 0.0 0.0 0.0 0.0
spent the last three nights sleepless and still there is a fear
0.0 0.0 0.03554004931912944 0.33746738903172574 0.3854144011070226 0.5822083701593139 0.08283041998352432 0.4637595634150505 0.10890129323621885 0.35555131526354616 0.2386654168935808 0.5426702051930542 0.7257722533044059 0.11815694559764528 0.0 0.0 0.0 0.0 0.0 0.0 0.0 0.0 0.0 0.0 0.0 0.0 0.0 0.0 0.0 0.0 0.0 0.0 0.0 0.0 0.0 0.0 0.0 0.0 0.0
we spent three sleepless nights and are still fearful
0.0 0.0 0.0 0.0 0.5138858681426968 0.7762778268790852 0.11044055997803243 0.0 0.0 0.4740684203513949 0.0 0.7235602735907389 0.9676963377392078 0.0 0.3402675235995878 0.23401517265031405 0.9924900656630089 0.0 0.0 0.0 0.0 0.0 0.0 0.0 0.0 0.0 0.0 0.0 0.0 0.0 0.0 0.0 0.0 0.0 0.0 0.0 0.0 0.0 0.0
we have been awake for the last three nights and are still in fear
0.0 0.5980567716451184 0.030462899416396665 0.2892577620271935 0.3303552009488765 0.4990357458508405 0.07099750284302085 0.3975081972129004 0.0 0.30475827022589674 0.0 0.0 0.0 0.0 0.21874340802830644 0.1504383252752019 0.0 0.1634264305706021 0.21033593519548646 0.13790783565302964 0.07355933588976293 0.0 0.0 0.0 0.0 0.0 0.0 0.0 0.0 0.0 0.0 0.0 0.0 0.0 0.0 0.0 0.0 0.0 0.0
a1wyssw33m2fz2
stayed awake in the last four nights and still afraid
0.7679647622471711 0.8372794803031658 0.042648059182955333 0.4049608668380709 0.0 0.6986500441911767 0.09939650398022919 0.0 0.0 0.4266615783162554 0.0 0.0 0.0 0.0 0.0 0.0 0.0 0.0 0.0 0.0 0.1029830702456681 0.4631729595747151 0.7274182514363547 0.0 0.0 0.0 0.0 0.0 0.0 0.0 0.0 0.0 0.0 0.0 0.0 0.0 0.0 0.0 0.0
a3dd3acpmvdvca
i stayed up the last three nights and i am still afraid
0.639970635205976 0.0 0.03554004931912944 0.33746738903172574 0.3854144011070226 0.5822083701593139 0.08283041998352432 0.0 0.0 0.35555131526354616 0.0 0.0 0.0 0.0 0.0 0.0 0.0 0.0 0.0 0.0 0.0 0.0 0.6061818761969623 0.541330140804449 0.35874914967034743 0.4230798280856107 0.0 0.0 0.0 0.0 0.0 0.0 0.0 0.0 0.0 0.0 0.0 0.0 0.0
a2xknsbfsj3hso
have spent the last three nights without sleeping and the fear is still there
0.0 0.0 0.06092579883279333 0.2892577620271935 0.3303552009488765 0.4990357458508405 0.07099750284302085 0.3975081972129004 0.09334396563104473 0.30475827022589674 0.20457035733735499 0.4651458901654751 0.0 0.0 0.0 0.0 0.0 0.1634264305706021 0.0 0.0 0.0 0.0 0.0 0.0 0.0 0.0 0.3363737969215722 0.5390083021319422 0.0 0.0 0.0 0.0 0.0 0.0 0.0 0.0 0.0 0.0 0.0
a1u0z1mafqeh9y
last three nights were sleepless and are still afraid
0.0 0.0 0.0 0.4499565187089677 0.5138858681426968 0.7762778268790852 0.11044055997803243 0.0 0.0 0.4740684203513949 0.0 0.0 0.9676963377392078 0.0 0.0 0.23401517265031405 0.0 0.0 0.0 0.0 0.0 0.0 0.8082425015959498 0.0 0.0 0.0 0.0 0.0 0.327958654689551 0.0 0.0 0.0 0.0 0.0 0.0 0.0 0.0 0.0 0.0
al2rcq9eyun61
they stayed awake for the past four nights and are still afraid
0.639970635205976 0.6977329002526381 0.03554004931912944 0.0 0.0 0.5822083701593139 0.08283041998352432 0.0 0.0 0.35555131526354616 0.0 0.0 0.0 0.0 0.0 0.17551137948773554 0.0 0.0 0.0 0.1608924749285346 0.0 0.3859774663122626 0.6061818761969623 0.0 0.0 0.0 0.0 0.0 0.0 0.2153090631720158 0.45426420846928234 0.0 0.0 0.0 0.0 0.0 0.0 0.0 0.0
awmob8jnvgesj
ive been awake for four nights and im still afraid
0.0 0.8372794803031658 0.0 0.0 0.0 0.6986500441911767 0.09939650398022919 0.0 0.0 0.4266615783162554 0.0 0.0 0.0 0.0 0.0 0.0 0.0 0.0 0.294470309273681 0.1930709699142415 0.0 0.4631729595747151 0.7274182514363547 0.0 0.0 0.0 0.0 0.0 0.0 0.0 0.0 0.893241059096708 0.7753755594625434 0.0 0.0 0.0 0.0 0.0 0.0
ajfwu2g6a1bhs
citizens stayed awake in the last four nights and are still afraid
0.639970635205976 0.6977329002526381 0.03554004931912944 0.33746738903172574 0.0 0.5822083701593139 0.08283041998352432 0.0 0.0 0.35555131526354616 0.0 0.0 0.0 0.0 0.0 0.17551137948773554 0.0 0.0 0.0 0.0 0.08581922520472342 0.3859774663122626 0.6061818761969623 0.0 0.0 0.0 0.0 0.0 0.0 0.0 0.0 0.0 0.0 0.4457409710425808 0.0 0.0 0.0 0.0 0.0
a2rcbwy8ulhnj0
i have not slept in the last three nights and i am still afraid
0.0 0.0 0.030462899416396665 0.2892577620271935 0.3303552009488765 0.4990357458508405 0.07099750284302085 0.0 0.0 0.30475827022589674 0.0 0.0 0.0 0.0 0.0 0.0 0.0 0.1634264305706021 0.0 0.0 0.07355933588976293 0.0 0.519584465311682 0.4639972635466706 0.0 0.36263985264480914 0.0 0.0 0.0 0.0 0.0 0.0 0.0 0.0 0.15290196344552598 0.5980567716451184 0.0 0.0 0.0
a1c0lbe9vl3ax
i stayed up the last three nights and i am still afraid
0.639970635205976 0.0 0.03554004931912944 0.33746738903172574 0.3854144011070226 0.5822083701593139 0.08283041998352432 0.0 0.0 0.35555131526354616 0.0 0.0 0.0 0.0 0.0 0.0 0.0 0.0 0.0 0.0 0.0 0.0 0.6061818761969623 0.541330140804449 0.35874914967034743 0.4230798280856107 0.0 0.0 0.0 0.0 0.0 0.0 0.0 0.0 0.0 0.0 0.0 0.0 0.0
a230hf2okthmdz
i stayed up the last three nights and i am still afraid
0.639970635205976 0.0 0.03554004931912944 0.33746738903172574 0.3854144011070226 0.5822083701593139 0.08283041998352432 0.0 0.0 0.35555131526354616 0.0 0.0 0.0 0.0 0.0 0.0 0.0 0.0 0.0 0.0 0.0 0.0 0.6061818761969623 0.541330140804449 0.35874914967034743 0.4230798280856107 0.0 0.0 0.0 0.0 0.0 0.0 0.0 0.0 0.0 0.0 0.0 0.0 0.0
amjejkgf6r4hk
citizens have spent three sleepless nights clearly the fear is still present
0.0 0.0 0.03554004931912944 0.0 0.3854144011070226 0.5822083701593139 0.0 0.4637595634150505 0.10890129323621885 0.35555131526354616 0.0 0.5426702051930542 0.7257722533044059 0.0 0.0 0.0 0.0 0.1906641689990358 0.0 0.0 0.0 0.0 0.0 0.0 0.0 0.0 0.0 0.0 0.0 0.0 0.0 0.0 0.0 0.4457409710425808 0.0 0.0 0.5159642139201566 0.3719694191570453 0.0
a1u6t1v9680bs9
i have spent the last three nights sleepless and the fear is still there
0.0 0.0 0.06092579883279333 0.2892577620271935 0.3303552009488765 0.4990357458508405 0.07099750284302085 0.3975081972129004 0.09334396563104473 0.30475827022589674 0.20457035733735499 0.4651458901654751 0.6220905028323479 0.0 0.0 0.0 0.0 0.1634264305706021 0.0 0.0 0.0 0.0 0.0 0.2319986317733353 0.0 0.0 0.0 0.0 0.0 0.0 0.0 0.0 0.0 0.0 0.0 0.0 0.0 0.0 0.0
a14b80scbt25dr
we have spent the last three nights without sleeping and the fear is still there
0.0 0.0 0.05686407891060711 0.2699739112253806 0.30833152088561805 0.46576669612745114 0.06626433598681945 0.3710076507320404 0.08712103458897508 0.28444105221083693 0.19093233351486466 0.4341361641544434 0.0 0.0 0.2041605141597527 0.0 0.0 0.15253133519922862 0.0 0.0 0.0 0.0 0.0 0.0 0.0 0.0 0.3139488771268007 0.503074415323146 0.0 0.0 0.0 0.0 0.0 0.0 0.0 0.0 0.0 0.0 0.0
a3th8yzrzb3qx0
i have been without sleep the past three nights im still afraid
0.0 0.0 0.03554004931912944 0.0 0.3854144011070226 0.5822083701593139 0.0 0.0 0.0 0.35555131526354616 0.0 0.0 0.0 0.0 0.0 0.0 0.0 0.1906641689990358 0.2453919243947342 0.0 0.0 0.0 0.6061818761969623 0.2706650704022245 0.0 0.0 0.3924360964085009 0.0 0.0 0.0 0.45426420846928234 0.0 0.6461462995521196 0.0 0.0 0.0 0.0 0.0 0.6528165251915808
