however both foreign ministers are making different statements about the war in middle east and on top of this giving that divergent statement regarding it is a particularly delicate situation because kouchner schwarzenberg take very public stances mideast conflict what even worse problem issuing contradictory over not only they had opinion might has to face battle with western world addition two whats their difference may have do opinions differ also differences but
however both foreign ministers are making different statements about the war in the middle east
0.2931417688295437 0.29757553532563624 0.30833152088561805 0.333372330549517 0.14040910359018843 0.33672311953490947 0.3463160648455808 0.3871896963713414 0.20773625037091556 0.05686407891060711 0.24202334920934726 0.06865538016377874 0.32987112826395387 0.3172015547380962 0.0 0.0 0.0 0.0 0.0 0.0 0.0 0.0 0.0 0.0 0.0 0.0 0.0 0.0 0.0 0.0 0.0 0.0 0.0 0.0 0.0 0.0 0.0 0.0 0.0 0.0 0.0 0.0 0.0 0.0 0.0 0.0 0.0 0.0 0.0 0.0 0.0 0.0 0.0 0.0 0.0 0.0 0.0 0.0 0.0 0.0 0.0 0.0 0.0 0.0 0.0 0.0 0.0 0.0 0.0 0.0 0.0 0.0
and on top of this both foreign ministers are giving different statements about the middle east war
0.0 0.26256664881673786 0.27205722431083945 0.29415205636722086 0.1238903855207545 0.0 0.3055729983931595 0.34163796738647767 0.18329669150374903 0.02508709363703255 0.21355001400824758 0.0 0.29106276023290045 0.2798837247689084 0.058468531753075995 0.11017692719857666 0.39147901799748963 0.04940834015281284 0.10079416960870705 0.3095564203963919 0.0 0.0 0.0 0.0 0.0 0.0 0.0 0.0 0.0 0.0 0.0 0.0 0.0 0.0 0.0 0.0 0.0 0.0 0.0 0.0 0.0 0.0 0.0 0.0 0.0 0.0 0.0 0.0 0.0 0.0 0.0 0.0 0.0 0.0 0.0 0.0 0.0 0.0 0.0 0.0 0.0 0.0 0.0 0.0 0.0 0.0 0.0 0.0 0.0 0.0 0.0 0.0
on top of that both foreign ministers are giving divergent statement regarding the middle east war
0.0 0.27897706436778397 0.2890608008302669 0.31253655989017215 0.13163353461580166 0.0 0.0 0.0 0.0 0.026655036989347083 0.22689688988376305 0.0 0.30925418274745675 0.2973764575669652 0.0 0.1170629851484877 0.41594645662233276 0.05249636141236364 0.0 0.3289036966711664 0.07550465151623749 0.6449190595054357 0.3193261749528469 0.33517986840535685 0.0 0.0 0.0 0.0 0.0 0.0 0.0 0.0 0.0 0.0 0.0 0.0 0.0 0.0 0.0 0.0 0.0 0.0 0.0 0.0 0.0 0.0 0.0 0.0 0.0 0.0 0.0 0.0 0.0 0.0 0.0 0.0 0.0 0.0 0.0 0.0 0.0 0.0 0.0 0.0 0.0 0.0 0.0 0.0 0.0 0.0 0.0 0.0
it is a particularly delicate situation because kouchner and schwarzenberg take very different public stances on the mideast conflict
0.0 0.0 0.0 0.0 0.0 0.0 0.2734074196149322 0.0 0.0 0.022446346938397543 0.0 0.0 0.0 0.0 0.05231394946327852 0.09857935591451596 0.0 0.0 0.0 0.0 0.0 0.0 0.0 0.0 0.10658712826455922 0.06877976414919085 0.0746254393248286 0.412305173805209 0.5430897343203669 0.21548139593745322 0.20632157987114544 0.3559661521367135 0.3463702807265054 0.20317719309169371 0.21815362358868598 0.2478543766790532 0.4852680349167821 0.5430897343203669 0.3217901227734739 0.0 0.0 0.0 0.0 0.0 0.0 0.0 0.0 0.0 0.0 0.0 0.0 0.0 0.0 0.0 0.0 0.0 0.0 0.0 0.0 0.0 0.0 0.0 0.0 0.0 0.0 0.0 0.0 0.0 0.0 0.0 0.0 0.0
a1wyssw33m2fz2
what is even worse is that both the foreign ministers are giving different statements on the middle east war
0.0 0.23492805420444965 0.24341962175180373 0.26318868201277656 0.1108492923080435 0.0 0.2734074196149322 0.3056760760826379 0.0 0.044892693876795085 0.19107106516527414 0.0 0.26042457494522675 0.2504222800563917 0.0 0.09857935591451596 0.0 0.0 0.0 0.276971534038877 0.06358286443472631 0.0 0.0 0.0 0.0 0.1375595282983817 0.0 0.0 0.0 0.0 0.0 0.0 0.0 0.0 0.0 0.0 0.0 0.0 0.0 0.16222976891224353 0.1926681003271696 0.3463702807265054 0.0 0.0 0.0 0.0 0.0 0.0 0.0 0.0 0.0 0.0 0.0 0.0 0.0 0.0 0.0 0.0 0.0 0.0 0.0 0.0 0.0 0.0 0.0 0.0 0.0 0.0 0.0 0.0 0.0 0.0
a143bvgouf83je
the problem is that both foreign ministers are issuing contradictory statements over the middle east war
0.0 0.27897706436778397 0.2890608008302669 0.31253655989017215 0.13163353461580166 0.0 0.0 0.36299034034813255 0.0 0.05331007397869417 0.22689688988376305 0.0 0.30925418274745675 0.2973764575669652 0.0 0.0 0.0 0.0 0.0 0.0 0.07550465151623749 0.0 0.0 0.0 0.0 0.08167596992716414 0.0 0.0 0.0 0.0 0.0 0.0 0.0 0.0 0.0 0.0 0.0 0.0 0.0 0.0 0.0 0.0 0.2993297415359717 0.46427082463692537 0.5582756619354425 0.23345598312051288 0.0 0.0 0.0 0.0 0.0 0.0 0.0 0.0 0.0 0.0 0.0 0.0 0.0 0.0 0.0 0.0 0.0 0.0 0.0 0.0 0.0 0.0 0.0 0.0 0.0 0.0
ayowrg5s0py3f
not only this they had different opinion about they might has to face a battle with the western world
0.0 0.0 0.0 0.0 0.0 0.0 0.2734074196149322 0.0 0.164002302924407 0.022446346938397543 0.0 0.0 0.0 0.0 0.0 0.0 0.0 0.0 0.09018425701831684 0.0 0.0 0.0 0.0 0.0 0.0 0.0 0.0746254393248286 0.0 0.0 0.0 0.0 0.0 0.0 0.0 0.0 0.0 0.0 0.0 0.0 0.0 0.0 0.0 0.0 0.0 0.0 0.0 0.11266460464407177 0.17715664776116327 0.2719693429541252 0.18216794155482 0.226066176796102 0.3086504029386033 0.10804197989111702 0.05683548998479792 0.25354982850222335 0.34045038686194273 0.12370449747759231 0.30625764640824765 0.17479520890026548 0.0 0.0 0.0 0.0 0.0 0.0 0.0 0.0 0.0 0.0 0.0 0.0 0.0
a8v7wa74iohz9
in addition to that the two foreign ministers are giving different statements on the war in middle east
0.0 0.0 0.2569429340713484 0.2778102754579308 0.11700758632515702 0.0 0.28859672070465064 0.32265808030945115 0.0 0.04738673242550592 0.2016861243411227 0.1144256336062979 0.2748926068866282 0.2643346289484135 0.0 0.10405598679865574 0.0 0.0 0.0 0.29235884148548125 0.0671152457922111 0.0 0.0 0.0 0.0 0.0 0.0 0.0 0.0 0.0 0.0 0.0 0.0 0.0 0.0 0.0 0.0 0.0 0.0 0.0 0.0 0.0 0.0 0.0 0.0 0.0 0.0 0.0 0.0 0.0 0.0 0.0 0.0 0.059993017206175586 0.0 0.0 0.0 0.0 0.0 0.329815462078505 0.20547954141981192 0.0 0.0 0.0 0.0 0.0 0.0 0.0 0.0 0.0 0.0 0.0
a330jjzgjl7ig2
what is even worse is that both the foreign ministers are giving different statements on the middle east war
0.0 0.23492805420444965 0.24341962175180373 0.26318868201277656 0.1108492923080435 0.0 0.2734074196149322 0.3056760760826379 0.0 0.044892693876795085 0.19107106516527414 0.0 0.26042457494522675 0.2504222800563917 0.0 0.09857935591451596 0.0 0.0 0.0 0.276971534038877 0.06358286443472631 0.0 0.0 0.0 0.0 0.1375595282983817 0.0 0.0 0.0 0.0 0.0 0.0 0.0 0.0 0.0 0.0 0.0 0.0 0.0 0.16222976891224353 0.1926681003271696 0.3463702807265054 0.0 0.0 0.0 0.0 0.0 0.0 0.0 0.0 0.0 0.0 0.0 0.0 0.0 0.0 0.0 0.0 0.0 0.0 0.0 0.0 0.0 0.0 0.0 0.0 0.0 0.0 0.0 0.0 0.0 0.0
a1lkw32z4tqsw7
whats worse both the foreign ministers are giving different statements about the war in the middle east
0.0 0.26256664881673786 0.27205722431083945 0.29415205636722086 0.1238903855207545 0.0 0.3055729983931595 0.34163796738647767 0.18329669150374903 0.07526128091109764 0.21355001400824758 0.06057827661509889 0.29106276023290045 0.2798837247689084 0.0 0.0 0.0 0.0 0.0 0.3095564203963919 0.0 0.0 0.0 0.0 0.0 0.0 0.0 0.0 0.0 0.0 0.0 0.0 0.0 0.0 0.0 0.0 0.0 0.0 0.0 0.0 0.0 0.38711972551785895 0.0 0.0 0.0 0.0 0.0 0.0 0.0 0.0 0.0 0.0 0.0 0.0 0.0 0.0 0.0 0.0 0.0 0.0 0.0 0.41097061423010395 0.0 0.0 0.0 0.0 0.0 0.0 0.0 0.0 0.0 0.0
a262d9pq8d093q
even worse both the foreign ministers are giving different statements on the middle east war
0.0 0.29757553532563624 0.30833152088561805 0.333372330549517 0.14040910359018843 0.0 0.3463160648455808 0.3871896963713414 0.0 0.05686407891060711 0.24202334920934726 0.0 0.32987112826395387 0.3172015547380962 0.0 0.12486718415838688 0.0 0.0 0.0 0.3508306097825775 0.0 0.0 0.0 0.0 0.0 0.0 0.0 0.0 0.0 0.0 0.0 0.0 0.0 0.0 0.0 0.0 0.0 0.0 0.0 0.0 0.24404626041441482 0.4387356889202402 0.0 0.0 0.0 0.0 0.0 0.0 0.0 0.0 0.0 0.0 0.0 0.0 0.0 0.0 0.0 0.0 0.0 0.0 0.0 0.0 0.0 0.0 0.0 0.0 0.0 0.0 0.0 0.0 0.0 0.0
a1dndzlo2d5d48
the problem is that both foreign ministers are issuing contradictory statements over the middle east war
0.0 0.27897706436778397 0.2890608008302669 0.31253655989017215 0.13163353461580166 0.0 0.0 0.36299034034813255 0.0 0.05331007397869417 0.22689688988376305 0.0 0.30925418274745675 0.2973764575669652 0.0 0.0 0.0 0.0 0.0 0.0 0.07550465151623749 0.0 0.0 0.0 0.0 0.08167596992716414 0.0 0.0 0.0 0.0 0.0 0.0 0.0 0.0 0.0 0.0 0.0 0.0 0.0 0.0 0.0 0.0 0.2993297415359717 0.46427082463692537 0.5582756619354425 0.23345598312051288 0.0 0.0 0.0 0.0 0.0 0.0 0.0 0.0 0.0 0.0 0.0 0.0 0.0 0.0 0.0 0.0 0.0 0.0 0.0 0.0 0.0 0.0 0.0 0.0 0.0 0.0
a1e4smxrh1paux
the problem is that both foreign ministers are issuing contradictory statements over the middle east war
0.0 0.27897706436778397 0.2890608008302669 0.31253655989017215 0.13163353461580166 0.0 0.0 0.36299034034813255 0.0 0.05331007397869417 0.22689688988376305 0.0 0.30925418274745675 0.2973764575669652 0.0 0.0 0.0 0.0 0.0 0.0 0.07550465151623749 0.0 0.0 0.0 0.0 0.08167596992716414 0.0 0.0 0.0 0.0 0.0 0.0 0.0 0.0 0.0 0.0 0.0 0.0 0.0 0.0 0.0 0.0 0.2993297415359717 0.46427082463692537 0.5582756619354425 0.23345598312051288 0.0 0.0 0.0 0.0 0.0 0.0 0.0 0.0 0.0 0.0 0.0 0.0 0.0 0.0 0.0 0.0 0.0 0.0 0.0 0.0 0.0 0.0 0.0 0.0 0.0 0.0
a3ng7x4apiv649
the problem is both foreign ministers are issuing contradictory statements about war in the middle east
0.0 0.27897706436778397 0.2890608008302669 0.31253655989017215 0.13163353461580166 0.0 0.0 0.36299034034813255 0.19475273472273333 0.05331007397869417 0.22689688988376305 0.06436441890354257 0.30925418274745675 0.2973764575669652 0.0 0.0 0.0 0.0 0.0 0.0 0.0 0.0 0.0 0.0 0.0 0.08167596992716414 0.0 0.0 0.0 0.0 0.0 0.0 0.0 0.0 0.0 0.0 0.0 0.0 0.0 0.0 0.0 0.0 0.2993297415359717 0.46427082463692537 0.5582756619354425 0.0 0.0 0.0 0.0 0.0 0.0 0.0 0.0 0.0 0.0 0.0 0.0 0.0 0.0 0.0 0.0 0.0 0.0 0.0 0.0 0.0 0.0 0.0 0.0 0.0 0.0 0.0
a18w8cd53dji9q
this is not their only difference of opinion they may have to face a battle with the western world
0.0 0.0 0.0 0.0 0.0 0.0 0.0 0.0 0.0 0.022446346938397543 0.0 0.0 0.0 0.0 0.0 0.0 0.0 0.04420746224199044 0.09018425701831684 0.0 0.0 0.0 0.0 0.0 0.0 0.06877976414919085 0.0746254393248286 0.0 0.0 0.0 0.0 0.0 0.0 0.0 0.0 0.0 0.0 0.0 0.0 0.0 0.0 0.0 0.0 0.0 0.0 0.0 0.11266460464407177 0.17715664776116327 0.1359846714770626 0.0 0.226066176796102 0.0 0.0 0.05683548998479792 0.25354982850222335 0.34045038686194273 0.12370449747759231 0.30625764640824765 0.17479520890026548 0.0 0.0 0.0 0.15669584735388473 0.35749181197214785 0.23462730150637395 0.12041947515728575 0.0 0.0 0.0 0.0 0.0 0.0
a2u70ov2bw11tg
not only do their opinions differ they also might have to face a battle with the western world
0.0 0.0 0.0 0.0 0.0 0.0 0.0 0.0 0.0 0.02369336621275296 0.0 0.0 0.0 0.0 0.0 0.0 0.0 0.0 0.0 0.0 0.0 0.0 0.0 0.0 0.0 0.0 0.07877129706509685 0.0 0.0 0.0 0.0 0.0 0.0 0.0 0.0 0.0 0.0 0.0 0.0 0.0 0.0 0.0 0.0 0.0 0.0 0.0 0.11892374934652021 0.18699868374789458 0.14353937544801054 0.0 0.0 0.3257976475463035 0.0 0.059993017206175586 0.2676359300856802 0.35936429724316177 0.13057696955968076 0.32327196009759473 0.18450605383916913 0.0 0.0 0.0 0.16540117220687833 0.0 0.0 0.1271094459993572 0.17987983641089939 0.3773524681928227 0.5732613862270539 0.1532858586710706 0.0 0.0
a1dndzlo2d5d48
not only do they have differences of opinion but they might have to face a battle with the western world
0.0 0.0 0.0 0.0 0.0 0.0 0.0 0.0 0.0 0.021324029591477667 0.0 0.0 0.0 0.0 0.0 0.0 0.0 0.04199708912989091 0.0 0.0 0.0 0.0 0.0 0.0 0.0 0.0 0.07089416735858717 0.0 0.0 0.0 0.0 0.0 0.0 0.0 0.0 0.0 0.0 0.0 0.0 0.0 0.0 0.0 0.0 0.0 0.0 0.0 0.10703137441186819 0.16829881537310512 0.258370875806419 0.0 0.2147628679562969 0.29321788279167316 0.0 0.05399371548555802 0.2408723370771122 0.3234278675188456 0.11751927260371269 0.29094476408783526 0.16605544845525222 0.0 0.0 0.0 0.0 0.0 0.0 0.22879700279884294 0.16189185276980944 0.0 0.0 0.0 0.3112180194932435 0.13058211483582488
a3ohqrf1mdq99b
in addition the two foreign ministers are giving different statements on the war in middle east
0.0 0.0 0.2890608008302669 0.31253655989017215 0.13163353461580166 0.0 0.324671310792732 0.36299034034813255 0.0 0.05331007397869417 0.22689688988376305 0.12872883780708513 0.30925418274745675 0.2973764575669652 0.0 0.1170629851484877 0.0 0.0 0.0 0.3289036966711664 0.0 0.0 0.0 0.0 0.0 0.0 0.0 0.0 0.0 0.0 0.0 0.0 0.0 0.0 0.0 0.0 0.0 0.0 0.0 0.0 0.0 0.0 0.0 0.0 0.0 0.0 0.0 0.0 0.0 0.0 0.0 0.0 0.0 0.0 0.0 0.0 0.0 0.0 0.0 0.3710423948383181 0.2311644840972884 0.0 0.0 0.0 0.0 0.0 0.0 0.0 0.0 0.0 0.0 0.0
