he said that pakistan is an autonomous country and in the investigation of information received from india any a sovereign on investigations basis provided by we will not let be dictated to other concerning was nation about no countrys when men become organized into very large groups civilization develops it possible get freedom hunger thirst cold heat they independent do receiving came freed away free or does investigate based separate news
he said that pakistan is an autonomous country and in the investigation of the information received from india from any country
0.11309153617277834 0.10542864208170773 0.05752735353618094 0.11227064220017147 0.06222931042069649 0.1404935840845519 0.45835989388223936 0.3720844461311499 0.0473316685620139 0.04903955725984196 0.04061719922186222 0.26500546480860027 0.03999722774275325 0.2309830862358019 0.26541775351065333 0.22979948946933706 0.1435007969854254 0.1687304219595514 0.0 0.0 0.0 0.0 0.0 0.0 0.0 0.0 0.0 0.0 0.0 0.0 0.0 0.0 0.0 0.0 0.0 0.0 0.0 0.0 0.0 0.0 0.0 0.0 0.0 0.0 0.0 0.0 0.0 0.0 0.0 0.0 0.0 0.0 0.0 0.0 0.0 0.0 0.0 0.0 0.0 0.0 0.0 0.0 0.0 0.0 0.0 0.0 0.0 0.0 0.0 0.0 0.0
he said that pakistan is a sovereign country and on the investigations on the basis of the information provided by india
0.11309153617277834 0.10542864208170773 0.05752735353618094 0.11227064220017147 0.06222931042069649 0.0 0.0 0.18604222306557494 0.0473316685620139 0.0 0.06092579883279333 0.0 0.03999722774275325 0.2309830862358019 0.0 0.0 0.1435007969854254 0.0 0.06751825462722587 0.36922645688692546 0.17838169165483841 0.30413711044584024 0.2702054310926475 0.2618296850705683 0.11883139340006894 0.0 0.0 0.0 0.0 0.0 0.0 0.0 0.0 0.0 0.0 0.0 0.0 0.0 0.0 0.0 0.0 0.0 0.0 0.0 0.0 0.0 0.0 0.0 0.0 0.0 0.0 0.0 0.0 0.0 0.0 0.0 0.0 0.0 0.0 0.0 0.0 0.0 0.0 0.0 0.0 0.0 0.0 0.0 0.0 0.0 0.0
he said that pakistan is a sovereign country and we will not let
0.18268632766371887 0.1703078064396817 0.09292880186613844 0.18136026816950773 0.10052427067958664 0.0 0.0 0.3005297449520826 0.07645884921556091 0.0 0.0 0.0 0.0 0.0 0.0 0.0 0.0 0.0 0.1090679497824418 0.5964427380481103 0.0 0.0 0.0 0.0 0.0 0.23556982403048388 0.17042409229239877 0.16466365294133567 0.38170143672422757 0.0 0.0 0.0 0.0 0.0 0.0 0.0 0.0 0.0 0.0 0.0 0.0 0.0 0.0 0.0 0.0 0.0 0.0 0.0 0.0 0.0 0.0 0.0 0.0 0.0 0.0 0.0 0.0 0.0 0.0 0.0 0.0 0.0 0.0 0.0 0.0 0.0 0.0 0.0 0.0 0.0 0.0
he said that pakistan is a sovereign country and will not be dictated to by any other country concerning the information
0.11309153617277834 0.10542864208170773 0.05752735353618094 0.11227064220017147 0.06222931042069649 0.0 0.0 0.3720844461311499 0.0473316685620139 0.0 0.02030859961093111 0.0 0.0 0.2309830862358019 0.0 0.0 0.0 0.1687304219595514 0.06751825462722587 0.36922645688692546 0.0 0.0 0.0 0.0 0.11883139340006894 0.0 0.10550062856196114 0.10193464229701732 0.0 0.10222966409329287 0.491366902480332 0.05142258617672193 0.15898233388215274 0.34638964354112134 0.0 0.0 0.0 0.0 0.0 0.0 0.0 0.0 0.0 0.0 0.0 0.0 0.0 0.0 0.0 0.0 0.0 0.0 0.0 0.0 0.0 0.0 0.0 0.0 0.0 0.0 0.0 0.0 0.0 0.0 0.0 0.0 0.0 0.0 0.0 0.0 0.0
a3dd3acpmvdvca
he said that pakistan was a sovereign nation and about the investigation on the information received from india no countrys
0.11874611298141727 0.11070007418579311 0.060403721212989994 0.11788417431018003 0.0 0.0 0.0 0.0 0.04969825199011459 0.0 0.042648059182955333 0.2782557380490303 0.0 0.24253224054759198 0.278688641186186 0.12064473197140195 0.15067583683469668 0.0 0.07089416735858717 0.3876877797312717 0.09365038811879016 0.0 0.0 0.0 0.0 0.0 0.0 0.0 0.0 0.0 0.0 0.0 0.0 0.0 0.10989094654970662 0.2377092272382139 0.15580218777818666 0.1664224225796545 0.3164860452761348 0.0 0.0 0.0 0.0 0.0 0.0 0.0 0.0 0.0 0.0 0.0 0.0 0.0 0.0 0.0 0.0 0.0 0.0 0.0 0.0 0.0 0.0 0.0 0.0 0.0 0.0 0.0 0.0 0.0 0.0 0.0 0.0
a172x4w90uost1
when men become organized into very large groups and civilization develops it is possible to get freedom from hunger thirst cold heat
0.0 0.0 0.0 0.0 0.05940070540157392 0.0 0.0 0.0 0.04518022908192236 0.0 0.0 0.0 0.0 0.0 0.0 0.10967702906491086 0.0 0.0 0.0 0.0 0.0 0.0 0.0 0.0 0.0 0.0 0.0 0.0 0.0 0.0 0.0 0.04908519589596184 0.0 0.0 0.0 0.0 0.0 0.0 0.0 0.14806229932620604 0.2406738377836679 0.19154144180327207 0.30614481880140276 0.20916714775821585 0.1884054021902288 0.24506596667862574 0.2088690840970268 0.3402496185468525 0.3691581988523069 0.09205251986484661 0.21991209221568087 0.19772715418643658 0.25925383796571416 0.31597314191365894 0.36436908450422384 0.3025065139071511 0.3560817410135896 0.0 0.0 0.0 0.0 0.0 0.0 0.0 0.0 0.0 0.0 0.0 0.0 0.0 0.0
a1sanjgoj47idf
they said pakistan is an independent country and do investigation on information provided by india from any country
0.0 0.12300008242865901 0.0 0.13098241590020004 0.07260086215747924 0.1639091814319772 0.0 0.4340985204863415 0.05522027998901621 0.0 0.0 0.30917304227670034 0.0 0.2694802672751022 0.0 0.13404970219044662 0.1674175964829963 0.19685215895280994 0.0 0.0 0.10405598679865574 0.0 0.0 0.305467965915663 0.13863662563341378 0.0 0.0 0.0 0.0 0.0 0.0 0.0 0.0 0.0 0.0 0.0 0.0 0.0 0.0 0.0 0.0 0.0 0.0 0.0 0.0 0.0 0.0 0.0 0.0 0.0 0.0 0.0 0.0 0.0 0.0 0.0 0.0 0.14353937544801054 0.39225602300363827 0.17987983641089939 0.0 0.0 0.0 0.0 0.0 0.0 0.0 0.0 0.0 0.0 0.0
a1aczgd5azz3r7
he said that pakistan is an independent country from india and is not receiving any information by the investigation of the country
0.10795101180128842 0.10063643107799373 0.0549124738299909 0.10716743119107276 0.11880141080314784 0.13410751208070862 0.0 0.3551715167615522 0.04518022908192236 0.0 0.03877096289359576 0.2529597618627548 0.03817917193626447 0.22048385504326545 0.0 0.10967702906491086 0.1369780334860879 0.1610608573250263 0.0 0.0 0.0 0.0 0.0 0.0 0.11342996642733855 0.0 0.0 0.09730124946533471 0.0 0.0 0.0 0.0 0.0 0.0 0.0 0.0 0.0 0.0 0.0 0.0 0.0 0.0 0.0 0.0 0.0 0.0 0.0 0.0 0.0 0.0 0.0 0.0 0.0 0.0 0.0 0.0 0.0 0.0 0.32093674609388584 0.0 0.29213112063528834 0.0 0.0 0.0 0.0 0.0 0.0 0.0 0.0 0.0 0.0
a2m2x4nfhzuqky
he said that pakistan was a sovereign nation and about the investigation on the information received from india no countrys
0.11874611298141727 0.11070007418579311 0.060403721212989994 0.11788417431018003 0.0 0.0 0.0 0.0 0.04969825199011459 0.0 0.042648059182955333 0.2782557380490303 0.0 0.24253224054759198 0.278688641186186 0.12064473197140195 0.15067583683469668 0.0 0.07089416735858717 0.3876877797312717 0.09365038811879016 0.0 0.0 0.0 0.0 0.0 0.0 0.0 0.0 0.0 0.0 0.0 0.0 0.0 0.10989094654970662 0.2377092272382139 0.15580218777818666 0.1664224225796545 0.3164860452761348 0.0 0.0 0.0 0.0 0.0 0.0 0.0 0.0 0.0 0.0 0.0 0.0 0.0 0.0 0.0 0.0 0.0 0.0 0.0 0.0 0.0 0.0 0.0 0.0 0.0 0.0 0.0 0.0 0.0 0.0 0.0 0.0
a2zhr3rebfem5a
he said that pakistan was a sovereign nation and that when it came to the investigation of the information received from india no countrys
0.09895509415118105 0.09225006182149426 0.10067286868831665 0.09823681192515003 0.0 0.0 0.0 0.0 0.04141520999176216 0.0 0.03554004931912944 0.23187978170752524 0.03499757427490909 0.20211020045632666 0.23224053432182168 0.10053727664283496 0.12556319736224722 0.0 0.05907847279882264 0.3230731497760598 0.0 0.0 0.0 0.0 0.0 0.0 0.0 0.0 0.0 0.0 0.0 0.04499476290463169 0.0 0.0 0.09157578879142218 0.19809102269851156 0.0 0.1386853521497121 0.26373837106344566 0.13572377438235553 0.0 0.0 0.0 0.0 0.0 0.0 0.0 0.0 0.0 0.08438147654277606 0.0 0.0 0.0 0.0 0.0 0.0 0.0 0.0 0.0 0.0 0.0 0.20072694756426016 0.0 0.0 0.0 0.0 0.0 0.0 0.0 0.0 0.0
a1c0lbe9vl3ax
he said that pakistan was a sovereign nation and about the investigation on the information received from india no countrys
0.11874611298141727 0.11070007418579311 0.060403721212989994 0.11788417431018003 0.0 0.0 0.0 0.0 0.04969825199011459 0.0 0.042648059182955333 0.2782557380490303 0.0 0.24253224054759198 0.278688641186186 0.12064473197140195 0.15067583683469668 0.0 0.07089416735858717 0.3876877797312717 0.09365038811879016 0.0 0.0 0.0 0.0 0.0 0.0 0.0 0.0 0.0 0.0 0.0 0.0 0.0 0.10989094654970662 0.2377092272382139 0.15580218777818666 0.1664224225796545 0.3164860452761348 0.0 0.0 0.0 0.0 0.0 0.0 0.0 0.0 0.0 0.0 0.0 0.0 0.0 0.0 0.0 0.0 0.0 0.0 0.0 0.0 0.0 0.0 0.0 0.0 0.0 0.0 0.0 0.0 0.0 0.0 0.0 0.0
a2bk4fasw056jr
when men become organized in civilization it is possible to be freed from hunger thirst cold and heat
0.0 0.0 0.0 0.0 0.07260086215747924 0.0 0.0 0.0 0.05522027998901621 0.05721281680314895 0.0 0.0 0.0 0.0 0.0 0.13404970219044662 0.0 0.0 0.0 0.0 0.0 0.0 0.0 0.0 0.0 0.0 0.0 0.0 0.0 0.11926794144217502 0.0 0.059993017206175586 0.0 0.0 0.0 0.0 0.0 0.0 0.0 0.1809650325098074 0.2941569128467052 0.23410620664844364 0.37417700075727 0.0 0.0 0.0 0.0 0.4158606448905975 0.0 0.11250863539036808 0.26878144604138776 0.0 0.0 0.3861893956722498 0.4453399921718291 0.3697301836642958 0.43521101679438723 0.0 0.0 0.0 0.0 0.0 0.38072050273818026 0.0 0.0 0.0 0.0 0.0 0.0 0.0 0.0
a291u81kgj6l9n
when men become organized into very large groups and civilization develops it is possible to get away from hunger thirst cold heat
0.0 0.0 0.0 0.0 0.05940070540157392 0.0 0.0 0.0 0.04518022908192236 0.0 0.0 0.0 0.0 0.0 0.0 0.10967702906491086 0.0 0.0 0.0 0.0 0.0 0.0 0.0 0.0 0.0 0.0 0.0 0.0 0.0 0.0 0.0 0.04908519589596184 0.0 0.0 0.0 0.0 0.0 0.0 0.0 0.14806229932620604 0.2406738377836679 0.19154144180327207 0.30614481880140276 0.20916714775821585 0.1884054021902288 0.24506596667862574 0.2088690840970268 0.3402496185468525 0.3691581988523069 0.09205251986484661 0.21991209221568087 0.19772715418643658 0.0 0.31597314191365894 0.36436908450422384 0.3025065139071511 0.3560817410135896 0.0 0.0 0.0 0.0 0.0 0.0 0.2342690444619753 0.0 0.0 0.0 0.0 0.0 0.0 0.0
a307ah7ktmo57u
when men become organized into very large groups and civilization develops it is possible to become free from hunger thirst cold or heat
0.0 0.0 0.0 0.0 0.0568180660362881 0.0 0.0 0.0 0.04321587129575182 0.0 0.0 0.0 0.0 0.0 0.0 0.10490846258382779 0.0 0.0 0.0 0.0 0.0 0.0 0.0 0.0 0.0 0.0 0.0 0.0 0.0 0.0 0.0 0.0469510569439635 0.0 0.0 0.0 0.0 0.0 0.0 0.0 0.1416248080511536 0.23020975788003017 0.36642710605843354 0.2928341745056896 0.20007292394264126 0.18021386296456668 0.23441092464912028 0.19978781957106911 0.32545615687090235 0.35310784238046744 0.08805023639246197 0.21035069690195562 0.0 0.0 0.30223517922176074 0.34852695039534454 0.2893540567807532 0.34059992618691176 0.0 0.0 0.0 0.0 0.0 0.0 0.0 0.262097630910373 0.1404476597135468 0.0 0.0 0.0 0.0 0.0
a2qxd8jqk5bvez
they said pakistan is an independent country and does investigate information provided by india and from any other country
0.0 0.11652639387978221 0.0 0.12408860453703162 0.06877976414919085 0.15528238240924155 0.0 0.4112512299344288 0.10462789892655704 0.0 0.0 0.0 0.0 0.25529709531325473 0.0 0.1269944547067389 0.15860614403652282 0.1864915190079252 0.0 0.0 0.0 0.0 0.0 0.28939070455168076 0.13133996112639199 0.0 0.0 0.0 0.0 0.0 0.0 0.0 0.17571731639606356 0.0 0.0 0.0 0.0 0.0 0.0 0.0 0.0 0.0 0.0 0.0 0.0 0.0 0.0 0.0 0.0 0.0 0.0 0.0 0.0 0.0 0.0 0.0 0.0 0.1359846714770626 0.3716109691613415 0.0 0.0 0.0 0.0 0.0 0.0 0.0 0.22073797690488242 0.3559661521367135 0.0 0.0 0.0
a6tw9zegog7ph
they said pakistan is an independent country and will investigate information provided by india from any country
0.0 0.13023538139505073 0.0 0.13868726389432945 0.07687150110791918 0.1735508979867994 0.0 0.4596337275737734 0.058468531753075995 0.0 0.0 0.0 0.0 0.28533204770304943 0.0 0.14193497878988465 0.1772656903937608 0.20843169771473996 0.0 0.0 0.0 0.0 0.0 0.32343666979305497 0.14679172125890871 0.0 0.13032430587065788 0.0 0.0 0.0 0.0 0.0 0.0 0.0 0.0 0.0 0.0 0.0 0.0 0.0 0.0 0.0 0.0 0.0 0.0 0.0 0.0 0.0 0.0 0.0 0.0 0.0 0.0 0.0 0.0 0.0 0.0 0.15198286812142292 0.41532990670973463 0.0 0.0 0.0 0.0 0.0 0.0 0.0 0.0 0.39784452297632683 0.0 0.0 0.0
a6iowpyua159p
they said pakistan is an independent country and does investigations based on information provided by india and from any country
0.0 0.11070007418579311 0.0 0.11788417431018003 0.06534077594173131 0.14751826328877948 0.0 0.3906886684377074 0.09939650398022919 0.0 0.0 0.0 0.0 0.24253224054759198 0.0 0.12064473197140195 0.15067583683469668 0.17716694305752895 0.0 0.0 0.09365038811879016 0.31934396596813225 0.0 0.2749211693240967 0.12477296307007239 0.0 0.0 0.0 0.0 0.0 0.0 0.0 0.0 0.0 0.0 0.0 0.0 0.0 0.0 0.0 0.0 0.0 0.0 0.0 0.0 0.0 0.0 0.0 0.0 0.0 0.0 0.0 0.0 0.0 0.0 0.0 0.0 0.1291854379032095 0.35303042070327445 0.0 0.0 0.0 0.0 0.0 0.0 0.0 0.2097010780596383 0.0 0.2745195607392335 0.0 0.0
arq4j4tltpbnc
he said that pakistan is an independent country separate from india and is not receiving any news concerning the investigation of the country
0.10325748954905849 0.0962609340746027 0.052524974967817384 0.10250797766102612 0.1136361320725762 0.1282767506858952 0.0 0.3397292769023542 0.04321587129575182 0.0 0.037085268854743766 0.24196151134698288 0.036519207939035576 0.0 0.0 0.10490846258382779 0.1310224668127797 0.154058211354373 0.0 0.0 0.0 0.0 0.0 0.0 0.0 0.0 0.0 0.09307076035814625 0.0 0.0 0.0 0.0 0.0 0.3162688049723282 0.0 0.0 0.0 0.0 0.0 0.0 0.0 0.0 0.0 0.0 0.0 0.0 0.0 0.0 0.0 0.0 0.0 0.0 0.0 0.0 0.0 0.0 0.0 0.0 0.30698297452458645 0.0 0.27942976756418886 0.0 0.0 0.0 0.0 0.0 0.0 0.0 0.0 0.29405899524337203 0.18389826420174454
