absolutely correct correctly said rightly stated very true that was accurately this is
absolutely correct
3.549914563609385 2.9499321721451865 0.0 0.0 0.0 0.0 0.0 0.0 0.0 0.0 0.0 0.0 0.0
correctly said
0.0 0.0 4.060740187375376 1.107000741857931 0.0 0.0 0.0 0.0 0.0 0.0 0.0 0.0 0.0
absolutely correct
3.549914563609385 2.9499321721451865 0.0 0.0 0.0 0.0 0.0 0.0 0.0 0.0 0.0 0.0 0.0
rightly said
0.0 0.0 0.0 1.107000741857931 3.8053273754923804 0.0 0.0 0.0 0.0 0.0 0.0 0.0 0.0
a3dd3acpmvdvca
absolutely correctly stated
2.3666097090729235 0.0 2.7071601249169173 0.0 0.0 1.733570379890072 0.0 0.0 0.0 0.0 0.0 0.0 0.0
a1hb5veh552cys
very rightly said
0.0 0.0 0.0 0.738000494571954 2.53688491699492 0.0 1.381639616061678 0.0 0.0 0.0 0.0 0.0 0.0
a2de039cxxjuga
rightly said
0.0 0.0 0.0 1.107000741857931 3.8053273754923804 0.0 0.0 0.0 0.0 0.0 0.0 0.0 0.0
a132zmwemnnusa
absolutely true
3.549914563609385 0.0 0.0 0.0 0.0 0.0 0.0 2.444679661566265 0.0 0.0 0.0 0.0 0.0
attzel5iaoiw5
absolutely correctly stated
2.3666097090729235 0.0 2.7071601249169173 0.0 0.0 1.733570379890072 0.0 0.0 0.0 0.0 0.0 0.0 0.0
awmob8jnvgesj
absolutely correctly stated
2.3666097090729235 0.0 2.7071601249169173 0.0 0.0 1.733570379890072 0.0 0.0 0.0 0.0 0.0 0.0 0.0
a9x4g4wpj27d6
that was absolutely correctly stated
1.4199658254437542 0.0 1.6242960749501503 0.0 0.0 1.040142227934043 0.0 0.0 0.24161488485195998 0.43956378619882647 0.0 0.0 0.0
a1nee8mf6oybf8
very rightly said
0.0 0.0 0.0 0.738000494571954 2.53688491699492 0.0 1.381639616061678 0.0 0.0 0.0 0.0 0.0 0.0
a2qxd8jqk5bvez
very rightly said
0.0 0.0 0.0 0.738000494571954 2.53688491699492 0.0 1.381639616061678 0.0 0.0 0.0 0.0 0.0 0.0
a118e3i38jssxi
very accurately said
0.0 0.0 0.0 0.738000494571954 0.0 0.0 1.381639616061678 0.0 0.0 0.0 3.439568317362324 0.0 0.0
a3qu3km3iywhif
rightly said
0.0 0.0 0.0 1.107000741857931 3.8053273754923804 0.0 0.0 0.0 0.0 0.0 0.0 0.0 0.0
amjejkgf6r4hk
rightly said
0.0 0.0 0.0 1.107000741857931 3.8053273754923804 0.0 0.0 0.0 0.0 0.0 0.0 0.0 0.0
a230hf2okthmdz
rightly said
0.0 0.0 0.0 1.107000741857931 3.8053273754923804 0.0 0.0 0.0 0.0 0.0 0.0 0.0 0.0
a477wg206bmm6
this is absolutely true
1.7749572818046926 0.0 0.0 0.0 0.0 0.0 0.0 1.2223398307831326 0.0 0.0 0.0 0.42837522083700497 0.32670387970865655
