in addition to bavaria thinking is being done along the same lines province of hamburg besides also on apart from these as baweria mentions have been made his letters about humberg except baaveria a part planned other than hemberg working pattern within most plan
in addition to bavaria thinking is being done along the same lines in the province of hamburg
0.12115655323019778 0.34921637161253466 0.06352201821830356 0.4278930890802087 0.3110745312173256 0.07687150110791918 0.215033662123304 0.27068689709886756 0.29106276023290045 0.0501741872740651 0.25771580864732613 0.3701972506677542 0.3110745312173256 0.04940834015281284 0.41763700748345706 0.0 0.0 0.0 0.0 0.0 0.0 0.0 0.0 0.0 0.0 0.0 0.0 0.0 0.0 0.0 0.0 0.0 0.0 0.0 0.0 0.0 0.0 0.0 0.0 0.0 0.0 0.0 0.0 0.0
besides bavaria the province of hamburg is also thinking on the same lines
0.0 0.0 0.0 0.5595525011048883 0.40678977159188734 0.10052427067958664 0.0 0.0 0.0 0.0656123987430082 0.33701298053881107 0.4841040970270632 0.40678977159188734 0.06461090635367833 0.5461407020937515 0.44675734196693234 0.21224195815994393 0.1440775201827541 0.0 0.0 0.0 0.0 0.0 0.0 0.0 0.0 0.0 0.0 0.0 0.0 0.0 0.0 0.0 0.0 0.0 0.0 0.0 0.0 0.0 0.0 0.0 0.0 0.0 0.0
apart from bavaria hamburg is also thinking on these lines
0.0 0.0 0.0 0.7274182514363547 0.5288267030694536 0.13068155188346262 0.0 0.0 0.0 0.0 0.0 0.6293353261351822 0.0 0.0 0.7099829127218771 0.0 0.2759145456079271 0.18730077623758032 0.557377282372372 0.2412894639428039 0.30115026373222326 0.0 0.0 0.0 0.0 0.0 0.0 0.0 0.0 0.0 0.0 0.0 0.0 0.0 0.0 0.0 0.0 0.0 0.0 0.0 0.0 0.0 0.0 0.0
the province of hamburg is thinking along the same lines as bavaria
0.0 0.0 0.0 0.6061818761969623 0.4406889192245446 0.10890129323621885 0.0 0.0 0.41233891032994235 0.07108009863825888 0.365097395583712 0.5244461051126518 0.4406889192245446 0.06999514854981818 0.5916524272682309 0.0 0.0 0.0 0.0 0.0 0.0 0.21960843925276205 0.0 0.0 0.0 0.0 0.0 0.0 0.0 0.0 0.0 0.0 0.0 0.0 0.0 0.0 0.0 0.0 0.0 0.0 0.0 0.0 0.0 0.0
a1wyssw33m2fz2
besides baweria hamburg is also thinking in the same lines
0.1029830702456681 0.0 0.0 0.0 0.5288267030694536 0.13068155188346262 0.0 0.0 0.0 0.042648059182955333 0.4381168747004544 0.6293353261351822 0.0 0.0 0.7099829127218771 0.5807845445570121 0.2759145456079271 0.0 0.0 0.0 0.0 0.0 0.8526945482858915 0.0 0.0 0.0 0.0 0.0 0.0 0.0 0.0 0.0 0.0 0.0 0.0 0.0 0.0 0.0 0.0 0.0 0.0 0.0 0.0 0.0
a172x4w90uost1
mentions have been made in his letters about humberg except baaveria
0.09362097295060737 0.0 0.0 0.0 0.0 0.0 0.0 0.0 0.0 0.0 0.0 0.0 0.0 0.0 0.0 0.0 0.0 0.0 0.0 0.0 0.0 0.0 0.0 0.7917515490593519 0.2079972752716754 0.26770028115789185 0.3551715167615522 0.24276744738045916 0.6148506264179597 0.28327670505124847 0.8120373264515528 0.680499237093705 0.7751768620780832 0.0 0.0 0.0 0.0 0.0 0.0 0.0 0.0 0.0 0.0 0.0
a2llfcd7di80k3
a part from bavaria the same is being planned in hamburg
0.09362097295060737 0.0 0.0 0.6612893194875953 0.0 0.11880141080314784 0.3323247505541971 0.0 0.0 0.03877096289359576 0.398288067909504 0.0 0.0 0.0 0.6454390115653428 0.0 0.0 0.0 0.0 0.21935405812982173 0.0 0.0 0.0 0.0 0.0 0.0 0.0 0.0 0.0 0.0 0.0 0.0 0.0 0.12889848610652213 0.4308159205546135 0.6612893194875953 0.0 0.0 0.0 0.0 0.0 0.0 0.0 0.0
a8v7wa74iohz9
other than bavaria hemberg is also working on same pattern
0.0 0.0 0.0 0.7274182514363547 0.0 0.13068155188346262 0.0 0.0 0.0 0.0 0.4381168747004544 0.0 0.0 0.0 0.0 0.0 0.2759145456079271 0.18730077623758032 0.0 0.0 0.0 0.0 0.0 0.0 0.0 0.0 0.0 0.0 0.0 0.0 0.0 0.0 0.0 0.0 0.0 0.0 0.33386290115252076 0.4157497630391894 0.893241059096708 0.5458892547725298 0.8016119859092925 0.0 0.0 0.0
a1q4bk19vweq6c
besides bavaria hamburg is also thinking along the same lines
0.0 0.0 0.0 0.7274182514363547 0.5288267030694536 0.13068155188346262 0.0 0.0 0.4948066923959308 0.042648059182955333 0.4381168747004544 0.6293353261351822 0.0 0.0 0.7099829127218771 0.5807845445570121 0.2759145456079271 0.0 0.0 0.0 0.0 0.0 0.0 0.0 0.0 0.0 0.0 0.0 0.0 0.0 0.0 0.0 0.0 0.0 0.0 0.0 0.0 0.0 0.0 0.0 0.0 0.0 0.0 0.0
a2esj6gmukae8v
besides baweria hamburg is also thinking in the same lines
0.1029830702456681 0.0 0.0 0.0 0.5288267030694536 0.13068155188346262 0.0 0.0 0.0 0.042648059182955333 0.4381168747004544 0.6293353261351822 0.0 0.0 0.7099829127218771 0.5807845445570121 0.2759145456079271 0.0 0.0 0.0 0.0 0.0 0.8526945482858915 0.0 0.0 0.0 0.0 0.0 0.0 0.0 0.0 0.0 0.0 0.0 0.0 0.0 0.0 0.0 0.0 0.0 0.0 0.0 0.0 0.0
a3jbnhlk1t5829
besides baweria hamburg is also thinking within the same lines
0.0 0.0 0.0 0.0 0.5288267030694536 0.13068155188346262 0.0 0.0 0.0 0.042648059182955333 0.4381168747004544 0.6293353261351822 0.0 0.0 0.7099829127218771 0.5807845445570121 0.2759145456079271 0.0 0.0 0.0 0.0 0.0 0.8526945482858915 0.0 0.0 0.0 0.0 0.0 0.0 0.0 0.0 0.0 0.0 0.0 0.0 0.0 0.0 0.0 0.0 0.0 0.0 0.54359030295006 0.0 0.0
attzel5iaoiw5
mentions have been made in his letters about humberg except baaveria
0.09362097295060737 0.0 0.0 0.0 0.0 0.0 0.0 0.0 0.0 0.0 0.0 0.0 0.0 0.0 0.0 0.0 0.0 0.0 0.0 0.0 0.0 0.0 0.0 0.7917515490593519 0.2079972752716754 0.26770028115789185 0.3551715167615522 0.24276744738045916 0.6148506264179597 0.28327670505124847 0.8120373264515528 0.680499237093705 0.7751768620780832 0.0 0.0 0.0 0.0 0.0 0.0 0.0 0.0 0.0 0.0 0.0
aa1hdtufsq32b
mentions have been made in his letters about humberg except baaveria
0.09362097295060737 0.0 0.0 0.0 0.0 0.0 0.0 0.0 0.0 0.0 0.0 0.0 0.0 0.0 0.0 0.0 0.0 0.0 0.0 0.0 0.0 0.0 0.0 0.7917515490593519 0.2079972752716754 0.26770028115789185 0.3551715167615522 0.24276744738045916 0.6148506264179597 0.28327670505124847 0.8120373264515528 0.680499237093705 0.7751768620780832 0.0 0.0 0.0 0.0 0.0 0.0 0.0 0.0 0.0 0.0 0.0
awmob8jnvgesj
mentions have been made in his most of his letters about humberg except bavaria
0.07355933588976293 0.0 0.0 0.519584465311682 0.0 0.0 0.0 0.0 0.0 0.0 0.0 0.0 0.0 0.05999584161412987 0.0 0.0 0.0 0.0 0.0 0.0 0.0 0.0 0.0 0.6220905028323479 0.1634264305706021 0.21033593519548646 0.2790633345983624 0.3814917030264358 0.4830969207569683 0.2225745539688381 0.63802932792622 0.5346779720021967 0.0 0.0 0.0 0.0 0.0 0.0 0.0 0.0 0.0 0.0 0.3241401025924744 0.0
a1wgq344wqriu5
a part from bavaria the same is being planned in hamburg
0.09362097295060737 0.0 0.0 0.6612893194875953 0.0 0.11880141080314784 0.3323247505541971 0.0 0.0 0.03877096289359576 0.398288067909504 0.0 0.0 0.0 0.6454390115653428 0.0 0.0 0.0 0.0 0.21935405812982173 0.0 0.0 0.0 0.0 0.0 0.0 0.0 0.0 0.0 0.0 0.0 0.0 0.0 0.12889848610652213 0.4308159205546135 0.6612893194875953 0.0 0.0 0.0 0.0 0.0 0.0 0.0 0.0
a2bk4fasw056jr
a part from bavaria the same is being planned in hamburg
0.09362097295060737 0.0 0.0 0.6612893194875953 0.0 0.11880141080314784 0.3323247505541971 0.0 0.0 0.03877096289359576 0.398288067909504 0.0 0.0 0.0 0.6454390115653428 0.0 0.0 0.0 0.0 0.21935405812982173 0.0 0.0 0.0 0.0 0.0 0.0 0.0 0.0 0.0 0.0 0.0 0.0 0.0 0.12889848610652213 0.4308159205546135 0.6612893194875953 0.0 0.0 0.0 0.0 0.0 0.0 0.0 0.0
ajcv8bvciqxhp
a part of the bavaria plan is also being planned in hamburg
0.08581922520472342 0.0 0.0 0.6061818761969623 0.0 0.10890129323621885 0.3046310213413473 0.0 0.0 0.03554004931912944 0.0 0.0 0.0 0.06999514854981818 0.5916524272682309 0.0 0.2299287880066059 0.0 0.0 0.0 0.0 0.0 0.0 0.0 0.0 0.0 0.0 0.0 0.0 0.0 0.0 0.0 0.0 0.11815694559764528 0.39491459384172906 0.6061818761969623 0.0 0.0 0.0 0.0 0.0 0.0 0.0 0.4266839934017621
a312kfq78wb3a4
other than bavaria hemberg is also working on the same pattern
0.0 0.0 0.0 0.6612893194875953 0.0 0.11880141080314784 0.0 0.0 0.0 0.03877096289359576 0.398288067909504 0.0 0.0 0.0 0.0 0.0 0.2508314050981155 0.17027343294325484 0.0 0.0 0.0 0.0 0.0 0.0 0.0 0.0 0.0 0.0 0.0 0.0 0.0 0.0 0.0 0.0 0.0 0.0 0.3035117283204734 0.3779543300356268 0.8120373264515528 0.49626295888411803 0.7287381690084477 0.0 0.0 0.0
