despite international diplomatic efforts there hasnt been a ceasefire yet is no the war has not ceased so far global could be stopped worldwide to date was possible world diplomacy till now resulted in cease fire until this time with ambassador spite of it did reach still day have ambassadors only can stop at ceisefire reached
despite international diplomatic efforts there hasnt been a ceasefire yet
0.5056014763182085 0.45951198501345897 0.5924255797414533 0.4777441406928545 0.28639850027229696 0.9220092663418861 0.294470309273681 0.14178833471717434 0.5206717163730428 0.542086515213606 0.0 0.0 0.0 0.0 0.0 0.0 0.0 0.0 0.0 0.0 0.0 0.0 0.0 0.0 0.0 0.0 0.0 0.0 0.0 0.0 0.0 0.0 0.0 0.0 0.0 0.0 0.0 0.0 0.0 0.0 0.0 0.0 0.0 0.0 0.0 0.0 0.0 0.0 0.0 0.0 0.0 0.0 0.0 0.0 0.0 0.0
despite international diplomatic efforts there is no ceasefire yet
0.5617794181313428 0.5105688722371766 0.6582506441571703 0.5308268229920605 0.31822055585810777 0.0 0.0 0.0 0.5785241293033808 0.6023183502373399 0.14520172431495848 0.36982760573256557 0.0 0.0 0.0 0.0 0.0 0.0 0.0 0.0 0.0 0.0 0.0 0.0 0.0 0.0 0.0 0.0 0.0 0.0 0.0 0.0 0.0 0.0 0.0 0.0 0.0 0.0 0.0 0.0 0.0 0.0 0.0 0.0 0.0 0.0 0.0 0.0 0.0 0.0 0.0 0.0 0.0 0.0 0.0 0.0
the war has not ceased so far despite international diplomatic efforts
0.4596377057438259 0.4177381681940536 0.5385687088558666 0.43431285517532225 0.0 0.0 0.0 0.0 0.0 0.0 0.0 0.0 0.03877096289359576 0.3300318398309281 0.18661796526647487 0.19460249893066942 0.7917515490593519 0.3212952626772116 0.4332495788332139 0.0 0.0 0.0 0.0 0.0 0.0 0.0 0.0 0.0 0.0 0.0 0.0 0.0 0.0 0.0 0.0 0.0 0.0 0.0 0.0 0.0 0.0 0.0 0.0 0.0 0.0 0.0 0.0 0.0 0.0 0.0 0.0 0.0 0.0 0.0 0.0 0.0
despite global diplomatic efforts the war could not yet be stopped
0.4596377057438259 0.0 0.5385687088558666 0.43431285517532225 0.0 0.0 0.0 0.0 0.0 0.4928059229214599 0.0 0.0 0.03877096289359576 0.3300318398309281 0.0 0.19460249893066942 0.0 0.0 0.0 0.524075278226039 0.39203198113502163 0.19516572235992277 0.5320724394029442 0.0 0.0 0.0 0.0 0.0 0.0 0.0 0.0 0.0 0.0 0.0 0.0 0.0 0.0 0.0 0.0 0.0 0.0 0.0 0.0 0.0 0.0 0.0 0.0 0.0 0.0 0.0 0.0 0.0 0.0 0.0 0.0 0.0
a3dd3acpmvdvca
despite worldwide diplomatic efforts to date a ceasefire was not possible
0.4596377057438259 0.0 0.5385687088558666 0.43431285517532225 0.0 0.0 0.0 0.12889848610652213 0.4733379239754934 0.0 0.0 0.0 0.0 0.0 0.0 0.19460249893066942 0.0 0.0 0.0 0.0 0.0 0.0 0.0 0.6860105663497446 0.09817039179192368 0.6258834316001658 0.19980172099946658 0.43982418443136173 0.0 0.0 0.0 0.0 0.0 0.0 0.0 0.0 0.0 0.0 0.0 0.0 0.0 0.0 0.0 0.0 0.0 0.0 0.0 0.0 0.0 0.0 0.0 0.0 0.0 0.0 0.0 0.0
alzgu09bjzsiw
world diplomacy efforts has till now not resulted in a cease fire
0.0 0.0 0.0 0.3981201172440454 0.0 0.0 0.0 0.11815694559764528 0.0 0.0 0.0 0.0 0.0 0.0 0.1710664681609353 0.1783856240197803 0.0 0.0 0.0 0.0 0.0 0.0 0.0 0.0 0.0 0.0 0.0 0.0 0.2767590807587537 0.6023052082273879 0.46448106864364336 0.2855052759095735 0.5685164492183742 0.08581922520472342 0.5133184890606083 0.42352191577141846 0.0 0.0 0.0 0.0 0.0 0.0 0.0 0.0 0.0 0.0 0.0 0.0 0.0 0.0 0.0 0.0 0.0 0.0 0.0 0.0
a353ocl6lm6m4o
the war could not stopped until this time with world ambassador efforts
0.0 0.0 0.0 0.3981201172440454 0.0 0.0 0.0 0.0 0.0 0.0 0.0 0.0 0.03554004931912944 0.3025291865116841 0.0 0.1783856240197803 0.0 0.0 0.0 0.0 0.3593626493737698 0.0 0.4877330694526989 0.0 0.0 0.0 0.0 0.0 0.2767590807587537 0.0 0.0 0.0 0.0 0.0 0.0 0.0 0.37816345302455345 0.14279174027900166 0.31724663520352026 0.19586545433952116 0.5095010277246671 0.0 0.0 0.0 0.0 0.0 0.0 0.0 0.0 0.0 0.0 0.0 0.0 0.0 0.0 0.0
a28e6z78qj2yz6
in spite of international diplomatic efforts yet it did not reach to ceasefire
0.0 0.35347075770266073 0.45571198441650246 0.3674954928406573 0.0 0.0 0.0 0.0 0.4005167049023406 0.4169896270873892 0.0 0.0 0.0 0.0 0.0 0.16466365294133567 0.0 0.0 0.0 0.0 0.0 0.0 0.0 0.0 0.08306725459316619 0.0 0.0 0.0 0.0 0.0 0.0 0.0 0.0 0.07921774634282162 0.0 0.0 0.0 0.0 0.0 0.0 0.0 0.513932214796968 0.06461090635367833 0.15578118746358657 0.3104952465531511 0.5026550244745162 0.0 0.0 0.0 0.0 0.0 0.0 0.0 0.0 0.0 0.0
a2qxd8jqk5bvez
despite worldwide diplomatic efforts to date a ceasefire was not possible
0.4596377057438259 0.0 0.5385687088558666 0.43431285517532225 0.0 0.0 0.0 0.12889848610652213 0.4733379239754934 0.0 0.0 0.0 0.0 0.0 0.0 0.19460249893066942 0.0 0.0 0.0 0.0 0.0 0.0 0.0 0.6860105663497446 0.09817039179192368 0.6258834316001658 0.19980172099946658 0.43982418443136173 0.0 0.0 0.0 0.0 0.0 0.0 0.0 0.0 0.0 0.0 0.0 0.0 0.0 0.0 0.0 0.0 0.0 0.0 0.0 0.0 0.0 0.0 0.0 0.0 0.0 0.0 0.0 0.0
a330jjzgjl7ig2
despite worldwide diplomatic efforts to date a ceasefire has not been possible
0.4213345635985071 0.0 0.4936879831178777 0.3981201172440454 0.0 0.0 0.2453919243947342 0.11815694559764528 0.43389309697753564 0.0 0.0 0.0 0.0 0.0 0.1710664681609353 0.1783856240197803 0.0 0.0 0.0 0.0 0.0 0.0 0.0 0.6288430191539325 0.08998952580926338 0.5737264789668187 0.0 0.4031721690620816 0.0 0.0 0.0 0.0 0.0 0.0 0.0 0.0 0.0 0.0 0.0 0.0 0.0 0.0 0.0 0.0 0.0 0.0 0.0 0.0 0.0 0.0 0.0 0.0 0.0 0.0 0.0 0.0
a1fxoxn23tdqwc
to date a ceasefire was not possible despite worldwide diplomatic efforts
0.4596377057438259 0.0 0.5385687088558666 0.43431285517532225 0.0 0.0 0.0 0.12889848610652213 0.4733379239754934 0.0 0.0 0.0 0.0 0.0 0.0 0.19460249893066942 0.0 0.0 0.0 0.0 0.0 0.0 0.0 0.6860105663497446 0.09817039179192368 0.6258834316001658 0.19980172099946658 0.43982418443136173 0.0 0.0 0.0 0.0 0.0 0.0 0.0 0.0 0.0 0.0 0.0 0.0 0.0 0.0 0.0 0.0 0.0 0.0 0.0 0.0 0.0 0.0 0.0 0.0 0.0 0.0 0.0 0.0
a1yqg4gns4or
world diplomacy efforts still to this day have not resulted in a cease fire
0.0 0.0 0.0 0.34124581478061033 0.0 0.0 0.0 0.10127738194083881 0.0 0.0 0.0 0.0 0.0 0.0 0.0 0.15290196344552598 0.0 0.0 0.0 0.0 0.0 0.0 0.0 0.0 0.07713387926508289 0.0 0.0 0.0 0.23722206922178887 0.5162616070520467 0.0 0.0 0.4872998136157493 0.07355933588976293 0.4399872763376642 0.3630187849469301 0.0 0.12239292023914428 0.0 0.0 0.0 0.0 0.0 0.0 0.0 0.0 0.30475827022589674 0.2798891076270107 0.1634264305706021 0.0 0.0 0.0 0.0 0.0 0.0 0.0
a2blrglxnlm1uq
world diplomacy efforts have not resulted in cease fire until now
0.0 0.0 0.0 0.43431285517532225 0.0 0.0 0.0 0.0 0.0 0.0 0.0 0.0 0.0 0.0 0.0 0.19460249893066942 0.0 0.0 0.0 0.0 0.0 0.0 0.0 0.0 0.0 0.0 0.0 0.0 0.30191899719136767 0.6570602271571504 0.0 0.311460300992262 0.6201997627836809 0.09362097295060737 0.5599838062479363 0.4620239081142747 0.4125419487540583 0.0 0.0 0.0 0.0 0.0 0.0 0.0 0.0 0.0 0.0 0.0 0.2079972752716754 0.0 0.0 0.0 0.0 0.0 0.0 0.0
a1395pss402i1j
world diplomacy efforts has still not resulted in a cease fire
0.0 0.0 0.0 0.43431285517532225 0.0 0.0 0.0 0.12889848610652213 0.0 0.0 0.0 0.0 0.0 0.0 0.18661796526647487 0.19460249893066942 0.0 0.0 0.0 0.0 0.0 0.0 0.0 0.0 0.0 0.0 0.0 0.0 0.30191899719136767 0.6570602271571504 0.0 0.0 0.6201997627836809 0.09362097295060737 0.5599838062479363 0.4620239081142747 0.0 0.0 0.0 0.0 0.0 0.0 0.0 0.0 0.0 0.0 0.38787416210568676 0.0 0.0 0.0 0.0 0.0 0.0 0.0 0.0 0.0
a2zhr3rebfem5a
the war could not be stopped with the efforts of ambassadors until this time
0.0 0.0 0.0 0.34124581478061033 0.0 0.0 0.0 0.0 0.0 0.0 0.0 0.0 0.06092579883279333 0.2593107312957292 0.0 0.15290196344552598 0.0 0.0 0.0 0.0 0.30802512803465987 0.1533444961399393 0.4180569166737419 0.0 0.0 0.0 0.0 0.0 0.0 0.0 0.0 0.0 0.0 0.0 0.0 0.0 0.3241401025924744 0.12239292023914428 0.2719256873173031 0.167884675148161 0.0 0.0 0.05999584161412987 0.0 0.0 0.0 0.0 0.0 0.0 0.519584465311682 0.0 0.0 0.0 0.0 0.0 0.0
a3bnv4r3pkyf7u
the war could not be stopped until this time with world ambassador efforts
0.0 0.0 0.0 0.3674954928406573 0.0 0.0 0.0 0.0 0.0 0.0 0.0 0.0 0.0328061993715041 0.2792577106261699 0.0 0.16466365294133567 0.0 0.0 0.0 0.0 0.3317193686527106 0.16514022661224234 0.45021514103326055 0.0 0.0 0.0 0.0 0.0 0.25546992070038804 0.0 0.0 0.0 0.0 0.0 0.0 0.0 0.34907395663804935 0.13180776025753999 0.29284304788017257 0.18079888092878876 0.47030864097661573 0.0 0.0 0.0 0.0 0.0 0.0 0.0 0.0 0.0 0.0 0.0 0.0 0.0 0.0 0.0
a3ekiovcnyj9bj
the war could not stopped until this time with world ambassador efforts only the efforts of world ambassadors can stop the war at this time
0.0 0.0 0.0 0.3821953125542836 0.0 0.0 0.0 0.0 0.0 0.0 0.0 0.0 0.0511776710195464 0.29042801905121673 0.0 0.08562509952949454 0.0 0.0 0.0 0.0 0.17249407169940953 0.0 0.23411187333729547 0.0 0.0 0.0 0.0 0.0 0.26568871752840356 0.0 0.0 0.0 0.0 0.0 0.0 0.0 0.18151845745178566 0.13708007066784159 0.30455676979537943 0.09401541808297015 0.2445604933078402 0.0 0.03359767130391273 0.0 0.0 0.0 0.0 0.0 0.0 0.2909673005745419 0.13463905229848408 0.12606668300699003 0.18433111738848404 0.12390399415617899 0.0 0.0
a31ocn4mnhuq6w
in spite of international diplomatic efforts yet it did not reach to ceasefire a ceisefire could not be reached in spite of diplomatic efforts
0.0 0.19146332708894123 0.4936879831178777 0.3981201172440454 0.0 0.0 0.0 0.05907847279882264 0.21694654848876782 0.22586938133900247 0.0 0.0 0.0 0.0 0.0 0.1783856240197803 0.0 0.0 0.0 0.0 0.1796813246868849 0.08945095608163127 0.0 0.0 0.04499476290463169 0.0 0.0 0.0 0.0 0.0 0.0 0.0 0.0 0.08581922520472342 0.0 0.0 0.0 0.0 0.0 0.0 0.0 0.5567598993633821 0.06999514854981818 0.08438147654277606 0.16818492521629017 0.2722714715903629 0.0 0.0 0.0 0.0 0.0 0.0 0.0 0.0 0.4299460396702905 0.22713210423464117
