this pipeline comes to quetta by way of sibbi through connects with via supplies gas sabi reached arrives in goes into runs
this pipeline comes to quetta by way of sibbi
0.19038898703866888 0.6023183502373399 0.610935931831326 0.11998603441235117 0.6417122410907741 0.27727325126682756 0.4894668829387445 0.09332686473309092 0.8532941802746347 0.0 0.0 0.0 0.0 0.0 0.0 0.0 0.0 0.0 0.0 0.0 0.0 0.0
this pipeline comes to quetta through sibbi
0.24478584047828855 0.7744093074480085 0.7854890552117049 0.15426775853016578 0.8250585956881381 0.0 0.0 0.0 1.0970925174959587 0.6769964465858213 0.0 0.0 0.0 0.0 0.0 0.0 0.0 0.0 0.0 0.0 0.0 0.0
this pipeline connects with quetta via sibbi
0.24478584047828855 0.7744093074480085 0.0 0.0 0.8250585956881381 0.0 0.0 0.0 1.0970925174959587 0.0 1.218135068979845 0.335769350296322 0.9882153672035451 0.0 0.0 0.0 0.0 0.0 0.0 0.0 0.0 0.0
this pipeline supplies gas to quetta via sibbi
0.21418761041850248 0.6776081440170074 0.0 0.13498428871389506 0.7219262712271208 0.0 0.0 0.0 0.959955952808964 0.0 0.0 0.0 0.8646884463031019 0.8778585107603302 0.6042385023245395 0.0 0.0 0.0 0.0 0.0 0.0 0.0
a3dd3acpmvdvca
this pipeline comes to quetta via sabi
0.24478584047828855 0.7744093074480085 0.7854890552117049 0.15426775853016578 0.8250585956881381 0.0 0.0 0.0 0.0 0.0 0.0 0.0 0.9882153672035451 0.0 0.0 1.27605865585244 0.0 0.0 0.0 0.0 0.0 0.0
a143bvgouf83je
this pipeline reached quetta through sibbi
0.2855834805580033 0.9034775253560099 0.0 0.0 0.9625683616361611 0.0 0.0 0.0 1.279941270411952 0.7898291876834581 0.0 0.0 0.0 0.0 0.0 0.0 0.9085284169385647 0.0 0.0 0.0 0.0 0.0
a1wyssw33m2fz2
this pipeline comes to quetta through sibbi
0.24478584047828855 0.7744093074480085 0.7854890552117049 0.15426775853016578 0.8250585956881381 0.0 0.0 0.0 1.0970925174959587 0.6769964465858213 0.0 0.0 0.0 0.0 0.0 0.0 0.0 0.0 0.0 0.0 0.0 0.0
a8v7wa74iohz9
this pipeline arrives in quetta via sibbi
0.24478584047828855 0.7744093074480085 0.0 0.0 0.8250585956881381 0.0 0.0 0.0 1.0970925174959587 0.0 0.0 0.0 0.9882153672035451 0.0 0.0 0.0 0.0 1.27605865585244 0.14711867177952587 0.0 0.0 0.0
a143awku99stc9
this pipeline goes to quetta via sabi
0.24478584047828855 0.7744093074480085 0.0 0.15426775853016578 0.8250585956881381 0.0 0.0 0.0 0.0 0.0 0.0 0.0 0.9882153672035451 0.0 0.0 1.27605865585244 0.0 0.0 0.0 0.8651464392922364 0.0 0.0
a1gz3k4hrjy6da
this pipeline comes into quetta via sabi
0.24478584047828855 0.7744093074480085 0.7854890552117049 0.0 0.8250585956881381 0.0 0.0 0.0 0.0 0.0 0.0 0.0 0.9882153672035451 0.0 0.0 1.27605865585244 0.0 0.0 0.0 0.0 0.6573824643829641 0.0
a1nee8mf6oybf8
this pipeline comes to quetta via sabi
0.24478584047828855 0.7744093074480085 0.7854890552117049 0.15426775853016578 0.8250585956881381 0.0 0.0 0.0 0.0 0.0 0.0 0.0 0.9882153672035451 0.0 0.0 1.27605865585244 0.0 0.0 0.0 0.0 0.0 0.0
a291u81kgj6l9n
this pipeline reached quetta through sibbi
0.2855834805580033 0.9034775253560099 0.0 0.0 0.9625683616361611 0.0 0.0 0.0 1.279941270411952 0.7898291876834581 0.0 0.0 0.0 0.0 0.0 0.0 0.9085284169385647 0.0 0.0 0.0 0.0 0.0
ayeowkx2r19vz
this pipeline reached quetta through sibbi
0.2855834805580033 0.9034775253560099 0.0 0.0 0.9625683616361611 0.0 0.0 0.0 1.279941270411952 0.7898291876834581 0.0 0.0 0.0 0.0 0.0 0.0 0.9085284169385647 0.0 0.0 0.0 0.0 0.0
aw4q48bn2x4nt
this pipeline reached quetta through sibbi
0.2855834805580033 0.9034775253560099 0.0 0.0 0.9625683616361611 0.0 0.0 0.0 1.279941270411952 0.7898291876834581 0.0 0.0 0.0 0.0 0.0 0.0 0.9085284169385647 0.0 0.0 0.0 0.0 0.0
a3be22a89fb8uj
this pipeline comes to quetta through sibbi
0.24478584047828855 0.7744093074480085 0.7854890552117049 0.15426775853016578 0.8250585956881381 0.0 0.0 0.0 1.0970925174959587 0.6769964465858213 0.0 0.0 0.0 0.0 0.0 0.0 0.0 0.0 0.0 0.0 0.0 0.0
ancf53mqwds6z
this pipeline comes to quetta through sibbi
0.24478584047828855 0.7744093074480085 0.7854890552117049 0.15426775853016578 0.8250585956881381 0.0 0.0 0.0 1.0970925174959587 0.6769964465858213 0.0 0.0 0.0 0.0 0.0 0.0 0.0 0.0 0.0 0.0 0.0 0.0
al2rcq9eyun61
this pipeline runs to quetta via sibbi
0.24478584047828855 0.7744093074480085 0.0 0.15426775853016578 0.8250585956881381 0.0 0.0 0.0 1.0970925174959587 0.0 0.0 0.0 0.9882153672035451 0.0 0.0 0.0 0.0 0.0 0.0 0.0 0.0 1.1076793706607764
a1mmshjhu659at
this pipeline arrives to quetta via sibbi
0.24478584047828855 0.7744093074480085 0.0 0.15426775853016578 0.8250585956881381 0.0 0.0 0.0 1.0970925174959587 0.0 0.0 0.0 0.9882153672035451 0.0 0.0 0.0 0.0 1.27605865585244 0.0 0.0 0.0 0.0
