two attorneys took their names back after the demonstrations and opposition by members of one political parties have withdrawn from people a party lawyers withdrew protests belonging to had strong workers other also refuse defend ajmal protest some take there name contraremonstrance pulled out group been protesting against this refused protested at retracted specialinterest
two attorneys took their names back after the demonstrations and opposition by members of one of the political parties
0.19466482871350602 0.412305173805209 0.26018034444225296 0.15669584735388473 0.3098888501707188 0.2594543801194984 0.15703805648500824 0.044892693876795085 0.44067341068587673 0.05231394946327852 0.302315472293873 0.13133996112639199 0.2514442845751866 0.08841492448398088 0.15426293226347002 0.19844662364866306 0.2512382898740741 0.0 0.0 0.0 0.0 0.0 0.0 0.0 0.0 0.0 0.0 0.0 0.0 0.0 0.0 0.0 0.0 0.0 0.0 0.0 0.0 0.0 0.0 0.0 0.0 0.0 0.0 0.0 0.0 0.0 0.0 0.0 0.0 0.0 0.0 0.0 0.0 0.0
two attorneys have withdrawn their names after the demonstrations and opposition from the people of a political party
0.20547954141981192 0.43521101679438723 0.0 0.16540117220687833 0.3271048974024254 0.0 0.16576239295639758 0.04738673242550592 0.4651552668350921 0.05522027998901621 0.3191107763101993 0.0 0.0 0.04666343236654546 0.0 0.20947143607358878 0.0 0.1271094459993572 0.5122273701899367 0.13404970219044662 0.15038125291703078 0.07877129706509685 0.21578657962775097 0.0 0.0 0.0 0.0 0.0 0.0 0.0 0.0 0.0 0.0 0.0 0.0 0.0 0.0 0.0 0.0 0.0 0.0 0.0 0.0 0.0 0.0 0.0 0.0 0.0 0.0 0.0 0.0 0.0 0.0 0.0
two lawyers withdrew their names after protests and opposition by people belonging to a political party
0.2311644840972884 0.0 0.0 0.1860763187327381 0.36799300957772857 0.0 0.18648269207594728 0.0 0.0 0.06212281498764324 0.35899962334897423 0.1559662038375905 0.0 0.0 0.0 0.23565536558278738 0.0 0.0 0.0 0.0 0.16917890953165962 0.08861770919823396 0.24275990208121984 0.4070026538947907 0.514953963150446 0.41923668996517166 0.43665627761948544 0.06749214435694753 0.0 0.0 0.0 0.0 0.0 0.0 0.0 0.0 0.0 0.0 0.0 0.0 0.0 0.0 0.0 0.0 0.0 0.0 0.0 0.0 0.0 0.0 0.0 0.0 0.0 0.0
two lawyers had withdrawn their names after strong protests and opposition from the workers of political parties
0.21756657326803613 0.0 0.0 0.17513065292493 0.3463463619555092 0.0 0.17551312195383273 0.02508709363703255 0.0 0.058468531753075995 0.3378819984460934 0.0 0.0 0.04940834015281284 0.0 0.22179328525438813 0.28079573574161226 0.0 0.5423583919658154 0.14193497878988465 0.0 0.0 0.0 0.3830613213127442 0.0 0.39457570820251453 0.0 0.0 0.2035994640906812 0.31843706903814945 0.31069131468666716 0.0 0.0 0.0 0.0 0.0 0.0 0.0 0.0 0.0 0.0 0.0 0.0 0.0 0.0 0.0 0.0 0.0 0.0 0.0 0.0 0.0 0.0 0.0
a2de039cxxjuga
two other lawyers also refuse to defend ajmal after the protest of some political parties
0.2465754497037743 0.0 0.0 0.0 0.0 0.0 0.1989148715476771 0.028432039455303555 0.0 0.0 0.0 0.0 0.0 0.05599611883985455 0.0 0.25136572328830653 0.3182351671738272 0.0 0.0 0.0 0.0 0.0 0.0 0.4341361641544434 0.0 0.0 0.0 0.0719916206474107 0.0 0.0 0.0 0.22257526743501382 0.18394303040528473 0.52805397861924 0.3974664083598253 0.36239353530004 0.3802389623497141 0.26510556889105463 0.0 0.0 0.0 0.0 0.0 0.0 0.0 0.0 0.0 0.0 0.0 0.0 0.0 0.0 0.0 0.0
a1sanjgoj47idf
two lawyers take back there name after protest by one political party and contraremonstrance
0.2641879818254725 0.0 0.0 0.0 0.0 0.352116658733605 0.21312307665822547 0.0 0.0 0.07099750284302085 0.0 0.17824709010010342 0.0 0.0 0.20935683664328072 0.26932041780889987 0.0 0.0 0.0 0.0 0.0 0.0 0.27743988809282266 0.4651458901654751 0.0 0.0 0.0 0.0 0.0 0.0 0.0 0.0 0.0 0.0 0.0 0.0 0.40739888823183656 0.0 0.27574047633872717 0.20457035733735499 0.3241401025924744 0.63802932792622 0.0 0.0 0.0 0.0 0.0 0.0 0.0 0.0 0.0 0.0 0.0 0.0
a3dd3acpmvdvca
two lawyers pulled out their names after protests and opposition by the people of a political group
0.21756657326803613 0.0 0.0 0.17513065292493 0.3463463619555092 0.0 0.17551312195383273 0.02508709363703255 0.0 0.058468531753075995 0.3378819984460934 0.14679172125890871 0.0 0.04940834015281284 0.0 0.22179328525438813 0.0 0.0 0.0 0.0 0.15922720897097375 0.08340490277480843 0.0 0.3830613213127442 0.0 0.39457570820251453 0.0 0.0 0.0 0.0 0.0 0.0 0.0 0.0 0.0 0.0 0.0 0.0 0.0 0.0 0.0 0.0 0.41763700748345706 0.2357041260549445 0.2558821995353885 0.0 0.0 0.0 0.0 0.0 0.0 0.0 0.0 0.0
a1aczgd5azz3r7
lawyers from opposition political party have been protesting against this
0.0 0.0 0.0 0.0 0.0 0.0 0.0 0.0 0.0 0.0 0.5743993973583588 0.0 0.0 0.0 0.0 0.3770485849324598 0.0 0.22879700279884294 0.0 0.2412894639428039 0.0 0.0 0.3884158433299517 0.6512042462316651 0.0 0.0 0.0 0.0 0.0 0.0 0.0 0.0 0.0 0.0 0.0 0.0 0.0 0.0 0.0 0.0 0.0 0.0 0.0 0.0 0.0 0.294470309273681 0.7227662498728654 0.31870064416200594 0.17135008833480198 0.0 0.0 0.0 0.0 0.0
aclg2ttpdpj36
two other lawyers also refused to defend ajmal after some political parties protested
0.28451013427358574 0.0 0.0 0.0 0.0 0.0 0.22951715947808896 0.0 0.0 0.0 0.0 0.0 0.0 0.0 0.0 0.29003737302496907 0.3671944236621083 0.0 0.0 0.0 0.0 0.0 0.0 0.500926343255127 0.0 0.0 0.0 0.08306725459316619 0.0 0.0 0.0 0.25681761627116984 0.21224195815994393 0.0 0.45861508656902916 0.41814638688466155 0.0 0.30589104102813996 0.0 0.0 0.0 0.0 0.0 0.0 0.0 0.0 0.0 0.0 0.0 0.5044234489533391 0.6025998694076131 0.0 0.0 0.0
a1fnqhv04k4cvd
two other lawyers have also refused to defend ajmal at the some political parties protest
0.2465754497037743 0.0 0.0 0.0 0.0 0.0 0.0 0.028432039455303555 0.0 0.0 0.0 0.0 0.0 0.0 0.0 0.25136572328830653 0.3182351671738272 0.15253133519922862 0.0 0.0 0.0 0.0 0.0 0.4341361641544434 0.0 0.0 0.0 0.0719916206474107 0.0 0.0 0.0 0.22257526743501382 0.18394303040528473 0.0 0.3974664083598253 0.36239353530004 0.3802389623497141 0.26510556889105463 0.0 0.0 0.0 0.0 0.0 0.0 0.0 0.0 0.0 0.0 0.0 0.4371669890928939 0.0 0.206506656926965 0.0 0.0
a20ubr5wdkookg
two other lawyers also refused to defend ajmal after the protest of some political parties
0.2465754497037743 0.0 0.0 0.0 0.0 0.0 0.1989148715476771 0.028432039455303555 0.0 0.0 0.0 0.0 0.0 0.05599611883985455 0.0 0.25136572328830653 0.3182351671738272 0.0 0.0 0.0 0.0 0.0 0.0 0.4341361641544434 0.0 0.0 0.0 0.0719916206474107 0.0 0.0 0.0 0.22257526743501382 0.18394303040528473 0.0 0.3974664083598253 0.36239353530004 0.3802389623497141 0.26510556889105463 0.0 0.0 0.0 0.0 0.0 0.0 0.0 0.0 0.0 0.0 0.0 0.4371669890928939 0.0 0.0 0.0 0.0
a24bjjrcqbm3mi
two other lawyers take withdrawn their names after protests by one political party and contraremonstrance
0.2465754497037743 0.0 0.0 0.19848140664825398 0.39252587688291046 0.0 0.1989148715476771 0.0 0.0 0.06626433598681945 0.0 0.16636395076009652 0.0 0.0 0.19539971420039534 0.25136572328830653 0.0 0.0 0.614672844227924 0.0 0.0 0.0 0.25894389555330116 0.4341361641544434 0.0 0.44718580262951646 0.0 0.0 0.0 0.0 0.0 0.22257526743501382 0.0 0.0 0.0 0.0 0.0 0.0 0.2573577779161454 0.0 0.0 0.5954940393978053 0.0 0.0 0.0 0.0 0.0 0.0 0.0 0.0 0.0 0.0 0.0 0.0
adu3xkpx6ttsa
two lawyers took back there name after a protest by a political party and contraremonstrance
0.2465754497037743 0.0 0.32956176962685374 0.0 0.0 0.3286422148180313 0.1989148715476771 0.0 0.0 0.06626433598681945 0.0 0.16636395076009652 0.0 0.0 0.0 0.25136572328830653 0.0 0.0 0.0 0.0 0.0 0.18905111295623245 0.25894389555330116 0.4341361641544434 0.0 0.0 0.0 0.0 0.0 0.0 0.0 0.0 0.0 0.0 0.0 0.0 0.3802389623497141 0.0 0.0 0.19093233351486466 0.3025307624196428 0.5954940393978053 0.0 0.0 0.0 0.0 0.0 0.0 0.0 0.0 0.0 0.0 0.0 0.0
a2xxc6gj05jja0
two lawyers take back there name after protest by one political party and contraremonstrance
0.2641879818254725 0.0 0.0 0.0 0.0 0.352116658733605 0.21312307665822547 0.0 0.0 0.07099750284302085 0.0 0.17824709010010342 0.0 0.0 0.20935683664328072 0.26932041780889987 0.0 0.0 0.0 0.0 0.0 0.0 0.27743988809282266 0.4651458901654751 0.0 0.0 0.0 0.0 0.0 0.0 0.0 0.0 0.0 0.0 0.0 0.0 0.40739888823183656 0.0 0.27574047633872717 0.20457035733735499 0.3241401025924744 0.63802932792622 0.0 0.0 0.0 0.0 0.0 0.0 0.0 0.0 0.0 0.0 0.0 0.0
awmob8jnvgesj
two other lawyers pulled out their names after protests and opposition by a political group
0.2465754497037743 0.0 0.0 0.19848140664825398 0.39252587688291046 0.0 0.1989148715476771 0.0 0.0 0.06626433598681945 0.3829329315722392 0.16636395076009652 0.0 0.0 0.0 0.25136572328830653 0.0 0.0 0.0 0.0 0.0 0.09452555647811622 0.0 0.4341361641544434 0.0 0.44718580262951646 0.0 0.0 0.0 0.0 0.0 0.22257526743501382 0.0 0.0 0.0 0.0 0.0 0.0 0.0 0.0 0.0 0.0 0.4733219418145847 0.2671313428622704 0.289999826140107 0.0 0.0 0.0 0.0 0.0 0.0 0.0 0.0 0.0
al2rcq9eyun61
two lawyers retracted their names after protests and opposition by the members of a specialinterest group
0.2311644840972884 0.0 0.0 0.1860763187327381 0.36799300957772857 0.0 0.18648269207594728 0.026655036989347083 0.0 0.06212281498764324 0.35899962334897423 0.1559662038375905 0.29859008793303404 0.05249636141236364 0.0 0.0 0.0 0.0 0.0 0.0 0.0 0.08861770919823396 0.0 0.4070026538947907 0.0 0.41923668996517166 0.0 0.0 0.0 0.0 0.0 0.0 0.0 0.0 0.0 0.0 0.0 0.0 0.0 0.0 0.0 0.0 0.0 0.0 0.2718748370063503 0.0 0.0 0.0 0.0 0.0 0.0 0.0 0.6449190595054357 0.6449190595054357
a230hf2okthmdz
two lawyers pulled out their names after protests and opposition by the people of a political group
0.21756657326803613 0.0 0.0 0.17513065292493 0.3463463619555092 0.0 0.17551312195383273 0.02508709363703255 0.0 0.058468531753075995 0.3378819984460934 0.14679172125890871 0.0 0.04940834015281284 0.0 0.22179328525438813 0.0 0.0 0.0 0.0 0.15922720897097375 0.08340490277480843 0.0 0.3830613213127442 0.0 0.39457570820251453 0.0 0.0 0.0 0.0 0.0 0.0 0.0 0.0 0.0 0.0 0.0 0.0 0.0 0.0 0.0 0.0 0.41763700748345706 0.2357041260549445 0.2558821995353885 0.0 0.0 0.0 0.0 0.0 0.0 0.0 0.0 0.0
a3i6odkoktfoow
lawyers from the opposition political party have been protesting against this
0.0 0.0 0.0 0.0 0.0 0.0 0.0 0.03877096289359576 0.0 0.0 0.5221812703257807 0.0 0.0 0.0 0.0 0.34277144084769073 0.0 0.2079972752716754 0.0 0.21935405812982173 0.0 0.0 0.35310531211813795 0.5920038602106046 0.0 0.0 0.0 0.0 0.0 0.0 0.0 0.0 0.0 0.0 0.0 0.0 0.0 0.0 0.0 0.0 0.0 0.0 0.0 0.0 0.0 0.26770028115789185 0.6570602271571504 0.2897278583290963 0.15577280757709272 0.0 0.0 0.0 0.0 0.0
