they should immediately take some practical steps against israel at once measures immediate action the israeli aggression such as placing an oil embargo on european and american countries
they should immediately take some practical steps against israel
0.2870787508960211 0.33269055252649316 0.6713376481189905 0.4289296298602423 0.44184261481842435 0.7845120460072765 0.5670854660531095 0.35411182684667325 0.37304543401964485 0.0 0.0 0.0 0.0 0.0 0.0 0.0 0.0 0.0 0.0 0.0 0.0 0.0 0.0 0.0 0.0 0.0 0.0 0.0
they should immediately take practical steps against israel
0.3229635947580237 0.3742768715923048 0.7552548541338644 0.4825458335927726 0.0 0.8825760517581861 0.6379711493097482 0.3983758052025074 0.41967611327210047 0.0 0.0 0.0 0.0 0.0 0.0 0.0 0.0 0.0 0.0 0.0 0.0 0.0 0.0 0.0 0.0 0.0 0.0 0.0
they should at once take practical steps against israel
0.2870787508960211 0.33269055252649316 0.0 0.4289296298602423 0.0 0.7845120460072765 0.5670854660531095 0.35411182684667325 0.37304543401964485 0.3441777615449417 0.637081941490711 0.0 0.0 0.0 0.0 0.0 0.0 0.0 0.0 0.0 0.0 0.0 0.0 0.0 0.0 0.0 0.0 0.0
they should take practical measures against israel immediately
0.3229635947580237 0.3742768715923048 0.7552548541338644 0.4825458335927726 0.0 0.8825760517581861 0.0 0.3983758052025074 0.41967611327210047 0.0 0.0 0.8256416106728328 0.0 0.0 0.0 0.0 0.0 0.0 0.0 0.0 0.0 0.0 0.0 0.0 0.0 0.0 0.0 0.0
a3dd3acpmvdvca
they should take immediate action against israel
0.36910125115202713 0.4277449961054912 0.0 0.5514809526774543 0.0 0.0 0.0 0.45528663451715135 0.47962984373954337 0.0 0.0 0.0 0.8498938713742784 0.6023066224962003 0.0 0.0 0.0 0.0 0.0 0.0 0.0 0.0 0.0 0.0 0.0 0.0 0.0 0.0
a143bvgouf83je
they should take immediate measures against israel
0.36910125115202713 0.4277449961054912 0.0 0.5514809526774543 0.0 0.0 0.0 0.45528663451715135 0.47962984373954337 0.0 0.0 0.9435904121975233 0.8498938713742784 0.0 0.0 0.0 0.0 0.0 0.0 0.0 0.0 0.0 0.0 0.0 0.0 0.0 0.0 0.0
a3sw1e5d0b9v9a
they should immediately take practical steps against the israel
0.2870787508960211 0.33269055252649316 0.6713376481189905 0.4289296298602423 0.0 0.7845120460072765 0.5670854660531095 0.35411182684667325 0.37304543401964485 0.0 0.0 0.0 0.0 0.0 0.04738673242550592 0.0 0.0 0.0 0.0 0.0 0.0 0.0 0.0 0.0 0.0 0.0 0.0 0.0
a132zmwemnnusa
they should immediately take practical steps against israeli aggression
0.2870787508960211 0.33269055252649316 0.6713376481189905 0.4289296298602423 0.0 0.7845120460072765 0.5670854660531095 0.35411182684667325 0.0 0.0 0.0 0.0 0.0 0.0 0.0 0.44421518420404316 0.7140982948862604 0.0 0.0 0.0 0.0 0.0 0.0 0.0 0.0 0.0 0.0 0.0
ajfwu2g6a1bhs
they should take immediate action against israel
0.36910125115202713 0.4277449961054912 0.0 0.5514809526774543 0.0 0.0 0.0 0.45528663451715135 0.47962984373954337 0.0 0.0 0.0 0.8498938713742784 0.6023066224962003 0.0 0.0 0.0 0.0 0.0 0.0 0.0 0.0 0.0 0.0 0.0 0.0 0.0 0.0
a9x4g4wpj27d6
they should take immediate action against israel
0.36910125115202713 0.4277449961054912 0.0 0.5514809526774543 0.0 0.0 0.0 0.45528663451715135 0.47962984373954337 0.0 0.0 0.0 0.8498938713742784 0.6023066224962003 0.0 0.0 0.0 0.0 0.0 0.0 0.0 0.0 0.0 0.0 0.0 0.0 0.0 0.0
a34erkopmv5x3c
they should take immediate action against israel
0.36910125115202713 0.4277449961054912 0.0 0.5514809526774543 0.0 0.0 0.0 0.45528663451715135 0.47962984373954337 0.0 0.0 0.0 0.8498938713742784 0.6023066224962003 0.0 0.0 0.0 0.0 0.0 0.0 0.0 0.0 0.0 0.0 0.0 0.0 0.0 0.0
a2qxd8jqk5bvez
they should take immediate measures against israel
0.36910125115202713 0.4277449961054912 0.0 0.5514809526774543 0.0 0.0 0.0 0.45528663451715135 0.47962984373954337 0.0 0.0 0.9435904121975233 0.8498938713742784 0.0 0.0 0.0 0.0 0.0 0.0 0.0 0.0 0.0 0.0 0.0 0.0 0.0 0.0 0.0
air4uqnpimfcj
they should take immediate measures against israel
0.36910125115202713 0.4277449961054912 0.0 0.5514809526774543 0.0 0.0 0.0 0.45528663451715135 0.47962984373954337 0.0 0.0 0.9435904121975233 0.8498938713742784 0.0 0.0 0.0 0.0 0.0 0.0 0.0 0.0 0.0 0.0 0.0 0.0 0.0 0.0 0.0
a291u81kgj6l9n
they should take immediate measures against israel
0.36910125115202713 0.4277449961054912 0.0 0.5514809526774543 0.0 0.0 0.0 0.45528663451715135 0.47962984373954337 0.0 0.0 0.9435904121975233 0.8498938713742784 0.0 0.0 0.0 0.0 0.0 0.0 0.0 0.0 0.0 0.0 0.0 0.0 0.0 0.0 0.0
ah7pogjaytu4f
they should immediately take practical steps against israel
0.3229635947580237 0.3742768715923048 0.7552548541338644 0.4825458335927726 0.0 0.8825760517581861 0.6379711493097482 0.3983758052025074 0.41967611327210047 0.0 0.0 0.0 0.0 0.0 0.0 0.0 0.0 0.0 0.0 0.0 0.0 0.0 0.0 0.0 0.0 0.0 0.0 0.0
a3o6ftaqnh7f62
they should immediately take practical steps against israel
0.3229635947580237 0.3742768715923048 0.7552548541338644 0.4825458335927726 0.0 0.8825760517581861 0.6379711493097482 0.3983758052025074 0.41967611327210047 0.0 0.0 0.0 0.0 0.0 0.0 0.0 0.0 0.0 0.0 0.0 0.0 0.0 0.0 0.0 0.0 0.0 0.0 0.0
a219vcqzadq45w
they should immediately take practical steps against israel
0.3229635947580237 0.3742768715923048 0.7552548541338644 0.4825458335927726 0.0 0.8825760517581861 0.6379711493097482 0.3983758052025074 0.41967611327210047 0.0 0.0 0.0 0.0 0.0 0.0 0.0 0.0 0.0 0.0 0.0 0.0 0.0 0.0 0.0 0.0 0.0 0.0 0.0
a290hg650rgy73
they should immediately take practical steps against israeli aggression such as placing an oil embargo on european and american countries
0.1291854379032095 0.14971074863692194 0.30210194165354576 0.19301833343710903 0.0 0.35303042070327445 0.25518845972389925 0.15935032208100297 0.0 0.0 0.0 0.0 0.0 0.0 0.0 0.19989683289181942 0.3213442326988172 0.19709890020941717 0.13176506355165724 0.4354633519826435 0.14751826328877948 0.40607401873753757 0.4354633519826435 0.09365038811879016 0.2582706678794596 0.04969825199011459 0.15700797341616354 0.18453317879537187
