india has constantly held the militant and nonmilitant groups in pakistan accountable is continuously holding active nonactive fighters responsible persistently been always blamed armed unarmed operating military nonmilitary claimed that which are were blames pakistans terror group continually blaming terrorist pakistani
india has constantly held the militant and nonmilitant groups in pakistan accountable
0.25112639472449444 0.1710664681609353 0.66006747327405 0.4364417155918756 0.03554004931912944 0.5372919950982566 0.08283041998352432 0.7105787902382429 0.38292665417788246 0.08581922520472342 0.19647362385030007 0.6528165251915808 0.0 0.0 0.0 0.0 0.0 0.0 0.0 0.0 0.0 0.0 0.0 0.0 0.0 0.0 0.0 0.0 0.0 0.0 0.0 0.0 0.0 0.0 0.0 0.0 0.0 0.0 0.0 0.0 0.0
india is continuously holding the active and nonactive fighters groups in pakistan responsible
0.2318089797456872 0.0 0.0 0.0 0.0328061993715041 0.0 0.07645884921556091 0.0 0.35347075770266073 0.07921774634282162 0.18136026816950773 0.0 0.10052427067958664 0.492821688204525 0.4787969530665285 0.41814638688466155 0.7937465347759208 0.4714654007738881 0.4199148113634845 0.0 0.0 0.0 0.0 0.0 0.0 0.0 0.0 0.0 0.0 0.0 0.0 0.0 0.0 0.0 0.0 0.0 0.0 0.0 0.0 0.0 0.0
india has persistently been holding active militant and nonmilitant groups in pakistan responsible
0.2318089797456872 0.1579075090716326 0.0 0.0 0.0 0.49596184162915996 0.07645884921556091 0.6559188832968397 0.35347075770266073 0.07921774634282162 0.18136026816950773 0.0 0.0 0.0 0.4787969530665285 0.41814638688466155 0.0 0.0 0.4199148113634845 0.7937465347759208 0.22651562251821616 0.0 0.0 0.0 0.0 0.0 0.0 0.0 0.0 0.0 0.0 0.0 0.0 0.0 0.0 0.0 0.0 0.0 0.0 0.0 0.0
india has always blamed armed and unarmed groups operating in pakistan
0.2739560669721758 0.18661796526647487 0.0 0.0 0.0 0.0 0.09036045816384472 0.0 0.4177381681940536 0.09362097295060737 0.21433486238214552 0.0 0.0 0.0 0.0 0.0 0.0 0.0 0.0 0.0 0.0 0.46648355874965597 0.5705139712956746 0.4528333520350593 0.6122896376028055 0.6981497838610647 0.0 0.0 0.0 0.0 0.0 0.0 0.0 0.0 0.0 0.0 0.0 0.0 0.0 0.0 0.0
a1wyssw33m2fz2
india has always held the military and nonmilitary groups in pakistan responsible
0.25112639472449444 0.1710664681609353 0.0 0.4364417155918756 0.03554004931912944 0.0 0.08283041998352432 0.0 0.38292665417788246 0.08581922520472342 0.19647362385030007 0.0 0.0 0.0 0.0 0.0 0.0 0.0 0.4549077123104415 0.0 0.0 0.4276099288538513 0.0 0.0 0.0 0.0 0.39397649763134285 0.6977329002526381 0.0 0.0 0.0 0.0 0.0 0.0 0.0 0.0 0.0 0.0 0.0 0.0 0.0
a3dd3acpmvdvca
india has always claimed that militant and nonmilitant groups which are active in pakistan were responsible
0.18834479604337084 0.12829985112070147 0.0 0.0 0.0 0.4029689963236925 0.06212281498764324 0.5329340926786822 0.28719499063341186 0.06436441890354257 0.14735521788772504 0.0 0.0 0.0 0.0 0.3397439393437875 0.0 0.0 0.34118078423283116 0.0 0.0 0.32070744664038847 0.0 0.0 0.0 0.0 0.0 0.0 0.3650855086005478 0.07550465151623749 0.18847093130313566 0.13163353461580166 0.18447674326287242 0.0 0.0 0.0 0.0 0.0 0.0 0.0 0.0
a2dsltew8ffmbv
india always blames the pakistans terror group
0.43050239095627624 0.0 0.0 0.0 0.06092579883279333 0.0 0.0 0.0 0.0 0.0 0.0 0.0 0.0 0.0 0.0 0.0 0.0 0.0 0.0 0.0 0.0 0.733045592320888 0.0 0.0 0.0 0.0 0.0 0.0 0.0 0.0 0.0 0.0 0.0 1.04613895407614 0.7208150562176033 0.809249228847064 0.6214281988716578 0.0 0.0 0.0 0.0
a8v7wa74iohz9
india has been continually blaming active armed and unarmed groups in pakistan
0.25112639472449444 0.1710664681609353 0.0 0.0 0.0 0.0 0.08283041998352432 0.0 0.38292665417788246 0.08581922520472342 0.19647362385030007 0.0 0.0 0.0 0.0 0.45299191912505 0.0 0.0 0.0 0.0 0.2453919243947342 0.0 0.0 0.41509723936547105 0.561265501135905 0.0 0.0 0.0 0.0 0.0 0.0 0.0 0.0 0.0 0.0 0.0 0.0 0.768341055284905 0.5504277404485552 0.0 0.0
a6tw9zegog7ph
india has always held the military and nonmilitary groups in pakistan responsible
0.25112639472449444 0.1710664681609353 0.0 0.4364417155918756 0.03554004931912944 0.0 0.08283041998352432 0.0 0.38292665417788246 0.08581922520472342 0.19647362385030007 0.0 0.0 0.0 0.0 0.0 0.0 0.0 0.4549077123104415 0.0 0.0 0.4276099288538513 0.0 0.0 0.0 0.0 0.39397649763134285 0.6977329002526381 0.0 0.0 0.0 0.0 0.0 0.0 0.0 0.0 0.0 0.0 0.0 0.0 0.0
au2ar4vob7vlv
india has always held the military and nonmilitary groups in pakistan responsible
0.25112639472449444 0.1710664681609353 0.0 0.4364417155918756 0.03554004931912944 0.0 0.08283041998352432 0.0 0.38292665417788246 0.08581922520472342 0.19647362385030007 0.0 0.0 0.0 0.0 0.0 0.0 0.0 0.4549077123104415 0.0 0.0 0.4276099288538513 0.0 0.0 0.0 0.0 0.39397649763134285 0.6977329002526381 0.0 0.0 0.0 0.0 0.0 0.0 0.0 0.0 0.0 0.0 0.0 0.0 0.0
a330jjzgjl7ig2
india has always held the military and nonmilitary groups in pakistan responsible
0.25112639472449444 0.1710664681609353 0.0 0.4364417155918756 0.03554004931912944 0.0 0.08283041998352432 0.0 0.38292665417788246 0.08581922520472342 0.19647362385030007 0.0 0.0 0.0 0.0 0.0 0.0 0.0 0.4549077123104415 0.0 0.0 0.4276099288538513 0.0 0.0 0.0 0.0 0.39397649763134285 0.6977329002526381 0.0 0.0 0.0 0.0 0.0 0.0 0.0 0.0 0.0 0.0 0.0 0.0 0.0
a230hf2okthmdz
india has always claimed that militant and nonmilitant groups which are active in pakistan are responsible
0.18834479604337084 0.12829985112070147 0.0 0.0 0.0 0.4029689963236925 0.06212281498764324 0.5329340926786822 0.28719499063341186 0.06436441890354257 0.14735521788772504 0.0 0.0 0.0 0.0 0.3397439393437875 0.0 0.0 0.34118078423283116 0.0 0.0 0.32070744664038847 0.0 0.0 0.0 0.0 0.0 0.0 0.3650855086005478 0.07550465151623749 0.18847093130313566 0.2632670692316033 0.0 0.0 0.0 0.0 0.0 0.0 0.0 0.0 0.0
a1395pss402i1j
india has always claimed that militant and nonmilitant groups which are active in pakistan were responsible
0.18834479604337084 0.12829985112070147 0.0 0.0 0.0 0.4029689963236925 0.06212281498764324 0.5329340926786822 0.28719499063341186 0.06436441890354257 0.14735521788772504 0.0 0.0 0.0 0.0 0.3397439393437875 0.0 0.0 0.34118078423283116 0.0 0.0 0.32070744664038847 0.0 0.0 0.0 0.0 0.0 0.0 0.3650855086005478 0.07550465151623749 0.18847093130313566 0.13163353461580166 0.18447674326287242 0.0 0.0 0.0 0.0 0.0 0.0 0.0 0.0
a6tw9zegog7ph
india has always claimed that militant and nonmilitant groups which are active in pakistan were responsible
0.18834479604337084 0.12829985112070147 0.0 0.0 0.0 0.4029689963236925 0.06212281498764324 0.5329340926786822 0.28719499063341186 0.06436441890354257 0.14735521788772504 0.0 0.0 0.0 0.0 0.3397439393437875 0.0 0.0 0.34118078423283116 0.0 0.0 0.32070744664038847 0.0 0.0 0.0 0.0 0.0 0.0 0.3650855086005478 0.07550465151623749 0.18847093130313566 0.13163353461580166 0.18447674326287242 0.0 0.0 0.0 0.0 0.0 0.0 0.0 0.0
a6tw9zegog7ph
india always blames pakistans terrorist group
0.5022527894489889 0.0 0.0 0.0 0.0 0.0 0.0 0.0 0.0 0.0 0.0 0.0 0.0 0.0 0.0 0.0 0.0 0.0 0.0 0.0 0.0 0.8552198577077026 0.0 0.0 0.0 0.0 0.0 0.0 0.0 0.0 0.0 0.0 0.0 1.2204954464221633 0.8409508989205373 0.0 0.7249995653502674 0.0 0.0 0.7898291876834581 0.0
a1lkw32z4tqsw7
india always blames pakistans terror group
0.5022527894489889 0.0 0.0 0.0 0.0 0.0 0.0 0.0 0.0 0.0 0.0 0.0 0.0 0.0 0.0 0.0 0.0 0.0 0.0 0.0 0.0 0.8552198577077026 0.0 0.0 0.0 0.0 0.0 0.0 0.0 0.0 0.0 0.0 0.0 1.2204954464221633 0.8409508989205373 0.9441241003215746 0.7249995653502674 0.0 0.0 0.0 0.0
a330jjzgjl7ig2
india always blames the pakistani terror group
0.43050239095627624 0.0 0.0 0.0 0.06092579883279333 0.0 0.0 0.0 0.0 0.0 0.0 0.0 0.0 0.0 0.0 0.0 0.0 0.0 0.0 0.0 0.0 0.733045592320888 0.0 0.0 0.0 0.0 0.0 0.0 0.0 0.0 0.0 0.0 0.0 1.04613895407614 0.0 0.809249228847064 0.6214281988716578 0.0 0.0 0.0 0.5257338804172071
a33m29k8zitb47
india continually blames active armed and unarmed groups in pakistan
0.30135167366939336 0.0 0.0 0.0 0.0 0.0 0.09939650398022919 0.0 0.45951198501345897 0.1029830702456681 0.23576834862036006 0.0 0.0 0.0 0.0 0.54359030295006 0.0 0.0 0.0 0.0 0.0 0.0 0.0 0.4981166872385653 0.6735186013630861 0.0 0.0 0.0 0.0 0.0 0.0 0.0 0.0 0.732297267853298 0.0 0.0 0.0 0.9220092663418861 0.0 0.0 0.0
