may allah grant the muslim global community will to be united amen empower ummah become ameen let muslims unite allow nation us a way reunite give understanding of becoming god bless all one how lets pray for
may allah grant the muslim global community the will to be united amen
0.34291682527854656 0.34514019036949645 0.5964427380481103 0.0656123987430082 0.31725381238325373 0.44344831234510995 0.4364856963804306 0.17042409229239877 0.08306725459316619 0.16514022661224234 0.3102082198137005 0.513932214796968 0.0 0.0 0.0 0.0 0.0 0.0 0.0 0.0 0.0 0.0 0.0 0.0 0.0 0.0 0.0 0.0 0.0 0.0 0.0 0.0 0.0 0.0 0.0 0.0 0.0
may allah empower the muslim ummah to become united ameen
0.4457918728621105 0.44868224748034535 0.0 0.042648059182955333 0.41242995609822986 0.0 0.0 0.0 0.10798743097111604 0.0 0.40327068575781067 0.0 0.9220092663418861 0.79208096792886 0.42139117196719855 0.7679647622471711 0.0 0.0 0.0 0.0 0.0 0.0 0.0 0.0 0.0 0.0 0.0 0.0 0.0 0.0 0.0 0.0 0.0 0.0 0.0 0.0 0.0
may allah let the muslims be united amen
0.5572398410776381 0.5608528093504317 0.0 0.05331007397869417 0.0 0.0 0.0 0.0 0.0 0.2683528682448938 0.5040883571972633 0.8351398490450731 0.0 0.0 0.0 0.0 0.6202648346768698 0.4819594368957876 0.0 0.0 0.0 0.0 0.0 0.0 0.0 0.0 0.0 0.0 0.0 0.0 0.0 0.0 0.0 0.0 0.0 0.0 0.0
may allah unite the muslim ummah amen
0.6368455326601579 0.6409746392576362 0.0 0.06092579883279333 0.5891856515688998 0.0 0.0 0.0 0.0 0.0 0.0 0.9544455417657979 0.0 1.1315442398983715 0.0 0.0 0.0 0.0 0.8822243179564911 0.0 0.0 0.0 0.0 0.0 0.0 0.0 0.0 0.0 0.0 0.0 0.0 0.0 0.0 0.0 0.0 0.0 0.0
a3dd3acpmvdvca
may allah allow the muslim nation to unite amen
0.49532430318012277 0.4985358305337171 0.0 0.04738673242550592 0.45825550677581095 0.0 0.0 0.0 0.11998603441235117 0.0 0.0 0.7423465324845094 0.0 0.0 0.0 0.0 0.0 0.0 0.6861744695217153 0.6682933176536445 0.5282427271960308 0.0 0.0 0.0 0.0 0.0 0.0 0.0 0.0 0.0 0.0 0.0 0.0 0.0 0.0 0.0 0.0
a2aktvoca80377
may allah grant us the muslims a way to reunite ameen
0.405265338965555 0.4078929522548594 0.7048868722386759 0.03877096289359576 0.0 0.0 0.0 0.0 0.09817039179192368 0.0 0.0 0.0 0.0 0.0 0.0 0.6981497838610647 0.0 0.3505159541060273 0.0 0.0 0.0 0.3325572547497532 0.12889848610652213 0.40047290422260917 0.7611631639119689 0.0 0.0 0.0 0.0 0.0 0.0 0.0 0.0 0.0 0.0 0.0 0.0
a1wyssw33m2fz2
may allah give muslim nation the understanding of becoming united ameen
0.405265338965555 0.4078929522548594 0.0 0.03877096289359576 0.3749363237256635 0.0 0.0 0.0 0.0 0.0 0.3666097143252824 0.0 0.0 0.0 0.0 0.6981497838610647 0.0 0.0 0.0 0.0 0.4321985949785707 0.0 0.0 0.0 0.0 0.401213009457491 0.6753030176537096 0.07635834387252893 0.5940468471062463 0.0 0.0 0.0 0.0 0.0 0.0 0.0 0.0
a2i57ww1b3evwx
god bless all muslims to be one ameen
0.0 0.0 0.0 0.0 0.0 0.0 0.0 0.0 0.13498428871389506 0.2683528682448938 0.0 0.0 0.0 0.0 0.0 0.959955952808964 0.0 0.4819594368957876 0.0 0.0 0.0 0.0 0.0 0.0 0.0 0.0 0.0 0.0 0.0 0.5933188649886507 0.8351398490450731 0.3929019048078436 0.36637446412574126 0.0 0.0 0.0 0.0
a2zhr3rebfem5a
may allah allow the muslim nation to unite amen
0.49532430318012277 0.4985358305337171 0.0 0.04738673242550592 0.45825550677581095 0.0 0.0 0.0 0.11998603441235117 0.0 0.0 0.7423465324845094 0.0 0.0 0.0 0.0 0.0 0.0 0.6861744695217153 0.6682933176536445 0.5282427271960308 0.0 0.0 0.0 0.0 0.0 0.0 0.0 0.0 0.0 0.0 0.0 0.0 0.0 0.0 0.0 0.0
a3lhs82826iskx
may allah allow the muslim nation to unite amen
0.49532430318012277 0.4985358305337171 0.0 0.04738673242550592 0.45825550677581095 0.0 0.0 0.0 0.11998603441235117 0.0 0.0 0.7423465324845094 0.0 0.0 0.0 0.0 0.0 0.0 0.6861744695217153 0.6682933176536445 0.5282427271960308 0.0 0.0 0.0 0.0 0.0 0.0 0.0 0.0 0.0 0.0 0.0 0.0 0.0 0.0 0.0 0.0
al2rcq9eyun61
may allah allow the muslim nation to unite amen
0.49532430318012277 0.4985358305337171 0.0 0.04738673242550592 0.45825550677581095 0.0 0.0 0.0 0.11998603441235117 0.0 0.0 0.7423465324845094 0.0 0.0 0.0 0.0 0.0 0.0 0.6861744695217153 0.6682933176536445 0.5282427271960308 0.0 0.0 0.0 0.0 0.0 0.0 0.0 0.0 0.0 0.0 0.0 0.0 0.0 0.0 0.0 0.0
a3m4exda4ue7bp
may allah grant us the muslims a way to reunite amen
0.405265338965555 0.4078929522548594 0.7048868722386759 0.03877096289359576 0.0 0.0 0.0 0.0 0.09817039179192368 0.0 0.0 0.6073744356691441 0.0 0.0 0.0 0.0 0.0 0.3505159541060273 0.0 0.0 0.0 0.3325572547497532 0.12889848610652213 0.40047290422260917 0.7611631639119689 0.0 0.0 0.0 0.0 0.0 0.0 0.0 0.0 0.0 0.0 0.0 0.0
a2dwqf4zhhblow
may allah grant us the muslims a way to reunite amen
0.405265338965555 0.4078929522548594 0.7048868722386759 0.03877096289359576 0.0 0.0 0.0 0.0 0.09817039179192368 0.0 0.0 0.6073744356691441 0.0 0.0 0.0 0.0 0.0 0.3505159541060273 0.0 0.0 0.0 0.3325572547497532 0.12889848610652213 0.40047290422260917 0.7611631639119689 0.0 0.0 0.0 0.0 0.0 0.0 0.0 0.0 0.0 0.0 0.0 0.0
a3w129h6a0hk4d
may allah grant us the muslims a way to reunite ameen
0.405265338965555 0.4078929522548594 0.7048868722386759 0.03877096289359576 0.0 0.0 0.0 0.0 0.09817039179192368 0.0 0.0 0.0 0.0 0.0 0.0 0.6981497838610647 0.0 0.3505159541060273 0.0 0.0 0.0 0.3325572547497532 0.12889848610652213 0.40047290422260917 0.7611631639119689 0.0 0.0 0.0 0.0 0.0 0.0 0.0 0.0 0.0 0.0 0.0 0.0
a2owo5cfm8khwy
may allah give the muslim nation the understanding of becoming united amen
0.3714932273850921 0.3739018729002878 0.0 0.07108009863825888 0.3436916300818582 0.0 0.0 0.0 0.0 0.0 0.3360589047981755 0.5567598993633821 0.0 0.0 0.0 0.0 0.0 0.0 0.0 0.0 0.3961820453970231 0.0 0.0 0.0 0.0 0.3677785920027001 0.6190277661825672 0.06999514854981818 0.5445429431807258 0.0 0.0 0.0 0.0 0.0 0.0 0.0 0.0
a330jjzgjl7ig2
may allah give the muslim nation the understanding of how to become united ameen
0.31842276633007893 0.3204873196288181 0.0 0.06092579883279333 0.2945928257844499 0.0 0.0 0.0 0.07713387926508289 0.0 0.2880504898270076 0.0 0.0 0.0 0.3009936942622847 0.5485462587479794 0.0 0.0 0.0 0.0 0.33958461034030557 0.0 0.0 0.0 0.0 0.3152387931451715 0.5305952281564862 0.05999584161412987 0.0 0.0 0.0 0.0 0.0 0.28024595385510864 0.0 0.0 0.0
ajcv8bvciqxhp
may allah give the muslim nation the understanding of becoming united amen
0.3714932273850921 0.3739018729002878 0.0 0.07108009863825888 0.3436916300818582 0.0 0.0 0.0 0.0 0.0 0.3360589047981755 0.5567598993633821 0.0 0.0 0.0 0.0 0.0 0.0 0.0 0.0 0.3961820453970231 0.0 0.0 0.0 0.0 0.3677785920027001 0.6190277661825672 0.06999514854981818 0.5445429431807258 0.0 0.0 0.0 0.0 0.0 0.0 0.0 0.0
a1aklmhymfgmc2
lets pray to god for all muslims to be united amen
0.0 0.0 0.0 0.0 0.0 0.0 0.0 0.0 0.19634078358384735 0.19516572235992277 0.3666097143252824 0.6073744356691441 0.0 0.0 0.0 0.0 0.0 0.3505159541060273 0.0 0.0 0.0 0.0 0.0 0.0 0.0 0.0 0.0 0.0 0.0 0.4315046290826551 0.0 0.2857468398602499 0.0 0.0 0.7121634820271792 0.6981497838610647 0.17551906355840138
