this means engaging in a struggle that is more political and moral instead of armed requires reconciliation than an pursuing the path struggles self jihad they should opt for selfcontrol morals against oneself be given chance to character wise politically manner fight social ethical subjective rather mean there behaver politics efforts then force inner are important with arms these nations change resistance socially ethically behavior changing take precedence over use neson mandela showed strugle stuggle
this means engaging in a struggle that is more political and moral instead of armed and requires reconciliation
0.09519449351933444 0.3116208194874798 0.5347532095292792 0.05721281680314895 0.07877129706509685 0.3570491474431302 0.0671152457922111 0.07260086215747924 0.20120392802336035 0.20947143607358878 0.11044055997803243 0.3881389134395426 0.2909611437279171 0.04666343236654546 0.276731492910314 0.4838481688696039 0.4228141528324867 0.0 0.0 0.0 0.0 0.0 0.0 0.0 0.0 0.0 0.0 0.0 0.0 0.0 0.0 0.0 0.0 0.0 0.0 0.0 0.0 0.0 0.0 0.0 0.0 0.0 0.0 0.0 0.0 0.0 0.0 0.0 0.0 0.0 0.0 0.0 0.0 0.0 0.0 0.0 0.0 0.0 0.0 0.0 0.0 0.0 0.0 0.0 0.0 0.0 0.0 0.0 0.0 0.0 0.0 0.0 0.0 0.0 0.0
this means more than an armed struggle pursuing the path of moral and political struggles and self jihad
0.09519449351933444 0.3116208194874798 0.0 0.0 0.0 0.3570491474431302 0.0 0.0 0.20120392802336035 0.20947143607358878 0.11044055997803243 0.3881389134395426 0.0 0.04666343236654546 0.276731492910314 0.0 0.0 0.23097209057732748 0.1639091814319772 0.4838481688696039 0.02369336621275296 0.35268961325193604 0.5347532095292792 0.35936429724316177 0.31968648670106303 0.0 0.0 0.0 0.0 0.0 0.0 0.0 0.0 0.0 0.0 0.0 0.0 0.0 0.0 0.0 0.0 0.0 0.0 0.0 0.0 0.0 0.0 0.0 0.0 0.0 0.0 0.0 0.0 0.0 0.0 0.0 0.0 0.0 0.0 0.0 0.0 0.0 0.0 0.0 0.0 0.0 0.0 0.0 0.0 0.0 0.0 0.0 0.0 0.0 0.0
that is instead of armed struggle they should opt for moral and political struggle and selfcontrol
0.0 0.0 0.0 0.0 0.0 0.803360581747043 0.07550465151623749 0.08167596992716414 0.0 0.23565536558278738 0.12424562997528649 0.43665627761948544 0.3273312866939067 0.05249636141236364 0.3113229295241033 0.0 0.0 0.0 0.0 0.0 0.0 0.0 0.0 0.0 0.0 0.16148179737901186 0.1871384357961524 0.5443291899783044 0.12066935619640094 0.6449190595054357 0.0 0.0 0.0 0.0 0.0 0.0 0.0 0.0 0.0 0.0 0.0 0.0 0.0 0.0 0.0 0.0 0.0 0.0 0.0 0.0 0.0 0.0 0.0 0.0 0.0 0.0 0.0 0.0 0.0 0.0 0.0 0.0 0.0 0.0 0.0 0.0 0.0 0.0 0.0 0.0 0.0 0.0 0.0 0.0 0.0
morals political struggle and jihad against oneself should be given more of a chance than armed struggle
0.0 0.0 0.0 0.0 0.08340490277480843 0.7561040769383933 0.0 0.0 0.21303945320120507 0.22179328525438813 0.058468531753075995 0.0 0.0 0.04940834015281284 0.29300981602268544 0.0 0.0 0.24455868414069967 0.0 0.0 0.0 0.0 0.0 0.0 0.3384915741540667 0.0 0.1761302925140258 0.0 0.0 0.0 0.60698264424041 0.18747096715412115 0.4608116648411159 0.12628370270347944 0.2589707582046786 0.3403591446431597 0.0 0.0 0.0 0.0 0.0 0.0 0.0 0.0 0.0 0.0 0.0 0.0 0.0 0.0 0.0 0.0 0.0 0.0 0.0 0.0 0.0 0.0 0.0 0.0 0.0 0.0 0.0 0.0 0.0 0.0 0.0 0.0 0.0 0.0 0.0 0.0 0.0 0.0 0.0
a3dd3acpmvdvca
that is to struggle character wise and politically more than in an armed manner
0.0 0.0 0.0 0.07355933588976293 0.0 0.45906318956973885 0.08629103030427142 0.09334396563104473 0.2586907646014633 0.0 0.07099750284302085 0.0 0.0 0.0 0.3557976337418323 0.0 0.0 0.2969641164565639 0.21074037612682783 0.0 0.0 0.0 0.0 0.0 0.0 0.0 0.0 0.0 0.0 0.0 0.0 0.0 0.0 0.0 0.0 0.0 0.07713387926508289 0.4990357458508405 0.5100465086956446 0.5980567716451184 0.4356569462079189 0.0 0.0 0.0 0.0 0.0 0.0 0.0 0.0 0.0 0.0 0.0 0.0 0.0 0.0 0.0 0.0 0.0 0.0 0.0 0.0 0.0 0.0 0.0 0.0 0.0 0.0 0.0 0.0 0.0 0.0 0.0 0.0 0.0 0.0
alzgu09bjzsiw
to fight more for social ethical and subjective rather than armed
0.0 0.0 0.0 0.0 0.0 0.0 0.0 0.0 0.3292427913109533 0.0 0.09036045816384472 0.0 0.0 0.0 0.4528333520350593 0.0 0.0 0.3779543300356268 0.0 0.0 0.0 0.0 0.0 0.0 0.0 0.0 0.0 0.0 0.17551906355840138 0.0 0.0 0.0 0.0 0.0 0.0 0.0 0.09817039179192368 0.0 0.0 0.0 0.0 0.4429061436746055 0.5091096437083524 0.7383163977046138 0.8381902421289873 0.4928059229214599 0.0 0.0 0.0 0.0 0.0 0.0 0.0 0.0 0.0 0.0 0.0 0.0 0.0 0.0 0.0 0.0 0.0 0.0 0.0 0.0 0.0 0.0 0.0 0.0 0.0 0.0 0.0 0.0 0.0
a353ocl6lm6m4o
that mean there should be behaver and politics efforts in more then force
0.0 0.0 0.0 0.07921774634282162 0.0 0.0 0.09292880186613844 0.0 0.27859005418619126 0.0 0.07645884921556091 0.0 0.0 0.0 0.0 0.0 0.0 0.0 0.0 0.0 0.0 0.0 0.0 0.0 0.0 0.0 0.23032422867218758 0.0 0.0 0.0 0.0 0.0 0.0 0.16514022661224234 0.0 0.0 0.0 0.0 0.0 0.0 0.0 0.0 0.0 0.0 0.0 0.0 0.5099865767671565 0.22030653867099767 0.7092378971860662 0.44344831234510995 0.3674954928406573 0.26871114737166646 0.3788521081334315 0.0 0.0 0.0 0.0 0.0 0.0 0.0 0.0 0.0 0.0 0.0 0.0 0.0 0.0 0.0 0.0 0.0 0.0 0.0 0.0 0.0 0.0
a3b84pq645okwb
that means political and inner struggle are more important than armed struggle
0.0 0.4674312292312197 0.0 0.0 0.0 1.0711474423293905 0.10067286868831665 0.0 0.30180589203504055 0.3142071541103832 0.08283041998352432 0.0 0.0 0.0 0.41509723936547105 0.0 0.0 0.3464581358659912 0.0 0.0 0.0 0.0 0.0 0.0 0.0 0.0 0.0 0.0 0.0 0.0 0.0 0.0 0.0 0.0 0.0 0.0 0.0 0.0 0.0 0.0 0.0 0.0 0.0 0.0 0.0 0.0 0.0 0.0 0.0 0.0 0.0 0.0 0.0 0.768341055284905 0.17551137948773554 0.3961820453970231 0.0 0.0 0.0 0.0 0.0 0.0 0.0 0.0 0.0 0.0 0.0 0.0 0.0 0.0 0.0 0.0 0.0 0.0 0.0
a2qxd8jqk5bvez
that is to struggle character wise and politically more than in an armed manner
0.0 0.0 0.0 0.07355933588976293 0.0 0.45906318956973885 0.08629103030427142 0.09334396563104473 0.2586907646014633 0.0 0.07099750284302085 0.0 0.0 0.0 0.3557976337418323 0.0 0.0 0.2969641164565639 0.21074037612682783 0.0 0.0 0.0 0.0 0.0 0.0 0.0 0.0 0.0 0.0 0.0 0.0 0.0 0.0 0.0 0.0 0.0 0.07713387926508289 0.4990357458508405 0.5100465086956446 0.5980567716451184 0.4356569462079189 0.0 0.0 0.0 0.0 0.0 0.0 0.0 0.0 0.0 0.0 0.0 0.0 0.0 0.0 0.0 0.0 0.0 0.0 0.0 0.0 0.0 0.0 0.0 0.0 0.0 0.0 0.0 0.0 0.0 0.0 0.0 0.0 0.0 0.0
a330jjzgjl7ig2
that is to struggle character wise and politically more than with arms
0.0 0.0 0.0 0.0 0.0 0.5355737211646953 0.10067286868831665 0.10890129323621885 0.30180589203504055 0.0 0.08283041998352432 0.0 0.0 0.0 0.0 0.0 0.0 0.3464581358659912 0.0 0.0 0.0 0.0 0.0 0.0 0.0 0.0 0.0 0.0 0.0 0.0 0.0 0.0 0.0 0.0 0.0 0.0 0.08998952580926338 0.5822083701593139 0.5950542601449188 0.6977329002526381 0.0 0.0 0.0 0.0 0.0 0.0 0.0 0.0 0.0 0.0 0.0 0.0 0.0 0.0 0.0 0.0 0.19586545433952116 0.5445429431807258 0.0 0.0 0.0 0.0 0.0 0.0 0.0 0.0 0.0 0.0 0.0 0.0 0.0 0.0 0.0 0.0 0.0
a1fxoxn23tdqwc
that is to struggle character wise and politically more than in an armed manner
0.0 0.0 0.0 0.07355933588976293 0.0 0.45906318956973885 0.08629103030427142 0.09334396563104473 0.2586907646014633 0.0 0.07099750284302085 0.0 0.0 0.0 0.3557976337418323 0.0 0.0 0.2969641164565639 0.21074037612682783 0.0 0.0 0.0 0.0 0.0 0.0 0.0 0.0 0.0 0.0 0.0 0.0 0.0 0.0 0.0 0.0 0.0 0.07713387926508289 0.4990357458508405 0.5100465086956446 0.5980567716451184 0.4356569462079189 0.0 0.0 0.0 0.0 0.0 0.0 0.0 0.0 0.0 0.0 0.0 0.0 0.0 0.0 0.0 0.0 0.0 0.0 0.0 0.0 0.0 0.0 0.0 0.0 0.0 0.0 0.0 0.0 0.0 0.0 0.0 0.0 0.0 0.0
a1yqg4gns4or
these nations should fight more for social ethical and subjective change rather than armed resistance
0.0 0.0 0.0 0.0 0.0 0.0 0.0 0.0 0.2414447136280324 0.0 0.06626433598681945 0.0 0.0 0.0 0.3320777914923768 0.0 0.0 0.27716650869279297 0.0 0.0 0.0 0.0 0.0 0.0 0.0 0.0 0.19961433151589592 0.0 0.12871397994282768 0.0 0.0 0.0 0.0 0.0 0.0 0.0 0.0 0.0 0.0 0.0 0.0 0.3247978386947107 0.3733470720527918 0.5414320249833834 0.614672844227924 0.36139101014240393 0.0 0.0 0.0 0.0 0.0 0.0 0.0 0.0 0.0 0.0 0.0 0.0 0.20076684248814883 0.2991214983202302 0.341716540079784 0.4056398964993141 0.0 0.0 0.0 0.0 0.0 0.0 0.0 0.0 0.0 0.0 0.0 0.0 0.0
a2blrglxnlm1uq
to fight more for socially and ethically rather than with arms
0.0 0.0 0.0 0.0 0.0 0.0 0.0 0.0 0.3292427913109533 0.0 0.09036045816384472 0.0 0.0 0.0 0.0 0.0 0.0 0.3779543300356268 0.0 0.0 0.0 0.0 0.0 0.0 0.0 0.0 0.0 0.0 0.17551906355840138 0.0 0.0 0.0 0.0 0.0 0.0 0.0 0.09817039179192368 0.0 0.0 0.0 0.0 0.4429061436746055 0.0 0.0 0.0 0.4928059229214599 0.0 0.0 0.0 0.0 0.0 0.0 0.0 0.0 0.0 0.0 0.21367140473402307 0.5940468471062463 0.0 0.0 0.0 0.0 0.938064086553361 0.8750507065024569 0.0 0.0 0.0 0.0 0.0 0.0 0.0 0.0 0.0 0.0 0.0
a1395pss402i1j
to fight more for social ethical and subjective rather than armed
0.0 0.0 0.0 0.0 0.0 0.0 0.0 0.0 0.3292427913109533 0.0 0.09036045816384472 0.0 0.0 0.0 0.4528333520350593 0.0 0.0 0.3779543300356268 0.0 0.0 0.0 0.0 0.0 0.0 0.0 0.0 0.0 0.0 0.17551906355840138 0.0 0.0 0.0 0.0 0.0 0.0 0.0 0.09817039179192368 0.0 0.0 0.0 0.0 0.4429061436746055 0.5091096437083524 0.7383163977046138 0.8381902421289873 0.4928059229214599 0.0 0.0 0.0 0.0 0.0 0.0 0.0 0.0 0.0 0.0 0.0 0.0 0.0 0.0 0.0 0.0 0.0 0.0 0.0 0.0 0.0 0.0 0.0 0.0 0.0 0.0 0.0 0.0 0.0
a2zhr3rebfem5a
that mean there should be behaver and politics efforts in more then force
0.0 0.0 0.0 0.07921774634282162 0.0 0.0 0.09292880186613844 0.0 0.27859005418619126 0.0 0.07645884921556091 0.0 0.0 0.0 0.0 0.0 0.0 0.0 0.0 0.0 0.0 0.0 0.0 0.0 0.0 0.0 0.23032422867218758 0.0 0.0 0.0 0.0 0.0 0.0 0.16514022661224234 0.0 0.0 0.0 0.0 0.0 0.0 0.0 0.0 0.0 0.0 0.0 0.0 0.5099865767671565 0.22030653867099767 0.7092378971860662 0.44344831234510995 0.3674954928406573 0.26871114737166646 0.3788521081334315 0.0 0.0 0.0 0.0 0.0 0.0 0.0 0.0 0.0 0.0 0.0 0.0 0.0 0.0 0.0 0.0 0.0 0.0 0.0 0.0 0.0 0.0
a3bnv4r3pkyf7u
that mean there should be behavior and political efforts in more then force
0.0 0.0 0.0 0.07921774634282162 0.0 0.0 0.09292880186613844 0.0 0.27859005418619126 0.29003737302496907 0.07645884921556091 0.0 0.0 0.0 0.0 0.0 0.0 0.0 0.0 0.0 0.0 0.0 0.0 0.0 0.0 0.0 0.23032422867218758 0.0 0.0 0.0 0.0 0.0 0.0 0.16514022661224234 0.0 0.0 0.0 0.0 0.0 0.0 0.0 0.0 0.0 0.0 0.0 0.0 0.5099865767671565 0.22030653867099767 0.0 0.0 0.3674954928406573 0.26871114737166646 0.3788521081334315 0.0 0.0 0.0 0.0 0.0 0.0 0.0 0.0 0.0 0.0 0.0 0.4841040970270632 0.0 0.0 0.0 0.0 0.0 0.0 0.0 0.0 0.0 0.0
a3ekiovcnyj9bj
that mean there should be behaver and politics efforts in more then force this means that changing behavior and political efforts should take precedence over the use of force
0.05908623735682827 0.19341981899222885 0.0 0.035511403532989004 0.0 0.0 0.08331547753515861 0.0 0.1248851967041547 0.13001675342498614 0.06854931308981324 0.0 0.0 0.028963509744752355 0.0 0.0 0.0 0.0 0.0 0.0 0.014706227304467356 0.0 0.0 0.0 0.0 0.0 0.20649758432678886 0.0 0.0 0.0 0.0 0.0 0.0 0.07402837744686726 0.0 0.0 0.0 0.0 0.0 0.0 0.0 0.0 0.0 0.0 0.0 0.0 0.22861467234389773 0.09875810354217138 0.3179342297730642 0.19878717449953207 0.32947871771921 0.1204567212355746 0.3396605107403179 0.0 0.0 0.0 0.0 0.0 0.0 0.0 0.0 0.0 0.0 0.0 0.21701218142592488 0.24922974133547085 0.13311609202559244 0.33191578522506987 0.1288033010320071 0.17143439384032766 0.0 0.0 0.0 0.0 0.0
a31ocn4mnhuq6w
that means political and inner struggle are more important than armed struggle neson mandela showed that political and inner strugle are more important than armed stuggle
0.0 0.2157374904144091 0.0 0.0 0.0 0.4943757426135649 0.09292880186613844 0.0 0.27859005418619126 0.29003737302496907 0.07645884921556091 0.0 0.0 0.0 0.38316668249120406 0.0 0.0 0.31980751003014574 0.0 0.0 0.0 0.0 0.0 0.0 0.0 0.0 0.0 0.0 0.0 0.0 0.0 0.0 0.0 0.0 0.0 0.0 0.0 0.0 0.0 0.0 0.0 0.0 0.0 0.0 0.0 0.0 0.0 0.0 0.0 0.0 0.0 0.0 0.0 0.7092378971860662 0.1620105041425251 0.365706503443406 0.0 0.0 0.0 0.0 0.0 0.0 0.0 0.0 0.0 0.0 0.0 0.0 0.0 0.0 0.3968732673879604 0.2902352396095073 0.23238610896426598 0.3968732673879604 0.3968732673879604
