war itself is a problem in if peace cannot be solution then will ravage not only the nation which it fought but homelands of nations waging always lead to more problems
war itself is a problem
0.7260700476280417 1.0782902533859533 0.26136310376692523 0.28357666943434867 0.9578551729151095 0.0 0.0 0.0 0.0 0.0 0.0 0.0 0.0 0.0 0.0 0.0 0.0 0.0 0.0 0.0 0.0 0.0 0.0 0.0 0.0 0.0 0.0 0.0 0.0 0.0 0.0
war is itself a problem
0.7260700476280417 1.0782902533859533 0.26136310376692523 0.28357666943434867 0.9578551729151095 0.0 0.0 0.0 0.0 0.0 0.0 0.0 0.0 0.0 0.0 0.0 0.0 0.0 0.0 0.0 0.0 0.0 0.0 0.0 0.0 0.0 0.0 0.0 0.0 0.0 0.0
war is a problem in itself
0.6050583730233682 0.8985752111549611 0.2178025864724377 0.23631389119529056 0.7982126440959245 0.17163845040944684 0.0 0.0 0.0 0.0 0.0 0.0 0.0 0.0 0.0 0.0 0.0 0.0 0.0 0.0 0.0 0.0 0.0 0.0 0.0 0.0 0.0 0.0 0.0 0.0 0.0
war in itself is a problem
0.6050583730233682 0.8985752111549611 0.2178025864724377 0.23631389119529056 0.7982126440959245 0.17163845040944684 0.0 0.0 0.0 0.0 0.0 0.0 0.0 0.0 0.0 0.0 0.0 0.0 0.0 0.0 0.0 0.0 0.0 0.0 0.0 0.0 0.0 0.0 0.0 0.0 0.0
a143bvgouf83je
war itself is a problem
0.7260700476280417 1.0782902533859533 0.26136310376692523 0.28357666943434867 0.9578551729151095 0.0 0.0 0.0 0.0 0.0 0.0 0.0 0.0 0.0 0.0 0.0 0.0 0.0 0.0 0.0 0.0 0.0 0.0 0.0 0.0 0.0 0.0 0.0 0.0 0.0 0.0
a28z6a8uc4er3x
war is itself a problem
0.7260700476280417 1.0782902533859533 0.26136310376692523 0.28357666943434867 0.9578551729151095 0.0 0.0 0.0 0.0 0.0 0.0 0.0 0.0 0.0 0.0 0.0 0.0 0.0 0.0 0.0 0.0 0.0 0.0 0.0 0.0 0.0 0.0 0.0 0.0 0.0 0.0
a3dd3acpmvdvca
war is in itself a problem
0.6050583730233682 0.8985752111549611 0.2178025864724377 0.23631389119529056 0.7982126440959245 0.17163845040944684 0.0 0.0 0.0 0.0 0.0 0.0 0.0 0.0 0.0 0.0 0.0 0.0 0.0 0.0 0.0 0.0 0.0 0.0 0.0 0.0 0.0 0.0 0.0 0.0 0.0
a2i57ww1b3evwx
war itself is a problem
0.7260700476280417 1.0782902533859533 0.26136310376692523 0.28357666943434867 0.9578551729151095 0.0 0.0 0.0 0.0 0.0 0.0 0.0 0.0 0.0 0.0 0.0 0.0 0.0 0.0 0.0 0.0 0.0 0.0 0.0 0.0 0.0 0.0 0.0 0.0 0.0 0.0
a2190f96xfy41l
war itself is a problem
0.7260700476280417 1.0782902533859533 0.26136310376692523 0.28357666943434867 0.9578551729151095 0.0 0.0 0.0 0.0 0.0 0.0 0.0 0.0 0.0 0.0 0.0 0.0 0.0 0.0 0.0 0.0 0.0 0.0 0.0 0.0 0.0 0.0 0.0 0.0 0.0 0.0
a1395pss402i1j
war itself is a problem
0.7260700476280417 1.0782902533859533 0.26136310376692523 0.28357666943434867 0.9578551729151095 0.0 0.0 0.0 0.0 0.0 0.0 0.0 0.0 0.0 0.0 0.0 0.0 0.0 0.0 0.0 0.0 0.0 0.0 0.0 0.0 0.0 0.0 0.0 0.0 0.0 0.0
a24bjjrcqbm3mi
war itself is a problem if peace cannot be a solution then war will ravage not only the nation in which it is fought but the homelands of the nations waging the war
0.33003183983092804 0.16337731111908382 0.07920094053543189 0.08593232407101475 0.14512957165380447 0.03120699098353579 0.09148204804026697 0.12044922781698908 0.159084871208083 0.06505524078664092 0.17080526439281066 0.10585590654035344 0.06713676363033891 0.31268802885112035 0.06486749964355648 0.10199928204430612 0.05169461719146101 0.14406619832619022 0.0913798454803082 0.061368346576564405 0.19414187717147954 0.0791406756580757 0.2793967473763291 0.02545278129084298 0.13596431741828646 0.27067910881718427 0.0 0.0 0.0 0.0 0.0
a6tw9zegog7ph
war is itself a problem
0.7260700476280417 1.0782902533859533 0.26136310376692523 0.28357666943434867 0.9578551729151095 0.0 0.0 0.0 0.0 0.0 0.0 0.0 0.0 0.0 0.0 0.0 0.0 0.0 0.0 0.0 0.0 0.0 0.0 0.0 0.0 0.0 0.0 0.0 0.0 0.0 0.0
aq83oqxl7tj8n
war is itself a problem
0.7260700476280417 1.0782902533859533 0.26136310376692523 0.28357666943434867 0.9578551729151095 0.0 0.0 0.0 0.0 0.0 0.0 0.0 0.0 0.0 0.0 0.0 0.0 0.0 0.0 0.0 0.0 0.0 0.0 0.0 0.0 0.0 0.0 0.0 0.0 0.0 0.0
a3iiehpa9ivcnu
war is itself a problem
0.7260700476280417 1.0782902533859533 0.26136310376692523 0.28357666943434867 0.9578551729151095 0.0 0.0 0.0 0.0 0.0 0.0 0.0 0.0 0.0 0.0 0.0 0.0 0.0 0.0 0.0 0.0 0.0 0.0 0.0 0.0 0.0 0.0 0.0 0.0 0.0 0.0
a2unp2crnrfiw8
war in itself is a problem
0.6050583730233682 0.8985752111549611 0.2178025864724377 0.23631389119529056 0.7982126440959245 0.17163845040944684 0.0 0.0 0.0 0.0 0.0 0.0 0.0 0.0 0.0 0.0 0.0 0.0 0.0 0.0 0.0 0.0 0.0 0.0 0.0 0.0 0.0 0.0 0.0 0.0 0.0
a1dndzlo2d5d48
war is in itself a problem
0.6050583730233682 0.8985752111549611 0.2178025864724377 0.23631389119529056 0.7982126440959245 0.17163845040944684 0.0 0.0 0.0 0.0 0.0 0.0 0.0 0.0 0.0 0.0 0.0 0.0 0.0 0.0 0.0 0.0 0.0 0.0 0.0 0.0 0.0 0.0 0.0 0.0 0.0
a1ih5ceu09nm63
war is in itself a problem
0.6050583730233682 0.8985752111549611 0.2178025864724377 0.23631389119529056 0.7982126440959245 0.17163845040944684 0.0 0.0 0.0 0.0 0.0 0.0 0.0 0.0 0.0 0.0 0.0 0.0 0.0 0.0 0.0 0.0 0.0 0.0 0.0 0.0 0.0 0.0 0.0 0.0 0.0
a1vftlon458bjk
war itself is a problem war will always lead to more problems
0.6050583730233682 0.44928760557748054 0.10890129323621885 0.11815694559764528 0.39910632204796226 0.0 0.0 0.0 0.0 0.0 0.0 0.0 0.18462609998343202 0.0 0.0 0.0 0.0 0.0 0.0 0.0 0.0 0.0 0.0 0.0 0.0 0.0 0.4276099288538513 0.561265501135905 0.08998952580926338 0.30180589203504055 0.39002919022943544
