i try not to give anyone false hopes especially in the name of allah dont enter into a promise with by citing want someone hope god blame for wrong reasons and that too swearing do falsely please others say lie specially misguide lieing also attaching allahs refrained from giving particularly attempt tell lies then order appear honest if you be untruthful knows lying said
i try not to give anyone false hopes especially in the name of allah
0.2319986317733353 0.3882787878214714 0.15290196344552598 0.07713387926508289 0.3152387931451715 0.4026124089259108 0.519584465311682 0.47179520609876163 0.45906318956973885 0.07355933588976293 0.030462899416396665 0.3241401025924744 0.05999584161412987 0.3204873196288181 0.0 0.0 0.0 0.0 0.0 0.0 0.0 0.0 0.0 0.0 0.0 0.0 0.0 0.0 0.0 0.0 0.0 0.0 0.0 0.0 0.0 0.0 0.0 0.0 0.0 0.0 0.0 0.0 0.0 0.0 0.0 0.0 0.0 0.0 0.0 0.0 0.0 0.0 0.0 0.0 0.0 0.0 0.0 0.0 0.0 0.0 0.0 0.0 0.0 0.0
dont enter into a false promise with anyone by citing the name of allah
0.0 0.0 0.0 0.0 0.0 0.4026124089259108 0.519584465311682 0.0 0.0 0.0 0.030462899416396665 0.3241401025924744 0.05999584161412987 0.3204873196288181 0.33796116383476577 0.5801057410536251 0.32869123219148205 0.10127738194083881 0.4548186595361102 0.167884675148161 0.17824709010010342 0.63802932792622 0.0 0.0 0.0 0.0 0.0 0.0 0.0 0.0 0.0 0.0 0.0 0.0 0.0 0.0 0.0 0.0 0.0 0.0 0.0 0.0 0.0 0.0 0.0 0.0 0.0 0.0 0.0 0.0 0.0 0.0 0.0 0.0 0.0 0.0 0.0 0.0 0.0 0.0 0.0 0.0 0.0 0.0
i dont want to give someone a false hope especially in the name of god
0.2165320563217796 0.0 0.0 0.0719916206474107 0.29422287360216004 0.0 0.4849455009575699 0.0 0.4284589769317562 0.06865538016377874 0.028432039455303555 0.3025307624196428 0.05599611883985455 0.0 0.3154304195791147 0.0 0.0 0.09452555647811622 0.0 0.0 0.0 0.0 0.30833152088561805 0.35298829541604626 0.3733470720527918 0.31643672799394706 0.0 0.0 0.0 0.0 0.0 0.0 0.0 0.0 0.0 0.0 0.0 0.0 0.0 0.0 0.0 0.0 0.0 0.0 0.0 0.0 0.0 0.0 0.0 0.0 0.0 0.0 0.0 0.0 0.0 0.0 0.0 0.0 0.0 0.0 0.0 0.0 0.0 0.0
dont blame anyone for the wrong reasons and that too swearing in the name of allah
0.0 0.0 0.0 0.0 0.0 0.35228585781017197 0.0 0.0 0.0 0.06436441890354257 0.05331007397869417 0.2836225897684151 0.05249636141236364 0.28042640467521585 0.29571601835542005 0.0 0.0 0.0 0.0 0.0 0.0 0.0 0.0 0.0 0.0 0.0 0.3900729692613282 0.12066935619640094 0.33517986840535685 0.3657998020895242 0.06212281498764324 0.07550465151623749 0.3134625027517434 0.5329340926786822 0.0 0.0 0.0 0.0 0.0 0.0 0.0 0.0 0.0 0.0 0.0 0.0 0.0 0.0 0.0 0.0 0.0 0.0 0.0 0.0 0.0 0.0 0.0 0.0 0.0 0.0 0.0 0.0 0.0 0.0
a3dd3acpmvdvca
that i do not falsely please others that too with the name of allah
0.2319986317733353 0.0 0.15290196344552598 0.0 0.0 0.0 0.0 0.0 0.0 0.0 0.030462899416396665 0.3241401025924744 0.05999584161412987 0.3204873196288181 0.0 0.0 0.0 0.0 0.0 0.167884675148161 0.0 0.0 0.0 0.0 0.0 0.0 0.0 0.0 0.0 0.0 0.0 0.17258206060854284 0.35824286028770674 0.0 0.23127407538544206 0.5801057410536251 0.3796256175815365 0.41484610325500865 0.0 0.0 0.0 0.0 0.0 0.0 0.0 0.0 0.0 0.0 0.0 0.0 0.0 0.0 0.0 0.0 0.0 0.0 0.0 0.0 0.0 0.0 0.0 0.0 0.0 0.0
alzgu09bjzsiw
dont say lie specially in the name of god
0.0 0.0 0.0 0.0 0.0 0.0 0.0 0.0 0.0 0.1144256336062979 0.04738673242550592 0.5042179373660712 0.09332686473309092 0.0 0.5257173659651913 0.0 0.0 0.0 0.0 0.0 0.0 0.0 0.0 0.0 0.0 0.5273945466565784 0.0 0.0 0.0 0.0 0.0 0.0 0.0 0.0 0.0 0.0 0.0 0.0 0.43483072156179214 0.7723787913444996 0.8704220335887745 0.0 0.0 0.0 0.0 0.0 0.0 0.0 0.0 0.0 0.0 0.0 0.0 0.0 0.0 0.0 0.0 0.0 0.0 0.0 0.0 0.0 0.0 0.0
a28z6a8uc4er3x
do not misguide someone by lieing and that also by attaching allahs name
0.0 0.0 0.16466365294133567 0.0 0.0 0.0 0.0 0.0 0.0 0.0 0.0 0.34907395663804935 0.0 0.0 0.0 0.0 0.0 0.0 0.0 0.0 0.38391680944637663 0.0 0.0 0.40729418701851494 0.0 0.0 0.0 0.0 0.0 0.0 0.07645884921556091 0.09292880186613844 0.0 0.0 0.2490643888766299 0.0 0.0 0.0 0.0 0.0 0.0 0.6337894931082412 0.7404275208866943 0.21224195815994393 0.7092378971860662 0.5159836184186728 0.0 0.0 0.0 0.0 0.0 0.0 0.0 0.0 0.0 0.0 0.0 0.0 0.0 0.0 0.0 0.0 0.0 0.0
a132zmwemnnusa
i refrained from giving false hopes to others particularly with allahs name
0.2706650704022245 0.0 0.0 0.08998952580926338 0.0 0.0 0.6061818761969623 0.5504277404485552 0.0 0.0 0.0 0.37816345302455345 0.0 0.0 0.0 0.0 0.0 0.0 0.0 0.19586545433952116 0.0 0.0 0.0 0.0 0.0 0.0 0.0 0.0 0.0 0.0 0.0 0.0 0.0 0.0 0.0 0.0 0.0 0.48398712046417675 0.0 0.0 0.0 0.0 0.0 0.0 0.0 0.5589822532868955 0.66006747327405 0.20107455328566992 0.4385382622282219 0.6528165251915808 0.0 0.0 0.0 0.0 0.0 0.0 0.0 0.0 0.0 0.0 0.0 0.0 0.0 0.0
a1e4smxrh1paux
that i do not falsely please others that too in the name of allah
0.2319986317733353 0.0 0.15290196344552598 0.0 0.0 0.0 0.0 0.0 0.0 0.07355933588976293 0.030462899416396665 0.3241401025924744 0.05999584161412987 0.3204873196288181 0.0 0.0 0.0 0.0 0.0 0.0 0.0 0.0 0.0 0.0 0.0 0.0 0.0 0.0 0.0 0.0 0.0 0.17258206060854284 0.35824286028770674 0.0 0.23127407538544206 0.5801057410536251 0.3796256175815365 0.41484610325500865 0.0 0.0 0.0 0.0 0.0 0.0 0.0 0.0 0.0 0.0 0.0 0.0 0.0 0.0 0.0 0.0 0.0 0.0 0.0 0.0 0.0 0.0 0.0 0.0 0.0 0.0
a2rcbwy8ulhnj0
that i do not falsely please others in the name of allah
0.2706650704022245 0.0 0.1783856240197803 0.0 0.0 0.0 0.0 0.0 0.0 0.08581922520472342 0.03554004931912944 0.37816345302455345 0.06999514854981818 0.3739018729002878 0.0 0.0 0.0 0.0 0.0 0.0 0.0 0.0 0.0 0.0 0.0 0.0 0.0 0.0 0.0 0.0 0.0 0.10067286868831665 0.0 0.0 0.26981975461634905 0.6767900312292293 0.44289655384512594 0.48398712046417675 0.0 0.0 0.0 0.0 0.0 0.0 0.0 0.0 0.0 0.0 0.0 0.0 0.0 0.0 0.0 0.0 0.0 0.0 0.0 0.0 0.0 0.0 0.0 0.0 0.0 0.0
a330jjzgjl7ig2
that i do not falsely please others that too i attempt in the name of allah
0.40599760560333675 0.0 0.13378921801483523 0.0 0.0 0.0 0.0 0.0 0.0 0.06436441890354257 0.026655036989347083 0.2836225897684151 0.05249636141236364 0.28042640467521585 0.0 0.0 0.0 0.0 0.0 0.0 0.0 0.0 0.0 0.0 0.0 0.0 0.0 0.0 0.0 0.0 0.0 0.15100930303247498 0.3134625027517434 0.0 0.2023648159622618 0.507592523421922 0.33217241538384445 0.36299034034813255 0.0 0.0 0.0 0.0 0.0 0.0 0.0 0.0 0.0 0.0 0.0 0.0 0.41436409362331467 0.0 0.0 0.0 0.0 0.0 0.0 0.0 0.0 0.0 0.0 0.0 0.0 0.0
a1lkw32z4tqsw7
dont lie in the name of god
0.0 0.0 0.0 0.0 0.0 0.0 0.0 0.0 0.0 0.14711867177952587 0.06092579883279333 0.6482802051849488 0.11999168322825975 0.0 0.6759223276695315 0.0 0.0 0.0 0.0 0.0 0.0 0.0 0.0 0.0 0.0 0.6780787028441723 0.0 0.0 0.0 0.0 0.0 0.0 0.0 0.0 0.0 0.0 0.0 0.0 0.0 0.9930584460143567 0.0 0.0 0.0 0.0 0.0 0.0 0.0 0.0 0.0 0.0 0.0 0.0 0.0 0.0 0.0 0.0 0.0 0.0 0.0 0.0 0.0 0.0 0.0 0.0
a14wwg6nkbdwgp
dont tell lies especially in the name of god
0.0 0.0 0.0 0.0 0.0 0.0 0.0 0.0 0.7140982948862604 0.1144256336062979 0.04738673242550592 0.5042179373660712 0.09332686473309092 0.0 0.5257173659651913 0.0 0.0 0.0 0.0 0.0 0.0 0.0 0.0 0.0 0.0 0.5273945466565784 0.0 0.0 0.0 0.0 0.0 0.0 0.0 0.0 0.0 0.0 0.0 0.0 0.0 0.0 0.0 0.0 0.0 0.0 0.0 0.0 0.0 0.0 0.0 0.0 0.0 0.5670854660531095 0.7580219322911657 0.0 0.0 0.0 0.0 0.0 0.0 0.0 0.0 0.0 0.0 0.0
au2ar4vob7vlv
dont say lies especially in the name of god
0.0 0.0 0.0 0.0 0.0 0.0 0.0 0.0 0.7140982948862604 0.1144256336062979 0.04738673242550592 0.5042179373660712 0.09332686473309092 0.0 0.5257173659651913 0.0 0.0 0.0 0.0 0.0 0.0 0.0 0.0 0.0 0.0 0.5273945466565784 0.0 0.0 0.0 0.0 0.0 0.0 0.0 0.0 0.0 0.0 0.0 0.0 0.43483072156179214 0.0 0.0 0.0 0.0 0.0 0.0 0.0 0.0 0.0 0.0 0.0 0.0 0.0 0.7580219322911657 0.0 0.0 0.0 0.0 0.0 0.0 0.0 0.0 0.0 0.0 0.0
a301gnfg8w711q
do not misguide someone by lieing and then attaching allahs name in order to appear honest
0.0 0.0 0.13378921801483523 0.06749214435694753 0.0 0.0 0.0 0.0 0.0 0.06436441890354257 0.0 0.2836225897684151 0.0 0.0 0.0 0.0 0.0 0.0 0.0 0.0 0.1559662038375905 0.0 0.0 0.3309265269525434 0.0 0.0 0.0 0.0 0.0 0.0 0.06212281498764324 0.0 0.0 0.0 0.2023648159622618 0.0 0.0 0.0 0.0 0.0 0.0 0.514953963150446 0.6015973607204391 0.0 0.5762557914636788 0.41923668996517166 0.0 0.0 0.0 0.0 0.0 0.0 0.0 0.21832780723947898 0.3089641590251754 0.46427082463692537 0.5582756619354425 0.0 0.0 0.0 0.0 0.0 0.0 0.0
a3c1u2evw0nuff
if you misguide and be untruthful allah knows
0.0 0.0 0.0 0.0 0.0 0.0 0.0 0.0 0.0 0.0 0.0 0.0 0.0 0.5608528093504317 0.0 0.0 0.0 0.0 0.0 0.0 0.0 0.0 0.0 0.0 0.0 0.0 0.0 0.0 0.0 0.0 0.12424562997528649 0.0 0.0 0.0 0.0 0.0 0.0 0.0 0.0 0.0 0.0 1.029907926300892 0.0 0.0 0.0 0.0 0.0 0.0 0.0 0.0 0.0 0.0 0.0 0.0 0.0 0.0 0.0 0.37736344816610123 0.398475765223828 0.2683528682448938 1.2898381190108714 0.6643448307676889 0.0 0.0
a12ezody9kxiim
do not misguide someone by lying and attaching allahs name to said lie
0.0 0.0 0.16466365294133567 0.08306725459316619 0.0 0.0 0.0 0.0 0.0 0.0 0.0 0.34907395663804935 0.0 0.0 0.0 0.0 0.0 0.0 0.0 0.0 0.19195840472318831 0.0 0.0 0.40729418701851494 0.0 0.0 0.0 0.0 0.0 0.0 0.07645884921556091 0.0 0.0 0.0 0.2490643888766299 0.0 0.0 0.0 0.0 0.5347237786231152 0.0 0.6337894931082412 0.0 0.0 0.7092378971860662 0.5159836184186728 0.0 0.0 0.0 0.0 0.0 0.0 0.0 0.0 0.0 0.0 0.0 0.0 0.0 0.0 0.0 0.0 0.5633055906563831 0.1703078064396817
arq4j4tltpbnc
i refrained from giving false hopes to others particularly with allahs name
0.2706650704022245 0.0 0.0 0.08998952580926338 0.0 0.0 0.6061818761969623 0.5504277404485552 0.0 0.0 0.0 0.37816345302455345 0.0 0.0 0.0 0.0 0.0 0.0 0.0 0.19586545433952116 0.0 0.0 0.0 0.0 0.0 0.0 0.0 0.0 0.0 0.0 0.0 0.0 0.0 0.0 0.0 0.0 0.0 0.48398712046417675 0.0 0.0 0.0 0.0 0.0 0.0 0.0 0.5589822532868955 0.66006747327405 0.20107455328566992 0.4385382622282219 0.6528165251915808 0.0 0.0 0.0 0.0 0.0 0.0 0.0 0.0 0.0 0.0 0.0 0.0 0.0 0.0
