who could be behind her assassination whose hand can martyrdom have a in is the killing of murdering been assisination death which murdered
who could be behind her assassination
0.4906793228113376 0.7187252987475397 0.3578038243265251 0.8589864963605761 0.6274619246768599 1.3056330503831617 0.0 0.0 0.0 0.0 0.0 0.0 0.0 0.0 0.0 0.0 0.0 0.0 0.0 0.0 0.0 0.0 0.0
whose hand can be behind her martyrdom
0.0 0.0 0.3066889922798786 0.7362741397376367 0.5378245068658799 0.0 0.7517798781055233 0.6384828817343016 0.45023815359639296 0.9367864051990583 0.0 0.0 0.0 0.0 0.0 0.0 0.0 0.0 0.0 0.0 0.0 0.0 0.0
who could have a hand in her assassination
0.3680094921085032 0.5390439740606547 0.0 0.0 0.47059644350764496 0.9792247877873713 0.0 0.5586725215175139 0.0 0.0 0.2859962534985537 0.17723541839646792 0.12872883780708513 0.0 0.0 0.0 0.0 0.0 0.0 0.0 0.0 0.0 0.0
who could be behind her assassination
0.4906793228113376 0.7187252987475397 0.3578038243265251 0.8589864963605761 0.6274619246768599 1.3056330503831617 0.0 0.0 0.0 0.0 0.0 0.0 0.0 0.0 0.0 0.0 0.0 0.0 0.0 0.0 0.0 0.0 0.0
alzgu09bjzsiw
whose hand is behind the killing of her
0.0 0.0 0.0 0.6442398722704321 0.47059644350764496 0.0 0.6578073933423328 0.5586725215175139 0.0 0.0 0.0 0.0 0.0 0.16335193985432828 0.05331007397869417 0.620855852326363 0.10499272282472728 0.0 0.0 0.0 0.0 0.0 0.0
a143bvgouf83je
who can be behind her martyrdom
0.4906793228113376 0.0 0.3578038243265251 0.8589864963605761 0.6274619246768599 0.0 0.0 0.0 0.5252778458624584 1.0929174727322348 0.0 0.0 0.0 0.0 0.0 0.0 0.0 0.0 0.0 0.0 0.0 0.0 0.0
a3dd3acpmvdvca
who can be behind murdering her
0.4906793228113376 0.0 0.3578038243265251 0.8589864963605761 0.6274619246768599 0.0 0.0 0.0 0.5252778458624584 0.0 0.0 0.0 0.0 0.0 0.0 0.0 0.0 1.3056330503831617 0.0 0.0 0.0 0.0 0.0
a1is07hajk7bzr
who could have been behind her assisination
0.42058227669543224 0.6160502560693197 0.0 0.7362741397376367 0.5378245068658799 0.0 0.0 0.0 0.0 0.0 0.3268528611412042 0.0 0.0 0.0 0.0 0.0 0.0 0.0 0.4206718703909729 1.474100707440996 0.0 0.0 0.0
a2bk4fasw056jr
who is behind her death
0.5888151873736052 0.0 0.0 1.0307837956326913 0.752954309612232 0.0 0.0 0.0 0.0 0.0 0.0 0.0 0.0 0.26136310376692523 0.0 0.0 0.0 0.0 0.0 0.0 0.9440565986177193 0.0 0.0
a3w129h6a0hk4d
whose hand is behind the killing of her
0.0 0.0 0.0 0.6442398722704321 0.47059644350764496 0.0 0.6578073933423328 0.5586725215175139 0.0 0.0 0.0 0.0 0.0 0.16335193985432828 0.05331007397869417 0.620855852326363 0.10499272282472728 0.0 0.0 0.0 0.0 0.0 0.0
a291u81kgj6l9n
which hand is behind the killing of her
0.0 0.0 0.0 0.6442398722704321 0.47059644350764496 0.0 0.0 0.5586725215175139 0.0 0.0 0.0 0.0 0.0 0.16335193985432828 0.05331007397869417 0.620855852326363 0.10499272282472728 0.0 0.0 0.0 0.0 0.3769418626062713 0.0
a220lrht4jgo52
who can be behind her martyrdom
0.4906793228113376 0.0 0.3578038243265251 0.8589864963605761 0.6274619246768599 0.0 0.0 0.0 0.5252778458624584 1.0929174727322348 0.0 0.0 0.0 0.0 0.0 0.0 0.0 0.0 0.0 0.0 0.0 0.0 0.0
a2dwqf4zhhblow
who can be behind her martyrdom
0.4906793228113376 0.0 0.3578038243265251 0.8589864963605761 0.6274619246768599 0.0 0.0 0.0 0.5252778458624584 1.0929174727322348 0.0 0.0 0.0 0.0 0.0 0.0 0.0 0.0 0.0 0.0 0.0 0.0 0.0
a3bnv4r3pkyf7u
who can be behind her martyrdom
0.4906793228113376 0.0 0.3578038243265251 0.8589864963605761 0.6274619246768599 0.0 0.0 0.0 0.5252778458624584 1.0929174727322348 0.0 0.0 0.0 0.0 0.0 0.0 0.0 0.0 0.0 0.0 0.0 0.0 0.0
a2vy0zm7e7n8f6
who can be her behind murdering
0.4906793228113376 0.0 0.3578038243265251 0.8589864963605761 0.6274619246768599 0.0 0.0 0.0 0.5252778458624584 0.0 0.0 0.0 0.0 0.0 0.0 0.0 0.0 1.3056330503831617 0.0 0.0 0.0 0.0 0.0
a1i7k0n0d3vs41
who can be behind murdering her
0.4906793228113376 0.0 0.3578038243265251 0.8589864963605761 0.6274619246768599 0.0 0.0 0.0 0.5252778458624584 0.0 0.0 0.0 0.0 0.0 0.0 0.0 0.0 1.3056330503831617 0.0 0.0 0.0 0.0 0.0
a2eldzaxlm8quo
who could have murdered her
0.5888151873736052 0.8624703584970476 0.0 0.0 0.752954309612232 0.0 0.0 0.0 0.0 0.0 0.45759400559768587 0.0 0.0 0.0 0.0 0.0 0.0 0.0 0.0 0.0 0.0 0.0 1.3210265770765326
a1mmshjhu659at
who could have been behind her assassination
0.42058227669543224 0.6160502560693197 0.0 0.7362741397376367 0.5378245068658799 1.1191140431855673 0.0 0.0 0.0 0.0 0.3268528611412042 0.0 0.0 0.0 0.0 0.0 0.0 0.0 0.4206718703909729 0.0 0.0 0.0 0.0
