why has the government been unsuccessful in putting an end to these lawless acts so far failed control illegal measures checking did fail until now curb activities stopping steps stop is unable unlawful act actions not able today big question people are asking can
why has the government been unsuccessful in putting an end to these lawless acts
0.27686891325848373 0.14662840128080168 0.030462899416396665 0.213919598991761 0.21033593519548646 0.51308648115413 0.07355933588976293 0.45762013904705895 0.21074037612682783 0.3371630709348997 0.07713387926508289 0.21510733123730233 0.687539840823359 0.4305889650670414 0.0 0.0 0.0 0.0 0.0 0.0 0.0 0.0 0.0 0.0 0.0 0.0 0.0 0.0 0.0 0.0 0.0 0.0 0.0 0.0 0.0 0.0 0.0 0.0 0.0 0.0 0.0 0.0 0.0 0.0
why has the government so far failed to control these illegal measures
0.32301373213489765 0.1710664681609353 0.03554004931912944 0.24957286549038782 0.0 0.0 0.0 0.0 0.0 0.0 0.08998952580926338 0.25095855311018606 0.0 0.0 0.2945206574541106 0.3971454472637794 0.5173192573261383 0.41390390155090867 0.500101403212555 0.5504277404485552 0.0 0.0 0.0 0.0 0.0 0.0 0.0 0.0 0.0 0.0 0.0 0.0 0.0 0.0 0.0 0.0 0.0 0.0 0.0 0.0 0.0 0.0 0.0 0.0
why has the government so far failed in checking these illegal acts
0.32301373213489765 0.1710664681609353 0.03554004931912944 0.24957286549038782 0.0 0.0 0.08581922520472342 0.0 0.0 0.0 0.0 0.25095855311018606 0.0 0.502353792578215 0.2945206574541106 0.3971454472637794 0.5173192573261383 0.0 0.500101403212555 0.0 0.6767900312292293 0.0 0.0 0.0 0.0 0.0 0.0 0.0 0.0 0.0 0.0 0.0 0.0 0.0 0.0 0.0 0.0 0.0 0.0 0.0 0.0 0.0 0.0 0.0
why did the government fail until now to curb these illegal activities
0.32301373213489765 0.0 0.03554004931912944 0.24957286549038782 0.0 0.0 0.0 0.0 0.0 0.0 0.08998952580926338 0.25095855311018606 0.0 0.0 0.0 0.0 0.0 0.0 0.500101403212555 0.0 0.0 0.33636985043258033 0.639970635205976 0.37816345302455345 0.2855052759095735 0.8021298142939188 0.4364417155918756 0.0 0.0 0.0 0.0 0.0 0.0 0.0 0.0 0.0 0.0 0.0 0.0 0.0 0.0 0.0 0.0 0.0
a3dd3acpmvdvca
why has the government been unsuccessful in stopping these illegal steps
0.35237861687443384 0.18661796526647487 0.03877096289359576 0.2722613078076958 0.26770028115789185 0.6530191578325292 0.09362097295060737 0.0 0.0 0.0 0.0 0.2737729670292939 0.0 0.0 0.0 0.0 0.0 0.0 0.5455651671409691 0.0 0.0 0.0 0.0 0.0 0.0 0.0 0.0 0.5880506682160829 0.46397901767981686 0.0 0.0 0.0 0.0 0.0 0.0 0.0 0.0 0.0 0.0 0.0 0.0 0.0 0.0 0.0
a143bvgouf83je
why has the government failed to stop these illegal activities so far
0.32301373213489765 0.1710664681609353 0.03554004931912944 0.24957286549038782 0.0 0.0 0.0 0.0 0.0 0.0 0.08998952580926338 0.25095855311018606 0.0 0.0 0.2945206574541106 0.3971454472637794 0.5173192573261383 0.0 0.500101403212555 0.0 0.0 0.0 0.0 0.0 0.0 0.0 0.4364417155918756 0.0 0.0 0.3840231612260084 0.0 0.0 0.0 0.0 0.0 0.0 0.0 0.0 0.0 0.0 0.0 0.0 0.0 0.0
alzgu09bjzsiw
why government is unable to stop these unlawful act
0.43068497617986357 0.0 0.0 0.3327638206538504 0.0 0.0 0.0 0.0 0.0 0.0 0.11998603441235117 0.3346114041469147 0.0 0.0 0.0 0.0 0.0 0.0 0.0 0.0 0.0 0.0 0.0 0.0 0.0 0.0 0.0 0.0 0.0 0.5120308816346779 0.14520172431495848 0.7286116484881565 0.8456283056649734 0.5943212947234411 0.0 0.0 0.0 0.0 0.0 0.0 0.0 0.0 0.0 0.0
a8v7wa74iohz9
why the government has failed to stop these illegal actions
0.3876164785618772 0.20527976179312235 0.042648059182955333 0.2994874385884654 0.0 0.0 0.0 0.0 0.0 0.0 0.10798743097111604 0.30115026373222326 0.0 0.0 0.0 0.0 0.6207831087913659 0.0 0.600121683855066 0.0 0.0 0.0 0.0 0.0 0.0 0.0 0.0 0.0 0.0 0.46082779347121006 0.0 0.0 0.0 0.0 0.5035501223348982 0.0 0.0 0.0 0.0 0.0 0.0 0.0 0.0 0.0
a330jjzgjl7ig2
why has the government been unsuccessful in stopping these illegal steps
0.35237861687443384 0.18661796526647487 0.03877096289359576 0.2722613078076958 0.26770028115789185 0.6530191578325292 0.09362097295060737 0.0 0.0 0.0 0.0 0.2737729670292939 0.0 0.0 0.0 0.0 0.0 0.0 0.5455651671409691 0.0 0.0 0.0 0.0 0.0 0.0 0.0 0.0 0.5880506682160829 0.46397901767981686 0.0 0.0 0.0 0.0 0.0 0.0 0.0 0.0 0.0 0.0 0.0 0.0 0.0 0.0 0.0
a220lrht4jgo52
why has the government been unsuccessful in stopping these illegal steps
0.35237861687443384 0.18661796526647487 0.03877096289359576 0.2722613078076958 0.26770028115789185 0.6530191578325292 0.09362097295060737 0.0 0.0 0.0 0.0 0.2737729670292939 0.0 0.0 0.0 0.0 0.0 0.0 0.5455651671409691 0.0 0.0 0.0 0.0 0.0 0.0 0.0 0.0 0.5880506682160829 0.46397901767981686 0.0 0.0 0.0 0.0 0.0 0.0 0.0 0.0 0.0 0.0 0.0 0.0 0.0 0.0 0.0
a1walbr5dad6l8
why has the government been unsuccessful in stopping these illegal steps why has the government not been able to stop these illegal steps
0.3370578074451106 0.1785041406896716 0.037085268854743766 0.2604238596421438 0.2560611384988531 0.31231351026773135 0.04477524793289918 0.0 0.0 0.0 0.0469510569439635 0.26186979454975934 0.0 0.0 0.0 0.0 0.0 0.0 0.5218449424826661 0.0 0.0 0.0 0.0 0.0 0.0 0.0 0.0 0.281241623929431 0.4438060169111292 0.20035991020487395 0.0 0.0 0.0 0.0 0.0 0.09307076035814625 0.23568978922330694 0.0 0.0 0.0 0.0 0.0 0.0 0.0
ak460483q91ei
why has the government failed to stop these illegal activities until today
0.32301373213489765 0.1710664681609353 0.03554004931912944 0.24957286549038782 0.0 0.0 0.0 0.0 0.0 0.0 0.08998952580926338 0.25095855311018606 0.0 0.0 0.0 0.0 0.5173192573261383 0.0 0.500101403212555 0.0 0.0 0.0 0.0 0.37816345302455345 0.0 0.0 0.4364417155918756 0.0 0.0 0.3840231612260084 0.0 0.0 0.0 0.0 0.0 0.0 0.0 0.35516007823819556 0.0 0.0 0.0 0.0 0.0 0.0
a24bjjrcqbm3mi
the big question people are asking is why has the government failed to stop these illegal activities so far
0.2040086729273038 0.10804197989111702 0.044892693876795085 0.1576249676781397 0.0 0.0 0.0 0.0 0.0 0.0 0.05683548998479792 0.1585001388064333 0.0 0.0 0.18601304681312247 0.25082870353501857 0.32672795199545573 0.0 0.31585351781845583 0.0 0.0 0.0 0.0 0.0 0.0 0.0 0.2756473993211846 0.0 0.0 0.24254094393221584 0.06877976414919085 0.0 0.0 0.0 0.0 0.0 0.0 0.0 0.2841433698030971 0.23462730150637395 0.14246645013192388 0.1108492923080435 0.3331432055538261 0.0
a1c0lbe9vl3ax
why has the government failed to stop these illegal activities so far
0.32301373213489765 0.1710664681609353 0.03554004931912944 0.24957286549038782 0.0 0.0 0.0 0.0 0.0 0.0 0.08998952580926338 0.25095855311018606 0.0 0.0 0.2945206574541106 0.3971454472637794 0.5173192573261383 0.0 0.500101403212555 0.0 0.0 0.0 0.0 0.0 0.0 0.0 0.4364417155918756 0.0 0.0 0.3840231612260084 0.0 0.0 0.0 0.0 0.0 0.0 0.0 0.0 0.0 0.0 0.0 0.0 0.0 0.0
a1yt9st6aq0bsp
why can the government not stop these unlawful acts
0.43068497617986357 0.0 0.04738673242550592 0.3327638206538504 0.0 0.0 0.0 0.0 0.0 0.0 0.0 0.3346114041469147 0.0 0.6698050567709533 0.0 0.0 0.0 0.0 0.0 0.0 0.0 0.0 0.0 0.0 0.0 0.0 0.0 0.0 0.0 0.5120308816346779 0.0 0.0 0.8456283056649734 0.0 0.0 0.23784749869304042 0.0 0.0 0.0 0.0 0.0 0.0 0.0 0.3501852305749723
a3l62wt9zlhu7v
why is the government unable to stop these unlawful acts
0.3876164785618772 0.0 0.042648059182955333 0.2994874385884654 0.0 0.0 0.0 0.0 0.0 0.0 0.10798743097111604 0.30115026373222326 0.0 0.6028245510938579 0.0 0.0 0.0 0.0 0.0 0.0 0.0 0.0 0.0 0.0 0.0 0.0 0.0 0.0 0.0 0.46082779347121006 0.13068155188346262 0.6557504836393409 0.7610654750984761 0.0 0.0 0.0 0.0 0.0 0.0 0.0 0.0 0.0 0.0 0.0
a1q4bk19vweq6c
why is the government unable to stop these unlawful acts
0.3876164785618772 0.0 0.042648059182955333 0.2994874385884654 0.0 0.0 0.0 0.0 0.0 0.0 0.10798743097111604 0.30115026373222326 0.0 0.6028245510938579 0.0 0.0 0.0 0.0 0.0 0.0 0.0 0.0 0.0 0.0 0.0 0.0 0.0 0.0 0.0 0.46082779347121006 0.13068155188346262 0.6557504836393409 0.7610654750984761 0.0 0.0 0.0 0.0 0.0 0.0 0.0 0.0 0.0 0.0 0.0
a31i8s2vq4xqm7
why the government has failed to stop these illegal actions
0.3876164785618772 0.20527976179312235 0.042648059182955333 0.2994874385884654 0.0 0.0 0.0 0.0 0.0 0.0 0.10798743097111604 0.30115026373222326 0.0 0.0 0.0 0.0 0.6207831087913659 0.0 0.600121683855066 0.0 0.0 0.0 0.0 0.0 0.0 0.0 0.0 0.0 0.0 0.46082779347121006 0.0 0.0 0.0 0.0 0.5035501223348982 0.0 0.0 0.0 0.0 0.0 0.0 0.0 0.0 0.0
