anyway i apologize to that spectator he would however in any case shall the well will ask for an apology from ill excuse myself taking part these antiques nevertheless way beg pardon this drama anyways patch up with old matters nvertheless viewer commotion spectators
anyway i apologize to that spectator
1.1901085202898376 0.541330140804449 1.3732105684011893 0.17997905161852676 0.2013457373766333 1.127226148432926 0.0 0.0 0.0 0.0 0.0 0.0 0.0 0.0 0.0 0.0 0.0 0.0 0.0 0.0 0.0 0.0 0.0 0.0 0.0 0.0 0.0 0.0 0.0 0.0 0.0 0.0 0.0 0.0 0.0 0.0 0.0 0.0 0.0 0.0 0.0 0.0 0.0 0.0
he would however apologize to that spectator
0.0 0.0 1.1770376300581622 0.15426775853016578 0.17258206060854284 0.9661938415139366 0.339274608518335 0.49415572120468126 0.6281609332061651 0.0 0.0 0.0 0.0 0.0 0.0 0.0 0.0 0.0 0.0 0.0 0.0 0.0 0.0 0.0 0.0 0.0 0.0 0.0 0.0 0.0 0.0 0.0 0.0 0.0 0.0 0.0 0.0 0.0 0.0 0.0 0.0 0.0 0.0 0.0
in any case i shall apologize to the spectator
0.0 0.3608867605362993 0.9154737122674594 0.11998603441235117 0.0 0.751484098955284 0.0 0.0 0.0 0.1144256336062979 0.3937043179056199 0.5765340263515442 0.6713376481189905 0.04738673242550592 0.0 0.0 0.0 0.0 0.0 0.0 0.0 0.0 0.0 0.0 0.0 0.0 0.0 0.0 0.0 0.0 0.0 0.0 0.0 0.0 0.0 0.0 0.0 0.0 0.0 0.0 0.0 0.0 0.0 0.0
well i will ask for an apology from that spectator
0.0 0.3247980844826694 0.0 0.0 0.12080744242597999 0.6763356890597556 0.0 0.0 0.0 0.0 0.0 0.0 0.0 0.0 0.44927048447065204 0.2215513199801184 0.5775410169816967 0.1930709699142415 0.29503652657755897 0.9625557771527026 0.2412894639428039 0.0 0.0 0.0 0.0 0.0 0.0 0.0 0.0 0.0 0.0 0.0 0.0 0.0 0.0 0.0 0.0 0.0 0.0 0.0 0.0 0.0 0.0 0.0
a21xirv18up71h
anyway ill excuse myself from taking part in these antiques
0.7140651121739026 0.0 0.0 0.0 0.0 0.0 0.0 0.0 0.0 0.1029830702456681 0.0 0.0 0.0 0.0 0.0 0.0 0.0 0.0 0.0 0.0 0.2412894639428039 0.7183210736157821 0.7183210736157821 0.7833798302298971 0.47019338544204 0.47389751261007484 0.30115026373222326 0.9220092663418861 0.0 0.0 0.0 0.0 0.0 0.0 0.0 0.0 0.0 0.0 0.0 0.0 0.0 0.0 0.0 0.0
a143bvgouf83je
nevertheless i shall apologize to that spectator
0.0 0.4639972635466706 1.1770376300581622 0.15426775853016578 0.17258206060854284 0.9661938415139366 0.0 0.0 0.0 0.0 0.0 0.0 0.8631484047244165 0.0 0.0 0.0 0.0 0.0 0.0 0.0 0.0 0.0 0.0 0.0 0.0 0.0 0.0 0.0 1.04613895407614 0.0 0.0 0.0 0.0 0.0 0.0 0.0 0.0 0.0 0.0 0.0 0.0 0.0 0.0 0.0
a3dd3acpmvdvca
any way i beg pardon for this drama
0.0 0.40599760560333675 0.0 0.0 0.0 0.0 0.0 0.0 0.0 0.0 0.4429173576438224 0.0 0.0 0.0 0.0 0.0 0.0 0.24133871239280189 0.0 0.0 0.0 0.0 0.0 0.0 0.0 0.0 0.0 0.0 0.0 0.5506502433060876 0.9356864510038443 1.1525115829273576 0.21418761041850248 0.805937992647385 0.0 0.0 0.0 0.0 0.0 0.0 0.0 0.0 0.0 0.0
a2i57ww1b3evwx
anyways i will patch up with this spectator
0.0 0.40599760560333675 0.0 0.0 0.0 0.8454196113246946 0.0 0.0 0.0 0.0 0.0 0.0 0.0 0.0 0.0 0.276939149975148 0.0 0.0 0.0 0.0 0.0 0.0 0.0 0.0 0.0 0.0 0.0 0.0 0.0 0.0 0.0 0.0 0.21418761041850248 0.0 1.1525115829273576 0.8733125552389709 0.5381237245055212 0.2937981815092817 0.0 0.0 0.0 0.0 0.0 0.0
a330jjzgjl7ig2
anyway ill excuse myself from taking part in these old matters
0.649150101976275 0.0 0.0 0.0 0.0 0.0 0.0 0.0 0.0 0.09362097295060737 0.0 0.0 0.0 0.0 0.0 0.0 0.0 0.0 0.0 0.0 0.21935405812982173 0.6530191578325292 0.6530191578325292 0.7121634820271792 0.4274485322200363 0.4308159205546135 0.2737729670292939 0.0 0.0 0.0 0.0 0.0 0.0 0.0 0.0 0.0 0.0 0.0 0.4795708941061567 0.535262559385787 0.0 0.0 0.0 0.0
a2rcbwy8ulhnj0
anyway ill excuse myself from taking part in these antiques
0.7140651121739026 0.0 0.0 0.0 0.0 0.0 0.0 0.0 0.0 0.1029830702456681 0.0 0.0 0.0 0.0 0.0 0.0 0.0 0.0 0.0 0.0 0.2412894639428039 0.7183210736157821 0.7183210736157821 0.7833798302298971 0.47019338544204 0.47389751261007484 0.30115026373222326 0.9220092663418861 0.0 0.0 0.0 0.0 0.0 0.0 0.0 0.0 0.0 0.0 0.0 0.0 0.0 0.0 0.0 0.0
a168hnbnlpz559
anyway ill excuse myself from taking part in these antiques
0.7140651121739026 0.0 0.0 0.0 0.0 0.0 0.0 0.0 0.0 0.1029830702456681 0.0 0.0 0.0 0.0 0.0 0.0 0.0 0.0 0.0 0.0 0.2412894639428039 0.7183210736157821 0.7183210736157821 0.7833798302298971 0.47019338544204 0.47389751261007484 0.30115026373222326 0.9220092663418861 0.0 0.0 0.0 0.0 0.0 0.0 0.0 0.0 0.0 0.0 0.0 0.0 0.0 0.0 0.0 0.0
a1q4bk19vweq6c
nvertheless i shall apologize to that viewer
0.0 0.4639972635466706 1.1770376300581622 0.15426775853016578 0.17258206060854284 0.0 0.0 0.0 0.0 0.0 0.0 0.0 0.8631484047244165 0.0 0.0 0.0 0.0 0.0 0.0 0.0 0.0 0.0 0.0 0.0 0.0 0.0 0.0 0.0 0.0 0.0 0.0 0.0 0.0 0.0 0.0 0.0 0.0 0.0 0.0 0.0 1.474100707440996 1.474100707440996 0.0 0.0
aclg2ttpdpj36
nevertheless i shall apologize to that spectator
0.0 0.4639972635466706 1.1770376300581622 0.15426775853016578 0.17258206060854284 0.9661938415139366 0.0 0.0 0.0 0.0 0.0 0.0 0.8631484047244165 0.0 0.0 0.0 0.0 0.0 0.0 0.0 0.0 0.0 0.0 0.0 0.0 0.0 0.0 0.0 1.04613895407614 0.0 0.0 0.0 0.0 0.0 0.0 0.0 0.0 0.0 0.0 0.0 0.0 0.0 0.0 0.0
au2ar4vob7vlv
nevertheless i shall apologize to that spectator
0.0 0.4639972635466706 1.1770376300581622 0.15426775853016578 0.17258206060854284 0.9661938415139366 0.0 0.0 0.0 0.0 0.0 0.0 0.8631484047244165 0.0 0.0 0.0 0.0 0.0 0.0 0.0 0.0 0.0 0.0 0.0 0.0 0.0 0.0 0.0 1.04613895407614 0.0 0.0 0.0 0.0 0.0 0.0 0.0 0.0 0.0 0.0 0.0 0.0 0.0 0.0 0.0
a3bnv4r3pkyf7u
any way i beg pardon for this drama
0.0 0.40599760560333675 0.0 0.0 0.0 0.0 0.0 0.0 0.0 0.0 0.4429173576438224 0.0 0.0 0.0 0.0 0.0 0.0 0.24133871239280189 0.0 0.0 0.0 0.0 0.0 0.0 0.0 0.0 0.0 0.0 0.0 0.5506502433060876 0.9356864510038443 1.1525115829273576 0.21418761041850248 0.805937992647385 0.0 0.0 0.0 0.0 0.0 0.0 0.0 0.0 0.0 0.0
a6tw9zegog7ph
anyway i beg pardon for this drama
1.0200930173912892 0.4639972635466706 0.0 0.0 0.0 0.0 0.0 0.0 0.0 0.0 0.0 0.0 0.0 0.0 0.0 0.0 0.0 0.2758156713060593 0.0 0.0 0.0 0.0 0.0 0.0 0.0 0.0 0.0 0.0 0.0 0.0 1.0693559440043934 1.317156094774123 0.24478584047828855 0.9210719915970114 0.0 0.0 0.0 0.0 0.0 0.0 0.0 0.0 0.0 0.0
ancf53mqwds6z
i apologize for this commotion
0.0 0.6495961689653388 1.647852682081427 0.0 0.0 0.0 0.0 0.0 0.0 0.0 0.0 0.0 0.0 0.0 0.0 0.0 0.0 0.386141939828483 0.0 0.0 0.0 0.0 0.0 0.0 0.0 0.0 0.0 0.0 0.0 0.0 0.0 0.0 0.34270017666960395 0.0 0.0 0.0 0.0 0.0 0.0 0.0 0.0 0.0 1.786482118193416 0.0
a3i6odkoktfoow
anyway i will patch up with the spectators
0.8925813902173781 0.40599760560333675 0.0 0.0 0.0 0.0 0.0 0.0 0.0 0.0 0.0 0.0 0.0 0.05331007397869417 0.0 0.276939149975148 0.0 0.0 0.0 0.0 0.0 0.0 0.0 0.0 0.0 0.0 0.0 0.0 0.0 0.0 0.0 0.0 0.0 0.0 0.0 0.8733125552389709 0.5381237245055212 0.2937981815092817 0.0 0.0 0.0 0.0 0.0 0.9356864510038443
