the former american administration has further strengthened relations with india also furthered its relationship previous as well bush government increased ties made good relation regime improved on of and us will be better additionally administrations had
the former american administration has further strengthened the relations with india also
0.07108009863825888 0.44289655384512594 0.2616799556936059 0.4290184130874016 0.1710664681609353 0.4720620501607873 0.6237909673358962 0.3994376677462656 0.19586545433952116 0.25112639472449444 0.2299287880066059 0.0 0.0 0.0 0.0 0.0 0.0 0.0 0.0 0.0 0.0 0.0 0.0 0.0 0.0 0.0 0.0 0.0 0.0 0.0 0.0 0.0 0.0 0.0 0.0 0.0
the former american administration has also furthered its relationship with india
0.03877096289359576 0.48315987692195556 0.2854690425748428 0.4680200870044381 0.18661796526647487 0.0 0.0 0.0 0.21367140473402307 0.2739560669721758 0.2508314050981155 0.8750507065024569 0.30125663294310095 0.5099249773431488 0.0 0.0 0.0 0.0 0.0 0.0 0.0 0.0 0.0 0.0 0.0 0.0 0.0 0.0 0.0 0.0 0.0 0.0 0.0 0.0 0.0 0.0
previous american administration has strengthened relations with india as well
0.0 0.0 0.3140159468323271 0.5148220957048819 0.20527976179312235 0.0 0.7485491608030754 0.4793252012955187 0.23503854520742537 0.30135167366939336 0.0 0.0 0.0 0.0 0.6070209710037612 0.26353012710331447 0.44927048447065204 0.0 0.0 0.0 0.0 0.0 0.0 0.0 0.0 0.0 0.0 0.0 0.0 0.0 0.0 0.0 0.0 0.0 0.0 0.0
the bush administration also furthered relations with india
0.05331007397869417 0.0 0.0 0.6435276196311024 0.0 0.0 0.0 0.5991565016193984 0.2937981815092817 0.3766895920867417 0.34489318200990887 1.2031947214408782 0.0 0.0 0.0 0.0 0.0 0.4970729416707274 0.0 0.0 0.0 0.0 0.0 0.0 0.0 0.0 0.0 0.0 0.0 0.0 0.0 0.0 0.0 0.0 0.0 0.0
a3dd3acpmvdvca
the previous american government also increased ties with india
0.04738673242550592 0.0 0.34890660759147457 0.0 0.0 0.0 0.0 0.0 0.2611539391193615 0.3348351929659926 0.3065717173421412 0.0 0.0 0.0 0.6744677455597347 0.0 0.0 0.0 0.3327638206538504 0.5492696160447562 0.7423465324845094 0.0 0.0 0.0 0.0 0.0 0.0 0.0 0.0 0.0 0.0 0.0 0.0 0.0 0.0 0.0
amwxjmcv94h5s
previous american administration made good relation with india
0.0 0.0 0.39251993354040887 0.6435276196311024 0.0 0.0 0.0 0.0 0.2937981815092817 0.3766895920867417 0.0 0.0 0.0 0.0 0.7587762137547015 0.0 0.0 0.0 0.0 0.0 0.0 0.4883608355471342 0.5739821505624717 0.8008352433323531 0.0 0.0 0.0 0.0 0.0 0.0 0.0 0.0 0.0 0.0 0.0 0.0
a143bvgouf83je
former american regime has also improved on relations with india
0.0 0.5314758646141511 0.3140159468323271 0.0 0.20527976179312235 0.0 0.0 0.4793252012955187 0.23503854520742537 0.30135167366939336 0.2759145456079271 0.0 0.0 0.0 0.0 0.0 0.0 0.0 0.0 0.0 0.0 0.0 0.0 0.0 0.6763356890597556 0.7428333194190806 0.18730077623758032 0.0 0.0 0.0 0.0 0.0 0.0 0.0 0.0 0.0
a3kwcqj39dxkt4
the relationship of india and former us administration will be better
0.03877096289359576 0.48315987692195556 0.0 0.4680200870044381 0.0 0.0 0.0 0.0 0.0 0.2739560669721758 0.0 0.0 0.0 0.5099249773431488 0.0 0.0 0.0 0.0 0.0 0.0 0.0 0.0 0.0 0.0 0.0 0.0 0.0 0.07635834387252893 0.09036045816384472 0.3325572547497532 0.20141029089101672 0.19516572235992277 0.44732202277901983 0.0 0.0 0.0
a2eldzaxlm8quo
additionally the previous american government also increased ties with india
0.042648059182955333 0.0 0.3140159468323271 0.0 0.0 0.0 0.0 0.0 0.23503854520742537 0.30135167366939336 0.2759145456079271 0.0 0.0 0.0 0.6070209710037612 0.0 0.0 0.0 0.2994874385884654 0.4943426544402806 0.6681118792360585 0.0 0.0 0.0 0.0 0.0 0.0 0.0 0.0 0.0 0.0 0.0 0.0 0.8239263410407135 0.0 0.0
a1kf7gs7yulm10
the previous american administration also increased ties with india
0.04738673242550592 0.0 0.34890660759147457 0.5720245507832021 0.0 0.0 0.0 0.0 0.2611539391193615 0.3348351929659926 0.3065717173421412 0.0 0.0 0.0 0.6744677455597347 0.0 0.0 0.0 0.0 0.5492696160447562 0.7423465324845094 0.0 0.0 0.0 0.0 0.0 0.0 0.0 0.0 0.0 0.0 0.0 0.0 0.0 0.0 0.0
a2bk4fasw056jr
the previous american government also increased ties with india
0.04738673242550592 0.0 0.34890660759147457 0.0 0.0 0.0 0.0 0.0 0.2611539391193615 0.3348351929659926 0.3065717173421412 0.0 0.0 0.0 0.6744677455597347 0.0 0.0 0.0 0.3327638206538504 0.5492696160447562 0.7423465324845094 0.0 0.0 0.0 0.0 0.0 0.0 0.0 0.0 0.0 0.0 0.0 0.0 0.0 0.0 0.0
a3m4exda4ue7bp
previous american administrations made good relations with india
0.0 0.0 0.39251993354040887 0.0 0.0 0.0 0.0 0.5991565016193984 0.2937981815092817 0.3766895920867417 0.0 0.0 0.0 0.0 0.7587762137547015 0.0 0.0 0.0 0.0 0.0 0.0 0.4883608355471342 0.5739821505624717 0.0 0.0 0.0 0.0 0.0 0.0 0.0 0.0 0.0 0.0 0.0 1.0465993503789572 0.0
a1395pss402i1j
previous american administration made good relation with india
0.0 0.0 0.39251993354040887 0.6435276196311024 0.0 0.0 0.0 0.0 0.2937981815092817 0.3766895920867417 0.0 0.0 0.0 0.0 0.7587762137547015 0.0 0.0 0.0 0.0 0.0 0.0 0.4883608355471342 0.5739821505624717 0.8008352433323531 0.0 0.0 0.0 0.0 0.0 0.0 0.0 0.0 0.0 0.0 0.0 0.0
a3qu3km3iywhif
previous american administrations had good relations with india
0.0 0.0 0.39251993354040887 0.0 0.0 0.0 0.0 0.5991565016193984 0.2937981815092817 0.3766895920867417 0.0 0.0 0.0 0.0 0.7587762137547015 0.0 0.0 0.0 0.0 0.0 0.0 0.0 0.5739821505624717 0.0 0.0 0.0 0.0 0.0 0.0 0.0 0.0 0.0 0.0 0.0 1.0465993503789572 0.4326488611926975
a291u81kgj6l9n
the former american regime has also improved its relations with india
0.03877096289359576 0.48315987692195556 0.2854690425748428 0.0 0.18661796526647487 0.0 0.0 0.4357501829959261 0.21367140473402307 0.2739560669721758 0.2508314050981155 0.0 0.30125663294310095 0.0 0.0 0.0 0.0 0.0 0.0 0.0 0.0 0.0 0.0 0.0 0.6148506264179597 0.6753030176537096 0.0 0.0 0.0 0.0 0.0 0.0 0.0 0.0 0.0 0.0
a3qu3km3iywhif
the former american regime also improved relations with india
0.04738673242550592 0.590528738460168 0.34890660759147457 0.0 0.0 0.0 0.0 0.5325835569950208 0.2611539391193615 0.3348351929659926 0.3065717173421412 0.0 0.0 0.0 0.0 0.0 0.0 0.0 0.0 0.0 0.0 0.0 0.0 0.0 0.751484098955284 0.8253703549100896 0.0 0.0 0.0 0.0 0.0 0.0 0.0 0.0 0.0 0.0
a2ylf04uakyvf1
the previous american regime has also improved relations with india
0.042648059182955333 0.0 0.3140159468323271 0.0 0.20527976179312235 0.0 0.0 0.4793252012955187 0.23503854520742537 0.30135167366939336 0.2759145456079271 0.0 0.0 0.0 0.6070209710037612 0.0 0.0 0.0 0.0 0.0 0.0 0.0 0.0 0.0 0.6763356890597556 0.7428333194190806 0.0 0.0 0.0 0.0 0.0 0.0 0.0 0.0 0.0 0.0
a477wg206bmm6
the relationship of india and former us administration will be better
0.03877096289359576 0.48315987692195556 0.0 0.4680200870044381 0.0 0.0 0.0 0.0 0.0 0.2739560669721758 0.0 0.0 0.0 0.5099249773431488 0.0 0.0 0.0 0.0 0.0 0.0 0.0 0.0 0.0 0.0 0.0 0.0 0.0 0.07635834387252893 0.09036045816384472 0.3325572547497532 0.20141029089101672 0.19516572235992277 0.44732202277901983 0.0 0.0 0.0
