these are the ways of our rulers they keeping their secret and for this reason country is facing disasters style same adopting secretive which fall calamites on manners furtive bringing all catastrophes onto such actions act in so surrounded by problems leaders have a idea therefore using it to make plans just like that why calamities befalling responsible hardships own stylesthey waysthats suffering with an what thinking when currently countrys thats
these are the ways of our rulers they are keeping their ways secret and for this reason the country is facing disasters
0.13688648351464694 0.19146695944116604 0.03877096289359576 0.5374532458929744 0.03817917193626447 0.1523088977402312 0.2525695916949643 0.1174413071847359 0.2698490144278677 0.13532823180562772 0.26300479358789614 0.04518022908192236 0.08775953177920069 0.07788640378854636 0.21916076030880768 0.1775857583807761 0.05940070540157392 0.24708650134093635 0.3875884310390416 0.0 0.0 0.0 0.0 0.0 0.0 0.0 0.0 0.0 0.0 0.0 0.0 0.0 0.0 0.0 0.0 0.0 0.0 0.0 0.0 0.0 0.0 0.0 0.0 0.0 0.0 0.0 0.0 0.0 0.0 0.0 0.0 0.0 0.0 0.0 0.0 0.0 0.0 0.0 0.0 0.0 0.0 0.0 0.0 0.0 0.0 0.0 0.0 0.0 0.0 0.0 0.0
the style of our rulers is the same they are adopting secretive ways which is the reason for the fall of calamites on the country
0.0 0.08424546215411306 0.08529611836591065 0.2364794281929087 0.06719534260782546 0.13403183001140348 0.22226124069156858 0.10334835032256759 0.0 0.0 0.0 0.0 0.0772283879656966 0.0 0.19286146907175078 0.15627546737508294 0.1045452415067701 0.0 0.0 0.2929189071413192 0.17524674988018177 0.3044261900393904 0.3349117921212663 0.12062139603400683 0.28242433656261956 0.41274819808347885 0.07492031049503213 0.0 0.0 0.0 0.0 0.0 0.0 0.0 0.0 0.0 0.0 0.0 0.0 0.0 0.0 0.0 0.0 0.0 0.0 0.0 0.0 0.0 0.0 0.0 0.0 0.0 0.0 0.0 0.0 0.0 0.0 0.0 0.0 0.0 0.0 0.0 0.0 0.0 0.0 0.0 0.0 0.0 0.0 0.0 0.0
these are the manners of our rulers they are adopting furtive manners and this is bringing all these catastrophes onto our country
0.2737729670292939 0.19146695944116604 0.01938548144679788 0.0 0.03817917193626447 0.3046177954804624 0.2525695916949643 0.1174413071847359 0.0 0.0 0.0 0.04518022908192236 0.0 0.07788640378854636 0.0 0.1775857583807761 0.05940070540157392 0.0 0.0 0.0 0.0 0.3459388523174891 0.0 0.0 0.0 0.0 0.0 0.7121634820271792 0.4690320432766805 0.29806840165424586 0.14287341993012495 0.4060186632257764 0.34907489193053237 0.0 0.0 0.0 0.0 0.0 0.0 0.0 0.0 0.0 0.0 0.0 0.0 0.0 0.0 0.0 0.0 0.0 0.0 0.0 0.0 0.0 0.0 0.0 0.0 0.0 0.0 0.0 0.0 0.0 0.0 0.0 0.0 0.0 0.0 0.0 0.0 0.0 0.0
such are the actions of our rulers they act in secret and so the country is surrounded by problems
0.0 0.1108492923080435 0.044892693876795085 0.0 0.04420746224199044 0.17635767106763614 0.2924490009099586 0.1359846714770626 0.0 0.0 0.3045318662596692 0.05231394946327852 0.0 0.0 0.0 0.2056256149672144 0.06877976414919085 0.0 0.0 0.0 0.0 0.0 0.0 0.0 0.0 0.0 0.0 0.0 0.0 0.0 0.0 0.0 0.0 0.2074725265362286 0.26502638017626223 0.281520613290051 0.054201615918772685 0.18601304681312247 0.33615154312434975 0.13133996112639199 0.2463342254080645 0.0 0.0 0.0 0.0 0.0 0.0 0.0 0.0 0.0 0.0 0.0 0.0 0.0 0.0 0.0 0.0 0.0 0.0 0.0 0.0 0.0 0.0 0.0 0.0 0.0 0.0 0.0 0.0 0.0 0.0
a2qlm59qc9g1uf
and our leaders have a idea of this therefore they are using it to make secret plans
0.0 0.1238903855207545 0.0 0.0 0.04940834015281284 0.197105632369711 0.0 0.15198286812142292 0.0 0.0 0.3403591446431597 0.058468531753075995 0.0 0.10079416960870705 0.0 0.0 0.0 0.0 0.0 0.0 0.0 0.0 0.0 0.0 0.0 0.0 0.0 0.0 0.0 0.0 0.0 0.0 0.0 0.0 0.0 0.0 0.0 0.0 0.0 0.0 0.0 0.2589707582046786 0.1345864722346135 0.08340490277480843 0.3768636439211073 0.3360902803587576 0.3066329104815524 0.11912679041333091 0.06352201821830356 0.26822371636527587 0.35964778427623556 0.0 0.0 0.0 0.0 0.0 0.0 0.0 0.0 0.0 0.0 0.0 0.0 0.0 0.0 0.0 0.0 0.0 0.0 0.0 0.0
a3dd3acpmvdvca
our rulers are just like this that they are adopting secretive ways this is why calamities are befalling the country
0.0 0.315920483077924 0.021324029591477667 0.2955992852411359 0.0 0.16753978751425433 0.27782655086446073 0.1291854379032095 0.0 0.0 0.0 0.0 0.0 0.17135008833480198 0.0 0.1953443342188537 0.06534077594173131 0.0 0.0 0.0 0.0 0.38053273754923805 0.4186397401515829 0.0 0.0 0.0 0.0 0.0 0.0 0.0 0.0 0.0 0.0 0.0 0.0 0.0 0.0 0.0 0.0 0.0 0.0 0.0 0.0 0.0 0.0 0.0 0.0 0.0 0.0 0.0 0.0 0.2272076703271281 0.1888116495790083 0.060403721212989994 0.1938082392809386 0.366148633926649 0.446620529548354 0.0 0.0 0.0 0.0 0.0 0.0 0.0 0.0 0.0 0.0 0.0 0.0 0.0 0.0
a2de039cxxjuga
our rulers are responsible for the hardships and problems our country is in
0.0 0.1620105041425251 0.0328061993715041 0.0 0.0 0.5155070385053979 0.4274254628684011 0.0 0.0 0.0 0.0 0.07645884921556091 0.1485161307032627 0.0 0.0 0.3005297449520826 0.10052427067958664 0.0 0.0 0.0 0.0 0.0 0.0 0.0 0.0 0.0 0.0 0.0 0.0 0.0 0.0 0.0 0.0 0.0 0.0 0.0 0.07921774634282162 0.0 0.0 0.0 0.3600269448271712 0.0 0.0 0.0 0.0 0.0 0.0 0.0 0.0 0.0 0.0 0.0 0.0 0.0 0.0 0.0 0.0 0.4199148113634845 0.6337894931082412 0.0 0.0 0.0 0.0 0.0 0.0 0.0 0.0 0.0 0.0 0.0 0.0
a1u0z1mafqeh9y
our leaders own these stylesthey are adopting secret waysthats why our country is suffering with hardships
0.18821891483263953 0.13163353461580166 0.0 0.0 0.0 0.41884946878563584 0.0 0.0 0.0 0.0 0.3616315911833572 0.0 0.0 0.0 0.0 0.2441804177735671 0.08167596992716414 0.0 0.0 0.0 0.0 0.47566592193654755 0.0 0.0 0.0 0.0 0.0 0.0 0.0 0.0 0.0 0.0 0.0 0.0 0.0 0.0 0.0 0.0 0.0 0.0 0.0 0.27515643059247097 0.0 0.0 0.0 0.0 0.0 0.0 0.0 0.0 0.0 0.0 0.0 0.0 0.24226029910117325 0.0 0.0 0.0 0.514953963150446 0.265066419296121 0.6449190595054357 0.6449190595054357 0.41436409362331467 0.14689909075464086 0.0 0.0 0.0 0.0 0.0 0.0 0.0
au2ar4vob7vlv
our leaders have an idea of this and therefore they are using it to make secret plans
0.0 0.1238903855207545 0.0 0.0 0.04940834015281284 0.197105632369711 0.0 0.15198286812142292 0.0 0.0 0.3403591446431597 0.058468531753075995 0.0 0.10079416960870705 0.0 0.0 0.0 0.0 0.0 0.0 0.0 0.0 0.0 0.0 0.0 0.0 0.0 0.0 0.0 0.0 0.0 0.0 0.0 0.0 0.0 0.0 0.0 0.0 0.0 0.0 0.0 0.2589707582046786 0.1345864722346135 0.0 0.3768636439211073 0.3360902803587576 0.3066329104815524 0.11912679041333091 0.06352201821830356 0.26822371636527587 0.35964778427623556 0.0 0.0 0.0 0.0 0.0 0.0 0.0 0.0 0.0 0.0 0.0 0.0 0.0 0.1735508979867994 0.0 0.0 0.0 0.0 0.0 0.0
a143awku99stc9
this is what our leaders are thinking when they make their secret plans
0.0 0.1620105041425251 0.0 0.0 0.0 0.25775351925269896 0.0 0.1987468275433992 0.0 0.22901700767106228 0.44508503530259347 0.0 0.0 0.13180776025753999 0.0 0.0 0.10052427067958664 0.0 0.0 0.0 0.0 0.0 0.0 0.0 0.0 0.0 0.0 0.0 0.0 0.0 0.0 0.0 0.0 0.0 0.0 0.0 0.0 0.0 0.0 0.0 0.0 0.33865406842150275 0.0 0.0 0.0 0.0 0.0 0.0 0.0 0.35075409063151464 0.47030864097661573 0.0 0.0 0.0 0.0 0.0 0.0 0.0 0.0 0.0 0.0 0.0 0.0 0.0 0.0 0.23710504687174053 0.40678977159188734 0.25056696809050255 0.0 0.0 0.0
aclg2ttpdpj36
our leaders have a idea of this which they are using to make secret plans
0.0 0.14040910359018843 0.0 0.0 0.05599611883985455 0.22338638335233912 0.0 0.17224725053761264 0.0 0.0 0.38574036392891436 0.0 0.0 0.11423339222320132 0.0 0.0 0.0 0.0 0.0 0.0 0.0 0.0 0.0 0.20103566005667803 0.0 0.0 0.0 0.0 0.0 0.0 0.0 0.0 0.0 0.0 0.0 0.0 0.0 0.0 0.0 0.0 0.0 0.293500192631969 0.15253133519922862 0.09452555647811622 0.427112129777255 0.0 0.34751729854575936 0.0 0.0719916206474107 0.30398687854731266 0.40760082217973365 0.0 0.0 0.0 0.0 0.0 0.0 0.0 0.0 0.0 0.0 0.0 0.0 0.0 0.0 0.0 0.0 0.0 0.0 0.0 0.0
a2owo5cfm8khwy
our rulers are are adopting secretive ways and this is why calamities are befalling the country
0.0 0.394900603847405 0.026655036989347083 0.3694991065514199 0.0 0.20942473439281792 0.3472831885805759 0.0 0.0 0.0 0.0 0.06212281498764324 0.0 0.10709380520925124 0.0 0.2441804177735671 0.08167596992716414 0.0 0.0 0.0 0.0 0.47566592193654755 0.5232996751894786 0.0 0.0 0.0 0.0 0.0 0.0 0.0 0.0 0.0 0.0 0.0 0.0 0.0 0.0 0.0 0.0 0.0 0.0 0.0 0.0 0.0 0.0 0.0 0.0 0.0 0.0 0.0 0.0 0.0 0.0 0.0 0.24226029910117325 0.45768579240831125 0.5582756619354425 0.0 0.0 0.0 0.0 0.0 0.0 0.0 0.0 0.0 0.0 0.0 0.0 0.0 0.0
a1wgq344wqriu5
our rulers are just like this that they are adopting secretive ways this is why calamities are befalling the country
0.0 0.315920483077924 0.021324029591477667 0.2955992852411359 0.0 0.16753978751425433 0.27782655086446073 0.1291854379032095 0.0 0.0 0.0 0.0 0.0 0.17135008833480198 0.0 0.1953443342188537 0.06534077594173131 0.0 0.0 0.0 0.0 0.38053273754923805 0.4186397401515829 0.0 0.0 0.0 0.0 0.0 0.0 0.0 0.0 0.0 0.0 0.0 0.0 0.0 0.0 0.0 0.0 0.0 0.0 0.0 0.0 0.0 0.0 0.0 0.0 0.0 0.0 0.0 0.0 0.2272076703271281 0.1888116495790083 0.060403721212989994 0.1938082392809386 0.366148633926649 0.446620529548354 0.0 0.0 0.0 0.0 0.0 0.0 0.0 0.0 0.0 0.0 0.0 0.0 0.0 0.0
al2rcq9eyun61
our rulers are just like this in that they are adopting secretive ways this is why calamities are befalling the country
0.0 0.3008766505504038 0.02030859961093111 0.2815231288010818 0.0 0.15956170239452794 0.26459671510901017 0.12303375038400903 0.0 0.0 0.0 0.0 0.0 0.16319056031885903 0.0 0.18604222306557494 0.06222931042069649 0.0 0.0 0.0 0.0 0.36241213099927433 0.3987045144300789 0.0 0.0 0.0 0.0 0.0 0.0 0.0 0.0 0.0 0.0 0.0 0.0 0.0 0.04903955725984196 0.0 0.0 0.0 0.0 0.0 0.0 0.0 0.0 0.0 0.0 0.0 0.0 0.0 0.0 0.2163882574544077 0.1798206186466746 0.05752735353618094 0.1845792755056558 0.34871298469204665 0.4253528852841467 0.0 0.0 0.0 0.0 0.0 0.0 0.0 0.0 0.0 0.0 0.0 0.0 0.0 0.0
air4uqnpimfcj
our leaders are responsible for the hardships and problems our country is in
0.0 0.1620105041425251 0.0328061993715041 0.0 0.0 0.5155070385053979 0.0 0.0 0.0 0.0 0.0 0.07645884921556091 0.1485161307032627 0.0 0.0 0.3005297449520826 0.10052427067958664 0.0 0.0 0.0 0.0 0.0 0.0 0.0 0.0 0.0 0.0 0.0 0.0 0.0 0.0 0.0 0.0 0.0 0.0 0.0 0.07921774634282162 0.0 0.0 0.0 0.3600269448271712 0.33865406842150275 0.0 0.0 0.0 0.0 0.0 0.0 0.0 0.0 0.0 0.0 0.0 0.0 0.0 0.0 0.0 0.4199148113634845 0.6337894931082412 0.0 0.0 0.0 0.0 0.0 0.0 0.0 0.0 0.0 0.0 0.0 0.0
a3m4exda4ue7bp
our rulers are responsible for the hardships and problems that our country is currently facing
0.0 0.14040910359018843 0.028432039455303555 0.0 0.0 0.44677276670467825 0.37043540115261425 0.0 0.0 0.0 0.0 0.06626433598681945 0.12871397994282768 0.0 0.0 0.2604591122918049 0.08712103458897508 0.36239353530004 0.0 0.0 0.0 0.0 0.0 0.0 0.0 0.0 0.0 0.0 0.0 0.0 0.0 0.0 0.0 0.0 0.0 0.0 0.0 0.0 0.0 0.0 0.3120233521835483 0.0 0.0 0.0 0.0 0.0 0.0 0.0 0.0 0.0 0.0 0.0 0.0 0.08053829495065332 0.0 0.0 0.0 0.36392616984835324 0.5492842273604757 0.0 0.0 0.0 0.0 0.0 0.0 0.0 0.0 0.0 0.4881981785688653 0.0 0.0
a6tw9zegog7ph
our rulers are responsible for our countrys hardships and problems
0.0 0.21061365538528265 0.0 0.0 0.0 0.6701591500570173 0.5556531017289215 0.0 0.0 0.0 0.0 0.09939650398022919 0.1930709699142415 0.0 0.0 0.0 0.0 0.0 0.0 0.0 0.0 0.0 0.0 0.0 0.0 0.0 0.0 0.0 0.0 0.0 0.0 0.0 0.0 0.0 0.0 0.0 0.0 0.0 0.0 0.0 0.4680350282753225 0.0 0.0 0.0 0.0 0.0 0.0 0.0 0.0 0.0 0.0 0.0 0.0 0.0 0.0 0.0 0.0 0.5458892547725298 0.8239263410407135 0.0 0.0 0.0 0.0 0.0 0.0 0.0 0.0 0.0 0.0 0.6329720905522696 0.0
a3ohqrf1mdq99b
our leaders are secretive and thats why our country is suffering
0.0 0.19146695944116604 0.0 0.0 0.0 0.6092355909609248 0.0 0.0 0.0 0.0 0.0 0.09036045816384472 0.0 0.0 0.0 0.3551715167615522 0.11880141080314784 0.0 0.0 0.0 0.0 0.0 0.7611631639119689 0.0 0.0 0.0 0.0 0.0 0.0 0.0 0.0 0.0 0.0 0.0 0.0 0.0 0.0 0.0 0.0 0.0 0.0 0.4002275354072305 0.0 0.0 0.0 0.0 0.0 0.0 0.0 0.0 0.0 0.0 0.0 0.0 0.35237861687443384 0.0 0.0 0.0 0.0 0.0 0.0 0.0 0.6027114089066395 0.0 0.0 0.0 0.0 0.0 0.0 0.0 0.6454390115653428
