if not then you dont deserve to be called human are worthy of being regarded as a do have the right no even nothen one that is so in recent years number chemical and herbal health supplements has greatly increased popularity major which growth hormone commonly known hgh
if not then you dont deserve to be called human
0.301890758532881 0.21406274882373638 0.34932449158316636 0.3187806121790624 0.4731456293686721 0.7227662498728654 0.10798743097111604 0.21468229459591504 0.4793252012955187 0.44465871626115544 0.0 0.0 0.0 0.0 0.0 0.0 0.0 0.0 0.0 0.0 0.0 0.0 0.0 0.0 0.0 0.0 0.0 0.0 0.0 0.0 0.0 0.0 0.0 0.0 0.0 0.0 0.0 0.0 0.0 0.0 0.0 0.0 0.0 0.0 0.0 0.0 0.0 0.0
if not then you are not worthy of being regarded as a human being
0.215636256094915 0.30580392689105196 0.24951749398797599 0.22770043727075887 0.0 0.0 0.0 0.0 0.0 0.3176133687579682 0.1504383252752019 0.5595570215927836 0.05999584161412987 0.5222246080137383 0.5980567716451184 0.18823580507379603 0.10127738194083881 0.0 0.0 0.0 0.0 0.0 0.0 0.0 0.0 0.0 0.0 0.0 0.0 0.0 0.0 0.0 0.0 0.0 0.0 0.0 0.0 0.0 0.0 0.0 0.0 0.0 0.0 0.0 0.0 0.0 0.0 0.0
if not then you do not have the right to be called a human being
0.20126050568858733 0.28541699843164847 0.23288299438877758 0.21252040811937492 0.0 0.0 0.0719916206474107 0.14312152973061001 0.31955013419701245 0.2964391441741036 0.0 0.0 0.0 0.24370481707307784 0.0 0.0 0.09452555647811622 0.21585580369307925 0.15253133519922862 0.028432039455303555 0.3159316750733832 0.0 0.0 0.0 0.0 0.0 0.0 0.0 0.0 0.0 0.0 0.0 0.0 0.0 0.0 0.0 0.0 0.0 0.0 0.0 0.0 0.0 0.0 0.0 0.0 0.0 0.0 0.0
if not then you dont deserve to be called a human being
0.25157563211073414 0.1783856240197803 0.29110374298597197 0.26565051014921864 0.3942880244738934 0.6023052082273879 0.08998952580926338 0.17890191216326254 0.3994376677462656 0.3705489302176295 0.0 0.0 0.0 0.3046310213413473 0.0 0.0 0.11815694559764528 0.0 0.0 0.0 0.0 0.0 0.0 0.0 0.0 0.0 0.0 0.0 0.0 0.0 0.0 0.0 0.0 0.0 0.0 0.0 0.0 0.0 0.0 0.0 0.0 0.0 0.0 0.0 0.0 0.0 0.0 0.0
a1wyssw33m2fz2
if no then you have no right to be called a human being
0.23222366040990844 0.0 0.26871114737166646 0.2452158555223557 0.0 0.0 0.08306725459316619 0.16514022661224234 0.36871169330424514 0.342045166354735 0.0 0.0 0.0 0.28119786585355133 0.0 0.0 0.1090679497824418 0.0 0.17599769446064842 0.0 0.36453654816159603 0.512068992552783 0.0 0.0 0.0 0.0 0.0 0.0 0.0 0.0 0.0 0.0 0.0 0.0 0.0 0.0 0.0 0.0 0.0 0.0 0.0 0.0 0.0 0.0 0.0 0.0 0.0 0.0
a3dd3acpmvdvca
if not you have no right to be called a human
0.2744461441208009 0.19460249893066942 0.0 0.28980055652642034 0.0 0.0 0.09817039179192368 0.19516572235992277 0.4357501829959261 0.4042351966010504 0.0 0.0 0.0 0.0 0.0 0.0 0.12889848610652213 0.0 0.2079972752716754 0.0 0.4308159205546135 0.3025862228720991 0.0 0.0 0.0 0.0 0.0 0.0 0.0 0.0 0.0 0.0 0.0 0.0 0.0 0.0 0.0 0.0 0.0 0.0 0.0 0.0 0.0 0.0 0.0 0.0 0.0 0.0
a143bvgouf83je
if not then you dont even deserve to be called human being
0.25157563211073414 0.1783856240197803 0.29110374298597197 0.26565051014921864 0.3942880244738934 0.6023052082273879 0.08998952580926338 0.17890191216326254 0.3994376677462656 0.3705489302176295 0.0 0.0 0.0 0.3046310213413473 0.0 0.0 0.0 0.0 0.0 0.0 0.0 0.0 0.3050578255180185 0.0 0.0 0.0 0.0 0.0 0.0 0.0 0.0 0.0 0.0 0.0 0.0 0.0 0.0 0.0 0.0 0.0 0.0 0.0 0.0 0.0 0.0 0.0 0.0 0.0
a1u0z1mafqeh9y
if nothen you are no one to be called a human being
0.25157563211073414 0.0 0.0 0.26565051014921864 0.0 0.0 0.08998952580926338 0.17890191216326254 0.3994376677462656 0.3705489302176295 0.17551137948773554 0.0 0.0 0.3046310213413473 0.0 0.0 0.11815694559764528 0.0 0.0 0.0 0.0 0.2773707042994242 0.0 0.8021298142939188 0.24424964275049418 0.0 0.0 0.0 0.0 0.0 0.0 0.0 0.0 0.0 0.0 0.0 0.0 0.0 0.0 0.0 0.0 0.0 0.0 0.0 0.0 0.0 0.0 0.0
ah8lf01ktxfg0
if no then you have no right to be called a human being
0.23222366040990844 0.0 0.26871114737166646 0.2452158555223557 0.0 0.0 0.08306725459316619 0.16514022661224234 0.36871169330424514 0.342045166354735 0.0 0.0 0.0 0.28119786585355133 0.0 0.0 0.1090679497824418 0.0 0.17599769446064842 0.0 0.36453654816159603 0.512068992552783 0.0 0.0 0.0 0.0 0.0 0.0 0.0 0.0 0.0 0.0 0.0 0.0 0.0 0.0 0.0 0.0 0.0 0.0 0.0 0.0 0.0 0.0 0.0 0.0 0.0 0.0
a1395pss402i1j
if not then you have no right to be called a human being
0.23222366040990844 0.16466365294133567 0.26871114737166646 0.2452158555223557 0.0 0.0 0.08306725459316619 0.16514022661224234 0.36871169330424514 0.342045166354735 0.0 0.0 0.0 0.28119786585355133 0.0 0.0 0.1090679497824418 0.0 0.17599769446064842 0.0 0.36453654816159603 0.2560344962763915 0.0 0.0 0.0 0.0 0.0 0.0 0.0 0.0 0.0 0.0 0.0 0.0 0.0 0.0 0.0 0.0 0.0 0.0 0.0 0.0 0.0 0.0 0.0 0.0 0.0 0.0
a2blrglxnlm1uq
if no then you have no right to be called a human being
0.23222366040990844 0.0 0.26871114737166646 0.2452158555223557 0.0 0.0 0.08306725459316619 0.16514022661224234 0.36871169330424514 0.342045166354735 0.0 0.0 0.0 0.28119786585355133 0.0 0.0 0.1090679497824418 0.0 0.17599769446064842 0.0 0.36453654816159603 0.512068992552783 0.0 0.0 0.0 0.0 0.0 0.0 0.0 0.0 0.0 0.0 0.0 0.0 0.0 0.0 0.0 0.0 0.0 0.0 0.0 0.0 0.0 0.0 0.0 0.0 0.0 0.0
a2bk4fasw056jr
if that is so you have no right to be called a human
0.23222366040990844 0.0 0.0 0.2452158555223557 0.0 0.0 0.08306725459316619 0.16514022661224234 0.36871169330424514 0.342045166354735 0.0 0.0 0.0 0.0 0.0 0.0 0.1090679497824418 0.0 0.17599769446064842 0.0 0.36453654816159603 0.2560344962763915 0.0 0.0 0.0 0.09292880186613844 0.10052427067958664 0.2718652222653329 0.0 0.0 0.0 0.0 0.0 0.0 0.0 0.0 0.0 0.0 0.0 0.0 0.0 0.0 0.0 0.0 0.0 0.0 0.0 0.0
a20ubr5wdkookg
if not you have no right to be called a human
0.2744461441208009 0.19460249893066942 0.0 0.28980055652642034 0.0 0.0 0.09817039179192368 0.19516572235992277 0.4357501829959261 0.4042351966010504 0.0 0.0 0.0 0.0 0.0 0.0 0.12889848610652213 0.0 0.2079972752716754 0.0 0.4308159205546135 0.3025862228720991 0.0 0.0 0.0 0.0 0.0 0.0 0.0 0.0 0.0 0.0 0.0 0.0 0.0 0.0 0.0 0.0 0.0 0.0 0.0 0.0 0.0 0.0 0.0 0.0 0.0 0.0
a330jjzgjl7ig2
if not you have no right to be called a human
0.2744461441208009 0.19460249893066942 0.0 0.28980055652642034 0.0 0.0 0.09817039179192368 0.19516572235992277 0.4357501829959261 0.4042351966010504 0.0 0.0 0.0 0.0 0.0 0.0 0.12889848610652213 0.0 0.2079972752716754 0.0 0.4308159205546135 0.3025862228720991 0.0 0.0 0.0 0.0 0.0 0.0 0.0 0.0 0.0 0.0 0.0 0.0 0.0 0.0 0.0 0.0 0.0 0.0 0.0 0.0 0.0 0.0 0.0 0.0 0.0 0.0
a1c0lbe9vl3ax
if not then you dont even deserve to be called human being
0.25157563211073414 0.1783856240197803 0.29110374298597197 0.26565051014921864 0.3942880244738934 0.6023052082273879 0.08998952580926338 0.17890191216326254 0.3994376677462656 0.3705489302176295 0.0 0.0 0.0 0.3046310213413473 0.0 0.0 0.0 0.0 0.0 0.0 0.0 0.0 0.3050578255180185 0.0 0.0 0.0 0.0 0.0 0.0 0.0 0.0 0.0 0.0 0.0 0.0 0.0 0.0 0.0 0.0 0.0 0.0 0.0 0.0 0.0 0.0 0.0 0.0 0.0
a19owlempkubdw
if not then you dont even deserve to be called a human being
0.23222366040990844 0.16466365294133567 0.26871114737166646 0.2452158555223557 0.36395817643744005 0.5559740383637426 0.08306725459316619 0.16514022661224234 0.36871169330424514 0.342045166354735 0.0 0.0 0.0 0.28119786585355133 0.0 0.0 0.1090679497824418 0.0 0.0 0.0 0.0 0.0 0.2815918389397094 0.0 0.0 0.0 0.0 0.0 0.0 0.0 0.0 0.0 0.0 0.0 0.0 0.0 0.0 0.0 0.0 0.0 0.0 0.0 0.0 0.0 0.0 0.0 0.0 0.0
ajfwu2g6a1bhs
if not then you dont even deserve to be called a human being
0.23222366040990844 0.16466365294133567 0.26871114737166646 0.2452158555223557 0.36395817643744005 0.5559740383637426 0.08306725459316619 0.16514022661224234 0.36871169330424514 0.342045166354735 0.0 0.0 0.0 0.28119786585355133 0.0 0.0 0.1090679497824418 0.0 0.0 0.0 0.0 0.0 0.2815918389397094 0.0 0.0 0.0 0.0 0.0 0.0 0.0 0.0 0.0 0.0 0.0 0.0 0.0 0.0 0.0 0.0 0.0 0.0 0.0 0.0 0.0 0.0 0.0 0.0 0.0
amd40d0gc1l4r
in recent years the number of chemical and herbal health supplements has greatly increased in popularity a major one of which is human growth hormone commonly known as hgh
0.0 0.0 0.0 0.0 0.0 0.0 0.0 0.0 0.0 0.15333059181419154 0.0 0.0 0.05792701948950471 0.0 0.0 0.09087245762183258 0.04889252921281874 0.0 0.0 0.014706227304467356 0.0 0.0 0.0 0.0 0.10106881768985966 0.0 0.045062604097745734 0.0 0.07102280706597801 0.19701844021030618 0.14214692497560172 0.1570177189414526 0.23853474380775225 0.03427465654490662 0.24216786503733245 0.1980687577097789 0.24216786503733245 0.07078612475624908 0.2216167122060808 0.17046298428975193 0.21463311689189207 0.20648177971726342 0.10398396209828174 0.24091380834178508 0.24216786503733245 0.24482169404202656 0.1816844463737046 0.24216786503733245
