thankfully during my onehour trip the way opened up to some extent so i found 56 street exit thank god that onehours rush had cleared such an got 56th one hour route partly been and of it was good they road at in lucky find lord after hurry a me myself least bit able get thanks godduring as from luckily trying make through traffic there opening hassle open for just onto use clear gof off on
thankfully during my onehour trip the way opened up to some extent so i found the 56 street exit
0.43364544265300714 0.20702687121522342 0.21465416352190533 0.5066083037645803 0.3393423126936358 0.044892693876795085 0.23185273402361584 0.35163783117687286 0.22657841031811418 0.05683548998479792 0.20929387017714837 0.3250300118787073 0.18601304681312247 0.17094636025403653 0.24289065670688262 0.44878660436099554 0.3393423126936358 0.3590630205589732 0.0 0.0 0.0 0.0 0.0 0.0 0.0 0.0 0.0 0.0 0.0 0.0 0.0 0.0 0.0 0.0 0.0 0.0 0.0 0.0 0.0 0.0 0.0 0.0 0.0 0.0 0.0 0.0 0.0 0.0 0.0 0.0 0.0 0.0 0.0 0.0 0.0 0.0 0.0 0.0 0.0 0.0 0.0 0.0 0.0 0.0 0.0 0.0 0.0 0.0 0.0 0.0 0.0 0.0 0.0 0.0 0.0 0.0
thank god that during my onehours trip the rush had cleared to such an extent that i got the exit to 56th street
0.0 0.17102219796040197 0.17732300464853049 0.0 0.2803262583121339 0.037085268854743766 0.0 0.0 0.0 0.093902113887927 0.0 0.268503053291106 0.0 0.14121655847072584 0.0 0.0 0.2803262583121339 0.2966172778530648 0.281241623929431 0.20637177912648721 0.10504994993563477 0.4486393457429118 0.36403455665355033 0.1504865604148513 0.34852695039534454 0.17139034800818886 0.1282767506858952 0.2131567195601109 0.3371198084619754 0.0 0.0 0.0 0.0 0.0 0.0 0.0 0.0 0.0 0.0 0.0 0.0 0.0 0.0 0.0 0.0 0.0 0.0 0.0 0.0 0.0 0.0 0.0 0.0 0.0 0.0 0.0 0.0 0.0 0.0 0.0 0.0 0.0 0.0 0.0 0.0 0.0 0.0 0.0 0.0 0.0 0.0 0.0 0.0 0.0 0.0 0.0
thankfully during my one hour trip the route had partly been cleared and i found the exit of 56 street
0.41196317052035675 0.19667552765446225 0.20392145534581005 0.0 0.322375197058954 0.042648059182955333 0.0 0.0 0.0 0.0 0.0 0.0 0.0 0.1623990422413347 0.23074612387153848 0.42634727414294576 0.322375197058954 0.3411098695310245 0.0 0.0 0.0 0.0 0.0 0.173059544477079 0.40080599295464625 0.0 0.0 0.0 0.0 0.1465497856502965 0.30799109343636494 0.3714166597095403 0.4354633519826435 0.1472351546368405 0.04969825199011459 0.04199708912989091 0.0 0.0 0.0 0.0 0.0 0.0 0.0 0.0 0.0 0.0 0.0 0.0 0.0 0.0 0.0 0.0 0.0 0.0 0.0 0.0 0.0 0.0 0.0 0.0 0.0 0.0 0.0 0.0 0.0 0.0 0.0 0.0 0.0 0.0 0.0 0.0 0.0 0.0 0.0 0.0
it was good that they had opened the road to an extent during my one hour trip and i got an exit at 56th street
0.0 0.1573404221235698 0.16313716427664804 0.0 0.2579001576471632 0.017059223673182133 0.0 0.2672447516944234 0.0 0.04319497238844642 0.0 0.2470228090278175 0.0 0.12991923379306777 0.0 0.0 0.2579001576471632 0.27288789562481963 0.0 0.0 0.04832297697039199 0.0 0.0 0.1384476355816632 0.0 0.0 0.23602922126204717 0.19610418199530202 0.3101502237850174 0.1172398285202372 0.24639287474909197 0.0 0.0 0.0 0.03975860159209168 0.0 0.08100621748106501 0.08791275723976529 0.18367428817999096 0.10334835032256759 0.2258350447050026 0.12390399415617899 0.0 0.0 0.0 0.0 0.0 0.0 0.0 0.0 0.0 0.0 0.0 0.0 0.0 0.0 0.0 0.0 0.0 0.0 0.0 0.0 0.0 0.0 0.0 0.0 0.0 0.0 0.0 0.0 0.0 0.0 0.0 0.0 0.0 0.0
a3hs2e871iw2fi
thank god in my one hour trip i was lucky to find one road to 56th street exit
0.0 0.0 0.22657939482867784 0.0 0.35819466339883776 0.0 0.0 0.0 0.0 0.11998603441235117 0.0 0.0 0.0 0.18044338026814966 0.0 0.0 0.35819466339883776 0.37901096614558283 0.35936429724316177 0.2636972733282892 0.0 0.0 0.0 0.0 0.0 0.0 0.0 0.0 0.430764199701413 0.32566619033399224 0.3422123260404055 0.0 0.0 0.0 0.0 0.0 0.0 0.12210105172189624 0.0 0.0 0.3136597843125036 0.0 0.05721281680314895 0.4651552668350921 0.31013925020513755 0.0 0.0 0.0 0.0 0.0 0.0 0.0 0.0 0.0 0.0 0.0 0.0 0.0 0.0 0.0 0.0 0.0 0.0 0.0 0.0 0.0 0.0 0.0 0.0 0.0 0.0 0.0 0.0 0.0 0.0 0.0
a172x4w90uost1
thank lord after an hour of hurry a way was opened to me i found myself at the exit of street 56
0.0 0.0 0.0 0.0 0.0 0.01938548144679788 0.20023645211130459 0.30368721783457203 0.0 0.04908519589596184 0.0 0.0 0.0 0.14763549294666792 0.20976920351958042 0.3875884310390416 0.29306836096268546 0.31009988139184047 0.29402533410804144 0.0 0.0 0.0 0.0 0.0 0.0 0.0 0.13410751208070862 0.0 0.0 0.0 0.27999190312396816 0.0 0.0 0.0 0.0 0.07635834387252893 0.0 0.09990086049973329 0.0 0.0 0.0 0.1407999933592943 0.0 0.0 0.0 0.3114985931494202 0.13562377605523437 0.3013557044533198 0.06444924305326107 0.22345579864612233 0.3560817410135896 0.0 0.0 0.0 0.0 0.0 0.0 0.0 0.0 0.0 0.0 0.0 0.0 0.0 0.0 0.0 0.0 0.0 0.0 0.0 0.0 0.0 0.0 0.0 0.0 0.0
a3dd3acpmvdvca
thankfully in my one hour trip the way had opened at least a bit so i was able to get the 56th street exit
0.3433026421002973 0.0 0.16993454612150838 0.0 0.2686459975491283 0.03554004931912944 0.1835500811020292 0.27837994968169105 0.0 0.04499476290463169 0.0 0.0 0.1472603287270553 0.13533253520111224 0.0 0.0 0.2686459975491283 0.2842582246091871 0.0 0.0 0.0 0.0 0.0 0.1442162870642325 0.0 0.0 0.0 0.0 0.3230731497760598 0.12212482137524709 0.25665924453030414 0.0 0.0 0.0 0.0 0.0 0.0 0.09157578879142218 0.0 0.0 0.0 0.12906666057935312 0.04290961260236171 0.0 0.0 0.0 0.0 0.0 0.05907847279882264 0.0 0.0 0.2203444596122723 0.30309093809848114 0.22586938133900247 0.18124989133756686 0.0 0.0 0.0 0.0 0.0 0.0 0.0 0.0 0.0 0.0 0.0 0.0 0.0 0.0 0.0 0.0 0.0 0.0 0.0 0.0 0.0
a8v7wa74iohz9
thanks godduring my an hour trip the road was bit cleared as i get an exit from 56 street
0.0 0.0 0.21465416352190533 0.0 0.3393423126936358 0.022446346938397543 0.0 0.0 0.0 0.0 0.0 0.0 0.0 0.17094636025403653 0.0 0.44878660436099554 0.3393423126936358 0.3590630205589732 0.0 0.0 0.0 0.0 0.0 0.0 0.4219010452154171 0.0 0.3105647648184831 0.0 0.0 0.0 0.32420115098564734 0.0 0.0 0.0 0.0 0.0 0.0 0.11567468057863854 0.0 0.0 0.2971513746118455 0.0 0.0 0.0 0.0 0.0 0.0 0.0 0.0 0.0 0.0 0.0 0.382851711282292 0.0 0.22894723116324234 0.37806372295567475 0.5430897343203669 0.1387000668964813 0.1269944547067389 0.0 0.0 0.0 0.0 0.0 0.0 0.0 0.0 0.0 0.0 0.0 0.0 0.0 0.0 0.0 0.0 0.0
a1b6zigmal4vx5
luckily after my trip of an hour i was able to find a road to 56th street exit
0.0 0.0 0.22657939482867784 0.0 0.35819466339883776 0.0 0.0 0.0 0.0 0.11998603441235117 0.0 0.0 0.0 0.18044338026814966 0.0 0.0 0.35819466339883776 0.37901096614558283 0.0 0.0 0.0 0.0 0.0 0.0 0.0 0.0 0.1639091814319772 0.0 0.430764199701413 0.0 0.3422123260404055 0.0 0.0 0.0 0.0 0.04666343236654546 0.0 0.12210105172189624 0.0 0.0 0.3136597843125036 0.0 0.0 0.0 0.31013925020513755 0.0 0.16576239295639758 0.0 0.07877129706509685 0.0 0.0 0.0 0.0 0.30115917511866996 0.0 0.0 0.0 0.0 0.0 0.5732613862270539 0.0 0.0 0.0 0.0 0.0 0.0 0.0 0.0 0.0 0.0 0.0 0.0 0.0 0.0 0.0 0.0
a230hf2okthmdz
thank god in my one hour trip i was lucky to find one road to 56th street exit
0.0 0.0 0.22657939482867784 0.0 0.35819466339883776 0.0 0.0 0.0 0.0 0.11998603441235117 0.0 0.0 0.0 0.18044338026814966 0.0 0.0 0.35819466339883776 0.37901096614558283 0.35936429724316177 0.2636972733282892 0.0 0.0 0.0 0.0 0.0 0.0 0.0 0.0 0.430764199701413 0.32566619033399224 0.3422123260404055 0.0 0.0 0.0 0.0 0.0 0.0 0.12210105172189624 0.0 0.0 0.3136597843125036 0.0 0.05721281680314895 0.4651552668350921 0.31013925020513755 0.0 0.0 0.0 0.0 0.0 0.0 0.0 0.0 0.0 0.0 0.0 0.0 0.0 0.0 0.0 0.0 0.0 0.0 0.0 0.0 0.0 0.0 0.0 0.0 0.0 0.0 0.0 0.0 0.0 0.0 0.0
a34erkopmv5x3c
thank god in my one hour trip i was lucky to find one road to the 56th street exit
0.0 0.0 0.21465416352190533 0.0 0.3393423126936358 0.022446346938397543 0.0 0.0 0.0 0.11367097996959584 0.0 0.0 0.0 0.17094636025403653 0.0 0.0 0.3393423126936358 0.3590630205589732 0.34045038686194273 0.24981846946890557 0.0 0.0 0.0 0.0 0.0 0.0 0.0 0.0 0.40809239971712813 0.30852586452694003 0.32420115098564734 0.0 0.0 0.0 0.0 0.0 0.0 0.11567468057863854 0.0 0.0 0.2971513746118455 0.0 0.054201615918772685 0.44067341068587673 0.2938161317732882 0.0 0.0 0.0 0.0 0.0 0.0 0.0 0.0 0.0 0.0 0.0 0.0 0.0 0.0 0.0 0.0 0.0 0.0 0.0 0.0 0.0 0.0 0.0 0.0 0.0 0.0 0.0 0.0 0.0 0.0 0.0
a1kf7gs7yulm10
thank the lord after an hour of trying to make my way through the traffic there was an opening i found myself at the 56th street exit
0.0 0.0 0.15105292988578523 0.0 0.0 0.04738673242550592 0.16315562764624816 0.0 0.0 0.03999534480411705 0.0 0.0 0.0 0.12029558684543311 0.17092305471965813 0.0 0.23879644226589183 0.25267397743038855 0.23957619816210785 0.0 0.0 0.0 0.0 0.0 0.0 0.0 0.21854557524263626 0.0 0.2871761331342753 0.0 0.22814155069360367 0.0 0.0 0.0 0.0 0.031108954911030304 0.0 0.08140070114793083 0.0 0.0 0.0 0.11472592051498055 0.0 0.0 0.0 0.25381366849212017 0.11050826197093172 0.0 0.0 0.0 0.29014067786292486 0.0 0.0 0.0 0.0 0.0 0.0 0.0 0.0 0.0 0.2039452072857242 0.16888159919295148 0.17551759726299068 0.24287054949605216 0.10607351861936926 0.2694141671986499 0.0 0.0 0.0 0.0 0.0 0.0 0.0 0.0 0.0 0.0
a2qxd8jqk5bvez
thank the lord after an hour of hurry a way was opened to me i found myself at the 56th street exit
0.0 0.0 0.0 0.0 0.0 0.03877096289359576 0.20023645211130459 0.30368721783457203 0.0 0.04908519589596184 0.0 0.0 0.0 0.14763549294666792 0.20976920351958042 0.0 0.29306836096268546 0.31009988139184047 0.29402533410804144 0.0 0.0 0.0 0.0 0.0 0.0 0.0 0.13410751208070862 0.0 0.3524434361193379 0.0 0.27999190312396816 0.0 0.0 0.0 0.0 0.03817917193626447 0.0 0.09990086049973329 0.0 0.0 0.0 0.1407999933592943 0.0 0.0 0.0 0.3114985931494202 0.13562377605523437 0.3013557044533198 0.06444924305326107 0.22345579864612233 0.3560817410135896 0.0 0.0 0.0 0.0 0.0 0.0 0.0 0.0 0.0 0.0 0.0 0.0 0.0 0.0 0.0 0.0 0.0 0.0 0.0 0.0 0.0 0.0 0.0 0.0 0.0
a396ko3shx4udi
thank the lord after an hour of hassle a route was open for me i found myself at the exit of street 56
0.0 0.0 0.0 0.0 0.0 0.037085268854743766 0.0 0.0 0.0 0.0 0.0 0.0 0.0 0.14121655847072584 0.2006488033665552 0.3707367601243007 0.2803262583121339 0.2966172778530648 0.281241623929431 0.0 0.0 0.0 0.0 0.0 0.0 0.0 0.1282767506858952 0.0 0.0 0.0 0.2678183421185782 0.3229710084430785 0.0 0.0 0.0 0.07303841587807115 0.0 0.09555734482583184 0.0 0.0 0.0 0.13467825451758586 0.0 0.0 0.0 0.29795517605596716 0.12972709013978942 0.0 0.06164710205094536 0.21374032913976918 0.34059992618691176 0.0 0.0 0.0 0.0 0.0 0.0 0.0 0.0 0.0 0.0 0.0 0.0 0.0 0.0 0.0 0.4486393457429118 0.24712938973292758 0.0839438999627137 0.0 0.0 0.0 0.0 0.0 0.0 0.0
al2rcq9eyun61
thankfully in my one hour trip the way had opened just a bit so i was able to get onto the 56th street exit
0.3433026421002973 0.0 0.16993454612150838 0.0 0.2686459975491283 0.03554004931912944 0.1835500811020292 0.27837994968169105 0.0 0.04499476290463169 0.0 0.0 0.1472603287270553 0.13533253520111224 0.0 0.0 0.2686459975491283 0.2842582246091871 0.0 0.0 0.0 0.0 0.0 0.1442162870642325 0.0 0.0 0.0 0.0 0.3230731497760598 0.12212482137524709 0.25665924453030414 0.0 0.0 0.0 0.0 0.0 0.0 0.09157578879142218 0.0 0.0 0.0 0.0 0.04290961260236171 0.0 0.0 0.0 0.0 0.0 0.05907847279882264 0.0 0.0 0.0 0.30309093809848114 0.22586938133900247 0.18124989133756686 0.0 0.0 0.0 0.0 0.0 0.0 0.0 0.0 0.0 0.0 0.0 0.0 0.0 0.0 0.18933972527260676 0.319985317602988 0.0 0.0 0.0 0.0 0.0
a1dndzlo2d5d48
thankfully during my onehour trip the way had opened at least a bit so i was able to use the 56th street exit
0.358228843930745 0.17102219796040197 0.17732300464853049 0.4185025118055229 0.2803262583121339 0.037085268854743766 0.19153051941081306 0.290483425754808 0.0 0.0469510569439635 0.0 0.0 0.15366295171518815 0.14121655847072584 0.0 0.0 0.2803262583121339 0.2966172778530648 0.0 0.0 0.0 0.0 0.0 0.1504865604148513 0.0 0.0 0.0 0.0 0.3371198084619754 0.0 0.0 0.0 0.0 0.0 0.0 0.0 0.0 0.09555734482583184 0.0 0.0 0.0 0.13467825451758586 0.0 0.0 0.0 0.0 0.0 0.0 0.06164710205094536 0.0 0.0 0.22992465350845806 0.3162688049723282 0.23568978922330694 0.0 0.0 0.0 0.0 0.0 0.0 0.0 0.0 0.0 0.0 0.0 0.0 0.0 0.0 0.0 0.0 0.0 0.21615640962476096 0.0 0.0 0.0 0.0
a291u81kgj6l9n
thankfully in my one hour trip the way had opened at least a bit so i was able to get the 56th street exit
0.3433026421002973 0.0 0.16993454612150838 0.0 0.2686459975491283 0.03554004931912944 0.1835500811020292 0.27837994968169105 0.0 0.04499476290463169 0.0 0.0 0.1472603287270553 0.13533253520111224 0.0 0.0 0.2686459975491283 0.2842582246091871 0.0 0.0 0.0 0.0 0.0 0.1442162870642325 0.0 0.0 0.0 0.0 0.3230731497760598 0.12212482137524709 0.25665924453030414 0.0 0.0 0.0 0.0 0.0 0.0 0.09157578879142218 0.0 0.0 0.0 0.12906666057935312 0.04290961260236171 0.0 0.0 0.0 0.0 0.0 0.05907847279882264 0.0 0.0 0.2203444596122723 0.30309093809848114 0.22586938133900247 0.18124989133756686 0.0 0.0 0.0 0.0 0.0 0.0 0.0 0.0 0.0 0.0 0.0 0.0 0.0 0.0 0.0 0.0 0.0 0.0 0.0 0.0 0.0
a29vl1u4i9f3pd
thanks god during my hour trip the road was bit clear as i gof off on an exit from 56th street
0.0 0.1873100263375831 0.19421090985315242 0.0 0.3070239971990038 0.02030859961093111 0.0 0.0 0.0 0.0 0.0 0.0 0.0 0.15466575451555686 0.0 0.0 0.3070239971990038 0.32486654241049956 0.0 0.22602623428139074 0.0 0.0 0.0 0.0 0.0 0.0 0.1404935840845519 0.0 0.36922645688692546 0.0 0.2933248508917761 0.0 0.0 0.0 0.0 0.0 0.0 0.10465804433305392 0.0 0.0 0.26885124369643165 0.0 0.0 0.0 0.0 0.0 0.0 0.0 0.0 0.0 0.0 0.0 0.34638964354112134 0.0 0.0 0.34205765410275335 0.0 0.12549053671586402 0.11489974473466853 0.0 0.0 0.0 0.0 0.0 0.0 0.0 0.0 0.0 0.0 0.0 0.0 0.0 0.23261823564441578 0.491366902480332 0.2679693842789441 0.08919084582741921
