similarly terrorists should be destroyed regardless of where they are from pakistan india america or israel in a similar way the eliminated whatever region belong to whether pakistanis indians americans israelis irrespective their origins exterminated all such finished like wise origin terrorist these no matter indian american israelite this terorrists pounished will pakistanindiaamerica uprooted without any discrimination nationality hunted down and pakistani israeli likewise ignoring nationalities if israelites punished with regard
similarly terrorists should be destroyed regardless of where they are from pakistan india america or israel
0.39677581490842806 0.28699107528123585 0.1871384357961524 0.1341764341224469 0.3083881180811176 0.4950506049555375 0.05249636141236364 0.2828557089814267 0.16148179737901186 0.13163353461580166 0.15080591496425244 0.14735521788772504 0.18834479604337084 0.1921548397802263 0.20189351083822352 0.20983805663605024 0.0 0.0 0.0 0.0 0.0 0.0 0.0 0.0 0.0 0.0 0.0 0.0 0.0 0.0 0.0 0.0 0.0 0.0 0.0 0.0 0.0 0.0 0.0 0.0 0.0 0.0 0.0 0.0 0.0 0.0 0.0 0.0 0.0 0.0 0.0 0.0 0.0 0.0 0.0 0.0 0.0 0.0 0.0 0.0 0.0 0.0 0.0 0.0 0.0 0.0 0.0 0.0 0.0 0.0 0.0
in a similar way the terrorists should be eliminated regardless of whatever region they belong to whether they are pakistanis indians americans or israelis
0.0 0.1913273835208239 0.12475895719743495 0.08945095608163127 0.0 0.330033736637025 0.03499757427490909 0.0 0.2153090631720158 0.08775568974386777 0.0 0.0 0.0 0.0 0.13459567389214902 0.0 0.04290961260236171 0.05907847279882264 0.2473615965588787 0.1835500811020292 0.01777002465956472 0.3118954836679481 0.22525208609795497 0.2149854022030184 0.29261950358677674 0.04499476290463169 0.2002198419134162 0.23409269109560646 0.2713351025965271 0.23409269109560646 0.24841650522489078 0.0 0.0 0.0 0.0 0.0 0.0 0.0 0.0 0.0 0.0 0.0 0.0 0.0 0.0 0.0 0.0 0.0 0.0 0.0 0.0 0.0 0.0 0.0 0.0 0.0 0.0 0.0 0.0 0.0 0.0 0.0 0.0 0.0 0.0 0.0 0.0 0.0 0.0 0.0 0.0
similarly irrespective of their origins from pakistan india america or israel they should be exterminated
0.42322753590232326 0.0 0.19961433151589592 0.14312152973061001 0.0 0.0 0.05599611883985455 0.0 0.17224725053761264 0.0 0.16085964262853594 0.15717889908024005 0.20090111577959557 0.2049651624322414 0.2153530782274384 0.2238272604117869 0.0 0.0 0.0 0.0 0.0 0.0 0.0 0.0 0.0 0.0 0.0 0.0 0.0 0.0 0.0 0.5806178026435247 0.19848140664825398 0.6879136634724647 0.6417038514351351 0.0 0.0 0.0 0.0 0.0 0.0 0.0 0.0 0.0 0.0 0.0 0.0 0.0 0.0 0.0 0.0 0.0 0.0 0.0 0.0 0.0 0.0 0.0 0.0 0.0 0.0 0.0 0.0 0.0 0.0 0.0 0.0 0.0 0.0 0.0 0.0
all such terrorists should be finished whether they are pakistanis indians americans or israelis
0.0 0.3279898003214124 0.2138724980527456 0.1533444961399393 0.0 0.0 0.0 0.0 0.18455062557601357 0.1504383252752019 0.0 0.0 0.0 0.0 0.23073544095796975 0.0 0.0 0.0 0.0 0.0 0.0 0.0 0.0 0.0 0.0 0.0 0.3432340147087135 0.4013017561638968 0.4651458901654751 0.4013017561638968 0.42585686609981277 0.0 0.0 0.0 0.0 0.22451537417591064 0.28156985744202456 0.47722277088289894 0.0 0.0 0.0 0.0 0.0 0.0 0.0 0.0 0.0 0.0 0.0 0.0 0.0 0.0 0.0 0.0 0.0 0.0 0.0 0.0 0.0 0.0 0.0 0.0 0.0 0.0 0.0 0.0 0.0 0.0 0.0 0.0 0.0
a3sw1e5d0b9v9a
like wise irrespective of the origin of the terrorist these should be eliminated no matter these are pakistanis or indian or american or israelite
0.0 0.0 0.12475895719743495 0.08945095608163127 0.0 0.0 0.06999514854981818 0.0 0.0 0.08775568974386777 0.0 0.0 0.0 0.0 0.40378702167644703 0.0 0.0 0.0 0.0 0.0 0.03554004931912944 0.3118954836679481 0.0 0.0 0.0 0.0 0.0 0.23409269109560646 0.0 0.0 0.0 0.36288612665220293 0.0 0.0 0.0 0.0 0.0 0.0 0.15734304131584026 0.2975271300724594 0.33839501561461466 0.19745729692086453 0.25095855311018606 0.1386853521497121 0.20409041470061187 0.15575274228341757 0.13083997784680296 0.4010649071469594 0.0 0.0 0.0 0.0 0.0 0.0 0.0 0.0 0.0 0.0 0.0 0.0 0.0 0.0 0.0 0.0 0.0 0.0 0.0 0.0 0.0 0.0 0.0
a353ocl6lm6m4o
like this terorrists should be pounished where they will where from pakistanindiaamerica or israel
0.0 0.0 0.2138724980527456 0.1533444961399393 0.0 0.0 0.0 0.6465273348146896 0.18455062557601357 0.0 0.17234961710200278 0.0 0.0 0.0 0.23073544095796975 0.23981492186977169 0.0 0.0 0.0 0.0 0.0 0.0 0.0 0.0 0.0 0.0 0.0 0.0 0.0 0.0 0.0 0.0 0.0 0.0 0.0 0.0 0.0 0.0 0.26973092797001186 0.0 0.0 0.0 0.0 0.0 0.0 0.0 0.0 0.0 0.12239292023914428 0.5980567716451184 0.687539840823359 0.15825094284294172 0.687539840823359 0.0 0.0 0.0 0.0 0.0 0.0 0.0 0.0 0.0 0.0 0.0 0.0 0.0 0.0 0.0 0.0 0.0 0.0
a2de039cxxjuga
terrorists should be uprooted without any discrimination of nationality
0.0 0.5102063560555304 0.33269055252649316 0.23853588288435004 0.0 0.0 0.09332686473309092 0.0 0.0 0.0 0.0 0.0 0.0 0.0 0.0 0.0 0.0 0.0 0.0 0.0 0.0 0.0 0.0 0.0 0.0 0.0 0.0 0.0 0.0 0.0 0.0 0.0 0.0 0.0 0.0 0.0 0.0 0.0 0.0 0.0 0.0 0.0 0.0 0.0 0.0 0.0 0.0 0.0 0.0 0.0 0.0 0.0 0.0 0.9924900656630089 0.5232481285446678 0.3937043179056199 0.8906799843436582 0.8800899643654 0.0 0.0 0.0 0.0 0.0 0.0 0.0 0.0 0.0 0.0 0.0 0.0 0.0
a132zmwemnnusa
similarly terrorists should be hunted down irrespective of their nationality and whether they are pakistani indian american or israeli
0.33412700202814993 0.2416766949736723 0.15759026172307572 0.11299068136627106 0.0 0.0 0.04420746224199044 0.0 0.1359846714770626 0.1108492923080435 0.0 0.0 0.0 0.0 0.17001558807429348 0.0 0.0 0.0 0.0 0.0 0.0 0.0 0.0 0.0 0.0 0.0 0.25290927399589413 0.0 0.0 0.0 0.0 0.45838247577120367 0.15669584735388473 0.0 0.0 0.0 0.0 0.0 0.0 0.0 0.0 0.0 0.0 0.0 0.0 0.19674030604221165 0.16527155096438267 0.0 0.0 0.0 0.0 0.0 0.0 0.0 0.0 0.0 0.0 0.4168847199625579 0.4852680349167821 0.2740377454594962 0.05231394946327852 0.1936914296273921 0.2104177188334941 0.0 0.0 0.0 0.0 0.0 0.0 0.0 0.0
a1h645fgjr2vnq
likewise irrespective of the origin of the terrorist they should be eliminated no matter these are pakistanis or indian or american or israelite
0.0 0.0 0.13018325968427993 0.09334012808518045 0.0 0.0 0.07303841587807115 0.0 0.1123351633940952 0.09157115451534029 0.0 0.0 0.0 0.0 0.4213429791406404 0.0 0.0 0.0 0.0 0.0 0.037085268854743766 0.32545615687090235 0.0 0.0 0.0 0.0 0.0 0.24427063418671977 0.0 0.0 0.0 0.37866378433273346 0.0 0.0 0.0 0.0 0.0 0.0 0.0 0.0 0.35310784238046744 0.20604239678698907 0.13093489727487967 0.14471515006926478 0.21296391099194284 0.16252460064356616 0.1365286725357944 0.4185025118055229 0.0 0.0 0.0 0.0 0.0 0.0 0.0 0.0 0.0 0.0 0.0 0.0 0.0 0.0 0.0 0.37866378433273346 0.0 0.0 0.0 0.0 0.0 0.0 0.0
a31ikb373dzonk
ignoring the nationalities of the terrorists they all should be eliminated no matter if they are pakistanis indians americans or israelites
0.0 0.2186598668809416 0.1425816653684971 0.10222966409329287 0.0 0.0 0.03999722774275325 0.0 0.24606750076801806 0.10029221685013459 0.0 0.0 0.0 0.0 0.15382362730531315 0.0 0.0 0.0 0.0 0.0 0.04061719922186222 0.35645198133479783 0.0 0.0 0.0 0.0 0.0 0.2675345041092645 0.3100972601103167 0.2675345041092645 0.0 0.0 0.0 0.0 0.0 0.14967691611727374 0.0 0.0 0.0 0.0 0.0 0.0 0.0 0.15849754531395666 0.23324618822927073 0.0 0.0 0.0 0.0 0.0 0.0 0.0 0.0 0.0 0.0 0.0 0.0 0.0 0.0 0.0 0.0 0.0 0.0 0.0 0.3656975058319863 0.491366902480332 0.14375750406327667 0.4253528852841467 0.0 0.0 0.0
a6tw9zegog7ph
likewise regardless of the origin of the terrorists they should be eliminated whether they are pakistani or indian or american or israeli
0.0 0.208720782022717 0.13610068057901994 0.09758286117996139 0.0 0.3600368036040273 0.07635834387252893 0.0 0.2348826143694718 0.09573347972058302 0.0 0.0 0.0 0.0 0.4404949327379422 0.0 0.0 0.0 0.0 0.0 0.03877096289359576 0.3402496185468525 0.0 0.0 0.0 0.0 0.21842164572372677 0.0 0.0 0.0 0.0 0.0 0.0 0.0 0.0 0.0 0.0 0.0 0.0 0.0 0.3691581988523069 0.0 0.0 0.0 0.0 0.16991208249100098 0.1427345212874214 0.0 0.0 0.0 0.0 0.0 0.0 0.0 0.0 0.0 0.0 0.0 0.0 0.0 0.0 0.16727896195092956 0.18172439353801764 0.39587577452967593 0.0 0.0 0.0 0.0 0.0 0.0 0.0
aesg4iu5tk1ba
like this terorrists should be pounished where they will where from pakistanindiaamerica or israel
0.0 0.0 0.2138724980527456 0.1533444961399393 0.0 0.0 0.0 0.6465273348146896 0.18455062557601357 0.0 0.17234961710200278 0.0 0.0 0.0 0.23073544095796975 0.23981492186977169 0.0 0.0 0.0 0.0 0.0 0.0 0.0 0.0 0.0 0.0 0.0 0.0 0.0 0.0 0.0 0.0 0.0 0.0 0.0 0.0 0.0 0.0 0.26973092797001186 0.0 0.0 0.0 0.0 0.0 0.0 0.0 0.0 0.0 0.12239292023914428 0.5980567716451184 0.687539840823359 0.15825094284294172 0.687539840823359 0.0 0.0 0.0 0.0 0.0 0.0 0.0 0.0 0.0 0.0 0.0 0.0 0.0 0.0 0.0 0.0 0.0 0.0
a2miig4vdudbb6
like this terorrists should be punished where they will where from pakistan india america or israel
0.0 0.0 0.1871384357961524 0.1341764341224469 0.0 0.0 0.0 0.5657114179628534 0.16148179737901186 0.0 0.15080591496425244 0.14735521788772504 0.18834479604337084 0.1921548397802263 0.20189351083822352 0.20983805663605024 0.0 0.0 0.0 0.0 0.0 0.0 0.0 0.0 0.0 0.0 0.0 0.0 0.0 0.0 0.0 0.0 0.0 0.0 0.0 0.0 0.0 0.0 0.2360145619737604 0.0 0.0 0.0 0.0 0.0 0.0 0.0 0.0 0.0 0.10709380520925124 0.5232996751894786 0.0 0.138469574987574 0.0 0.0 0.0 0.0 0.0 0.0 0.0 0.0 0.0 0.0 0.0 0.0 0.0 0.0 0.0 0.0 0.4389292553801651 0.0 0.0
a14wwg6nkbdwgp
these terorrists should be punished whether they are from pakistan india america or israel
0.0 0.0 0.2138724980527456 0.1533444961399393 0.0 0.0 0.0 0.0 0.18455062557601357 0.1504383252752019 0.17234961710200278 0.1684059633002572 0.21525119547813812 0.21960553117740148 0.23073544095796975 0.23981492186977169 0.0 0.0 0.0 0.0 0.0 0.0 0.0 0.0 0.0 0.0 0.3432340147087135 0.0 0.0 0.0 0.0 0.0 0.0 0.0 0.0 0.0 0.0 0.0 0.0 0.0 0.0 0.0 0.21510733123730233 0.0 0.0 0.0 0.0 0.0 0.0 0.5980567716451184 0.0 0.0 0.0 0.0 0.0 0.0 0.0 0.0 0.0 0.0 0.0 0.0 0.0 0.0 0.0 0.0 0.0 0.0 0.5016334347201886 0.0 0.0
a330jjzgjl7ig2
terrorists should be uprooted without any discrimination with regard to nationality
0.0 0.417441564045434 0.2722013611580399 0.19516572235992277 0.0 0.0 0.0 0.0 0.0 0.0 0.0 0.0 0.0 0.0 0.0 0.0 0.0 0.0 0.0 0.0 0.0 0.0 0.0 0.0 0.0 0.09817039179192368 0.0 0.0 0.0 0.0 0.0 0.0 0.0 0.0 0.0 0.0 0.0 0.0 0.0 0.0 0.0 0.0 0.0 0.0 0.0 0.0 0.0 0.0 0.0 0.0 0.0 0.0 0.0 0.8120373264515528 0.42811210517291004 0.3221217146500526 0.7287381690084477 0.7200736072080546 0.0 0.0 0.0 0.0 0.0 0.0 0.0 0.0 0.0 0.0 0.0 0.21367140473402307 0.5531453134081556
a3andctf0w1pqd
terrorists should be uprooted without any discrimination of nationality
0.0 0.5102063560555304 0.33269055252649316 0.23853588288435004 0.0 0.0 0.09332686473309092 0.0 0.0 0.0 0.0 0.0 0.0 0.0 0.0 0.0 0.0 0.0 0.0 0.0 0.0 0.0 0.0 0.0 0.0 0.0 0.0 0.0 0.0 0.0 0.0 0.0 0.0 0.0 0.0 0.0 0.0 0.0 0.0 0.0 0.0 0.0 0.0 0.0 0.0 0.0 0.0 0.0 0.0 0.0 0.0 0.0 0.0 0.9924900656630089 0.5232481285446678 0.3937043179056199 0.8906799843436582 0.8800899643654 0.0 0.0 0.0 0.0 0.0 0.0 0.0 0.0 0.0 0.0 0.0 0.0 0.0
a2u5kb76amcgh
terrorists should be uprooted without any discrimination of nationality
0.0 0.5102063560555304 0.33269055252649316 0.23853588288435004 0.0 0.0 0.09332686473309092 0.0 0.0 0.0 0.0 0.0 0.0 0.0 0.0 0.0 0.0 0.0 0.0 0.0 0.0 0.0 0.0 0.0 0.0 0.0 0.0 0.0 0.0 0.0 0.0 0.0 0.0 0.0 0.0 0.0 0.0 0.0 0.0 0.0 0.0 0.0 0.0 0.0 0.0 0.0 0.0 0.0 0.0 0.0 0.0 0.0 0.0 0.9924900656630089 0.5232481285446678 0.3937043179056199 0.8906799843436582 0.8800899643654 0.0 0.0 0.0 0.0 0.0 0.0 0.0 0.0 0.0 0.0 0.0 0.0 0.0
a3ohqrf1mdq99b
similarly terrorists should be hunted down irrespective of their nationality and whether they are pakistani indian american or israeli
0.33412700202814993 0.2416766949736723 0.15759026172307572 0.11299068136627106 0.0 0.0 0.04420746224199044 0.0 0.1359846714770626 0.1108492923080435 0.0 0.0 0.0 0.0 0.17001558807429348 0.0 0.0 0.0 0.0 0.0 0.0 0.0 0.0 0.0 0.0 0.0 0.25290927399589413 0.0 0.0 0.0 0.0 0.45838247577120367 0.15669584735388473 0.0 0.0 0.0 0.0 0.0 0.0 0.0 0.0 0.0 0.0 0.0 0.0 0.19674030604221165 0.16527155096438267 0.0 0.0 0.0 0.0 0.0 0.0 0.0 0.0 0.0 0.0 0.4168847199625579 0.4852680349167821 0.2740377454594962 0.05231394946327852 0.1936914296273921 0.2104177188334941 0.0 0.0 0.0 0.0 0.0 0.0 0.0 0.0
