this is a result of societal pressure the from society social because societies it stress force outcome due societial sons are responding to retaliation against constraints
this is a result of societal pressure
0.24478584047828855 0.18668793126208946 0.20255476388167762 0.7291098849254265 0.11999168322825975 1.317156094774123 0.6853205763178177 0.0 0.0 0.0 0.0 0.0 0.0 0.0 0.0 0.0 0.0 0.0 0.0 0.0 0.0 0.0 0.0 0.0 0.0 0.0
this is the result of pressure from society
0.21418761041850248 0.16335193985432828 0.0 0.6379711493097482 0.10499272282472728 0.0 0.5996555042780906 0.05331007397869417 0.3016118299285049 0.7192945950773918 0.0 0.0 0.0 0.0 0.0 0.0 0.0 0.0 0.0 0.0 0.0 0.0 0.0 0.0 0.0 0.0
this is the result of social pressure
0.24478584047828855 0.18668793126208946 0.0 0.7291098849254265 0.11999168322825975 0.0 0.6853205763178177 0.06092579883279333 0.0 0.0 0.8000294401131252 0.0 0.0 0.0 0.0 0.0 0.0 0.0 0.0 0.0 0.0 0.0 0.0 0.0 0.0 0.0
this is a result of societal pressure
0.24478584047828855 0.18668793126208946 0.20255476388167762 0.7291098849254265 0.11999168322825975 1.317156094774123 0.6853205763178177 0.0 0.0 0.0 0.0 0.0 0.0 0.0 0.0 0.0 0.0 0.0 0.0 0.0 0.0 0.0 0.0 0.0 0.0 0.0
a1vbzioywe4osh
this result is because of societies pressure
0.24478584047828855 0.18668793126208946 0.0 0.7291098849254265 0.11999168322825975 0.0 0.6853205763178177 0.0 0.0 0.0 0.0 0.560015716793109 1.317156094774123 0.0 0.0 0.0 0.0 0.0 0.0 0.0 0.0 0.0 0.0 0.0 0.0 0.0
a353ocl6lm6m4o
it is the result of the stress of society
0.0 0.14520172431495848 0.0 0.5670854660531095 0.18665372946618183 0.0 0.0 0.09477346485101185 0.0 0.6393729734021261 0.0 0.0 0.0 0.22501727078073616 0.751484098955284 0.0 0.0 0.0 0.0 0.0 0.0 0.0 0.0 0.0 0.0 0.0
a3dd3acpmvdvca
this is a result of the force of society
0.19038898703866888 0.14520172431495848 0.1575425941301937 0.5670854660531095 0.18665372946618183 0.0 0.0 0.04738673242550592 0.0 0.6393729734021261 0.0 0.0 0.0 0.0 0.0 0.5472308228594011 0.0 0.0 0.0 0.0 0.0 0.0 0.0 0.0 0.0 0.0
a1u0z1mafqeh9y
this is the outcome of the social pressure
0.21418761041850248 0.16335193985432828 0.0 0.0 0.10499272282472728 0.0 0.5996555042780906 0.10662014795738833 0.0 0.0 0.7000257600989845 0.0 0.0 0.0 0.0 0.0 0.990101209911075 0.0 0.0 0.0 0.0 0.0 0.0 0.0 0.0 0.0
a1xarlxeww1h9e
this result is because of societies pressure
0.24478584047828855 0.18668793126208946 0.0 0.7291098849254265 0.11999168322825975 0.0 0.6853205763178177 0.0 0.0 0.0 0.0 0.560015716793109 1.317156094774123 0.0 0.0 0.0 0.0 0.0 0.0 0.0 0.0 0.0 0.0 0.0 0.0 0.0
a230hf2okthmdz
this result is due of the societial pressure
0.21418761041850248 0.16335193985432828 0.0 0.6379711493097482 0.10499272282472728 0.0 0.5996555042780906 0.05331007397869417 0.0 0.0 0.0 0.0 0.0 0.0 0.0 0.0 0.0 0.5440697766204098 1.2898381190108714 0.0 0.0 0.0 0.0 0.0 0.0 0.0
a280uzceezwu2x
this is a result of pressure from society
0.21418761041850248 0.16335193985432828 0.17723541839646792 0.6379711493097482 0.10499272282472728 0.0 0.5996555042780906 0.0 0.3016118299285049 0.7192945950773918 0.0 0.0 0.0 0.0 0.0 0.0 0.0 0.0 0.0 0.0 0.0 0.0 0.0 0.0 0.0 0.0
a2sb2bw2w4t4ww
the sons are responding to societal pressure
0.0 0.0 0.0 0.0 0.0 1.317156094774123 0.6853205763178177 0.06092579883279333 0.0 0.0 0.0 0.0 0.0 0.0 0.0 0.0 0.0 0.0 0.0 0.9335021883098157 0.3008766505504038 1.0970925174959587 0.15426775853016578 0.0 0.0 0.0
a291u81kgj6l9n
it is the result of the stress of society
0.0 0.14520172431495848 0.0 0.5670854660531095 0.18665372946618183 0.0 0.0 0.09477346485101185 0.0 0.6393729734021261 0.0 0.0 0.0 0.22501727078073616 0.751484098955284 0.0 0.0 0.0 0.0 0.0 0.0 0.0 0.0 0.0 0.0 0.0
ah8lf01ktxfg0
it is the result of the stress of society
0.0 0.14520172431495848 0.0 0.5670854660531095 0.18665372946618183 0.0 0.0 0.09477346485101185 0.0 0.6393729734021261 0.0 0.0 0.0 0.22501727078073616 0.751484098955284 0.0 0.0 0.0 0.0 0.0 0.0 0.0 0.0 0.0 0.0 0.0
a291u81kgj6l9n
this is a result of the force of society
0.19038898703866888 0.14520172431495848 0.1575425941301937 0.5670854660531095 0.18665372946618183 0.0 0.0 0.04738673242550592 0.0 0.6393729734021261 0.0 0.0 0.0 0.0 0.0 0.5472308228594011 0.0 0.0 0.0 0.0 0.0 0.0 0.0 0.0 0.0 0.0
ajfwu2g6a1bhs
this is a result of the force of society
0.19038898703866888 0.14520172431495848 0.1575425941301937 0.5670854660531095 0.18665372946618183 0.0 0.0 0.04738673242550592 0.0 0.6393729734021261 0.0 0.0 0.0 0.0 0.0 0.5472308228594011 0.0 0.0 0.0 0.0 0.0 0.0 0.0 0.0 0.0 0.0
ancf53mqwds6z
this is the retaliation against the constraints of society
0.19038898703866888 0.14520172431495848 0.0 0.0 0.09332686473309092 0.0 0.0 0.09477346485101185 0.0 0.6393729734021261 0.0 0.0 0.0 0.0 0.0 0.0 0.0 0.0 0.0 0.0 0.0 0.0 0.0 0.83845735887191 0.35411182684667325 1.1465227724541078
a29vl1u4i9f3pd
this is the outcome of the social pressure
0.21418761041850248 0.16335193985432828 0.0 0.0 0.10499272282472728 0.0 0.5996555042780906 0.10662014795738833 0.0 0.0 0.7000257600989845 0.0 0.0 0.0 0.0 0.0 0.990101209911075 0.0 0.0 0.0 0.0 0.0 0.0 0.0 0.0 0.0
