black man also elected as republican leader republicans elect a their in party americas has red indian person chosen well the too selected leaders was have
black man also elected as republican leader
0.7744093074480085 0.6422370080862788 0.394163636582753 0.6870452307798561 0.37647161014759206 0.756403490177242 0.6356297198504566 0.0 0.0 0.0 0.0 0.0 0.0 0.0 0.0 0.0 0.0 0.0 0.0 0.0 0.0 0.0 0.0 0.0 0.0 0.0
republicans also elect a black as their leader
0.6776081440170074 0.0 0.34489318200990887 0.0 0.32941265887914306 0.0 0.5561760048691495 0.9792247877873713 1.0020149823866156 0.17723541839646792 0.3721526374654762 0.0 0.0 0.0 0.0 0.0 0.0 0.0 0.0 0.0 0.0 0.0 0.0 0.0 0.0 0.0
a black leader elected in republican party also
0.6776081440170074 0.0 0.34489318200990887 0.6011645769323741 0.0 0.6618530539050868 0.5561760048691495 0.0 0.0 0.17723541839646792 0.0 0.12872883780708513 0.48551980416243967 0.0 0.0 0.0 0.0 0.0 0.0 0.0 0.0 0.0 0.0 0.0 0.0 0.0
americas republican party also has black leader
0.7744093074480085 0.0 0.394163636582753 0.0 0.0 0.756403490177242 0.6356297198504566 0.0 0.0 0.0 0.0 0.0 0.5548797761856453 0.7843416021120957 0.29325680256160336 0.0 0.0 0.0 0.0 0.0 0.0 0.0 0.0 0.0 0.0 0.0
a1sanjgoj47idf
republican leader also elected red indian
0.0 0.0 0.4598575760132118 0.8015527692431655 0.0 0.8824707385401157 0.7415680064921993 0.0 0.0 0.0 0.0 0.0 0.0 0.0 0.0 1.104970916328839 0.6230109691336703 0.0 0.0 0.0 0.0 0.0 0.0 0.0 0.0 0.0
a3dd3acpmvdvca
black person chosen as republican leader as well
0.6776081440170074 0.0 0.0 0.0 0.6588253177582861 0.6618530539050868 0.5561760048691495 0.0 0.0 0.0 0.0 0.0 0.0 0.0 0.0 0.0 0.0 0.6006595257402486 0.8733125552389709 0.5615881055883151 0.0 0.0 0.0 0.0 0.0 0.0
a143bvgouf83je
a black man elected as the republican leader too
0.6023183502373399 0.49951767295599464 0.0 0.534368512828777 0.29281125233701605 0.5883138256934104 0.4943786709947996 0.0 0.0 0.1575425941301937 0.0 0.0 0.0 0.0 0.0 0.0 0.0 0.0 0.0 0.0 0.04738673242550592 0.557266671558655 0.0 0.0 0.0 0.0
a28e6z78qj2yz6
republican has also selected black man as their leader
0.6023183502373399 0.49951767295599464 0.3065717173421412 0.0 0.29281125233701605 0.5883138256934104 0.4943786709947996 0.0 0.0 0.0 0.33080234441375667 0.0 0.0 0.0 0.2280886242145804 0.0 0.0 0.0 0.0 0.0 0.0 0.0 0.7235602735907389 0.0 0.0 0.0
a330jjzgjl7ig2
republican leader also elected red indian
0.0 0.0 0.4598575760132118 0.8015527692431655 0.0 0.8824707385401157 0.7415680064921993 0.0 0.0 0.0 0.0 0.0 0.0 0.0 0.0 1.104970916328839 0.6230109691336703 0.0 0.0 0.0 0.0 0.0 0.0 0.0 0.0 0.0
a1g9f1kosfkijh
republican leaders also elected red indian
0.0 0.0 0.4598575760132118 0.8015527692431655 0.0 0.8824707385401157 0.0 0.0 0.0 0.0 0.0 0.0 0.0 0.0 0.0 1.104970916328839 0.6230109691336703 0.0 0.0 0.0 0.0 0.0 0.0 0.7337504815799226 0.0 0.0
a9x4g4wpj27d6
republican leaders also elected a red indian
0.0 0.0 0.394163636582753 0.6870452307798561 0.0 0.756403490177242 0.0 0.0 0.0 0.20255476388167762 0.0 0.0 0.0 0.0 0.0 0.9471179282818621 0.5340094021145745 0.0 0.0 0.0 0.0 0.0 0.0 0.6289289842113622 0.0 0.0
a1g46au4nrpshg
black person chosen as republican leader as well
0.6776081440170074 0.0 0.0 0.0 0.6588253177582861 0.6618530539050868 0.5561760048691495 0.0 0.0 0.0 0.0 0.0 0.0 0.0 0.0 0.0 0.0 0.6006595257402486 0.8733125552389709 0.5615881055883151 0.0 0.0 0.0 0.0 0.0 0.0
a12ezody9kxiim
black person chosen as republican leader as well
0.6776081440170074 0.0 0.0 0.0 0.6588253177582861 0.6618530539050868 0.5561760048691495 0.0 0.0 0.0 0.0 0.0 0.0 0.0 0.0 0.0 0.0 0.6006595257402486 0.8733125552389709 0.5615881055883151 0.0 0.0 0.0 0.0 0.0 0.0
a2rcbwy8ulhnj0
a black person was chosen as the republican leader as well
0.4928059229214599 0.0 0.0 0.0 0.4791456856423899 0.4813476755673358 0.404491639904836 0.0 0.0 0.12889848610652213 0.0 0.0 0.0 0.0 0.0 0.0 0.0 0.43684329144745354 0.6351364038101607 0.4084277131551382 0.03877096289359576 0.0 0.0 0.0 0.19980172099946658 0.0
a230hf2okthmdz
a black man elected as the republican leader too
0.6023183502373399 0.49951767295599464 0.0 0.534368512828777 0.29281125233701605 0.5883138256934104 0.4943786709947996 0.0 0.0 0.1575425941301937 0.0 0.0 0.0 0.0 0.0 0.0 0.0 0.0 0.0 0.0 0.04738673242550592 0.557266671558655 0.0 0.0 0.0 0.0
a330jjzgjl7ig2
a black man was elected as the republican leader too
0.542086515213606 0.44956590566039517 0.0 0.4809316615458993 0.26353012710331447 0.5294824431240694 0.44494080389531965 0.0 0.0 0.14178833471717434 0.0 0.0 0.0 0.0 0.0 0.0 0.0 0.0 0.0 0.0 0.042648059182955333 0.5015400044027895 0.0 0.0 0.21978189309941323 0.0
a6tw9zegog7ph
a black man elected as the republican leader too
0.6023183502373399 0.49951767295599464 0.0 0.534368512828777 0.29281125233701605 0.5883138256934104 0.4943786709947996 0.0 0.0 0.1575425941301937 0.0 0.0 0.0 0.0 0.0 0.0 0.0 0.0 0.0 0.0 0.04738673242550592 0.557266671558655 0.0 0.0 0.0 0.0
ao86wz7i0vqzc
the republicans have also chosen a black man as their leader
0.4928059229214599 0.4086962778730865 0.2508314050981155 0.0 0.23957284282119495 0.0 0.404491639904836 0.7121634820271792 0.0 0.12889848610652213 0.27065646361125545 0.0 0.0 0.0 0.0 0.0 0.0 0.0 0.6351364038101607 0.0 0.03877096289359576 0.0 0.0 0.0 0.0 0.2079972752716754
