should the reason behind violence be language that cause of may a for is extremism persecution problem communication like was could barrier to
should the reason behind violence be language
0.4277449961054912 0.06092579883279333 0.6887909609705385 0.7362741397376367 0.8235468657837757 0.3066889922798786 0.8891943414092671 0.0 0.0 0.0 0.0 0.0 0.0 0.0 0.0 0.0 0.0 0.0 0.0 0.0 0.0 0.0 0.0
that the cause of violence be language
0.0 0.06092579883279333 0.0 0.0 0.8235468657837757 0.3066889922798786 0.8891943414092671 0.17258206060854284 0.7473012309792267 0.11999168322825975 0.0 0.0 0.0 0.0 0.0 0.0 0.0 0.0 0.0 0.0 0.0 0.0 0.0
that the language may be the cause of violence
0.0 0.09477346485101185 0.0 0.0 0.6405364511651589 0.23853588288435004 0.6915955988738745 0.1342304915844222 0.5812342907616208 0.09332686473309092 0.49532430318012277 0.0 0.0 0.0 0.0 0.0 0.0 0.0 0.0 0.0 0.0 0.0 0.0
should language be a reason for violence
0.4277449961054912 0.0 0.6887909609705385 0.0 0.8235468657837757 0.3066889922798786 0.8891943414092671 0.0 0.0 0.0 0.0 0.20255476388167762 0.2758156713060593 0.0 0.0 0.0 0.0 0.0 0.0 0.0 0.0 0.0 0.0
a1wyssw33m2fz2
that language is the reason of violence
0.0 0.06092579883279333 0.6887909609705385 0.0 0.8235468657837757 0.0 0.8891943414092671 0.17258206060854284 0.0 0.11999168322825975 0.0 0.0 0.0 0.18668793126208946 0.0 0.0 0.0 0.0 0.0 0.0 0.0 0.0 0.0
a3dd3acpmvdvca
that the cause of extremism be language
0.0 0.06092579883279333 0.0 0.0 0.0 0.3066889922798786 0.8891943414092671 0.17258206060854284 0.7473012309792267 0.11999168322825975 0.0 0.0 0.0 0.0 0.79625326053196 0.0 0.0 0.0 0.0 0.0 0.0 0.0 0.0
a2xknsbfsj3hso
the reason for persecution may be language
0.0 0.06092579883279333 0.6887909609705385 0.0 0.0 0.3066889922798786 0.8891943414092671 0.0 0.0 0.0 0.6368455326601579 0.0 0.2758156713060593 0.0 0.0 1.087236392997823 0.0 0.0 0.0 0.0 0.0 0.0 0.0
a2i57ww1b3evwx
is language is a problem for communication
0.0 0.0 0.0 0.0 0.0 0.0 0.8891943414092671 0.0 0.0 0.0 0.0 0.20255476388167762 0.2758156713060593 0.3733758625241789 0.0 0.0 0.6841822663679353 1.04613895407614 0.0 0.0 0.0 0.0 0.0
al2rcq9eyun61
is language like that the reason for violence
0.0 0.05331007397869417 0.6026920908492212 0.0 0.7206035075608037 0.0 0.7780450487331088 0.15100930303247498 0.0 0.0 0.0 0.0 0.24133871239280189 0.16335193985432828 0.0 0.0 0.0 0.0 0.4720291239475208 0.0 0.0 0.0 0.0
awmob8jnvgesj
was language the reason for violence
0.0 0.07108009863825888 0.8035894544656282 0.0 0.9608046767477383 0.0 1.0373933983108117 0.0 0.0 0.0 0.0 0.0 0.3217849498570692 0.0 0.0 0.0 0.0 0.0 0.0 0.36630315516568873 0.0 0.0 0.0
ajfwu2g6a1bhs
that language is the reason of violence
0.0 0.06092579883279333 0.6887909609705385 0.0 0.8235468657837757 0.0 0.8891943414092671 0.17258206060854284 0.0 0.11999168322825975 0.0 0.0 0.0 0.18668793126208946 0.0 0.0 0.0 0.0 0.0 0.0 0.0 0.0 0.0
a2rcbwy8ulhnj0
is the cause of extremism language
0.0 0.07108009863825888 0.0 0.0 0.0 0.0 1.0373933983108117 0.0 0.8718514361424311 0.13999029709963637 0.0 0.0 0.0 0.2178025864724377 0.9289621372872867 0.0 0.0 0.0 0.0 0.0 0.0 0.0 0.0
a1c0lbe9vl3ax
that the cause of extremism could be language
0.0 0.05331007397869417 0.0 0.0 0.0 0.2683528682448938 0.7780450487331088 0.15100930303247498 0.6538885771068234 0.10499272282472728 0.0 0.0 0.0 0.0 0.696721602965465 0.0 0.0 0.0 0.0 0.0 0.5390439740606547 0.0 0.0
a230hf2okthmdz
that the cause of extremism be language
0.0 0.06092579883279333 0.0 0.0 0.0 0.3066889922798786 0.8891943414092671 0.17258206060854284 0.7473012309792267 0.11999168322825975 0.0 0.0 0.0 0.0 0.79625326053196 0.0 0.0 0.0 0.0 0.0 0.0 0.0 0.0
amjejkgf6r4hk
language may be the reason for persecution
0.0 0.06092579883279333 0.6887909609705385 0.0 0.0 0.3066889922798786 0.8891943414092671 0.0 0.0 0.0 0.6368455326601579 0.0 0.2758156713060593 0.0 0.0 1.087236392997823 0.0 0.0 0.0 0.0 0.0 0.0 0.0
a1u6t1v9680bs9
the reason for persecution may be language
0.0 0.06092579883279333 0.6887909609705385 0.0 0.0 0.3066889922798786 0.8891943414092671 0.0 0.0 0.0 0.6368455326601579 0.0 0.2758156713060593 0.0 0.0 1.087236392997823 0.0 0.0 0.0 0.0 0.0 0.0 0.0
a14b80scbt25dr
the reason for persecution may be language
0.0 0.06092579883279333 0.6887909609705385 0.0 0.0 0.3066889922798786 0.8891943414092671 0.0 0.0 0.0 0.6368455326601579 0.0 0.2758156713060593 0.0 0.0 1.087236392997823 0.0 0.0 0.0 0.0 0.0 0.0 0.0
a3th8yzrzb3qx0
is language a barrier to communication
0.0 0.0 0.0 0.0 0.0 0.0 1.0373933983108117 0.0 0.0 0.0 0.0 0.23631389119529056 0.0 0.2178025864724377 0.0 0.0 0.0 1.2204954464221633 0.0 0.0 0.0 1.4211575804764858 0.17997905161852676
