at times coming without a reason sometimes they arrive any plan come for no apparent it comes came just like that with never been so there was to be way the rain
at times coming without a reason
0.5162666423174125 0.9573323289305979 0.9150652024641116 0.7848721928170018 0.23631389119529056 0.8035894544656282 0.0 0.0 0.0 0.0 0.0 0.0 0.0 0.0 0.0 0.0 0.0 0.0 0.0 0.0 0.0 0.0 0.0 0.0 0.0 0.0 0.0 0.0 0.0 0.0 0.0 0.0
sometimes they arrive without any plan
0.0 0.0 0.0 0.7848721928170018 0.0 0.0 0.9218688682174875 0.4306181263440316 1.6042596285878377 0.5905564768584298 0.8533679868035242 0.0 0.0 0.0 0.0 0.0 0.0 0.0 0.0 0.0 0.0 0.0 0.0 0.0 0.0 0.0 0.0 0.0 0.0 0.0 0.0 0.0
sometimes they come for no apparent reason
0.0 0.0 0.0 0.0 0.0 0.6887909609705385 0.7901733156149893 0.36910125115202713 0.0 0.0 0.0 0.6270165440995823 0.2758156713060593 0.47549263594186997 1.218135068979845 0.0 0.0 0.0 0.0 0.0 0.0 0.0 0.0 0.0 0.0 0.0 0.0 0.0 0.0 0.0 0.0 0.0
sometimes it comes without reason
0.0 0.0 0.0 0.9418466313804021 0.0 0.9643073453587538 1.106242641860985 0.0 0.0 0.0 0.0 0.0 0.0 0.0 0.0 0.40503108740532506 1.0996846772963869 0.0 0.0 0.0 0.0 0.0 0.0 0.0 0.0 0.0 0.0 0.0 0.0 0.0 0.0 0.0
a3dd3acpmvdvca
sometimes it came just like that without a reason
0.0 0.0 0.0 0.5232481285446678 0.1575425941301937 0.5357263029770855 0.614579245478325 0.0 0.0 0.0 0.0 0.0 0.0 0.0 0.0 0.22501727078073616 0.0 0.5352718601713604 0.5049059340602846 0.41958144350890736 0.1342304915844222 0.0 0.0 0.0 0.0 0.0 0.0 0.0 0.0 0.0 0.0 0.0
a143bvgouf83je
sometimes comes without a reason
0.0 0.0 0.0 0.9418466313804021 0.28357666943434867 0.9643073453587538 1.106242641860985 0.0 0.0 0.0 0.0 0.0 0.0 0.0 0.0 0.0 1.0996846772963869 0.0 0.0 0.0 0.0 0.0 0.0 0.0 0.0 0.0 0.0 0.0 0.0 0.0 0.0 0.0
a172x4w90uost1
sometimes comes with no reason
0.0 0.0 0.0 0.0 0.0 0.9643073453587538 1.106242641860985 0.0 0.0 0.0 0.0 0.0 0.0 0.665689690318618 0.0 0.0 1.0996846772963869 0.0 0.0 0.0 0.0 0.47007709041485074 0.0 0.0 0.0 0.0 0.0 0.0 0.0 0.0 0.0 0.0
a1aczgd5azz3r7
never been so like that
0.0 0.0 0.0 0.0 0.0 0.0 0.0 0.0 0.0 0.0 0.0 0.0 0.0 0.0 0.0 0.0 0.0 0.0 0.0 0.7552465983160332 0.24161488485195998 0.0 0.9539257734383503 0.588940618547362 0.7068495778898655 0.0 0.0 0.0 0.0 0.0 0.0 0.0
a143awku99stc9
sometimes it came just like that without a reason
0.0 0.0 0.0 0.5232481285446678 0.1575425941301937 0.5357263029770855 0.614579245478325 0.0 0.0 0.0 0.0 0.0 0.0 0.0 0.0 0.22501727078073616 0.0 0.5352718601713604 0.5049059340602846 0.41958144350890736 0.1342304915844222 0.0 0.0 0.0 0.0 0.0 0.0 0.0 0.0 0.0 0.0 0.0
a1wgq344wqriu5
sometimes it came just like that without a reason
0.0 0.0 0.0 0.5232481285446678 0.1575425941301937 0.5357263029770855 0.614579245478325 0.0 0.0 0.0 0.0 0.0 0.0 0.0 0.0 0.22501727078073616 0.0 0.5352718601713604 0.5049059340602846 0.41958144350890736 0.1342304915844222 0.0 0.0 0.0 0.0 0.0 0.0 0.0 0.0 0.0 0.0 0.0
a1dndzlo2d5d48
there was no reason for it to be that way
0.0 0.0 0.0 0.0 0.0 0.4821536726793769 0.0 0.0 0.0 0.0 0.0 0.0 0.1930709699142415 0.332844845159309 0.0 0.20251554370266253 0.0 0.0 0.0 0.0 0.12080744242597999 0.0 0.0 0.0 0.0 0.28639850027229696 0.21978189309941323 0.10798743097111604 0.21468229459591504 0.4405201946448701 0.0 0.0
a3andctf0w1pqd
sometimes it comes without a reason
0.0 0.0 0.0 0.7848721928170018 0.23631389119529056 0.8035894544656282 0.9218688682174875 0.0 0.0 0.0 0.0 0.0 0.0 0.0 0.0 0.33752590617110423 0.916403897746989 0.0 0.0 0.0 0.0 0.0 0.0 0.0 0.0 0.0 0.0 0.0 0.0 0.0 0.0 0.0
a6tw9zegog7ph
sometimes it comes without a reason
0.0 0.0 0.0 0.7848721928170018 0.23631389119529056 0.8035894544656282 0.9218688682174875 0.0 0.0 0.0 0.0 0.0 0.0 0.0 0.0 0.33752590617110423 0.916403897746989 0.0 0.0 0.0 0.0 0.0 0.0 0.0 0.0 0.0 0.0 0.0 0.0 0.0 0.0 0.0
a2qxd8jqk5bvez
sometimes comes without a reason
0.0 0.0 0.0 0.9418466313804021 0.28357666943434867 0.9643073453587538 1.106242641860985 0.0 0.0 0.0 0.0 0.0 0.0 0.0 0.0 0.0 1.0996846772963869 0.0 0.0 0.0 0.0 0.0 0.0 0.0 0.0 0.0 0.0 0.0 0.0 0.0 0.0 0.0
a330jjzgjl7ig2
sometimes it comes for no reason
0.0 0.0 0.0 0.0 0.0 0.8035894544656282 0.9218688682174875 0.0 0.0 0.0 0.0 0.0 0.3217849498570692 0.5547414085988484 0.0 0.33752590617110423 0.916403897746989 0.0 0.0 0.0 0.0 0.0 0.0 0.0 0.0 0.0 0.0 0.0 0.0 0.0 0.0 0.0
a2zhr3rebfem5a
sometimes the rain comes with no reason
0.0 0.0 0.0 0.0 0.0 0.6887909609705385 0.7901733156149893 0.0 0.0 0.0 0.0 0.0 0.0 0.47549263594186997 0.0 0.0 0.7854890552117049 0.0 0.0 0.0 0.0 0.335769350296322 0.0 0.0 0.0 0.0 0.0 0.0 0.0 0.0 0.06092579883279333 1.039168930623364
a230hf2okthmdz
sometimes it comes with no reason
0.0 0.0 0.0 0.0 0.0 0.8035894544656282 0.9218688682174875 0.0 0.0 0.0 0.0 0.0 0.0 0.5547414085988484 0.0 0.33752590617110423 0.916403897746989 0.0 0.0 0.0 0.0 0.3917309086790423 0.0 0.0 0.0 0.0 0.0 0.0 0.0 0.0 0.0 0.0
aonmraht4motn
never been so like that
0.0 0.0 0.0 0.0 0.0 0.0 0.0 0.0 0.0 0.0 0.0 0.0 0.0 0.0 0.0 0.0 0.0 0.0 0.0 0.7552465983160332 0.24161488485195998 0.0 0.9539257734383503 0.588940618547362 0.7068495778898655 0.0 0.0 0.0 0.0 0.0 0.0 0.0
