yousaf raza gilani and joe biden (file photo yousuf photo) gillani file yusuf ( joeseph riza geelani the musharraf(file joseph not sure but possibly pose for a musharraf
yousaf raza gilani and joe biden (file photo
0.8527746738275613 0.6804384536107274 0.7405319746768165 0.12424562997528649 0.7179992466979485 0.6167762361622352 0.8874786409023463 0.791215113190337 0.0 0.0 0.0 0.0 0.0 0.0 0.0 0.0 0.0 0.0 0.0 0.0 0.0 0.0 0.0 0.0 0.0 0.0 0.0 0.0
yousuf raza gilani and joe biden (file photo)
0.0 0.6804384536107274 0.7405319746768165 0.12424562997528649 0.7179992466979485 0.6167762361622352 0.8874786409023463 0.0 0.803360581747043 0.8689261402625621 0.0 0.0 0.0 0.0 0.0 0.0 0.0 0.0 0.0 0.0 0.0 0.0 0.0 0.0 0.0 0.0 0.0 0.0
yousaf raza gillani and joe biden file photo
0.8527746738275613 0.6804384536107274 0.0 0.12424562997528649 0.7179992466979485 0.6167762361622352 0.0 0.791215113190337 0.0 0.0 0.9432645287308987 0.6945663771611518 0.0 0.0 0.0 0.0 0.0 0.0 0.0 0.0 0.0 0.0 0.0 0.0 0.0 0.0 0.0 0.0
yousuf raza gilani and joe biden (file photo)
0.0 0.6804384536107274 0.7405319746768165 0.12424562997528649 0.7179992466979485 0.6167762361622352 0.8874786409023463 0.0 0.803360581747043 0.8689261402625621 0.0 0.0 0.0 0.0 0.0 0.0 0.0 0.0 0.0 0.0 0.0 0.0 0.0 0.0 0.0 0.0 0.0 0.0
a1wyssw33m2fz2
yusuf raza gilani and joe biden ( file photo)
0.0 0.6048341809873132 0.6582506441571703 0.11044055997803243 0.6382215526203986 0.5482455432553202 0.0 0.0 0.0 0.7723787913444996 0.0 0.6173923352543571 0.7140982948862604 0.8456283056649734 0.0 0.0 0.0 0.0 0.0 0.0 0.0 0.0 0.0 0.0 0.0 0.0 0.0 0.0
a2yfc3l62fkzfr
yousaf raza and joeseph biden file photo
0.9745996272314986 0.7776439469836884 0.0 0.1419950056860417 0.0 0.7048871270425545 0.0 0.9042458436460994 0.0 0.0 0.0 0.7937901453270306 0.0 0.0 1.317156094774123 0.0 0.0 0.0 0.0 0.0 0.0 0.0 0.0 0.0 0.0 0.0 0.0 0.0
a3dd3acpmvdvca
yusuf riza geelani and joe biden (file photo)
0.0 0.0 0.0 0.12424562997528649 0.7179992466979485 0.6167762361622352 0.8874786409023463 0.0 0.0 0.8689261402625621 0.0 0.0 0.803360581747043 0.0 0.0 1.029907926300892 0.8527746738275613 0.0 0.0 0.0 0.0 0.0 0.0 0.0 0.0 0.0 0.0 0.0
a1aczgd5azz3r7
yousuf raza gilani and the musharraf(file photo)
0.0 0.7776439469836884 0.8463222567735046 0.1419950056860417 0.0 0.0 0.0 0.0 0.9181263791394777 0.9930584460143567 0.0 0.0 0.0 0.0 0.0 0.0 0.0 0.06092579883279333 1.474100707440996 0.0 0.0 0.0 0.0 0.0 0.0 0.0 0.0 0.0
a2190f96xfy41l
yusuf raza gilani and joe biden ( file photo)
0.0 0.6048341809873132 0.6582506441571703 0.11044055997803243 0.6382215526203986 0.5482455432553202 0.0 0.0 0.0 0.7723787913444996 0.0 0.6173923352543571 0.7140982948862604 0.8456283056649734 0.0 0.0 0.0 0.0 0.0 0.0 0.0 0.0 0.0 0.0 0.0 0.0 0.0 0.0
ajfwu2g6a1bhs
yusuf raza gilani and joe biden ( file photo)
0.0 0.6048341809873132 0.6582506441571703 0.11044055997803243 0.6382215526203986 0.5482455432553202 0.0 0.0 0.0 0.7723787913444996 0.0 0.6173923352543571 0.7140982948862604 0.8456283056649734 0.0 0.0 0.0 0.0 0.0 0.0 0.0 0.0 0.0 0.0 0.0 0.0 0.0 0.0
au7l5rzqoehrh
yusuf raza gilani and joe biden ( file photo)
0.0 0.6048341809873132 0.6582506441571703 0.11044055997803243 0.6382215526203986 0.5482455432553202 0.0 0.0 0.0 0.7723787913444996 0.0 0.6173923352543571 0.7140982948862604 0.8456283056649734 0.0 0.0 0.0 0.0 0.0 0.0 0.0 0.0 0.0 0.0 0.0 0.0 0.0 0.0
a6tw9zegog7ph
yousaf raza and joseph biden file photo
0.9745996272314986 0.7776439469836884 0.0 0.1419950056860417 0.0 0.7048871270425545 0.0 0.9042458436460994 0.0 0.0 0.0 0.7937901453270306 0.0 0.0 0.0 0.0 0.0 0.0 0.0 0.8119965662653336 0.0 0.0 0.0 0.0 0.0 0.0 0.0 0.0
a2r8rj4z5nv4o7
yousaf raza and joeseph biden file photo not sure but possibly yousaf raza and joe biden pose for a photo
0.682219739062049 0.544350762888582 0.0 0.09939650398022919 0.2871996986791794 0.49342098892978814 0.0 0.6329720905522696 0.0 0.0 0.0 0.27782655086446073 0.0 0.0 0.46100463317094303 0.0 0.0 0.0 0.0 0.0 0.10703137441186819 0.30495986234554323 0.13058211483582488 0.40080599295464625 0.4354633519826435 0.09653548495712075 0.07089416735858717 0.0
aa1hdtufsq32b
yousaf raza and joeseph biden file photo
0.9745996272314986 0.7776439469836884 0.0 0.1419950056860417 0.0 0.7048871270425545 0.0 0.9042458436460994 0.0 0.0 0.0 0.7937901453270306 0.0 0.0 1.317156094774123 0.0 0.0 0.0 0.0 0.0 0.0 0.0 0.0 0.0 0.0 0.0 0.0 0.0
a330jjzgjl7ig2
yusuf riza geelani and joe biden (file photo)
0.0 0.0 0.0 0.12424562997528649 0.7179992466979485 0.6167762361622352 0.8874786409023463 0.0 0.0 0.8689261402625621 0.0 0.0 0.803360581747043 0.0 0.0 1.029907926300892 0.8527746738275613 0.0 0.0 0.0 0.0 0.0 0.0 0.0 0.0 0.0 0.0 0.0
a227cwgbxgw4yh
yusuf riza geelani and joe biden (file photo)
0.0 0.0 0.0 0.12424562997528649 0.7179992466979485 0.6167762361622352 0.8874786409023463 0.0 0.0 0.8689261402625621 0.0 0.0 0.803360581747043 0.0 0.0 1.029907926300892 0.8527746738275613 0.0 0.0 0.0 0.0 0.0 0.0 0.0 0.0 0.0 0.0 0.0
a230hf2okthmdz
yusuf riza geelani and joe biden (file photo)
0.0 0.0 0.0 0.12424562997528649 0.7179992466979485 0.6167762361622352 0.8874786409023463 0.0 0.0 0.8689261402625621 0.0 0.0 0.803360581747043 0.0 0.0 1.029907926300892 0.8527746738275613 0.0 0.0 0.0 0.0 0.0 0.0 0.0 0.0 0.0 0.0 0.0
a31i8s2vq4xqm7
yousuf raza gilani and musharraf (file photo)
0.0 0.7776439469836884 0.8463222567735046 0.1419950056860417 0.0 0.0 1.0142613038883959 0.0 0.9181263791394777 0.9930584460143567 0.0 0.0 0.0 0.0 0.0 0.0 0.0 0.0 0.0 0.0 0.0 0.0 0.0 0.0 0.0 0.0 0.0 0.8296922065100173
