what is your response to this statement made by the prime minister would you like say about of how comment on ministers do have want words will going at are views think in regards from where
what is your response to this statement made by the prime minister
0.2568638007777189 0.10890129323621885 0.31196909262394584 0.4867806781340637 0.08998952580926338 0.14279174027900166 0.4257682332704625 0.32557389036475615 0.20795493845012067 0.03554004931912944 0.3484148248333947 0.3050578255180185 0.0 0.0 0.0 0.0 0.0 0.0 0.0 0.0 0.0 0.0 0.0 0.0 0.0 0.0 0.0 0.0 0.0 0.0 0.0 0.0 0.0 0.0 0.0 0.0
what would you like to say about this statement of the prime minister
0.23710504687174053 0.0 0.0 0.0 0.08306725459316619 0.13180776025753999 0.39301683071119614 0.0 0.0 0.0328061993715041 0.3216136844615951 0.2815918389397094 0.2660838498794437 0.2452158555223557 0.290479460890782 0.301036653388933 0.23969567350490256 0.06461090635367833 0.0 0.0 0.0 0.0 0.0 0.0 0.0 0.0 0.0 0.0 0.0 0.0 0.0 0.0 0.0 0.0 0.0 0.0
how would you like to comment on prime ministers statement
0.0 0.0 0.0 0.0 0.10798743097111604 0.0 0.510921879924555 0.0 0.0 0.0 0.4180977898000736 0.0 0.34590900484327686 0.3187806121790624 0.3776232991580166 0.0 0.0 0.0 0.39234433539715213 0.7022868086082641 0.18730077623758032 0.5000584958242754 0.0 0.0 0.0 0.0 0.0 0.0 0.0 0.0 0.0 0.0 0.0 0.0 0.0 0.0
what do you have to say about this statement of the prime minister
0.23710504687174053 0.0 0.0 0.0 0.08306725459316619 0.13180776025753999 0.39301683071119614 0.0 0.0 0.0328061993715041 0.3216136844615951 0.2815918389397094 0.0 0.2452158555223557 0.0 0.301036653388933 0.23969567350490256 0.06461090635367833 0.0 0.0 0.0 0.0 0.2490643888766299 0.17599769446064842 0.0 0.0 0.0 0.0 0.0 0.0 0.0 0.0 0.0 0.0 0.0 0.0
a3dd3acpmvdvca
what do you have to say about this statement of the prime minister
0.23710504687174053 0.0 0.0 0.0 0.08306725459316619 0.13180776025753999 0.39301683071119614 0.0 0.0 0.0328061993715041 0.3216136844615951 0.2815918389397094 0.0 0.2452158555223557 0.0 0.301036653388933 0.23969567350490256 0.06461090635367833 0.0 0.0 0.0 0.0 0.2490643888766299 0.17599769446064842 0.0 0.0 0.0 0.0 0.0 0.0 0.0 0.0 0.0 0.0 0.0 0.0
ayowrg5s0py3f
what you want say about the words of the prime minister
0.28021505539387515 0.0 0.0 0.0 0.0 0.0 0.0 0.0 0.0 0.07754192578719152 0.3800888998182488 0.33279035511056565 0.0 0.28980055652642034 0.0 0.355770590368739 0.28327670505124847 0.07635834387252893 0.0 0.0 0.0 0.0 0.0 0.0 0.4204520739349337 0.5013349006685195 0.0 0.0 0.0 0.0 0.0 0.0 0.0 0.0 0.0 0.0
alzgu09bjzsiw
what will you going to do at prime ministers statement
0.3082365609332627 0.0 0.0 0.0 0.10798743097111604 0.0 0.510921879924555 0.0 0.0 0.0 0.4180977898000736 0.0 0.0 0.3187806121790624 0.0 0.0 0.0 0.0 0.0 0.0 0.0 0.5000584958242754 0.3237837055396189 0.0 0.0 0.0 0.2215513199801184 0.44550737764888737 0.30975998539044747 0.0 0.0 0.0 0.0 0.0 0.0 0.0
a1is07hajk7bzr
what are your views about this statement of the prime minister
0.28021505539387515 0.0 0.34032991922612277 0.0 0.0 0.15577280757709272 0.46447443629505 0.0 0.0 0.03877096289359576 0.3800888998182488 0.33279035511056565 0.0 0.0 0.0 0.0 0.28327670505124847 0.07635834387252893 0.0 0.0 0.0 0.0 0.0 0.0 0.0 0.0 0.0 0.0 0.0 0.19146695944116604 0.5721230237592565 0.0 0.0 0.0 0.0 0.0
ancf53mqwds6z
what do you think of the prime ministers statement
0.3424850677036252 0.0 0.0 0.0 0.0 0.0 0.56769097769395 0.0 0.0 0.04738673242550592 0.4645530997778596 0.0 0.0 0.35420068019895823 0.0 0.0 0.0 0.09332686473309092 0.0 0.0 0.0 0.5556205509158616 0.35975967282179877 0.0 0.0 0.0 0.0 0.0 0.0 0.0 0.0 0.4643133777623017 0.0 0.0 0.0 0.0
a27uwrw5ocdcw2
what do you have to say about this statement in regards to the prime minister
0.20549104062217513 0.0 0.0 0.0 0.1439832412948214 0.11423339222320132 0.34061458661637 0.0 0.0 0.028432039455303555 0.2787318598667158 0.24404626041441482 0.0 0.21252040811937492 0.0 0.26089843293707526 0.20773625037091556 0.0 0.0 0.0 0.0 0.0 0.21585580369307925 0.15253133519922862 0.0 0.0 0.0 0.0 0.0 0.0 0.0 0.0 0.06865538016377874 0.40760082217973365 0.0 0.0
a2qxd8jqk5bvez
what do you have to say about this statement from the prime minister
0.23710504687174053 0.0 0.0 0.0 0.08306725459316619 0.13180776025753999 0.39301683071119614 0.0 0.0 0.0328061993715041 0.3216136844615951 0.2815918389397094 0.0 0.2452158555223557 0.0 0.301036653388933 0.23969567350490256 0.0 0.0 0.0 0.0 0.0 0.2490643888766299 0.17599769446064842 0.0 0.0 0.0 0.0 0.0 0.0 0.0 0.0 0.0 0.0 0.185607279956003 0.0
a230hf2okthmdz
what you want say about the words of the prime minister
0.28021505539387515 0.0 0.0 0.0 0.0 0.0 0.0 0.0 0.0 0.07754192578719152 0.3800888998182488 0.33279035511056565 0.0 0.28980055652642034 0.0 0.355770590368739 0.28327670505124847 0.07635834387252893 0.0 0.0 0.0 0.0 0.0 0.0 0.4204520739349337 0.5013349006685195 0.0 0.0 0.0 0.0 0.0 0.0 0.0 0.0 0.0 0.0
a330jjzgjl7ig2
what do you want say about about the words of the prime minister
0.23710504687174053 0.0 0.0 0.0 0.0 0.0 0.0 0.0 0.0 0.0656123987430082 0.3216136844615951 0.2815918389397094 0.0 0.2452158555223557 0.0 0.301036653388933 0.4793913470098051 0.06461090635367833 0.0 0.0 0.0 0.0 0.2490643888766299 0.0 0.35576713948340544 0.4242064544118242 0.0 0.0 0.0 0.0 0.0 0.0 0.0 0.0 0.0 0.0
a3qu3km3iywhif
what do you want say about the words of the prime minister
0.2568638007777189 0.0 0.0 0.0 0.0 0.0 0.0 0.0 0.0 0.07108009863825888 0.3484148248333947 0.3050578255180185 0.0 0.26565051014921864 0.0 0.3261230411713441 0.25967031296364446 0.06999514854981818 0.0 0.0 0.0 0.0 0.26981975461634905 0.0 0.3854144011070226 0.4595569922794762 0.0 0.0 0.0 0.0 0.0 0.0 0.0 0.0 0.0 0.0
avktegthhn2vp
where are you going to do the prime ministers statement
0.0 0.0 0.0 0.0 0.10798743097111604 0.0 0.510921879924555 0.0 0.0 0.042648059182955333 0.4180977898000736 0.0 0.0 0.3187806121790624 0.0 0.0 0.0 0.0 0.0 0.0 0.0 0.5000584958242754 0.3237837055396189 0.0 0.0 0.0 0.0 0.44550737764888737 0.0 0.21061365538528265 0.0 0.0 0.0 0.0 0.0 0.45256913437028273
aw4q48bn2x4nt
what are you going to do at prime ministers statement
0.3082365609332627 0.0 0.0 0.0 0.10798743097111604 0.0 0.510921879924555 0.0 0.0 0.0 0.4180977898000736 0.0 0.0 0.3187806121790624 0.0 0.0 0.0 0.0 0.0 0.0 0.0 0.5000584958242754 0.3237837055396189 0.0 0.0 0.0 0.0 0.44550737764888737 0.30975998539044747 0.21061365538528265 0.0 0.0 0.0 0.0 0.0 0.0
a330jjzgjl7ig2
what are you going to do about the prime ministers statement
0.28021505539387515 0.0 0.0 0.0 0.09817039179192368 0.0 0.46447443629505 0.0 0.0 0.03877096289359576 0.3800888998182488 0.0 0.0 0.28980055652642034 0.0 0.0 0.28327670505124847 0.0 0.0 0.0 0.0 0.45459863256752314 0.29434882321783534 0.0 0.0 0.0 0.0 0.40500670695353397 0.0 0.19146695944116604 0.0 0.0 0.0 0.0 0.0 0.0
ao86wz7i0vqzc
what are your views about this statement of the prime minister
0.28021505539387515 0.0 0.34032991922612277 0.0 0.0 0.15577280757709272 0.46447443629505 0.0 0.0 0.03877096289359576 0.3800888998182488 0.33279035511056565 0.0 0.0 0.0 0.0 0.28327670505124847 0.07635834387252893 0.0 0.0 0.0 0.0 0.0 0.0 0.0 0.0 0.0 0.0 0.0 0.19146695944116604 0.5721230237592565 0.0 0.0 0.0 0.0 0.0
