they emphasized the bill proposed by their own party in which more consideration has been given to tax reduction insisted on there is emphasis relief behalf of stressed focuses exemptions promoted cuts he from his cut advise much attention relaxation taxes upon passed importance was rebate focused partys standpoint have heavily advised instead brings puts reduced features reductions benefit that placed rebates are
they emphasized the bill proposed by their own party in which more consideration has been given to tax reduction
0.1359846714770626 0.3971640120972205 0.022446346938397543 0.28690371061217834 0.33412700202814993 0.13133996112639199 0.15669584735388473 0.22321382677568086 0.2044293912262904 0.054201615918772685 0.15871236320264057 0.19061424760107823 0.42744633551319744 0.10804197989111702 0.15498437330193737 0.23171067839365977 0.05683548998479792 0.3640793458118324 0.3696246361096127 0.0 0.0 0.0 0.0 0.0 0.0 0.0 0.0 0.0 0.0 0.0 0.0 0.0 0.0 0.0 0.0 0.0 0.0 0.0 0.0 0.0 0.0 0.0 0.0 0.0 0.0 0.0 0.0 0.0 0.0 0.0 0.0 0.0 0.0 0.0 0.0 0.0 0.0 0.0 0.0 0.0 0.0 0.0 0.0
they insisted on the bill proposed by their party in which there is more emphasis on tax relief
0.14353937544801054 0.0 0.02369336621275296 0.30284280564618826 0.35268961325193604 0.13863662563341378 0.16540117220687833 0.0 0.21578657962775097 0.05721281680314895 0.16752971671389838 0.20120392802336035 0.0 0.0 0.0 0.0 0.0 0.38430597613471196 0.0 0.3773524681928227 0.20811197359731148 0.15911027792905388 0.07260086215747924 0.43521101679438723 0.3861893956722498 0.0 0.0 0.0 0.0 0.0 0.0 0.0 0.0 0.0 0.0 0.0 0.0 0.0 0.0 0.0 0.0 0.0 0.0 0.0 0.0 0.0 0.0 0.0 0.0 0.0 0.0 0.0 0.0 0.0 0.0 0.0 0.0 0.0 0.0 0.0 0.0 0.0 0.0
on behalf of their party they stressed on their own bill which focuses more on tax exemptions
0.15198286812142292 0.0 0.0 0.3206570883312581 0.0 0.0 0.35026130584986 0.2494742769845845 0.22847990784114808 0.0 0.177384405932363 0.21303945320120507 0.0 0.0 0.0 0.0 0.0 0.4069122100249891 0.0 0.0 0.33053078159573 0.0 0.0 0.0 0.0 0.36813305538473834 0.04940834015281284 0.3885372285519213 0.4925173413548034 0.60698264424041 0.0 0.0 0.0 0.0 0.0 0.0 0.0 0.0 0.0 0.0 0.0 0.0 0.0 0.0 0.0 0.0 0.0 0.0 0.0 0.0 0.0 0.0 0.0 0.0 0.0 0.0 0.0 0.0 0.0 0.0 0.0 0.0 0.0
they promoted their own bill which focuses more on tax cuts
0.2348826143694718 0.0 0.0 0.49556095469376255 0.0 0.0 0.27065646361125545 0.3855511553398124 0.0 0.0 0.2741395364409246 0.3292427913109533 0.0 0.0 0.0 0.0 0.0 0.6288643245840742 0.0 0.0 0.17027343294325484 0.0 0.0 0.0 0.0 0.0 0.0 0.0 0.7611631639119689 0.0 0.7121634820271792 0.680499237093705 0.0 0.0 0.0 0.0 0.0 0.0 0.0 0.0 0.0 0.0 0.0 0.0 0.0 0.0 0.0 0.0 0.0 0.0 0.0 0.0 0.0 0.0 0.0 0.0 0.0 0.0 0.0 0.0 0.0 0.0 0.0
alzgu09bjzsiw
he focuses on the bill from his party in which tax cut has been advise much
0.0 0.0 0.026655036989347083 0.34069815635196177 0.0 0.0 0.0 0.0 0.24275990208121984 0.06436441890354257 0.18847093130313566 0.0 0.0 0.12829985112070147 0.18404394329605064 0.0 0.0 0.43234422315155097 0.0 0.0 0.1170629851484877 0.0 0.0 0.0 0.0 0.0 0.0 0.0 0.5232996751894786 0.0 0.0 0.0 0.14843264122677158 0.15080591496425244 0.16690262007406567 0.4016802908735215 0.514953963150446 0.3039614897955793 0.0 0.0 0.0 0.0 0.0 0.0 0.0 0.0 0.0 0.0 0.0 0.0 0.0 0.0 0.0 0.0 0.0 0.0 0.0 0.0 0.0 0.0 0.0 0.0 0.0
a1wyssw33m2fz2
they insisted on the bill proposed by their party in which attention has been given to relaxation in taxes
0.1359846714770626 0.0 0.022446346938397543 0.28690371061217834 0.33412700202814993 0.13133996112639199 0.15669584735388473 0.0 0.2044293912262904 0.10840323183754537 0.15871236320264057 0.0 0.0 0.10804197989111702 0.15498437330193737 0.23171067839365977 0.05683548998479792 0.0 0.0 0.35749181197214785 0.09857935591451596 0.0 0.0 0.0 0.0 0.0 0.0 0.0 0.0 0.0 0.0 0.0 0.0 0.0 0.0 0.0 0.0 0.0 0.28854858132292066 0.3393423126936358 0.3658636380052893 0.0 0.0 0.0 0.0 0.0 0.0 0.0 0.0 0.0 0.0 0.0 0.0 0.0 0.0 0.0 0.0 0.0 0.0 0.0 0.0 0.0 0.0
a3dd3acpmvdvca
they stressed upon the bill passed by their party in which more importance was given to tax cuts
0.14353937544801054 0.0 0.02369336621275296 0.30284280564618826 0.0 0.13863662563341378 0.16540117220687833 0.0 0.21578657962775097 0.05721281680314895 0.16752971671389838 0.20120392802336035 0.0 0.0 0.0 0.2445834938599742 0.059993017206175586 0.38430597613471196 0.0 0.0 0.0 0.0 0.0 0.0 0.0 0.0 0.0 0.3669518269657035 0.0 0.0 0.0 0.4158606448905975 0.0 0.0 0.0 0.0 0.0 0.0 0.0 0.0 0.0 0.2906171453808104 0.2967761783147998 0.3356688240594953 0.12210105172189624 0.0 0.0 0.0 0.0 0.0 0.0 0.0 0.0 0.0 0.0 0.0 0.0 0.0 0.0 0.0 0.0 0.0 0.0
a8v7wa74iohz9
they insisted on the bill proposed by their party in which rebate on taxes is focused more
0.15198286812142292 0.0 0.02508709363703255 0.3206570883312581 0.3734360610902852 0.14679172125890871 0.17513065292493 0.0 0.22847990784114808 0.06057827661509889 0.177384405932363 0.21303945320120507 0.0 0.0 0.0 0.0 0.0 0.0 0.0 0.3995496722041652 0.22035385439715333 0.0 0.07687150110791918 0.0 0.0 0.0 0.0 0.0 0.0 0.0 0.0 0.0 0.0 0.0 0.0 0.0 0.0 0.0 0.0 0.0 0.40890641894708807 0.0 0.0 0.0 0.0 0.5662092806780603 0.4438891899910112 0.0 0.0 0.0 0.0 0.0 0.0 0.0 0.0 0.0 0.0 0.0 0.0 0.0 0.0 0.0 0.0
a1wdewmcsp3t61
he focuses on the bill from his partys standpoint in which tax cuts have been heavily advised
0.0 0.0 0.02508709363703255 0.3206570883312581 0.0 0.0 0.0 0.0 0.0 0.06057827661509889 0.177384405932363 0.0 0.0 0.0 0.17321782898451826 0.0 0.0 0.4069122100249891 0.0 0.0 0.11017692719857666 0.0 0.0 0.0 0.0 0.0 0.0 0.0 0.4925173413548034 0.0 0.0 0.44032303576651494 0.13970130938990266 0.14193497878988465 0.15708481889323828 0.0 0.0 0.0 0.0 0.0 0.0 0.0 0.0 0.0 0.0 0.0 0.0 0.4251566175722738 0.5662092806780603 0.1345864722346135 0.5015850284034656 0.41097061423010395 0.0 0.0 0.0 0.0 0.0 0.0 0.0 0.0 0.0 0.0 0.0
al2rcq9eyun61
he instead brings attention to his own bill which puts emphasis on tax cuts
0.0 0.0 0.0 0.3893693215450992 0.0 0.0 0.0 0.3029330506241383 0.0 0.0 0.21539535006072646 0.0 0.0 0.0 0.0 0.0 0.07713387926508289 0.49410768360177254 0.0 0.0 0.1337862687411288 0.0 0.0 0.5595570215927836 0.0 0.0 0.0 0.0 0.0 0.0 0.0 0.5346779720021967 0.1696373042591675 0.0 0.1907458515132179 0.0 0.0 0.0 0.3916016460811066 0.0 0.0 0.0 0.0 0.0 0.0 0.0 0.0 0.0 0.0 0.0 0.0 0.0 0.37409289907875054 0.5485462587479794 0.5801057410536251 0.0 0.0 0.0 0.0 0.0 0.0 0.0 0.0
aw4q48bn2x4nt
he focuses on the bill from his party in which tax cuts have been advised
0.0 0.0 0.028432039455303555 0.3634113667754259 0.0 0.0 0.0 0.0 0.25894389555330116 0.06865538016377874 0.20103566005667803 0.0 0.0 0.0 0.19631353951578737 0.0 0.0 0.46116717136165436 0.0 0.0 0.12486718415838688 0.0 0.0 0.0 0.0 0.0 0.0 0.0 0.5581863202021106 0.0 0.0 0.499032773868717 0.15832815064188968 0.16085964262853594 0.17802946141233672 0.0 0.0 0.0 0.0 0.0 0.0 0.0 0.0 0.0 0.0 0.0 0.0 0.0 0.0 0.15253133519922862 0.0 0.46576669612745114 0.0 0.0 0.0 0.0 0.0 0.0 0.0 0.0 0.0 0.0 0.0
a1gs7jkyim7v5u
they insisted on the bill proposed by their party which attention has been given to relaxation in taxes
0.14353937544801054 0.0 0.02369336621275296 0.30284280564618826 0.35268961325193604 0.13863662563341378 0.16540117220687833 0.0 0.21578657962775097 0.05721281680314895 0.16752971671389838 0.0 0.0 0.1140443121072902 0.16359461626315613 0.2445834938599742 0.059993017206175586 0.0 0.0 0.3773524681928227 0.10405598679865574 0.0 0.0 0.0 0.0 0.0 0.0 0.0 0.0 0.0 0.0 0.0 0.0 0.0 0.0 0.0 0.0 0.0 0.30457905806308294 0.35819466339883776 0.3861893956722498 0.0 0.0 0.0 0.0 0.0 0.0 0.0 0.0 0.0 0.0 0.0 0.0 0.0 0.0 0.0 0.0 0.0 0.0 0.0 0.0 0.0 0.0
a3andctf0w1pqd
they insisted on the bill proposed by their party in which attention has been given to reduced taxes
0.14353937544801054 0.0 0.02369336621275296 0.30284280564618826 0.35268961325193604 0.13863662563341378 0.16540117220687833 0.0 0.21578657962775097 0.05721281680314895 0.16752971671389838 0.0 0.0 0.1140443121072902 0.16359461626315613 0.2445834938599742 0.059993017206175586 0.0 0.0 0.3773524681928227 0.10405598679865574 0.0 0.0 0.0 0.0 0.0 0.0 0.0 0.0 0.0 0.0 0.0 0.0 0.0 0.0 0.0 0.0 0.0 0.30457905806308294 0.0 0.3861893956722498 0.0 0.0 0.0 0.0 0.0 0.0 0.0 0.0 0.0 0.0 0.0 0.0 0.0 0.0 0.36302862878715053 0.0 0.0 0.0 0.0 0.0 0.0 0.0
a1dndzlo2d5d48
they insisted on their own partys bill which features tax reductions
0.2348826143694718 0.0 0.0 0.49556095469376255 0.0 0.0 0.27065646361125545 0.3855511553398124 0.0 0.0 0.2741395364409246 0.0 0.0 0.0 0.0 0.0 0.0 0.6288643245840742 0.0 0.6174858570428008 0.17027343294325484 0.0 0.0 0.0 0.0 0.0 0.0 0.0 0.0 0.0 0.0 0.0 0.0 0.0 0.0 0.0 0.0 0.0 0.0 0.0 0.0 0.0 0.0 0.0 0.0 0.0 0.0 0.6570602271571504 0.0 0.0 0.0 0.0 0.0 0.0 0.0 0.0 0.8381902421289873 0.8750507065024569 0.0 0.0 0.0 0.0 0.0
al2f9ej3llu44
they instead stressed the bill passed by their own party in which more importance was given to tax cuts
0.1359846714770626 0.0 0.022446346938397543 0.28690371061217834 0.0 0.13133996112639199 0.15669584735388473 0.22321382677568086 0.2044293912262904 0.054201615918772685 0.15871236320264057 0.19061424760107823 0.0 0.0 0.0 0.23171067839365977 0.05683548998479792 0.3640793458118324 0.0 0.0 0.0 0.0 0.0 0.0 0.0 0.0 0.0 0.347638572914877 0.0 0.0 0.0 0.3939732425279344 0.0 0.0 0.0 0.0 0.0 0.0 0.0 0.0 0.0 0.0 0.2811563794561261 0.31800204384583763 0.11567468057863854 0.0 0.0 0.0 0.0 0.0 0.0 0.0 0.2756473993211846 0.0 0.0 0.0 0.0 0.0 0.0 0.0 0.0 0.0 0.0
a330jjzgjl7ig2
they stressed the benefit of the bill passed by their party in which more importance was given to tax cuts
0.1291854379032095 0.0 0.042648059182955333 0.2725585250815694 0.0 0.12477296307007239 0.14886105498619048 0.0 0.19420792166497586 0.05149153512283405 0.15077674504250854 0.18108353522102433 0.0 0.0 0.0 0.22012514447397677 0.05399371548555802 0.3458753785212408 0.0 0.0 0.0 0.0 0.0 0.0 0.0 0.0 0.04199708912989091 0.33025664426913315 0.0 0.0 0.0 0.3742745804015377 0.0 0.0 0.0 0.0 0.0 0.0 0.0 0.0 0.0 0.0 0.2670985604833198 0.30210194165354576 0.10989094654970662 0.0 0.0 0.0 0.0 0.0 0.0 0.0 0.0 0.0 0.0 0.0 0.0 0.0 0.31934396596813225 0.0 0.0 0.0 0.0
a6tw9zegog7ph
they emphasized that the bill passed by their party placed more importance on tax cuts
0.17224725053761264 0.503074415323146 0.028432039455303555 0.3634113667754259 0.0 0.16636395076009652 0.19848140664825398 0.0 0.25894389555330116 0.0 0.0 0.2414447136280324 0.0 0.0 0.0 0.0 0.0 0.46116717136165436 0.0 0.0 0.12486718415838688 0.0 0.0 0.0 0.0 0.0 0.0 0.0 0.0 0.0 0.0 0.499032773868717 0.0 0.0 0.0 0.0 0.0 0.0 0.0 0.0 0.0 0.0 0.35613141397775977 0.40280258887139436 0.0 0.0 0.0 0.0 0.0 0.0 0.0 0.0 0.0 0.0 0.0 0.0 0.0 0.0 0.0 0.08053829495065332 0.42983359607860533 0.0 0.0
a477wg206bmm6
they insisted on the bill proposed by their party in which tax rebates are more focused upon
0.15198286812142292 0.0 0.02508709363703255 0.3206570883312581 0.3734360610902852 0.14679172125890871 0.17513065292493 0.0 0.22847990784114808 0.06057827661509889 0.177384405932363 0.21303945320120507 0.0 0.0 0.0 0.0 0.0 0.4069122100249891 0.0 0.3995496722041652 0.11017692719857666 0.0 0.0 0.0 0.0 0.0 0.0 0.0 0.0 0.0 0.0 0.0 0.0 0.0 0.0 0.0 0.0 0.0 0.0 0.0 0.0 0.30771227157968156 0.0 0.0 0.0 0.0 0.4438891899910112 0.0 0.0 0.0 0.0 0.0 0.0 0.0 0.0 0.0 0.0 0.0 0.0 0.0 0.0 0.5662092806780603 0.1238903855207545
