kashmir two hizb commanders killed commander dead are the of persons were in found died said people
kashmir two hizb commanders killed
0.8746568686960791 0.7397263491113228 1.3705938098574488 1.281336389331765 0.7365516792800648 0.0 0.0 0.0 0.0 0.0 0.0 0.0 0.0 0.0 0.0 0.0 0.0
kashmir two hizb commanders killed
0.8746568686960791 0.7397263491113228 1.3705938098574488 1.281336389331765 0.7365516792800648 0.0 0.0 0.0 0.0 0.0 0.0 0.0 0.0 0.0 0.0 0.0 0.0
kashmir two hizb commanders killed
0.8746568686960791 0.7397263491113228 1.3705938098574488 1.281336389331765 0.7365516792800648 0.0 0.0 0.0 0.0 0.0 0.0 0.0 0.0 0.0 0.0 0.0 0.0
kashmir two hizb commanders killed
0.8746568686960791 0.7397263491113228 1.3705938098574488 1.281336389331765 0.7365516792800648 0.0 0.0 0.0 0.0 0.0 0.0 0.0 0.0 0.0 0.0 0.0 0.0
a143bvgouf83je
kashmir two hizb commanders killed
0.8746568686960791 0.7397263491113228 1.3705938098574488 1.281336389331765 0.7365516792800648 0.0 0.0 0.0 0.0 0.0 0.0 0.0 0.0 0.0 0.0 0.0 0.0
a3dd3acpmvdvca
two hizb commander dead
0.0 0.9246579363891536 1.713242262321811 0.0 0.0 1.4873142749049872 1.1360383516356405 0.0 0.0 0.0 0.0 0.0 0.0 0.0 0.0 0.0 0.0
alzgu09bjzsiw
kashmir two hizb commander are killed
0.7288807239133992 0.6164386242594357 1.1421615082145407 0.0 0.6137930660667207 0.9915428499366582 0.0 0.3510227589754711 0.0 0.0 0.0 0.0 0.0 0.0 0.0 0.0 0.0
a1aczgd5azz3r7
the commander of kashmir two persons were killed
0.5466605429350494 0.4623289681945768 0.0 0.0 0.46034479955004054 0.7436571374524936 0.0 0.0 0.05331007397869417 0.10499272282472728 0.7080930752411809 0.36895348652574483 0.0 0.0 0.0 0.0 0.0
a3m6cl5oao31z
in kashmir two hizb commanders were killed
0.624754906211485 0.528375963650945 0.9789955784696064 0.9152402780941179 0.5261083423429035 0.0 0.0 0.0 0.0 0.0 0.0 0.4216611274579941 0.14711867177952587 0.0 0.0 0.0 0.0
ajh0yow6plss8
kashmir two hizb commanders killed
0.8746568686960791 0.7397263491113228 1.3705938098574488 1.281336389331765 0.7365516792800648 0.0 0.0 0.0 0.0 0.0 0.0 0.0 0.0 0.0 0.0 0.0 0.0
a3andctf0w1pqd
kashmir two hizb commanders killed
0.8746568686960791 0.7397263491113228 1.3705938098574488 1.281336389331765 0.7365516792800648 0.0 0.0 0.0 0.0 0.0 0.0 0.0 0.0 0.0 0.0 0.0 0.0
a2bk4fasw056jr
two hizb commanders found dead
0.0 0.7397263491113228 1.3705938098574488 1.281336389331765 0.0 0.0 0.9088306813085124 0.0 0.0 0.0 0.0 0.0 0.0 0.9229844954861539 0.0 0.0 0.0
a1dndzlo2d5d48
two hizb commanders dead
0.0 0.9246579363891536 1.713242262321811 1.6016704866647062 0.0 0.0 1.1360383516356405 0.0 0.0 0.0 0.0 0.0 0.0 0.0 0.0 0.0 0.0
a3c1u2evw0nuff
two hizb commanders died
0.0 0.9246579363891536 1.713242262321811 1.6016704866647062 0.0 0.0 0.0 0.0 0.0 0.0 0.0 0.0 0.0 0.0 1.3746058466204836 0.0 0.0
a291u81kgj6l9n
kashmir two hizb commanders killed
0.8746568686960791 0.7397263491113228 1.3705938098574488 1.281336389331765 0.7365516792800648 0.0 0.0 0.0 0.0 0.0 0.0 0.0 0.0 0.0 0.0 0.0 0.0
a1fnqhv04k4cvd
kashmir two hizb commanders killed
0.8746568686960791 0.7397263491113228 1.3705938098574488 1.281336389331765 0.7365516792800648 0.0 0.0 0.0 0.0 0.0 0.0 0.0 0.0 0.0 0.0 0.0 0.0
a230hf2okthmdz
kashmir two hizb commanders are killed
0.7288807239133992 0.6164386242594357 1.1421615082145407 1.0677803244431374 0.6137930660667207 0.0 0.0 0.3510227589754711 0.0 0.0 0.0 0.0 0.0 0.0 0.0 0.0 0.0
aonmraht4motn
the commander of kashmir said two people were killed
0.4859204826089328 0.41095908283962385 0.0 0.0 0.4091953773778138 0.6610285666244388 0.0 0.0 0.04738673242550592 0.09332686473309092 0.0 0.327958654689551 0.0 0.0 0.0 0.24600016485731802 0.30076250583406156
