the image of cypress trees did not appear green in water despite barely a bud didnt turn reflection tree wont become no matter how long stands at edge stream though wheat plant its shadow cant be pine never got to living made look like remain for is always clear has became remained
the image of cypress trees did not appear green in the water
0.07108009863825888 0.5685164492183742 0.06999514854981818 0.7257722533044059 0.7105787902382429 0.33636985043258033 0.1783856240197803 0.6190277661825672 0.5274767421268913 0.08581922520472342 0.5792840935083747 0.0 0.0 0.0 0.0 0.0 0.0 0.0 0.0 0.0 0.0 0.0 0.0 0.0 0.0 0.0 0.0 0.0 0.0 0.0 0.0 0.0 0.0 0.0 0.0 0.0 0.0 0.0 0.0 0.0 0.0 0.0 0.0 0.0 0.0 0.0 0.0 0.0 0.0 0.0 0.0 0.0
despite in water barely a bud didnt turn green
0.0 0.0 0.0 0.0 0.0 0.0 0.0 0.0 0.7033023228358551 0.1144256336062979 0.7723787913444996 0.5617794181313428 1.0244547403798734 0.1575425941301937 1.1465227724541078 0.7074956926117271 0.7286116484881565 0.0 0.0 0.0 0.0 0.0 0.0 0.0 0.0 0.0 0.0 0.0 0.0 0.0 0.0 0.0 0.0 0.0 0.0 0.0 0.0 0.0 0.0 0.0 0.0 0.0 0.0 0.0 0.0 0.0 0.0 0.0 0.0 0.0 0.0 0.0
the reflection of the tree wont become green no matter how long the tree stands at the edge of the stream
0.10154299805465554 0.0 0.0799944554855065 0.0 0.0 0.0 0.0 0.0 0.3014152812153665 0.0 0.0 0.0 0.0 0.0 0.0 0.0 0.0 0.3441744047013645 0.9167197877644787 0.3169115859979678 0.20066246284152311 0.15849754531395666 0.23324618822927073 0.18683063590340576 0.22806075545597843 0.3593388680879614 0.14750475494783213 0.491366902480332 0.491366902480332 0.0 0.0 0.0 0.0 0.0 0.0 0.0 0.0 0.0 0.0 0.0 0.0 0.0 0.0 0.0 0.0 0.0 0.0 0.0 0.0 0.0 0.0 0.0
though the wheat plant stands in water its shadow cant be green
0.03554004931912944 0.0 0.0 0.0 0.0 0.0 0.0 0.0 0.5274767421268913 0.08581922520472342 0.5792840935083747 0.0 0.0 0.0 0.0 0.0 0.0 0.0 0.0 0.0 0.0 0.0 0.0 0.0 0.0 0.6288430191539325 0.0 0.0 0.0 0.4659430944478859 0.7257722533044059 0.5290344198779041 0.2761519135311759 0.859892079340581 0.4637595634150505 0.17890191216326254 0.0 0.0 0.0 0.0 0.0 0.0 0.0 0.0 0.0 0.0 0.0 0.0 0.0 0.0 0.0 0.0
a2qlm59qc9g1uf
the reflection of the pine in water never got to be green
0.07108009863825888 0.0 0.06999514854981818 0.0 0.0 0.0 0.0 0.0 0.5274767421268913 0.08581922520472342 0.5792840935083747 0.0 0.0 0.0 0.0 0.0 0.0 0.6023052082273879 0.0 0.0 0.0 0.0 0.0 0.0 0.0 0.0 0.0 0.0 0.0 0.0 0.0 0.0 0.0 0.0 0.0 0.17890191216326254 0.7443675492472567 0.3974690722659793 0.4085503791568792 0.08998952580926338 0.0 0.0 0.0 0.0 0.0 0.0 0.0 0.0 0.0 0.0 0.0 0.0
a143bvgouf83je
living green in the water made the reflection of the wheat plant look like a cypress
0.07996511096804125 0.0 0.05249636141236364 0.5443291899783044 0.0 0.0 0.0 0.0 0.3956075565951685 0.06436441890354257 0.43446307013128105 0.0 0.0 0.08861770919823396 0.0 0.0 0.0 0.4517289061705409 0.0 0.0 0.0 0.0 0.0 0.0 0.0 0.0 0.0 0.0 0.0 0.0 0.5443291899783044 0.39677581490842806 0.0 0.0 0.0 0.0 0.0 0.0 0.0 0.0 0.37850156719035344 0.2441804177735671 0.3616315911833572 0.2360145619737604 0.0 0.0 0.0 0.0 0.0 0.0 0.0 0.0
a2llfcd7di80k3
remain green in water
0.0 0.0 0.0 0.0 0.0 0.0 0.0 0.0 1.582430226380674 0.25745767561417027 1.7378522805251242 0.0 0.0 0.0 0.0 0.0 0.0 0.0 0.0 0.0 0.0 0.0 0.0 0.0 0.0 0.0 0.0 0.0 0.0 0.0 0.0 0.0 0.0 0.0 0.0 0.0 0.0 0.0 0.0 0.0 0.0 0.0 0.0 0.0 1.3686294664070948 0.0 0.0 0.0 0.0 0.0 0.0 0.0
a3u16uhguaktzs
for reflection in water is not always clear
0.0 0.0 0.0 0.0 0.0 0.0 0.26757843602967046 0.0 0.0 0.12872883780708513 0.8689261402625621 0.0 0.0 0.0 0.0 0.0 0.0 0.9034578123410818 0.0 0.0 0.0 0.0 0.0 0.0 0.0 0.0 0.0 0.0 0.0 0.0 0.0 0.0 0.0 0.0 0.0 0.0 0.0 0.0 0.0 0.0 0.0 0.0 0.0 0.0 0.0 0.24133871239280189 0.16335193985432828 0.6414148932807769 0.6106228685665914 0.0 0.0 0.0
au2ar4vob7vlv
the reflection of the pine in water never got to be green
0.07108009863825888 0.0 0.06999514854981818 0.0 0.0 0.0 0.0 0.0 0.5274767421268913 0.08581922520472342 0.5792840935083747 0.0 0.0 0.0 0.0 0.0 0.0 0.6023052082273879 0.0 0.0 0.0 0.0 0.0 0.0 0.0 0.0 0.0 0.0 0.0 0.0 0.0 0.0 0.0 0.0 0.0 0.17890191216326254 0.7443675492472567 0.3974690722659793 0.4085503791568792 0.08998952580926338 0.0 0.0 0.0 0.0 0.0 0.0 0.0 0.0 0.0 0.0 0.0 0.0
a2unp2crnrfiw8
the reflection of the pine in water has got to be green
0.07108009863825888 0.0 0.06999514854981818 0.0 0.0 0.0 0.0 0.0 0.5274767421268913 0.08581922520472342 0.5792840935083747 0.0 0.0 0.0 0.0 0.0 0.0 0.6023052082273879 0.0 0.0 0.0 0.0 0.0 0.0 0.0 0.0 0.0 0.0 0.0 0.0 0.0 0.0 0.0 0.0 0.0 0.17890191216326254 0.7443675492472567 0.0 0.4085503791568792 0.08998952580926338 0.0 0.0 0.0 0.0 0.0 0.0 0.0 0.0 0.0 0.1710664681609353 0.0 0.0
a3lhs82826iskx
the reflection of the pine in water never became green
0.08529611836591067 0.0 0.08399417825978182 0.0 0.0 0.0 0.0 0.0 0.6329720905522696 0.1029830702456681 0.6951409122100497 0.0 0.0 0.0 0.0 0.0 0.0 0.7227662498728654 0.0 0.0 0.0 0.0 0.0 0.0 0.0 0.0 0.0 0.0 0.0 0.0 0.0 0.0 0.0 0.0 0.0 0.0 0.893241059096708 0.47696288671917514 0.0 0.0 0.0 0.0 0.0 0.0 0.0 0.0 0.0 0.0 0.0 0.0 0.5391451266929767 0.0
a2nowscvbop9jc
living green in the water made the reflection of the wheat plant look like a cypress
0.07996511096804125 0.0 0.05249636141236364 0.5443291899783044 0.0 0.0 0.0 0.0 0.3956075565951685 0.06436441890354257 0.43446307013128105 0.0 0.0 0.08861770919823396 0.0 0.0 0.0 0.4517289061705409 0.0 0.0 0.0 0.0 0.0 0.0 0.0 0.0 0.0 0.0 0.0 0.0 0.5443291899783044 0.39677581490842806 0.0 0.0 0.0 0.0 0.0 0.0 0.0 0.0 0.37850156719035344 0.2441804177735671 0.3616315911833572 0.2360145619737604 0.0 0.0 0.0 0.0 0.0 0.0 0.0 0.0
a6tw9zegog7ph
living green in the water made the reflection of the wheat plant look like a cypress
0.07996511096804125 0.0 0.05249636141236364 0.5443291899783044 0.0 0.0 0.0 0.0 0.3956075565951685 0.06436441890354257 0.43446307013128105 0.0 0.0 0.08861770919823396 0.0 0.0 0.0 0.4517289061705409 0.0 0.0 0.0 0.0 0.0 0.0 0.0 0.0 0.0 0.0 0.0 0.0 0.5443291899783044 0.39677581490842806 0.0 0.0 0.0 0.0 0.0 0.0 0.0 0.0 0.37850156719035344 0.2441804177735671 0.3616315911833572 0.2360145619737604 0.0 0.0 0.0 0.0 0.0 0.0 0.0 0.0
a3fk32fvhmy8mz
living green in the water made the reflection of the wheat plant look like a cypress
0.07996511096804125 0.0 0.05249636141236364 0.5443291899783044 0.0 0.0 0.0 0.0 0.3956075565951685 0.06436441890354257 0.43446307013128105 0.0 0.0 0.08861770919823396 0.0 0.0 0.0 0.4517289061705409 0.0 0.0 0.0 0.0 0.0 0.0 0.0 0.0 0.0 0.0 0.0 0.0 0.5443291899783044 0.39677581490842806 0.0 0.0 0.0 0.0 0.0 0.0 0.0 0.0 0.37850156719035344 0.2441804177735671 0.3616315911833572 0.2360145619737604 0.0 0.0 0.0 0.0 0.0 0.0 0.0 0.0
a230hf2okthmdz
remained green in water
0.0 0.0 0.0 0.0 0.0 0.0 0.0 0.0 1.582430226380674 0.25745767561417027 1.7378522805251242 0.0 0.0 0.0 0.0 0.0 0.0 0.0 0.0 0.0 0.0 0.0 0.0 0.0 0.0 0.0 0.0 0.0 0.0 0.0 0.0 0.0 0.0 0.0 0.0 0.0 0.0 0.0 0.0 0.0 0.0 0.0 0.0 0.0 0.0 0.0 0.0 0.0 0.0 0.0 0.0 1.6908392226493891
a2bk4fasw056jr
remain green in water
0.0 0.0 0.0 0.0 0.0 0.0 0.0 0.0 1.582430226380674 0.25745767561417027 1.7378522805251242 0.0 0.0 0.0 0.0 0.0 0.0 0.0 0.0 0.0 0.0 0.0 0.0 0.0 0.0 0.0 0.0 0.0 0.0 0.0 0.0 0.0 0.0 0.0 0.0 0.0 0.0 0.0 0.0 0.0 0.0 0.0 0.0 0.0 1.3686294664070948 0.0 0.0 0.0 0.0 0.0 0.0 0.0
attzel5iaoiw5
remain green in water
0.0 0.0 0.0 0.0 0.0 0.0 0.0 0.0 1.582430226380674 0.25745767561417027 1.7378522805251242 0.0 0.0 0.0 0.0 0.0 0.0 0.0 0.0 0.0 0.0 0.0 0.0 0.0 0.0 0.0 0.0 0.0 0.0 0.0 0.0 0.0 0.0 0.0 0.0 0.0 0.0 0.0 0.0 0.0 0.0 0.0 0.0 0.0 1.3686294664070948 0.0 0.0 0.0 0.0 0.0 0.0 0.0
a3mq8jwi317m6m
for reflection in water is not always clear
0.0 0.0 0.0 0.0 0.0 0.0 0.26757843602967046 0.0 0.0 0.12872883780708513 0.8689261402625621 0.0 0.0 0.0 0.0 0.0 0.0 0.9034578123410818 0.0 0.0 0.0 0.0 0.0 0.0 0.0 0.0 0.0 0.0 0.0 0.0 0.0 0.0 0.0 0.0 0.0 0.0 0.0 0.0 0.0 0.0 0.0 0.0 0.0 0.0 0.0 0.24133871239280189 0.16335193985432828 0.6414148932807769 0.6106228685665914 0.0 0.0 0.0
