basim it might take time for dot net to be repaired basam dotnet may rectification some in getting back order could repair a get right bossomit the fixed cork network become basamnet long basimnet bossom website
basim it might take time for dot net to be repaired
0.7917515490593519 0.18410503972969322 0.5331234232575875 0.35094242443110735 0.34608723840384026 0.17551906355840138 0.7611631639119689 0.7287381690084477 0.09817039179192368 0.19516572235992277 0.938064086553361 0.0 0.0 0.0 0.0 0.0 0.0 0.0 0.0 0.0 0.0 0.0 0.0 0.0 0.0 0.0 0.0 0.0 0.0 0.0 0.0 0.0 0.0 0.0 0.0 0.0
basam dotnet may take time for rectification
0.0 0.0 0.0 0.5514809526774543 0.5438513746346062 0.2758156713060593 0.0 0.0 0.0 0.0 0.0 1.375079681646718 1.375079681646718 0.6368455326601579 1.474100707440996 0.0 0.0 0.0 0.0 0.0 0.0 0.0 0.0 0.0 0.0 0.0 0.0 0.0 0.0 0.0 0.0 0.0 0.0 0.0 0.0 0.0
basim dotnet might take some time in getting back in order
0.7917515490593519 0.0 0.5331234232575875 0.35094242443110735 0.34608723840384026 0.0 0.0 0.0 0.0 0.0 0.0 0.0 0.8750507065024569 0.0 0.0 0.3615075939423472 0.18724194590121473 0.461541630638848 0.44814847475186087 0.4494024131275278 0.0 0.0 0.0 0.0 0.0 0.0 0.0 0.0 0.0 0.0 0.0 0.0 0.0 0.0 0.0 0.0
basim it could take time to repair dot net
0.9676963377392078 0.22501727078073616 0.0 0.4289296298602423 0.4229955136046937 0.0 0.9303105336701842 0.8906799843436582 0.11998603441235117 0.0 0.0 0.0 0.0 0.0 0.0 0.0 0.0 0.0 0.0 0.0 0.47915019916502644 0.8704220335887745 0.0 0.0 0.0 0.0 0.0 0.0 0.0 0.0 0.0 0.0 0.0 0.0 0.0 0.0
a1sanjgoj47idf
basam dot net could take a time to get right
0.0 0.0 0.0 0.38603666687421806 0.3806959622442243 0.0 0.8372794803031658 0.8016119859092925 0.10798743097111604 0.0 0.0 0.9625557771527026 0.0 0.0 0.0 0.0 0.0 0.0 0.0 0.0 0.4312351792485238 0.0 0.14178833471717434 0.43499973921016044 0.47389751261007484 0.0 0.0 0.0 0.0 0.0 0.0 0.0 0.0 0.0 0.0 0.0
a143bvgouf83je
basim net might take some to repair
1.2441810056646958 0.0 0.8377653794047805 0.5514809526774543 0.0 0.0 0.0 1.1451599798704177 0.15426775853016578 0.0 0.0 0.0 0.0 0.0 0.0 0.5680833619094028 0.0 0.0 0.0 0.0 0.0 1.1191140431855673 0.0 0.0 0.0 0.0 0.0 0.0 0.0 0.0 0.0 0.0 0.0 0.0 0.0 0.0
a1wyssw33m2fz2
bossomit may take some time for the dot net to get fixed
0.0 0.0 0.0 0.3216972223951817 0.31724663520352026 0.1608924749285346 0.6977329002526381 0.6680099882577437 0.08998952580926338 0.0 0.0 0.0 0.0 0.3714932273850921 0.0 0.3313819611138183 0.0 0.0 0.0 0.0 0.0 0.0 0.0 0.3624997826751337 0.0 0.8021298142939188 0.03554004931912944 0.6461462995521196 0.0 0.0 0.0 0.0 0.0 0.0 0.0 0.0
a1aczgd5azz3r7
cork network in the right time
0.0 0.0 0.0 0.0 0.6344932704070405 0.0 0.0 0.0 0.0 0.0 0.0 0.0 0.0 0.0 0.0 0.0 0.17163845040944684 0.0 0.0 0.0 0.0 0.0 0.0 0.0 0.7898291876834581 0.0 0.07108009863825888 0.0 1.4887350984945134 1.170478014347107 0.0 0.0 0.0 0.0 0.0 0.0
au2ar4vob7vlv
dot net could take time to become right
0.0 0.0 0.0 0.4825458335927726 0.4758699528052804 0.0 1.0465993503789572 1.0020149823866156 0.13498428871389506 0.0 0.0 0.0 0.0 0.0 0.0 0.0 0.0 0.0 0.0 0.0 0.5390439740606547 0.0 0.0 0.0 0.5923718907625936 0.0 0.0 0.0 0.0 0.0 0.5267389649589982 0.0 0.0 0.0 0.0 0.0
a3andctf0w1pqd
basamnet could take a long time to get right
0.0 0.0 0.0 0.4289296298602423 0.4229955136046937 0.0 0.0 0.0 0.11998603441235117 0.0 0.0 0.0 0.0 0.0 0.0 0.0 0.0 0.0 0.0 0.0 0.47915019916502644 0.0 0.1575425941301937 0.483333043566845 0.5265527917889721 0.0 0.0 0.0 0.0 0.0 0.0 1.0695064190585584 0.5321417627306163 0.0 0.0 0.0
a31ikb373dzonk
basamnet might take the time to get it right
0.0 0.22501727078073616 0.651595295092607 0.4289296298602423 0.4229955136046937 0.0 0.0 0.0 0.11998603441235117 0.0 0.0 0.0 0.0 0.0 0.0 0.0 0.0 0.0 0.0 0.0 0.0 0.0 0.0 0.483333043566845 0.5265527917889721 0.0 0.04738673242550592 0.0 0.0 0.0 0.0 1.0695064190585584 0.0 0.0 0.0 0.0
a6tw9zegog7ph
basim net might take some to repair
1.2441810056646958 0.0 0.8377653794047805 0.5514809526774543 0.0 0.0 0.0 1.1451599798704177 0.15426775853016578 0.0 0.0 0.0 0.0 0.0 0.0 0.5680833619094028 0.0 0.0 0.0 0.0 0.0 1.1191140431855673 0.0 0.0 0.0 0.0 0.0 0.0 0.0 0.0 0.0 0.0 0.0 0.0 0.0 0.0
a2qxd8jqk5bvez
basimnet might take some to repair
0.0 0.0 0.9773929426389105 0.6433944447903635 0.0 0.0 0.0 0.0 0.17997905161852676 0.0 0.0 0.0 0.0 0.0 0.0 0.6627639222276366 0.0 0.0 0.0 0.0 0.0 1.3056330503831617 0.0 0.0 0.0 0.0 0.0 0.0 0.0 0.0 0.0 0.0 0.0 1.6042596285878377 0.0 0.0
a3l62wt9zlhu7v
basimnet might take some time to repair
0.0 0.0 0.8377653794047805 0.5514809526774543 0.5438513746346062 0.0 0.0 0.0 0.15426775853016578 0.0 0.0 0.0 0.0 0.0 0.0 0.5680833619094028 0.0 0.0 0.0 0.0 0.0 1.1191140431855673 0.0 0.0 0.0 0.0 0.0 0.0 0.0 0.0 0.0 0.0 0.0 1.375079681646718 0.0 0.0
a3of46tb7y6sbp
bossom it may take some time for the dot net to get fixed
0.0 0.15578118746358657 0.0 0.296951282210937 0.29284304788017257 0.1485161307032627 0.6440611386947429 0.6166246045456096 0.08306725459316619 0.0 0.0 0.0 0.0 0.34291682527854656 0.0 0.30589104102813996 0.0 0.0 0.0 0.0 0.0 0.0 0.0 0.33461518400781576 0.0 0.0 0.0328061993715041 0.5964427380481103 0.0 0.0 0.0 0.0 0.0 0.0 0.7404275208866943 0.0
a291u81kgj6l9n
bossomit may take some time for the dot net to get fixed
0.0 0.0 0.0 0.3216972223951817 0.31724663520352026 0.1608924749285346 0.6977329002526381 0.6680099882577437 0.08998952580926338 0.0 0.0 0.0 0.0 0.3714932273850921 0.0 0.3313819611138183 0.0 0.0 0.0 0.0 0.0 0.0 0.0 0.3624997826751337 0.0 0.8021298142939188 0.03554004931912944 0.6461462995521196 0.0 0.0 0.0 0.0 0.0 0.0 0.0 0.0
air4uqnpimfcj
bossom it may take some time for the website to get fixed
0.0 0.16876295308555211 0.0 0.3216972223951817 0.31724663520352026 0.1608924749285346 0.0 0.0 0.08998952580926338 0.0 0.0 0.0 0.0 0.3714932273850921 0.0 0.3313819611138183 0.0 0.0 0.0 0.0 0.0 0.0 0.0 0.3624997826751337 0.0 0.0 0.03554004931912944 0.6461462995521196 0.0 0.0 0.0 0.0 0.0 0.0 0.8021298142939188 0.5426702051930542
a1aklmhymfgmc2
cork network in the right time
0.0 0.0 0.0 0.0 0.6344932704070405 0.0 0.0 0.0 0.0 0.0 0.0 0.0 0.0 0.0 0.0 0.0 0.17163845040944684 0.0 0.0 0.0 0.0 0.0 0.0 0.0 0.7898291876834581 0.0 0.07108009863825888 0.0 1.4887350984945134 1.170478014347107 0.0 0.0 0.0 0.0 0.0 0.0
