in your opinion were the protests by people against dictatorship of no importance do you think that public protest had did agitation weight according to does peoples movement hold any is there hope sense maryeth support mina marriot not mean anything if has significance what value at all part have
in your opinion were the protests by the people against dictatorship of no importance
0.07355933588976293 0.2674020793919536 0.30680409708042417 0.21083056372899706 0.06092579883279333 0.4791276456744819 0.17824709010010342 0.19334732517903958 0.22764331725857567 0.4482609774466014 0.05999584161412987 0.23774631797093498 0.4315742023622082 0.0 0.0 0.0 0.0 0.0 0.0 0.0 0.0 0.0 0.0 0.0 0.0 0.0 0.0 0.0 0.0 0.0 0.0 0.0 0.0 0.0 0.0 0.0 0.0 0.0 0.0 0.0 0.0 0.0 0.0 0.0 0.0 0.0 0.0 0.0 0.0 0.0
do you think that public protest against dictatorship had no importance
0.0 0.0 0.0 0.0 0.0 0.0 0.0 0.0 0.2897278583290963 0.5705139712956746 0.0 0.3025862228720991 0.5492762575519013 0.29434882321783534 0.28980055652642034 0.3798927636237014 0.1098249476599818 0.42811210517291004 0.5185076759314283 0.31465371723105273 0.0 0.0 0.0 0.0 0.0 0.0 0.0 0.0 0.0 0.0 0.0 0.0 0.0 0.0 0.0 0.0 0.0 0.0 0.0 0.0 0.0 0.0 0.0 0.0 0.0 0.0 0.0 0.0 0.0 0.0
did public agitation in your opinion against the dictatorship had no weight
0.08581922520472342 0.31196909262394584 0.35793811326049485 0.0 0.03554004931912944 0.0 0.0 0.0 0.26558387013500495 0.5229711403543683 0.0 0.2773707042994242 0.0 0.0 0.0 0.0 0.0 0.3924360964085009 0.0 0.288432574128465 0.33636985043258033 0.768341055284905 0.5484196111503002 0.0 0.0 0.0 0.0 0.0 0.0 0.0 0.0 0.0 0.0 0.0 0.0 0.0 0.0 0.0 0.0 0.0 0.0 0.0 0.0 0.0 0.0 0.0 0.0 0.0 0.0 0.0
according to you does the peoples movement hold any importance against dictatorship
0.0 0.0 0.0 0.0 0.03554004931912944 0.0 0.0 0.0 0.26558387013500495 0.5229711403543683 0.0 0.0 0.503503236089243 0.0 0.26565051014921864 0.0 0.0 0.0 0.0 0.0 0.0 0.0 0.0 0.2744305531207042 0.08998952580926338 0.34950179676606385 0.4159023986081158 0.4659430944478859 0.5852390071735535 0.2952782384292149 0.0 0.0 0.0 0.0 0.0 0.0 0.0 0.0 0.0 0.0 0.0 0.0 0.0 0.0 0.0 0.0 0.0 0.0 0.0 0.0
a2dsltew8ffmbv
is there any hope in your sense against maryeth is any public support
0.07921774634282162 0.28797147011441154 0.0 0.0 0.0 0.0 0.0 0.0 0.2451543416630815 0.0 0.0 0.0 0.0 0.0 0.0 0.0 0.0 0.36224870437707773 0.0 0.0 0.0 0.0 0.0 0.0 0.0 0.0 0.0 0.0 0.0 0.5451290555616276 0.20104854135917327 0.22030653867099767 0.43078508313783664 0.5224880328823699 0.6871085069974677 0.36367061319816263 0.0 0.0 0.0 0.0 0.0 0.0 0.0 0.0 0.0 0.0 0.0 0.0 0.0 0.0
a3dd3acpmvdvca
in your opinion do the public protests against mina marriot not mean anything
0.07921774634282162 0.28797147011441154 0.3304044122404568 0.0 0.0328061993715041 0.5159836184186728 0.0 0.0 0.2451543416630815 0.0 0.0 0.0 0.0 0.2490643888766299 0.0 0.0 0.0 0.36224870437707773 0.0 0.0 0.0 0.0 0.0 0.0 0.0 0.0 0.0 0.0 0.0 0.0 0.0 0.0 0.0 0.0 0.0 0.0 0.6871085069974677 0.6025998694076131 0.16466365294133567 0.5099865767671565 0.4426428277399334 0.0 0.0 0.0 0.0 0.0 0.0 0.0 0.0 0.0
a2de039cxxjuga
if public protest against dictatorship has no significance to you
0.0 0.0 0.0 0.0 0.0 0.0 0.0 0.0 0.31870064416200594 0.627565368425242 0.0 0.332844845159309 0.0 0.0 0.3187806121790624 0.0 0.0 0.47092331569020107 0.5703584435245712 0.0 0.0 0.0 0.0 0.0 0.10798743097111604 0.0 0.0 0.0 0.0 0.0 0.0 0.0 0.0 0.0 0.0 0.0 0.0 0.0 0.0 0.0 0.0 0.301890758532881 0.20527976179312235 0.8121480374750751 0.0 0.0 0.0 0.0 0.0 0.0
a1is07hajk7bzr
what do you think the peoples protest against dictatorship has no value at all
0.0 0.0 0.0 0.0 0.030462899416396665 0.0 0.0 0.0 0.22764331725857567 0.4482609774466014 0.0 0.23774631797093498 0.0 0.23127407538544206 0.22770043727075887 0.2984871714186225 0.0 0.0 0.40739888823183656 0.0 0.0 0.0 0.0 0.0 0.0 0.0 0.3564877702355278 0.0 0.0 0.0 0.0 0.0 0.0 0.0 0.0 0.0 0.0 0.0 0.0 0.0 0.0 0.0 0.14662840128080168 0.0 0.22016897209518763 0.52306947703807 0.22125713242174821 0.22451537417591064 0.0 0.0
a3jbnhlk1t5829
is there any hope in your sense against maryeth does any part of the public support
0.06436441890354257 0.2339768194679594 0.0 0.0 0.026655036989347083 0.0 0.0 0.0 0.1991879026012537 0.0 0.05249636141236364 0.0 0.0 0.0 0.0 0.0 0.0 0.29432707230637567 0.0 0.0 0.0 0.0 0.0 0.0 0.0 0.2621263475745479 0.0 0.0 0.0 0.4429173576438224 0.08167596992716414 0.17899906267018562 0.35001288004949227 0.42452152671692556 0.5582756619354425 0.2954823732235071 0.0 0.0 0.0 0.0 0.0 0.0 0.0 0.0 0.0 0.0 0.0 0.0 0.2961859453812968 0.0
amccpvqhqjlts
is there any hope in your sense against maryeth is any public support
0.07921774634282162 0.28797147011441154 0.0 0.0 0.0 0.0 0.0 0.0 0.2451543416630815 0.0 0.0 0.0 0.0 0.0 0.0 0.0 0.0 0.36224870437707773 0.0 0.0 0.0 0.0 0.0 0.0 0.0 0.0 0.0 0.0 0.0 0.5451290555616276 0.20104854135917327 0.22030653867099767 0.43078508313783664 0.5224880328823699 0.6871085069974677 0.36367061319816263 0.0 0.0 0.0 0.0 0.0 0.0 0.0 0.0 0.0 0.0 0.0 0.0 0.0 0.0
a9x4g4wpj27d6
is there any hope against maryeth is there any public support
0.0 0.0 0.0 0.0 0.0 0.0 0.0 0.0 0.2897278583290963 0.0 0.0 0.0 0.0 0.0 0.0 0.0 0.0 0.42811210517291004 0.0 0.0 0.0 0.0 0.0 0.0 0.0 0.0 0.0 0.0 0.0 0.6442434293001053 0.23760282160629567 0.5207245459496309 0.5091096437083524 0.0 0.8120373264515528 0.4297925428705558 0.0 0.0 0.0 0.0 0.0 0.0 0.0 0.0 0.0 0.0 0.0 0.0 0.0 0.0
a6tw9zegog7ph
in your opinion do the public protests against mina marriot not mean anything
0.07921774634282162 0.28797147011441154 0.3304044122404568 0.0 0.0328061993715041 0.5159836184186728 0.0 0.0 0.2451543416630815 0.0 0.0 0.0 0.0 0.2490643888766299 0.0 0.0 0.0 0.36224870437707773 0.0 0.0 0.0 0.0 0.0 0.0 0.0 0.0 0.0 0.0 0.0 0.0 0.0 0.0 0.0 0.0 0.0 0.0 0.6871085069974677 0.6025998694076131 0.16466365294133567 0.5099865767671565 0.4426428277399334 0.0 0.0 0.0 0.0 0.0 0.0 0.0 0.0 0.0
a38xqb9846w49n
in your opinion do the public protests against mina marriot not mean anything
0.07921774634282162 0.28797147011441154 0.3304044122404568 0.0 0.0328061993715041 0.5159836184186728 0.0 0.0 0.2451543416630815 0.0 0.0 0.0 0.0 0.2490643888766299 0.0 0.0 0.0 0.36224870437707773 0.0 0.0 0.0 0.0 0.0 0.0 0.0 0.0 0.0 0.0 0.0 0.0 0.0 0.0 0.0 0.0 0.0 0.0 0.6871085069974677 0.6025998694076131 0.16466365294133567 0.5099865767671565 0.4426428277399334 0.0 0.0 0.0 0.0 0.0 0.0 0.0 0.0 0.0
aw4q48bn2x4nt
in your opinion do the public protests against mina marriot not mean anything
0.07921774634282162 0.28797147011441154 0.3304044122404568 0.0 0.0328061993715041 0.5159836184186728 0.0 0.0 0.2451543416630815 0.0 0.0 0.0 0.0 0.2490643888766299 0.0 0.0 0.0 0.36224870437707773 0.0 0.0 0.0 0.0 0.0 0.0 0.0 0.0 0.0 0.0 0.0 0.0 0.0 0.0 0.0 0.0 0.0 0.0 0.6871085069974677 0.6025998694076131 0.16466365294133567 0.5099865767671565 0.4426428277399334 0.0 0.0 0.0 0.0 0.0 0.0 0.0 0.0 0.0
ayeowkx2r19vz
if public protest against dictatorship has no significance to you
0.0 0.0 0.0 0.0 0.0 0.0 0.0 0.0 0.31870064416200594 0.627565368425242 0.0 0.332844845159309 0.0 0.0 0.3187806121790624 0.0 0.0 0.47092331569020107 0.5703584435245712 0.0 0.0 0.0 0.0 0.0 0.10798743097111604 0.0 0.0 0.0 0.0 0.0 0.0 0.0 0.0 0.0 0.0 0.0 0.0 0.0 0.0 0.0 0.0 0.301890758532881 0.20527976179312235 0.8121480374750751 0.0 0.0 0.0 0.0 0.0 0.0
a9x4g4wpj27d6
does public protest against dictatorship have no significance to you
0.0 0.0 0.0 0.0 0.0 0.0 0.0 0.0 0.31870064416200594 0.627565368425242 0.0 0.332844845159309 0.0 0.0 0.3187806121790624 0.0 0.0 0.47092331569020107 0.5703584435245712 0.0 0.0 0.0 0.0 0.0 0.10798743097111604 0.4194021561192766 0.0 0.0 0.0 0.0 0.0 0.0 0.0 0.0 0.0 0.0 0.0 0.0 0.0 0.0 0.0 0.0 0.0 0.8121480374750751 0.0 0.0 0.0 0.0 0.0 0.22879700279884294
a28p76cwxeubye
if public protest against dictatorship has no significance to you
0.0 0.0 0.0 0.0 0.0 0.0 0.0 0.0 0.31870064416200594 0.627565368425242 0.0 0.332844845159309 0.0 0.0 0.3187806121790624 0.0 0.0 0.47092331569020107 0.5703584435245712 0.0 0.0 0.0 0.0 0.0 0.10798743097111604 0.0 0.0 0.0 0.0 0.0 0.0 0.0 0.0 0.0 0.0 0.0 0.0 0.0 0.0 0.0 0.0 0.301890758532881 0.20527976179312235 0.8121480374750751 0.0 0.0 0.0 0.0 0.0 0.0
a11q9mm0b90tar
what do you think the peoples protest against dictatorship has no value at all
0.0 0.0 0.0 0.0 0.030462899416396665 0.0 0.0 0.0 0.22764331725857567 0.4482609774466014 0.0 0.23774631797093498 0.0 0.23127407538544206 0.22770043727075887 0.2984871714186225 0.0 0.0 0.40739888823183656 0.0 0.0 0.0 0.0 0.0 0.0 0.0 0.3564877702355278 0.0 0.0 0.0 0.0 0.0 0.0 0.0 0.0 0.0 0.0 0.0 0.0 0.0 0.0 0.0 0.14662840128080168 0.0 0.22016897209518763 0.52306947703807 0.22125713242174821 0.22451537417591064 0.0 0.0
