at times there is grief in every drop sometimes their sadness shows from are drops of agony like pain each seems sorrowful carries sorrow the was a gradual painful seemed
at times there is grief in every drop
0.38719998173805936 0.7179992466979485 0.35799812534037123 0.16335193985432828 0.959955952808964 0.12872883780708513 0.5295607552138155 0.8925813902173781 0.0 0.0 0.0 0.0 0.0 0.0 0.0 0.0 0.0 0.0 0.0 0.0 0.0 0.0 0.0 0.0 0.0 0.0 0.0 0.0 0.0 0.0
sometimes their sadness shows from every drop
0.0 0.0 0.0 0.0 0.0 0.0 0.605212291672932 1.0200930173912892 0.7901733156149893 0.42531729996054424 1.375079681646718 0.8651464392922364 0.34469923420400556 0.0 0.0 0.0 0.0 0.0 0.0 0.0 0.0 0.0 0.0 0.0 0.0 0.0 0.0 0.0 0.0 0.0
sometimes there is sadness in every drop
0.0 0.0 0.40914071467470997 0.18668793126208946 0.0 0.14711867177952587 0.605212291672932 1.0200930173912892 0.7901733156149893 0.0 1.375079681646718 0.0 0.0 0.0 0.0 0.0 0.0 0.0 0.0 0.0 0.0 0.0 0.0 0.0 0.0 0.0 0.0 0.0 0.0 0.0
there are drops of agony at times
0.44251426484349643 0.8205705676547982 0.40914071467470997 0.0 0.0 0.0 0.0 0.0 0.0 0.0 0.0 0.0 0.0 0.3008766505504038 1.27605865585244 0.11999168322825975 1.474100707440996 0.0 0.0 0.0 0.0 0.0 0.0 0.0 0.0 0.0 0.0 0.0 0.0 0.0
a21xirv18up71h
sometimes every drop is like pain
0.0 0.0 0.0 0.2178025864724377 0.0 0.0 0.706081006951754 1.1901085202898376 0.9218688682174875 0.0 0.0 0.0 0.0 0.0 0.0 0.0 0.0 0.629372165263361 1.0580688397558082 0.0 0.0 0.0 0.0 0.0 0.0 0.0 0.0 0.0 0.0 0.0
a3dd3acpmvdvca
sometimes each drop seems sorrowful
0.0 0.0 0.0 0.0 0.0 0.0 0.0 1.4281302243478051 1.106242641860985 0.0 0.0 0.0 0.0 0.0 0.0 0.0 0.0 0.0 0.0 1.0537697889674866 1.1165013007384952 1.6745589606063316 0.0 0.0 0.0 0.0 0.0 0.0 0.0 0.0
a2qlm59qc9g1uf
sometimes every drop carries sorrow
0.0 0.0 0.0 0.0 0.0 0.0 0.8472972083421049 1.4281302243478051 1.106242641860985 0.0 0.0 0.0 0.0 0.0 0.0 0.0 0.0 0.0 0.0 0.0 0.0 0.0 1.705389096571783 1.3162070667607204 0.0 0.0 0.0 0.0 0.0 0.0
a1aczgd5azz3r7
the grief was in a gradual
0.0 0.0 0.0 0.0 1.279941270411952 0.17163845040944684 0.0 0.0 0.0 0.0 0.0 0.0 0.0 0.0 0.0 0.0 0.0 0.0 0.0 0.0 0.0 0.0 0.0 0.0 0.07108009863825888 0.36630315516568873 0.23631389119529056 1.6042596285878377 0.0 0.0
a301gnfg8w711q
sometimes every drop is like pain
0.0 0.0 0.0 0.2178025864724377 0.0 0.0 0.706081006951754 1.1901085202898376 0.9218688682174875 0.0 0.0 0.0 0.0 0.0 0.0 0.0 0.0 0.629372165263361 1.0580688397558082 0.0 0.0 0.0 0.0 0.0 0.0 0.0 0.0 0.0 0.0 0.0
ajfwu2g6a1bhs
sometimes every drop is like pain
0.0 0.0 0.0 0.2178025864724377 0.0 0.0 0.706081006951754 1.1901085202898376 0.9218688682174875 0.0 0.0 0.0 0.0 0.0 0.0 0.0 0.0 0.629372165263361 1.0580688397558082 0.0 0.0 0.0 0.0 0.0 0.0 0.0 0.0 0.0 0.0 0.0
a1yyp7540py83g
sometimes every drop is painful
0.0 0.0 0.0 0.26136310376692523 0.0 0.0 0.8472972083421049 1.4281302243478051 1.106242641860985 0.0 0.0 0.0 0.0 0.0 0.0 0.0 0.0 0.0 0.0 0.0 0.0 0.0 0.0 0.0 0.0 0.0 0.0 0.0 1.3902818244200994 0.0
a2zhr3rebfem5a
sometimes each drop seems sorrowful
0.0 0.0 0.0 0.0 0.0 0.0 0.0 1.4281302243478051 1.106242641860985 0.0 0.0 0.0 0.0 0.0 0.0 0.0 0.0 0.0 0.0 1.0537697889674866 1.1165013007384952 1.6745589606063316 0.0 0.0 0.0 0.0 0.0 0.0 0.0 0.0
a3a4p6bwfe7hfn
sometimes each drop seemed sorrowful
0.0 0.0 0.0 0.0 0.0 0.0 0.0 1.4281302243478051 1.106242641860985 0.0 0.0 0.0 0.0 0.0 0.0 0.0 0.0 0.0 0.0 1.0537697889674866 0.0 1.6745589606063316 0.0 0.0 0.0 0.0 0.0 0.0 0.0 1.4748531945841061
aclg2ttpdpj36
sometimes each drop seems sorrowful
0.0 0.0 0.0 0.0 0.0 0.0 0.0 1.4281302243478051 1.106242641860985 0.0 0.0 0.0 0.0 0.0 0.0 0.0 0.0 0.0 0.0 1.0537697889674866 1.1165013007384952 1.6745589606063316 0.0 0.0 0.0 0.0 0.0 0.0 0.0 0.0
a31ikb373dzonk
sometimes every drop carries sorrow
0.0 0.0 0.0 0.0 0.0 0.0 0.8472972083421049 1.4281302243478051 1.106242641860985 0.0 0.0 0.0 0.0 0.0 0.0 0.0 0.0 0.0 0.0 0.0 0.0 0.0 1.705389096571783 1.3162070667607204 0.0 0.0 0.0 0.0 0.0 0.0
a1g9f1kosfkijh
sometimes every drop carries sorrow
0.0 0.0 0.0 0.0 0.0 0.0 0.8472972083421049 1.4281302243478051 1.106242641860985 0.0 0.0 0.0 0.0 0.0 0.0 0.0 0.0 0.0 0.0 0.0 0.0 0.0 1.705389096571783 1.3162070667607204 0.0 0.0 0.0 0.0 0.0 0.0
a28p76cwxeubye
sometimes every drop carries sorrow
0.0 0.0 0.0 0.0 0.0 0.0 0.8472972083421049 1.4281302243478051 1.106242641860985 0.0 0.0 0.0 0.0 0.0 0.0 0.0 0.0 0.0 0.0 0.0 0.0 0.0 1.705389096571783 1.3162070667607204 0.0 0.0 0.0 0.0 0.0 0.0
amd40d0gc1l4r
the grief was in a gradual
0.0 0.0 0.0 0.0 1.279941270411952 0.17163845040944684 0.0 0.0 0.0 0.0 0.0 0.0 0.0 0.0 0.0 0.0 0.0 0.0 0.0 0.0 0.0 0.0 0.0 0.0 0.07108009863825888 0.36630315516568873 0.23631389119529056 1.6042596285878377 0.0 0.0
