greetings go ahead sir take this action but do it on your own salam with a happy mode work of course salaam greet them at expense please pleasure act salute happily get done the passion is to be saluted ut try riches in discretion luck we
greetings go ahead sir take this action but do it on your own
0.4714654007738881 0.41198925552515875 0.6092930522529693 0.4267707944324082 0.296951282210937 0.13180776025753999 0.3243189505748771 0.20089556128588446 0.2490643888766299 0.15578118746358657 0.1440775201827541 0.28797147011441154 0.3262355929798412 0.0 0.0 0.0 0.0 0.0 0.0 0.0 0.0 0.0 0.0 0.0 0.0 0.0 0.0 0.0 0.0 0.0 0.0 0.0 0.0 0.0 0.0 0.0 0.0 0.0 0.0 0.0 0.0 0.0 0.0 0.0 0.0 0.0
salam do it with a happy mode but do this work on your own
0.0 0.0 0.0 0.0 0.0 0.12239292023914428 0.0 0.1865458783368927 0.4625481507708841 0.1446539597876161 0.1337862687411288 0.2674020793919536 0.3029330506241383 0.5595570215927836 0.167884675148161 0.10127738194083881 0.4548186595361102 0.6220905028323479 0.2969641164565639 0.0 0.0 0.0 0.0 0.0 0.0 0.0 0.0 0.0 0.0 0.0 0.0 0.0 0.0 0.0 0.0 0.0 0.0 0.0 0.0 0.0 0.0 0.0 0.0 0.0 0.0 0.0
salam do it sir of course do it but do it on your own
0.0 0.0 0.0 0.3962871662586647 0.0 0.0 0.0 0.1865458783368927 0.6938222261563263 0.4339618793628483 0.1337862687411288 0.2674020793919536 0.3029330506241383 0.5595570215927836 0.0 0.0 0.0 0.0 0.0 0.05999584161412987 0.4990357458508405 0.0 0.0 0.0 0.0 0.0 0.0 0.0 0.0 0.0 0.0 0.0 0.0 0.0 0.0 0.0 0.0 0.0 0.0 0.0 0.0 0.0 0.0 0.0 0.0 0.0
salaam do it but do it on your own
0.0 0.0 0.0 0.0 0.0 0.0 0.0 0.29018247741294423 0.7195193456435975 0.4500345415614723 0.20811197359731148 0.41595879016526116 0.4712291898597707 0.0 0.0 0.0 0.0 0.0 0.0 0.0 0.0 1.0695064190585584 0.0 0.0 0.0 0.0 0.0 0.0 0.0 0.0 0.0 0.0 0.0 0.0 0.0 0.0 0.0 0.0 0.0 0.0 0.0 0.0 0.0 0.0 0.0 0.0
a2qlm59qc9g1uf
do greet them sir but at your own expense
0.0 0.0 0.0 0.616446703069034 0.0 0.0 0.0 0.29018247741294423 0.35975967282179877 0.0 0.0 0.41595879016526116 0.4712291898597707 0.0 0.0 0.0 0.0 0.0 0.0 0.0 0.0 0.0 0.9303105336701842 0.37910557482649077 0.3441777615449417 0.861528399402826 0.0 0.0 0.0 0.0 0.0 0.0 0.0 0.0 0.0 0.0 0.0 0.0 0.0 0.0 0.0 0.0 0.0 0.0 0.0 0.0
a143bvgouf83je
salam please do it with pleasure but act at your own
0.0 0.0 0.0 0.0 0.0 0.0 0.0 0.23742202697422707 0.29434882321783534 0.18410503972969322 0.0 0.34032991922612277 0.3855511553398124 0.7121634820271792 0.21367140473402307 0.0 0.0 0.0 0.0 0.0 0.0 0.0 0.0 0.0 0.2815999867185886 0.0 0.48315987692195556 0.7751768620780832 0.4862628775009972 0.0 0.0 0.0 0.0 0.0 0.0 0.0 0.0 0.0 0.0 0.0 0.0 0.0 0.0 0.0 0.0 0.0
a3dd3acpmvdvca
salute sir salute happily but get your work done on your own
0.0 0.0 0.0 0.4623350273017755 0.0 0.0 0.0 0.21763685805970814 0.0 0.0 0.1560839801979836 0.6239381852478917 0.353421892394828 0.0 0.0 0.0 0.0 0.0 0.3464581358659912 0.0 0.0 0.0 0.0 0.0 0.0 0.0 0.0 0.0 0.0 1.2046104164547757 0.6190277661825672 0.3624997826751337 0.3834731042233957 0.0 0.0 0.0 0.0 0.0 0.0 0.0 0.0 0.0 0.0 0.0 0.0 0.0
a3kwcqj39dxkt4
the passion is to be saluted ut try your riches in the action
0.0 0.0 0.0 0.0 0.0 0.0 0.3243189505748771 0.0 0.0 0.0 0.0 0.28797147011441154 0.0 0.0 0.0 0.0 0.0 0.0 0.0 0.0 0.0 0.0 0.0 0.0 0.0 0.0 0.0 0.0 0.0 0.0 0.0 0.0 0.0 0.0656123987430082 0.7404275208866943 0.10052427067958664 0.08306725459316619 0.16514022661224234 0.6699436184348362 0.7937465347759208 0.41814638688466155 0.7937465347759208 0.07921774634282162 0.0 0.0 0.0
ancf53mqwds6z
do greet them sir but at your own expense
0.0 0.0 0.0 0.616446703069034 0.0 0.0 0.0 0.29018247741294423 0.35975967282179877 0.0 0.0 0.41595879016526116 0.4712291898597707 0.0 0.0 0.0 0.0 0.0 0.0 0.0 0.0 0.0 0.9303105336701842 0.37910557482649077 0.3441777615449417 0.861528399402826 0.0 0.0 0.0 0.0 0.0 0.0 0.0 0.0 0.0 0.0 0.0 0.0 0.0 0.0 0.0 0.0 0.0 0.0 0.0 0.0
a6tw9zegog7ph
do greet them sir but at your own expense
0.0 0.0 0.0 0.616446703069034 0.0 0.0 0.0 0.29018247741294423 0.35975967282179877 0.0 0.0 0.41595879016526116 0.4712291898597707 0.0 0.0 0.0 0.0 0.0 0.0 0.0 0.0 0.0 0.9303105336701842 0.37910557482649077 0.3441777615449417 0.861528399402826 0.0 0.0 0.0 0.0 0.0 0.0 0.0 0.0 0.0 0.0 0.0 0.0 0.0 0.0 0.0 0.0 0.0 0.0 0.0 0.0
a3edprdq0s0hp3
go greet them sir but at your own expense
0.0 0.5950955913141182 0.0 0.616446703069034 0.0 0.0 0.0 0.29018247741294423 0.0 0.0 0.0 0.41595879016526116 0.4712291898597707 0.0 0.0 0.0 0.0 0.0 0.0 0.0 0.0 0.0 0.9303105336701842 0.37910557482649077 0.3441777615449417 0.861528399402826 0.0 0.0 0.0 0.0 0.0 0.0 0.0 0.0 0.0 0.0 0.0 0.0 0.0 0.0 0.0 0.0 0.0 0.0 0.0 0.0
a1395pss402i1j
salam please do it with pleasure but act at your own
0.0 0.0 0.0 0.0 0.0 0.0 0.0 0.23742202697422707 0.29434882321783534 0.18410503972969322 0.0 0.34032991922612277 0.3855511553398124 0.7121634820271792 0.21367140473402307 0.0 0.0 0.0 0.0 0.0 0.0 0.0 0.0 0.0 0.2815999867185886 0.0 0.48315987692195556 0.7751768620780832 0.4862628775009972 0.0 0.0 0.0 0.0 0.0 0.0 0.0 0.0 0.0 0.0 0.0 0.0 0.0 0.0 0.0 0.0 0.0
a6tw9zegog7ph
salam please do it with pleasure but act on your own
0.0 0.0 0.0 0.0 0.0 0.0 0.0 0.23742202697422707 0.29434882321783534 0.18410503972969322 0.17027343294325484 0.34032991922612277 0.3855511553398124 0.7121634820271792 0.21367140473402307 0.0 0.0 0.0 0.0 0.0 0.0 0.0 0.0 0.0 0.0 0.0 0.48315987692195556 0.7751768620780832 0.4862628775009972 0.0 0.0 0.0 0.0 0.0 0.0 0.0 0.0 0.0 0.0 0.0 0.0 0.0 0.0 0.0 0.0 0.0
a3andctf0w1pqd
salam please do it with pleasure but act at your own discretion
0.0 0.0 0.0 0.0 0.0 0.0 0.0 0.21763685805970814 0.26981975461634905 0.16876295308555211 0.0 0.31196909262394584 0.353421892394828 0.6528165251915808 0.19586545433952116 0.0 0.0 0.0 0.0 0.0 0.0 0.0 0.0 0.0 0.25813332115870624 0.0 0.44289655384512594 0.7105787902382429 0.4457409710425808 0.0 0.0 0.0 0.0 0.0 0.0 0.0 0.0 0.0 0.0 0.0 0.0 0.0 0.0 0.8021298142939188 0.0 0.0
a1wrvfwizbd6rc
salute sir salute happily but get your work done on your own
0.0 0.0 0.0 0.4623350273017755 0.0 0.0 0.0 0.21763685805970814 0.0 0.0 0.1560839801979836 0.6239381852478917 0.353421892394828 0.0 0.0 0.0 0.0 0.0 0.3464581358659912 0.0 0.0 0.0 0.0 0.0 0.0 0.0 0.0 0.0 0.0 1.2046104164547757 0.6190277661825672 0.3624997826751337 0.3834731042233957 0.0 0.0 0.0 0.0 0.0 0.0 0.0 0.0 0.0 0.0 0.0 0.0 0.0
a14b80scbt25dr
salute sir salute happily but get your work done on your own
0.0 0.0 0.0 0.4623350273017755 0.0 0.0 0.0 0.21763685805970814 0.0 0.0 0.1560839801979836 0.6239381852478917 0.353421892394828 0.0 0.0 0.0 0.0 0.0 0.3464581358659912 0.0 0.0 0.0 0.0 0.0 0.0 0.0 0.0 0.0 0.0 1.2046104164547757 0.6190277661825672 0.3624997826751337 0.3834731042233957 0.0 0.0 0.0 0.0 0.0 0.0 0.0 0.0 0.0 0.0 0.0 0.0 0.0
a230hf2okthmdz
salute sir salute happily but get your work done on your own
0.0 0.0 0.0 0.4623350273017755 0.0 0.0 0.0 0.21763685805970814 0.0 0.0 0.1560839801979836 0.6239381852478917 0.353421892394828 0.0 0.0 0.0 0.0 0.0 0.3464581358659912 0.0 0.0 0.0 0.0 0.0 0.0 0.0 0.0 0.0 0.0 1.2046104164547757 0.6190277661825672 0.3624997826751337 0.3834731042233957 0.0 0.0 0.0 0.0 0.0 0.0 0.0 0.0 0.0 0.0 0.0 0.0 0.0
a3ohqrf1mdq99b
try your luck we salute your passion
0.0 0.0 0.0 0.0 0.0 0.0 0.0 0.0 0.0 0.0 0.0 1.0696083175678144 0.0 0.0 0.0 0.0 0.0 0.0 0.0 0.0 0.0 0.0 0.0 0.0 0.0 0.0 0.0 0.0 0.0 1.0325232141040934 0.0 0.0 0.0 0.0 1.375079681646718 0.0 0.0 0.0 0.0 0.0 0.7765575756429428 0.0 0.0 0.0 1.375079681646718 0.4374868160566129
