once extinguished sometimes so happened that it was put out i had defused forever we blew the flames such wind he seems israel will never be
once extinguished
2.8668687367081995 4.812778885763513 0.0 0.0 0.0 0.0 0.0 0.0 0.0 0.0 0.0 0.0 0.0 0.0 0.0 0.0 0.0 0.0 0.0 0.0 0.0 0.0 0.0 0.0 0.0 0.0
sometimes so happened that it was put out
0.0 0.0 0.6914016511631156 0.4417809861811659 0.6546625733878134 0.15100930303247498 0.25314442962832817 0.27472736637426654 0.650088892458777 0.5008712678667571 0.0 0.0 0.0 0.0 0.0 0.0 0.0 0.0 0.0 0.0 0.0 0.0 0.0 0.0 0.0 0.0
put out sometimes
0.0 0.0 1.843737736434975 0.0 0.0 0.0 0.0 0.0 1.733570379890072 1.3356567143113522 0.0 0.0 0.0 0.0 0.0 0.0 0.0 0.0 0.0 0.0 0.0 0.0 0.0 0.0 0.0 0.0
i had defused it forever sometimes
0.0 0.0 0.9218688682174875 0.0 0.0 0.0 0.33752590617110423 0.0 0.0 0.0 0.541330140804449 0.57686514825693 1.719784158681162 1.3535800624584586 0.0 0.0 0.0 0.0 0.0 0.0 0.0 0.0 0.0 0.0 0.0 0.0
a21xirv18up71h
sometimes we blew out the flames
0.0 0.0 0.9218688682174875 0.0 0.0 0.0 0.0 0.0 0.0 0.6678283571556761 0.0 0.0 0.0 0.0 0.5104012853993817 1.3360199765154874 0.07108009863825888 1.257686038307865 0.0 0.0 0.0 0.0 0.0 0.0 0.0 0.0
a3dd3acpmvdvca
sometimes it was such that the wind put it out
0.0 0.0 0.5531213209304925 0.0 0.0 0.12080744242597999 0.40503108740532506 0.21978189309941323 0.5200711139670215 0.40069701429340565 0.0 0.0 0.0 0.0 0.0 0.0 0.042648059182955333 0.0 0.39419780041883434 0.79208096792886 0.0 0.0 0.0 0.0 0.0 0.0
a2qlm59qc9g1uf
sometimes he put it out
0.0 0.0 1.106242641860985 0.0 0.0 0.0 0.40503108740532506 0.0 1.040142227934043 0.8013940285868113 0.0 0.0 0.0 0.0 0.0 0.0 0.0 0.0 0.0 0.0 0.47498445192566907 0.0 0.0 0.0 0.0 0.0
a1aczgd5azz3r7
it seems that israel will never be
0.0 0.0 0.0 0.0 0.0 0.17258206060854284 0.2893079195752322 0.0 0.0 0.0 0.0 0.0 0.0 0.0 0.0 0.0 0.0 0.0 0.0 0.0 0.0 0.7975009290989251 0.47962984373954337 0.31650188568588344 0.6813755524559645 0.3066889922798786
a301gnfg8w711q
sometimes we blew out the flames
0.0 0.0 0.9218688682174875 0.0 0.0 0.0 0.0 0.0 0.0 0.6678283571556761 0.0 0.0 0.0 0.0 0.5104012853993817 1.3360199765154874 0.07108009863825888 1.257686038307865 0.0 0.0 0.0 0.0 0.0 0.0 0.0 0.0
ajfwu2g6a1bhs
sometimes we blew out the flames
0.0 0.0 0.9218688682174875 0.0 0.0 0.0 0.0 0.0 0.0 0.6678283571556761 0.0 0.0 0.0 0.0 0.5104012853993817 1.3360199765154874 0.07108009863825888 1.257686038307865 0.0 0.0 0.0 0.0 0.0 0.0 0.0 0.0
a1yyp7540py83g
sometimes we blew out the flames
0.0 0.0 0.9218688682174875 0.0 0.0 0.0 0.0 0.0 0.0 0.6678283571556761 0.0 0.0 0.0 0.0 0.5104012853993817 1.3360199765154874 0.07108009863825888 1.257686038307865 0.0 0.0 0.0 0.0 0.0 0.0 0.0 0.0
a2zhr3rebfem5a
sometimes the wind put it out
0.0 0.0 0.9218688682174875 0.0 0.0 0.0 0.33752590617110423 0.0 0.866785189945036 0.6678283571556761 0.0 0.0 0.0 0.0 0.0 0.0 0.07108009863825888 0.0 0.0 1.3201349465481 0.0 0.0 0.0 0.0 0.0 0.0
a3a4p6bwfe7hfn
sometimes it was such that the wind put it out
0.0 0.0 0.5531213209304925 0.0 0.0 0.12080744242597999 0.40503108740532506 0.21978189309941323 0.5200711139670215 0.40069701429340565 0.0 0.0 0.0 0.0 0.0 0.0 0.042648059182955333 0.0 0.39419780041883434 0.79208096792886 0.0 0.0 0.0 0.0 0.0 0.0
aclg2ttpdpj36
sometimes the wind put it out
0.0 0.0 0.9218688682174875 0.0 0.0 0.0 0.33752590617110423 0.0 0.866785189945036 0.6678283571556761 0.0 0.0 0.0 0.0 0.0 0.0 0.07108009863825888 0.0 0.0 1.3201349465481 0.0 0.0 0.0 0.0 0.0 0.0
a31ikb373dzonk
sometimes he put it out
0.0 0.0 1.106242641860985 0.0 0.0 0.0 0.40503108740532506 0.0 1.040142227934043 0.8013940285868113 0.0 0.0 0.0 0.0 0.0 0.0 0.0 0.0 0.0 0.0 0.47498445192566907 0.0 0.0 0.0 0.0 0.0
a1g9f1kosfkijh
sometimes he put it out
0.0 0.0 1.106242641860985 0.0 0.0 0.0 0.40503108740532506 0.0 1.040142227934043 0.8013940285868113 0.0 0.0 0.0 0.0 0.0 0.0 0.0 0.0 0.0 0.0 0.47498445192566907 0.0 0.0 0.0 0.0 0.0
a28p76cwxeubye
sometimes he put it out
0.0 0.0 1.106242641860985 0.0 0.0 0.0 0.40503108740532506 0.0 1.040142227934043 0.8013940285868113 0.0 0.0 0.0 0.0 0.0 0.0 0.0 0.0 0.0 0.0 0.47498445192566907 0.0 0.0 0.0 0.0 0.0
amd40d0gc1l4r
it seems that israel will never be
0.0 0.0 0.0 0.0 0.0 0.17258206060854284 0.2893079195752322 0.0 0.0 0.0 0.0 0.0 0.0 0.0 0.0 0.0 0.0 0.0 0.0 0.0 0.0 0.7975009290989251 0.47962984373954337 0.31650188568588344 0.6813755524559645 0.3066889922798786
