on top of that internal disputes have rendered it helpless this the wrangling has made conflicts hindered by squabbling over europe fighting all more in addition to turmoil nullified effect an issues is plus affairs her difficult effects peace efforts elsewhere also and
on top of that internal disputes have rendered it helpless
0.18730077623758032 0.6655143305957324 0.08399417825978182 0.12080744242597999 0.6028245510938579 0.9625557771527026 0.22879700279884294 0.7833798302298971 0.20251554370266253 0.5841368137608764 0.0 0.0 0.0 0.0 0.0 0.0 0.0 0.0 0.0 0.0 0.0 0.0 0.0 0.0 0.0 0.0 0.0 0.0 0.0 0.0 0.0 0.0 0.0 0.0 0.0 0.0 0.0 0.0 0.0 0.0 0.0 0.0 0.0
on top of this the internal wrangling has made it helpless
0.17027343294325484 0.6050130278143022 0.07635834387252893 0.0 0.5480223191762345 0.0 0.0 0.0 0.18410503972969322 0.5310334670553423 0.15577280757709272 0.03877096289359576 0.938064086553361 0.18661796526647487 0.3551715167615522 0.0 0.0 0.0 0.0 0.0 0.0 0.0 0.0 0.0 0.0 0.0 0.0 0.0 0.0 0.0 0.0 0.0 0.0 0.0 0.0 0.0 0.0 0.0 0.0 0.0 0.0 0.0 0.0
on top of it the internal conflicts have rendered it helpless
0.17027343294325484 0.6050130278143022 0.07635834387252893 0.0 0.5480223191762345 0.0 0.2079972752716754 0.7121634820271792 0.36821007945938644 0.5310334670553423 0.0 0.03877096289359576 0.0 0.0 0.0 0.7611631639119689 0.0 0.0 0.0 0.0 0.0 0.0 0.0 0.0 0.0 0.0 0.0 0.0 0.0 0.0 0.0 0.0 0.0 0.0 0.0 0.0 0.0 0.0 0.0 0.0 0.0 0.0 0.0
hindered by internal squabbling over europe
0.0 0.0 0.0 0.0 1.00470758515643 0.0 0.0 0.0 0.0 0.0 0.0 0.0 0.0 0.0 0.0 0.0 1.53668211056981 0.41590987690024134 1.6042596285878377 0.6225492883213677 1.0644798865604408 0.0 0.0 0.0 0.0 0.0 0.0 0.0 0.0 0.0 0.0 0.0 0.0 0.0 0.0 0.0 0.0 0.0 0.0 0.0 0.0 0.0 0.0
a3dd3acpmvdvca
on top of that internal fighting has made it all the more helpless
0.1440775201827541 0.5119341004582557 0.06461090635367833 0.09292880186613844 0.4637111931491215 0.0 0.0 0.0 0.15578118746358657 0.4493360105852896 0.0 0.0328061993715041 0.0 0.1579075090716326 0.3005297449520826 0.0 0.0 0.0 0.0 0.0 0.0 0.3982339535064855 0.2417857875740576 0.27859005418619126 0.0 0.0 0.0 0.0 0.0 0.0 0.0 0.0 0.0 0.0 0.0 0.0 0.0 0.0 0.0 0.0 0.0 0.0 0.0
a3fq8i38xt2b4z
in addition to it the internal turmoil has nullified the effect
0.0 0.0 0.0 0.0 0.5480223191762345 0.0 0.0 0.0 0.18410503972969322 0.0 0.0 0.07754192578719152 0.0 0.18661796526647487 0.0 0.0 0.0 0.0 0.0 0.0 0.0 0.0 0.0 0.0 0.09362097295060737 0.5396980288557354 0.09817039179192368 0.6073744356691441 0.8120373264515528 0.524075278226039 0.0 0.0 0.0 0.0 0.0 0.0 0.0 0.0 0.0 0.0 0.0 0.0 0.0
a143bvgouf83je
an on top of that the internal issues have made is helpless
0.1560839801979836 0.5545952754964437 0.06999514854981818 0.10067286868831665 0.502353792578215 0.0 0.1906641689990358 0.0 0.0 0.4867806781340637 0.0 0.03554004931912944 0.0 0.0 0.32557389036475615 0.0 0.0 0.0 0.0 0.0 0.0 0.0 0.0 0.0 0.0 0.0 0.0 0.0 0.0 0.0 0.24586377214796581 0.44808854412313887 0.10890129323621885 0.0 0.0 0.0 0.0 0.0 0.0 0.0 0.0 0.0 0.0
a8v7wa74iohz9
plus internal affairs has made her helpless
0.0 0.0 0.0 0.0 0.8611779301340828 0.0 0.0 0.0 0.0 0.8344811625155378 0.0 0.0 0.0 0.29325680256160336 0.5581266691967248 0.0 0.0 0.0 0.0 0.0 0.0 0.0 0.0 0.0 0.0 0.0 0.0 0.0 0.0 0.0 0.0 0.0 0.0 1.0780166042638843 0.7573464450388637 0.5378245068658799 0.0 0.0 0.0 0.0 0.0 0.0 0.0
a19b522xqflysa
on top of that internal fighting has made it all the more helpless
0.1440775201827541 0.5119341004582557 0.06461090635367833 0.09292880186613844 0.4637111931491215 0.0 0.0 0.0 0.15578118746358657 0.4493360105852896 0.0 0.0328061993715041 0.0 0.1579075090716326 0.3005297449520826 0.0 0.0 0.0 0.0 0.0 0.0 0.3982339535064855 0.2417857875740576 0.27859005418619126 0.0 0.0 0.0 0.0 0.0 0.0 0.0 0.0 0.0 0.0 0.0 0.0 0.0 0.0 0.0 0.0 0.0 0.0 0.0
a230hf2okthmdz
on top of that internal fighting has made it all the more helpless
0.1440775201827541 0.5119341004582557 0.06461090635367833 0.09292880186613844 0.4637111931491215 0.0 0.0 0.0 0.15578118746358657 0.4493360105852896 0.0 0.0328061993715041 0.0 0.1579075090716326 0.3005297449520826 0.0 0.0 0.0 0.0 0.0 0.0 0.3982339535064855 0.2417857875740576 0.27859005418619126 0.0 0.0 0.0 0.0 0.0 0.0 0.0 0.0 0.0 0.0 0.0 0.0 0.0 0.0 0.0 0.0 0.0 0.0 0.0
a3odrygim0wb3t
on top of that internal fighting has made it all the more difficult
0.1440775201827541 0.5119341004582557 0.06461090635367833 0.09292880186613844 0.4637111931491215 0.0 0.0 0.0 0.15578118746358657 0.0 0.0 0.0328061993715041 0.0 0.1579075090716326 0.3005297449520826 0.0 0.0 0.0 0.0 0.0 0.0 0.3982339535064855 0.2417857875740576 0.27859005418619126 0.0 0.0 0.0 0.0 0.0 0.0 0.0 0.0 0.0 0.0 0.0 0.0 0.43873726424967013 0.0 0.0 0.0 0.0 0.0 0.0
a1yt9st6aq0bsp
in addition the internal turmoil has nullified the effect
0.0 0.0 0.0 0.0 0.6698050567709533 0.0 0.0 0.0 0.0 0.0 0.0 0.09477346485101185 0.0 0.2280886242145804 0.0 0.0 0.0 0.0 0.0 0.0 0.0 0.0 0.0 0.0 0.1144256336062979 0.65963092415701 0.0 0.7423465324845094 0.9924900656630089 0.6405364511651589 0.0 0.0 0.0 0.0 0.0 0.0 0.0 0.0 0.0 0.0 0.0 0.0 0.0
au2ar4vob7vlv
in addition to it the internal turmoil has nullified the effect
0.0 0.0 0.0 0.0 0.5480223191762345 0.0 0.0 0.0 0.18410503972969322 0.0 0.0 0.07754192578719152 0.0 0.18661796526647487 0.0 0.0 0.0 0.0 0.0 0.0 0.0 0.0 0.0 0.0 0.09362097295060737 0.5396980288557354 0.09817039179192368 0.6073744356691441 0.8120373264515528 0.524075278226039 0.0 0.0 0.0 0.0 0.0 0.0 0.0 0.0 0.0 0.0 0.0 0.0 0.0
al2rcq9eyun61
in addition the internal turmoil has nullified the effects of peace efforts elsewhere
0.0 0.0 0.06461090635367833 0.0 0.4637111931491215 0.0 0.0 0.0 0.0 0.0 0.0 0.0656123987430082 0.0 0.1579075090716326 0.0 0.0 0.0 0.0 0.0 0.0 0.0 0.0 0.0 0.0 0.07921774634282162 0.4566675628779299 0.0 0.513932214796968 0.6871085069974677 0.0 0.0 0.0 0.0 0.0 0.0 0.0 0.0 0.5714102457069851 0.3057557321508184 0.3674954928406573 0.7404275208866943 0.0 0.0
au2ar4vob7vlv
also the internal issues have made it helpless
0.0 0.0 0.0 0.0 0.7535306888673224 0.0 0.2859962534985537 0.0 0.25314442962832817 0.7301710172010956 0.0 0.05331007397869417 0.0 0.0 0.4883608355471342 0.0 0.0 0.0 0.0 0.0 0.0 0.0 0.0 0.0 0.0 0.0 0.0 0.0 0.0 0.0 0.0 0.6721328161847083 0.0 0.0 0.0 0.0 0.0 0.0 0.0 0.0 0.0 0.34489318200990887 0.0
a279zamy03pduy
and on top of that the internal issues have made it helpless
0.1560839801979836 0.5545952754964437 0.06999514854981818 0.10067286868831665 0.502353792578215 0.0 0.1906641689990358 0.0 0.16876295308555211 0.4867806781340637 0.0 0.03554004931912944 0.0 0.0 0.32557389036475615 0.0 0.0 0.0 0.0 0.0 0.0 0.0 0.0 0.0 0.0 0.0 0.0 0.0 0.0 0.0 0.0 0.44808854412313887 0.0 0.0 0.0 0.0 0.0 0.0 0.0 0.0 0.0 0.0 0.08283041998352432
a2sb2bw2w4t4ww
and on top of that internal issues have made it helpless
0.17027343294325484 0.6050130278143022 0.07635834387252893 0.1098249476599818 0.5480223191762345 0.0 0.2079972752716754 0.0 0.18410503972969322 0.5310334670553423 0.0 0.0 0.0 0.0 0.3551715167615522 0.0 0.0 0.0 0.0 0.0 0.0 0.0 0.0 0.0 0.0 0.0 0.0 0.0 0.0 0.0 0.0 0.4888238663161515 0.0 0.0 0.0 0.0 0.0 0.0 0.0 0.0 0.0 0.0 0.09036045816384472
a3i6odkoktfoow
plus internal affairs has made her helpless
0.0 0.0 0.0 0.0 0.8611779301340828 0.0 0.0 0.0 0.0 0.8344811625155378 0.0 0.0 0.0 0.29325680256160336 0.5581266691967248 0.0 0.0 0.0 0.0 0.0 0.0 0.0 0.0 0.0 0.0 0.0 0.0 0.0 0.0 0.0 0.0 0.0 0.0 1.0780166042638843 0.7573464450388637 0.5378245068658799 0.0 0.0 0.0 0.0 0.0 0.0 0.0
