and the bad news is that companys plane drowned in this financial crisis painful time of sunk sad part it company sank disappointment aircraft ship reason for concern was during companies dark side crashed crises like a when went down water but there still because also
and the bad news is that the companys plane drowned in this financial crisis
0.07099750284302085 0.06092579883279333 0.39937979524104505 0.30211857690286603 0.09334396563104473 0.08629103030427142 0.5538396853303882 0.45906318956973885 0.5801057410536251 0.07355933588976293 0.12239292023914428 0.3611439116558632 0.3492399516523236 0.0 0.0 0.0 0.0 0.0 0.0 0.0 0.0 0.0 0.0 0.0 0.0 0.0 0.0 0.0 0.0 0.0 0.0 0.0 0.0 0.0 0.0 0.0 0.0 0.0 0.0 0.0 0.0 0.0 0.0 0.0 0.0 0.0
and the painful news is that in the time of this financial crisis the companys plane sunk
0.058468531753075995 0.07526128091109764 0.0 0.2488035339200073 0.07687150110791918 0.07106320142704704 0.45610327027208436 0.37805203846919666 0.0 0.06057827661509889 0.10079416960870705 0.2974126331283579 0.28760937194897235 0.40890641894708807 0.22393880132013194 0.04940834015281284 0.5254359171157106 0.0 0.0 0.0 0.0 0.0 0.0 0.0 0.0 0.0 0.0 0.0 0.0 0.0 0.0 0.0 0.0 0.0 0.0 0.0 0.0 0.0 0.0 0.0 0.0 0.0 0.0 0.0 0.0 0.0
and the sad part of it is that the plane of the company sank in this financial crisis
0.05522027998901621 0.07108009863825888 0.0 0.0 0.07260086215747924 0.0671152457922111 0.0 0.3570491474431302 0.0 0.05721281680314895 0.09519449351933444 0.2808897090656714 0.2716310735073628 0.0 0.0 0.09332686473309092 0.0 0.3220509097243294 0.26327639589448604 0.11250863539036808 0.32912532207858514 0.4651552668350921 0.0 0.0 0.0 0.0 0.0 0.0 0.0 0.0 0.0 0.0 0.0 0.0 0.0 0.0 0.0 0.0 0.0 0.0 0.0 0.0 0.0 0.0 0.0 0.0
and the disappointment is that the aircraft sank in this time of financial crisis
0.07099750284302085 0.06092579883279333 0.0 0.0 0.09334396563104473 0.08629103030427142 0.0 0.0 0.0 0.07355933588976293 0.12239292023914428 0.3611439116558632 0.3492399516523236 0.0 0.2719256873173031 0.05999584161412987 0.0 0.0 0.0 0.0 0.0 0.5980567716451184 0.5267332837800379 0.5305952281564862 0.0 0.0 0.0 0.0 0.0 0.0 0.0 0.0 0.0 0.0 0.0 0.0 0.0 0.0 0.0 0.0 0.0 0.0 0.0 0.0 0.0 0.0
a28z6a8uc4er3x
and sad news is that ship of company sank in this financial crisis
0.07645884921556091 0.0 0.0 0.3253584674338557 0.10052427067958664 0.09292880186613844 0.0 0.0 0.0 0.07921774634282162 0.13180776025753999 0.38892421255246806 0.37610456331788694 0.0 0.0 0.06461090635367833 0.0 0.44591664423368693 0.0 0.0 0.45571198441650246 0.6440611386947429 0.0 0.0 0.5672512286861946 0.0 0.0 0.0 0.0 0.0 0.0 0.0 0.0 0.0 0.0 0.0 0.0 0.0 0.0 0.0 0.0 0.0 0.0 0.0 0.0 0.0
a3sw1e5d0b9v9a
the reason for concern is that the plane of the company was drowned during the financial crisis
0.0 0.1003483745481302 0.0 0.0 0.07687150110791918 0.07106320142704704 0.0 0.37805203846919666 0.4777341396912207 0.0 0.0 0.2974126331283579 0.28760937194897235 0.0 0.0 0.04940834015281284 0.0 0.0 0.0 0.0 0.3484856351420313 0.0 0.0 0.0 0.0 0.283619807458457 0.11357115877308324 0.39147901799748963 0.1292834665290666 0.23138297371113206 0.0 0.0 0.0 0.0 0.0 0.0 0.0 0.0 0.0 0.0 0.0 0.0 0.0 0.0 0.0 0.0
a3dd3acpmvdvca
and it was sad that the companies plane drowned during this financial crisis
0.07645884921556091 0.0328061993715041 0.0 0.0 0.0 0.09292880186613844 0.0 0.4943757426135649 0.6247292595962116 0.0 0.13180776025753999 0.38892421255246806 0.37610456331788694 0.0 0.0 0.0 0.0 0.44591664423368693 0.0 0.15578118746358657 0.0 0.0 0.0 0.0 0.0 0.0 0.0 0.0 0.16906299469185632 0.30257773485301886 0.5633055906563831 0.0 0.0 0.0 0.0 0.0 0.0 0.0 0.0 0.0 0.0 0.0 0.0 0.0 0.0 0.0
a8v7wa74iohz9
the dark side is that the companys plane crashed in this financial crises
0.0 0.0656123987430082 0.0 0.0 0.10052427067958664 0.09292880186613844 0.5964427380481103 0.4943757426135649 0.0 0.07921774634282162 0.13180776025753999 0.38892421255246806 0.0 0.0 0.0 0.0 0.0 0.0 0.0 0.0 0.0 0.0 0.0 0.0 0.0 0.0 0.0 0.0 0.0 0.0 0.0 0.55255467201214 0.3734517805431816 0.7404275208866943 0.6559188832968397 0.0 0.0 0.0 0.0 0.0 0.0 0.0 0.0 0.0 0.0 0.0
a1nee8mf6oybf8
the sad news is that the ship of company sank in this financial crisis
0.0 0.06092579883279333 0.0 0.30211857690286603 0.09334396563104473 0.08629103030427142 0.0 0.0 0.0 0.07355933588976293 0.12239292023914428 0.3611439116558632 0.3492399516523236 0.0 0.0 0.05999584161412987 0.0 0.4140654553598521 0.0 0.0 0.4231611283867523 0.5980567716451184 0.0 0.0 0.5267332837800379 0.0 0.0 0.0 0.0 0.0 0.0 0.0 0.0 0.0 0.0 0.0 0.0 0.0 0.0 0.0 0.0 0.0 0.0 0.0 0.0 0.0
a2qxd8jqk5bvez
and the sad news is that ship sank in this financial crisis
0.08283041998352432 0.03554004931912944 0.0 0.3524716730533437 0.10890129323621885 0.10067286868831665 0.0 0.0 0.0 0.08581922520472342 0.14279174027900166 0.4213345635985071 0.4074466102610442 0.0 0.0 0.0 0.0 0.48307636458649417 0.0 0.0 0.0 0.6977329002526381 0.0 0.0 0.6145221644100441 0.0 0.0 0.0 0.0 0.0 0.0 0.0 0.0 0.0 0.0 0.0 0.0 0.0 0.0 0.0 0.0 0.0 0.0 0.0 0.0 0.0
au2ar4vob7vlv
sad news is that the company sank like a ship in this financial crisis
0.0 0.030462899416396665 0.0 0.30211857690286603 0.09334396563104473 0.08629103030427142 0.0 0.0 0.0 0.07355933588976293 0.12239292023914428 0.3611439116558632 0.3492399516523236 0.0 0.0 0.0 0.0 0.4140654553598521 0.0 0.0 0.4231611283867523 0.5980567716451184 0.0 0.0 0.5267332837800379 0.0 0.0 0.0 0.0 0.0 0.0 0.0 0.0 0.0 0.0 0.26973092797001186 0.10127738194083881 0.0 0.0 0.0 0.0 0.0 0.0 0.0 0.0 0.0
ajh0yow6plss8
the reason for concern is that the company plane sank during the financial crisis
0.0 0.09138869824919 0.0 0.0 0.09334396563104473 0.08629103030427142 0.0 0.45906318956973885 0.0 0.0 0.0 0.3611439116558632 0.3492399516523236 0.0 0.0 0.0 0.0 0.0 0.0 0.0 0.4231611283867523 0.5980567716451184 0.0 0.0 0.0 0.34439548048526925 0.13790783565302964 0.47536737899695175 0.0 0.28096503950637464 0.0 0.0 0.0 0.0 0.0 0.0 0.0 0.0 0.0 0.0 0.0 0.0 0.0 0.0 0.0 0.0
a31ikb373dzonk
the reason for concern is that the company was in financial crisis when the plane went down in the water
0.0 0.08529611836591067 0.0 0.0 0.06534077594173131 0.060403721212989994 0.0 0.3213442326988172 0.0 0.1029830702456681 0.0 0.25280073815910425 0.24446796615662653 0.0 0.0 0.0 0.0 0.0 0.0 0.0 0.29621278987072663 0.0 0.0 0.0 0.0 0.24107683633968846 0.09653548495712075 0.3327571652978662 0.10989094654970662 0.0 0.0 0.0 0.0 0.0 0.0 0.0 0.0 0.16286852925882664 0.2800103040395938 0.2603358581865214 0.34757045610502485 0.0 0.0 0.0 0.0 0.0
a3m6cl5oao31z
but there was still concern because the companies plane was drowned during the financial crisis
0.0 0.05686407891060711 0.0 0.0 0.0 0.0 0.0 0.4284589769317562 0.5414320249833834 0.0 0.0 0.33706765087880564 0.32595728820883535 0.0 0.0 0.0 0.0 0.0 0.0 0.0 0.0 0.0 0.0 0.0 0.0 0.0 0.0 0.44367622039715493 0.293042524132551 0.2622340368726163 0.4881981785688653 0.0 0.0 0.0 0.0 0.0 0.0 0.0 0.0 0.0 0.0 0.17410948644776653 0.19093233351486466 0.28444105221083693 0.2613406678367842 0.0
a279zamy03pduy
and it was sad that the companys plane sunk during this financial crisis
0.07645884921556091 0.0328061993715041 0.0 0.0 0.0 0.09292880186613844 0.5964427380481103 0.4943757426135649 0.0 0.0 0.13180776025753999 0.38892421255246806 0.37610456331788694 0.0 0.0 0.0 0.6871085069974677 0.44591664423368693 0.0 0.15578118746358657 0.0 0.0 0.0 0.0 0.0 0.0 0.0 0.0 0.16906299469185632 0.30257773485301886 0.0 0.0 0.0 0.0 0.0 0.0 0.0 0.0 0.0 0.0 0.0 0.0 0.0 0.0 0.0 0.0
a1b6zigmal4vx5
it was also sad that the companys plane sunk during this financial crisis
0.0 0.0328061993715041 0.0 0.0 0.0 0.09292880186613844 0.5964427380481103 0.4943757426135649 0.0 0.0 0.13180776025753999 0.38892421255246806 0.37610456331788694 0.0 0.0 0.0 0.6871085069974677 0.44591664423368693 0.0 0.15578118746358657 0.0 0.0 0.0 0.0 0.0 0.0 0.0 0.0 0.16906299469185632 0.30257773485301886 0.0 0.0 0.0 0.0 0.0 0.0 0.0 0.0 0.0 0.0 0.0 0.0 0.0 0.0 0.0 0.21224195815994393
a291u81kgj6l9n
it was sad that the companys plane drowned during this financial crisis
0.0 0.03554004931912944 0.0 0.0 0.0 0.10067286868831665 0.6461462995521196 0.5355737211646953 0.6767900312292293 0.0 0.14279174027900166 0.4213345635985071 0.4074466102610442 0.0 0.0 0.0 0.0 0.48307636458649417 0.0 0.16876295308555211 0.0 0.0 0.0 0.0 0.0 0.0 0.0 0.0 0.18315157758284437 0.3277925460907704 0.0 0.0 0.0 0.0 0.0 0.0 0.0 0.0 0.0 0.0 0.0 0.0 0.0 0.0 0.0 0.0
amd40d0gc1l4r
the dark side is that the companys plane crashed in this financial crisis
0.0 0.0656123987430082 0.0 0.0 0.10052427067958664 0.09292880186613844 0.5964427380481103 0.4943757426135649 0.0 0.07921774634282162 0.13180776025753999 0.38892421255246806 0.37610456331788694 0.0 0.0 0.0 0.0 0.0 0.0 0.0 0.0 0.0 0.0 0.0 0.0 0.0 0.0 0.0 0.0 0.0 0.0 0.55255467201214 0.3734517805431816 0.7404275208866943 0.0 0.0 0.0 0.0 0.0 0.0 0.0 0.0 0.0 0.0 0.0 0.0
