this behavior has brought shame to the muslims as a result of deed heads all have bowed down with are in over act action made feel ashamed hung from due head shyness move because petulance muslim had their bow shamed
this behavior has brought shame to the muslims
0.21418761041850248 0.7866691576689777 0.25659970224140294 0.7518299823603501 0.7983599149203306 0.13498428871389506 0.05331007397869417 0.4819594368957876 0.0 0.0 0.0 0.0 0.0 0.0 0.0 0.0 0.0 0.0 0.0 0.0 0.0 0.0 0.0 0.0 0.0 0.0 0.0 0.0 0.0 0.0 0.0 0.0 0.0 0.0 0.0 0.0 0.0 0.0 0.0 0.0
as a result of this deed the heads of all muslims have bowed down with shame
0.10709380520925124 0.0 0.0 0.0 0.3991799574601653 0.0 0.026655036989347083 0.2409797184478938 0.16470632943957153 0.08861770919823396 0.3189855746548741 0.10499272282472728 0.4489506710098638 0.4209491258519288 0.1964509524039218 0.14299812674927684 0.5582756619354425 0.32541982273315173 0.14689909075464086 0.0 0.0 0.0 0.0 0.0 0.0 0.0 0.0 0.0 0.0 0.0 0.0 0.0 0.0 0.0 0.0 0.0 0.0 0.0 0.0 0.0
the heads of all the muslims are bowed in shame over this act
0.13180776025753999 0.0 0.0 0.0 0.49129840918174195 0.0 0.0656123987430082 0.29659042270510005 0.0 0.0 0.0 0.06461090635367833 0.0 0.5180912318177585 0.2417857875740576 0.0 0.6871085069974677 0.0 0.0 0.1620105041425251 0.07921774634282162 0.2873304407637082 0.41145320403930535 0.0 0.0 0.0 0.0 0.0 0.0 0.0 0.0 0.0 0.0 0.0 0.0 0.0 0.0 0.0 0.0 0.0
this action has made all muslims feel ashamed
0.21418761041850248 0.0 0.25659970224140294 0.0 0.0 0.0 0.0 0.4819594368957876 0.0 0.0 0.0 0.0 0.0 0.0 0.3929019048078436 0.0 0.0 0.0 0.0 0.0 0.0 0.0 0.0 0.5270182946841753 0.4883608355471342 0.7167171841770499 0.8454196113246946 0.0 0.0 0.0 0.0 0.0 0.0 0.0 0.0 0.0 0.0 0.0 0.0 0.0
a3dd3acpmvdvca
the heads of muslims have hung from shame over this action
0.15577280757709272 0.0 0.0 0.0 0.5806253926693313 0.0 0.03877096289359576 0.3505159541060273 0.0 0.0 0.0 0.07635834387252893 0.0 0.6122896376028055 0.0 0.2079972752716754 0.0 0.0 0.0 0.0 0.0 0.3395723390843824 0.0 0.38328603249758203 0.0 0.0 0.0 0.6860105663497446 0.21935405812982173 0.0 0.0 0.0 0.0 0.0 0.0 0.0 0.0 0.0 0.0 0.0
a1sanjgoj47idf
due to this action muslims head down with shyness
0.19038898703866888 0.0 0.0 0.0 0.0 0.11998603441235117 0.0 0.42840838835181116 0.0 0.0 0.0 0.0 0.0 0.0 0.0 0.0 0.0 0.5785241293033808 0.2611539391193615 0.0 0.0 0.0 0.0 0.46846070638593357 0.0 0.0 0.0 0.0 0.0 0.483617579218142 0.6091581161261659 1.0244547403798734 0.0 0.0 0.0 0.0 0.0 0.0 0.0 0.0
a2llfcd7di80k3
this move has ashamed all the muslims
0.24478584047828855 0.0 0.29325680256160336 0.0 0.0 0.0 0.06092579883279333 0.5508107850237572 0.0 0.0 0.0 0.0 0.0 0.0 0.4490307483518213 0.0 0.0 0.0 0.0 0.0 0.0 0.0 0.0 0.0 0.0 0.0 0.9661938415139366 0.0 0.0 0.0 0.0 0.0 0.9181263791394777 0.0 0.0 0.0 0.0 0.0 0.0 0.0
a28e6z78qj2yz6
because of this act head of the muslims petulance of shame
0.15577280757709272 0.0 0.0 0.0 0.5806253926693313 0.0 0.03877096289359576 0.3505159541060273 0.0 0.0 0.0 0.2290750316175868 0.0 0.0 0.0 0.0 0.0 0.0 0.0 0.0 0.0 0.0 0.4862628775009972 0.0 0.0 0.0 0.0 0.0 0.0 0.0 0.4984020950123175 0.0 0.0 0.3563736379592512 0.8750507065024569 0.0 0.0 0.0 0.0 0.0
a330jjzgjl7ig2
muslim heads hung from shame over this action
0.21418761041850248 0.0 0.0 0.0 0.7983599149203306 0.0 0.0 0.0 0.0 0.0 0.0 0.0 0.0 0.8418982517038576 0.0 0.0 0.0 0.0 0.0 0.0 0.0 0.46691196624102577 0.0 0.5270182946841753 0.0 0.0 0.0 0.9432645287308987 0.3016118299285049 0.0 0.0 0.0 0.0 0.0 0.0 0.5155374451227873 0.0 0.0 0.0 0.0
a1nee8mf6oybf8
the heads of muslims have hung from shame over this action
0.15577280757709272 0.0 0.0 0.0 0.5806253926693313 0.0 0.03877096289359576 0.3505159541060273 0.0 0.0 0.0 0.07635834387252893 0.0 0.6122896376028055 0.0 0.2079972752716754 0.0 0.0 0.0 0.0 0.0 0.3395723390843824 0.0 0.38328603249758203 0.0 0.0 0.0 0.6860105663497446 0.21935405812982173 0.0 0.0 0.0 0.0 0.0 0.0 0.0 0.0 0.0 0.0 0.0
a2qxd8jqk5bvez
the heads of muslims have hung from shame over this action
0.15577280757709272 0.0 0.0 0.0 0.5806253926693313 0.0 0.03877096289359576 0.3505159541060273 0.0 0.0 0.0 0.07635834387252893 0.0 0.6122896376028055 0.0 0.2079972752716754 0.0 0.0 0.0 0.0 0.0 0.3395723390843824 0.0 0.38328603249758203 0.0 0.0 0.0 0.6860105663497446 0.21935405812982173 0.0 0.0 0.0 0.0 0.0 0.0 0.0 0.0 0.0 0.0 0.0
ajfwu2g6a1bhs
due to this action muslims head down with shyness
0.19038898703866888 0.0 0.0 0.0 0.0 0.11998603441235117 0.0 0.42840838835181116 0.0 0.0 0.0 0.0 0.0 0.0 0.0 0.0 0.0 0.5785241293033808 0.2611539391193615 0.0 0.0 0.0 0.0 0.46846070638593357 0.0 0.0 0.0 0.0 0.0 0.483617579218142 0.6091581161261659 1.0244547403798734 0.0 0.0 0.0 0.0 0.0 0.0 0.0 0.0
a24bjjrcqbm3mi
because of this action muslims had their heads down with shyness
0.15577280757709272 0.0 0.0 0.0 0.0 0.0 0.0 0.3505159541060273 0.0 0.0 0.0 0.07635834387252893 0.0 0.6122896376028055 0.0 0.0 0.0 0.4733379239754934 0.21367140473402307 0.0 0.0 0.0 0.0 0.38328603249758203 0.0 0.0 0.0 0.0 0.0 0.0 0.0 0.8381902421289873 0.0 0.3563736379592512 0.0 0.0 0.31465371723105273 0.27065646361125545 0.0 0.0
al2rcq9eyun61
due to this action muslims bow their heads in shame
0.17135008833480198 0.0 0.0 0.0 0.6386879319362645 0.10798743097111604 0.0 0.3855675495166301 0.0 0.0 0.0 0.0 0.0 0.6735186013630861 0.0 0.0 0.0 0.0 0.0 0.0 0.1029830702456681 0.0 0.0 0.4216146357473402 0.0 0.0 0.0 0.0 0.0 0.43525582129632784 0.0 0.0 0.0 0.0 0.0 0.0 0.0 0.29772210997238097 0.870926703965287 0.0
a1q4bk19vweq6c
this move has shamed all muslims
0.2855834805580033 0.0 0.3421329363218706 0.0 0.0 0.0 0.0 0.6426125825277168 0.0 0.0 0.0 0.0 0.0 0.0 0.5238692064104581 0.0 0.0 0.0 0.0 0.0 0.0 0.0 0.0 0.0 0.0 0.0 0.0 0.0 0.0 0.0 0.0 0.0 1.0711474423293905 0.0 0.0 0.0 0.0 0.0 0.0 1.6042596285878377
a2zhr3rebfem5a
this move has ashamed all muslims
0.2855834805580033 0.0 0.3421329363218706 0.0 0.0 0.0 0.0 0.6426125825277168 0.0 0.0 0.0 0.0 0.0 0.0 0.5238692064104581 0.0 0.0 0.0 0.0 0.0 0.0 0.0 0.0 0.0 0.0 0.0 1.127226148432926 0.0 0.0 0.0 0.0 0.0 1.0711474423293905 0.0 0.0 0.0 0.0 0.0 0.0 0.0
a6tw9zegog7ph
this move has shamed all the muslims
0.24478584047828855 0.0 0.29325680256160336 0.0 0.0 0.0 0.06092579883279333 0.5508107850237572 0.0 0.0 0.0 0.0 0.0 0.0 0.4490307483518213 0.0 0.0 0.0 0.0 0.0 0.0 0.0 0.0 0.0 0.0 0.0 0.0 0.0 0.0 0.0 0.0 0.0 0.9181263791394777 0.0 0.0 0.0 0.0 0.0 0.0 1.375079681646718
ao86wz7i0vqzc
because of this act head of the muslims petulance of shame
0.15577280757709272 0.0 0.0 0.0 0.5806253926693313 0.0 0.03877096289359576 0.3505159541060273 0.0 0.0 0.0 0.2290750316175868 0.0 0.0 0.0 0.0 0.0 0.0 0.0 0.0 0.0 0.0 0.4862628775009972 0.0 0.0 0.0 0.0 0.0 0.0 0.0 0.4984020950123175 0.0 0.0 0.3563736379592512 0.8750507065024569 0.0 0.0 0.0 0.0 0.0
