the question that arises is how they managed to get there in spite of curfew as reached during hours did reach got despite could now raises after being curfewed then talibans entered area mangora destination it under taliban
the question that arises is how they managed to get there in spite of the curfew
0.05331007397869417 0.27861992053881907 0.07550465151623749 0.41756992452253655 0.08167596992716414 0.24521520962322008 0.16148179737901186 0.44373932045117315 0.06749214435694753 0.2718748370063503 0.17899906267018562 0.06436441890354257 0.41756992452253655 0.05249636141236364 0.38597313910596487 0.0 0.0 0.0 0.0 0.0 0.0 0.0 0.0 0.0 0.0 0.0 0.0 0.0 0.0 0.0 0.0 0.0 0.0 0.0 0.0 0.0 0.0 0.0
the question arises as to how they reached there during curfew hours
0.03554004931912944 0.3714932273850921 0.0 0.5567598993633821 0.0 0.3269536128309601 0.2153090631720158 0.0 0.08998952580926338 0.0 0.2386654168935808 0.0 0.0 0.0 0.5146308521412865 0.21960843925276205 0.45426420846928234 0.3277925460907704 0.45173876267800495 0.0 0.0 0.0 0.0 0.0 0.0 0.0 0.0 0.0 0.0 0.0 0.0 0.0 0.0 0.0 0.0 0.0 0.0 0.0
the question is how they reached there in spite of the curfew
0.07108009863825888 0.3714932273850921 0.0 0.0 0.10890129323621885 0.3269536128309601 0.2153090631720158 0.0 0.0 0.0 0.2386654168935808 0.08581922520472342 0.5567598993633821 0.06999514854981818 0.5146308521412865 0.0 0.45426420846928234 0.0 0.0 0.0 0.0 0.0 0.0 0.0 0.0 0.0 0.0 0.0 0.0 0.0 0.0 0.0 0.0 0.0 0.0 0.0 0.0 0.0
the question is how did they reach there during curfew
0.042648059182955333 0.4457918728621105 0.0 0.0 0.13068155188346262 0.39234433539715213 0.258370875806419 0.0 0.0 0.0 0.28639850027229696 0.0 0.0 0.0 0.6175570225695438 0.0 0.0 0.3933510553089245 0.0 0.4036438205190964 0.653451531816871 0.0 0.0 0.0 0.0 0.0 0.0 0.0 0.0 0.0 0.0 0.0 0.0 0.0 0.0 0.0 0.0 0.0
a3dd3acpmvdvca
the question arises as to how they got there despite the curfew
0.07108009863825888 0.3714932273850921 0.0 0.5567598993633821 0.0 0.3269536128309601 0.2153090631720158 0.0 0.08998952580926338 0.0 0.2386654168935808 0.0 0.0 0.0 0.5146308521412865 0.21960843925276205 0.0 0.0 0.0 0.0 0.0 0.4085503791568792 0.4213345635985071 0.0 0.0 0.0 0.0 0.0 0.0 0.0 0.0 0.0 0.0 0.0 0.0 0.0 0.0 0.0
a2de039cxxjuga
question arises how did they reach there during curfew
0.0 0.49532430318012277 0.0 0.7423465324845094 0.0 0.43593815044128015 0.2870787508960211 0.0 0.0 0.0 0.31822055585810777 0.0 0.0 0.0 0.6861744695217153 0.0 0.0 0.43705672812102725 0.0 0.44849313391010714 0.7260572575743011 0.0 0.0 0.0 0.0 0.0 0.0 0.0 0.0 0.0 0.0 0.0 0.0 0.0 0.0 0.0 0.0 0.0
a2llfcd7di80k3
the question is that how could they reach there during curfew
0.03877096289359576 0.405265338965555 0.1098249476599818 0.0 0.11880141080314784 0.35667666854286556 0.2348826143694718 0.0 0.0 0.0 0.26036227297481546 0.0 0.0 0.0 0.5614154750632216 0.0 0.0 0.35759186846265867 0.0 0.0 0.5940468471062463 0.0 0.0 0.39203198113502163 0.0 0.0 0.0 0.0 0.0 0.0 0.0 0.0 0.0 0.0 0.0 0.0 0.0 0.0
alrghxunh1uv7
now the question raises that after being curfewed then how the talibans entered in
0.06092579883279333 0.31842276633007893 0.08629103030427142 0.0 0.0 0.28024595385510864 0.0 0.0 0.0 0.0 0.0 0.07355933588976293 0.0 0.0 0.0 0.0 0.0 0.0 0.0 0.0 0.0 0.0 0.0 0.0 0.24471880792249157 0.63802932792622 0.21312307665822547 0.26111230400686913 0.737050353720498 0.24951749398797599 0.3962871662586647 0.49410768360177254 0.0 0.0 0.0 0.0 0.0 0.0
a363h2ekg4u5ij
the question arises as to how they got there despite the curfew
0.07108009863825888 0.3714932273850921 0.0 0.5567598993633821 0.0 0.3269536128309601 0.2153090631720158 0.0 0.08998952580926338 0.0 0.2386654168935808 0.0 0.0 0.0 0.5146308521412865 0.21960843925276205 0.0 0.0 0.0 0.0 0.0 0.4085503791568792 0.4213345635985071 0.0 0.0 0.0 0.0 0.0 0.0 0.0 0.0 0.0 0.0 0.0 0.0 0.0 0.0 0.0
a6tw9zegog7ph
the question arises as to how they got there despite the curfew
0.07108009863825888 0.3714932273850921 0.0 0.5567598993633821 0.0 0.3269536128309601 0.2153090631720158 0.0 0.08998952580926338 0.0 0.2386654168935808 0.0 0.0 0.0 0.5146308521412865 0.21960843925276205 0.0 0.0 0.0 0.0 0.0 0.4085503791568792 0.4213345635985071 0.0 0.0 0.0 0.0 0.0 0.0 0.0 0.0 0.0 0.0 0.0 0.0 0.0 0.0 0.0
a291u81kgj6l9n
the question arises as to how they got there despite the curfew
0.07108009863825888 0.3714932273850921 0.0 0.5567598993633821 0.0 0.3269536128309601 0.2153090631720158 0.0 0.08998952580926338 0.0 0.2386654168935808 0.0 0.0 0.0 0.5146308521412865 0.21960843925276205 0.0 0.0 0.0 0.0 0.0 0.4085503791568792 0.4213345635985071 0.0 0.0 0.0 0.0 0.0 0.0 0.0 0.0 0.0 0.0 0.0 0.0 0.0 0.0 0.0
a3jbnhlk1t5829
the question arises how did they reach that area during curfew
0.03877096289359576 0.405265338965555 0.1098249476599818 0.6073744356691441 0.0 0.35667666854286556 0.2348826143694718 0.0 0.0 0.0 0.0 0.0 0.0 0.0 0.5614154750632216 0.0 0.0 0.35759186846265867 0.0 0.3669489277446331 0.5940468471062463 0.0 0.0 0.0 0.0 0.0 0.0 0.0 0.0 0.0 0.0 0.0 0.4103245439245893 0.0 0.0 0.0 0.0 0.0
a3edprdq0s0hp3
question arises how did they reach there during curfew
0.0 0.49532430318012277 0.0 0.7423465324845094 0.0 0.43593815044128015 0.2870787508960211 0.0 0.0 0.0 0.31822055585810777 0.0 0.0 0.0 0.6861744695217153 0.0 0.0 0.43705672812102725 0.0 0.44849313391010714 0.7260572575743011 0.0 0.0 0.0 0.0 0.0 0.0 0.0 0.0 0.0 0.0 0.0 0.0 0.0 0.0 0.0 0.0 0.0
am78upj6d5fvk
how did they reach mangora during curfew
0.0 0.0 0.0 0.0 0.0 0.5604919077102173 0.36910125115202713 0.0 0.0 0.0 0.0 0.0 0.0 0.0 0.8822243179564911 0.0 0.0 0.5619300790127493 0.0 0.5766340293129949 0.9335021883098157 0.0 0.0 0.0 0.0 0.0 0.0 0.0 0.0 0.0 0.0 0.0 0.0 1.0970925174959587 0.0 0.0 0.0 0.0
aa1hdtufsq32b
the question is that how could they reach there destination during curfew
0.03554004931912944 0.3714932273850921 0.10067286868831665 0.0 0.10890129323621885 0.3269536128309601 0.2153090631720158 0.0 0.0 0.0 0.2386654168935808 0.0 0.0 0.0 0.5146308521412865 0.0 0.0 0.3277925460907704 0.0 0.0 0.5445429431807258 0.0 0.0 0.3593626493737698 0.0 0.0 0.0 0.0 0.0 0.0 0.0 0.0 0.0 0.0 0.6528165251915808 0.0 0.0 0.0
a3a4p6bwfe7hfn
the question is that how could they reach there during curfew
0.03877096289359576 0.405265338965555 0.1098249476599818 0.0 0.11880141080314784 0.35667666854286556 0.2348826143694718 0.0 0.0 0.0 0.26036227297481546 0.0 0.0 0.0 0.5614154750632216 0.0 0.0 0.35759186846265867 0.0 0.0 0.5940468471062463 0.0 0.0 0.39203198113502163 0.0 0.0 0.0 0.0 0.0 0.0 0.0 0.0 0.0 0.0 0.0 0.0 0.0 0.0
a6tw9zegog7ph
the question is how could they reach it during curfew
0.042648059182955333 0.4457918728621105 0.0 0.0 0.13068155188346262 0.39234433539715213 0.258370875806419 0.0 0.0 0.0 0.0 0.0 0.0 0.0 0.6175570225695438 0.0 0.0 0.3933510553089245 0.0 0.0 0.653451531816871 0.0 0.0 0.4312351792485238 0.0 0.0 0.0 0.0 0.0 0.0 0.0 0.0 0.0 0.0 0.0 0.20251554370266253 0.0 0.0
a312kfq78wb3a4
now the question is after being under curfew how did the taliban get in
0.06092579883279333 0.31842276633007893 0.0 0.0 0.09334396563104473 0.28024595385510864 0.0 0.0 0.0 0.3107140994358289 0.0 0.07355933588976293 0.0 0.0 0.44111215897824557 0.0 0.0 0.0 0.0 0.28831701465649745 0.0 0.0 0.0 0.0 0.24471880792249157 0.0 0.21312307665822547 0.26111230400686913 0.0 0.0 0.0 0.0 0.0 0.0 0.0 0.0 0.31350827204979115 0.24768000175665913
