may allah give us all the strength and courage for this boldness to do god grant power audacity daringness bless with ability task spirit it allahn daring perform blessed please needed our
may allah give us all the strength and courage for this
0.405265338965555 0.4078929522548594 0.401213009457491 0.3325572547497532 0.2857468398602499 0.03877096289359576 0.5705139712956746 0.09036045816384472 0.5363513040263975 0.17551906355840138 0.15577280757709272 0.0 0.0 0.0 0.0 0.0 0.0 0.0 0.0 0.0 0.0 0.0 0.0 0.0 0.0 0.0 0.0 0.0 0.0 0.0 0.0 0.0
may allah give us all the courage and boldness to do this
0.3714932273850921 0.3739018729002878 0.3677785920027001 0.30484415018727373 0.26193460320522904 0.03554004931912944 0.0 0.08283041998352432 0.49165536202419774 0.0 0.14279174027900166 0.859892079340581 0.08998952580926338 0.26981975461634905 0.0 0.0 0.0 0.0 0.0 0.0 0.0 0.0 0.0 0.0 0.0 0.0 0.0 0.0 0.0 0.0 0.0 0.0
may god grant us power and courage for this
0.49532430318012277 0.0 0.0 0.40645886691636496 0.0 0.0 0.0 0.11044055997803243 0.6555404826989304 0.21452329990471278 0.19038898703866888 0.0 0.0 0.0 0.5273945466565784 0.861528399402826 0.5031938645766352 0.0 0.0 0.0 0.0 0.0 0.0 0.0 0.0 0.0 0.0 0.0 0.0 0.0 0.0 0.0
may allah give us audacity for this
0.6368455326601579 0.6409746392576362 0.630477586290343 0.5225899717496121 0.0 0.0 0.0 0.0 0.0 0.2758156713060593 0.24478584047828855 0.0 0.0 0.0 0.0 0.0 0.0 1.218135068979845 0.0 0.0 0.0 0.0 0.0 0.0 0.0 0.0 0.0 0.0 0.0 0.0 0.0 0.0
a1sanjgoj47idf
allah give us courage and daringness
0.0 0.7478037458005756 0.7355571840054002 0.6096883003745475 0.0 0.0 0.0 0.16566083996704864 0.9833107240483955 0.0 0.0 0.0 0.0 0.0 0.0 0.0 0.0 0.0 1.53668211056981 0.0 0.0 0.0 0.0 0.0 0.0 0.0 0.0 0.0 0.0 0.0 0.0 0.0
a3fq8i38xt2b4z
allah bless us with the ability and courage to do this task
0.0 0.3739018729002878 0.0 0.30484415018727373 0.0 0.03554004931912944 0.0 0.08283041998352432 0.49165536202419774 0.0 0.14279174027900166 0.0 0.08998952580926338 0.26981975461634905 0.0 0.0 0.0 0.0 0.0 0.5567598993633821 0.19586545433952116 0.46894642248815227 0.5338901622215687 0.0 0.0 0.0 0.0 0.0 0.0 0.0 0.0 0.0
a28z6a8uc4er3x
allah grant us all spirit and courage for this
0.0 0.4985358305337171 0.0 0.40645886691636496 0.3492461376069721 0.0 0.0 0.11044055997803243 0.6555404826989304 0.21452329990471278 0.19038898703866888 0.0 0.0 0.0 0.0 0.861528399402826 0.0 0.0 0.0 0.0 0.0 0.0 0.0 0.8456283056649734 0.0 0.0 0.0 0.0 0.0 0.0 0.0 0.0
a8v7wa74iohz9
allah bless us all the courage for it
0.0 0.5608528093504317 0.0 0.4572662252809106 0.3929019048078436 0.05331007397869417 0.0 0.0 0.7374830430362966 0.24133871239280189 0.0 0.0 0.0 0.0 0.0 0.0 0.0 0.0 0.0 0.8351398490450731 0.0 0.0 0.0 0.0 0.25314442962832817 0.0 0.0 0.0 0.0 0.0 0.0 0.0
a1nee8mf6oybf8
allahn give us courage and daringness
0.0 0.0 0.7355571840054002 0.6096883003745475 0.0 0.0 0.0 0.16566083996704864 0.9833107240483955 0.0 0.0 0.0 0.0 0.0 0.0 0.0 0.0 0.0 1.53668211056981 0.0 0.0 0.0 0.0 0.0 0.0 1.719784158681162 0.0 0.0 0.0 0.0 0.0 0.0
ayeowkx2r19vz
allah give us courage and daring
0.0 0.7478037458005756 0.7355571840054002 0.6096883003745475 0.0 0.0 0.0 0.16566083996704864 0.9833107240483955 0.0 0.0 0.0 0.0 0.0 0.0 0.0 0.0 0.0 0.0 0.0 0.0 0.0 0.0 0.0 0.0 0.0 1.719784158681162 0.0 0.0 0.0 0.0 0.0
a1f79effmkv41a
allah give us courage and daringness
0.0 0.7478037458005756 0.7355571840054002 0.6096883003745475 0.0 0.0 0.0 0.16566083996704864 0.9833107240483955 0.0 0.0 0.0 0.0 0.0 0.0 0.0 0.0 0.0 1.53668211056981 0.0 0.0 0.0 0.0 0.0 0.0 0.0 0.0 0.0 0.0 0.0 0.0 0.0
a37rlacsw4br2k
allah bless us with the ability and courage to perform this task
0.0 0.3739018729002878 0.0 0.30484415018727373 0.0 0.03554004931912944 0.0 0.08283041998352432 0.49165536202419774 0.0 0.14279174027900166 0.0 0.08998952580926338 0.0 0.0 0.0 0.0 0.0 0.0 0.5567598993633821 0.19586545433952116 0.46894642248815227 0.5338901622215687 0.0 0.0 0.0 0.0 0.5950542601449188 0.0 0.0 0.0 0.0
a267yj5zc4d1st
allah bless us with the ability and courage to do this task allah blessed us with the ability and courage to do this task
0.0 0.3739018729002878 0.0 0.30484415018727373 0.0 0.03554004931912944 0.0 0.08283041998352432 0.49165536202419774 0.0 0.14279174027900166 0.0 0.08998952580926338 0.26981975461634905 0.0 0.0 0.0 0.0 0.0 0.27837994968169105 0.19586545433952116 0.46894642248815227 0.5338901622215687 0.0 0.0 0.0 0.0 0.0 0.37218377462362834 0.0 0.0 0.0
a1nfmtr7or7cu6
allah bless us with the ability and courage to do this task
0.0 0.3739018729002878 0.0 0.30484415018727373 0.0 0.03554004931912944 0.0 0.08283041998352432 0.49165536202419774 0.0 0.14279174027900166 0.0 0.08998952580926338 0.26981975461634905 0.0 0.0 0.0 0.0 0.0 0.5567598993633821 0.19586545433952116 0.46894642248815227 0.5338901622215687 0.0 0.0 0.0 0.0 0.0 0.0 0.0 0.0 0.0
a143awku99stc9
allah grant us all spirit and courage for this
0.0 0.4985358305337171 0.0 0.40645886691636496 0.3492461376069721 0.0 0.0 0.11044055997803243 0.6555404826989304 0.21452329990471278 0.19038898703866888 0.0 0.0 0.0 0.0 0.861528399402826 0.0 0.0 0.0 0.0 0.0 0.0 0.0 0.8456283056649734 0.0 0.0 0.0 0.0 0.0 0.0 0.0 0.0
a2eldzaxlm8quo
allah please grant us the spirit and courage needed for this
0.0 0.4078929522548594 0.0 0.3325572547497532 0.0 0.03877096289359576 0.0 0.09036045816384472 0.5363513040263975 0.17551906355840138 0.15577280757709272 0.0 0.0 0.0 0.0 0.7048868722386759 0.0 0.0 0.0 0.0 0.0 0.0 0.0 0.6918777046349782 0.0 0.0 0.0 0.0 0.0 0.48315987692195556 0.5689329037764138 0.0
a1g9f1kosfkijh
allah grant us all spirit and courage for this
0.0 0.4985358305337171 0.0 0.40645886691636496 0.3492461376069721 0.0 0.0 0.11044055997803243 0.6555404826989304 0.21452329990471278 0.19038898703866888 0.0 0.0 0.0 0.0 0.861528399402826 0.0 0.0 0.0 0.0 0.0 0.0 0.0 0.8456283056649734 0.0 0.0 0.0 0.0 0.0 0.0 0.0 0.0
a290hg650rgy73
allah bless us all with the courage for our task
0.0 0.44868224748034535 0.0 0.36581298022472847 0.3143215238462749 0.042648059182955333 0.0 0.0 0.5899864344290373 0.1930709699142415 0.0 0.0 0.0 0.0 0.0 0.0 0.0 0.0 0.0 0.6681118792360585 0.23503854520742537 0.0 0.6406681946658825 0.0 0.0 0.0 0.0 0.0 0.0 0.0 0.0 0.33507957502850866
