its true that war or an armed struggle does not solve any problems it rather increases them is and terrorist methods do but increase correct violent means settle they aggravate the path of violence on contrary further complicate this extremism puts blessings in right a destructive way never solves instead problem make more difficult extremist our give to adds very practice actually than only truth makes you correctly say solving are increased by take
its true that war or an armed struggle does not solve any problems it rather increases them
0.19493076249259475 0.28760937194897235 0.07106320142704704 0.21355001400824758 0.19001742196538685 0.1735508979867994 0.29300981602268544 0.37805203846919666 0.24670715065839802 0.12591926401396258 0.3579175557346889 0.20843169771473996 0.2753147225148956 0.11912679041333091 0.31887442071388583 0.41097061423010395 0.2007029513787304 0.0 0.0 0.0 0.0 0.0 0.0 0.0 0.0 0.0 0.0 0.0 0.0 0.0 0.0 0.0 0.0 0.0 0.0 0.0 0.0 0.0 0.0 0.0 0.0 0.0 0.0 0.0 0.0 0.0 0.0 0.0 0.0 0.0 0.0 0.0 0.0 0.0 0.0 0.0 0.0 0.0 0.0 0.0 0.0 0.0 0.0 0.0 0.0 0.0 0.0 0.0 0.0 0.0 0.0 0.0 0.0 0.0
it is true that war and terrorist methods do not solve problems but increase them
0.0 0.32595728820883535 0.08053829495065332 0.24202334920934726 0.0 0.0 0.0 0.0 0.0 0.14270849921582424 0.4056398964993141 0.0 0.3120233521835483 0.1350103624684417 0.0 0.0 0.22746334489589445 0.08712103458897508 0.06626433598681945 0.3159316750733832 0.5073769833989841 0.21585580369307925 0.17410948644776653 0.33239907725477347 0.0 0.0 0.0 0.0 0.0 0.0 0.0 0.0 0.0 0.0 0.0 0.0 0.0 0.0 0.0 0.0 0.0 0.0 0.0 0.0 0.0 0.0 0.0 0.0 0.0 0.0 0.0 0.0 0.0 0.0 0.0 0.0 0.0 0.0 0.0 0.0 0.0 0.0 0.0 0.0 0.0 0.0 0.0 0.0 0.0 0.0 0.0 0.0 0.0 0.0
it is correct that war and violent means do not settle problems rather they aggravate them
0.0 0.0 0.07550465151623749 0.22689688988376305 0.0 0.0 0.0 0.0 0.0 0.13378921801483523 0.0 0.0 0.29252189267207657 0.12657221481416409 0.3388040720085037 0.0 0.21324688583990106 0.08167596992716414 0.06212281498764324 0.0 0.0 0.2023648159622618 0.0 0.0 0.3687415215181483 0.43234422315155097 0.3505734219234148 0.46784322550192214 0.16148179737901186 0.48460972466408964 0.0 0.0 0.0 0.0 0.0 0.0 0.0 0.0 0.0 0.0 0.0 0.0 0.0 0.0 0.0 0.0 0.0 0.0 0.0 0.0 0.0 0.0 0.0 0.0 0.0 0.0 0.0 0.0 0.0 0.0 0.0 0.0 0.0 0.0 0.0 0.0 0.0 0.0 0.0 0.0 0.0 0.0 0.0 0.0
it is correct that war and the path of violence do not solve problems on the contrary they further complicate them
0.0 0.0 0.05752735353618094 0.17287382086381947 0.0 0.0 0.0 0.0 0.0 0.10193464229701732 0.2897427832137958 0.0 0.22287382298824882 0.09643597319174406 0.0 0.0 0.16247381778278175 0.06222931042069649 0.0473316685620139 0.0 0.0 0.15418271692362803 0.0 0.0 0.28094592115668443 0.0 0.0 0.0 0.12303375038400903 0.0 0.04061719922186222 0.30230538278737373 0.03999722774275325 0.2745156219279252 0.08919084582741921 0.3344222898134591 0.2697497429490213 0.491366902480332 0.0 0.0 0.0 0.0 0.0 0.0 0.0 0.0 0.0 0.0 0.0 0.0 0.0 0.0 0.0 0.0 0.0 0.0 0.0 0.0 0.0 0.0 0.0 0.0 0.0 0.0 0.0 0.0 0.0 0.0 0.0 0.0 0.0 0.0 0.0 0.0
a3dd3acpmvdvca
this is true that war and extremism do not solve problems but rather it puts blessings in them
0.0 0.2716310735073628 0.0671152457922111 0.2016861243411227 0.0 0.0 0.0 0.0 0.0 0.11892374934652021 0.3380332470827618 0.0 0.26001946015295696 0.11250863539036808 0.30115917511866996 0.0 0.18955278741324538 0.07260086215747924 0.05522027998901621 0.0 0.0 0.17987983641089939 0.14509123870647211 0.0 0.0 0.0 0.0 0.0 0.0 0.0 0.0 0.0 0.0 0.0 0.0 0.0 0.0 0.0 0.09519449351933444 0.3096540457624289 0.4511933541528195 0.4838481688696039 0.05721281680314895 0.0 0.0 0.0 0.0 0.0 0.0 0.0 0.0 0.0 0.0 0.0 0.0 0.0 0.0 0.0 0.0 0.0 0.0 0.0 0.0 0.0 0.0 0.0 0.0 0.0 0.0 0.0 0.0 0.0 0.0 0.0
alzgu09bjzsiw
this is right that war is a destructive way it never solves problems instead it increases it
0.0 0.0 0.07106320142704704 0.21355001400824758 0.0 0.0 0.0 0.0 0.0 0.0 0.0 0.0 0.2753147225148956 0.3573803712399927 0.0 0.41097061423010395 0.0 0.15374300221583836 0.0 0.0 0.0 0.0 0.0 0.0 0.0 0.0 0.0 0.0 0.0 0.0 0.0 0.0 0.0 0.0 0.0 0.0 0.0 0.0 0.10079416960870705 0.0 0.0 0.0 0.0 0.27876324271180875 0.08340490277480843 0.40130572886002885 0.2591295262616883 0.28056640395245597 0.5423583919658154 0.3080765051236769 0.0 0.0 0.0 0.0 0.0 0.0 0.0 0.0 0.0 0.0 0.0 0.0 0.0 0.0 0.0 0.0 0.0 0.0 0.0 0.0 0.0 0.0 0.0 0.0
a353ocl6lm6m4o
it is right that the war is the way that does not solve the problem but make it more difficult
0.0 0.0 0.12080744242597999 0.18151751190701043 0.0 0.0 0.0 0.0 0.2097010780596383 0.10703137441186819 0.3042299223744856 0.0 0.0 0.20251554370266253 0.0 0.0 0.0 0.13068155188346262 0.0 0.0 0.0 0.0 0.13058211483582488 0.0 0.0 0.0 0.0 0.0 0.0 0.0 0.063972088774433 0.0 0.0 0.0 0.0 0.0 0.0 0.0 0.0 0.0 0.0 0.0 0.0 0.23694875630503742 0.0 0.0 0.22026009732243504 0.0 0.0 0.0 0.23946379322877737 0.22799015891048452 0.18108353522102433 0.2851792217622856 0.0 0.0 0.0 0.0 0.0 0.0 0.0 0.0 0.0 0.0 0.0 0.0 0.0 0.0 0.0 0.0 0.0 0.0 0.0 0.0
a3b84pq645okwb
this extremist path of war does not solve our problems but increases them
0.0 0.0 0.0 0.2792577106261699 0.0 0.0 0.0 0.0 0.32261704316867434 0.16466365294133567 0.46804603442228554 0.0 0.3600269448271712 0.0 0.0 0.5374231109162898 0.262457705649109 0.0 0.0 0.0 0.0 0.0 0.20089556128588446 0.0 0.0 0.0 0.0 0.0 0.0 0.0 0.0 0.4883394645026807 0.06461090635367833 0.0 0.0 0.0 0.0 0.0 0.13180776025753999 0.0 0.0 0.0 0.0 0.0 0.0 0.0 0.0 0.0 0.0 0.0 0.0 0.0 0.0 0.0 0.41252906880659307 0.25775351925269896 0.0 0.0 0.0 0.0 0.0 0.0 0.0 0.0 0.0 0.0 0.0 0.0 0.0 0.0 0.0 0.0 0.0 0.0
a2qxd8jqk5bvez
this is true that war and extremism do not solve problems but rather it puts blessings in them
0.0 0.2716310735073628 0.0671152457922111 0.2016861243411227 0.0 0.0 0.0 0.0 0.0 0.11892374934652021 0.3380332470827618 0.0 0.26001946015295696 0.11250863539036808 0.30115917511866996 0.0 0.18955278741324538 0.07260086215747924 0.05522027998901621 0.0 0.0 0.17987983641089939 0.14509123870647211 0.0 0.0 0.0 0.0 0.0 0.0 0.0 0.0 0.0 0.0 0.0 0.0 0.0 0.0 0.0 0.09519449351933444 0.3096540457624289 0.4511933541528195 0.4838481688696039 0.05721281680314895 0.0 0.0 0.0 0.0 0.0 0.0 0.0 0.0 0.0 0.0 0.0 0.0 0.0 0.0 0.0 0.0 0.0 0.0 0.0 0.0 0.0 0.0 0.0 0.0 0.0 0.0 0.0 0.0 0.0 0.0 0.0
a330jjzgjl7ig2
it is true that war and extremism do not solve problems but rather give blessings to them
0.0 0.28760937194897235 0.07106320142704704 0.21355001400824758 0.0 0.0 0.0 0.0 0.0 0.12591926401396258 0.3579175557346889 0.0 0.2753147225148956 0.11912679041333091 0.31887442071388583 0.0 0.2007029513787304 0.07687150110791918 0.058468531753075995 0.0 0.0 0.19046100325859935 0.15362601745391163 0.0 0.0 0.0 0.0 0.0 0.0 0.0 0.0 0.0 0.0 0.0 0.0 0.0 0.0 0.0 0.0 0.3278689896308071 0.0 0.5123098258619335 0.0 0.0 0.0 0.0 0.0 0.0 0.0 0.0 0.0 0.0 0.0 0.0 0.0 0.0 0.25960841788425887 0.06352201821830356 0.0 0.0 0.0 0.0 0.0 0.0 0.0 0.0 0.0 0.0 0.0 0.0 0.0 0.0 0.0 0.0
a1fxoxn23tdqwc
it is true that war and extremism do not solve problems but adds blessings to them
0.0 0.30558495769578314 0.07550465151623749 0.22689688988376305 0.0 0.0 0.0 0.0 0.0 0.13378921801483523 0.380287402968107 0.0 0.29252189267207657 0.12657221481416409 0.0 0.0 0.21324688583990106 0.08167596992716414 0.06212281498764324 0.0 0.0 0.2023648159622618 0.16322764354478111 0.0 0.0 0.0 0.0 0.0 0.0 0.0 0.0 0.0 0.0 0.0 0.0 0.0 0.0 0.0 0.0 0.3483608014827325 0.0 0.5443291899783044 0.0 0.0 0.0 0.0 0.0 0.0 0.0 0.0 0.0 0.0 0.0 0.0 0.0 0.0 0.0 0.06749214435694753 0.5329340926786822 0.0 0.0 0.0 0.0 0.0 0.0 0.0 0.0 0.0 0.0 0.0 0.0 0.0 0.0 0.0
a1yqg4gns4or
it is right that war is a very destructive practice that never solves problems but actually increases them
0.0 0.0 0.1342304915844222 0.2016861243411227 0.0 0.0 0.0 0.0 0.0 0.0 0.0 0.0 0.26001946015295696 0.11250863539036808 0.0 0.3881389134395426 0.18955278741324538 0.14520172431495848 0.0 0.0 0.0 0.0 0.14509123870647211 0.0 0.0 0.0 0.0 0.0 0.0 0.0 0.0 0.0 0.0 0.0 0.0 0.0 0.0 0.0 0.0 0.0 0.0 0.0 0.0 0.26327639589448604 0.07877129706509685 0.37901096614558283 0.0 0.26497938151065287 0.5122273701899367 0.0 0.0 0.0 0.0 0.0 0.0 0.0 0.0 0.0 0.0 0.230273269343613 0.40968144294002945 0.31470803344052484 0.0 0.0 0.0 0.0 0.0 0.0 0.0 0.0 0.0 0.0 0.0 0.0
a2blrglxnlm1uq
this war is not right it is destructive and increase our problems rather than solve it
0.0 0.0 0.0 0.22689688988376305 0.0 0.0 0.0 0.0 0.0 0.13378921801483523 0.380287402968107 0.0 0.29252189267207657 0.25314442962832817 0.3388040720085037 0.0 0.0 0.16335193985432828 0.06212281498764324 0.0 0.0 0.0 0.0 0.3116241349263501 0.0 0.0 0.0 0.0 0.0 0.0 0.0 0.0 0.0 0.0 0.0 0.0 0.0 0.0 0.10709380520925124 0.0 0.0 0.0 0.0 0.2961859453812968 0.0 0.42638733691378067 0.0 0.0 0.0 0.0 0.0 0.0 0.0 0.0 0.0 0.20942473439281792 0.0 0.0 0.0 0.0 0.0 0.0 0.2598436018994934 0.0 0.0 0.0 0.0 0.0 0.0 0.0 0.0 0.0 0.0 0.0
a1395pss402i1j
it is true that war is only destructive it never solves problems instead it increases it
0.0 0.30558495769578314 0.07550465151623749 0.22689688988376305 0.0 0.0 0.0 0.0 0.0 0.0 0.0 0.0 0.29252189267207657 0.5062888592566563 0.0 0.43665627761948544 0.0 0.16335193985432828 0.0 0.0 0.0 0.0 0.0 0.0 0.0 0.0 0.0 0.0 0.0 0.0 0.0 0.0 0.0 0.0 0.0 0.0 0.0 0.0 0.0 0.0 0.0 0.0 0.0 0.0 0.0 0.42638733691378067 0.0 0.29810180419948445 0.5762557914636788 0.3273312866939067 0.0 0.0 0.0 0.0 0.0 0.0 0.0 0.0 0.0 0.0 0.0 0.0 0.0 0.2103735192163814 0.0 0.0 0.0 0.0 0.0 0.0 0.0 0.0 0.0 0.0
a2zhr3rebfem5a
the truth is that war does not solve the problem but instead makes it more difficult
0.0 0.0 0.07550465151623749 0.22689688988376305 0.0 0.0 0.0 0.0 0.2621263475745479 0.13378921801483523 0.380287402968107 0.0 0.0 0.12657221481416409 0.0 0.0 0.0 0.08167596992716414 0.0 0.0 0.0 0.0 0.16322764354478111 0.0 0.0 0.0 0.0 0.0 0.0 0.0 0.05331007397869417 0.0 0.0 0.0 0.0 0.0 0.0 0.0 0.0 0.0 0.0 0.0 0.0 0.0 0.0 0.0 0.0 0.0 0.0 0.3273312866939067 0.2993297415359717 0.0 0.2263544190262804 0.356474027202857 0.0 0.0 0.0 0.0 0.0 0.0 0.0 0.0 0.0 0.0 0.3313390697045029 0.4128208053364164 0.0 0.0 0.0 0.0 0.0 0.0 0.0 0.0
a3bnv4r3pkyf7u
it is right that the war is the way that does not solve the problem but make it more difficult
0.0 0.0 0.12080744242597999 0.18151751190701043 0.0 0.0 0.0 0.0 0.2097010780596383 0.10703137441186819 0.3042299223744856 0.0 0.0 0.20251554370266253 0.0 0.0 0.0 0.13068155188346262 0.0 0.0 0.0 0.0 0.13058211483582488 0.0 0.0 0.0 0.0 0.0 0.0 0.0 0.063972088774433 0.0 0.0 0.0 0.0 0.0 0.0 0.0 0.0 0.0 0.0 0.0 0.0 0.23694875630503742 0.0 0.0 0.22026009732243504 0.0 0.0 0.0 0.23946379322877737 0.22799015891048452 0.18108353522102433 0.2851792217622856 0.0 0.0 0.0 0.0 0.0 0.0 0.0 0.0 0.0 0.0 0.0 0.0 0.0 0.0 0.0 0.0 0.0 0.0 0.0 0.0
a3ekiovcnyj9bj
it is right that the war is the way that does not solve the problem but make it more difficult you correctly say that war makes the problem more difficult rather than solving it
0.0 0.0 0.10659480214057059 0.21355001400824758 0.0 0.0 0.0 0.0 0.12335357532919901 0.06295963200698129 0.17895877786734446 0.0 0.0 0.17869018561999636 0.15943721035694292 0.0 0.0 0.07687150110791918 0.0 0.0 0.0 0.0 0.07681300872695582 0.0 0.0 0.0 0.0 0.0 0.0 0.0 0.0501741872740651 0.0 0.0 0.0 0.0 0.0 0.0 0.0 0.0 0.0 0.0 0.0 0.0 0.13938162135590437 0.0 0.0 0.12956476313084414 0.0 0.0 0.0 0.28172210968091455 0.13411185818263793 0.21303945320120507 0.33550496677915953 0.0 0.0 0.0 0.0 0.0 0.0 0.0 0.0 0.12227934207034984 0.0 0.0 0.19426861427596065 0.09375900358207717 0.23886706984561035 0.11510224982518026 0.2125783087861369 0.0 0.0 0.0 0.0
a31ocn4mnhuq6w
this extremist path of war does not solve our problems but increases them our problems are increased by the path of war the extremist take
0.0 0.0 0.0 0.29042801905121673 0.0 0.0 0.0 0.0 0.16776086244771066 0.08562509952949454 0.24338393789958845 0.0 0.374428022620258 0.0 0.0 0.27946001767647066 0.13647800693753667 0.0 0.0 0.0 0.0 0.0 0.10446569186865991 0.0 0.0 0.0 0.0 0.0 0.0 0.0 0.03411844734636427 0.5078730430827879 0.06719534260782546 0.0 0.0 0.0 0.0 0.0 0.06854003533392079 0.0 0.0 0.0 0.0 0.0 0.0 0.0 0.0 0.0 0.0 0.0 0.0 0.0 0.0 0.0 0.4290302315588568 0.26806366002280696 0.0 0.0 0.0 0.0 0.0 0.0 0.0 0.0 0.0 0.0 0.0 0.0 0.0 0.0 0.08424546215411306 0.19773706177611225 0.09981837045605792 0.15441466674968723
