pashtun roar nomad rohr pusthon ror pushtun force pashtoon rore persian era the
pashtun roar
4.46620529548354 4.354633519826435 0.0 0.0 0.0 0.0 0.0 0.0 0.0 0.0 0.0 0.0 0.0
pashtun nomad
4.46620529548354 0.0 5.159352476043486 0.0 0.0 0.0 0.0 0.0 0.0 0.0 0.0 0.0 0.0
pashtun rohr
4.46620529548354 0.0 0.0 5.159352476043486 0.0 0.0 0.0 0.0 0.0 0.0 0.0 0.0 0.0
pusthon ror
0.0 0.0 0.0 0.0 5.159352476043486 5.159352476043486 0.0 0.0 0.0 0.0 0.0 0.0 0.0
a3dd3acpmvdvca
pushtun force
0.0 0.0 0.0 0.0 0.0 0.0 3.876877797312717 2.4625387028673047 0.0 0.0 0.0 0.0 0.0
a143bvgouf83je
pashtoon rore
0.0 0.0 0.0 0.0 0.0 0.0 0.0 0.0 4.119631705203568 4.46620529548354 0.0 0.0 0.0
a2de039cxxjuga
pashtoon roar
0.0 4.354633519826435 0.0 0.0 0.0 0.0 0.0 0.0 4.119631705203568 0.0 0.0 0.0 0.0
a1u0z1mafqeh9y
persian era
0.0 0.0 0.0 0.0 0.0 0.0 0.0 0.0 0.0 0.0 4.61004633170943 3.072158841095667 0.0
a330jjzgjl7ig2
pushtun force
0.0 0.0 0.0 0.0 0.0 0.0 3.876877797312717 2.4625387028673047 0.0 0.0 0.0 0.0 0.0
a3rm9xsnd3mrj3
pushtun force
0.0 0.0 0.0 0.0 0.0 0.0 3.876877797312717 2.4625387028673047 0.0 0.0 0.0 0.0 0.0
a9x4g4wpj27d6
pushtun force
0.0 0.0 0.0 0.0 0.0 0.0 3.876877797312717 2.4625387028673047 0.0 0.0 0.0 0.0 0.0
a2miig4vdudbb6
pashtoon rore
0.0 0.0 0.0 0.0 0.0 0.0 0.0 0.0 4.119631705203568 4.46620529548354 0.0 0.0 0.0
a2qxd8jqk5bvez
pashtoon rore
0.0 0.0 0.0 0.0 0.0 0.0 0.0 0.0 4.119631705203568 4.46620529548354 0.0 0.0 0.0
au2ar4vob7vlv
pashtoon rore
0.0 0.0 0.0 0.0 0.0 0.0 0.0 0.0 4.119631705203568 4.46620529548354 0.0 0.0 0.0
al2rcq9eyun61
pashtoon roar
0.0 4.354633519826435 0.0 0.0 0.0 0.0 0.0 0.0 4.119631705203568 0.0 0.0 0.0 0.0
a2ylf04uakyvf1
pashtoon roar
0.0 4.354633519826435 0.0 0.0 0.0 0.0 0.0 0.0 4.119631705203568 0.0 0.0 0.0 0.0
a3m4exda4ue7bp
pashtoon roar
0.0 4.354633519826435 0.0 0.0 0.0 0.0 0.0 0.0 4.119631705203568 0.0 0.0 0.0 0.0
a3ohqrf1mdq99b
the persian era
0.0 0.0 0.0 0.0 0.0 0.0 0.0 0.0 0.0 0.0 3.07336422113962 2.0481058940637777 0.14216019727651777
