in his words these people secretly try to blow up schools and threaten boys girls they the own intimidate wordsthese tried destroy threat children go school demolish give threats frighten privately ip warn according him by threatening going he said chemical herbal health supplements have become much more popular recent years include hgh or human growth hormone
in his words these people secretly try to blow up schools and threaten boys and girls
0.06436441890354257 0.16690262007406567 0.34466774420960716 0.18821891483263953 0.16917890953165962 0.4489506710098638 0.3397439393437875 0.06749214435694753 0.45463640714772174 0.2690618622527606 0.3166519702525213 0.12424562997528649 0.4462906951086891 0.3694991065514199 0.29810180419948445 0.0 0.0 0.0 0.0 0.0 0.0 0.0 0.0 0.0 0.0 0.0 0.0 0.0 0.0 0.0 0.0 0.0 0.0 0.0 0.0 0.0 0.0 0.0 0.0 0.0 0.0 0.0 0.0 0.0 0.0 0.0 0.0 0.0 0.0 0.0 0.0 0.0 0.0 0.0 0.0 0.0 0.0
in his words they try secretly to blow up schools and threaten the boys and girls
0.06436441890354257 0.16690262007406567 0.34466774420960716 0.0 0.0 0.4489506710098638 0.3397439393437875 0.06749214435694753 0.45463640714772174 0.2690618622527606 0.3166519702525213 0.12424562997528649 0.4462906951086891 0.3694991065514199 0.29810180419948445 0.16148179737901186 0.026655036989347083 0.0 0.0 0.0 0.0 0.0 0.0 0.0 0.0 0.0 0.0 0.0 0.0 0.0 0.0 0.0 0.0 0.0 0.0 0.0 0.0 0.0 0.0 0.0 0.0 0.0 0.0 0.0 0.0 0.0 0.0 0.0 0.0 0.0 0.0 0.0 0.0 0.0 0.0 0.0 0.0
in his words these people secretly try to blow up schools and threaten boys and girls
0.06436441890354257 0.16690262007406567 0.34466774420960716 0.18821891483263953 0.16917890953165962 0.4489506710098638 0.3397439393437875 0.06749214435694753 0.45463640714772174 0.2690618622527606 0.3166519702525213 0.12424562997528649 0.4462906951086891 0.3694991065514199 0.29810180419948445 0.0 0.0 0.0 0.0 0.0 0.0 0.0 0.0 0.0 0.0 0.0 0.0 0.0 0.0 0.0 0.0 0.0 0.0 0.0 0.0 0.0 0.0 0.0 0.0 0.0 0.0 0.0 0.0 0.0 0.0 0.0 0.0 0.0 0.0 0.0 0.0 0.0 0.0 0.0 0.0 0.0 0.0
in his own words these people try to blow up schools and intimidate girls
0.07355933588976293 0.1907458515132179 0.39390599338240817 0.21510733123730233 0.19334732517903958 0.0 0.3882787878214714 0.07713387926508289 0.519584465311682 0.3074992711460121 0.3618879660028815 0.07099750284302085 0.0 0.0 0.34068777622798224 0.0 0.0 0.3029330506241383 0.737050353720498 0.0 0.0 0.0 0.0 0.0 0.0 0.0 0.0 0.0 0.0 0.0 0.0 0.0 0.0 0.0 0.0 0.0 0.0 0.0 0.0 0.0 0.0 0.0 0.0 0.0 0.0 0.0 0.0 0.0 0.0 0.0 0.0 0.0 0.0 0.0 0.0 0.0 0.0
a353ocl6lm6m4o
in his wordsthese people tried to destroy the schools threat the children to go to school
0.06436441890354257 0.16690262007406567 0.0 0.0 0.16917890953165962 0.0 0.0 0.2024764330708426 0.0 0.0 0.3166519702525213 0.0 0.0 0.0 0.0 0.0 0.05331007397869417 0.0 0.0 0.6015973607204391 0.41756992452253655 0.3991799574601653 0.3383393858530338 0.27155595876360683 0.33474127011419147 0.3517098168661142 0.0 0.0 0.0 0.0 0.0 0.0 0.0 0.0 0.0 0.0 0.0 0.0 0.0 0.0 0.0 0.0 0.0 0.0 0.0 0.0 0.0 0.0 0.0 0.0 0.0 0.0 0.0 0.0 0.0 0.0 0.0
a2de039cxxjuga
in his words secretly these people try to demolish schools and give threats to girls
0.06865538016377874 0.17802946141233672 0.367645593823581 0.20076684248814883 0.18045750350043693 0.4788807157438547 0.36239353530004 0.1439832412948214 0.0 0.0 0.3377621016026894 0.06626433598681945 0.0 0.0 0.3179752578127834 0.0 0.0 0.0 0.0 0.0 0.0 0.0 0.0 0.0 0.0 0.0 0.5344079906061949 0.29422287360216004 0.44718580262951646 0.0 0.0 0.0 0.0 0.0 0.0 0.0 0.0 0.0 0.0 0.0 0.0 0.0 0.0 0.0 0.0 0.0 0.0 0.0 0.0 0.0 0.0 0.0 0.0 0.0 0.0 0.0 0.0
a3dd3acpmvdvca
in his words these people try to secretly blow up schools and frighten the boys and girls
0.06057827661509889 0.15708481889323828 0.3243931710208067 0.17714721396013133 0.15922720897097375 0.4225418080092836 0.3197590017353294 0.06352201821830356 0.4278930890802087 0.2532346938849511 0.2980253837670789 0.11693706350615199 0.0 0.3477638649895716 0.28056640395245597 0.0 0.02508709363703255 0.0 0.0 0.0 0.0 0.0 0.0 0.0 0.0 0.0 0.0 0.0 0.0 0.5123098258619335 0.0 0.0 0.0 0.0 0.0 0.0 0.0 0.0 0.0 0.0 0.0 0.0 0.0 0.0 0.0 0.0 0.0 0.0 0.0 0.0 0.0 0.0 0.0 0.0 0.0 0.0 0.0
a2i57ww1b3evwx
in his words these people privately try to blow ip schools and try to warn girls and boys
0.05721281680314895 0.1483578845102806 0.30637132818631746 0.16730570207345735 0.15038125291703078 0.0 0.6039892255000666 0.11998603441235117 0.4041212507979749 0.0 0.28146841800224115 0.11044055997803243 0.0 0.32844365026792877 0.26497938151065287 0.0 0.0 0.0 0.0 0.0 0.0 0.0 0.0 0.0 0.0 0.0 0.0 0.0 0.0 0.0 0.5732613862270539 0.5732613862270539 0.4453399921718291 0.0 0.0 0.0 0.0 0.0 0.0 0.0 0.0 0.0 0.0 0.0 0.0 0.0 0.0 0.0 0.0 0.0 0.0 0.0 0.0 0.0 0.0 0.0 0.0
a3qu3km3iywhif
according to him these people tried to destroy the schools by threatening the children going to school
0.0 0.0 0.0 0.17714721396013133 0.15922720897097375 0.0 0.0 0.19056605465491067 0.0 0.0 0.2980253837670789 0.0 0.0 0.0 0.0 0.0 0.0501741872740651 0.0 0.0 0.0 0.39300698778591675 0.3756987834919203 0.0 0.2555820788363358 0.0 0.3310210041092839 0.0 0.0 0.0 0.0 0.0 0.0 0.0 0.1937156845557912 0.2190759701374819 0.14679172125890871 0.40311582642866145 0.26206316332287494 0.0 0.0 0.0 0.0 0.0 0.0 0.0 0.0 0.0 0.0 0.0 0.0 0.0 0.0 0.0 0.0 0.0 0.0 0.0
attzel5iaoiw5
in his wordsthese people tried to destroy the schools threat the children to go to school
0.06436441890354257 0.16690262007406567 0.0 0.0 0.16917890953165962 0.0 0.0 0.2024764330708426 0.0 0.0 0.3166519702525213 0.0 0.0 0.0 0.0 0.0 0.05331007397869417 0.0 0.0 0.6015973607204391 0.41756992452253655 0.3991799574601653 0.3383393858530338 0.27155595876360683 0.33474127011419147 0.3517098168661142 0.0 0.0 0.0 0.0 0.0 0.0 0.0 0.0 0.0 0.0 0.0 0.0 0.0 0.0 0.0 0.0 0.0 0.0 0.0 0.0 0.0 0.0 0.0 0.0 0.0 0.0 0.0 0.0 0.0 0.0 0.0
a1c0lbe9vl3ax
in his own words these people tried to destroy the schools threat the children to go to school
0.05721281680314895 0.1483578845102806 0.30637132818631746 0.16730570207345735 0.15038125291703078 0.0 0.0 0.17997905161852676 0.0 0.0 0.28146841800224115 0.0 0.0 0.0 0.0 0.0 0.04738673242550592 0.23561459492988535 0.0 0.0 0.3711732662422547 0.35482662885348026 0.30074612075825224 0.2413830744565394 0.2975477956570591 0.3126309483254348 0.0 0.0 0.0 0.0 0.0 0.0 0.0 0.0 0.0 0.0 0.0 0.0 0.0 0.0 0.0 0.0 0.0 0.0 0.0 0.0 0.0 0.0 0.0 0.0 0.0 0.0 0.0 0.0 0.0 0.0 0.0
a1395pss402i1j
in his words secretly these people try to demolish schools and give threats to girls
0.06865538016377874 0.17802946141233672 0.367645593823581 0.20076684248814883 0.18045750350043693 0.4788807157438547 0.36239353530004 0.1439832412948214 0.0 0.0 0.3377621016026894 0.06626433598681945 0.0 0.0 0.3179752578127834 0.0 0.0 0.0 0.0 0.0 0.0 0.0 0.0 0.0 0.0 0.0 0.5344079906061949 0.29422287360216004 0.44718580262951646 0.0 0.0 0.0 0.0 0.0 0.0 0.0 0.0 0.0 0.0 0.0 0.0 0.0 0.0 0.0 0.0 0.0 0.0 0.0 0.0 0.0 0.0 0.0 0.0 0.0 0.0 0.0 0.0
a12ezody9kxiim
he said secretly these people try to demolish schools and threaten girls
0.0 0.0 0.0 0.25095855311018606 0.22557187937554615 0.5986008946798184 0.45299191912505 0.08998952580926338 0.0 0.0 0.4222026270033617 0.08283041998352432 0.5950542601449188 0.0 0.3974690722659793 0.0 0.0 0.0 0.0 0.0 0.0 0.0 0.0 0.0 0.0 0.0 0.6680099882577437 0.0 0.0 0.0 0.0 0.0 0.0 0.0 0.0 0.0 0.0 0.0 0.1979101883023621 0.1845001236429885 0.0 0.0 0.0 0.0 0.0 0.0 0.0 0.0 0.0 0.0 0.0 0.0 0.0 0.0 0.0 0.0 0.0
ajfwu2g6a1bhs
in his words secretly these people try to demolish schools and threaten girls
0.07921774634282162 0.205418609321927 0.4242064544118242 0.23165404902478712 0.208220196346658 0.55255467201214 0.41814638688466155 0.08306725459316619 0.0 0.0 0.389725501849257 0.07645884921556091 0.5492808555183866 0.0 0.3668945282455193 0.0 0.0 0.0 0.0 0.0 0.0 0.0 0.0 0.0 0.0 0.0 0.6166246045456096 0.0 0.0 0.0 0.0 0.0 0.0 0.0 0.0 0.0 0.0 0.0 0.0 0.0 0.0 0.0 0.0 0.0 0.0 0.0 0.0 0.0 0.0 0.0 0.0 0.0 0.0 0.0 0.0 0.0 0.0
a2lpbcmjd4kpdp
in his words these people try to secretly blow up schools and frighten the boys and girls
0.06057827661509889 0.15708481889323828 0.3243931710208067 0.17714721396013133 0.15922720897097375 0.4225418080092836 0.3197590017353294 0.06352201821830356 0.4278930890802087 0.2532346938849511 0.2980253837670789 0.11693706350615199 0.0 0.3477638649895716 0.28056640395245597 0.0 0.02508709363703255 0.0 0.0 0.0 0.0 0.0 0.0 0.0 0.0 0.0 0.0 0.0 0.0 0.5123098258619335 0.0 0.0 0.0 0.0 0.0 0.0 0.0 0.0 0.0 0.0 0.0 0.0 0.0 0.0 0.0 0.0 0.0 0.0 0.0 0.0 0.0 0.0 0.0 0.0 0.0 0.0 0.0
a1395pss402i1j
in his words these people try to secretly blow up schools and frighten the boys and girls
0.06057827661509889 0.15708481889323828 0.3243931710208067 0.17714721396013133 0.15922720897097375 0.4225418080092836 0.3197590017353294 0.06352201821830356 0.4278930890802087 0.2532346938849511 0.2980253837670789 0.11693706350615199 0.0 0.3477638649895716 0.28056640395245597 0.0 0.02508709363703255 0.0 0.0 0.0 0.0 0.0 0.0 0.0 0.0 0.0 0.0 0.0 0.0 0.5123098258619335 0.0 0.0 0.0 0.0 0.0 0.0 0.0 0.0 0.0 0.0 0.0 0.0 0.0 0.0 0.0 0.0 0.0 0.0 0.0 0.0 0.0 0.0 0.0 0.0 0.0 0.0 0.0
a2dwqf4zhhblow
in his words these people try to secretly blow up schools and frighten the boys and girls
0.06057827661509889 0.15708481889323828 0.3243931710208067 0.17714721396013133 0.15922720897097375 0.4225418080092836 0.3197590017353294 0.06352201821830356 0.4278930890802087 0.2532346938849511 0.2980253837670789 0.11693706350615199 0.0 0.3477638649895716 0.28056640395245597 0.0 0.02508709363703255 0.0 0.0 0.0 0.0 0.0 0.0 0.0 0.0 0.0 0.0 0.0 0.0 0.5123098258619335 0.0 0.0 0.0 0.0 0.0 0.0 0.0 0.0 0.0 0.0 0.0 0.0 0.0 0.0 0.0 0.0 0.0 0.0 0.0 0.0 0.0 0.0 0.0 0.0 0.0 0.0 0.0
a3ohqrf1mdq99b
chemical and herbal health supplements have become much more popular in recent years these include hgh or human growth hormone
0.05149153512283405 0.0 0.0 0.15057513186611163 0.0 0.0 0.0 0.0 0.0 0.0 0.0 0.04969825199011459 0.0 0.0 0.0 0.0 0.0 0.0 0.0 0.0 0.0 0.0 0.0 0.0 0.0 0.0 0.0 0.0 0.0 0.0 0.0 0.0 0.0 0.0 0.0 0.0 0.0 0.0 0.0 0.0 0.3458753785212408 0.35114340430413205 0.2871996986791794 0.35114340430413205 0.11439850139942147 0.21069558598359928 0.24316919183646343 0.18108353522102433 0.33961722137354045 0.285676738304944 0.2061130412146225 0.29094476408783526 0.35114340430413205 0.16151480867057882 0.22232935813057772 0.34932502209558836 0.35114340430413205
