more than 350 candidates took part in these elections 1350 participated 1300 this election contestants there has been 100 it is reported thatmmore cast their votes have years
more than 350 candidates took part in these elections
0.4024078560467207 0.46194418115465496 0.8532941802746347 0.7762778268790852 0.5492696160447562 0.5265527917889721 0.1144256336062979 0.3346114041469147 0.5958753216095233 0.0 0.0 0.0 0.0 0.0 0.0 0.0 0.0 0.0 0.0 0.0 0.0 0.0 0.0 0.0 0.0 0.0 0.0 0.0
more than 1350 candidates participated in these elections
0.4527088380525608 0.5196872037989868 0.0 0.8733125552389709 0.0 0.0 0.12872883780708513 0.37643782966527906 0.6703597368107137 1.0020149823866156 0.860589718450228 0.0 0.0 0.0 0.0 0.0 0.0 0.0 0.0 0.0 0.0 0.0 0.0 0.0 0.0 0.0 0.0 0.0
more than 1300 candidates participated in these elections
0.4527088380525608 0.5196872037989868 0.0 0.8733125552389709 0.0 0.0 0.12872883780708513 0.37643782966527906 0.6703597368107137 0.0 0.860589718450228 0.8979013420197276 0.0 0.0 0.0 0.0 0.0 0.0 0.0 0.0 0.0 0.0 0.0 0.0 0.0 0.0 0.0 0.0
more than 1350 candidates took part in these elections
0.4024078560467207 0.46194418115465496 0.0 0.7762778268790852 0.5492696160447562 0.5265527917889721 0.1144256336062979 0.3346114041469147 0.5958753216095233 0.8906799843436582 0.0 0.0 0.0 0.0 0.0 0.0 0.0 0.0 0.0 0.0 0.0 0.0 0.0 0.0 0.0 0.0 0.0 0.0
a1wyssw33m2fz2
more than 1350 candidates participated in these elections
0.4527088380525608 0.5196872037989868 0.0 0.8733125552389709 0.0 0.0 0.12872883780708513 0.37643782966527906 0.6703597368107137 1.0020149823866156 0.860589718450228 0.0 0.0 0.0 0.0 0.0 0.0 0.0 0.0 0.0 0.0 0.0 0.0 0.0 0.0 0.0 0.0 0.0
a28z6a8uc4er3x
more than 1300 candidates participated in this election
0.4527088380525608 0.5196872037989868 0.0 0.8733125552389709 0.0 0.0 0.12872883780708513 0.0 0.0 0.0 0.860589718450228 0.8979013420197276 0.21418761041850248 0.6703597368107137 0.0 0.0 0.0 0.0 0.0 0.0 0.0 0.0 0.0 0.0 0.0 0.0 0.0 0.0
a3dd3acpmvdvca
more than 1350 contestants took part in these elections
0.4024078560467207 0.46194418115465496 0.0 0.0 0.5492696160447562 0.5265527917889721 0.1144256336062979 0.3346114041469147 0.5958753216095233 0.8906799843436582 0.0 0.0 0.0 0.0 0.9924900656630089 0.0 0.0 0.0 0.0 0.0 0.0 0.0 0.0 0.0 0.0 0.0 0.0 0.0
a1aczgd5azz3r7
in these elections there has been more than 100 candidates
0.36216707044204866 0.4157497630391894 0.0 0.6986500441911767 0.0 0.0 0.1029830702456681 0.30115026373222326 0.5362877894485709 0.0 0.0 0.0 0.0 0.0 0.0 0.28639850027229696 0.20527976179312235 0.294470309273681 0.6028245510938579 0.0 0.0 0.0 0.0 0.0 0.0 0.0 0.0 0.0
a3bnv4r3pkyf7u
more than 1350 candidates participated in these elections
0.4527088380525608 0.5196872037989868 0.0 0.8733125552389709 0.0 0.0 0.12872883780708513 0.37643782966527906 0.6703597368107137 1.0020149823866156 0.860589718450228 0.0 0.0 0.0 0.0 0.0 0.0 0.0 0.0 0.0 0.0 0.0 0.0 0.0 0.0 0.0 0.0 0.0
a2xon1eqohhfe4
more than 1350 candidates participated in these elections
0.4527088380525608 0.5196872037989868 0.0 0.8733125552389709 0.0 0.0 0.12872883780708513 0.37643782966527906 0.6703597368107137 1.0020149823866156 0.860589718450228 0.0 0.0 0.0 0.0 0.0 0.0 0.0 0.0 0.0 0.0 0.0 0.0 0.0 0.0 0.0 0.0 0.0
a9x4g4wpj27d6
more than 1350 candidates participated in these elections
0.4527088380525608 0.5196872037989868 0.0 0.8733125552389709 0.0 0.0 0.12872883780708513 0.37643782966527906 0.6703597368107137 1.0020149823866156 0.860589718450228 0.0 0.0 0.0 0.0 0.0 0.0 0.0 0.0 0.0 0.0 0.0 0.0 0.0 0.0 0.0 0.0 0.0
ajfwu2g6a1bhs
more than 1300 candidates participated in this election
0.4527088380525608 0.5196872037989868 0.0 0.8733125552389709 0.0 0.0 0.12872883780708513 0.0 0.0 0.0 0.860589718450228 0.8979013420197276 0.21418761041850248 0.6703597368107137 0.0 0.0 0.0 0.0 0.0 0.0 0.0 0.0 0.0 0.0 0.0 0.0 0.0 0.0
ac00w60nppf9z
more than 1300 candidates participated in this election
0.4527088380525608 0.5196872037989868 0.0 0.8733125552389709 0.0 0.0 0.12872883780708513 0.0 0.0 0.0 0.860589718450228 0.8979013420197276 0.21418761041850248 0.6703597368107137 0.0 0.0 0.0 0.0 0.0 0.0 0.0 0.0 0.0 0.0 0.0 0.0 0.0 0.0
a38anfvm8bgsy2
more than 1300 candidates participated in this election
0.4527088380525608 0.5196872037989868 0.0 0.8733125552389709 0.0 0.0 0.12872883780708513 0.0 0.0 0.0 0.860589718450228 0.8979013420197276 0.21418761041850248 0.6703597368107137 0.0 0.0 0.0 0.0 0.0 0.0 0.0 0.0 0.0 0.0 0.0 0.0 0.0 0.0
a3bnv4r3pkyf7u
more than 1350 contestants took part in these elections
0.4024078560467207 0.46194418115465496 0.0 0.0 0.5492696160447562 0.5265527917889721 0.1144256336062979 0.3346114041469147 0.5958753216095233 0.8906799843436582 0.0 0.0 0.0 0.0 0.9924900656630089 0.0 0.0 0.0 0.0 0.0 0.0 0.0 0.0 0.0 0.0 0.0 0.0 0.0
a3c1u2evw0nuff
it is reported thatmmore than 1350 contestants took part in these elections
0.0 0.3464581358659912 0.0 0.0 0.4119522120335672 0.39491459384172906 0.08581922520472342 0.25095855311018606 0.4469064912071425 0.6680099882577437 0.0 0.0 0.0 0.0 0.7443675492472567 0.0 0.0 0.0 0.0 0.16876295308555211 0.10890129323621885 0.5095010277246671 0.859892079340581 0.0 0.0 0.0 0.0 0.0
a2u70ov2bw11tg
more than 1350 contestants cast their votes in these elections
0.36216707044204866 0.4157497630391894 0.0 0.0 0.0 0.0 0.1029830702456681 0.30115026373222326 0.5362877894485709 0.8016119859092925 0.0 0.0 0.0 0.0 0.893241059096708 0.0 0.0 0.0 0.0 0.0 0.0 0.0 0.0 0.8372794803031658 0.29772210997238097 0.6406681946658825 0.0 0.0
a1mmshjhu659at
there have been more than 100 candidates in this years election
0.3292427913109533 0.3779543300356268 0.0 0.6351364038101607 0.0 0.0 0.09362097295060737 0.0 0.0 0.0 0.0 0.0 0.15577280757709272 0.4875343540441554 0.0 0.26036227297481546 0.0 0.26770028115789185 0.5480223191762345 0.0 0.0 0.0 0.0 0.0 0.0 0.0 0.2079972752716754 0.37475098402658635
