rulers should have opened the hamoodurrehman commissions file and deliberated on reasons for east pakistans separation of hamoodurrahman commission pondered upon pakistan report considered that led to secession would open mehmoodurrahmans files look into why eastern broke away ruler jamudur rahman over causes west mentioned therein now we at was separated reopen hamudur rehman reports discuss mehmoodulrehman in order study which is reviewed facts information contained within then drew conclusions must examine
rulers should have opened the hamoodurrehman commissions file and deliberated on the reasons for east pakistans separation
0.32685476572289496 0.1761302925140258 0.1345864722346135 0.39300698778591675 0.0501741872740651 0.5662092806780603 0.4925173413548034 0.32685476572289496 0.058468531753075995 0.60698264424041 0.11017692719857666 0.34428216667249334 0.11357115877308324 0.2798837247689084 0.29680619961901317 0.39300698778591675 0.0 0.0 0.0 0.0 0.0 0.0 0.0 0.0 0.0 0.0 0.0 0.0 0.0 0.0 0.0 0.0 0.0 0.0 0.0 0.0 0.0 0.0 0.0 0.0 0.0 0.0 0.0 0.0 0.0 0.0 0.0 0.0 0.0 0.0 0.0 0.0 0.0 0.0 0.0 0.0 0.0 0.0 0.0 0.0 0.0 0.0 0.0 0.0 0.0 0.0 0.0 0.0 0.0 0.0 0.0 0.0
rulers should have opened the file of the hamoodurrahman commission and pondered upon the reasons for separation of east pakistan
0.27782655086446073 0.14971074863692194 0.11439850139942147 0.33405593961802926 0.063972088774433 0.0 0.0 0.27782655086446073 0.04969825199011459 0.0 0.0 0.2926398416716193 0.09653548495712075 0.23790116605357214 0.0 0.33405593961802926 0.08399417825978182 0.5159352476043486 0.3164860452761348 0.446620529548354 0.26155543084272936 0.11788417431018003 0.0 0.0 0.0 0.0 0.0 0.0 0.0 0.0 0.0 0.0 0.0 0.0 0.0 0.0 0.0 0.0 0.0 0.0 0.0 0.0 0.0 0.0 0.0 0.0 0.0 0.0 0.0 0.0 0.0 0.0 0.0 0.0 0.0 0.0 0.0 0.0 0.0 0.0 0.0 0.0 0.0 0.0 0.0 0.0 0.0 0.0 0.0 0.0 0.0 0.0
the rulers should have opened the hamoodurrehman commissions report and considered the reasons that led to the secession of east pakistan
0.26459671510901017 0.1425816653684971 0.10895095371373473 0.3181485139219326 0.08123439844372445 0.45835989388223936 0.3987045144300789 0.0 0.0473316685620139 0.0 0.0 0.27870461111582795 0.0 0.22657253909864014 0.0 0.0 0.03999722774275325 0.0 0.0 0.0 0.0 0.11227064220017147 0.24515337890708663 0.2706655220884445 0.05752735353618094 0.3344222898134591 0.05142258617672193 0.491366902480332 0.0 0.0 0.0 0.0 0.0 0.0 0.0 0.0 0.0 0.0 0.0 0.0 0.0 0.0 0.0 0.0 0.0 0.0 0.0 0.0 0.0 0.0 0.0 0.0 0.0 0.0 0.0 0.0 0.0 0.0 0.0 0.0 0.0 0.0 0.0 0.0 0.0 0.0 0.0 0.0 0.0 0.0 0.0 0.0
rulers would open mehmoodurrahmans files and look into the reasons why eastern pakistan broke away
0.37043540115261425 0.0 0.0 0.0 0.028432039455303555 0.0 0.0 0.0 0.06626433598681945 0.0 0.0 0.39018645556215914 0.0 0.0 0.0 0.0 0.0 0.0 0.0 0.0 0.0 0.15717889908024005 0.0 0.0 0.0 0.0 0.0 0.0 0.23060600322885125 0.3789317309238223 0.6879136634724647 0.4881981785688653 0.38574036392891436 0.30677848337871655 0.25841098570791815 0.46342727480669976 0.4733219418145847 0.34359459854423047 0.0 0.0 0.0 0.0 0.0 0.0 0.0 0.0 0.0 0.0 0.0 0.0 0.0 0.0 0.0 0.0 0.0 0.0 0.0 0.0 0.0 0.0 0.0 0.0 0.0 0.0 0.0 0.0 0.0 0.0 0.0 0.0 0.0 0.0
a3dd3acpmvdvca
the ruler should have opened the jamudur rahman commission file and pondered over the causes of separation of west pakistan mentioned therein
0.0 0.13610068057901994 0.1039986376358377 0.30368721783457203 0.05815644434039364 0.0 0.0 0.2525695916949643 0.04518022908192236 0.0 0.0 0.0 0.0 0.0 0.0 0.30368721783457203 0.07635834387252893 0.0 0.287714586614668 0.4060186632257764 0.0 0.10716743119107276 0.0 0.0 0.0 0.0 0.0 0.0 0.0 0.0 0.0 0.0 0.0 0.0 0.0 0.0 0.0 0.0 0.2807077375316108 0.4060186632257764 0.27527386704752976 0.1697861695421912 0.28856422902431134 0.2733927208583091 0.26399297479864187 0.41909512106449365 0.0 0.0 0.0 0.0 0.0 0.0 0.0 0.0 0.0 0.0 0.0 0.0 0.0 0.0 0.0 0.0 0.0 0.0 0.0 0.0 0.0 0.0 0.0 0.0 0.0 0.0
a2qlm59qc9g1uf
now we look at the reasons why eastern pakistan was separated
0.0 0.0 0.0 0.0 0.03877096289359576 0.0 0.0 0.0 0.0 0.0 0.0 0.5320724394029442 0.0 0.0 0.0 0.0 0.0 0.0 0.0 0.0 0.0 0.21433486238214552 0.0 0.0 0.0 0.0 0.0 0.0 0.0 0.0 0.0 0.0 0.5260095871757923 0.0 0.35237861687443384 0.6319462838273179 0.0 0.0 0.0 0.0 0.0 0.0 0.0 0.0 0.0 0.0 0.311460300992262 0.2784007011269355 0.2815999867185886 0.19980172099946658 0.6122896376028055 0.0 0.0 0.0 0.0 0.0 0.0 0.0 0.0 0.0 0.0 0.0 0.0 0.0 0.0 0.0 0.0 0.0 0.0 0.0 0.0 0.0
a143bvgouf83je
the rulers would reopen the hamudur rehman commission reports and discuss the reasons for the separation of east pakistan
0.2924490009099586 0.0 0.0 0.0 0.08978538775359017 0.0 0.0 0.0 0.05231394946327852 0.0 0.0 0.3080419386017046 0.10161629995486395 0.2504222800563917 0.0 0.35163783117687286 0.04420746224199044 0.0 0.3331432055538261 0.0 0.0 0.12408860453703162 0.0 0.0 0.0 0.0 0.0 0.0 0.1820573709701457 0.0 0.0 0.0 0.0 0.0 0.0 0.0 0.0 0.0 0.0 0.0 0.0 0.0 0.0 0.0 0.0 0.0 0.0 0.0 0.0 0.0 0.0 0.4701268732087937 0.4701268732087937 0.2947476884627303 0.2947476884627303 0.347638572914877 0.0 0.0 0.0 0.0 0.0 0.0 0.0 0.0 0.0 0.0 0.0 0.0 0.0 0.0 0.0 0.0
a3b84pq645okwb
rulers open the file of mehmoodulrehman commission in order to study the reasons for the separation of east pakistan
0.2924490009099586 0.0 0.0 0.0 0.06733904081519264 0.0 0.0 0.2924490009099586 0.0 0.0 0.0 0.3080419386017046 0.10161629995486395 0.2504222800563917 0.0 0.35163783117687286 0.08841492448398088 0.0 0.3331432055538261 0.0 0.0 0.12408860453703162 0.0 0.0 0.0 0.0 0.05683548998479792 0.0 0.0 0.2991566296767018 0.0 0.0 0.0 0.0 0.0 0.0 0.0 0.0 0.0 0.0 0.0 0.0 0.0 0.0 0.0 0.0 0.0 0.0 0.0 0.0 0.0 0.0 0.0 0.0 0.0 0.0 0.5066083037645803 0.054201615918772685 0.26018034444225296 0.3202420235520901 0.0 0.0 0.0 0.0 0.0 0.0 0.0 0.0 0.0 0.0 0.0 0.0
a6tw9zegog7ph
the ruler should have opened the jamudur rahman commission file and pondered over the causes of separation of west pakistan mentioned therein
0.0 0.13610068057901994 0.1039986376358377 0.30368721783457203 0.05815644434039364 0.0 0.0 0.2525695916949643 0.04518022908192236 0.0 0.0 0.0 0.0 0.0 0.0 0.30368721783457203 0.07635834387252893 0.0 0.287714586614668 0.4060186632257764 0.0 0.10716743119107276 0.0 0.0 0.0 0.0 0.0 0.0 0.0 0.0 0.0 0.0 0.0 0.0 0.0 0.0 0.0 0.0 0.2807077375316108 0.4060186632257764 0.27527386704752976 0.1697861695421912 0.28856422902431134 0.2733927208583091 0.26399297479864187 0.41909512106449365 0.0 0.0 0.0 0.0 0.0 0.0 0.0 0.0 0.0 0.0 0.0 0.0 0.0 0.0 0.0 0.0 0.0 0.0 0.0 0.0 0.0 0.0 0.0 0.0 0.0 0.0
a19b522xqflysa
the ruler should have opened the jamudur rahman commission file and pondered over the causes of separation of west pakistan which is mentioned therein
0.0 0.12475895719743495 0.0953320844995179 0.27837994968169105 0.05331007397869417 0.0 0.0 0.23152212572038391 0.04141520999176216 0.0 0.0 0.0 0.0 0.0 0.0 0.27837994968169105 0.06999514854981818 0.0 0.26373837106344566 0.37218377462362834 0.0 0.09823681192515003 0.0 0.0 0.0 0.0 0.0 0.0 0.0 0.0 0.0 0.0 0.0 0.0 0.0 0.0 0.0 0.0 0.2573154260706432 0.37218377462362834 0.2523343781269023 0.15563732208034192 0.26451720993895206 0.2506099941201167 0.24199356023208837 0.3841705276424525 0.0 0.0 0.0 0.0 0.0 0.0 0.0 0.0 0.0 0.0 0.0 0.0 0.0 0.0 0.12564728753542379 0.05445064661810942 0.0 0.0 0.0 0.0 0.0 0.0 0.0 0.0 0.0 0.0
a24bjjrcqbm3mi
the ruler should have opened the jamudur rahman commission file reviewed the facts and information contained within then drew conclusions over the causes of separation of west pakistan
0.0 0.1069362490263728 0.08171321528530105 0.23861138544144947 0.06092579883279333 0.0 0.0 0.19844753633175766 0.035498751421510426 0.0 0.0 0.0 0.0 0.0 0.0 0.23861138544144947 0.05999584161412987 0.0 0.22606146091152485 0.0 0.0 0.0842029816501286 0.0 0.0 0.0 0.0 0.0 0.0 0.0 0.0 0.0 0.0 0.0 0.0 0.0 0.0 0.0 0.0 0.22055607948912279 0.31901466396311 0.2162866098230591 0.13340341892600735 0.22672903709053033 0.21480856638867146 0.0 0.0 0.0 0.0 0.0 0.0 0.0 0.0 0.0 0.0 0.0 0.0 0.0 0.0 0.0 0.0 0.0 0.0 0.31901466396311 0.23026799789925284 0.1732373146768514 0.2990283858225592 0.1941393939107357 0.12475874699398799 0.31901466396311 0.32928902369353075 0.0 0.0
a291u81kgj6l9n
now we look at the reasons why eastern pakistan was separated
0.0 0.0 0.0 0.0 0.03877096289359576 0.0 0.0 0.0 0.0 0.0 0.0 0.5320724394029442 0.0 0.0 0.0 0.0 0.0 0.0 0.0 0.0 0.0 0.21433486238214552 0.0 0.0 0.0 0.0 0.0 0.0 0.0 0.0 0.0 0.0 0.5260095871757923 0.0 0.35237861687443384 0.6319462838273179 0.0 0.0 0.0 0.0 0.0 0.0 0.0 0.0 0.0 0.0 0.311460300992262 0.2784007011269355 0.2815999867185886 0.19980172099946658 0.6122896376028055 0.0 0.0 0.0 0.0 0.0 0.0 0.0 0.0 0.0 0.0 0.0 0.0 0.0 0.0 0.0 0.0 0.0 0.0 0.0 0.0 0.0
a2eldzaxlm8quo
now we must examine the reasons why eastern pakistan was separated
0.0 0.0 0.0 0.0 0.03877096289359576 0.0 0.0 0.0 0.0 0.0 0.0 0.5320724394029442 0.0 0.0 0.0 0.0 0.0 0.0 0.0 0.0 0.0 0.21433486238214552 0.0 0.0 0.0 0.0 0.0 0.0 0.0 0.0 0.0 0.0 0.0 0.0 0.35237861687443384 0.6319462838273179 0.0 0.0 0.0 0.0 0.0 0.0 0.0 0.0 0.0 0.0 0.311460300992262 0.2784007011269355 0.0 0.19980172099946658 0.6122896376028055 0.0 0.0 0.0 0.0 0.0 0.0 0.0 0.0 0.0 0.0 0.0 0.0 0.0 0.0 0.0 0.0 0.0 0.0 0.0 0.47224917933488286 0.7917515490593519
a2kfmopeeke2o2
now we look at the reasons why eastern pakistan was separated
0.0 0.0 0.0 0.0 0.03877096289359576 0.0 0.0 0.0 0.0 0.0 0.0 0.5320724394029442 0.0 0.0 0.0 0.0 0.0 0.0 0.0 0.0 0.0 0.21433486238214552 0.0 0.0 0.0 0.0 0.0 0.0 0.0 0.0 0.0 0.0 0.5260095871757923 0.0 0.35237861687443384 0.6319462838273179 0.0 0.0 0.0 0.0 0.0 0.0 0.0 0.0 0.0 0.0 0.311460300992262 0.2784007011269355 0.2815999867185886 0.19980172099946658 0.6122896376028055 0.0 0.0 0.0 0.0 0.0 0.0 0.0 0.0 0.0 0.0 0.0 0.0 0.0 0.0 0.0 0.0 0.0 0.0 0.0 0.0 0.0
a2oe085okcwole
the rulers should reopen the hamudur rehman commission reports and discuss the reasons for the separation of east pakistan
0.2924490009099586 0.15759026172307572 0.0 0.0 0.08978538775359017 0.0 0.0 0.0 0.05231394946327852 0.0 0.0 0.3080419386017046 0.10161629995486395 0.2504222800563917 0.0 0.35163783117687286 0.04420746224199044 0.0 0.3331432055538261 0.0 0.0 0.12408860453703162 0.0 0.0 0.0 0.0 0.0 0.0 0.0 0.0 0.0 0.0 0.0 0.0 0.0 0.0 0.0 0.0 0.0 0.0 0.0 0.0 0.0 0.0 0.0 0.0 0.0 0.0 0.0 0.0 0.0 0.4701268732087937 0.4701268732087937 0.2947476884627303 0.2947476884627303 0.347638572914877 0.0 0.0 0.0 0.0 0.0 0.0 0.0 0.0 0.0 0.0 0.0 0.0 0.0 0.0 0.0 0.0
a330jjzgjl7ig2
the rulers would reopen the hamudur rehman commission reports and discuss the reasons for the separation of east pakistan
0.2924490009099586 0.0 0.0 0.0 0.08978538775359017 0.0 0.0 0.0 0.05231394946327852 0.0 0.0 0.3080419386017046 0.10161629995486395 0.2504222800563917 0.0 0.35163783117687286 0.04420746224199044 0.0 0.3331432055538261 0.0 0.0 0.12408860453703162 0.0 0.0 0.0 0.0 0.0 0.0 0.1820573709701457 0.0 0.0 0.0 0.0 0.0 0.0 0.0 0.0 0.0 0.0 0.0 0.0 0.0 0.0 0.0 0.0 0.0 0.0 0.0 0.0 0.0 0.0 0.4701268732087937 0.4701268732087937 0.2947476884627303 0.2947476884627303 0.347638572914877 0.0 0.0 0.0 0.0 0.0 0.0 0.0 0.0 0.0 0.0 0.0 0.0 0.0 0.0 0.0 0.0
a6tw9zegog7ph
the rulers would reopen the hamudur rehman commission reports and discuss the reasons for the separation of east pakistan
0.2924490009099586 0.0 0.0 0.0 0.08978538775359017 0.0 0.0 0.0 0.05231394946327852 0.0 0.0 0.3080419386017046 0.10161629995486395 0.2504222800563917 0.0 0.35163783117687286 0.04420746224199044 0.0 0.3331432055538261 0.0 0.0 0.12408860453703162 0.0 0.0 0.0 0.0 0.0 0.0 0.1820573709701457 0.0 0.0 0.0 0.0 0.0 0.0 0.0 0.0 0.0 0.0 0.0 0.0 0.0 0.0 0.0 0.0 0.0 0.0 0.0 0.0 0.0 0.0 0.4701268732087937 0.4701268732087937 0.2947476884627303 0.2947476884627303 0.347638572914877 0.0 0.0 0.0 0.0 0.0 0.0 0.0 0.0 0.0 0.0 0.0 0.0 0.0 0.0 0.0 0.0
a33m29k8zitb47
rulers open the file of mehmoodulrehman commission in order to study the reasons for the separation of east pakistan
0.2924490009099586 0.0 0.0 0.0 0.06733904081519264 0.0 0.0 0.2924490009099586 0.0 0.0 0.0 0.3080419386017046 0.10161629995486395 0.2504222800563917 0.0 0.35163783117687286 0.08841492448398088 0.0 0.3331432055538261 0.0 0.0 0.12408860453703162 0.0 0.0 0.0 0.0 0.05683548998479792 0.0 0.0 0.2991566296767018 0.0 0.0 0.0 0.0 0.0 0.0 0.0 0.0 0.0 0.0 0.0 0.0 0.0 0.0 0.0 0.0 0.0 0.0 0.0 0.0 0.0 0.0 0.0 0.0 0.0 0.0 0.5066083037645803 0.054201615918772685 0.26018034444225296 0.3202420235520901 0.0 0.0 0.0 0.0 0.0 0.0 0.0 0.0 0.0 0.0 0.0 0.0
