sir use firefox please dear fire fox head of the cranes are used top
sir use firefox
1.849340109207102 1.6571991404565007 2.3288334806372557 0.0 0.0 0.0 0.0 0.0 0.0 0.0 0.0 0.0 0.0 0.0
sir use firefox
1.849340109207102 1.6571991404565007 2.3288334806372557 0.0 0.0 0.0 0.0 0.0 0.0 0.0 0.0 0.0 0.0 0.0
sir use firefox
1.849340109207102 1.6571991404565007 2.3288334806372557 0.0 0.0 0.0 0.0 0.0 0.0 0.0 0.0 0.0 0.0 0.0
sir please use firefox
1.3870050819053266 1.2428993553423755 1.7466251104779418 1.3286896615353778 0.0 0.0 0.0 0.0 0.0 0.0 0.0 0.0 0.0 0.0
a1sanjgoj47idf
dear sir use firefox
1.3870050819053266 1.2428993553423755 1.7466251104779418 0.0 1.713242262321811 0.0 0.0 0.0 0.0 0.0 0.0 0.0 0.0 0.0
a143bvgouf83je
sir please use fire fox
1.1096040655242612 0.9943194842739004 0.0 1.0629517292283022 0.0 1.0164525978514043 1.786482118193416 0.0 0.0 0.0 0.0 0.0 0.0 0.0
a1wyssw33m2fz2
sir use firefox
1.849340109207102 1.6571991404565007 2.3288334806372557 0.0 0.0 0.0 0.0 0.0 0.0 0.0 0.0 0.0 0.0 0.0
a1aczgd5azz3r7
head of the cranes are used
0.0 0.0 0.0 0.0 0.0 0.0 0.0 0.9137371741892487 0.13999029709963637 0.07108009863825888 1.6042596285878377 0.3510227589754711 0.773088723844984 0.0
au2ar4vob7vlv
dear sir use firefox
1.3870050819053266 1.2428993553423755 1.7466251104779418 0.0 1.713242262321811 0.0 0.0 0.0 0.0 0.0 0.0 0.0 0.0 0.0
a3andctf0w1pqd
dear sir use firefox
1.3870050819053266 1.2428993553423755 1.7466251104779418 0.0 1.713242262321811 0.0 0.0 0.0 0.0 0.0 0.0 0.0 0.0 0.0
a31ikb373dzonk
dear sir use firefox
1.3870050819053266 1.2428993553423755 1.7466251104779418 0.0 1.713242262321811 0.0 0.0 0.0 0.0 0.0 0.0 0.0 0.0 0.0
a6tw9zegog7ph
sir please use firefox
1.3870050819053266 1.2428993553423755 1.7466251104779418 1.3286896615353778 0.0 0.0 0.0 0.0 0.0 0.0 0.0 0.0 0.0 0.0
a2qxd8jqk5bvez
sir please use fire fox
1.1096040655242612 0.9943194842739004 0.0 1.0629517292283022 0.0 1.0164525978514043 1.786482118193416 0.0 0.0 0.0 0.0 0.0 0.0 0.0
a3l62wt9zlhu7v
sir please use firefox
1.3870050819053266 1.2428993553423755 1.7466251104779418 1.3286896615353778 0.0 0.0 0.0 0.0 0.0 0.0 0.0 0.0 0.0 0.0
a3of46tb7y6sbp
sir please use firefox
1.3870050819053266 1.2428993553423755 1.7466251104779418 1.3286896615353778 0.0 0.0 0.0 0.0 0.0 0.0 0.0 0.0 0.0 0.0
a291u81kgj6l9n
sir use firefox
1.849340109207102 1.6571991404565007 2.3288334806372557 0.0 0.0 0.0 0.0 0.0 0.0 0.0 0.0 0.0 0.0 0.0
air4uqnpimfcj
sir use firefox
1.849340109207102 1.6571991404565007 2.3288334806372557 0.0 0.0 0.0 0.0 0.0 0.0 0.0 0.0 0.0 0.0 0.0
a1aklmhymfgmc2
top of cranes are used
0.0 0.0 0.0 0.0 0.0 0.0 0.0 0.0 0.16798835651956365 0.0 1.9251115543054051 0.4212273107705653 0.9277064686139808 1.3310286611914648
