may allah guide our rulers keep on the right path god give sense to help leaders bless with rightness almighty show righteousness
may allah guide our rulers
0.891583745724221 0.8973644949606907 1.5507511189250869 0.6701591500570173 1.111306203457843 0.0 0.0 0.0 0.0 0.0 0.0 0.0 0.0 0.0 0.0 0.0 0.0 0.0 0.0 0.0 0.0 0.0
may allah keep our rulers on the right path
0.49532430318012277 0.4985358305337171 0.0 0.3723106389205652 0.6173923352543571 0.5798709471403081 0.20811197359731148 0.04738673242550592 0.5265527917889721 0.7053792265038721 0.0 0.0 0.0 0.0 0.0 0.0 0.0 0.0 0.0 0.0 0.0 0.0
may god give sense to our rulers
0.6368455326601579 0.0 0.0 0.4786851071835838 0.7937901453270306 0.0 0.0 0.0 0.0 0.0 0.6780787028441723 0.630477586290343 0.9703349182101155 0.15426775853016578 0.0 0.0 0.0 0.0 0.0 0.0 0.0 0.0
may allah guide our rulers
0.891583745724221 0.8973644949606907 1.5507511189250869 0.6701591500570173 1.111306203457843 0.0 0.0 0.0 0.0 0.0 0.0 0.0 0.0 0.0 0.0 0.0 0.0 0.0 0.0 0.0 0.0 0.0
a2qlm59qc9g1uf
god help our leaders
0.0 0.0 0.0 0.8376989375712717 0.0 0.0 0.0 0.0 0.0 0.0 1.1866377299773014 0.0 0.0 0.0 1.1391633923266984 1.1006257223698839 0.0 0.0 0.0 0.0 0.0 0.0
a3dd3acpmvdvca
may allah guide our rulers
0.891583745724221 0.8973644949606907 1.5507511189250869 0.6701591500570173 1.111306203457843 0.0 0.0 0.0 0.0 0.0 0.0 0.0 0.0 0.0 0.0 0.0 0.0 0.0 0.0 0.0 0.0 0.0
a2de039cxxjuga
may god bless our rulers with rightness
0.6368455326601579 0.0 0.0 0.4786851071835838 0.7937901453270306 0.0 0.0 0.0 0.0 0.0 0.6780787028441723 0.0 0.0 0.0 0.0 0.0 0.9544455417657979 0.335769350296322 1.317156094774123 0.0 0.0 0.0
a1u0z1mafqeh9y
may allah almighty show the right path to our leaders
0.4457918728621105 0.44868224748034535 0.0 0.33507957502850866 0.0 0.0 0.0 0.042648059182955333 0.47389751261007484 0.6348413038534849 0.0 0.0 0.0 0.10798743097111604 0.0 0.44025028894795354 0.0 0.0 0.0 0.7610654750984761 0.4871967580420661 0.0
au2ar4vob7vlv
god help our leaders
0.0 0.0 0.0 0.8376989375712717 0.0 0.0 0.0 0.0 0.0 0.0 1.1866377299773014 0.0 0.0 0.0 1.1391633923266984 1.1006257223698839 0.0 0.0 0.0 0.0 0.0 0.0
a143awku99stc9
god help our leaders
0.0 0.0 0.0 0.8376989375712717 0.0 0.0 0.0 0.0 0.0 0.0 1.1866377299773014 0.0 0.0 0.0 1.1391633923266984 1.1006257223698839 0.0 0.0 0.0 0.0 0.0 0.0
aclg2ttpdpj36
god help our leaders
0.0 0.0 0.0 0.8376989375712717 0.0 0.0 0.0 0.0 0.0 0.0 1.1866377299773014 0.0 0.0 0.0 1.1391633923266984 1.1006257223698839 0.0 0.0 0.0 0.0 0.0 0.0
a2owo5cfm8khwy
may allah guide our rulers
0.891583745724221 0.8973644949606907 1.5507511189250869 0.6701591500570173 1.111306203457843 0.0 0.0 0.0 0.0 0.0 0.0 0.0 0.0 0.0 0.0 0.0 0.0 0.0 0.0 0.0 0.0 0.0
a1wgq344wqriu5
may allah guide our rulers
0.891583745724221 0.8973644949606907 1.5507511189250869 0.6701591500570173 1.111306203457843 0.0 0.0 0.0 0.0 0.0 0.0 0.0 0.0 0.0 0.0 0.0 0.0 0.0 0.0 0.0 0.0 0.0
al2rcq9eyun61
may allah guide our rulers
0.891583745724221 0.8973644949606907 1.5507511189250869 0.6701591500570173 1.111306203457843 0.0 0.0 0.0 0.0 0.0 0.0 0.0 0.0 0.0 0.0 0.0 0.0 0.0 0.0 0.0 0.0 0.0
air4uqnpimfcj
may god bless our leaders with righteousness
0.6368455326601579 0.0 0.0 0.4786851071835838 0.0 0.0 0.0 0.0 0.0 0.0 0.6780787028441723 0.0 0.0 0.0 0.0 0.6289289842113622 0.9544455417657979 0.335769350296322 0.0 0.0 0.0 1.1961135432902368
a3m4exda4ue7bp
may god bless our rulers with rightness
0.6368455326601579 0.0 0.0 0.4786851071835838 0.7937901453270306 0.0 0.0 0.0 0.0 0.0 0.6780787028441723 0.0 0.0 0.0 0.0 0.0 0.9544455417657979 0.335769350296322 1.317156094774123 0.0 0.0 0.0
a6tw9zegog7ph
may god bless our rulers with rightness
0.6368455326601579 0.0 0.0 0.4786851071835838 0.7937901453270306 0.0 0.0 0.0 0.0 0.0 0.6780787028441723 0.0 0.0 0.0 0.0 0.0 0.9544455417657979 0.335769350296322 1.317156094774123 0.0 0.0 0.0
a3ohqrf1mdq99b
may allah almighty show the right path to our leaders
0.4457918728621105 0.44868224748034535 0.0 0.33507957502850866 0.0 0.0 0.0 0.042648059182955333 0.47389751261007484 0.6348413038534849 0.0 0.0 0.0 0.10798743097111604 0.0 0.44025028894795354 0.0 0.0 0.0 0.7610654750984761 0.4871967580420661 0.0
