we plead and beg for gods sake put an end to this game request you please close the of god humbly that stop with folded hands be stopped fold our them say it excuse allah let us in a must allahs these stupid games sincerely make me
we plead and beg for gods sake put an end to this game
0.23556982403048388 0.6871085069974677 0.07645884921556091 0.5758070467715964 0.1485161307032627 0.46477221792853196 0.43873726424967013 0.40005470305155505 0.22695117429042996 0.36309869177604587 0.08306725459316619 0.13180776025753999 0.4410567287243384 0.0 0.0 0.0 0.0 0.0 0.0 0.0 0.0 0.0 0.0 0.0 0.0 0.0 0.0 0.0 0.0 0.0 0.0 0.0 0.0 0.0 0.0 0.0 0.0 0.0 0.0 0.0 0.0 0.0 0.0 0.0 0.0 0.0 0.0
we request you to please close this game for the sake of god
0.23556982403048388 0.0 0.0 0.0 0.1485161307032627 0.0 0.43873726424967013 0.0 0.0 0.0 0.08306725459316619 0.13180776025753999 0.4410567287243384 0.48549013591188456 0.2452158555223557 0.40882758816473164 0.44184569027566056 0.0328061993715041 0.06461090635367833 0.36511930153147737 0.0 0.0 0.0 0.0 0.0 0.0 0.0 0.0 0.0 0.0 0.0 0.0 0.0 0.0 0.0 0.0 0.0 0.0 0.0 0.0 0.0 0.0 0.0 0.0 0.0 0.0 0.0
we humbly request and plead that for gods sake stop this game
0.25520064269969084 0.7443675492472567 0.08283041998352432 0.0 0.1608924749285346 0.503503236089243 0.47529870293714266 0.0 0.0 0.0 0.0 0.14279174027900166 0.4778114561180333 0.5259476472378749 0.0 0.0 0.0 0.0 0.0 0.0 0.8021298142939188 0.10067286868831665 0.3840231612260084 0.0 0.0 0.0 0.0 0.0 0.0 0.0 0.0 0.0 0.0 0.0 0.0 0.0 0.0 0.0 0.0 0.0 0.0 0.0 0.0 0.0 0.0 0.0 0.0
we request humbly and with folded hands that this game be stopped for gods sake
0.2041605141597527 0.0 0.06626433598681945 0.0 0.12871397994282768 0.40280258887139436 0.3802389623497141 0.0 0.0 0.0 0.0 0.11423339222320132 0.3822491648944266 0.4207581177903 0.0 0.0 0.0 0.0 0.0 0.0 0.6417038514351351 0.08053829495065332 0.0 0.1566923634716169 0.6879136634724647 0.367645593823581 0.14312152973061001 0.39018645556215914 0.0 0.0 0.0 0.0 0.0 0.0 0.0 0.0 0.0 0.0 0.0 0.0 0.0 0.0 0.0 0.0 0.0 0.0 0.0
a3dd3acpmvdvca
we fold our hands and request them to please for gods sake stop this game
0.2041605141597527 0.0 0.06626433598681945 0.0 0.12871397994282768 0.40280258887139436 0.3802389623497141 0.0 0.0 0.0 0.0719916206474107 0.11423339222320132 0.3822491648944266 0.4207581177903 0.0 0.35431724307610074 0.0 0.0 0.0 0.0 0.0 0.0 0.3072185289808067 0.0 0.0 0.367645593823581 0.0 0.0 0.5344079906061949 0.22338638335233912 0.22746334489589445 0.0 0.0 0.0 0.0 0.0 0.0 0.0 0.0 0.0 0.0 0.0 0.0 0.0 0.0 0.0 0.0
a353ocl6lm6m4o
we say it with excuse that stop this game for allah sake
0.25520064269969084 0.0 0.0 0.0 0.1608924749285346 0.0 0.47529870293714266 0.0 0.0 0.0 0.0 0.14279174027900166 0.4778114561180333 0.0 0.0 0.0 0.0 0.0 0.0 0.0 0.0 0.10067286868831665 0.3840231612260084 0.19586545433952116 0.0 0.0 0.0 0.0 0.0 0.0 0.0 0.3261230411713441 0.16876295308555211 0.5986008946798184 0.3739018729002878 0.0 0.0 0.0 0.0 0.0 0.0 0.0 0.0 0.0 0.0 0.0 0.0
a172x4w90uost1
let us fold our hands to you in a request for gods sake stop this game
0.0 0.0 0.0 0.0 0.12066935619640094 0.3776274270669322 0.356474027202857 0.0 0.0 0.0 0.06749214435694753 0.10709380520925124 0.35835859208852494 0.3944607354284062 0.199237882611914 0.0 0.0 0.0 0.0 0.0 0.0 0.0 0.2880173709195063 0.0 0.0 0.34466774420960716 0.0 0.0 0.5010074911933078 0.20942473439281792 0.0 0.0 0.0 0.0 0.0 0.3101324173384349 0.2286331126404553 0.06436441890354257 0.08861770919823396 0.0 0.0 0.0 0.0 0.0 0.0 0.0 0.0
a2i57ww1b3evwx
we fold our hands and request you to please end this game
0.25520064269969084 0.0 0.08283041998352432 0.0 0.0 0.0 0.0 0.0 0.0 0.3933569160907164 0.08998952580926338 0.14279174027900166 0.4778114561180333 0.5259476472378749 0.26565051014921864 0.44289655384512594 0.0 0.0 0.0 0.0 0.0 0.0 0.0 0.0 0.0 0.4595569922794762 0.0 0.0 0.6680099882577437 0.2792329791904239 0.0 0.0 0.0 0.0 0.0 0.0 0.0 0.0 0.0 0.0 0.0 0.0 0.0 0.0 0.0 0.0 0.0
a6tw9zegog7ph
we fold our hands and request them to please for gods sake stop this game
0.2041605141597527 0.0 0.06626433598681945 0.0 0.12871397994282768 0.40280258887139436 0.3802389623497141 0.0 0.0 0.0 0.0719916206474107 0.11423339222320132 0.3822491648944266 0.4207581177903 0.0 0.35431724307610074 0.0 0.0 0.0 0.0 0.0 0.0 0.3072185289808067 0.0 0.0 0.367645593823581 0.0 0.0 0.5344079906061949 0.22338638335233912 0.22746334489589445 0.0 0.0 0.0 0.0 0.0 0.0 0.0 0.0 0.0 0.0 0.0 0.0 0.0 0.0 0.0 0.0
au2ar4vob7vlv
we fold our hands and request them to please for gods sake stop this game
0.2041605141597527 0.0 0.06626433598681945 0.0 0.12871397994282768 0.40280258887139436 0.3802389623497141 0.0 0.0 0.0 0.0719916206474107 0.11423339222320132 0.3822491648944266 0.4207581177903 0.0 0.35431724307610074 0.0 0.0 0.0 0.0 0.0 0.0 0.3072185289808067 0.0 0.0 0.367645593823581 0.0 0.0 0.5344079906061949 0.22338638335233912 0.22746334489589445 0.0 0.0 0.0 0.0 0.0 0.0 0.0 0.0 0.0 0.0 0.0 0.0 0.0 0.0 0.0 0.0
aclg2ttpdpj36
we fold our hands and beg them to please for gods sake stop this game
0.2041605141597527 0.0 0.06626433598681945 0.499032773868717 0.12871397994282768 0.40280258887139436 0.3802389623497141 0.0 0.0 0.0 0.0719916206474107 0.11423339222320132 0.3822491648944266 0.0 0.0 0.35431724307610074 0.0 0.0 0.0 0.0 0.0 0.0 0.3072185289808067 0.0 0.0 0.367645593823581 0.0 0.0 0.5344079906061949 0.22338638335233912 0.22746334489589445 0.0 0.0 0.0 0.0 0.0 0.0 0.0 0.0 0.0 0.0 0.0 0.0 0.0 0.0 0.0 0.0
ajcv8bvciqxhp
we say it with the excuse that we must stop this game for allahs sake
0.4083210283195054 0.0 0.0 0.0 0.12871397994282768 0.0 0.3802389623497141 0.0 0.0 0.0 0.0 0.11423339222320132 0.3822491648944266 0.0 0.0 0.0 0.0 0.028432039455303555 0.0 0.0 0.0 0.08053829495065332 0.3072185289808067 0.1566923634716169 0.0 0.0 0.0 0.0 0.0 0.0 0.0 0.26089843293707526 0.1350103624684417 0.4788807157438547 0.0 0.0 0.0 0.0 0.0 0.3463160648455808 0.44718580262951646 0.0 0.0 0.0 0.0 0.0 0.0
a1gnof24z9gaez
we say stop these stupid games for allahs sake
0.3402675235995878 0.0 0.0 0.0 0.21452329990471278 0.0 0.6337316039161902 0.0 0.0 0.0 0.0 0.0 0.0 0.0 0.0 0.0 0.0 0.0 0.0 0.0 0.0 0.0 0.5120308816346779 0.0 0.0 0.0 0.0 0.0 0.0 0.0 0.0 0.43483072156179214 0.0 0.0 0.0 0.0 0.0 0.0 0.0 0.0 0.7453096710491941 0.3346114041469147 0.9154737122674594 0.9474383869843239 0.0 0.0 0.0
a2qxd8jqk5bvez
we say it with excuse stop this game for allahs sake
0.2784007011269355 0.0 0.0 0.0 0.17551906355840138 0.0 0.5185076759314283 0.0 0.0 0.0 0.0 0.15577280757709272 0.5212488612196726 0.0 0.0 0.0 0.0 0.0 0.0 0.0 0.0 0.0 0.41893435770110005 0.21367140473402307 0.0 0.0 0.0 0.0 0.0 0.0 0.0 0.355770590368739 0.18410503972969322 0.6530191578325292 0.0 0.0 0.0 0.0 0.0 0.0 0.6097988217675224 0.0 0.0 0.0 0.0 0.0 0.0
a1lcle8gy2eo0v
let us fold our hands to you in a request for gods sake stop this game let us sincerely make a request for gods sake stop this game
0.0 0.0 0.0 0.0 0.13790783565302964 0.4315742023622082 0.40739888823183656 0.0 0.0 0.0 0.038566939632541444 0.12239292023914428 0.4095526766725999 0.45081226906103566 0.11385021863537943 0.0 0.0 0.0 0.0 0.0 0.0 0.0 0.32916270962229294 0.0 0.0 0.19695299669120409 0.0 0.0 0.28628999496760443 0.11967127679589595 0.0 0.0 0.0 0.0 0.0 0.35443704838678275 0.26129498587480604 0.03677966794488147 0.10127738194083881 0.0 0.0 0.0 0.0 0.0 0.31901466396311 0.16285011350748893 0.0
al2rcq9eyun61
let me make a request to you for gods sake stop this game
0.0 0.0 0.0 0.0 0.1485161307032627 0.46477221792853196 0.43873726424967013 0.0 0.0 0.0 0.08306725459316619 0.13180776025753999 0.4410567287243384 0.48549013591188456 0.2452158555223557 0.0 0.0 0.0 0.0 0.0 0.0 0.0 0.354482918054777 0.0 0.0 0.0 0.0 0.0 0.0 0.0 0.0 0.0 0.0 0.0 0.0 0.38170143672422757 0.0 0.0 0.1090679497824418 0.0 0.0 0.0 0.0 0.0 0.0 0.35075409063151464 0.37815596693959164
a2scjh3oqhuw2a
let us fold our hands to you in a request for gods sake stop this game
0.0 0.0 0.0 0.0 0.12066935619640094 0.3776274270669322 0.356474027202857 0.0 0.0 0.0 0.06749214435694753 0.10709380520925124 0.35835859208852494 0.3944607354284062 0.199237882611914 0.0 0.0 0.0 0.0 0.0 0.0 0.0 0.2880173709195063 0.0 0.0 0.34466774420960716 0.0 0.0 0.5010074911933078 0.20942473439281792 0.0 0.0 0.0 0.0 0.0 0.3101324173384349 0.2286331126404553 0.06436441890354257 0.08861770919823396 0.0 0.0 0.0 0.0 0.0 0.0 0.0 0.0
a1mmshjhu659at
we fold our hands and request you to please end this game
0.25520064269969084 0.0 0.08283041998352432 0.0 0.0 0.0 0.0 0.0 0.0 0.3933569160907164 0.08998952580926338 0.14279174027900166 0.4778114561180333 0.5259476472378749 0.26565051014921864 0.44289655384512594 0.0 0.0 0.0 0.0 0.0 0.0 0.0 0.0 0.0 0.4595569922794762 0.0 0.0 0.6680099882577437 0.2792329791904239 0.0 0.0 0.0 0.0 0.0 0.0 0.0 0.0 0.0 0.0 0.0 0.0 0.0 0.0 0.0 0.0 0.0
