i may have gotten the lesser share of wisdom perhaps got a portion acumen wasnt probably blessed with my due think very little brains am low gifted from mind guess part intelligence small sense received not intelligent achieved some degree good maybe do
i may have gotten the lesser share of wisdom
0.3608867605362993 0.49532430318012277 0.2542188919987144 0.8800899643654 0.04738673242550592 0.8456283056649734 0.7547049363856454 0.09332686473309092 0.9303105336701842 0.0 0.0 0.0 0.0 0.0 0.0 0.0 0.0 0.0 0.0 0.0 0.0 0.0 0.0 0.0 0.0 0.0 0.0 0.0 0.0 0.0 0.0 0.0 0.0 0.0 0.0 0.0 0.0 0.0 0.0 0.0 0.0 0.0 0.0
perhaps i got a lesser portion of acumen
0.40599760560333675 0.0 0.0 0.0 0.0 0.9513318438730951 0.0 0.10499272282472728 0.0 0.8226294167254503 0.6128255687353188 0.17723541839646792 1.2898381190108714 1.2898381190108714 0.0 0.0 0.0 0.0 0.0 0.0 0.0 0.0 0.0 0.0 0.0 0.0 0.0 0.0 0.0 0.0 0.0 0.0 0.0 0.0 0.0 0.0 0.0 0.0 0.0 0.0 0.0 0.0 0.0
i wasnt probably blessed with my due share of wisdom
0.3247980844826694 0.0 0.0 0.0 0.0 0.0 0.6792344427470809 0.08399417825978182 0.8372794803031658 0.0 0.0 0.0 0.0 0.0 0.7060608414065489 0.6557504836393409 0.893241059096708 0.23503854520742537 0.4078429106916201 0.43525582129632784 0.0 0.0 0.0 0.0 0.0 0.0 0.0 0.0 0.0 0.0 0.0 0.0 0.0 0.0 0.0 0.0 0.0 0.0 0.0 0.0 0.0 0.0 0.0
i think i have very little brains
0.9279945270933412 0.0 0.3268528611412042 0.0 0.0 0.0 0.0 0.0 0.0 0.0 0.0 0.0 0.0 0.0 0.0 0.0 0.0 0.0 0.0 0.0 0.596974342837245 0.5921312640264335 0.8344811625155378 1.474100707440996 0.0 0.0 0.0 0.0 0.0 0.0 0.0 0.0 0.0 0.0 0.0 0.0 0.0 0.0 0.0 0.0 0.0 0.0 0.0
a353ocl6lm6m4o
i am probably low gifted from mind
0.4639972635466706 0.0 0.0 0.0 0.0 0.0 0.0 0.0 0.0 0.0 0.0 0.0 0.0 0.0 0.0 0.9367864051990583 0.0 0.0 0.0 0.0 0.0 0.0 0.0 0.0 0.7252797052896183 0.9069161483621213 1.1451599798704177 0.34469923420400556 0.8377653794047805 0.0 0.0 0.0 0.0 0.0 0.0 0.0 0.0 0.0 0.0 0.0 0.0 0.0 0.0
a3fq8i38xt2b4z
i guess i got a lesser part of intelligence
0.7217735210725986 0.0 0.0 0.0 0.0 0.8456283056649734 0.0 0.09332686473309092 0.0 0.0 0.5447338388758389 0.1575425941301937 0.0 0.0 0.0 0.0 0.0 0.0 0.0 0.0 0.0 0.0 0.0 0.0 0.0 0.0 0.0 0.0 0.0 0.83845735887191 0.5265527917889721 0.6382215526203986 0.0 0.0 0.0 0.0 0.0 0.0 0.0 0.0 0.0 0.0 0.0
a3dd3acpmvdvca
perhaps i have got a small share of sense
0.3608867605362993 0.0 0.2542188919987144 0.0 0.0 0.0 0.7547049363856454 0.09332686473309092 0.0 0.7312261482004003 0.5447338388758389 0.1575425941301937 0.0 0.0 0.0 0.0 0.0 0.0 0.0 0.0 0.0 0.0 0.0 0.0 0.0 0.0 0.0 0.0 0.0 0.0 0.0 0.0 0.6382215526203986 0.7547049363856454 0.0 0.0 0.0 0.0 0.0 0.0 0.0 0.0 0.0
a132zmwemnnusa
perhaps i received a lesser share of wisdom
0.40599760560333675 0.0 0.0 0.0 0.0 0.9513318438730951 0.8490430534338511 0.10499272282472728 1.0465993503789572 0.8226294167254503 0.0 0.17723541839646792 0.0 0.0 0.0 0.0 0.0 0.0 0.0 0.0 0.0 0.0 0.0 0.0 0.0 0.0 0.0 0.0 0.0 0.0 0.0 0.0 0.0 0.0 0.696721602965465 0.0 0.0 0.0 0.0 0.0 0.0 0.0 0.0
a6tw9zegog7ph
i am probably not intelligent
0.6495961689653388 0.0 0.0 0.0 0.0 0.0 0.0 0.0 0.0 0.0 0.0 0.0 0.0 0.0 0.0 1.3115009672786817 0.0 0.0 0.0 0.0 0.0 0.0 0.0 0.0 1.0153915874054655 0.0 0.0 0.0 0.0 0.0 0.0 0.0 0.0 0.0 0.0 0.42812549764747276 1.647852682081427 0.0 0.0 0.0 0.0 0.0 0.0
attzel5iaoiw5
i am probably low gifted from mind
0.4639972635466706 0.0 0.0 0.0 0.0 0.0 0.0 0.0 0.0 0.0 0.0 0.0 0.0 0.0 0.0 0.9367864051990583 0.0 0.0 0.0 0.0 0.0 0.0 0.0 0.0 0.7252797052896183 0.9069161483621213 1.1451599798704177 0.34469923420400556 0.8377653794047805 0.0 0.0 0.0 0.0 0.0 0.0 0.0 0.0 0.0 0.0 0.0 0.0 0.0 0.0
a1395pss402i1j
i am probably low gifted from mind
0.4639972635466706 0.0 0.0 0.0 0.0 0.0 0.0 0.0 0.0 0.0 0.0 0.0 0.0 0.0 0.0 0.9367864051990583 0.0 0.0 0.0 0.0 0.0 0.0 0.0 0.0 0.7252797052896183 0.9069161483621213 1.1451599798704177 0.34469923420400556 0.8377653794047805 0.0 0.0 0.0 0.0 0.0 0.0 0.0 0.0 0.0 0.0 0.0 0.0 0.0 0.0
a3lhs82826iskx
i guess i got a lesser part of intelligence
0.7217735210725986 0.0 0.0 0.0 0.0 0.8456283056649734 0.0 0.09332686473309092 0.0 0.0 0.5447338388758389 0.1575425941301937 0.0 0.0 0.0 0.0 0.0 0.0 0.0 0.0 0.0 0.0 0.0 0.0 0.0 0.0 0.0 0.0 0.0 0.83845735887191 0.5265527917889721 0.6382215526203986 0.0 0.0 0.0 0.0 0.0 0.0 0.0 0.0 0.0 0.0 0.0
a291u81kgj6l9n
i guess i got a lesser part of intelligence
0.7217735210725986 0.0 0.0 0.0 0.0 0.8456283056649734 0.0 0.09332686473309092 0.0 0.0 0.5447338388758389 0.1575425941301937 0.0 0.0 0.0 0.0 0.0 0.0 0.0 0.0 0.0 0.0 0.0 0.0 0.0 0.0 0.0 0.0 0.0 0.83845735887191 0.5265527917889721 0.6382215526203986 0.0 0.0 0.0 0.0 0.0 0.0 0.0 0.0 0.0 0.0 0.0
a1395pss402i1j
i guess i got a lesser part of intelligence
0.7217735210725986 0.0 0.0 0.0 0.0 0.8456283056649734 0.0 0.09332686473309092 0.0 0.0 0.5447338388758389 0.1575425941301937 0.0 0.0 0.0 0.0 0.0 0.0 0.0 0.0 0.0 0.0 0.0 0.0 0.0 0.0 0.0 0.0 0.0 0.83845735887191 0.5265527917889721 0.6382215526203986 0.0 0.0 0.0 0.0 0.0 0.0 0.0 0.0 0.0 0.0 0.0
a9x4g4wpj27d6
perhaps i have achieved some small degree of wisdom
0.3608867605362993 0.0 0.2542188919987144 0.0 0.0 0.0 0.0 0.09332686473309092 0.9303105336701842 0.7312261482004003 0.0 0.0 0.0 0.0 0.0 0.0 0.0 0.0 0.0 0.0 0.0 0.0 0.0 0.0 0.0 0.0 0.0 0.0 0.0 0.0 0.0 0.0 0.6382215526203986 0.0 0.0 0.0 0.0 0.8082425015959498 0.44184261481842435 0.7547049363856454 0.0 0.0 0.0
a2eldzaxlm8quo
perhaps i have some good sense
0.541330140804449 0.0 0.3813283379980716 0.0 0.0 0.0 0.0 0.0 0.0 1.0968392223006005 0.0 0.0 0.0 0.0 0.0 0.0 0.0 0.0 0.0 0.0 0.0 0.0 0.0 0.0 0.0 0.0 0.0 0.0 0.0 0.0 0.0 0.0 0.0 1.1320574045784682 0.0 0.0 0.0 0.0 0.6627639222276366 0.0 0.7653095340832956 0.0 0.0
a280uzceezwu2x
maybe i do have a little sense
0.4639972635466706 0.0 0.3268528611412042 0.0 0.0 0.0 0.0 0.0 0.0 0.0 0.0 0.20255476388167762 0.0 0.0 0.0 0.0 0.0 0.0 0.0 0.0 0.0 0.0 0.8344811625155378 0.0 0.0 0.0 0.0 0.0 0.0 0.0 0.0 0.0 0.0 0.9703349182101155 0.0 0.0 0.0 0.0 0.0 0.0 0.0 1.04613895407614 0.4625481507708841
a3ohqrf1mdq99b
perhaps i received a lesser share of wisdom
0.40599760560333675 0.0 0.0 0.0 0.0 0.9513318438730951 0.8490430534338511 0.10499272282472728 1.0465993503789572 0.8226294167254503 0.0 0.17723541839646792 0.0 0.0 0.0 0.0 0.0 0.0 0.0 0.0 0.0 0.0 0.0 0.0 0.0 0.0 0.0 0.0 0.0 0.0 0.0 0.0 0.0 0.0 0.696721602965465 0.0 0.0 0.0 0.0 0.0 0.0 0.0 0.0
