and i only say allah willing when praying to that he fulfill some request mention insha am for something get done use god pray a particular job whatever you will ask from be fulfilled (if wills) asking complete the work inshallah prayers is accomplish it there completes was my wish sayinsha prayer completed finish we wished
and i only say allah willing when praying to allah that he fulfill some request
0.06626433598681945 0.2165320563217796 0.2243984204974735 0.26089843293707526 0.5982429966404604 0.4818441665819103 0.21715803901176886 0.5169170396416957 0.0719916206474107 0.08053829495065332 0.15832815064188968 0.44367622039715493 0.26510556889105463 0.4207581177903 0.0 0.0 0.0 0.0 0.0 0.0 0.0 0.0 0.0 0.0 0.0 0.0 0.0 0.0 0.0 0.0 0.0 0.0 0.0 0.0 0.0 0.0 0.0 0.0 0.0 0.0 0.0 0.0 0.0 0.0 0.0 0.0 0.0 0.0 0.0 0.0 0.0 0.0 0.0 0.0 0.0 0.0
and i mention insha allah only when i am praying for something to get done
0.06626433598681945 0.4330641126435592 0.2243984204974735 0.0 0.2991214983202302 0.0 0.21715803901176886 0.5169170396416957 0.0719916206474107 0.0 0.0 0.0 0.0 0.0 0.5581863202021106 0.5119765081647808 0.33846386246848853 0.12871397994282768 0.37043540115261425 0.289999826140107 0.30677848337871655 0.0 0.0 0.0 0.0 0.0 0.0 0.0 0.0 0.0 0.0 0.0 0.0 0.0 0.0 0.0 0.0 0.0 0.0 0.0 0.0 0.0 0.0 0.0 0.0 0.0 0.0 0.0 0.0 0.0 0.0 0.0 0.0 0.0 0.0 0.0
and use god willing only when i pray to god for a particular job
0.07099750284302085 0.2319986317733353 0.2404268791044359 0.0 0.0 0.5162616070520467 0.2326693275126095 0.0 0.07713387926508289 0.0 0.0 0.0 0.0 0.0 0.0 0.0 0.0 0.13790783565302964 0.0 0.0 0.0 0.355114101526393 0.6780787028441723 0.5485462587479794 0.10127738194083881 0.49410768360177254 0.44225504050299136 0.0 0.0 0.0 0.0 0.0 0.0 0.0 0.0 0.0 0.0 0.0 0.0 0.0 0.0 0.0 0.0 0.0 0.0 0.0 0.0 0.0 0.0 0.0 0.0 0.0 0.0 0.0 0.0 0.0
and insha allah whatever you will ask from allah will be fulfilled
0.08283041998352432 0.0 0.0 0.0 0.7478037458005756 0.0 0.0 0.0 0.0 0.0 0.0 0.0 0.0 0.0 0.0 0.639970635205976 0.0 0.0 0.0 0.0 0.0 0.0 0.0 0.0 0.0 0.0 0.0 0.45050417219590994 0.26565051014921864 0.36925219996686404 0.48128418081808055 0.20107455328566992 0.17890191216326254 0.5852390071735535 0.0 0.0 0.0 0.0 0.0 0.0 0.0 0.0 0.0 0.0 0.0 0.0 0.0 0.0 0.0 0.0 0.0 0.0 0.0 0.0 0.0 0.0
a3dd3acpmvdvca
and that i say insha allah (if god wills) only when i am asking allah to complete the work
0.05231394946327852 0.34189272050807307 0.17715664776116327 0.20597244705558573 0.47229710261088986 0.0 0.17144055711455436 0.0 0.05683548998479792 0.06358286443472631 0.0 0.0 0.0 0.0 0.0 0.4041919801300901 0.2672083124751225 0.0 0.0 0.0 0.0 0.0 0.24981846946890557 0.0 0.0 0.0 0.0 0.0 0.0 0.0 0.0 0.0 0.0 0.0 0.4701268732087937 0.4701268732087937 0.3331432055538261 0.28610015944739997 0.022446346938397543 0.21881566475746814 0.0 0.0 0.0 0.0 0.0 0.0 0.0 0.0 0.0 0.0 0.0 0.0 0.0 0.0 0.0 0.0
alzgu09bjzsiw
and say inshallah only when the prayers is only for the god that he will accomplish it
0.058468531753075995 0.0 0.3959972126426003 0.23020449965036052 0.0 0.0 0.191610034422149 0.0 0.0 0.07106320142704704 0.13970130938990266 0.0 0.0 0.0 0.0 0.0 0.0 0.11357115877308324 0.0 0.0 0.0 0.0 0.279208877641718 0.0 0.0 0.0 0.0 0.0 0.0 0.13032430587065788 0.0 0.0 0.0 0.0 0.0 0.0 0.0 0.0 0.0501741872740651 0.0 0.5254359171157106 0.40311582642866145 0.07687150110791918 0.44032303576651494 0.11912679041333091 0.0 0.0 0.0 0.0 0.0 0.0 0.0 0.0 0.0 0.0 0.0
a28z6a8uc4er3x
and allah willing say only when there is pray to allah that work completes
0.07099750284302085 0.0 0.2404268791044359 0.2795340352897235 0.6409746392576362 0.5162616070520467 0.2326693275126095 0.0 0.07713387926508289 0.08629103030427142 0.0 0.0 0.0 0.0 0.0 0.0 0.0 0.0 0.0 0.0 0.0 0.0 0.0 0.5485462587479794 0.0 0.0 0.0 0.0 0.0 0.0 0.0 0.0 0.0 0.0 0.0 0.0 0.0 0.0 0.0 0.2969641164565639 0.0 0.0 0.09334396563104473 0.0 0.0 0.20457035733735499 0.687539840823359 0.0 0.0 0.0 0.0 0.0 0.0 0.0 0.0 0.0
a132zmwemnnusa
and only say god willing when it was my wish that the work was to be done
0.058468531753075995 0.0 0.19799860632130015 0.23020449965036052 0.0 0.4251566175722738 0.191610034422149 0.0 0.06352201821830356 0.07106320142704704 0.0 0.0 0.0 0.0 0.0 0.0 0.0 0.0 0.0 0.0 0.27068689709886756 0.0 0.279208877641718 0.0 0.0 0.0 0.0 0.0 0.0 0.0 0.0 0.0 0.12628370270347944 0.0 0.0 0.0 0.0 0.0 0.02508709363703255 0.24455868414069967 0.0 0.0 0.0 0.0 0.11912679041333091 0.0 0.0 0.2585669330581332 0.2399075945244824 0.3299514559279198 0.0 0.0 0.0 0.0 0.0 0.0
a1e4smxrh1paux
and that i sayinsha allah (if god wills) only when i am asking allah to complete the work
0.05522027998901621 0.3608867605362993 0.18699868374789458 0.0 0.4985358305337171 0.0 0.1809650325098074 0.0 0.059993017206175586 0.0671152457922111 0.0 0.0 0.0 0.0 0.0 0.0 0.28205321872374045 0.0 0.0 0.0 0.0 0.0 0.2636972733282892 0.0 0.0 0.0 0.0 0.0 0.0 0.0 0.0 0.0 0.0 0.0 0.49624503283150445 0.49624503283150445 0.35165116141792757 0.3019946127500333 0.02369336621275296 0.23097209057732748 0.0 0.0 0.0 0.0 0.0 0.0 0.0 0.0 0.0 0.0 0.5732613862270539 0.0 0.0 0.0 0.0 0.0
a2rcbwy8ulhnj0
and that i say insha allah (if god wills) only when i am asking allah to complete the work
0.05231394946327852 0.34189272050807307 0.17715664776116327 0.20597244705558573 0.47229710261088986 0.0 0.17144055711455436 0.0 0.05683548998479792 0.06358286443472631 0.0 0.0 0.0 0.0 0.0 0.4041919801300901 0.2672083124751225 0.0 0.0 0.0 0.0 0.0 0.24981846946890557 0.0 0.0 0.0 0.0 0.0 0.0 0.0 0.0 0.0 0.0 0.0 0.4701268732087937 0.4701268732087937 0.3331432055538261 0.28610015944739997 0.022446346938397543 0.21881566475746814 0.0 0.0 0.0 0.0 0.0 0.0 0.0 0.0 0.0 0.0 0.0 0.0 0.0 0.0 0.0 0.0
a330jjzgjl7ig2
and i say insha allah (if god wills) only when i am asking allah to complete the work
0.05522027998901621 0.3608867605362993 0.18699868374789458 0.21741536078089607 0.4985358305337171 0.0 0.1809650325098074 0.0 0.059993017206175586 0.0 0.0 0.0 0.0 0.0 0.0 0.42664709013731733 0.28205321872374045 0.0 0.0 0.0 0.0 0.0 0.2636972733282892 0.0 0.0 0.0 0.0 0.0 0.0 0.0 0.0 0.0 0.0 0.0 0.49624503283150445 0.49624503283150445 0.35165116141792757 0.3019946127500333 0.02369336621275296 0.23097209057732748 0.0 0.0 0.0 0.0 0.0 0.0 0.0 0.0 0.0 0.0 0.0 0.0 0.0 0.0 0.0 0.0
a1lkw32z4tqsw7
and say inshallah only when the prayers is only for the god that he will accomplish it
0.058468531753075995 0.0 0.3959972126426003 0.23020449965036052 0.0 0.0 0.191610034422149 0.0 0.0 0.07106320142704704 0.13970130938990266 0.0 0.0 0.0 0.0 0.0 0.0 0.11357115877308324 0.0 0.0 0.0 0.0 0.279208877641718 0.0 0.0 0.0 0.0 0.0 0.0 0.13032430587065788 0.0 0.0 0.0 0.0 0.0 0.0 0.0 0.0 0.0501741872740651 0.0 0.5254359171157106 0.40311582642866145 0.07687150110791918 0.44032303576651494 0.11912679041333091 0.0 0.0 0.0 0.0 0.0 0.0 0.0 0.0 0.0 0.0 0.0
a14wwg6nkbdwgp
and say inshallah only when the prayers is only for the god that he will accomplish it
0.058468531753075995 0.0 0.3959972126426003 0.23020449965036052 0.0 0.0 0.191610034422149 0.0 0.0 0.07106320142704704 0.13970130938990266 0.0 0.0 0.0 0.0 0.0 0.0 0.11357115877308324 0.0 0.0 0.0 0.0 0.279208877641718 0.0 0.0 0.0 0.0 0.0 0.0 0.13032430587065788 0.0 0.0 0.0 0.0 0.0 0.0 0.0 0.0 0.0501741872740651 0.0 0.5254359171157106 0.40311582642866145 0.07687150110791918 0.44032303576651494 0.11912679041333091 0.0 0.0 0.0 0.0 0.0 0.0 0.0 0.0 0.0 0.0 0.0
au2ar4vob7vlv
say inshallah only when the prayer is for god to accomplish it
0.0 0.0 0.28049802562184184 0.3261230411713441 0.0 0.0 0.27144754876471106 0.0 0.08998952580926338 0.0 0.0 0.0 0.0 0.0 0.0 0.0 0.0 0.1608924749285346 0.0 0.0 0.0 0.0 0.39554590999243383 0.0 0.0 0.0 0.0 0.0 0.0 0.0 0.0 0.0 0.0 0.0 0.0 0.0 0.0 0.0 0.03554004931912944 0.0 0.7443675492472567 0.0 0.10890129323621885 0.6237909673358962 0.16876295308555211 0.0 0.0 0.0 0.0 0.0 0.0 0.5822083701593139 0.0 0.0 0.0 0.0
a301gnfg8w711q
and allah willing say only when there is a prayer to allah that work is completed
0.06212281498764324 0.0 0.2103735192163814 0.24459228087850807 0.5608528093504317 0.4517289061705409 0.2035856615735333 0.0 0.06749214435694753 0.07550465151623749 0.0 0.0 0.0 0.0 0.0 0.0 0.0 0.0 0.0 0.0 0.0 0.0 0.0 0.0 0.08861770919823396 0.0 0.0 0.0 0.0 0.0 0.0 0.0 0.0 0.0 0.0 0.0 0.0 0.0 0.0 0.2598436018994934 0.0 0.0 0.16335193985432828 0.0 0.0 0.17899906267018562 0.0 0.0 0.0 0.0 0.0 0.43665627761948544 0.43446307013128105 0.0 0.0 0.0
a3c1u2evw0nuff
work will finish when we pray to allah
0.0 0.0 0.0 0.0 0.5608528093504317 0.0 0.4071713231470666 0.0 0.13498428871389506 0.0 0.0 0.0 0.0 0.0 0.0 0.0 0.0 0.0 0.0 0.0 0.0 0.0 0.0 0.959955952808964 0.0 0.0 0.0 0.0 0.0 0.276939149975148 0.0 0.0 0.0 0.0 0.0 0.0 0.0 0.0 0.0 0.5196872037989868 0.0 0.0 0.0 0.0 0.0 0.0 0.0 0.0 0.0 0.0 0.0 0.0 0.0 0.8454196113246946 0.3828009640495363 0.0
a12ezody9kxiim
and allah willing say only when there is pray to allah that work completes
0.07099750284302085 0.0 0.2404268791044359 0.2795340352897235 0.6409746392576362 0.5162616070520467 0.2326693275126095 0.0 0.07713387926508289 0.08629103030427142 0.0 0.0 0.0 0.0 0.0 0.0 0.0 0.0 0.0 0.0 0.0 0.0 0.0 0.5485462587479794 0.0 0.0 0.0 0.0 0.0 0.0 0.0 0.0 0.0 0.0 0.0 0.0 0.0 0.0 0.0 0.2969641164565639 0.0 0.0 0.09334396563104473 0.0 0.0 0.20457035733735499 0.687539840823359 0.0 0.0 0.0 0.0 0.0 0.0 0.0 0.0 0.0
arq4j4tltpbnc
and only say god willing when i wished the work be done
0.08283041998352432 0.2706650704022245 0.28049802562184184 0.3261230411713441 0.0 0.6023052082273879 0.27144754876471106 0.0 0.0 0.0 0.0 0.0 0.0 0.0 0.0 0.0 0.0 0.0 0.0 0.0 0.3834731042233957 0.0 0.39554590999243383 0.0 0.0 0.0 0.0 0.0 0.0 0.0 0.0 0.0 0.17890191216326254 0.0 0.0 0.0 0.0 0.0 0.03554004931912944 0.3464581358659912 0.0 0.0 0.0 0.0 0.0 0.0 0.0 0.0 0.0 0.0 0.0 0.0 0.0 0.0 0.0 0.6977329002526381
