lest you forget there is also someone who watching over after all a ruler above as well one too (god) at last commander upon watches of us atlast master this sounds good
lest you forget there is also someone who is watching over you
0.859892079340581 0.5313010202984373 0.5660287022892341 0.2386654168935808 0.2178025864724377 0.2299287880066059 0.44123536927005785 0.2453396614056688 0.5186966991554058 0.31127464416068384 0.0 0.0 0.0 0.0 0.0 0.0 0.0 0.0 0.0 0.0 0.0 0.0 0.0 0.0 0.0 0.0 0.0 0.0 0.0 0.0 0.0 0.0
after all there is a ruler above you as well
0.0 0.3187806121790624 0.0 0.28639850027229696 0.13068155188346262 0.0 0.0 0.0 0.0 0.0 0.29837230732151565 0.3143215238462749 0.14178833471717434 0.6175570225695438 0.6241167508181251 0.26353012710331447 0.44927048447065204 0.0 0.0 0.0 0.0 0.0 0.0 0.0 0.0 0.0 0.0 0.0 0.0 0.0 0.0 0.0
after all there is one ruler above you too
0.0 0.35420068019895823 0.0 0.31822055585810777 0.14520172431495848 0.0 0.0 0.0 0.0 0.0 0.33152478591279516 0.3492461376069721 0.0 0.6861744695217153 0.6934630564645834 0.0 0.0 0.32566619033399224 0.557266671558655 0.0 0.0 0.0 0.0 0.0 0.0 0.0 0.0 0.0 0.0 0.0 0.0 0.0
there is a ruler (god) above you
0.0 0.45540087454151773 0.0 0.40914071467470997 0.18668793126208946 0.0 0.0 0.0 0.0 0.0 0.0 0.0 0.20255476388167762 0.8822243179564911 0.8915953583116073 0.0 0.0 0.0 0.0 1.474100707440996 0.0 0.0 0.0 0.0 0.0 0.0 0.0 0.0 0.0 0.0 0.0 0.0
a3dd3acpmvdvca
after all there is a ruler above you
0.0 0.398475765223828 0.0 0.35799812534037123 0.16335193985432828 0.0 0.0 0.0 0.0 0.0 0.37296538415189456 0.3929019048078436 0.17723541839646792 0.7719462782119297 0.7801459385226563 0.0 0.0 0.0 0.0 0.0 0.0 0.0 0.0 0.0 0.0 0.0 0.0 0.0 0.0 0.0 0.0 0.0
a353ocl6lm6m4o
at last there is a commander upon you also
0.0 0.35420068019895823 0.0 0.31822055585810777 0.14520172431495848 0.3065717173421412 0.0 0.0 0.0 0.0 0.0 0.0 0.1575425941301937 0.0 0.0 0.0 0.0 0.0 0.0 0.0 0.3441777615449417 0.4499565187089677 0.6610285666244388 0.5812342907616208 0.0 0.0 0.0 0.0 0.0 0.0 0.0 0.0
a172x4w90uost1
after all there is a ruler who watches over all of us
0.0 0.0 0.0 0.2386654168935808 0.10890129323621885 0.0 0.0 0.2453396614056688 0.0 0.31127464416068384 0.24864358943459638 0.5238692064104581 0.11815694559764528 0.5146308521412865 0.0 0.0 0.0 0.0 0.0 0.0 0.0 0.0 0.0 0.0 0.639970635205976 0.06999514854981818 0.30484415018727373 0.0 0.0 0.0 0.0 0.0
a2i57ww1b3evwx
atlast above you also there is a master
0.0 0.398475765223828 0.0 0.35799812534037123 0.16335193985432828 0.34489318200990887 0.0 0.0 0.0 0.0 0.0 0.0 0.17723541839646792 0.0 0.7801459385226563 0.0 0.0 0.0 0.0 0.0 0.0 0.0 0.0 0.0 0.0 0.0 0.0 1.2031947214408782 1.116551323870885 0.0 0.0 0.0
a6tw9zegog7ph
after all there is a ruler above you
0.0 0.398475765223828 0.0 0.35799812534037123 0.16335193985432828 0.0 0.0 0.0 0.0 0.0 0.37296538415189456 0.3929019048078436 0.17723541839646792 0.7719462782119297 0.7801459385226563 0.0 0.0 0.0 0.0 0.0 0.0 0.0 0.0 0.0 0.0 0.0 0.0 0.0 0.0 0.0 0.0 0.0
au2ar4vob7vlv
after all there is a ruler above you
0.0 0.398475765223828 0.0 0.35799812534037123 0.16335193985432828 0.0 0.0 0.0 0.0 0.0 0.37296538415189456 0.3929019048078436 0.17723541839646792 0.7719462782119297 0.7801459385226563 0.0 0.0 0.0 0.0 0.0 0.0 0.0 0.0 0.0 0.0 0.0 0.0 0.0 0.0 0.0 0.0 0.0
aclg2ttpdpj36
after all there is a ruler above you
0.0 0.398475765223828 0.0 0.35799812534037123 0.16335193985432828 0.0 0.0 0.0 0.0 0.0 0.37296538415189456 0.3929019048078436 0.17723541839646792 0.7719462782119297 0.7801459385226563 0.0 0.0 0.0 0.0 0.0 0.0 0.0 0.0 0.0 0.0 0.0 0.0 0.0 0.0 0.0 0.0 0.0
ajcv8bvciqxhp
at last there is a commander upon you as well
0.0 0.3187806121790624 0.0 0.28639850027229696 0.13068155188346262 0.0 0.0 0.0 0.0 0.0 0.0 0.0 0.14178833471717434 0.0 0.0 0.26353012710331447 0.44927048447065204 0.0 0.0 0.0 0.30975998539044747 0.4049608668380709 0.5949257099619949 0.5231108616854587 0.0 0.0 0.0 0.0 0.0 0.0 0.0 0.0
a1gnof24z9gaez
at last there is a commander upon you also
0.0 0.35420068019895823 0.0 0.31822055585810777 0.14520172431495848 0.3065717173421412 0.0 0.0 0.0 0.0 0.0 0.0 0.1575425941301937 0.0 0.0 0.0 0.0 0.0 0.0 0.0 0.3441777615449417 0.4499565187089677 0.6610285666244388 0.5812342907616208 0.0 0.0 0.0 0.0 0.0 0.0 0.0 0.0
a2qxd8jqk5bvez
at last there is a commander upon you also
0.0 0.35420068019895823 0.0 0.31822055585810777 0.14520172431495848 0.3065717173421412 0.0 0.0 0.0 0.0 0.0 0.0 0.1575425941301937 0.0 0.0 0.0 0.0 0.0 0.0 0.0 0.3441777615449417 0.4499565187089677 0.6610285666244388 0.5812342907616208 0.0 0.0 0.0 0.0 0.0 0.0 0.0 0.0
a1lcle8gy2eo0v
after all there is a ruler who watches over all of us this sounds good
0.0 0.0 0.0 0.19093233351486466 0.08712103458897508 0.0 0.0 0.19627172912453503 0.0 0.24901971532854708 0.1989148715476771 0.4190953651283665 0.09452555647811622 0.4117046817130292 0.0 0.0 0.0 0.0 0.0 0.0 0.0 0.0 0.0 0.0 0.5119765081647808 0.05599611883985455 0.243875320149819 0.0 0.0 0.11423339222320132 0.5684630321905944 0.30612381363331825
al2rcq9eyun61
after all there is a ruler who watches over all of us
0.0 0.0 0.0 0.2386654168935808 0.10890129323621885 0.0 0.0 0.2453396614056688 0.0 0.31127464416068384 0.24864358943459638 0.5238692064104581 0.11815694559764528 0.5146308521412865 0.0 0.0 0.0 0.0 0.0 0.0 0.0 0.0 0.0 0.0 0.639970635205976 0.06999514854981818 0.30484415018727373 0.0 0.0 0.0 0.0 0.0
a2scjh3oqhuw2a
after all there is a ruler who watches over all of us
0.0 0.0 0.0 0.2386654168935808 0.10890129323621885 0.0 0.0 0.2453396614056688 0.0 0.31127464416068384 0.24864358943459638 0.5238692064104581 0.11815694559764528 0.5146308521412865 0.0 0.0 0.0 0.0 0.0 0.0 0.0 0.0 0.0 0.0 0.639970635205976 0.06999514854981818 0.30484415018727373 0.0 0.0 0.0 0.0 0.0
a1mmshjhu659at
atlast above you also there is a master
0.0 0.398475765223828 0.0 0.35799812534037123 0.16335193985432828 0.34489318200990887 0.0 0.0 0.0 0.0 0.0 0.0 0.17723541839646792 0.0 0.7801459385226563 0.0 0.0 0.0 0.0 0.0 0.0 0.0 0.0 0.0 0.0 0.0 0.0 1.2031947214408782 1.116551323870885 0.0 0.0 0.0
