is this statement by the american officials a prelude to change in policy of signal towards afghanistan does authorities foreshadow shift regarding about hint not precursor for it can we predict whether declaration officer will effect afghan affairs forecast reflect afghanistanis are statements precursors affect afgan appointment an official cause any significant changes policies mean relations between america and americas toward
is this statement by the american officials a prelude to a change in american policy
0.08712103458897508 0.11423339222320132 0.34061458661637 0.16636395076009652 0.028432039455303555 0.4186879291097695 0.2991214983202302 0.18905111295623245 0.6879136634724647 0.0719916206474107 0.341716540079784 0.06865538016377874 0.3029435604361708 0.0 0.0 0.0 0.0 0.0 0.0 0.0 0.0 0.0 0.0 0.0 0.0 0.0 0.0 0.0 0.0 0.0 0.0 0.0 0.0 0.0 0.0 0.0 0.0 0.0 0.0 0.0 0.0 0.0 0.0 0.0 0.0 0.0 0.0 0.0 0.0 0.0 0.0 0.0 0.0 0.0 0.0 0.0 0.0 0.0 0.0 0.0 0.0
is this statement of american officials a signal of change in american policy towards afghanistan
0.08712103458897508 0.11423339222320132 0.34061458661637 0.0 0.0 0.4186879291097695 0.2991214983202302 0.09452555647811622 0.0 0.0 0.341716540079784 0.06865538016377874 0.3029435604361708 0.1119922376797091 0.5119765081647808 0.33706765087880564 0.27495330406548657 0.0 0.0 0.0 0.0 0.0 0.0 0.0 0.0 0.0 0.0 0.0 0.0 0.0 0.0 0.0 0.0 0.0 0.0 0.0 0.0 0.0 0.0 0.0 0.0 0.0 0.0 0.0 0.0 0.0 0.0 0.0 0.0 0.0 0.0 0.0 0.0 0.0 0.0 0.0 0.0 0.0 0.0 0.0 0.0
does this statement by the american authorities foreshadow a shift in american policy regarding afghanistan
0.0 0.11423339222320132 0.34061458661637 0.16636395076009652 0.028432039455303555 0.4186879291097695 0.0 0.09452555647811622 0.0 0.0 0.0 0.06865538016377874 0.3029435604361708 0.0 0.0 0.0 0.27495330406548657 0.2796014374128511 0.39577855449420596 0.6879136634724647 0.5492842273604757 0.357525192965714 0.0 0.0 0.0 0.0 0.0 0.0 0.0 0.0 0.0 0.0 0.0 0.0 0.0 0.0 0.0 0.0 0.0 0.0 0.0 0.0 0.0 0.0 0.0 0.0 0.0 0.0 0.0 0.0 0.0 0.0 0.0 0.0 0.0 0.0 0.0 0.0 0.0 0.0 0.0
is this statement by american officials about afghanistan a hint of change in american policy
0.08712103458897508 0.11423339222320132 0.34061458661637 0.16636395076009652 0.0 0.4186879291097695 0.2991214983202302 0.09452555647811622 0.0 0.0 0.341716540079784 0.06865538016377874 0.3029435604361708 0.05599611883985455 0.0 0.0 0.27495330406548657 0.0 0.0 0.0 0.0 0.0 0.20773625037091556 0.5492842273604757 0.0 0.0 0.0 0.0 0.0 0.0 0.0 0.0 0.0 0.0 0.0 0.0 0.0 0.0 0.0 0.0 0.0 0.0 0.0 0.0 0.0 0.0 0.0 0.0 0.0 0.0 0.0 0.0 0.0 0.0 0.0 0.0 0.0 0.0 0.0 0.0 0.0
a3dd3acpmvdvca
this statement of the american officials is not a precursor for a change in the american policy towards afghanistan is it
0.12445862084139298 0.08159528015942952 0.24329613329740715 0.0 0.04061719922186222 0.2990628065069782 0.21365821308587873 0.13503650925445174 0.0 0.0 0.24408324291413144 0.04903955725984196 0.2163882574544077 0.03999722774275325 0.0 0.24076260777057548 0.19639521718963326 0.0 0.0 0.0 0.0 0.0 0.0 0.0 0.10193464229701732 0.4390520315913743 0.09193855710201977 0.09643597319174406 0.0 0.0 0.0 0.0 0.0 0.0 0.0 0.0 0.0 0.0 0.0 0.0 0.0 0.0 0.0 0.0 0.0 0.0 0.0 0.0 0.0 0.0 0.0 0.0 0.0 0.0 0.0 0.0 0.0 0.0 0.0 0.0 0.0
a172x4w90uost1
can we predict whether the declaration of the american officer will effect a policy change in the afghan affairs
0.0 0.0 0.0 0.0 0.06733904081519264 0.16527155096438267 0.0 0.0746254393248286 0.0 0.0 0.26977621585246103 0.054201615918772685 0.239165968765398 0.04420746224199044 0.0 0.0 0.0 0.0 0.0 0.0 0.0 0.0 0.0 0.0 0.0 0.0 0.0 0.0 0.16587721448288162 0.16117935328401528 0.4219010452154171 0.25290927399589413 0.42744633551319744 0.33719378666625394 0.11660595788427285 0.3034120031834963 0.27247586292549003 0.27902237448800243 0.0 0.0 0.0 0.0 0.0 0.0 0.0 0.0 0.0 0.0 0.0 0.0 0.0 0.0 0.0 0.0 0.0 0.0 0.0 0.0 0.0 0.0 0.0
a1wyssw33m2fz2
is this statement of the american officials a forecast of change in american policy regarding afghanistan
0.08167596992716414 0.10709380520925124 0.3193261749528469 0.0 0.026655036989347083 0.39251993354040887 0.28042640467521585 0.08861770919823396 0.0 0.0 0.3203592563247975 0.06436441890354257 0.2840095879089101 0.10499272282472728 0.0 0.0 0.25776872256139366 0.0 0.0 0.0 0.0 0.33517986840535685 0.0 0.0 0.0 0.0 0.0 0.0 0.0 0.0 0.0 0.0 0.0 0.0 0.0 0.0 0.0 0.0 0.5762557914636788 0.0 0.0 0.0 0.0 0.0 0.0 0.0 0.0 0.0 0.0 0.0 0.0 0.0 0.0 0.0 0.0 0.0 0.0 0.0 0.0 0.0 0.0
a132zmwemnnusa
does this statement reflect a shift in american policy towards afghanistan
0.0 0.15577280757709272 0.46447443629505 0.0 0.0 0.2854690425748428 0.0 0.12889848610652213 0.0 0.0 0.0 0.09362097295060737 0.41310485514023293 0.0 0.0 0.4596377057438259 0.3749363237256635 0.38127468738116055 0.0 0.0 0.7490239464006486 0.0 0.0 0.0 0.0 0.0 0.0 0.0 0.0 0.0 0.0 0.0 0.0 0.0 0.0 0.0 0.0 0.0 0.0 0.7383163977046138 0.0 0.0 0.0 0.0 0.0 0.0 0.0 0.0 0.0 0.0 0.0 0.0 0.0 0.0 0.0 0.0 0.0 0.0 0.0 0.0 0.0
a16w65rrfhr02y
this statement of the american officials is not a precursor for a change in the american policy towards afghanistanis it
0.06534077594173131 0.08567504416740099 0.2554609399622775 0.0 0.042648059182955333 0.3140159468323271 0.22434112374017268 0.14178833471717434 0.0 0.0 0.256287405059838 0.05149153512283405 0.2272076703271281 0.04199708912989091 0.0 0.25280073815910425 0.0 0.0 0.0 0.0 0.0 0.0 0.0 0.0 0.10703137441186819 0.46100463317094303 0.09653548495712075 0.10125777185133127 0.0 0.0 0.0 0.0 0.0 0.0 0.0 0.0 0.0 0.0 0.0 0.0 0.5159352476043486 0.0 0.0 0.0 0.0 0.0 0.0 0.0 0.0 0.0 0.0 0.0 0.0 0.0 0.0 0.0 0.0 0.0 0.0 0.0 0.0
a2sb2bw2w4t4ww
are the statements by american officials precursors to a change in the american policy towards afghanistan
0.0 0.0 0.0 0.1559662038375905 0.05331007397869417 0.39251993354040887 0.28042640467521585 0.08861770919823396 0.0 0.06749214435694753 0.3203592563247975 0.06436441890354257 0.2840095879089101 0.0 0.0 0.3160009226988803 0.25776872256139366 0.0 0.0 0.0 0.0 0.0 0.0 0.0 0.0 0.0 0.0 0.0 0.0 0.0 0.0 0.0 0.0 0.0 0.0 0.0 0.0 0.0 0.0 0.0 0.0 0.13163353461580166 0.36299034034813255 0.6449190595054357 0.0 0.0 0.0 0.0 0.0 0.0 0.0 0.0 0.0 0.0 0.0 0.0 0.0 0.0 0.0 0.0 0.0
a3andctf0w1pqd
this statement of the american officials is not a precursor for a change in the american policy towards afghanistan is it
0.12445862084139298 0.08159528015942952 0.24329613329740715 0.0 0.04061719922186222 0.2990628065069782 0.21365821308587873 0.13503650925445174 0.0 0.0 0.24408324291413144 0.04903955725984196 0.2163882574544077 0.03999722774275325 0.0 0.24076260777057548 0.19639521718963326 0.0 0.0 0.0 0.0 0.0 0.0 0.0 0.10193464229701732 0.4390520315913743 0.09193855710201977 0.09643597319174406 0.0 0.0 0.0 0.0 0.0 0.0 0.0 0.0 0.0 0.0 0.0 0.0 0.0 0.0 0.0 0.0 0.0 0.0 0.0 0.0 0.0 0.0 0.0 0.0 0.0 0.0 0.0 0.0 0.0 0.0 0.0 0.0 0.0
a3qu3km3iywhif
can we predict whether the declaration by the american officer will affect a policy change in afghan affairs
0.0 0.0 0.0 0.13863662563341378 0.04738673242550592 0.17445330379573729 0.0 0.07877129706509685 0.0 0.0 0.28476378339982 0.05721281680314895 0.2524529670301423 0.0 0.0 0.0 0.0 0.0 0.0 0.0 0.0 0.0 0.0 0.0 0.0 0.0 0.0 0.0 0.17509261528748615 0.1701337617997939 0.4453399921718291 0.26695978921788827 0.4511933541528195 0.3559267748143792 0.12308406665562134 0.0 0.28761341086579506 0.2945236175151137 0.0 0.0 0.0 0.0 0.0 0.0 0.3711732662422547 0.0 0.0 0.0 0.0 0.0 0.0 0.0 0.0 0.0 0.0 0.0 0.0 0.0 0.0 0.0 0.0
a1395pss402i1j
can we predict whether the declaration of the american officer will effect a policy change in the afgan affairs
0.0 0.0 0.0 0.0 0.06733904081519264 0.16527155096438267 0.0 0.0746254393248286 0.0 0.0 0.26977621585246103 0.054201615918772685 0.239165968765398 0.04420746224199044 0.0 0.0 0.0 0.0 0.0 0.0 0.0 0.0 0.0 0.0 0.0 0.0 0.0 0.0 0.16587721448288162 0.16117935328401528 0.4219010452154171 0.25290927399589413 0.42744633551319744 0.33719378666625394 0.11660595788427285 0.3034120031834963 0.0 0.27902237448800243 0.0 0.0 0.0 0.0 0.0 0.0 0.0 0.5430897343203669 0.0 0.0 0.0 0.0 0.0 0.0 0.0 0.0 0.0 0.0 0.0 0.0 0.0 0.0 0.0
al2rcq9eyun61
will the appointment of an american official cause any significant changes in afghan policies
0.0 0.0 0.0 0.0 0.030462899416396665 0.22429710488023363 0.0 0.0 0.0 0.0 0.0 0.07355933588976293 0.0 0.05999584161412987 0.0 0.0 0.0 0.0 0.0 0.0 0.0 0.0 0.0 0.0 0.0 0.0 0.0 0.0 0.0 0.0 0.0 0.0 0.0 0.0 0.15825094284294172 0.0 0.3697886711131651 0.0 0.0 0.0 0.0 0.0 0.0 0.0 0.0 0.0 0.5100465086956446 0.21074037612682783 0.4102852838273991 0.37365061548961337 0.2530956329393271 0.5595570215927836 0.41484610325500865 0.39508665780749463 0.0 0.0 0.0 0.0 0.0 0.0 0.0
al2rcq9eyun61
does this statement of american officials mean a change of relations between america and afghanistan
0.0 0.11423339222320132 0.34061458661637 0.0 0.0 0.20934396455488474 0.2991214983202302 0.09452555647811622 0.0 0.0 0.341716540079784 0.0 0.0 0.1119922376797091 0.0 0.0 0.27495330406548657 0.2796014374128511 0.0 0.0 0.0 0.0 0.0 0.0 0.0 0.0 0.0 0.0 0.0 0.0 0.0 0.0 0.0 0.0 0.0 0.0 0.0 0.0 0.0 0.0 0.0 0.0 0.0 0.0 0.0 0.0 0.0 0.0 0.0 0.0 0.0 0.0 0.0 0.0 0.44198836653153567 0.31955013419701245 0.2641731527594053 0.2049651624322414 0.06626433598681945 0.0 0.0
attzel5iaoiw5
is this statement of the american officials a forecast of change in american policy regarding afghanistan
0.08167596992716414 0.10709380520925124 0.3193261749528469 0.0 0.026655036989347083 0.39251993354040887 0.28042640467521585 0.08861770919823396 0.0 0.0 0.3203592563247975 0.06436441890354257 0.2840095879089101 0.10499272282472728 0.0 0.0 0.25776872256139366 0.0 0.0 0.0 0.0 0.33517986840535685 0.0 0.0 0.0 0.0 0.0 0.0 0.0 0.0 0.0 0.0 0.0 0.0 0.0 0.0 0.0 0.0 0.5762557914636788 0.0 0.0 0.0 0.0 0.0 0.0 0.0 0.0 0.0 0.0 0.0 0.0 0.0 0.0 0.0 0.0 0.0 0.0 0.0 0.0 0.0 0.0
a1kf7gs7yulm10
is this statement of the american officials a forecast of change in americas policy regarding afghanistan
0.08167596992716414 0.10709380520925124 0.3193261749528469 0.0 0.026655036989347083 0.19625996677020444 0.28042640467521585 0.08861770919823396 0.0 0.0 0.3203592563247975 0.06436441890354257 0.2840095879089101 0.10499272282472728 0.0 0.0 0.25776872256139366 0.0 0.0 0.0 0.0 0.33517986840535685 0.0 0.0 0.0 0.0 0.0 0.0 0.0 0.0 0.0 0.0 0.0 0.0 0.0 0.0 0.0 0.0 0.5762557914636788 0.0 0.0 0.0 0.0 0.0 0.0 0.0 0.0 0.0 0.0 0.0 0.0 0.0 0.0 0.0 0.0 0.0 0.0 0.0 0.0 0.34314945092404187 0.0
a1rhjj60p0jwi3
does this statement reflect a shift in american policy toward afghanistan
0.0 0.15577280757709272 0.46447443629505 0.0 0.0 0.2854690425748428 0.0 0.12889848610652213 0.0 0.0 0.0 0.09362097295060737 0.41310485514023293 0.0 0.0 0.0 0.3749363237256635 0.38127468738116055 0.0 0.0 0.7490239464006486 0.0 0.0 0.0 0.0 0.0 0.0 0.0 0.0 0.0 0.0 0.0 0.0 0.0 0.0 0.0 0.0 0.0 0.0 0.7383163977046138 0.0 0.0 0.0 0.0 0.0 0.0 0.0 0.0 0.0 0.0 0.0 0.0 0.0 0.0 0.0 0.0 0.0 0.0 0.0 0.0 0.6027114089066395
