2008 a great year for madonna best topped concert lineup the most successful was excellent media is madonnas
2008 a great year for madonna
0.8869154463871426 0.23631389119529056 0.7879529952626857 0.7015762282204342 0.3217849498570692 1.1008554808971105 0.0 0.0 0.0 0.0 0.0 0.0 0.0 0.0 0.0 0.0 0.0 0.0
year 2008 best for madonna
1.064298535664571 0.0 0.0 0.841891473864521 0.386141939828483 1.3210265770765326 1.1823971409645435 0.0 0.0 0.0 0.0 0.0 0.0 0.0 0.0 0.0 0.0 0.0
2008 best for madonna
1.330373169580714 0.0 0.0 0.0 0.48267742478560377 1.6512832213456656 1.4779964262056795 0.0 0.0 0.0 0.0 0.0 0.0 0.0 0.0 0.0 0.0 0.0
madonna topped 2008 concert lineup
1.064298535664571 0.0 0.0 0.0 0.0 1.3210265770765326 0.0 2.0637409904173944 1.509223245969438 2.0637409904173944 0.0 0.0 0.0 0.0 0.0 0.0 0.0 0.0
a28z6a8uc4er3x
year 2008 best for madonna
1.064298535664571 0.0 0.0 0.841891473864521 0.386141939828483 1.3210265770765326 1.1823971409645435 0.0 0.0 0.0 0.0 0.0 0.0 0.0 0.0 0.0 0.0 0.0
a1wyssw33m2fz2
year 2008 the most successful for madonna
0.760213239760408 0.0 0.0 0.6013510527603722 0.2758156713060593 0.9435904121975233 0.0 0.0 0.0 0.0 0.06092579883279333 0.6482802051849488 0.8106162932779426 0.0 0.0 0.0 0.0 0.0
a3dd3acpmvdvca
the year 2008 was excellent for the media
0.665186584790357 0.0 0.0 0.5261821711653256 0.24133871239280189 0.0 0.0 0.0 0.0 0.0 0.10662014795738833 0.0 0.0 0.27472736637426654 1.0886583799566087 0.5914320367108401 0.0 0.0
a8v7wa74iohz9
2008 the best year for madonna
0.8869154463871426 0.0 0.0 0.7015762282204342 0.3217849498570692 1.1008554808971105 0.9853309508037863 0.0 0.0 0.0 0.07108009863825888 0.0 0.0 0.0 0.0 0.0 0.0 0.0
ajfwu2g6a1bhs
2008 best year for madonna
1.064298535664571 0.0 0.0 0.841891473864521 0.386141939828483 1.3210265770765326 1.1823971409645435 0.0 0.0 0.0 0.0 0.0 0.0 0.0 0.0 0.0 0.0 0.0
a2zhr3rebfem5a
2008 is madonnas best year
1.064298535664571 0.0 0.0 0.841891473864521 0.0 0.0 1.1823971409645435 0.0 0.0 0.0 0.0 0.0 0.0 0.0 0.0 0.0 0.26136310376692523 1.3835015140849631
a2t3mp92la6x7s
2008 best year for madonna
1.064298535664571 0.0 0.0 0.841891473864521 0.386141939828483 1.3210265770765326 1.1823971409645435 0.0 0.0 0.0 0.0 0.0 0.0 0.0 0.0 0.0 0.0 0.0
a291u81kgj6l9n
2008 madonnas most successful year
1.064298535664571 0.0 0.0 0.841891473864521 0.0 0.0 0.0 0.0 0.0 0.0 0.0 0.9075922872589283 1.1348628105891196 0.0 0.0 0.0 0.0 1.3835015140849631
a1ezv3q6pgmqty
2008 the most successful year for madonna
0.760213239760408 0.0 0.0 0.6013510527603722 0.2758156713060593 0.9435904121975233 0.0 0.0 0.0 0.0 0.06092579883279333 0.6482802051849488 0.8106162932779426 0.0 0.0 0.0 0.0 0.0
a1gjpufokoaer5
2008 the most successful year for madonna
0.760213239760408 0.0 0.0 0.6013510527603722 0.2758156713060593 0.9435904121975233 0.0 0.0 0.0 0.0 0.06092579883279333 0.6482802051849488 0.8106162932779426 0.0 0.0 0.0 0.0 0.0
a3qu3km3iywhif
2008 was excellent for the media
0.8869154463871426 0.0 0.0 0.0 0.3217849498570692 0.0 0.0 0.0 0.0 0.0 0.07108009863825888 0.0 0.0 0.36630315516568873 1.4515445066088117 0.7885760489477868 0.0 0.0
a2t3mp92la6x7s
2008 excellent year for media
1.064298535664571 0.0 0.0 0.841891473864521 0.386141939828483 0.0 0.0 0.0 0.0 0.0 0.0 0.0 0.0 0.0 1.741853407930574 0.9462912587373442 0.0 0.0
a2owo5cfm8khwy
the year 2008 was excellent for the media
0.665186584790357 0.0 0.0 0.5261821711653256 0.24133871239280189 0.0 0.0 0.0 0.0 0.0 0.10662014795738833 0.0 0.0 0.27472736637426654 1.0886583799566087 0.5914320367108401 0.0 0.0
a3mq8jwi317m6m
the best year for madonna was 2008
0.760213239760408 0.0 0.0 0.6013510527603722 0.2758156713060593 0.9435904121975233 0.8445693864032454 0.0 0.0 0.0 0.06092579883279333 0.0 0.0 0.31397413299916177 0.0 0.0 0.0 0.0
