if we cannot value our heroes than then honor cant respect who will leaders can not care for could pay the due to but appreciate only should that is
if we cannot value our heroes than
0.43127251218983 0.4374868160566129 0.7499715356952484 1.04613895407614 0.4786851071835838 1.0970925174959587 0.5939282329131278 0.0 0.0 0.0 0.0 0.0 0.0 0.0 0.0 0.0 0.0 0.0 0.0 0.0 0.0 0.0 0.0 0.0 0.0 0.0 0.0 0.0 0.0
if we cannot value our heroes then
0.43127251218983 0.4374868160566129 0.7499715356952484 1.04613895407614 0.4786851071835838 1.0970925174959587 0.0 0.49903498797595197 0.0 0.0 0.0 0.0 0.0 0.0 0.0 0.0 0.0 0.0 0.0 0.0 0.0 0.0 0.0 0.0 0.0 0.0 0.0 0.0 0.0
if we cannot honor our heroes then
0.43127251218983 0.4374868160566129 0.7499715356952484 0.0 0.4786851071835838 1.0970925174959587 0.0 0.49903498797595197 0.8868330125590942 0.0 0.0 0.0 0.0 0.0 0.0 0.0 0.0 0.0 0.0 0.0 0.0 0.0 0.0 0.0 0.0 0.0 0.0 0.0 0.0
if we cant respect our heroes then who will
0.33543417614764554 0.3402675235995878 0.0 0.0 0.3723106389205652 0.8532941802746347 0.0 0.38813832398129594 0.0 0.6183460845534007 0.5758785016707455 0.32711954854089176 0.24616813331124268 0.0 0.0 0.0 0.0 0.0 0.0 0.0 0.0 0.0 0.0 0.0 0.0 0.0 0.0 0.0 0.0
a21xirv18up71h
if we cant respect our leaders then
0.43127251218983 0.4374868160566129 0.0 0.0 0.4786851071835838 0.0 0.0 0.49903498797595197 0.0 0.7950163944258009 0.7404152164338156 0.0 0.0 0.6289289842113622 0.0 0.0 0.0 0.0 0.0 0.0 0.0 0.0 0.0 0.0 0.0 0.0 0.0 0.0 0.0
a143bvgouf83je
if we can not care for our heroes then
0.33543417614764554 0.3402675235995878 0.0 0.0 0.3723106389205652 0.8532941802746347 0.0 0.38813832398129594 0.0 0.0 0.0 0.0 0.0 0.0 0.3501852305749723 0.23784749869304042 0.6056856112923765 0.21452329990471278 0.0 0.0 0.0 0.0 0.0 0.0 0.0 0.0 0.0 0.0 0.0
a2de039cxxjuga
if we could pay the due respect to our heroes
0.301890758532881 0.306240771239629 0.0 0.0 0.33507957502850866 0.7679647622471711 0.0 0.0 0.0 0.0 0.5182906515036709 0.0 0.0 0.0 0.0 0.0 0.0 0.0 0.4312351792485238 0.7022868086082641 0.042648059182955333 0.43525582129632784 0.10798743097111604 0.0 0.0 0.0 0.0 0.0 0.0
a3u16uhguaktzs
but if we cant appreciate our heroes then
0.37736344816610123 0.3828009640495363 0.0 0.0 0.41884946878563584 0.959955952808964 0.0 0.43665561447895795 0.0 0.6956393451225757 0.0 0.0 0.0 0.0 0.0 0.0 0.0 0.0 0.0 0.0 0.0 0.0 0.0 0.32645528708956223 1.116551323870885 0.0 0.0 0.0 0.0
a180p1rkl5r2me
if we cant respect our leaders then
0.43127251218983 0.4374868160566129 0.0 0.0 0.4786851071835838 0.0 0.0 0.49903498797595197 0.0 0.7950163944258009 0.7404152164338156 0.0 0.0 0.6289289842113622 0.0 0.0 0.0 0.0 0.0 0.0 0.0 0.0 0.0 0.0 0.0 0.0 0.0 0.0 0.0
a1b6zigmal4vx5
if we cant respect our leaders then
0.43127251218983 0.4374868160566129 0.0 0.0 0.4786851071835838 0.0 0.0 0.49903498797595197 0.0 0.7950163944258009 0.7404152164338156 0.0 0.0 0.6289289842113622 0.0 0.0 0.0 0.0 0.0 0.0 0.0 0.0 0.0 0.0 0.0 0.0 0.0 0.0 0.0
au2ar4vob7vlv
if we cant respect our leaders then who can we respect
0.2744461441208009 0.556801402253871 0.0 0.0 0.3046177954804624 0.0 0.0 0.31756771962106034 0.0 0.5059195237255096 0.9423466390975835 0.26764326698800234 0.0 0.4002275354072305 0.28651518865225006 0.0 0.0 0.0 0.0 0.0 0.0 0.0 0.0 0.0 0.0 0.0 0.0 0.0 0.0
a29r44fzk1m7qd
if we can not care for our heroes then
0.33543417614764554 0.3402675235995878 0.0 0.0 0.3723106389205652 0.8532941802746347 0.0 0.38813832398129594 0.0 0.0 0.0 0.0 0.0 0.0 0.3501852305749723 0.23784749869304042 0.6056856112923765 0.21452329990471278 0.0 0.0 0.0 0.0 0.0 0.0 0.0 0.0 0.0 0.0 0.0
a2zhr3rebfem5a
if we can not care for our heroes then
0.33543417614764554 0.3402675235995878 0.0 0.0 0.3723106389205652 0.8532941802746347 0.0 0.38813832398129594 0.0 0.0 0.0 0.0 0.0 0.0 0.3501852305749723 0.23784749869304042 0.6056856112923765 0.21452329990471278 0.0 0.0 0.0 0.0 0.0 0.0 0.0 0.0 0.0 0.0 0.0
a262d9pq8d093q
if we can not care for our heroes then
0.33543417614764554 0.3402675235995878 0.0 0.0 0.3723106389205652 0.8532941802746347 0.0 0.38813832398129594 0.0 0.0 0.0 0.0 0.0 0.0 0.3501852305749723 0.23784749869304042 0.6056856112923765 0.21452329990471278 0.0 0.0 0.0 0.0 0.0 0.0 0.0 0.0 0.0 0.0 0.0
a1x7hirspt5tie
if only we could pay respect to our heroes
0.33543417614764554 0.3402675235995878 0.0 0.0 0.3723106389205652 0.8532941802746347 0.0 0.0 0.0 0.0 0.5758785016707455 0.0 0.0 0.0 0.0 0.0 0.0 0.0 0.47915019916502644 0.7803186762314046 0.0 0.0 0.11998603441235117 0.0 0.0 0.37399736749578916 0.0 0.0 0.0
a9x4g4wpj27d6
we should pay due respect to our heroes
0.0 0.3828009640495363 0.0 0.0 0.41884946878563584 0.959955952808964 0.0 0.0 0.0 0.0 0.6478633143795887 0.0 0.0 0.0 0.0 0.0 0.0 0.0 0.0 0.8778585107603302 0.0 0.5440697766204098 0.13498428871389506 0.0 0.0 0.0 0.3742768715923048 0.0 0.0
a3kzqwp0byzppp
if we could pay the respect that is due to our heroes
0.25157563211073414 0.25520064269969084 0.0 0.0 0.2792329791904239 0.639970635205976 0.0 0.0 0.0 0.0 0.4319088762530591 0.0 0.0 0.0 0.0 0.0 0.0 0.0 0.3593626493737698 0.5852390071735535 0.03554004931912944 0.3627131844136065 0.08998952580926338 0.0 0.0 0.0 0.0 0.10067286868831665 0.10890129323621885
amd40d0gc1l4r
but if we cant appreciate our heroes then
0.37736344816610123 0.3828009640495363 0.0 0.0 0.41884946878563584 0.959955952808964 0.0 0.43665561447895795 0.0 0.6956393451225757 0.0 0.0 0.0 0.0 0.0 0.0 0.0 0.0 0.0 0.0 0.0 0.0 0.0 0.32645528708956223 1.116551323870885 0.0 0.0 0.0 0.0
