but it doesnt look like this wish will be fulfilled anytime in the near future desire is not likely to i do see coming true seem (dream) cant come does granted can seems unfortunately unlikely as if dream thought and hope of many possible
but it doesnt look like this wish will be fulfilled anytime in the near future
0.17410948644776653 0.1350103624684417 0.4117046817130292 0.38574036392891436 0.2517488661053444 0.11423339222320132 0.3739449833849758 0.1477008799867456 0.14312152973061001 0.46819120573884276 0.5806178026435247 0.06865538016377874 0.028432039455303555 0.3357000815565988 0.368747547286995 0.0 0.0 0.0 0.0 0.0 0.0 0.0 0.0 0.0 0.0 0.0 0.0 0.0 0.0 0.0 0.0 0.0 0.0 0.0 0.0 0.0 0.0 0.0 0.0 0.0 0.0 0.0 0.0 0.0
but this desire is not likely to be fulfilled in the near future
0.20089556128588446 0.0 0.0 0.0 0.0 0.13180776025753999 0.0 0.0 0.16514022661224234 0.540220622006357 0.0 0.07921774634282162 0.0328061993715041 0.3873462479499217 0.4254779391773019 0.5347237786231152 0.10052427067958664 0.16466365294133567 0.5633055906563831 0.08306725459316619 0.0 0.0 0.0 0.0 0.0 0.0 0.0 0.0 0.0 0.0 0.0 0.0 0.0 0.0 0.0 0.0 0.0 0.0 0.0 0.0 0.0 0.0 0.0 0.0
but i do not see this wish coming true in the near future
0.20089556128588446 0.0 0.0 0.0 0.0 0.13180776025753999 0.4314749808288182 0.0 0.0 0.0 0.0 0.07921774634282162 0.0328061993715041 0.3873462479499217 0.4254779391773019 0.0 0.0 0.16466365294133567 0.0 0.0 0.24984468037128416 0.2490643888766299 0.344690346532387 0.4223377857526669 0.37610456331788694 0.0 0.0 0.0 0.0 0.0 0.0 0.0 0.0 0.0 0.0 0.0 0.0 0.0 0.0 0.0 0.0 0.0 0.0 0.0
but this desire doesnt seem likely to be fulfilled in the near future
0.20089556128588446 0.0 0.4750438635150337 0.0 0.0 0.13180776025753999 0.0 0.0 0.16514022661224234 0.540220622006357 0.0 0.07921774634282162 0.0328061993715041 0.3873462479499217 0.4254779391773019 0.5347237786231152 0.0 0.0 0.5633055906563831 0.08306725459316619 0.0 0.0 0.0 0.0 0.0 0.46266460452944624 0.0 0.0 0.0 0.0 0.0 0.0 0.0 0.0 0.0 0.0 0.0 0.0 0.0 0.0 0.0 0.0 0.0 0.0
amwxjmcv94h5s
this wish (dream) cant seem to come true in near future
0.0 0.0 0.0 0.0 0.0 0.15577280757709272 0.5099249773431488 0.0 0.0 0.0 0.0 0.09362097295060737 0.0 0.4577728384862711 0.5028375644822659 0.0 0.0 0.0 0.0 0.09817039179192368 0.0 0.0 0.0 0.0 0.4444872111938664 0.5467854417166182 0.8381902421289873 0.5059195237255096 0.3990105280633705 0.0 0.0 0.0 0.0 0.0 0.0 0.0 0.0 0.0 0.0 0.0 0.0 0.0 0.0 0.0
a3dd3acpmvdvca
but this wish does not look like it will be fulfilled in the near future
0.17410948644776653 0.1350103624684417 0.0 0.38574036392891436 0.2517488661053444 0.11423339222320132 0.3739449833849758 0.1477008799867456 0.14312152973061001 0.46819120573884276 0.0 0.06865538016377874 0.028432039455303555 0.3357000815565988 0.368747547286995 0.0 0.0 0.14270849921582424 0.0 0.0 0.0 0.0 0.0 0.0 0.0 0.0 0.0 0.0 0.0 0.2796014374128511 0.0 0.0 0.0 0.0 0.0 0.0 0.0 0.0 0.0 0.0 0.0 0.0 0.0 0.0
a1wyssw33m2fz2
but this wish does not seem to be granted in the near future
0.20089556128588446 0.0 0.0 0.0 0.0 0.13180776025753999 0.4314749808288182 0.0 0.16514022661224234 0.0 0.0 0.07921774634282162 0.0328061993715041 0.3873462479499217 0.4254779391773019 0.0 0.0 0.16466365294133567 0.0 0.08306725459316619 0.0 0.0 0.0 0.0 0.0 0.46266460452944624 0.0 0.0 0.0 0.32261704316867434 0.6166246045456096 0.0 0.0 0.0 0.0 0.0 0.0 0.0 0.0 0.0 0.0 0.0 0.0 0.0
a3b84pq645okwb
but this wish does not seem to be fulfilled in the near future
0.20089556128588446 0.0 0.0 0.0 0.0 0.13180776025753999 0.4314749808288182 0.0 0.16514022661224234 0.540220622006357 0.0 0.07921774634282162 0.0328061993715041 0.3873462479499217 0.4254779391773019 0.0 0.0 0.16466365294133567 0.0 0.08306725459316619 0.0 0.0 0.0 0.0 0.0 0.46266460452944624 0.0 0.0 0.0 0.32261704316867434 0.0 0.0 0.0 0.0 0.0 0.0 0.0 0.0 0.0 0.0 0.0 0.0 0.0 0.0
a230hf2okthmdz
this wish (dream) can not seem to come true in near future
0.0 0.0 0.0 0.0 0.0 0.14279174027900166 0.4674312292312197 0.0 0.0 0.0 0.0 0.08581922520472342 0.0 0.4196251019457485 0.46093443410874374 0.0 0.0 0.1783856240197803 0.0 0.08998952580926338 0.0 0.0 0.0 0.0 0.4074466102610442 0.5012199882402334 0.768341055284905 0.0 0.3657596507247563 0.0 0.0 0.2626389229312292 0.0 0.0 0.0 0.0 0.0 0.0 0.0 0.0 0.0 0.0 0.0 0.0
a12ezody9kxiim
it seems this wish cant come true in the near future
0.0 0.18410503972969322 0.0 0.0 0.0 0.15577280757709272 0.5099249773431488 0.0 0.0 0.0 0.0 0.09362097295060737 0.03877096289359576 0.4577728384862711 0.5028375644822659 0.0 0.0 0.0 0.0 0.0 0.0 0.0 0.0 0.0 0.4444872111938664 0.0 0.0 0.5059195237255096 0.3990105280633705 0.0 0.0 0.0 0.5075005912447705 0.0 0.0 0.0 0.0 0.0 0.0 0.0 0.0 0.0 0.0 0.0
a2qxd8jqk5bvez
this wish (dream) cant seem to come true in near future
0.0 0.0 0.0 0.0 0.0 0.15577280757709272 0.5099249773431488 0.0 0.0 0.0 0.0 0.09362097295060737 0.0 0.4577728384862711 0.5028375644822659 0.0 0.0 0.0 0.0 0.09817039179192368 0.0 0.0 0.0 0.0 0.4444872111938664 0.5467854417166182 0.8381902421289873 0.5059195237255096 0.3990105280633705 0.0 0.0 0.0 0.0 0.0 0.0 0.0 0.0 0.0 0.0 0.0 0.0 0.0 0.0 0.0
a2190f96xfy41l
unfortunately this wish is unlikely to be fulfilled in the near future
0.0 0.0 0.0 0.0 0.0 0.14279174027900166 0.4674312292312197 0.0 0.17890191216326254 0.5852390071735535 0.0 0.08581922520472342 0.03554004931912944 0.4196251019457485 0.46093443410874374 0.0 0.10890129323621885 0.0 0.0 0.08998952580926338 0.0 0.0 0.0 0.0 0.0 0.0 0.0 0.0 0.0 0.0 0.0 0.0 0.0 0.5355737211646953 0.768341055284905 0.0 0.0 0.0 0.0 0.0 0.0 0.0 0.0 0.0
at8qsogdc42wo
it doesnt look as if this dream will be fulfilled in the near future
0.0 0.1446539597876161 0.44111215897824557 0.41329324706669396 0.0 0.12239292023914428 0.0 0.15825094284294172 0.1533444961399393 0.5016334347201886 0.0 0.07355933588976293 0.030462899416396665 0.3596786588106416 0.39508665780749463 0.0 0.0 0.0 0.0 0.0 0.0 0.0 0.0 0.0 0.0 0.0 0.0 0.0 0.0 0.0 0.0 0.0 0.0 0.0 0.0 0.18823580507379603 0.215636256094915 0.45906318956973885 0.0 0.0 0.0 0.0 0.0 0.0
ay9joh7iihjwe
unfortunately this wish does not look like it will be fulfilled in the near future
0.0 0.1350103624684417 0.0 0.38574036392891436 0.2517488661053444 0.11423339222320132 0.3739449833849758 0.1477008799867456 0.14312152973061001 0.46819120573884276 0.0 0.06865538016377874 0.028432039455303555 0.3357000815565988 0.368747547286995 0.0 0.0 0.14270849921582424 0.0 0.0 0.0 0.0 0.0 0.0 0.0 0.0 0.0 0.0 0.0 0.2796014374128511 0.0 0.0 0.0 0.4284589769317562 0.0 0.0 0.0 0.0 0.0 0.0 0.0 0.0 0.0 0.0
a24bjjrcqbm3mi
but this thought and hope of many does not seem to be possible in the near future
0.15362601745391163 0.0 0.0 0.0 0.0 0.10079416960870705 0.0 0.0 0.12628370270347944 0.0 0.0 0.06057827661509889 0.02508709363703255 0.296205954314646 0.32536548290028966 0.0 0.0 0.12591926401396258 0.0 0.06352201821830356 0.0 0.0 0.0 0.0 0.0 0.3538023446401648 0.0 0.0 0.0 0.24670715065839802 0.0 0.0 0.0 0.0 0.0 0.0 0.0 0.0 0.3477638649895716 0.058468531753075995 0.3294238871054045 0.04940834015281284 0.2311849145024318 0.28459211933793993
a1dndzlo2d5d48
but this wish does not seem likely to be granted in the near future
0.1865458783368927 0.0 0.0 0.0 0.0 0.12239292023914428 0.40065533934104547 0.0 0.1533444961399393 0.0 0.0 0.07355933588976293 0.030462899416396665 0.3596786588106416 0.39508665780749463 0.0 0.0 0.15290196344552598 0.52306947703807 0.07713387926508289 0.0 0.0 0.0 0.0 0.0 0.4296171327773429 0.0 0.0 0.0 0.29957296865662614 0.5725799899352089 0.0 0.0 0.0 0.0 0.0 0.0 0.0 0.0 0.0 0.0 0.0 0.0 0.0
a6tw9zegog7ph
but this wish does not seem to be granted in the near future
0.20089556128588446 0.0 0.0 0.0 0.0 0.13180776025753999 0.4314749808288182 0.0 0.16514022661224234 0.0 0.0 0.07921774634282162 0.0328061993715041 0.3873462479499217 0.4254779391773019 0.0 0.0 0.16466365294133567 0.0 0.08306725459316619 0.0 0.0 0.0 0.0 0.0 0.46266460452944624 0.0 0.0 0.0 0.32261704316867434 0.6166246045456096 0.0 0.0 0.0 0.0 0.0 0.0 0.0 0.0 0.0 0.0 0.0 0.0 0.0
aqpmq9s10v32e
but this wish does not seem to be fulfilled in the near future
0.20089556128588446 0.0 0.0 0.0 0.0 0.13180776025753999 0.4314749808288182 0.0 0.16514022661224234 0.540220622006357 0.0 0.07921774634282162 0.0328061993715041 0.3873462479499217 0.4254779391773019 0.0 0.0 0.16466365294133567 0.0 0.08306725459316619 0.0 0.0 0.0 0.0 0.0 0.46266460452944624 0.0 0.0 0.0 0.32261704316867434 0.0 0.0 0.0 0.0 0.0 0.0 0.0 0.0 0.0 0.0 0.0 0.0 0.0 0.0
