does the name benazir represent whatever is happening to people of karachi and pakistan treatment being meted out be called mean that what has been in could it benazeer baynzeer means going on with happened this which public meaning peoples understand referring have do describe
does the name benazir represent whatever is happening to the people of karachi and pakistan
0.2796014374128511 0.05686407891060711 0.3025307624196428 0.2884826936652659 0.5581863202021106 0.36040333775672795 0.08712103458897508 0.40097599059218675 0.0719916206474107 0.18045750350043693 0.05599611883985455 0.28137537799471535 0.06626433598681945 0.15717889908024005 0.0 0.0 0.0 0.0 0.0 0.0 0.0 0.0 0.0 0.0 0.0 0.0 0.0 0.0 0.0 0.0 0.0 0.0 0.0 0.0 0.0 0.0 0.0 0.0 0.0 0.0 0.0 0.0 0.0 0.0 0.0
does the treatment being meted out to the people of karachi and pakistan be called benazir
0.2621263475745479 0.05331007397869417 0.0 0.2704525253111868 0.0 0.0 0.0 0.0 0.06749214435694753 0.16917890953165962 0.05249636141236364 0.26378941687004565 0.06212281498764324 0.14735521788772504 0.4283105655804528 0.22847326600601048 0.5762557914636788 0.25043563393337853 0.1341764341224469 0.2995782508096992 0.0 0.0 0.0 0.0 0.0 0.0 0.0 0.0 0.0 0.0 0.0 0.0 0.0 0.0 0.0 0.0 0.0 0.0 0.0 0.0 0.0 0.0 0.0 0.0 0.0
does benazir mean that what has been happening to the people of karachi and pakistan
0.2796014374128511 0.028432039455303555 0.0 0.2884826936652659 0.0 0.0 0.0 0.40097599059218675 0.0719916206474107 0.18045750350043693 0.05599611883985455 0.28137537799471535 0.06626433598681945 0.15717889908024005 0.0 0.0 0.0 0.0 0.0 0.0 0.44198836653153567 0.08053829495065332 0.20549104062217513 0.13685317452874823 0.19631353951578737 0.0 0.0 0.0 0.0 0.0 0.0 0.0 0.0 0.0 0.0 0.0 0.0 0.0 0.0 0.0 0.0 0.0 0.0 0.0 0.0
whatever is happening in karachi and pakistan could it be called benazeer
0.0 0.0 0.0 0.0 0.0 0.45050417219590994 0.10890129323621885 0.5012199882402334 0.0 0.0 0.0 0.3517192224933942 0.08283041998352432 0.19647362385030007 0.0 0.0 0.0 0.0 0.17890191216326254 0.3994376677462656 0.0 0.0 0.0 0.0 0.0 0.08581922520472342 0.3593626493737698 0.16876295308555211 0.5822083701593139 0.0 0.0 0.0 0.0 0.0 0.0 0.0 0.0 0.0 0.0 0.0 0.0 0.0 0.0 0.0 0.0
a3fq8i38xt2b4z
does baynzeer means what is going on with the people of karachi and pakistan
0.29957296865662614 0.030462899416396665 0.0 0.0 0.0 0.0 0.09334396563104473 0.0 0.0 0.19334732517903958 0.05999584161412987 0.3014736192800522 0.07099750284302085 0.1684059633002572 0.0 0.0 0.0 0.0 0.0 0.0 0.0 0.0 0.22016897209518763 0.0 0.0 0.0 0.0 0.0 0.0 0.63802932792622 0.40065533934104547 0.31821955546349096 0.1337862687411288 0.167884675148161 0.0 0.0 0.0 0.0 0.0 0.0 0.0 0.0 0.0 0.0 0.0
a1wyssw33m2fz2
what has happened in karachi is this what benazir means
0.0 0.0 0.0 0.43272404049789887 0.0 0.0 0.13068155188346262 0.0 0.0 0.0 0.0 0.422063066992073 0.0 0.0 0.0 0.0 0.0 0.0 0.0 0.0 0.0 0.0 0.6164731218665254 0.20527976179312235 0.0 0.1029830702456681 0.0 0.0 0.0 0.0 0.5609174750774637 0.0 0.0 0.0 0.5237300587102507 0.17135008833480198 0.0 0.0 0.0 0.0 0.0 0.0 0.0 0.0 0.0
a3dd3acpmvdvca
does benazir mean that which is happening to the public of karachi and pakistan
0.29957296865662614 0.030462899416396665 0.0 0.30908860035564206 0.0 0.0 0.09334396563104473 0.4296171327773429 0.07713387926508289 0.0 0.05999584161412987 0.3014736192800522 0.07099750284302085 0.1684059633002572 0.0 0.0 0.0 0.0 0.0 0.0 0.47355896414093107 0.08629103030427142 0.0 0.0 0.0 0.0 0.0 0.0 0.0 0.0 0.0 0.0 0.0 0.0 0.0 0.0 0.21539535006072646 0.3363737969215722 0.0 0.0 0.0 0.0 0.0 0.0 0.0
a8v7wa74iohz9
is this the meaning of benazir which is happening in karachi and to the peoples of pakistan
0.0 0.0501741872740651 0.0 0.25454355323405814 0.0 0.0 0.15374300221583836 0.3538023446401648 0.06352201821830356 0.0 0.09881668030562568 0.24827239234827825 0.058468531753075995 0.13868726389432945 0.0 0.0 0.0 0.0 0.0 0.0 0.0 0.0 0.0 0.0 0.0 0.06057827661509889 0.0 0.0 0.0 0.0 0.0 0.0 0.0 0.0 0.0 0.10079416960870705 0.177384405932363 0.0 0.4200383012787662 0.29357816372337586 0.0 0.0 0.0 0.0 0.0
a1uolde77sfe97
does baynzeer understand what is going on with the people of karachi and pakistan
0.29957296865662614 0.030462899416396665 0.0 0.0 0.0 0.0 0.09334396563104473 0.0 0.0 0.19334732517903958 0.05999584161412987 0.3014736192800522 0.07099750284302085 0.1684059633002572 0.0 0.0 0.0 0.0 0.0 0.0 0.0 0.0 0.22016897209518763 0.0 0.0 0.0 0.0 0.0 0.0 0.63802932792622 0.0 0.31821955546349096 0.1337862687411288 0.167884675148161 0.0 0.0 0.0 0.0 0.0 0.0 0.35931699438517395 0.0 0.0 0.0 0.0
a2qxd8jqk5bvez
does baynzeer means what is going on with the people of karachi and pakistan
0.29957296865662614 0.030462899416396665 0.0 0.0 0.0 0.0 0.09334396563104473 0.0 0.0 0.19334732517903958 0.05999584161412987 0.3014736192800522 0.07099750284302085 0.1684059633002572 0.0 0.0 0.0 0.0 0.0 0.0 0.0 0.0 0.22016897209518763 0.0 0.0 0.0 0.0 0.0 0.0 0.63802932792622 0.40065533934104547 0.31821955546349096 0.1337862687411288 0.167884675148161 0.0 0.0 0.0 0.0 0.0 0.0 0.0 0.0 0.0 0.0 0.0
a31ikb373dzonk
is baynzeer referring to what is going on with the people of karachi and pakistan
0.0 0.028432039455303555 0.0 0.0 0.0 0.0 0.17424206917795015 0.0 0.0719916206474107 0.18045750350043693 0.05599611883985455 0.28137537799471535 0.06626433598681945 0.15717889908024005 0.0 0.0 0.0 0.0 0.0 0.0 0.0 0.0 0.20549104062217513 0.0 0.0 0.0 0.0 0.0 0.0 0.5954940393978053 0.0 0.2970049184325916 0.12486718415838688 0.1566923634716169 0.0 0.0 0.0 0.0 0.0 0.0 0.0 0.5344079906061949 0.0 0.0 0.0
a330jjzgjl7ig2
what has happened in karachi is this what benazir means
0.0 0.0 0.0 0.43272404049789887 0.0 0.0 0.13068155188346262 0.0 0.0 0.0 0.0 0.422063066992073 0.0 0.0 0.0 0.0 0.0 0.0 0.0 0.0 0.0 0.0 0.6164731218665254 0.20527976179312235 0.0 0.1029830702456681 0.0 0.0 0.0 0.0 0.5609174750774637 0.0 0.0 0.0 0.5237300587102507 0.17135008833480198 0.0 0.0 0.0 0.0 0.0 0.0 0.0 0.0 0.0
aw4q48bn2x4nt
what has happened in karachi is this what benazir means
0.0 0.0 0.0 0.43272404049789887 0.0 0.0 0.13068155188346262 0.0 0.0 0.0 0.0 0.422063066992073 0.0 0.0 0.0 0.0 0.0 0.0 0.0 0.0 0.0 0.0 0.6164731218665254 0.20527976179312235 0.0 0.1029830702456681 0.0 0.0 0.0 0.0 0.5609174750774637 0.0 0.0 0.0 0.5237300587102507 0.17135008833480198 0.0 0.0 0.0 0.0 0.0 0.0 0.0 0.0 0.0
al2rcq9eyun61
what has happened in karachi is this what benazir means
0.0 0.0 0.0 0.43272404049789887 0.0 0.0 0.13068155188346262 0.0 0.0 0.0 0.0 0.422063066992073 0.0 0.0 0.0 0.0 0.0 0.0 0.0 0.0 0.0 0.0 0.6164731218665254 0.20527976179312235 0.0 0.1029830702456681 0.0 0.0 0.0 0.0 0.5609174750774637 0.0 0.0 0.0 0.5237300587102507 0.17135008833480198 0.0 0.0 0.0 0.0 0.0 0.0 0.0 0.0 0.0
ak3jmcigu8mlu
does benazir mean that is what is happening to the public of karachi and pakistan
0.2796014374128511 0.028432039455303555 0.0 0.2884826936652659 0.0 0.0 0.17424206917795015 0.40097599059218675 0.0719916206474107 0.0 0.05599611883985455 0.28137537799471535 0.06626433598681945 0.15717889908024005 0.0 0.0 0.0 0.0 0.0 0.0 0.44198836653153567 0.08053829495065332 0.20549104062217513 0.0 0.0 0.0 0.0 0.0 0.0 0.0 0.0 0.0 0.0 0.0 0.0 0.0 0.0 0.3139488771268007 0.0 0.0 0.0 0.0 0.0 0.0 0.0
a3m6cl5oao31z
does benazir have to do with that which is happening to the public of karachi and pakistan
0.24670715065839802 0.02508709363703255 0.0 0.25454355323405814 0.0 0.0 0.07687150110791918 0.3538023446401648 0.1270440364366071 0.0 0.04940834015281284 0.24827239234827825 0.058468531753075995 0.13868726389432945 0.0 0.0 0.0 0.0 0.0 0.0 0.0 0.07106320142704704 0.0 0.0 0.0 0.0 0.0 0.0 0.0 0.0 0.0 0.0 0.0 0.13825796776907376 0.0 0.0 0.177384405932363 0.277013715111883 0.0 0.0 0.0 0.0 0.1345864722346135 0.19046100325859935 0.0
a3lhs82826iskx
does benazir describe what is happening to the public of karachi and pakistan
0.32261704316867434 0.0328061993715041 0.0 0.3328646465368453 0.0 0.0 0.10052427067958664 0.46266460452944624 0.08306725459316619 0.0 0.06461090635367833 0.32466389768621 0.07645884921556091 0.18136026816950773 0.0 0.0 0.0 0.0 0.0 0.0 0.0 0.0 0.23710504687174053 0.0 0.0 0.0 0.0 0.0 0.0 0.0 0.0 0.0 0.0 0.0 0.0 0.0 0.0 0.36224870437707773 0.0 0.0 0.0 0.0 0.0 0.0 0.6559188832968397
aslrrfy2saj4d
is this the meaning of benazir which is happening in karachi and to the peoples of pakistan
0.0 0.0501741872740651 0.0 0.25454355323405814 0.0 0.0 0.15374300221583836 0.3538023446401648 0.06352201821830356 0.0 0.09881668030562568 0.24827239234827825 0.058468531753075995 0.13868726389432945 0.0 0.0 0.0 0.0 0.0 0.0 0.0 0.0 0.0 0.0 0.0 0.06057827661509889 0.0 0.0 0.0 0.0 0.0 0.0 0.0 0.0 0.0 0.10079416960870705 0.177384405932363 0.0 0.4200383012787662 0.29357816372337586 0.0 0.0 0.0 0.0 0.0
