the leader of hamas said that with increasing number martyred and wounded our determination courage will grow stronger representative martyrs would enhance morale rise in injured further strengthen resolve hamdan added give a boost to it can also become weapon destruction is this twofold aspect use which science be put has raised an acute form question people gaza getting even more for cause numbers only increase methods applied valid concern most its thing created by poses same about itself stated great never been as increases forces strength willpower shall
the leader of hamas said that with the increasing number of martyred and wounded our determination and courage will grow stronger
0.04061719922186222 0.21187657328348553 0.0799944554855065 0.20396302474105782 0.10542864208170773 0.05752735353618094 0.11192311676544066 0.25957954769673275 0.21683399282391078 0.2918595338124069 0.0946633371240278 0.32633185948986876 0.15956170239452794 0.34871298469204665 0.28094592115668443 0.10550062856196114 0.35645198133479783 0.3194184304496546 0.0 0.0 0.0 0.0 0.0 0.0 0.0 0.0 0.0 0.0 0.0 0.0 0.0 0.0 0.0 0.0 0.0 0.0 0.0 0.0 0.0 0.0 0.0 0.0 0.0 0.0 0.0 0.0 0.0 0.0 0.0 0.0 0.0 0.0 0.0 0.0 0.0 0.0 0.0 0.0 0.0 0.0 0.0 0.0 0.0 0.0 0.0 0.0 0.0 0.0 0.0 0.0 0.0 0.0 0.0 0.0 0.0 0.0 0.0 0.0 0.0 0.0 0.0 0.0 0.0 0.0 0.0 0.0 0.0 0.0 0.0
the hamas representative said that the increasing number of martyrs and the wounded would enhance our morale and courage
0.06733904081519264 0.0 0.04420746224199044 0.2254328168190639 0.11652639387978221 0.06358286443472631 0.0 0.28690371061217834 0.23965862364748033 0.0 0.10462789892655704 0.3606825815414339 0.17635767106763614 0.0 0.3105191760152828 0.0 0.0 0.0 0.2938161317732882 0.33719378666625394 0.1820573709701457 0.4701268732087937 0.4701268732087937 0.0 0.0 0.0 0.0 0.0 0.0 0.0 0.0 0.0 0.0 0.0 0.0 0.0 0.0 0.0 0.0 0.0 0.0 0.0 0.0 0.0 0.0 0.0 0.0 0.0 0.0 0.0 0.0 0.0 0.0 0.0 0.0 0.0 0.0 0.0 0.0 0.0 0.0 0.0 0.0 0.0 0.0 0.0 0.0 0.0 0.0 0.0 0.0 0.0 0.0 0.0 0.0 0.0 0.0 0.0 0.0 0.0 0.0 0.0 0.0 0.0 0.0 0.0 0.0 0.0 0.0
hamas leader said that the rise in number of the martyred and injured will further strengthen our resolve
0.04738673242550592 0.2471893354973998 0.04666343236654546 0.2379568621979008 0.12300008242865901 0.0671152457922111 0.0 0.0 0.2529729916278959 0.3405027894478081 0.05522027998901621 0.0 0.1861553194602826 0.0 0.0 0.12308406665562134 0.0 0.0 0.0 0.0 0.0 0.0 0.0 0.3683236387762797 0.05721281680314895 0.3072896227391625 0.31470803344052484 0.4228141528324867 0.35819466339883776 0.0 0.0 0.0 0.0 0.0 0.0 0.0 0.0 0.0 0.0 0.0 0.0 0.0 0.0 0.0 0.0 0.0 0.0 0.0 0.0 0.0 0.0 0.0 0.0 0.0 0.0 0.0 0.0 0.0 0.0 0.0 0.0 0.0 0.0 0.0 0.0 0.0 0.0 0.0 0.0 0.0 0.0 0.0 0.0 0.0 0.0 0.0 0.0 0.0 0.0 0.0 0.0 0.0 0.0 0.0 0.0 0.0 0.0 0.0 0.0
hamdan added that the rise in the number of martyrs would give a further boost to morale and resolve
0.044892693876795085 0.0 0.04420746224199044 0.0 0.0 0.06358286443472631 0.0 0.0 0.23965862364748033 0.0 0.05231394946327852 0.0 0.0 0.0 0.0 0.0 0.0 0.0 0.0 0.33719378666625394 0.1820573709701457 0.0 0.4701268732087937 0.3489381841038439 0.054201615918772685 0.0 0.2981444527331288 0.0 0.3393423126936358 0.35448347440162425 0.29666177499803953 0.2322812160017053 0.0746254393248286 0.5066083037645803 0.05683548998479792 0.0 0.0 0.0 0.0 0.0 0.0 0.0 0.0 0.0 0.0 0.0 0.0 0.0 0.0 0.0 0.0 0.0 0.0 0.0 0.0 0.0 0.0 0.0 0.0 0.0 0.0 0.0 0.0 0.0 0.0 0.0 0.0 0.0 0.0 0.0 0.0 0.0 0.0 0.0 0.0 0.0 0.0 0.0 0.0 0.0 0.0 0.0 0.0 0.0 0.0 0.0 0.0 0.0 0.0
a172x4w90uost1
it can also become a weapon of destruction it is this twofold aspect of the use to which science can be put that has raised in an acute form the question
0.027514876892229246 0.0 0.0541897924256657 0.0 0.0 0.03897014271805806 0.0 0.0 0.0 0.0 0.0 0.0 0.0 0.0 0.0 0.0 0.0 0.0 0.0 0.0 0.0 0.0 0.0 0.0 0.0332203452405381 0.0 0.0 0.0 0.0 0.0 0.0 0.0 0.045738172489411075 0.0 0.03483465515197292 0.13065518948558874 0.2033333596886936 0.08900469213158939 0.13593263611845113 0.20478751737209192 0.1800808549578218 0.04215533931724601 0.05527422204348451 0.2657826906582947 0.2378795475135655 0.16037411036675814 0.09727531938226357 0.2242390039387257 0.06925235309545646 0.16776487547323277 0.0662192779977814 0.18879989785265763 0.09517307308953515 0.27009015493650507 0.17979912334592646 0.14380382995551952 0.0 0.0 0.0 0.0 0.0 0.0 0.0 0.0 0.0 0.0 0.0 0.0 0.0 0.0 0.0 0.0 0.0 0.0 0.0 0.0 0.0 0.0 0.0 0.0 0.0 0.0 0.0 0.0 0.0 0.0 0.0 0.0 0.0
a3fq8i38xt2b4z
the representative of hamas said that with the increasing number of martyrs and injured people in gaza our resolve is getting even more stronger for our cause
0.031591154950337284 0.0 0.06221790982206061 0.15863790813193385 0.08200005495243934 0.0447434971948074 0.08705131303978718 0.20189520376412548 0.16864866108526394 0.0 0.03681351999267748 0.0 0.24820709261371013 0.0 0.0 0.0 0.0 0.24843655701639802 0.20675950013675837 0.23728451654291943 0.0 0.0 0.0 0.0 0.038141877868765967 0.204859748492775 0.0 0.0 0.23879644226589183 0.0 0.0 0.0 0.0 0.0 0.0 0.0 0.0 0.0 0.0 0.0 0.0 0.04840057477165282 0.0 0.0 0.0 0.0 0.0 0.0 0.0 0.0 0.0 0.0 0.0 0.0 0.0 0.0 0.10025416861135385 0.14421614548820677 0.1880354791491603 0.135581255785786 0.13413595201557357 0.07150776663490427 0.1937447635872069 0.0 0.0 0.0 0.0 0.0 0.0 0.0 0.0 0.0 0.0 0.0 0.0 0.0 0.0 0.0 0.0 0.0 0.0 0.0 0.0 0.0 0.0 0.0 0.0 0.0 0.0
a3dd3acpmvdvca
the hamas leader said that the increasing numbers of the martyred and injured will only increase our determination
0.07108009863825888 0.2471893354973998 0.04666343236654546 0.2379568621979008 0.12300008242865901 0.0671152457922111 0.0 0.30284280564618826 0.0 0.3405027894478081 0.05522027998901621 0.0 0.1861553194602826 0.40683181547405445 0.0 0.12308406665562134 0.0 0.0 0.0 0.0 0.0 0.0 0.0 0.0 0.0 0.3072896227391625 0.0 0.0 0.0 0.0 0.0 0.0 0.0 0.0 0.0 0.0 0.0 0.0 0.0 0.0 0.0 0.0 0.0 0.0 0.0 0.0 0.0 0.0 0.0 0.0 0.0 0.0 0.0 0.0 0.0 0.0 0.0 0.0 0.0 0.0 0.0 0.0 0.0 0.37417700075727 0.18699868374789458 0.27699923104564456 0.0 0.0 0.0 0.0 0.0 0.0 0.0 0.0 0.0 0.0 0.0 0.0 0.0 0.0 0.0 0.0 0.0 0.0 0.0 0.0 0.0 0.0 0.0
alrghxunh1uv7
hamas leader said that the martyrs of the injured and increasing the number of our courage and determination and will be raised
0.05815644434039364 0.202245819952418 0.07635834387252893 0.19469197816191883 0.10063643107799373 0.0549124738299909 0.0 0.24778047734688127 0.20697790224100573 0.0 0.13554068724576707 0.0 0.1523088977402312 0.3328623944787718 0.26817565201319876 0.10070514544550836 0.0 0.0 0.0 0.2912128157572193 0.0 0.0 0.0 0.0 0.0 0.25141878224113295 0.0 0.0 0.0 0.0 0.0 0.0 0.0 0.0 0.0 0.0 0.0 0.0 0.0 0.0 0.0 0.0 0.0 0.0 0.0 0.0 0.0 0.0 0.09758286117996139 0.0 0.0 0.2660362197014721 0.0 0.0 0.0 0.0 0.0 0.0 0.0 0.0 0.0 0.0 0.0 0.0 0.0 0.0 0.0 0.0 0.0 0.0 0.0 0.0 0.0 0.0 0.0 0.0 0.0 0.0 0.0 0.0 0.0 0.0 0.0 0.0 0.0 0.0 0.0 0.0 0.0
air4uqnpimfcj
it can also become a weapon of destruction it is this twofold aspect of use to which science can be put that has raised in an acute form the question
0.014216019727651777 0.0 0.05599611883985455 0.0 0.0 0.04026914747532666 0.0 0.0 0.0 0.0 0.0 0.0 0.0 0.0 0.0 0.0 0.0 0.0 0.0 0.0 0.0 0.0 0.0 0.0 0.03432769008188937 0.0 0.0 0.0 0.0 0.0 0.0 0.0 0.04726277823905811 0.0 0.03599581032370535 0.1350103624684417 0.21011113834498338 0.09197151520264236 0.14046372398906617 0.21161376795116163 0.18608355012308253 0.04356051729448754 0.05711669611160066 0.27464211368023783 0.24580886576401767 0.16571991404565006 0.10051783002833901 0.23171363740334988 0.07156076486530501 0.1733570379890072 0.06842658726437412 0.19509322778107957 0.09834550885918632 0.2790931601010553 0.18579242745745733 0.14859729095403684 0.0 0.0 0.0 0.0 0.0 0.0 0.0 0.0 0.0 0.0 0.0 0.0 0.0 0.0 0.0 0.0 0.0 0.0 0.0 0.0 0.0 0.0 0.0 0.0 0.0 0.0 0.0 0.0 0.0 0.0 0.0 0.0 0.0
al2rcq9eyun61
it can also become a weapon of destruction it is this twofold aspect of the methods to which science can be applied that has raised a valid concern to most people
0.013757438446114623 0.0 0.0541897924256657 0.0 0.0 0.03897014271805806 0.0 0.0 0.0 0.0 0.0 0.0 0.0 0.0 0.0 0.0 0.0 0.0 0.0 0.0 0.0 0.0 0.0 0.0 0.0 0.0 0.0 0.0 0.0 0.0 0.0 0.0 0.09147634497882215 0.0 0.06966931030394584 0.13065518948558874 0.2033333596886936 0.08900469213158939 0.13593263611845113 0.20478751737209192 0.1800808549578218 0.04215533931724601 0.05527422204348451 0.2657826906582947 0.2378795475135655 0.0 0.09727531938226357 0.2242390039387257 0.06925235309545646 0.0 0.0662192779977814 0.18879989785265763 0.0 0.0 0.0 0.0 0.08731814685505013 0.0 0.0 0.0 0.0 0.0 0.0 0.0 0.0 0.0 0.24550499196725034 0.22537098199715377 0.2585845115836427 0.21468204212765563 0.14638585278369812 0.0 0.0 0.0 0.0 0.0 0.0 0.0 0.0 0.0 0.0 0.0 0.0 0.0 0.0 0.0 0.0 0.0 0.0
a1gnof24z9gaez
it can also become a weapon of destruction it is this twofold aspect of its use a thing of science created by science that poses the same question about science itself
0.013757438446114623 0.0 0.08128468863849854 0.0 0.0 0.03897014271805806 0.0 0.0 0.0 0.0 0.0 0.0 0.0 0.0 0.0 0.0 0.0 0.0 0.0 0.0 0.0 0.0 0.0 0.0 0.0 0.0 0.0 0.0 0.0 0.0 0.0 0.0 0.09147634497882215 0.0 0.0 0.13065518948558874 0.1016666798443468 0.08900469213158939 0.13593263611845113 0.20478751737209192 0.1800808549578218 0.04215533931724601 0.05527422204348451 0.2657826906582947 0.2378795475135655 0.16037411036675814 0.0 0.6727170118161772 0.0 0.0 0.0 0.0 0.0 0.0 0.0 0.14380382995551952 0.0 0.0 0.0 0.0 0.0 0.0 0.0 0.0 0.0 0.0 0.0 0.0 0.0 0.0 0.0 0.1068975149152939 0.1699628691883043 0.17659735050414127 0.0804986858516596 0.2809440980533184 0.14132802409692077 0.10051754050205591 0.17391778280418602 0.0 0.0 0.0 0.0 0.0 0.0 0.0 0.0 0.0 0.0
a3odh4xjjxhft6
the representative of hamas stated that with the increasing number of martyrs and injured people in gaza the resolve for a great cause has never been stronger
0.04738673242550592 0.0 0.06221790982206061 0.15863790813193385 0.0 0.0447434971948074 0.08705131303978718 0.20189520376412548 0.16864866108526394 0.0 0.03681351999267748 0.0 0.0 0.0 0.0 0.0 0.0 0.24843655701639802 0.20675950013675837 0.23728451654291943 0.0 0.0 0.0 0.0 0.038141877868765967 0.204859748492775 0.0 0.0 0.23879644226589183 0.0 0.0 0.0 0.0525141980433979 0.0 0.0 0.0 0.0 0.0 0.0 0.0 0.0 0.0 0.0 0.0 0.0 0.0 0.0 0.0 0.0 0.0 0.07602954140486012 0.0 0.0 0.0 0.0 0.0 0.10025416861135385 0.14421614548820677 0.0 0.0 0.0 0.07150776663490427 0.1937447635872069 0.0 0.0 0.0 0.0 0.0 0.0 0.0 0.0 0.0 0.0 0.0 0.0 0.0 0.0 0.0 0.0 0.19261893109889688 0.17510066561393015 0.1766529210071019 0.10906307750877076 0.0 0.0 0.0 0.0 0.0 0.0
a3edprdq0s0hp3
the representative of hamas said that with the increasing number of martyrs and injured people in gaza our resolve is getting even more stronger for our cause
0.031591154950337284 0.0 0.06221790982206061 0.15863790813193385 0.08200005495243934 0.0447434971948074 0.08705131303978718 0.20189520376412548 0.16864866108526394 0.0 0.03681351999267748 0.0 0.24820709261371013 0.0 0.0 0.0 0.0 0.24843655701639802 0.20675950013675837 0.23728451654291943 0.0 0.0 0.0 0.0 0.038141877868765967 0.204859748492775 0.0 0.0 0.23879644226589183 0.0 0.0 0.0 0.0 0.0 0.0 0.0 0.0 0.0 0.0 0.0 0.0 0.04840057477165282 0.0 0.0 0.0 0.0 0.0 0.0 0.0 0.0 0.0 0.0 0.0 0.0 0.0 0.0 0.10025416861135385 0.14421614548820677 0.1880354791491603 0.135581255785786 0.13413595201557357 0.07150776663490427 0.1937447635872069 0.0 0.0 0.0 0.0 0.0 0.0 0.0 0.0 0.0 0.0 0.0 0.0 0.0 0.0 0.0 0.0 0.0 0.0 0.0 0.0 0.0 0.0 0.0 0.0 0.0 0.0
a2dwqf4zhhblow
the representative of hamas said with the increasing number of martyrs and injured people in gaza our resolve is getting even more stronger for our cause
0.0328061993715041 0.0 0.06461090635367833 0.16473936613700824 0.08515390321984086 0.0 0.09039944046439438 0.20966040390889956 0.17513514805008176 0.0 0.038229424607780456 0.0 0.25775351925269896 0.0 0.0 0.0 0.0 0.2579918092093364 0.21471178860355675 0.2464108441022625 0.0 0.0 0.0 0.0 0.03960887317141081 0.21273896958865096 0.0 0.0 0.24798092081457998 0.0 0.0 0.0 0.0 0.0 0.0 0.0 0.0 0.0 0.0 0.0 0.0 0.05026213533979332 0.0 0.0 0.0 0.0 0.0 0.0 0.0 0.0 0.0 0.0 0.0 0.0 0.0 0.0 0.104110098173329 0.14976292031467625 0.19526761296258954 0.1407959194698547 0.13929502709309563 0.07425806535163135 0.20119648526363795 0.0 0.0 0.0 0.0 0.0 0.0 0.0 0.0 0.0 0.0 0.0 0.0 0.0 0.0 0.0 0.0 0.0 0.0 0.0 0.0 0.0 0.0 0.0 0.0 0.0 0.0
a76qws1d3e60g
the hamas leader said that the increasing numbers of the martyred and injured will only increase our determination
0.07108009863825888 0.2471893354973998 0.04666343236654546 0.2379568621979008 0.12300008242865901 0.0671152457922111 0.0 0.30284280564618826 0.0 0.3405027894478081 0.05522027998901621 0.0 0.1861553194602826 0.40683181547405445 0.0 0.12308406665562134 0.0 0.0 0.0 0.0 0.0 0.0 0.0 0.0 0.0 0.3072896227391625 0.0 0.0 0.0 0.0 0.0 0.0 0.0 0.0 0.0 0.0 0.0 0.0 0.0 0.0 0.0 0.0 0.0 0.0 0.0 0.0 0.0 0.0 0.0 0.0 0.0 0.0 0.0 0.0 0.0 0.0 0.0 0.0 0.0 0.0 0.0 0.0 0.0 0.37417700075727 0.18699868374789458 0.27699923104564456 0.0 0.0 0.0 0.0 0.0 0.0 0.0 0.0 0.0 0.0 0.0 0.0 0.0 0.0 0.0 0.0 0.0 0.0 0.0 0.0 0.0 0.0 0.0
a1ly3njtyw9tff
the hamas leader said that the increasing numbers of the martyred and injured will only increase our determination
0.07108009863825888 0.2471893354973998 0.04666343236654546 0.2379568621979008 0.12300008242865901 0.0671152457922111 0.0 0.30284280564618826 0.0 0.3405027894478081 0.05522027998901621 0.0 0.1861553194602826 0.40683181547405445 0.0 0.12308406665562134 0.0 0.0 0.0 0.0 0.0 0.0 0.0 0.0 0.0 0.3072896227391625 0.0 0.0 0.0 0.0 0.0 0.0 0.0 0.0 0.0 0.0 0.0 0.0 0.0 0.0 0.0 0.0 0.0 0.0 0.0 0.0 0.0 0.0 0.0 0.0 0.0 0.0 0.0 0.0 0.0 0.0 0.0 0.0 0.0 0.0 0.0 0.0 0.0 0.37417700075727 0.18699868374789458 0.27699923104564456 0.0 0.0 0.0 0.0 0.0 0.0 0.0 0.0 0.0 0.0 0.0 0.0 0.0 0.0 0.0 0.0 0.0 0.0 0.0 0.0 0.0 0.0 0.0
a6tw9zegog7ph
the hamas leader said that the increasing numbers of the martyred and injured will only increase our determination
0.07108009863825888 0.2471893354973998 0.04666343236654546 0.2379568621979008 0.12300008242865901 0.0671152457922111 0.0 0.30284280564618826 0.0 0.3405027894478081 0.05522027998901621 0.0 0.1861553194602826 0.40683181547405445 0.0 0.12308406665562134 0.0 0.0 0.0 0.0 0.0 0.0 0.0 0.0 0.0 0.3072896227391625 0.0 0.0 0.0 0.0 0.0 0.0 0.0 0.0 0.0 0.0 0.0 0.0 0.0 0.0 0.0 0.0 0.0 0.0 0.0 0.0 0.0 0.0 0.0 0.0 0.0 0.0 0.0 0.0 0.0 0.0 0.0 0.0 0.0 0.0 0.0 0.0 0.0 0.37417700075727 0.18699868374789458 0.27699923104564456 0.0 0.0 0.0 0.0 0.0 0.0 0.0 0.0 0.0 0.0 0.0 0.0 0.0 0.0 0.0 0.0 0.0 0.0 0.0 0.0 0.0 0.0 0.0
a29vl1u4i9f3pd
the hamas leader said that as the number of injured people increases our forces strength and willpower shall also increase
0.042648059182955333 0.22247040194765982 0.04199708912989091 0.2141611759781107 0.11070007418579311 0.060403721212989994 0.0 0.0 0.2276756924651063 0.0 0.04969825199011459 0.0 0.16753978751425433 0.0 0.0 0.0 0.0 0.0 0.0 0.0 0.0 0.0 0.0 0.0 0.0 0.27656066046524624 0.0 0.0 0.0 0.0 0.0 0.0 0.0 0.0 0.0 0.0 0.0 0.13795727280396355 0.0 0.0 0.0 0.0 0.0 0.0 0.0 0.0 0.0 0.0 0.0 0.0 0.0 0.0 0.0 0.0 0.0 0.0 0.13534312762532769 0.0 0.0 0.0 0.0 0.0 0.0 0.0 0.0 0.24929930794108007 0.0 0.0 0.0 0.0 0.0 0.0 0.0 0.0 0.0 0.0 0.0 0.0 0.0 0.0 0.0 0.0 0.0 0.13176506355165724 0.34932502209558836 0.22537819795551353 0.313782684212621 0.5159352476043486 0.30210194165354576
