you can also wish a happy eid through verses of poetry that suit the occasion congratulate poetic stanzas appropriate for send greetings in form suitable post eidrelated couplets as well convey peom or peotry wishes short poems by writing with reference to poem references may want write about
you can also wish a happy eid through verses of poetry that suit the occasion
0.21252040811937492 0.21011113834498338 0.18394303040528473 0.3739449833849758 0.09452555647811622 0.42449741556703624 0.3608953449099027 0.3159316750733832 0.5684630321905944 0.05599611883985455 0.4284589769317562 0.08053829495065332 0.5806178026435247 0.028432039455303555 0.3802389623497141 0.0 0.0 0.0 0.0 0.0 0.0 0.0 0.0 0.0 0.0 0.0 0.0 0.0 0.0 0.0 0.0 0.0 0.0 0.0 0.0 0.0 0.0 0.0 0.0 0.0 0.0 0.0 0.0 0.0 0.0 0.0 0.0 0.0
you can also congratulate through poetic stanzas appropriate for eid
0.3187806121790624 0.31516670751747505 0.2759145456079271 0.0 0.0 0.0 0.5413430173648541 0.47389751261007484 0.0 0.0 0.0 0.0 0.0 0.0 0.0 1.0318704952086972 1.0318704952086972 1.0318704952086972 0.7679647622471711 0.1930709699142415 0.0 0.0 0.0 0.0 0.0 0.0 0.0 0.0 0.0 0.0 0.0 0.0 0.0 0.0 0.0 0.0 0.0 0.0 0.0 0.0 0.0 0.0 0.0 0.0 0.0 0.0 0.0 0.0
you can also send greetings in the form of verses suitable for eid
0.2452158555223557 0.2424359288595962 0.21224195815994393 0.0 0.0 0.0 0.41641770566527236 0.0 0.6559188832968397 0.06461090635367833 0.0 0.0 0.0 0.0328061993715041 0.0 0.0 0.0 0.0 0.0 0.1485161307032627 0.4410567287243384 0.4714654007738881 0.07921774634282162 0.4287517556710554 0.5964427380481103 0.0 0.0 0.0 0.0 0.0 0.0 0.0 0.0 0.0 0.0 0.0 0.0 0.0 0.0 0.0 0.0 0.0 0.0 0.0 0.0 0.0 0.0 0.0
you can post eidrelated couplets as well
0.45540087454151773 0.45023815359639296 0.0 0.0 0.0 0.0 0.0 0.0 0.0 0.0 0.0 0.0 0.0 0.0 0.0 0.0 0.0 0.0 0.0 0.0 0.0 0.0 0.0 0.0 0.0 0.8990504659074031 1.474100707440996 1.474100707440996 0.37647161014759206 0.6418149778152172 0.0 0.0 0.0 0.0 0.0 0.0 0.0 0.0 0.0 0.0 0.0 0.0 0.0 0.0 0.0 0.0 0.0 0.0
ayowrg5s0py3f
for eid you can convey in the form of peom or peotry also
0.2452158555223557 0.2424359288595962 0.21224195815994393 0.0 0.0 0.0 0.41641770566527236 0.0 0.0 0.06461090635367833 0.0 0.0 0.0 0.0328061993715041 0.0 0.0 0.0 0.0 0.0 0.1485161307032627 0.0 0.0 0.07921774634282162 0.4287517556710554 0.0 0.0 0.0 0.0 0.0 0.0 0.5633055906563831 0.7937465347759208 0.2484843210316597 0.7092378971860662 0.0 0.0 0.0 0.0 0.0 0.0 0.0 0.0 0.0 0.0 0.0 0.0 0.0 0.0
a2xknsbfsj3hso
you can also send eid wishes in the form of short eid poems
0.2452158555223557 0.2424359288595962 0.21224195815994393 0.0 0.0 0.0 0.8328354113305447 0.0 0.0 0.06461090635367833 0.0 0.0 0.0 0.0328061993715041 0.0 0.0 0.0 0.0 0.0 0.0 0.4410567287243384 0.0 0.07921774634282162 0.4287517556710554 0.0 0.0 0.0 0.0 0.0 0.0 0.0 0.0 0.0 0.0 0.4669392084644317 0.5119341004582557 0.6699436184348362 0.0 0.0 0.0 0.0 0.0 0.0 0.0 0.0 0.0 0.0 0.0
a1wyssw33m2fz2
you can also wish by writing verses with reference to eid
0.28980055652642034 0.28651518865225006 0.2508314050981155 0.5099249773431488 0.0 0.0 0.492130015786231 0.0 0.7751768620780832 0.0 0.0 0.0 0.0 0.0 0.0 0.0 0.0 0.0 0.0 0.0 0.0 0.0 0.0 0.0 0.0 0.0 0.0 0.0 0.0 0.0 0.0 0.0 0.0 0.0 0.0 0.0 0.0 0.2268599328546771 0.5194122514635345 0.21367140473402307 0.6050130278143022 0.09817039179192368 0.0 0.0 0.0 0.0 0.0 0.0
a8v7wa74iohz9
you can wish eid through appropriate poetry
0.45540087454151773 0.45023815359639296 0.0 0.8013106786820909 0.0 0.0 0.7733471676640773 0.6769964465858213 0.0 0.0 0.9181263791394777 0.0 0.0 0.0 0.0 0.0 0.0 0.0 1.0970925174959587 0.0 0.0 0.0 0.0 0.0 0.0 0.0 0.0 0.0 0.0 0.0 0.0 0.0 0.0 0.0 0.0 0.0 0.0 0.0 0.0 0.0 0.0 0.0 0.0 0.0 0.0 0.0 0.0 0.0
aa1hdtufsq32b
for eid you can convey in the form of a poem
0.28980055652642034 0.28651518865225006 0.0 0.0 0.12889848610652213 0.0 0.492130015786231 0.0 0.0 0.07635834387252893 0.0 0.0 0.0 0.03877096289359576 0.0 0.0 0.0 0.0 0.0 0.17551906355840138 0.0 0.0 0.09362097295060737 0.50670662033852 0.0 0.0 0.0 0.0 0.0 0.0 0.6657247889575436 0.0 0.0 0.0 0.0 0.0 0.0 0.0 0.0 0.0 0.0 0.0 0.6288643245840742 0.0 0.0 0.0 0.0 0.0
a3m4exda4ue7bp
for eid you can also convey in the form of poetry
0.28980055652642034 0.28651518865225006 0.2508314050981155 0.0 0.0 0.0 0.492130015786231 0.0 0.0 0.07635834387252893 0.5842622412705767 0.0 0.0 0.03877096289359576 0.0 0.0 0.0 0.0 0.0 0.17551906355840138 0.0 0.0 0.09362097295060737 0.50670662033852 0.0 0.0 0.0 0.0 0.0 0.0 0.6657247889575436 0.0 0.0 0.0 0.0 0.0 0.0 0.0 0.0 0.0 0.0 0.0 0.0 0.0 0.0 0.0 0.0 0.0
a2nowscvbop9jc
for eid you can also convey in the form of poem or poetry
0.2452158555223557 0.2424359288595962 0.21224195815994393 0.0 0.0 0.0 0.41641770566527236 0.0 0.0 0.06461090635367833 0.4943757426135649 0.0 0.0 0.0328061993715041 0.0 0.0 0.0 0.0 0.0 0.1485161307032627 0.0 0.0 0.07921774634282162 0.4287517556710554 0.0 0.0 0.0 0.0 0.0 0.0 0.5633055906563831 0.0 0.2484843210316597 0.0 0.0 0.0 0.0 0.0 0.0 0.0 0.0 0.0 0.532115966955755 0.0 0.0 0.0 0.0 0.0
a1wrvfwizbd6rc
you can also send eid wishes in the form of short eid poems
0.2452158555223557 0.2424359288595962 0.21224195815994393 0.0 0.0 0.0 0.8328354113305447 0.0 0.0 0.06461090635367833 0.0 0.0 0.0 0.0328061993715041 0.0 0.0 0.0 0.0 0.0 0.0 0.4410567287243384 0.0 0.07921774634282162 0.4287517556710554 0.0 0.0 0.0 0.0 0.0 0.0 0.0 0.0 0.0 0.0 0.4669392084644317 0.5119341004582557 0.6699436184348362 0.0 0.0 0.0 0.0 0.0 0.0 0.0 0.0 0.0 0.0 0.0
a28sepseqw8vw
you can also send eid wishes in the form of short eid poems
0.2452158555223557 0.2424359288595962 0.21224195815994393 0.0 0.0 0.0 0.8328354113305447 0.0 0.0 0.06461090635367833 0.0 0.0 0.0 0.0328061993715041 0.0 0.0 0.0 0.0 0.0 0.0 0.4410567287243384 0.0 0.07921774634282162 0.4287517556710554 0.0 0.0 0.0 0.0 0.0 0.0 0.0 0.0 0.0 0.0 0.4669392084644317 0.5119341004582557 0.6699436184348362 0.0 0.0 0.0 0.0 0.0 0.0 0.0 0.0 0.0 0.0 0.0
a1dndzlo2d5d48
you can also send eid wishes in the form of short eid poems
0.2452158555223557 0.2424359288595962 0.21224195815994393 0.0 0.0 0.0 0.8328354113305447 0.0 0.0 0.06461090635367833 0.0 0.0 0.0 0.0328061993715041 0.0 0.0 0.0 0.0 0.0 0.0 0.4410567287243384 0.0 0.07921774634282162 0.4287517556710554 0.0 0.0 0.0 0.0 0.0 0.0 0.0 0.0 0.0 0.0 0.4669392084644317 0.5119341004582557 0.6699436184348362 0.0 0.0 0.0 0.0 0.0 0.0 0.0 0.0 0.0 0.0 0.0
a980evuaw8ya7
you can also wish by writing verses with references to eid
0.28980055652642034 0.28651518865225006 0.2508314050981155 0.5099249773431488 0.0 0.0 0.492130015786231 0.0 0.7751768620780832 0.0 0.0 0.0 0.0 0.0 0.0 0.0 0.0 0.0 0.0 0.0 0.0 0.0 0.0 0.0 0.0 0.0 0.0 0.0 0.0 0.0 0.0 0.0 0.0 0.0 0.0 0.0 0.0 0.2268599328546771 0.5194122514635345 0.21367140473402307 0.0 0.09817039179192368 0.0 0.8750507065024569 0.0 0.0 0.0 0.0
ajh0yow6plss8
you may also want to write verses about eid
0.35420068019895823 0.0 0.3065717173421412 0.0 0.0 0.0 0.6014922415165045 0.0 0.9474383869843239 0.0 0.0 0.0 0.0 0.0 0.0 0.0 0.0 0.0 0.0 0.0 0.0 0.0 0.0 0.0 0.0 0.0 0.0 0.0 0.0 0.0 0.0 0.0 0.0 0.0 0.0 0.0 0.0 0.0 0.0 0.0 0.0 0.11998603441235117 0.0 0.0 0.49532430318012277 0.5138858681426968 0.7260572575743011 0.3462270839515259
ajfwu2g6a1bhs
you can also wish by writing verses with reference to eid
0.28980055652642034 0.28651518865225006 0.2508314050981155 0.5099249773431488 0.0 0.0 0.492130015786231 0.0 0.7751768620780832 0.0 0.0 0.0 0.0 0.0 0.0 0.0 0.0 0.0 0.0 0.0 0.0 0.0 0.0 0.0 0.0 0.0 0.0 0.0 0.0 0.0 0.0 0.0 0.0 0.0 0.0 0.0 0.0 0.2268599328546771 0.5194122514635345 0.21367140473402307 0.6050130278143022 0.09817039179192368 0.0 0.0 0.0 0.0 0.0 0.0
a3kgfvvjyor2nl
you can wish eid through a suitable poetry
0.398475765223828 0.39395838439684383 0.0 0.7011468438468296 0.17723541839646792 0.0 0.6766787717060676 0.5923718907625936 0.0 0.0 0.803360581747043 0.0 0.0 0.0 0.0 0.0 0.0 0.0 0.0 0.0 0.0 0.0 0.0 0.0 0.9692194493281793 0.0 0.0 0.0 0.0 0.0 0.0 0.0 0.0 0.0 0.0 0.0 0.0 0.0 0.0 0.0 0.0 0.0 0.0 0.0 0.0 0.0 0.0 0.0
