447 percent 7 was 44 per cent accounted for of those crimes 744
447 percent
4.812778885763513 2.851792217622856 0.0 0.0 0.0 0.0 0.0 0.0 0.0 0.0 0.0 0.0 0.0
7 percent
0.0 2.851792217622856 3.3538935197213733 0.0 0.0 0.0 0.0 0.0 0.0 0.0 0.0 0.0 0.0
was 44 per cent
0.0 0.0 0.0 0.5494547327485331 1.9384388986563585 1.721179436900456 2.1317363707147288 0.0 0.0 0.0 0.0 0.0 0.0
accounted for 44 percent of those crimes
0.0 0.8147977764636731 0.0 0.0 1.1076793706607764 0.0 0.0 1.474100707440996 0.2758156713060593 0.11999168322825975 0.5696004431704685 0.7621569043398049 0.0
a3dd3acpmvdvca
7 percent
0.0 2.851792217622856 3.3538935197213733 0.0 0.0 0.0 0.0 0.0 0.0 0.0 0.0 0.0 0.0
a2xknsbfsj3hso
was 744
0.0 0.0 0.0 1.0989094654970661 0.0 0.0 0.0 0.0 0.0 0.0 0.0 0.0 4.119631705203568
a143bvgouf83je
was 7 percent
0.0 1.9011948117485706 2.235929013147582 0.7326063103313775 0.0 0.0 0.0 0.0 0.0 0.0 0.0 0.0 0.0
a8v7wa74iohz9
7 percent
0.0 2.851792217622856 3.3538935197213733 0.0 0.0 0.0 0.0 0.0 0.0 0.0 0.0 0.0 0.0
a291u81kgj6l9n
7 percent
0.0 2.851792217622856 3.3538935197213733 0.0 0.0 0.0 0.0 0.0 0.0 0.0 0.0 0.0 0.0
a1c0lbe9vl3ax
7 percent
0.0 2.851792217622856 3.3538935197213733 0.0 0.0 0.0 0.0 0.0 0.0 0.0 0.0 0.0 0.0
ajfwu2g6a1bhs
7 percent
0.0 2.851792217622856 3.3538935197213733 0.0 0.0 0.0 0.0 0.0 0.0 0.0 0.0 0.0 0.0
a1wgq344wqriu5
was 744
0.0 0.0 0.0 1.0989094654970661 0.0 0.0 0.0 0.0 0.0 0.0 0.0 0.0 4.119631705203568
a1c0lbe9vl3ax
was 744
0.0 0.0 0.0 1.0989094654970661 0.0 0.0 0.0 0.0 0.0 0.0 0.0 0.0 4.119631705203568
attzel5iaoiw5
was 744
0.0 0.0 0.0 1.0989094654970661 0.0 0.0 0.0 0.0 0.0 0.0 0.0 0.0 4.119631705203568
a6tw9zegog7ph
was 7 percent
0.0 1.9011948117485706 2.235929013147582 0.7326063103313775 0.0 0.0 0.0 0.0 0.0 0.0 0.0 0.0 0.0
a3m6cl5oao31z
was 7 percent
0.0 1.9011948117485706 2.235929013147582 0.7326063103313775 0.0 0.0 0.0 0.0 0.0 0.0 0.0 0.0 0.0
a2owo5cfm8khwy
was 7 percent
0.0 1.9011948117485706 2.235929013147582 0.7326063103313775 0.0 0.0 0.0 0.0 0.0 0.0 0.0 0.0 0.0
a11q9mm0b90tar
7 percent
0.0 2.851792217622856 3.3538935197213733 0.0 0.0 0.0 0.0 0.0 0.0 0.0 0.0 0.0 0.0
