the citys seafood company had bought it for one hundred dollars a from town 10000 100 in new york city him of purchased sea food has this dolors lobster
the citys seafood company had bought it for one hundred dollars
0.03877096289359576 0.7200736072080546 0.7200736072080546 0.5385687088558666 0.31465371723105273 0.6530191578325292 0.18410503972969322 0.17551906355840138 0.26645415572781184 0.5455651671409691 0.5115779154416207 0.0 0.0 0.0 0.0 0.0 0.0 0.0 0.0 0.0 0.0 0.0 0.0 0.0 0.0 0.0 0.0 0.0 0.0
a seafood company from the town bought it for 10000
0.042648059182955333 0.0 0.79208096792886 0.5924255797414533 0.0 0.7183210736157821 0.20251554370266253 0.1930709699142415 0.0 0.0 0.0 0.14178833471717434 0.2412894639428039 0.6512042462316651 0.8121480374750751 0.0 0.0 0.0 0.0 0.0 0.0 0.0 0.0 0.0 0.0 0.0 0.0 0.0 0.0
the citys seafood company had bought it for 100
0.04738673242550592 0.8800899643654 0.8800899643654 0.6582506441571703 0.38457676550462 0.7981345262397579 0.22501727078073616 0.21452329990471278 0.0 0.0 0.0 0.0 0.0 0.0 0.0 0.6698050567709533 0.0 0.0 0.0 0.0 0.0 0.0 0.0 0.0 0.0 0.0 0.0 0.0 0.0
a seafood company in new york city bought him for 100
0.0 0.0 0.7200736072080546 0.5385687088558666 0.0 0.6530191578325292 0.0 0.17551906355840138 0.0 0.0 0.0 0.12889848610652213 0.0 0.0 0.0 0.5480223191762345 0.09362097295060737 0.331285778206595 0.6174858570428008 0.4379497037765676 0.33857195384883565 0.0 0.0 0.0 0.0 0.0 0.0 0.0 0.0
a3dd3acpmvdvca
the seafood company of the city had purchased it for a hundred dollars
0.0656123987430082 0.0 0.6092930522529693 0.45571198441650246 0.26624545304166003 0.0 0.15578118746358657 0.1485161307032627 0.0 0.46163206450389693 0.4328736207582944 0.1090679497824418 0.0 0.0 0.0 0.0 0.0 0.0 0.0 0.3705728262724803 0.0 0.06461090635367833 0.6025998694076131 0.0 0.0 0.0 0.0 0.0 0.0
alzgu09bjzsiw
the citys sea food company has bought this in 100 dollars
0.03877096289359576 0.7200736072080546 0.0 0.5385687088558666 0.0 0.6530191578325292 0.0 0.0 0.0 0.0 0.5115779154416207 0.0 0.0 0.0 0.0 0.5480223191762345 0.09362097295060737 0.0 0.0 0.0 0.0 0.0 0.0 0.5737610697140454 0.6201997627836809 0.18661796526647487 0.15577280757709272 0.0 0.0
a353ocl6lm6m4o
the company of sea food purchased it in 100 dolors
0.042648059182955333 0.0 0.0 0.5924255797414533 0.0 0.0 0.20251554370266253 0.0 0.0 0.0 0.0 0.0 0.0 0.0 0.0 0.6028245510938579 0.1029830702456681 0.0 0.0 0.0 0.0 0.08399417825978182 0.7833798302298971 0.6311371766854499 0.682219739062049 0.0 0.0 0.9625557771527026 0.0
a3u16uhguaktzs
a seafood company of the city had bought him for 100 dollars
0.03554004931912944 0.0 0.66006747327405 0.4936879831178777 0.288432574128465 0.5986008946798184 0.0 0.1608924749285346 0.0 0.0 0.46894642248815227 0.11815694559764528 0.0 0.0 0.0 0.502353792578215 0.0 0.0 0.0 0.4014538951285203 0.3103576243614327 0.06999514854981818 0.0 0.0 0.0 0.0 0.0 0.0 0.0
a2vjscdqr23qkd
the seafood company of the city had purchased it for a hundred dollars
0.0656123987430082 0.0 0.6092930522529693 0.45571198441650246 0.26624545304166003 0.0 0.15578118746358657 0.1485161307032627 0.0 0.46163206450389693 0.4328736207582944 0.1090679497824418 0.0 0.0 0.0 0.0 0.0 0.0 0.0 0.3705728262724803 0.0 0.06461090635367833 0.6025998694076131 0.0 0.0 0.0 0.0 0.0 0.0
ancf53mqwds6z
the seafood company of the city purchased it for a hundred dollars
0.07108009863825888 0.0 0.66006747327405 0.4936879831178777 0.0 0.0 0.16876295308555211 0.1608924749285346 0.0 0.500101403212555 0.46894642248815227 0.11815694559764528 0.0 0.0 0.0 0.0 0.0 0.0 0.0 0.4014538951285203 0.0 0.06999514854981818 0.6528165251915808 0.0 0.0 0.0 0.0 0.0 0.0
a2zhr3rebfem5a
the citys seafood company purchased it for a hundred dollars
0.042648059182955333 0.79208096792886 0.79208096792886 0.5924255797414533 0.0 0.0 0.20251554370266253 0.1930709699142415 0.0 0.600121683855066 0.5627357069857827 0.14178833471717434 0.0 0.0 0.0 0.0 0.0 0.0 0.0 0.0 0.0 0.0 0.7833798302298971 0.0 0.0 0.0 0.0 0.0 0.0
a3andctf0w1pqd
the citys seafood company has purchased this lobster for 100 dollars
0.03877096289359576 0.7200736072080546 0.7200736072080546 0.5385687088558666 0.0 0.0 0.0 0.17551906355840138 0.0 0.0 0.5115779154416207 0.0 0.0 0.0 0.0 0.5480223191762345 0.0 0.0 0.0 0.0 0.0 0.0 0.7121634820271792 0.0 0.0 0.18661796526647487 0.15577280757709272 0.0 0.5320724394029442
a230hf2okthmdz
the citys sea food company has bought this in 100 dollars
0.03877096289359576 0.7200736072080546 0.0 0.5385687088558666 0.0 0.6530191578325292 0.0 0.0 0.0 0.0 0.5115779154416207 0.0 0.0 0.0 0.0 0.5480223191762345 0.09362097295060737 0.0 0.0 0.0 0.0 0.0 0.0 0.5737610697140454 0.6201997627836809 0.18661796526647487 0.15577280757709272 0.0 0.0
a330jjzgjl7ig2
the citys sea food company has bought this for 100 dollars
0.03877096289359576 0.7200736072080546 0.0 0.5385687088558666 0.0 0.6530191578325292 0.0 0.17551906355840138 0.0 0.0 0.5115779154416207 0.0 0.0 0.0 0.0 0.5480223191762345 0.0 0.0 0.0 0.0 0.0 0.0 0.0 0.5737610697140454 0.6201997627836809 0.18661796526647487 0.15577280757709272 0.0 0.0
a1e4smxrh1paux
the company of sea food purchased it in 100 dollars
0.042648059182955333 0.0 0.0 0.5924255797414533 0.0 0.0 0.20251554370266253 0.0 0.0 0.0 0.5627357069857827 0.0 0.0 0.0 0.0 0.6028245510938579 0.1029830702456681 0.0 0.0 0.0 0.0 0.08399417825978182 0.7833798302298971 0.6311371766854499 0.682219739062049 0.0 0.0 0.0 0.0
a3edprdq0s0hp3
a sea food company purchased it in 100 dollars
0.0 0.0 0.0 0.6582506441571703 0.0 0.0 0.22501727078073616 0.0 0.0 0.0 0.6252618966508696 0.1575425941301937 0.0 0.0 0.0 0.6698050567709533 0.1144256336062979 0.0 0.0 0.0 0.0 0.0 0.8704220335887745 0.7012635296504999 0.7580219322911657 0.0 0.0 0.0 0.0
a1c0lbe9vl3ax
the company of sea food purchased it for 100 dollars
0.042648059182955333 0.0 0.0 0.5924255797414533 0.0 0.0 0.20251554370266253 0.1930709699142415 0.0 0.0 0.5627357069857827 0.0 0.0 0.0 0.0 0.6028245510938579 0.0 0.0 0.0 0.0 0.0 0.08399417825978182 0.7833798302298971 0.6311371766854499 0.682219739062049 0.0 0.0 0.0 0.0
amd40d0gc1l4r
a seafood company of the city had bought him for 100 dollars
0.03554004931912944 0.0 0.66006747327405 0.4936879831178777 0.288432574128465 0.5986008946798184 0.0 0.1608924749285346 0.0 0.0 0.46894642248815227 0.11815694559764528 0.0 0.0 0.0 0.502353792578215 0.0 0.0 0.0 0.4014538951285203 0.3103576243614327 0.06999514854981818 0.0 0.0 0.0 0.0 0.0 0.0 0.0
