workers found the girls exact location with help of gps in her mobile phone officials out girl present authorities traced through officers used to find approximate discovered right using on cell agents came know about use finds baby gprs installed located determined tracking first she was because reported position system were able child a tracker
workers found the girls exact location with the help of the gps in her mobile phone
0.33010952185458386 0.2884326548394231 0.07996511096804125 0.29810180419948445 0.47566592193654755 0.4209491258519288 0.14689909075464086 0.2847908480816746 0.05249636141236364 0.47163226436544936 0.06436441890354257 0.23529822175382248 0.41594645662233276 0.3776274270669322 0.0 0.0 0.0 0.0 0.0 0.0 0.0 0.0 0.0 0.0 0.0 0.0 0.0 0.0 0.0 0.0 0.0 0.0 0.0 0.0 0.0 0.0 0.0 0.0 0.0 0.0 0.0 0.0 0.0 0.0 0.0 0.0 0.0 0.0 0.0 0.0 0.0 0.0 0.0 0.0 0.0
the officials found out the exact location of the girl with the help of the gps present in her mobile
0.0 0.23074612387153848 0.10662014795738832 0.0 0.38053273754923805 0.33675930068154303 0.11751927260371269 0.22783267846533967 0.08399417825978182 0.3773058114923595 0.05149153512283405 0.188238577403058 0.3327571652978662 0.0 0.22434112374017268 0.20034850714670283 0.31934396596813225 0.22318165149422717 0.0 0.0 0.0 0.0 0.0 0.0 0.0 0.0 0.0 0.0 0.0 0.0 0.0 0.0 0.0 0.0 0.0 0.0 0.0 0.0 0.0 0.0 0.0 0.0 0.0 0.0 0.0 0.0 0.0 0.0 0.0 0.0 0.0 0.0 0.0 0.0 0.0
authorities traced the exact location of the girl through gps in her mobile
0.0 0.0 0.0656123987430082 0.0 0.5854349808449816 0.5180912318177585 0.0 0.0 0.06461090635367833 0.5804704792190146 0.07921774634282162 0.28959781138931995 0.5119341004582557 0.0 0.0 0.0 0.49129840918174195 0.0 0.4566675628779299 0.6247292595962116 0.36453654816159603 0.0 0.0 0.0 0.0 0.0 0.0 0.0 0.0 0.0 0.0 0.0 0.0 0.0 0.0 0.0 0.0 0.0 0.0 0.0 0.0 0.0 0.0 0.0 0.0 0.0 0.0 0.0 0.0 0.0 0.0 0.0 0.0 0.0 0.0
officers used gps in the girls mobile phone to find her approximate location
0.0 0.0 0.0328061993715041 0.3668945282455193 0.0 0.5180912318177585 0.0 0.0 0.0 0.5804704792190146 0.07921774634282162 0.28959781138931995 0.5119341004582557 0.46477221792853196 0.0 0.0 0.0 0.0 0.0 0.0 0.0 0.5224880328823699 0.3568101802361464 0.08306725459316619 0.4294235772071135 0.7404275208866943 0.0 0.0 0.0 0.0 0.0 0.0 0.0 0.0 0.0 0.0 0.0 0.0 0.0 0.0 0.0 0.0 0.0 0.0 0.0 0.0 0.0 0.0 0.0 0.0 0.0 0.0 0.0 0.0 0.0
a1wyssw33m2fz2
officials discovered the right location of the girl using the gps on her cell phone
0.0 0.0 0.08529611836591067 0.0 0.0 0.449012400908724 0.0 0.0 0.05599611883985455 0.503074415323146 0.0 0.250984769870744 0.0 0.40280258887139436 0.2991214983202302 0.0 0.42579195462417635 0.0 0.0 0.0 0.0 0.0 0.0 0.0 0.0 0.0 0.46342727480669976 0.3159316750733832 0.34751729854575936 0.12486718415838688 0.44367622039715493 0.0 0.0 0.0 0.0 0.0 0.0 0.0 0.0 0.0 0.0 0.0 0.0 0.0 0.0 0.0 0.0 0.0 0.0 0.0 0.0 0.0 0.0 0.0 0.0
a3dd3acpmvdvca
the agents came to know about her exact location with the use of the gps present in her mobile
0.0 0.0 0.06733904081519264 0.0 0.400560776367619 0.35448347440162425 0.12370449747759231 0.0 0.04420746224199044 0.3971640120972205 0.054201615918772685 0.3962917419011747 0.3502707003135434 0.0 0.0 0.0 0.0 0.23492805420444965 0.0 0.0 0.0 0.0 0.0 0.05683548998479792 0.0 0.0 0.0 0.0 0.0 0.0 0.0 0.3559661521367135 0.25354982850222335 0.23462730150637395 0.164002302924407 0.2616630221773422 0.0 0.0 0.0 0.0 0.0 0.0 0.0 0.0 0.0 0.0 0.0 0.0 0.0 0.0 0.0 0.0 0.0 0.0 0.0
alzgu09bjzsiw
authorities finds the exact location of the baby with the help of gprs installed in her cell phone
0.0 0.0 0.07108009863825888 0.0 0.4228141528324867 0.37417700075727 0.13057696955968076 0.2531474205170441 0.09332686473309092 0.0 0.05721281680314895 0.20915397489228665 0.0 0.3356688240594953 0.0 0.0 0.0 0.0 0.329815462078505 0.0 0.0 0.0 0.0 0.0 0.0 0.0 0.0 0.0 0.0 0.0 0.3697301836642958 0.0 0.0 0.0 0.0 0.0 0.4838481688696039 0.4400449821827 0.5347532095292792 0.4577368561337297 0.0 0.0 0.0 0.0 0.0 0.0 0.0 0.0 0.0 0.0 0.0 0.0 0.0 0.0 0.0
a8v7wa74iohz9
officials located the exact location of the girl with the help of gps in her mobile
0.0 0.0 0.07996511096804125 0.0 0.47566592193654755 0.4209491258519288 0.14689909075464086 0.2847908480816746 0.10499272282472728 0.47163226436544936 0.06436441890354257 0.23529822175382248 0.41594645662233276 0.0 0.28042640467521585 0.0 0.3991799574601653 0.0 0.0 0.0 0.0 0.0 0.0 0.0 0.0 0.0 0.0 0.0 0.0 0.0 0.0 0.0 0.0 0.0 0.0 0.0 0.0 0.0 0.0 0.0 0.43234422315155097 0.0 0.0 0.0 0.0 0.0 0.0 0.0 0.0 0.0 0.0 0.0 0.0 0.0 0.0
a17ezclrdz3xmg
officials determined the girls location using the gps tracking on her cell phone
0.0 0.0 0.0656123987430082 0.3668945282455193 0.0 0.5180912318177585 0.0 0.0 0.0 0.5804704792190146 0.0 0.28959781138931995 0.0 0.46477221792853196 0.34514019036949645 0.0 0.0 0.0 0.0 0.0 0.0 0.0 0.0 0.0 0.0 0.0 0.0 0.0 0.40098149832203 0.1440775201827541 0.5119341004582557 0.0 0.0 0.0 0.0 0.0 0.0 0.0 0.0 0.0 0.0 0.5224880328823699 0.7404275208866943 0.0 0.0 0.0 0.0 0.0 0.0 0.0 0.0 0.0 0.0 0.0 0.0
a2rcbwy8ulhnj0
officials discovered the location of the girl using the gps on her cell phone
0.0 0.0 0.09138869824919 0.0 0.0 0.4810847152593472 0.0 0.0 0.05999584161412987 0.5390083021319422 0.0 0.26891225343293995 0.0 0.4315742023622082 0.3204873196288181 0.0 0.45620566566876036 0.0 0.0 0.0 0.0 0.0 0.0 0.0 0.0 0.0 0.49652922300717833 0.0 0.3723399627275993 0.1337862687411288 0.47536737899695175 0.0 0.0 0.0 0.0 0.0 0.0 0.0 0.0 0.0 0.0 0.0 0.0 0.0 0.0 0.0 0.0 0.0 0.0 0.0 0.0 0.0 0.0 0.0 0.0
a1dndzlo2d5d48
officials discovered the location of the girl using the gps on her cell phone
0.0 0.0 0.09138869824919 0.0 0.0 0.4810847152593472 0.0 0.0 0.05999584161412987 0.5390083021319422 0.0 0.26891225343293995 0.0 0.4315742023622082 0.3204873196288181 0.0 0.45620566566876036 0.0 0.0 0.0 0.0 0.0 0.0 0.0 0.0 0.0 0.49652922300717833 0.0 0.3723399627275993 0.1337862687411288 0.47536737899695175 0.0 0.0 0.0 0.0 0.0 0.0 0.0 0.0 0.0 0.0 0.0 0.0 0.0 0.0 0.0 0.0 0.0 0.0 0.0 0.0 0.0 0.0 0.0 0.0
a330jjzgjl7ig2
the agents first found her exact location with the use of the gps present in her cell phone
0.0 0.2563845820794872 0.07108009863825888 0.0 0.4228141528324867 0.37417700075727 0.13057696955968076 0.0 0.04666343236654546 0.419228679435955 0.05721281680314895 0.4183079497845733 0.0 0.3356688240594953 0.0 0.0 0.0 0.24797961277136352 0.0 0.0 0.0 0.0 0.0 0.0 0.0 0.0 0.0 0.0 0.0 0.0 0.3697301836642958 0.375742049477642 0.0 0.0 0.0 0.2761998567427501 0.0 0.0 0.0 0.0 0.0 0.0 0.0 0.21778388986398686 0.0 0.0 0.0 0.0 0.0 0.0 0.0 0.0 0.0 0.0 0.0
a2nrt6osd133jj
the agents came to know about her exact location with the use of the gps present in her mobile
0.0 0.0 0.06733904081519264 0.0 0.400560776367619 0.35448347440162425 0.12370449747759231 0.0 0.04420746224199044 0.3971640120972205 0.054201615918772685 0.3962917419011747 0.3502707003135434 0.0 0.0 0.0 0.0 0.23492805420444965 0.0 0.0 0.0 0.0 0.0 0.05683548998479792 0.0 0.0 0.0 0.0 0.0 0.0 0.0 0.3559661521367135 0.25354982850222335 0.23462730150637395 0.164002302924407 0.2616630221773422 0.0 0.0 0.0 0.0 0.0 0.0 0.0 0.0 0.0 0.0 0.0 0.0 0.0 0.0 0.0 0.0 0.0 0.0 0.0
a143awku99stc9
she was found because the gps in her mobile phone reported her exact position
0.0 0.32963731981648353 0.030462899416396665 0.0 0.5436181964989115 0.0 0.0 0.0 0.0 0.5390083021319422 0.07355933588976293 0.5378245068658799 0.47536737899695175 0.4315742023622082 0.0 0.0 0.0 0.0 0.0 0.0 0.0 0.0 0.0 0.0 0.0 0.0 0.0 0.0 0.0 0.0 0.0 0.0 0.0 0.0 0.0 0.0 0.0 0.0 0.0 0.0 0.0 0.0 0.0 0.0 0.29562059274531416 0.15698706649958089 0.2800078583965545 0.4367151666211432 0.39332289976532525 0.0 0.0 0.0 0.0 0.0 0.0
a2u70ov2bw11tg
authorities found the exact location of the baby with the help of the gps system installed in her cell phone
0.0 0.23074612387153848 0.08529611836591067 0.0 0.38053273754923805 0.33675930068154303 0.11751927260371269 0.22783267846533967 0.08399417825978182 0.3773058114923595 0.05149153512283405 0.188238577403058 0.0 0.30210194165354576 0.0 0.0 0.0 0.0 0.29683391587065444 0.0 0.0 0.0 0.0 0.0 0.0 0.0 0.0 0.0 0.0 0.0 0.3327571652978662 0.0 0.0 0.0 0.0 0.0 0.0 0.39604048396443 0.0 0.41196317052035675 0.0 0.0 0.0 0.0 0.0 0.0 0.0 0.0 0.0 0.30073199294414005 0.0 0.0 0.0 0.0 0.0
a1fnqhv04k4cvd
authorities were able to find the exact location of the child with the help of a gps tracker installed in her cell phone
0.0 0.0 0.05562790328211565 0.0 0.33089803265151135 0.2928341745056896 0.10219067182931538 0.19811537257855624 0.07303841587807115 0.3280920099933561 0.04477524793289918 0.16368571948091998 0.0 0.2626973405683007 0.0 0.0 0.0 0.0 0.2581164485831778 0.0 0.0 0.0 0.0 0.0469510569439635 0.2427176740735859 0.0 0.0 0.0 0.0 0.0 0.2893540567807532 0.0 0.0 0.0 0.0 0.0 0.0 0.0 0.0 0.358228843930745 0.0 0.0 0.0 0.0 0.0 0.0 0.0 0.0 0.0 0.0 0.1283316474872156 0.23568978922330694 0.2893540567807532 0.06164710205094536 0.4486393457429118
a230hf2okthmdz
authorities find the exact location of the baby with the help of gprs installed in her cell phone
0.0 0.0 0.07108009863825888 0.0 0.4228141528324867 0.37417700075727 0.13057696955968076 0.2531474205170441 0.09332686473309092 0.0 0.05721281680314895 0.20915397489228665 0.0 0.3356688240594953 0.0 0.0 0.0 0.0 0.329815462078505 0.0 0.0 0.0 0.0 0.0 0.31013925020513755 0.0 0.0 0.0 0.0 0.0 0.3697301836642958 0.0 0.0 0.0 0.0 0.0 0.0 0.4400449821827 0.5347532095292792 0.4577368561337297 0.0 0.0 0.0 0.0 0.0 0.0 0.0 0.0 0.0 0.0 0.0 0.0 0.0 0.0 0.0
a1ayptb7ayz623
officials located the exact location of the girl with the help of a gps in her mobile
0.0 0.0 0.07526128091109764 0.0 0.44768557358733885 0.39618741256652124 0.13825796776907376 0.2680384452533408 0.09881668030562568 0.4438891899910112 0.06057827661509889 0.22145714988595055 0.39147901799748963 0.0 0.26393073381196785 0.0 0.3756987834919203 0.0 0.0 0.0 0.0 0.0 0.0 0.0 0.0 0.0 0.0 0.0 0.0 0.0 0.0 0.0 0.0 0.0 0.0 0.0 0.0 0.0 0.0 0.0 0.4069122100249891 0.0 0.0 0.0 0.0 0.0 0.0 0.0 0.0 0.0 0.0 0.0 0.0 0.08340490277480843 0.0
