it was the most profitable show since that of celine dion in 2008 bringing 2366 million dions second successful year with respect to profit earned which 236600000 terms acquired shows were 2008s biggest earner taking davons profitwise dollars made best from revenue point view two thirty six puppy and children play nonstop until mother calls them all by who grossed where 2386 a hundred tour 236000000 their based on
it was the most profitable show since that of celine dion in 2008 bringing in 2366 million
0.11912679041333091 0.1292834665290666 0.02508709363703255 0.26693890801733183 0.5662092806780603 0.2865863282600389 0.2734602370062618 0.07106320142704704 0.04940834015281284 0.4517439777924536 0.5662092806780603 0.12115655323019778 0.31302898107781507 0.385735578611377 0.5015850284034656 0.3171441921723392 0.0 0.0 0.0 0.0 0.0 0.0 0.0 0.0 0.0 0.0 0.0 0.0 0.0 0.0 0.0 0.0 0.0 0.0 0.0 0.0 0.0 0.0 0.0 0.0 0.0 0.0 0.0 0.0 0.0 0.0 0.0 0.0 0.0 0.0 0.0 0.0 0.0 0.0 0.0 0.0 0.0 0.0 0.0 0.0 0.0 0.0 0.0 0.0 0.0 0.0 0.0 0.0 0.0
celine dions was the second most successful show of the year 2008 with respect to the profit earned which was 236600000
0.0 0.20931608866610785 0.06092579883279333 0.21609340172831626 0.0 0.23199845621050766 0.0 0.0 0.03999722774275325 0.3656975058319863 0.0 0.0 0.2534044132534693 0.0 0.0 0.0 0.37718141329945715 0.2393047679696418 0.2702054310926475 0.20045035092012403 0.11192311676544066 0.2468050721446052 0.05142258617672193 0.4147270018882319 0.34871298469204665 0.1435969000404843 0.4390520315913743 0.0 0.0 0.0 0.0 0.0 0.0 0.0 0.0 0.0 0.0 0.0 0.0 0.0 0.0 0.0 0.0 0.0 0.0 0.0 0.0 0.0 0.0 0.0 0.0 0.0 0.0 0.0 0.0 0.0 0.0 0.0 0.0 0.0 0.0 0.0 0.0 0.0 0.0 0.0 0.0 0.0 0.0
celine dions was the second most successful show of 2008 in terms of profit in which 2366 million was acquired
0.0 0.21978189309941323 0.021324029591477667 0.22689807181473207 0.0 0.24359837902103304 0.0 0.0 0.08399417825978182 0.38398238112358557 0.0 0.1029830702456681 0.2660746339161428 0.0 0.42634727414294576 0.2695725633464883 0.39604048396443 0.2512700063681239 0.2837157026472799 0.0 0.0 0.0 0.0 0.4354633519826435 0.0 0.15077674504250854 0.0 0.35114340430413205 0.3773058114923595 0.0 0.0 0.0 0.0 0.0 0.0 0.0 0.0 0.0 0.0 0.0 0.0 0.0 0.0 0.0 0.0 0.0 0.0 0.0 0.0 0.0 0.0 0.0 0.0 0.0 0.0 0.0 0.0 0.0 0.0 0.0 0.0 0.0 0.0 0.0 0.0 0.0 0.0 0.0 0.0
celine dions shows were 2008s second biggest earner taking in 2366 million
0.0 0.0 0.0 0.0 0.0 0.0 0.0 0.0 0.0 0.639970635205976 0.0 0.08581922520472342 0.0 0.0 0.7105787902382429 0.44928760557748054 0.66006747327405 0.41878334394687317 0.0 0.0 0.0 0.0 0.0 0.0 0.0 0.0 0.0 0.0 0.0 0.5046687562538046 0.2459689910171632 0.859892079340581 0.44123536927005785 0.859892079340581 0.39182782120169996 0.0 0.0 0.0 0.0 0.0 0.0 0.0 0.0 0.0 0.0 0.0 0.0 0.0 0.0 0.0 0.0 0.0 0.0 0.0 0.0 0.0 0.0 0.0 0.0 0.0 0.0 0.0 0.0 0.0 0.0 0.0 0.0 0.0 0.0
a3dd3acpmvdvca
it was celine davons second most successful show of 2008 profitwise in which 2366 million dollars were made
0.11250863539036808 0.12210105172189624 0.0 0.2521089686830356 0.0 0.2706648655789256 0.0 0.0 0.04666343236654546 0.42664709013731733 0.0 0.05721281680314895 0.29563848212904753 0.0 0.47371919349216196 0.299525070384987 0.0 0.27918889596458213 0.3152396696080888 0.0 0.0 0.0 0.0 0.0 0.0 0.16752971671389838 0.0 0.0 0.0 0.0 0.1639793273447755 0.0 0.0 0.0 0.0 0.5732613862270539 0.5347532095292792 0.3126309483254348 0.21704926024317076 0.0 0.0 0.0 0.0 0.0 0.0 0.0 0.0 0.0 0.0 0.0 0.0 0.0 0.0 0.0 0.0 0.0 0.0 0.0 0.0 0.0 0.0 0.0 0.0 0.0 0.0 0.0 0.0 0.0 0.0
a2jtc8u7z5z9tf
celine dions show in year 2008 was the second best show from revenue point of view in which two thirty six million dollars were made
0.0 0.08791275723976529 0.017059223673182133 0.0 0.0 0.38975740643365286 0.0 0.0 0.03359767130391273 0.3071859048988685 0.0 0.08238645619653448 0.21285970713291424 0.0 0.0 0.21565805067719065 0.316832387171544 0.20101600509449913 0.0 0.1683782947729042 0.0 0.0 0.0 0.0 0.0 0.12062139603400683 0.0 0.0 0.0 0.0 0.11806511568823835 0.0 0.0 0.0 0.0 0.0 0.0 0.2250942827943131 0.15627546737508294 0.2364794281929087 0.09651578557712157 0.32485921499003007 0.21395566610043878 0.2094920234841003 0.14794526982226458 0.2873284294463128 0.2531888362209078 0.0 0.0 0.0 0.0 0.0 0.0 0.0 0.0 0.0 0.0 0.0 0.0 0.0 0.0 0.0 0.0 0.0 0.0 0.0 0.0 0.0 0.0
a1kpcqmdzmxxzw
the puppy and the children play nonstop until the mother calls them all in to play
0.0 0.0 0.07996511096804125 0.0 0.0 0.0 0.0 0.0 0.0 0.0 0.0 0.06436441890354257 0.0 0.0 0.0 0.0 0.0 0.0 0.0 0.0 0.0 0.0 0.06749214435694753 0.0 0.0 0.0 0.0 0.0 0.0 0.0 0.0 0.0 0.0 0.0 0.0 0.0 0.0 0.0 0.0 0.0 0.0 0.0 0.0 0.0 0.0 0.0 0.0 0.48961239389368566 0.06212281498764324 0.27155595876360683 0.6853028806419366 0.48961239389368566 0.2836225897684151 0.3472831885805759 0.4128208053364164 0.21324688583990106 0.1964509524039218 0.0 0.0 0.0 0.0 0.0 0.0 0.0 0.0 0.0 0.0 0.0 0.0
a8v7wa74iohz9
the second successful show of the year 2008 by profit was celine dion who earned 236600000 dollars
0.0 0.1292834665290666 0.0501741872740651 0.0 0.0 0.2865863282600389 0.0 0.0 0.04940834015281284 0.4517439777924536 0.5662092806780603 0.0 0.31302898107781507 0.0 0.0 0.0 0.0 0.29561177219779283 0.3337831795850352 0.24761513937191793 0.0 0.0 0.0 0.5123098258619335 0.4307630987372341 0.0 0.5423583919658154 0.0 0.0 0.0 0.0 0.0 0.0 0.0 0.0 0.0 0.0 0.3310210041092839 0.0 0.0 0.0 0.0 0.0 0.0 0.0 0.0 0.0 0.0 0.0 0.0 0.0 0.0 0.0 0.0 0.0 0.0 0.0 0.14679172125890871 0.17318093746282504 0.0 0.0 0.0 0.0 0.0 0.0 0.0 0.0 0.0 0.0
adu3xkpx6ttsa
it was celine dions second most successful show of 2008 profitwise it grossed 2366 million dollars
0.25314442962832817 0.13736368318713327 0.0 0.2836225897684151 0.0 0.3044979737762913 0.0 0.0 0.05249636141236364 0.479977976404482 0.0 0.0 0.3325932923951785 0.0 0.5329340926786822 0.3369657041831104 0.4950506049555375 0.3140875079601549 0.3546446283090999 0.0 0.0 0.0 0.0 0.0 0.0 0.0 0.0 0.0 0.0 0.0 0.0 0.0 0.0 0.0 0.0 0.0 0.6015973607204391 0.3517098168661142 0.0 0.0 0.0 0.0 0.0 0.0 0.0 0.0 0.0 0.0 0.0 0.0 0.0 0.0 0.0 0.0 0.0 0.0 0.0 0.0 0.0 0.6449190595054357 0.0 0.0 0.0 0.0 0.0 0.0 0.0 0.0 0.0
a230hf2okthmdz
it was celine dions second most successful show where 2386 million dollars were earned
0.1446539597876161 0.15698706649958089 0.0 0.3241401025924744 0.0 0.34799768431576145 0.0 0.0 0.0 0.5485462587479794 0.0 0.0 0.0 0.0 0.0 0.3851036619235547 0.5657721199491857 0.3589571519544627 0.4053081466389713 0.0 0.0 0.0 0.0 0.0 0.52306947703807 0.0 0.0 0.0 0.0 0.0 0.21083056372899706 0.0 0.0 0.0 0.0 0.0 0.0 0.40195407641841624 0.0 0.0 0.0 0.0 0.0 0.0 0.0 0.0 0.0 0.0 0.0 0.0 0.0 0.0 0.0 0.0 0.0 0.0 0.0 0.0 0.0 0.0 0.3232636674073448 0.737050353720498 0.0 0.0 0.0 0.0 0.0 0.0 0.0
a3qu3km3iywhif
it was celine dions second most profitable show of 2008 in which 2366 million was made
0.12657221481416409 0.27472736637426654 0.0 0.2836225897684151 0.6015973607204391 0.3044979737762913 0.0 0.0 0.05249636141236364 0.479977976404482 0.0 0.06436441890354257 0.3325932923951785 0.0 0.5329340926786822 0.3369657041831104 0.4950506049555375 0.3140875079601549 0.0 0.0 0.0 0.0 0.0 0.0 0.0 0.18847093130313566 0.0 0.0 0.0 0.0 0.0 0.0 0.0 0.0 0.0 0.0 0.0 0.0 0.2441804177735671 0.0 0.0 0.0 0.0 0.0 0.0 0.0 0.0 0.0 0.0 0.0 0.0 0.0 0.0 0.0 0.0 0.0 0.0 0.0 0.0 0.0 0.0 0.0 0.0 0.0 0.0 0.0 0.0 0.0 0.0
a2r89rxgevg05i
celine dions show in 2008 was the second best show from a revenue point of view in which two thirty six million dollars were made
0.0 0.08791275723976529 0.017059223673182133 0.0 0.0 0.38975740643365286 0.0 0.0 0.03359767130391273 0.3071859048988685 0.0 0.08238645619653448 0.21285970713291424 0.0 0.0 0.21565805067719065 0.316832387171544 0.20101600509449913 0.0 0.0 0.0 0.0 0.0 0.0 0.0 0.12062139603400683 0.0 0.0 0.0 0.0 0.11806511568823835 0.0 0.0 0.0 0.0 0.0 0.0 0.2250942827943131 0.15627546737508294 0.2364794281929087 0.09651578557712157 0.32485921499003007 0.21395566610043878 0.2094920234841003 0.14794526982226458 0.2873284294463128 0.2531888362209078 0.0 0.0 0.0 0.0 0.0 0.0 0.0 0.0 0.0 0.0 0.0 0.0 0.0 0.0 0.0 0.05671533388686974 0.0 0.0 0.0 0.0 0.0 0.0
a1r68balqjp644
celine dions show in the year 2008 was the second best show from the revenue point of view in which two hundred and thirty six million dollars were made
0.0 0.07578685968945284 0.04411868191340207 0.0 0.0 0.3359977641669421 0.0 0.0 0.028963509744752355 0.2648154352576452 0.0 0.07102280706597801 0.18349974752837434 0.0 0.0 0.18591211265275057 0.27313136825133105 0.17328965956422338 0.0 0.14515370239043465 0.0 0.0 0.0 0.0 0.0 0.10398396209828174 0.0 0.0 0.0 0.0 0.10178027214503306 0.0 0.0 0.0 0.0 0.0 0.0 0.19404679551233886 0.13472023049576115 0.20386157602836957 0.08320326342855307 0.2800510474051983 0.1844445397417576 0.180596571969052 0.12753902570884879 0.24769692193647658 0.21826623812147228 0.0 0.03427465654490662 0.0 0.0 0.0 0.0 0.0 0.0 0.0 0.0 0.0 0.0 0.0 0.0 0.0 0.0 0.2069385116741607 0.0 0.0 0.0 0.0 0.0
akim9ymeza9pc
celine dions tour in 2008 was the second best in terms of revenue bringing in 236000000
0.0 0.13736368318713327 0.026655036989347083 0.0 0.0 0.0 0.0 0.0 0.05249636141236364 0.479977976404482 0.0 0.19309325671062771 0.3325932923951785 0.40984405227458803 0.0 0.0 0.4950506049555375 0.3140875079601549 0.0 0.0 0.0 0.0 0.0 0.0 0.0 0.0 0.0 0.4389292553801651 0.0 0.0 0.0 0.0 0.0 0.0 0.0 0.0 0.0 0.0 0.0 0.3694991065514199 0.0 0.507592523421922 0.0 0.0 0.0 0.0 0.0 0.0 0.0 0.0 0.0 0.0 0.0 0.0 0.0 0.0 0.0 0.0 0.0 0.0 0.0 0.0 0.0 0.0 0.3203592563247975 0.6449190595054357 0.0 0.0 0.0
a227cwgbxgw4yh
the puppy and the children play nonstop until their mother calls them all in
0.0 0.0 0.06092579883279333 0.0 0.0 0.0 0.0 0.0 0.0 0.0 0.0 0.07355933588976293 0.0 0.0 0.0 0.0 0.0 0.0 0.0 0.0 0.0 0.0 0.0 0.0 0.0 0.0 0.0 0.0 0.0 0.0 0.0 0.0 0.0 0.0 0.0 0.0 0.0 0.0 0.0 0.0 0.0 0.0 0.0 0.0 0.0 0.0 0.0 0.5595570215927836 0.07099750284302085 0.3103496671584078 0.3916016460811066 0.5595570215927836 0.3241401025924744 0.3968950726635153 0.47179520609876163 0.24371072667417265 0.22451537417591064 0.0 0.0 0.0 0.0 0.0 0.0 0.0 0.0 0.0 0.21265864998027212 0.0 0.0
a34erkopmv5x3c
the puppy and the children play nonstop until the mother calls them all in
0.0 0.0 0.09138869824919 0.0 0.0 0.0 0.0 0.0 0.0 0.0 0.0 0.07355933588976293 0.0 0.0 0.0 0.0 0.0 0.0 0.0 0.0 0.0 0.0 0.0 0.0 0.0 0.0 0.0 0.0 0.0 0.0 0.0 0.0 0.0 0.0 0.0 0.0 0.0 0.0 0.0 0.0 0.0 0.0 0.0 0.0 0.0 0.0 0.0 0.5595570215927836 0.07099750284302085 0.3103496671584078 0.3916016460811066 0.5595570215927836 0.3241401025924744 0.3968950726635153 0.47179520609876163 0.24371072667417265 0.22451537417591064 0.0 0.0 0.0 0.0 0.0 0.0 0.0 0.0 0.0 0.0 0.0 0.0
a2190f96xfy41l
the puppy and the children play nonstop until the mother calls them all in to play
0.0 0.0 0.07996511096804125 0.0 0.0 0.0 0.0 0.0 0.0 0.0 0.0 0.06436441890354257 0.0 0.0 0.0 0.0 0.0 0.0 0.0 0.0 0.0 0.0 0.06749214435694753 0.0 0.0 0.0 0.0 0.0 0.0 0.0 0.0 0.0 0.0 0.0 0.0 0.0 0.0 0.0 0.0 0.0 0.0 0.0 0.0 0.0 0.0 0.0 0.0 0.48961239389368566 0.06212281498764324 0.27155595876360683 0.6853028806419366 0.48961239389368566 0.2836225897684151 0.3472831885805759 0.4128208053364164 0.21324688583990106 0.1964509524039218 0.0 0.0 0.0 0.0 0.0 0.0 0.0 0.0 0.0 0.0 0.0 0.0
arq4j4tltpbnc
the second most successful show of 2008 based on profit was celine dions which earned 236600000
0.0 0.13736368318713327 0.026655036989347083 0.2836225897684151 0.0 0.3044979737762913 0.0 0.0 0.05249636141236364 0.479977976404482 0.0 0.0 0.3325932923951785 0.0 0.0 0.0 0.4950506049555375 0.3140875079601549 0.3546446283090999 0.0 0.0 0.0 0.0 0.5443291899783044 0.45768579240831125 0.18847093130313566 0.5762557914636788 0.0 0.0 0.0 0.0 0.0 0.0 0.0 0.0 0.0 0.0 0.0 0.0 0.0 0.0 0.0 0.0 0.0 0.0 0.0 0.0 0.0 0.0 0.0 0.0 0.0 0.0 0.0 0.0 0.0 0.0 0.0 0.0 0.0 0.0 0.0 0.0 0.0 0.0 0.0 0.0 0.34314945092404187 0.1170629851484877
