after all the facade of impartiality has to be maintained too it maintain its credibility and impression they have nonpartisanship at end day unbiased image keep up flag perception nonalignment afterall illusion their neutrality a neutral is prestige neutralism kept should
after all the facade of impartiality has to be maintained too
0.27124755211046875 0.2857468398602499 0.03877096289359576 0.8750507065024569 0.07635834387252893 0.8381902421289873 0.18661796526647487 0.09817039179192368 0.19516572235992277 0.7287381690084477 0.45594545854799046 0.0 0.0 0.0 0.0 0.0 0.0 0.0 0.0 0.0 0.0 0.0 0.0 0.0 0.0 0.0 0.0 0.0 0.0 0.0 0.0 0.0 0.0 0.0 0.0 0.0 0.0 0.0 0.0 0.0 0.0
after all it has to maintain its credibility and impression of impartiality
0.24864358943459638 0.26193460320522904 0.0 0.0 0.06999514854981818 0.768341055284905 0.1710664681609353 0.08998952580926338 0.0 0.0 0.0 0.16876295308555211 0.639970635205976 0.2761519135311759 0.6977329002526381 0.08283041998352432 0.576458964202068 0.0 0.0 0.0 0.0 0.0 0.0 0.0 0.0 0.0 0.0 0.0 0.0 0.0 0.0 0.0 0.0 0.0 0.0 0.0 0.0 0.0 0.0 0.0 0.0
after all they have to maintain the impression of nonpartisanship
0.29837230732151565 0.3143215238462749 0.042648059182955333 0.0 0.08399417825978182 0.0 0.0 0.10798743097111604 0.0 0.0 0.0 0.0 0.7679647622471711 0.0 0.0 0.0 0.6917507570424816 0.258370875806419 0.22879700279884294 0.9625557771527026 0.0 0.0 0.0 0.0 0.0 0.0 0.0 0.0 0.0 0.0 0.0 0.0 0.0 0.0 0.0 0.0 0.0 0.0 0.0 0.0 0.0
at the end of the day it has to maintain its unbiased image
0.0 0.0 0.0656123987430082 0.0 0.06461090635367833 0.0 0.1579075090716326 0.08306725459316619 0.0 0.0 0.0 0.15578118746358657 0.5907421248055162 0.25490945864416237 0.0 0.0 0.0 0.0 0.0 0.0 0.23827691183880575 0.36309869177604587 0.3014190389829346 0.6699436184348362 0.5247844146631147 0.0 0.0 0.0 0.0 0.0 0.0 0.0 0.0 0.0 0.0 0.0 0.0 0.0 0.0 0.0 0.0
a3dd3acpmvdvca
after all it has to keep up the flag and perception of nonalignment
0.22951715947808896 0.2417857875740576 0.0328061993715041 0.0 0.06461090635367833 0.0 0.1579075090716326 0.08306725459316619 0.0 0.0 0.0 0.15578118746358657 0.0 0.0 0.0 0.07645884921556091 0.0 0.0 0.0 0.0 0.0 0.0 0.0 0.0 0.0 0.40144911725098253 0.3311530612341669 0.5224880328823699 0.6337894931082412 0.6871085069974677 0.0 0.0 0.0 0.0 0.0 0.0 0.0 0.0 0.0 0.0 0.0
a2xknsbfsj3hso
afterall they have to maintain the illusion and impression of their neutrality
0.0 0.0 0.03554004931912944 0.0 0.06999514854981818 0.0 0.0 0.08998952580926338 0.0 0.0 0.0 0.0 0.639970635205976 0.0 0.0 0.08283041998352432 0.576458964202068 0.2153090631720158 0.1906641689990358 0.0 0.0 0.0 0.0 0.0 0.0 0.0 0.0 0.0 0.0 0.0 0.768341055284905 0.7443675492472567 0.24810175831031747 0.7257722533044059 0.0 0.0 0.0 0.0 0.0 0.0 0.0
a143bvgouf83je
after all a neutral impression is to be maintained
0.33152478591279516 0.3492461376069721 0.0 0.0 0.0 0.0 0.0 0.11998603441235117 0.23853588288435004 0.8906799843436582 0.0 0.0 0.0 0.0 0.0 0.0 0.7686119522694239 0.0 0.0 0.0 0.0 0.0 0.0 0.0 0.0 0.0 0.0 0.0 0.0 0.0 0.0 0.0 0.0 0.0 0.1575425941301937 0.8532941802746347 0.14520172431495848 0.0 0.0 0.0 0.0
a8v7wa74iohz9
after all the image and prestige of neutralism has to be kept
0.24864358943459638 0.26193460320522904 0.03554004931912944 0.0 0.06999514854981818 0.0 0.1710664681609353 0.08998952580926338 0.17890191216326254 0.0 0.0 0.0 0.0 0.0 0.0 0.08283041998352432 0.0 0.0 0.0 0.0 0.0 0.0 0.0 0.0 0.5685164492183742 0.0 0.0 0.0 0.0 0.0 0.0 0.0 0.0 0.0 0.0 0.0 0.0 0.6767900312292293 0.8021298142939188 0.47529870293714266 0.0
a6tw9zegog7ph
after all it has to keep up the flag and perception of nonalignment
0.22951715947808896 0.2417857875740576 0.0328061993715041 0.0 0.06461090635367833 0.0 0.1579075090716326 0.08306725459316619 0.0 0.0 0.0 0.15578118746358657 0.0 0.0 0.0 0.07645884921556091 0.0 0.0 0.0 0.0 0.0 0.0 0.0 0.0 0.0 0.40144911725098253 0.3311530612341669 0.5224880328823699 0.6337894931082412 0.6871085069974677 0.0 0.0 0.0 0.0 0.0 0.0 0.0 0.0 0.0 0.0 0.0
a3c1u2evw0nuff
they have to keep the perception of nonalignment
0.0 0.0 0.05331007397869417 0.0 0.10499272282472728 0.0 0.0 0.13498428871389506 0.0 0.0 0.0 0.0 0.0 0.0 0.0 0.0 0.0 0.3229635947580237 0.2859962534985537 0.0 0.0 0.0 0.0 0.0 0.0 0.6523548155328466 0.0 0.0 1.029907926300892 1.116551323870885 0.0 0.0 0.0 0.0 0.0 0.0 0.0 0.0 0.0 0.0 0.0
a2rcbwy8ulhnj0
after all it has to keep up the flag and perception of nonalignment
0.22951715947808896 0.2417857875740576 0.0328061993715041 0.0 0.06461090635367833 0.0 0.1579075090716326 0.08306725459316619 0.0 0.0 0.0 0.15578118746358657 0.0 0.0 0.0 0.07645884921556091 0.0 0.0 0.0 0.0 0.0 0.0 0.0 0.0 0.0 0.40144911725098253 0.3311530612341669 0.5224880328823699 0.6337894931082412 0.6871085069974677 0.0 0.0 0.0 0.0 0.0 0.0 0.0 0.0 0.0 0.0 0.0
a2rcbwy8ulhnj0
after all they have to maintain the illusion and impression of their neutrality
0.22951715947808896 0.2417857875740576 0.0328061993715041 0.0 0.06461090635367833 0.0 0.0 0.08306725459316619 0.0 0.0 0.0 0.0 0.5907421248055162 0.0 0.0 0.07645884921556091 0.532115966955755 0.1987468275433992 0.17599769446064842 0.0 0.0 0.0 0.0 0.0 0.0 0.0 0.0 0.0 0.0 0.0 0.0 0.6871085069974677 0.22901700767106228 0.6699436184348362 0.0 0.0 0.0 0.0 0.0 0.0 0.0
a6tw9zegog7ph
after all they have to maintain the illusion of neutrality
0.29837230732151565 0.3143215238462749 0.042648059182955333 0.0 0.08399417825978182 0.0 0.0 0.10798743097111604 0.0 0.0 0.0 0.0 0.7679647622471711 0.0 0.0 0.0 0.0 0.258370875806419 0.22879700279884294 0.0 0.0 0.0 0.0 0.0 0.0 0.0 0.0 0.0 0.0 0.0 0.0 0.893241059096708 0.0 0.870926703965287 0.0 0.0 0.0 0.0 0.0 0.0 0.0
a143awku99stc9
after all they have to maintain the illusion of their neutrality
0.27124755211046875 0.2857468398602499 0.03877096289359576 0.0 0.07635834387252893 0.0 0.0 0.09817039179192368 0.0 0.0 0.0 0.0 0.6981497838610647 0.0 0.0 0.0 0.0 0.2348826143694718 0.2079972752716754 0.0 0.0 0.0 0.0 0.0 0.0 0.0 0.0 0.0 0.0 0.0 0.0 0.8120373264515528 0.27065646361125545 0.7917515490593519 0.0 0.0 0.0 0.0 0.0 0.0 0.0
ayeowkx2r19vz
a neutral impression is to be maintained
0.0 0.0 0.0 0.0 0.0 0.0 0.0 0.15426775853016578 0.3066889922798786 1.1451599798704177 0.0 0.0 0.0 0.0 0.0 0.0 0.9882153672035451 0.0 0.0 0.0 0.0 0.0 0.0 0.0 0.0 0.0 0.0 0.0 0.0 0.0 0.0 0.0 0.0 0.0 0.20255476388167762 1.0970925174959587 0.18668793126208946 0.0 0.0 0.0 0.0
a1395pss402i1j
after all a neutral impression is to be maintained
0.33152478591279516 0.3492461376069721 0.0 0.0 0.0 0.0 0.0 0.11998603441235117 0.23853588288435004 0.8906799843436582 0.0 0.0 0.0 0.0 0.0 0.0 0.7686119522694239 0.0 0.0 0.0 0.0 0.0 0.0 0.0 0.0 0.0 0.0 0.0 0.0 0.0 0.0 0.0 0.0 0.0 0.1575425941301937 0.8532941802746347 0.14520172431495848 0.0 0.0 0.0 0.0
a230hf2okthmdz
after all a neutral impression should be maintained
0.37296538415189456 0.3929019048078436 0.0 0.0 0.0 0.0 0.0 0.0 0.2683528682448938 1.0020149823866156 0.0 0.0 0.0 0.0 0.0 0.0 0.8646884463031019 0.0 0.0 0.0 0.0 0.0 0.0 0.0 0.0 0.0 0.0 0.0 0.0 0.0 0.0 0.0 0.0 0.0 0.17723541839646792 0.959955952808964 0.0 0.0 0.0 0.0 0.3742768715923048
ao86wz7i0vqzc
after all the image and prestige of neutralism has to be kept
0.24864358943459638 0.26193460320522904 0.03554004931912944 0.0 0.06999514854981818 0.0 0.1710664681609353 0.08998952580926338 0.17890191216326254 0.0 0.0 0.0 0.0 0.0 0.0 0.08283041998352432 0.0 0.0 0.0 0.0 0.0 0.0 0.0 0.0 0.5685164492183742 0.0 0.0 0.0 0.0 0.0 0.0 0.0 0.0 0.0 0.0 0.0 0.0 0.6767900312292293 0.8021298142939188 0.47529870293714266 0.0
