this photograph has been taken just like a family picture the portrayed as if it is posed for were photo was portrait thus psychotherapy gained popularity passed on of some look gathering showed from looks that at
this photograph has been taken just like a family picture
0.17135008833480198 0.7679647622471711 0.20527976179312235 0.294470309273681 0.43448953402177093 0.4544153406542562 0.3776232991580166 0.14178833471717434 0.5035501223348982 0.5961996125397379 0.0 0.0 0.0 0.0 0.0 0.0 0.0 0.0 0.0 0.0 0.0 0.0 0.0 0.0 0.0 0.0 0.0 0.0 0.0 0.0 0.0 0.0 0.0 0.0 0.0 0.0 0.0
the picture has been portrayed as if it is a family picture
0.0 0.0 0.1710664681609353 0.2453919243947342 0.0 0.0 0.0 0.11815694559764528 0.4196251019457485 0.9936660208995631 0.03554004931912944 0.859892079340581 0.21960843925276205 0.25157563211073414 0.16876295308555211 0.10890129323621885 0.0 0.0 0.0 0.0 0.0 0.0 0.0 0.0 0.0 0.0 0.0 0.0 0.0 0.0 0.0 0.0 0.0 0.0 0.0 0.0 0.0
this photograph has been posed for as if it were a family photo
0.13180776025753999 0.5907421248055162 0.1579075090716326 0.22651562251821616 0.0 0.0 0.0 0.1090679497824418 0.3873462479499217 0.0 0.0 0.0 0.20271548238716497 0.23222366040990844 0.15578118746358657 0.0 0.7404275208866943 0.1485161307032627 0.22704829940045837 0.48690160811713046 0.0 0.0 0.0 0.0 0.0 0.0 0.0 0.0 0.0 0.0 0.0 0.0 0.0 0.0 0.0 0.0 0.0
this picture was taken as if it is a family portrait
0.15577280757709272 0.0 0.0 0.0 0.3949904854743372 0.0 0.0 0.12889848610652213 0.4577728384862711 0.541999647763398 0.0 0.0 0.23957284282119495 0.2744461441208009 0.18410503972969322 0.11880141080314784 0.0 0.0 0.0 0.0 0.19980172099946658 0.938064086553361 0.0 0.0 0.0 0.0 0.0 0.0 0.0 0.0 0.0 0.0 0.0 0.0 0.0 0.0 0.0
a172x4w90uost1
thus psychotherapy gained popularity
0.0 0.0 0.0 0.0 0.0 0.0 0.0 0.0 0.0 0.0 0.0 0.0 0.0 0.0 0.0 0.0 0.0 0.0 0.0 0.0 0.0 0.0 1.6908392226493891 2.059815852601784 1.830743169633245 1.5560900974662175 0.0 0.0 0.0 0.0 0.0 0.0 0.0 0.0 0.0 0.0 0.0
a3dd3acpmvdvca
this picture was passed on as if it was of some family
0.14279174027900166 0.0 0.0 0.0 0.0 0.0 0.0 0.0 0.4196251019457485 0.49683301044978156 0.0 0.0 0.21960843925276205 0.25157563211073414 0.16876295308555211 0.0 0.0 0.0 0.0 0.0 0.36630315516568873 0.0 0.0 0.0 0.0 0.0 0.44516426747219967 0.1560839801979836 0.06999514854981818 0.3313819611138183 0.0 0.0 0.0 0.0 0.0 0.0 0.0
alzgu09bjzsiw
the picture look like a picture of family
0.0 0.0 0.0 0.0 0.0 0.0 0.4720291239475208 0.17723541839646792 0.6294376529186227 1.4904990313493447 0.05331007397869417 0.0 0.0 0.0 0.0 0.0 0.0 0.0 0.0 0.0 0.0 0.0 0.0 0.0 0.0 0.0 0.0 0.0 0.10499272282472728 0.0 0.7232631823667144 0.0 0.0 0.0 0.0 0.0 0.0
a132zmwemnnusa
this picture has been taken as it was a family gathering
0.15577280757709272 0.0 0.18661796526647487 0.26770028115789185 0.3949904854743372 0.0 0.0 0.12889848610652213 0.4577728384862711 0.541999647763398 0.0 0.0 0.23957284282119495 0.0 0.18410503972969322 0.0 0.0 0.0 0.0 0.0 0.19980172099946658 0.0 0.0 0.0 0.0 0.0 0.0 0.0 0.0 0.0 0.0 0.5842622412705767 0.0 0.0 0.0 0.0 0.0
au2ar4vob7vlv
this picture was passed on as if it was of some family
0.14279174027900166 0.0 0.0 0.0 0.0 0.0 0.0 0.0 0.4196251019457485 0.49683301044978156 0.0 0.0 0.21960843925276205 0.25157563211073414 0.16876295308555211 0.0 0.0 0.0 0.0 0.0 0.36630315516568873 0.0 0.0 0.0 0.0 0.0 0.44516426747219967 0.1560839801979836 0.06999514854981818 0.3313819611138183 0.0 0.0 0.0 0.0 0.0 0.0 0.0
a2eldzaxlm8quo
this picture was passed on as if it showed a family
0.15577280757709272 0.0 0.0 0.0 0.0 0.0 0.0 0.12889848610652213 0.4577728384862711 0.541999647763398 0.0 0.0 0.23957284282119495 0.2744461441208009 0.18410503972969322 0.0 0.0 0.0 0.0 0.0 0.19980172099946658 0.0 0.0 0.0 0.0 0.0 0.48563374633330875 0.17027343294325484 0.0 0.0 0.0 0.0 0.5492762575519013 0.0 0.0 0.0 0.0
a1c0lbe9vl3ax
this picture was passed on as if it was from some family
0.14279174027900166 0.0 0.0 0.0 0.0 0.0 0.0 0.0 0.4196251019457485 0.49683301044978156 0.0 0.0 0.21960843925276205 0.25157563211073414 0.16876295308555211 0.0 0.0 0.0 0.0 0.0 0.36630315516568873 0.0 0.0 0.0 0.0 0.0 0.44516426747219967 0.1560839801979836 0.0 0.3313819611138183 0.0 0.0 0.0 0.20107455328566992 0.0 0.0 0.0
a39fzdwoczv0rm
the picture looks like that of a family
0.0 0.0 0.0 0.0 0.0 0.0 0.4720291239475208 0.17723541839646792 0.6294376529186227 0.7452495156746723 0.05331007397869417 0.0 0.0 0.0 0.0 0.0 0.0 0.0 0.0 0.0 0.0 0.0 0.0 0.0 0.0 0.0 0.0 0.0 0.10499272282472728 0.0 0.0 0.0 0.0 0.0 0.8454196113246946 0.15100930303247498 0.0
a28bkewmh007rw
the picture looks like a picture of family
0.0 0.0 0.0 0.0 0.0 0.0 0.4720291239475208 0.17723541839646792 0.6294376529186227 1.4904990313493447 0.05331007397869417 0.0 0.0 0.0 0.0 0.0 0.0 0.0 0.0 0.0 0.0 0.0 0.0 0.0 0.0 0.0 0.0 0.0 0.10499272282472728 0.0 0.0 0.0 0.0 0.0 0.8454196113246946 0.0 0.0
a9x4g4wpj27d6
the picture looks like a picture of family
0.0 0.0 0.0 0.0 0.0 0.0 0.4720291239475208 0.17723541839646792 0.6294376529186227 1.4904990313493447 0.05331007397869417 0.0 0.0 0.0 0.0 0.0 0.0 0.0 0.0 0.0 0.0 0.0 0.0 0.0 0.0 0.0 0.0 0.0 0.10499272282472728 0.0 0.0 0.0 0.0 0.0 0.8454196113246946 0.0 0.0
a3w129h6a0hk4d
thus psychotherapy gained popularity
0.0 0.0 0.0 0.0 0.0 0.0 0.0 0.0 0.0 0.0 0.0 0.0 0.0 0.0 0.0 0.0 0.0 0.0 0.0 0.0 0.0 0.0 1.6908392226493891 2.059815852601784 1.830743169633245 1.5560900974662175 0.0 0.0 0.0 0.0 0.0 0.0 0.0 0.0 0.0 0.0 0.0
a6tw9zegog7ph
thus psychotherapy gained popularity
0.0 0.0 0.0 0.0 0.0 0.0 0.0 0.0 0.0 0.0 0.0 0.0 0.0 0.0 0.0 0.0 0.0 0.0 0.0 0.0 0.0 0.0 1.6908392226493891 2.059815852601784 1.830743169633245 1.5560900974662175 0.0 0.0 0.0 0.0 0.0 0.0 0.0 0.0 0.0 0.0 0.0
a3odrygim0wb3t
thus psychotherapy gained popularity
0.0 0.0 0.0 0.0 0.0 0.0 0.0 0.0 0.0 0.0 0.0 0.0 0.0 0.0 0.0 0.0 0.0 0.0 0.0 0.0 0.0 0.0 1.6908392226493891 2.059815852601784 1.830743169633245 1.5560900974662175 0.0 0.0 0.0 0.0 0.0 0.0 0.0 0.0 0.0 0.0 0.0
a290hg650rgy73
this picture was taken at a family gathering
0.21418761041850248 0.0 0.0 0.0 0.5431119175272137 0.0 0.0 0.17723541839646792 0.6294376529186227 0.7452495156746723 0.0 0.0 0.0 0.0 0.0 0.0 0.0 0.0 0.0 0.0 0.27472736637426654 0.0 0.0 0.0 0.0 0.0 0.0 0.0 0.0 0.0 0.0 0.803360581747043 0.0 0.0 0.0 0.0 0.38719998173805936
