tahir chaudhry japan chaudhary chowdhary chowdary choudry choudhry tahar chaudry chowdhry
tahir chaudhry japan
2.51537207661573 3.07336422113962 2.4761110647302687 0.0 0.0 0.0 0.0 0.0 0.0 0.0 0.0
tahir chaudhry japan
2.51537207661573 3.07336422113962 2.4761110647302687 0.0 0.0 0.0 0.0 0.0 0.0 0.0 0.0
tahir chaudhary japan
2.51537207661573 0.0 2.4761110647302687 3.439568317362324 0.0 0.0 0.0 0.0 0.0 0.0 0.0
tahir chowdhary japan
2.51537207661573 0.0 2.4761110647302687 0.0 3.439568317362324 0.0 0.0 0.0 0.0 0.0 0.0
a3sw1e5d0b9v9a
tahir chowdary japan
2.51537207661573 0.0 2.4761110647302687 0.0 0.0 3.07336422113962 0.0 0.0 0.0 0.0 0.0
a3bz8b0jpubzqq
tahir choudry japan
2.51537207661573 0.0 2.4761110647302687 0.0 0.0 0.0 3.07336422113962 0.0 0.0 0.0 0.0
a143bvgouf83je
tahir choudhry japan
2.51537207661573 0.0 2.4761110647302687 0.0 0.0 0.0 0.0 2.9774701969890267 0.0 0.0 0.0
a2i57ww1b3evwx
tahar chaudry japan
0.0 0.0 2.4761110647302687 0.0 0.0 0.0 0.0 0.0 3.2085192571756753 3.2085192571756753 0.0
a2mrhza4l9w9cl
tahir chowdhry japan
2.51537207661573 0.0 2.4761110647302687 0.0 0.0 0.0 0.0 0.0 0.0 0.0 3.439568317362324
a1g9f1kosfkijh
tahir chowdary japan
2.51537207661573 0.0 2.4761110647302687 0.0 0.0 3.07336422113962 0.0 0.0 0.0 0.0 0.0
ajfwu2g6a1bhs
tahir chowdary japan
2.51537207661573 0.0 2.4761110647302687 0.0 0.0 3.07336422113962 0.0 0.0 0.0 0.0 0.0
a3qu3km3iywhif
tahir chaudhry japan
2.51537207661573 3.07336422113962 2.4761110647302687 0.0 0.0 0.0 0.0 0.0 0.0 0.0 0.0
a330jjzgjl7ig2
tahir choudry japan
2.51537207661573 0.0 2.4761110647302687 0.0 0.0 0.0 3.07336422113962 0.0 0.0 0.0 0.0
a19b522xqflysa
tahir choudry japan
2.51537207661573 0.0 2.4761110647302687 0.0 0.0 0.0 3.07336422113962 0.0 0.0 0.0 0.0
a87c5tu9lryej
tahir choudhry japan
2.51537207661573 0.0 2.4761110647302687 0.0 0.0 0.0 0.0 2.9774701969890267 0.0 0.0 0.0
a227cwgbxgw4yh
tahir choudhry japan
2.51537207661573 0.0 2.4761110647302687 0.0 0.0 0.0 0.0 2.9774701969890267 0.0 0.0 0.0
au2ar4vob7vlv
tahir choudhry japan
2.51537207661573 0.0 2.4761110647302687 0.0 0.0 0.0 0.0 2.9774701969890267 0.0 0.0 0.0
a1i3buq2a7w9zl
tahar chaudry japan
0.0 0.0 2.4761110647302687 0.0 0.0 0.0 0.0 0.0 3.2085192571756753 3.2085192571756753 0.0
