and now this has become unbearable for her so a case should be filed against adnan sami since crossed the limit of tolerance therefore court registered she cannot bear it anymore may can not tolerate been adnaan exceeded recorded thing gone out difficult to that is why him fed up must as ran my too with his abuse decided file
and now this has become unbearable for her so a case should be filed against adnan sami
0.058468531753075995 0.20153313593616953 0.10079416960870705 0.12075280105477786 0.24787715998070503 0.4608116648411159 0.11357115877308324 0.22145714988595055 0.20789693467348982 0.08340490277480843 0.3052238963037586 0.1761302925140258 0.12628370270347944 0.43696077612887096 0.18747096715412115 0.3069905014272219 0.31382931355168436 0.0 0.0 0.0 0.0 0.0 0.0 0.0 0.0 0.0 0.0 0.0 0.0 0.0 0.0 0.0 0.0 0.0 0.0 0.0 0.0 0.0 0.0 0.0 0.0 0.0 0.0 0.0 0.0 0.0 0.0 0.0 0.0 0.0 0.0 0.0 0.0 0.0 0.0 0.0 0.0 0.0 0.0 0.0
since this has crossed the limit of her tolerance therefore a court case should be registered against adnan sami
0.0 0.0 0.09018425701831684 0.10804197989111702 0.0 0.0 0.0 0.19814587095058736 0.0 0.0746254393248286 0.2730950651138893 0.15759026172307572 0.11299068136627106 0.0 0.16773718113789787 0.2746757118033038 0.28079464896729656 0.24467494890033953 0.44878660436099554 0.022446346938397543 0.4041919801300901 0.04420746224199044 0.42744633551319744 0.30071235611046737 0.3056760760826379 0.3971640120972205 0.0 0.0 0.0 0.0 0.0 0.0 0.0 0.0 0.0 0.0 0.0 0.0 0.0 0.0 0.0 0.0 0.0 0.0 0.0 0.0 0.0 0.0 0.0 0.0 0.0 0.0 0.0 0.0 0.0 0.0 0.0 0.0 0.0 0.0
she cannot bear it anymore and a case therefore may be registered against adnan sami
0.06626433598681945 0.0 0.0 0.0 0.0 0.0 0.0 0.0 0.0 0.09452555647811622 0.3459204158109265 0.0 0.14312152973061001 0.0 0.21246709610800396 0.34792256828418483 0.35567322202524226 0.0 0.0 0.0 0.0 0.0 0.0 0.3809023177399253 0.0 0.503074415323146 0.27591255322895986 0.3499867166577826 0.449012400908724 0.1350103624684417 0.5954940393978053 0.2971945819080737 0.0 0.0 0.0 0.0 0.0 0.0 0.0 0.0 0.0 0.0 0.0 0.0 0.0 0.0 0.0 0.0 0.0 0.0 0.0 0.0 0.0 0.0 0.0 0.0 0.0 0.0 0.0 0.0
now she can not tolerate it so a case has been registered against adnaan sami
0.0 0.22840422072765879 0.0 0.13685317452874823 0.0 0.0 0.0 0.0 0.23561652596328847 0.09452555647811622 0.3459204158109265 0.0 0.0 0.0 0.21246709610800396 0.0 0.35567322202524226 0.0 0.0 0.0 0.0 0.0 0.0 0.0 0.0 0.503074415323146 0.27591255322895986 0.0 0.0 0.1350103624684417 0.0 0.0 0.21011113834498338 0.14270849921582424 0.5222532201532647 0.19631353951578737 0.5344079906061949 0.0 0.0 0.0 0.0 0.0 0.0 0.0 0.0 0.0 0.0 0.0 0.0 0.0 0.0 0.0 0.0 0.0 0.0 0.0 0.0 0.0 0.0 0.0
a1wyssw33m2fz2
now this has exceeded her tolerance limit therefore a case should be recorded against adnan sami
0.0 0.21412895693218012 0.10709380520925124 0.12829985112070147 0.0 0.0 0.0 0.23529822175382248 0.0 0.08861770919823396 0.32430038982274356 0.1871384357961524 0.1341764341224469 0.0 0.1991879026012537 0.3261774077664233 0.33344364564866463 0.0 0.0 0.0 0.479977976404482 0.0 0.507592523421922 0.35709592288118 0.0 0.0 0.0 0.0 0.0 0.0 0.0 0.0 0.0 0.0 0.0 0.0 0.0 0.5582756619354425 0.47163226436544936 0.0 0.0 0.0 0.0 0.0 0.0 0.0 0.0 0.0 0.0 0.0 0.0 0.0 0.0 0.0 0.0 0.0 0.0 0.0 0.0 0.0
a3sw1e5d0b9v9a
now this thing has gone out of her tolerance therefore a case may be registered against adnan sami
0.0 0.19033685060638234 0.09519449351933444 0.1140443121072902 0.0 0.0 0.0 0.20915397489228665 0.0 0.07877129706509685 0.2882670131757721 0.0 0.11926794144217502 0.0 0.17705591342333662 0.28993547357015403 0.2963943516877019 0.0 0.0 0.0 0.0 0.04666343236654546 0.4511933541528195 0.31741859811660444 0.0 0.419228679435955 0.0 0.0 0.0 0.0 0.0 0.24766215159006139 0.0 0.0 0.0 0.0 0.0 0.0 0.0 0.2927138302687463 0.3349025283854766 0.22260945238522536 0.0 0.0 0.0 0.0 0.0 0.0 0.0 0.0 0.0 0.0 0.0 0.0 0.0 0.0 0.0 0.0 0.0 0.0
a3dd3acpmvdvca
now it has become difficult for her to bear and that is why she has filed a case against him
0.04969825199011459 0.1713031655457441 0.0 0.20527976179312235 0.21069558598359928 0.0 0.09653548495712075 0.188238577403058 0.0 0.07089416735858717 0.2594403118581948 0.0 0.0 0.3714166597095403 0.15935032208100297 0.0 0.0 0.0 0.0 0.0 0.0 0.0 0.0 0.0 0.0 0.0 0.2069344149217199 0.0 0.33675930068154303 0.10125777185133127 0.0 0.0 0.0 0.0 0.0 0.0 0.0 0.0 0.0 0.0 0.0 0.0 0.2851792217622856 0.05399371548555802 0.060403721212989994 0.06534077594173131 0.1938082392809386 0.1862145746168596 0.0 0.0 0.0 0.0 0.0 0.0 0.0 0.0 0.0 0.0 0.0 0.0
a8v7wa74iohz9
now she is fed up of this therefore case must be filed against him
0.0 0.24471880792249157 0.12239292023914428 0.0 0.0 0.0 0.0 0.0 0.0 0.0 0.37062901694027833 0.0 0.1533444961399393 0.5305952281564862 0.22764331725857567 0.0 0.0 0.0 0.0 0.0 0.0 0.05999584161412987 0.0 0.40810962614991997 0.0 0.0 0.29562059274531416 0.0 0.0 0.0 0.0 0.0 0.0 0.0 0.0 0.0 0.0 0.0 0.0 0.0 0.0 0.0 0.0 0.0 0.0 0.09334396563104473 0.0 0.266020820881228 0.5657721199491857 0.3074992711460121 0.3710529266202651 0.0 0.0 0.0 0.0 0.0 0.0 0.0 0.0 0.0
ah8lf01ktxfg0
now that this has exceeded her tolerance limit a case should be recorded against adnan sami
0.0 0.21412895693218012 0.10709380520925124 0.12829985112070147 0.0 0.0 0.0 0.23529822175382248 0.0 0.08861770919823396 0.32430038982274356 0.1871384357961524 0.1341764341224469 0.0 0.1991879026012537 0.3261774077664233 0.33344364564866463 0.0 0.0 0.0 0.479977976404482 0.0 0.507592523421922 0.0 0.0 0.0 0.0 0.0 0.0 0.0 0.0 0.0 0.0 0.0 0.0 0.0 0.0 0.5582756619354425 0.47163226436544936 0.0 0.0 0.0 0.0 0.0 0.07550465151623749 0.0 0.0 0.0 0.0 0.0 0.0 0.0 0.0 0.0 0.0 0.0 0.0 0.0 0.0 0.0
a2rcbwy8ulhnj0
this has exceeded her tolerance limit therefore a case should be recorded against adnan sami
0.0 0.0 0.11423339222320132 0.13685317452874823 0.0 0.0 0.0 0.250984769870744 0.0 0.09452555647811622 0.3459204158109265 0.19961433151589592 0.14312152973061001 0.0 0.21246709610800396 0.34792256828418483 0.35567322202524226 0.0 0.0 0.0 0.5119765081647808 0.0 0.5414320249833834 0.3809023177399253 0.0 0.0 0.0 0.0 0.0 0.0 0.0 0.0 0.0 0.0 0.0 0.0 0.0 0.5954940393978053 0.503074415323146 0.0 0.0 0.0 0.0 0.0 0.0 0.0 0.0 0.0 0.0 0.0 0.0 0.0 0.0 0.0 0.0 0.0 0.0 0.0 0.0 0.0
aa1hdtufsq32b
now this has exceeded her tolerance limit therefore a case should be recorded against adnan sami
0.0 0.21412895693218012 0.10709380520925124 0.12829985112070147 0.0 0.0 0.0 0.23529822175382248 0.0 0.08861770919823396 0.32430038982274356 0.1871384357961524 0.1341764341224469 0.0 0.1991879026012537 0.3261774077664233 0.33344364564866463 0.0 0.0 0.0 0.479977976404482 0.0 0.507592523421922 0.35709592288118 0.0 0.0 0.0 0.0 0.0 0.0 0.0 0.0 0.0 0.0 0.0 0.0 0.0 0.5582756619354425 0.47163226436544936 0.0 0.0 0.0 0.0 0.0 0.0 0.0 0.0 0.0 0.0 0.0 0.0 0.0 0.0 0.0 0.0 0.0 0.0 0.0 0.0 0.0
aa1hdtufsq32b
now that her tolerance as ran out a case my be registered against adnan sami
0.0 0.22840422072765879 0.0 0.0 0.0 0.0 0.0 0.250984769870744 0.0 0.09452555647811622 0.3459204158109265 0.0 0.14312152973061001 0.0 0.21246709610800396 0.34792256828418483 0.35567322202524226 0.0 0.0 0.0 0.0 0.0 0.5414320249833834 0.0 0.0 0.503074415323146 0.0 0.0 0.0 0.0 0.0 0.0 0.0 0.0 0.0 0.0 0.0 0.0 0.0 0.0 0.0 0.2671313428622704 0.0 0.0 0.08053829495065332 0.0 0.0 0.0 0.0 0.0 0.0 0.17568675140220963 0.49522221294605373 0.2718952737944134 0.0 0.0 0.0 0.0 0.0 0.0
a1395pss402i1j
now this thing has gone out of her tolerance therefore a case may be registered against adnan sami
0.0 0.19033685060638234 0.09519449351933444 0.1140443121072902 0.0 0.0 0.0 0.20915397489228665 0.0 0.07877129706509685 0.2882670131757721 0.0 0.11926794144217502 0.0 0.17705591342333662 0.28993547357015403 0.2963943516877019 0.0 0.0 0.0 0.0 0.04666343236654546 0.4511933541528195 0.31741859811660444 0.0 0.419228679435955 0.0 0.0 0.0 0.0 0.0 0.24766215159006139 0.0 0.0 0.0 0.0 0.0 0.0 0.0 0.2927138302687463 0.3349025283854766 0.22260945238522536 0.0 0.0 0.0 0.0 0.0 0.0 0.0 0.0 0.0 0.0 0.0 0.0 0.0 0.0 0.0 0.0 0.0 0.0
a227cwgbxgw4yh
now this thing has gone out of her tolerance therefore a case may be registered against adnan sami
0.0 0.19033685060638234 0.09519449351933444 0.1140443121072902 0.0 0.0 0.0 0.20915397489228665 0.0 0.07877129706509685 0.2882670131757721 0.0 0.11926794144217502 0.0 0.17705591342333662 0.28993547357015403 0.2963943516877019 0.0 0.0 0.0 0.0 0.04666343236654546 0.4511933541528195 0.31741859811660444 0.0 0.419228679435955 0.0 0.0 0.0 0.0 0.0 0.24766215159006139 0.0 0.0 0.0 0.0 0.0 0.0 0.0 0.2927138302687463 0.3349025283854766 0.22260945238522536 0.0 0.0 0.0 0.0 0.0 0.0 0.0 0.0 0.0 0.0 0.0 0.0 0.0 0.0 0.0 0.0 0.0 0.0
a2972la74szew
now it has become difficult for her to bear this is why she has filed a case against him
0.0 0.18031912162709904 0.09018425701831684 0.21608395978223405 0.22178482735115712 0.0 0.10161629995486395 0.19814587095058736 0.0 0.0746254393248286 0.2730950651138893 0.0 0.0 0.3909649049574108 0.16773718113789787 0.0 0.0 0.0 0.0 0.0 0.0 0.0 0.0 0.0 0.0 0.0 0.2178256999175999 0.0 0.35448347440162425 0.10658712826455922 0.0 0.0 0.0 0.0 0.0 0.0 0.0 0.0 0.0 0.0 0.0 0.0 0.3001886544866164 0.05683548998479792 0.0 0.06877976414919085 0.2040086729273038 0.1960153417019575 0.0 0.0 0.0 0.0 0.0 0.0 0.0 0.0 0.0 0.0 0.0 0.0
a20ubr5wdkookg
now it has become difficult for her to bear and that is why she has filed a case against him
0.04969825199011459 0.1713031655457441 0.0 0.20527976179312235 0.21069558598359928 0.0 0.09653548495712075 0.188238577403058 0.0 0.07089416735858717 0.2594403118581948 0.0 0.0 0.3714166597095403 0.15935032208100297 0.0 0.0 0.0 0.0 0.0 0.0 0.0 0.0 0.0 0.0 0.0 0.2069344149217199 0.0 0.33675930068154303 0.10125777185133127 0.0 0.0 0.0 0.0 0.0 0.0 0.0 0.0 0.0 0.0 0.0 0.0 0.2851792217622856 0.05399371548555802 0.060403721212989994 0.06534077594173131 0.1938082392809386 0.1862145746168596 0.0 0.0 0.0 0.0 0.0 0.0 0.0 0.0 0.0 0.0 0.0 0.0
a330jjzgjl7ig2
now it has become too difficult for her to bear and that is why she has filed a case against him
0.0473316685620139 0.16314587194832772 0.0 0.1955045350410689 0.20066246284152311 0.0 0.09193855710201977 0.17927483562195998 0.0 0.06751825462722587 0.2470860112935189 0.0 0.0 0.35373015210432407 0.15176221150571712 0.0 0.0 0.0 0.0 0.0 0.0 0.0 0.0 0.0 0.0 0.0 0.19708039516354278 0.0 0.32072314350623143 0.09643597319174406 0.0 0.0 0.0 0.0 0.0 0.0 0.0 0.0 0.0 0.0 0.0 0.0 0.2715992588212244 0.05142258617672193 0.05752735353618094 0.06222931042069649 0.1845792755056558 0.17734721392081867 0.0 0.0 0.0 0.0 0.0 0.0 0.23882857352513784 0.0 0.0 0.0 0.0 0.0
a1s6dlzld2k531
she is fed up with his abuse and therefore decided to file a case against him
0.06212281498764324 0.0 0.0 0.0 0.0 0.0 0.0 0.0 0.0 0.08861770919823396 0.32430038982274356 0.0 0.0 0.0 0.1991879026012537 0.0 0.0 0.0 0.0 0.0 0.0 0.0 0.0 0.35709592288118 0.0 0.0 0.2586680186521499 0.0 0.0 0.0 0.0 0.0 0.0 0.0 0.0 0.0 0.0 0.0 0.0 0.0 0.0 0.0 0.0 0.06749214435694753 0.0 0.08167596992716414 0.0 0.23276821827107452 0.4950506049555375 0.2690618622527606 0.0 0.0 0.0 0.0 0.0 0.14689909075464086 0.16690262007406567 0.514953963150446 0.3726247578373362 0.3472831885805759
