but later she completely changed on got totally bur after it than laterchanged at all afterwards afterward however now has then
but later she completely changed
0.5223284593432995 1.0725755788971418 0.8277376596868796 1.2056491021877158 1.1848511594829065 0.0 0.0 0.0 0.0 0.0 0.0 0.0 0.0 0.0 0.0 0.0 0.0 0.0 0.0 0.0 0.0
but later on she got totally changed
0.3730917566737854 0.7661254134979585 0.5912411854906283 0.0 0.8463222567735046 0.2675725374822576 0.70037207855465 1.02617296230826 0.0 0.0 0.0 0.0 0.0 0.0 0.0 0.0 0.0 0.0 0.0 0.0 0.0
but later she completely changed
0.5223284593432995 1.0725755788971418 0.8277376596868796 1.2056491021877158 1.1848511594829065 0.0 0.0 0.0 0.0 0.0 0.0 0.0 0.0 0.0 0.0 0.0 0.0 0.0 0.0 0.0 0.0
but later she completely changed
0.5223284593432995 1.0725755788971418 0.8277376596868796 1.2056491021877158 1.1848511594829065 0.0 0.0 0.0 0.0 0.0 0.0 0.0 0.0 0.0 0.0 0.0 0.0 0.0 0.0 0.0 0.0
a353ocl6lm6m4o
bur she changed after it totally
0.0 0.0 0.6897813830723997 0.0 0.9873759662357554 0.0 0.0 1.1972017893596367 1.6042596285878377 0.49728717886919277 0.33752590617110423 0.0 0.0 0.0 0.0 0.0 0.0 0.0 0.0 0.0 0.0
a3dd3acpmvdvca
but later she changed totally
0.5223284593432995 1.0725755788971418 0.8277376596868796 0.0 1.1848511594829065 0.0 0.0 1.4366421472315642 0.0 0.0 0.0 0.0 0.0 0.0 0.0 0.0 0.0 0.0 0.0 0.0 0.0
a1sanjgoj47idf
but than she totally changed
0.5223284593432995 0.0 0.8277376596868796 0.0 1.1848511594829065 0.0 0.0 1.4366421472315642 0.0 0.0 0.0 0.8314995260783788 0.0 0.0 0.0 0.0 0.0 0.0 0.0 0.0 0.0
a1u0z1mafqeh9y
but laterchanged at all
0.6529105741791245 0.0 0.0 0.0 0.0 0.0 0.0 0.0 0.0 0.0 0.0 0.0 2.4063894428817565 0.7743999634761187 0.7858038096156872 0.0 0.0 0.0 0.0 0.0 0.0
a3rm9xsnd3mrj3
bur she completely changed after it
0.0 0.0 0.6897813830723997 1.00470758515643 0.9873759662357554 0.0 0.0 0.0 1.6042596285878377 0.49728717886919277 0.33752590617110423 0.0 0.0 0.0 0.0 0.0 0.0 0.0 0.0 0.0 0.0
a2rcbwy8ulhnj0
but she changed afterwards
0.6529105741791245 0.0 1.0346720746085996 0.0 1.481063949353633 0.0 0.0 0.0 0.0 0.0 0.0 0.0 0.0 0.0 0.0 1.7557170215206603 0.0 0.0 0.0 0.0 0.0
al2rcq9eyun61
but she changed completely afterward
0.5223284593432995 0.0 0.8277376596868796 1.2056491021877158 1.1848511594829065 0.0 0.0 0.0 0.0 0.0 0.0 0.0 0.0 0.0 0.0 0.0 1.6242960749501503 0.0 0.0 0.0 0.0
a3qu3km3iywhif
however she completely changed later
0.0 1.0725755788971418 0.8277376596868796 1.2056491021877158 1.1848511594829065 0.0 0.0 0.0 0.0 0.0 0.0 0.0 0.0 0.0 0.0 0.0 0.0 0.879425306488631 0.0 0.0 0.0
a3o4xm3igw1sr2
but later she changed totally
0.5223284593432995 1.0725755788971418 0.8277376596868796 0.0 1.1848511594829065 0.0 0.0 1.4366421472315642 0.0 0.0 0.0 0.0 0.0 0.0 0.0 0.0 0.0 0.0 0.0 0.0 0.0
ac00w60nppf9z
but later she completely changed
0.5223284593432995 1.0725755788971418 0.8277376596868796 1.2056491021877158 1.1848511594829065 0.0 0.0 0.0 0.0 0.0 0.0 0.0 0.0 0.0 0.0 0.0 0.0 0.0 0.0 0.0 0.0
aw4q48bn2x4nt
but than she totally changed
0.5223284593432995 0.0 0.8277376596868796 0.0 1.1848511594829065 0.0 0.0 1.4366421472315642 0.0 0.0 0.0 0.8314995260783788 0.0 0.0 0.0 0.0 0.0 0.0 0.0 0.0 0.0
a2owo5cfm8khwy
now she has totally changed
0.0 0.0 0.8277376596868796 0.0 1.1848511594829065 0.0 0.0 1.4366421472315642 0.0 0.0 0.0 0.0 0.0 0.0 0.0 0.0 0.0 0.0 0.6852126621829764 0.4105595235862447 0.0
a1395pss402i1j
but then she totally changed
0.5223284593432995 0.0 0.8277376596868796 0.0 1.1848511594829065 0.0 0.0 1.4366421472315642 0.0 0.0 0.0 0.0 0.0 0.0 0.0 0.0 0.0 0.0 0.0 0.0 0.6986489831663327
amd40d0gc1l4r
but laterchanged at all
0.6529105741791245 0.0 0.0 0.0 0.0 0.0 0.0 0.0 0.0 0.0 0.0 0.0 2.4063894428817565 0.7743999634761187 0.7858038096156872 0.0 0.0 0.0 0.0 0.0 0.0
