imran khokhar madina munawwara i want to say that the rulers are just like people medina munnawra a bad cat deserves rat munawara reflection of khokar madeena nation is known by leader it chooses munawwarah as from saudi arabia way they get similar leaders after loss imram there commonders madnah would societys morality have greater responsibility with who themselves many commanders
imran khokhar madina munawwara i want to say that the rulers are just like the people
0.479977976404482 0.5232996751894786 0.479977976404482 0.6015973607204391 0.20299880280166838 0.2890608008302669 0.06749214435694753 0.24459228087850807 0.07550465151623749 0.05331007397869417 0.3472831885805759 0.13163353461580166 0.2840095879089101 0.2360145619737604 0.16917890953165962 0.0 0.0 0.0 0.0 0.0 0.0 0.0 0.0 0.0 0.0 0.0 0.0 0.0 0.0 0.0 0.0 0.0 0.0 0.0 0.0 0.0 0.0 0.0 0.0 0.0 0.0 0.0 0.0 0.0 0.0 0.0 0.0 0.0 0.0 0.0 0.0 0.0 0.0 0.0 0.0 0.0 0.0 0.0 0.0 0.0 0.0
imran khokhar medina munnawra i want to say that a bad cat deserves a bad rat
0.479977976404482 0.5232996751894786 0.0 0.0 0.20299880280166838 0.2890608008302669 0.06749214435694753 0.24459228087850807 0.07550465151623749 0.0 0.0 0.0 0.0 0.0 0.0 0.45768579240831125 0.6449190595054357 0.17723541839646792 0.6989146416718288 0.6449190595054357 0.6015973607204391 0.6449190595054357 0.0 0.0 0.0 0.0 0.0 0.0 0.0 0.0 0.0 0.0 0.0 0.0 0.0 0.0 0.0 0.0 0.0 0.0 0.0 0.0 0.0 0.0 0.0 0.0 0.0 0.0 0.0 0.0 0.0 0.0 0.0 0.0 0.0 0.0 0.0 0.0 0.0 0.0 0.0
imran khokhar madina munawara i want to say that the rulers are a reflection of the people
0.4517439777924536 0.4925173413548034 0.4517439777924536 0.0 0.19105769675451142 0.27205722431083945 0.06352201821830356 0.23020449965036052 0.07106320142704704 0.0501741872740651 0.32685476572289496 0.1238903855207545 0.0 0.0 0.15922720897097375 0.0 0.0 0.08340490277480843 0.0 0.0 0.0 0.0 0.5123098258619335 0.4251566175722738 0.04940834015281284 0.0 0.0 0.0 0.0 0.0 0.0 0.0 0.0 0.0 0.0 0.0 0.0 0.0 0.0 0.0 0.0 0.0 0.0 0.0 0.0 0.0 0.0 0.0 0.0 0.0 0.0 0.0 0.0 0.0 0.0 0.0 0.0 0.0 0.0 0.0 0.0
imran khokar madeena munawwara i want to say that a nation is known by the leader it chooses
0.42664709013731733 0.0 0.0 0.5347532095292792 0.18044338026814966 0.2569429340713484 0.059993017206175586 0.21741536078089607 0.0671152457922111 0.02369336621275296 0.0 0.0 0.0 0.0 0.0 0.0 0.0 0.07877129706509685 0.0 0.0 0.0 0.0 0.0 0.0 0.0 0.4651552668350921 0.4838481688696039 0.2641213635980154 0.07260086215747924 0.2927138302687463 0.13863662563341378 0.2471893354973998 0.11250863539036808 0.5732613862270539 0.0 0.0 0.0 0.0 0.0 0.0 0.0 0.0 0.0 0.0 0.0 0.0 0.0 0.0 0.0 0.0 0.0 0.0 0.0 0.0 0.0 0.0 0.0 0.0 0.0 0.0 0.0
a3dd3acpmvdvca
imran khokhar madina munawwarah i want to say that as the people the rulers
0.5485462587479794 0.5980567716451184 0.5485462587479794 0.0 0.2319986317733353 0.3303552009488765 0.07713387926508289 0.2795340352897235 0.08629103030427142 0.06092579883279333 0.3968950726635153 0.0 0.0 0.0 0.19334732517903958 0.0 0.0 0.0 0.0 0.0 0.0 0.0 0.0 0.0 0.0 0.0 0.0 0.0 0.0 0.0 0.0 0.0 0.0 0.0 0.6090675344899225 0.18823580507379603 0.0 0.0 0.0 0.0 0.0 0.0 0.0 0.0 0.0 0.0 0.0 0.0 0.0 0.0 0.0 0.0 0.0 0.0 0.0 0.0 0.0 0.0 0.0 0.0 0.0
a3fq8i38xt2b4z
imran khokar from madina munawara saudi arabia i want to say the way the people are they get similar leaders
0.38398238112358557 0.0 0.38398238112358557 0.0 0.1623990422413347 0.23124864066421352 0.05399371548555802 0.19567382470280645 0.0 0.042648059182955333 0.0 0.10530682769264132 0.0 0.0 0.13534312762532769 0.0 0.0 0.0 0.0 0.0 0.0 0.0 0.4354633519826435 0.0 0.0 0.4186397401515829 0.0 0.0 0.0 0.0 0.0 0.0 0.0 0.0 0.0 0.0 0.12064473197140195 0.271043257606803 0.30210194165354576 0.22026009732243504 0.1291854379032095 0.21749986960508022 0.29683391587065444 0.22012514447397677 0.0 0.0 0.0 0.0 0.0 0.0 0.0 0.0 0.0 0.0 0.0 0.0 0.0 0.0 0.0 0.0 0.0
a353ocl6lm6m4o
after the loss of imram that as there are people as there are commonders
0.0 0.0 0.0 0.0 0.0 0.0 0.0 0.0 0.08629103030427142 0.030462899416396665 0.0 0.3008766505504038 0.0 0.0 0.19334732517903958 0.0 0.0 0.0 0.0 0.0 0.0 0.0 0.0 0.0 0.05999584161412987 0.0 0.0 0.0 0.0 0.0 0.0 0.0 0.0 0.0 0.0 0.37647161014759206 0.0 0.0 0.0 0.0 0.0 0.0 0.0 0.0 0.21312307665822547 0.4164334701682022 0.63802932792622 0.40914071467470997 0.6585780473870615 0.0 0.0 0.0 0.0 0.0 0.0 0.0 0.0 0.0 0.0 0.0 0.0
a132zmwemnnusa
imran khokar from madnah munawwarah i would like to say that rulers are a reflection of societys morality
0.42664709013731733 0.0 0.0 0.0 0.18044338026814966 0.0 0.059993017206175586 0.21741536078089607 0.0671152457922111 0.0 0.30869616762717855 0.11700758632515702 0.0 0.20979072175445368 0.0 0.0 0.0 0.07877129706509685 0.0 0.0 0.0 0.0 0.0 0.40153680548492526 0.04666343236654546 0.4651552668350921 0.0 0.0 0.0 0.0 0.0 0.0 0.0 0.0 0.47371919349216196 0.0 0.13404970219044662 0.0 0.0 0.0 0.0 0.0 0.0 0.0 0.0 0.0 0.0 0.0 0.0 0.5347532095292792 0.19217166935737603 0.5347532095292792 0.5122273701899367 0.0 0.0 0.0 0.0 0.0 0.0 0.0 0.0
a1dndzlo2d5d48
imran khokhar madina munawwarah i want to say that as the people the rulers
0.5485462587479794 0.5980567716451184 0.5485462587479794 0.0 0.2319986317733353 0.3303552009488765 0.07713387926508289 0.2795340352897235 0.08629103030427142 0.06092579883279333 0.3968950726635153 0.0 0.0 0.0 0.19334732517903958 0.0 0.0 0.0 0.0 0.0 0.0 0.0 0.0 0.0 0.0 0.0 0.0 0.0 0.0 0.0 0.0 0.0 0.0 0.0 0.6090675344899225 0.18823580507379603 0.0 0.0 0.0 0.0 0.0 0.0 0.0 0.0 0.0 0.0 0.0 0.0 0.0 0.0 0.0 0.0 0.0 0.0 0.0 0.0 0.0 0.0 0.0 0.0 0.0
a3odrygim0wb3t
imran khokhar madina munawwarah i want to say that as the people the rulers have a greater responsibility
0.42664709013731733 0.4651552668350921 0.42664709013731733 0.0 0.18044338026814966 0.2569429340713484 0.059993017206175586 0.21741536078089607 0.0671152457922111 0.04738673242550592 0.30869616762717855 0.0 0.0 0.0 0.15038125291703078 0.0 0.0 0.07877129706509685 0.0 0.0 0.0 0.0 0.0 0.0 0.0 0.0 0.0 0.0 0.0 0.0 0.0 0.0 0.0 0.0 0.47371919349216196 0.14640562616850802 0.0 0.0 0.0 0.0 0.0 0.0 0.0 0.0 0.0 0.0 0.0 0.0 0.0 0.0 0.0 0.0 0.0 0.1271094459993572 0.39906726311987895 0.29235884148548125 0.0 0.0 0.0 0.0 0.0
a6tw9zegog7ph
imran khokhar madina munawwarah i want to say that as the people the rulers
0.5485462587479794 0.5980567716451184 0.5485462587479794 0.0 0.2319986317733353 0.3303552009488765 0.07713387926508289 0.2795340352897235 0.08629103030427142 0.06092579883279333 0.3968950726635153 0.0 0.0 0.0 0.19334732517903958 0.0 0.0 0.0 0.0 0.0 0.0 0.0 0.0 0.0 0.0 0.0 0.0 0.0 0.0 0.0 0.0 0.0 0.0 0.0 0.6090675344899225 0.18823580507379603 0.0 0.0 0.0 0.0 0.0 0.0 0.0 0.0 0.0 0.0 0.0 0.0 0.0 0.0 0.0 0.0 0.0 0.0 0.0 0.0 0.0 0.0 0.0 0.0 0.0
a2scjh3oqhuw2a
imran khokar from madina munawara saudi arabia i want to say that with the way people are they get similar leaders
0.3656975058319863 0.0 0.3656975058319863 0.0 0.15466575451555686 0.22023680063258433 0.05142258617672193 0.18635602352648234 0.05752735353618094 0.02030859961093111 0.0 0.10029221685013459 0.0 0.0 0.12889821678602637 0.0 0.0 0.0 0.0 0.0 0.0 0.0 0.4147270018882319 0.0 0.0 0.3987045144300789 0.0 0.0 0.0 0.0 0.0 0.0 0.0 0.0 0.0 0.0 0.11489974473466853 0.2581364358160028 0.2877161349081388 0.20977152125946194 0.12303375038400903 0.20714273295721927 0.2826989674958614 0.20964299473712072 0.0 0.0 0.0 0.0 0.0 0.0 0.0 0.0 0.0 0.0 0.0 0.0 0.11192311676544066 0.0 0.0 0.0 0.0
a2oe085okcwole
imran khokar from madina munawara saudi arabia i want to say the way the people are they get similar leaders
0.38398238112358557 0.0 0.38398238112358557 0.0 0.1623990422413347 0.23124864066421352 0.05399371548555802 0.19567382470280645 0.0 0.042648059182955333 0.0 0.10530682769264132 0.0 0.0 0.13534312762532769 0.0 0.0 0.0 0.0 0.0 0.0 0.0 0.4354633519826435 0.0 0.0 0.4186397401515829 0.0 0.0 0.0 0.0 0.0 0.0 0.0 0.0 0.0 0.0 0.12064473197140195 0.271043257606803 0.30210194165354576 0.22026009732243504 0.1291854379032095 0.21749986960508022 0.29683391587065444 0.22012514447397677 0.0 0.0 0.0 0.0 0.0 0.0 0.0 0.0 0.0 0.0 0.0 0.0 0.0 0.0 0.0 0.0 0.0
a330jjzgjl7ig2
imran khokar from madina munawara saudi arabia i want to say that people get leaders who are similar to themselves
0.38398238112358557 0.0 0.38398238112358557 0.0 0.1623990422413347 0.23124864066421352 0.10798743097111604 0.19567382470280645 0.060403721212989994 0.0 0.0 0.10530682769264132 0.0 0.0 0.13534312762532769 0.0 0.0 0.0 0.0 0.0 0.0 0.0 0.4354633519826435 0.0 0.0 0.4186397401515829 0.0 0.0 0.0 0.0 0.0 0.0 0.0 0.0 0.0 0.0 0.12064473197140195 0.271043257606803 0.30210194165354576 0.0 0.0 0.21749986960508022 0.29683391587065444 0.22012514447397677 0.0 0.0 0.0 0.0 0.0 0.0 0.0 0.0 0.0 0.0 0.0 0.0 0.0 0.1472037968434013 0.2851792217622856 0.0 0.0
a2190f96xfy41l
after the loss of imram that as there are people as there are commonders
0.0 0.0 0.0 0.0 0.0 0.0 0.0 0.0 0.08629103030427142 0.030462899416396665 0.0 0.3008766505504038 0.0 0.0 0.19334732517903958 0.0 0.0 0.0 0.0 0.0 0.0 0.0 0.0 0.0 0.05999584161412987 0.0 0.0 0.0 0.0 0.0 0.0 0.0 0.0 0.0 0.0 0.37647161014759206 0.0 0.0 0.0 0.0 0.0 0.0 0.0 0.0 0.21312307665822547 0.4164334701682022 0.63802932792622 0.40914071467470997 0.6585780473870615 0.0 0.0 0.0 0.0 0.0 0.0 0.0 0.0 0.0 0.0 0.0 0.0
a3c1u2evw0nuff
after the loss of imram there are as many people as there are commanders
0.0 0.0 0.0 0.0 0.0 0.0 0.0 0.0 0.0 0.030462899416396665 0.0 0.3008766505504038 0.0 0.0 0.19334732517903958 0.0 0.0 0.0 0.0 0.0 0.0 0.0 0.0 0.0 0.05999584161412987 0.0 0.0 0.0 0.0 0.0 0.0 0.0 0.0 0.0 0.0 0.37647161014759206 0.0 0.0 0.0 0.0 0.0 0.0 0.0 0.0 0.21312307665822547 0.4164334701682022 0.63802932792622 0.40914071467470997 0.0 0.0 0.0 0.0 0.0 0.0 0.0 0.0 0.0 0.0 0.0 0.2807245390386672 0.45762013904705895
a2epq8pt6mk3tp
after the loss of imram that as there are people as there are commonders
0.0 0.0 0.0 0.0 0.0 0.0 0.0 0.0 0.08629103030427142 0.030462899416396665 0.0 0.3008766505504038 0.0 0.0 0.19334732517903958 0.0 0.0 0.0 0.0 0.0 0.0 0.0 0.0 0.0 0.05999584161412987 0.0 0.0 0.0 0.0 0.0 0.0 0.0 0.0 0.0 0.0 0.37647161014759206 0.0 0.0 0.0 0.0 0.0 0.0 0.0 0.0 0.21312307665822547 0.4164334701682022 0.63802932792622 0.40914071467470997 0.6585780473870615 0.0 0.0 0.0 0.0 0.0 0.0 0.0 0.0 0.0 0.0 0.0 0.0
aonmraht4motn
imran khokar from madnah munawwarah i would like to say that rulers are a reflection of societys morality
0.42664709013731733 0.0 0.0 0.0 0.18044338026814966 0.0 0.059993017206175586 0.21741536078089607 0.0671152457922111 0.0 0.30869616762717855 0.11700758632515702 0.0 0.20979072175445368 0.0 0.0 0.0 0.07877129706509685 0.0 0.0 0.0 0.0 0.0 0.40153680548492526 0.04666343236654546 0.4651552668350921 0.0 0.0 0.0 0.0 0.0 0.0 0.0 0.0 0.47371919349216196 0.0 0.13404970219044662 0.0 0.0 0.0 0.0 0.0 0.0 0.0 0.0 0.0 0.0 0.0 0.0 0.5347532095292792 0.19217166935737603 0.5347532095292792 0.5122273701899367 0.0 0.0 0.0 0.0 0.0 0.0 0.0 0.0
