so far no attorney has been nominated to plead ajmals case appointed yet for pleading the of ajmal lawyer counsel fight advocate assigned assist still hired qasab was follow a not in on behalf accepted task defending there or is qasabs as
so far no attorney has been nominated to plead ajmals case
0.3212952626772116 0.4332495788332139 0.3025862228720991 0.6612893194875953 0.18661796526647487 0.26770028115789185 0.6418734921877717 0.09817039179192368 0.8120373264515528 0.7611631639119689 0.4717096579239906 0.0 0.0 0.0 0.0 0.0 0.0 0.0 0.0 0.0 0.0 0.0 0.0 0.0 0.0 0.0 0.0 0.0 0.0 0.0 0.0 0.0 0.0 0.0 0.0 0.0 0.0 0.0 0.0 0.0 0.0 0.0
no attorney has been appointed yet for pleading the case of ajmal
0.0 0.0 0.2773707042994242 0.6061818761969623 0.1710664681609353 0.2453919243947342 0.0 0.0 0.0 0.0 0.43240051976365806 0.4867806781340637 0.45173876267800495 0.1608924749285346 0.859892079340581 0.03554004931912944 0.06999514854981818 0.45299191912505 0.0 0.0 0.0 0.0 0.0 0.0 0.0 0.0 0.0 0.0 0.0 0.0 0.0 0.0 0.0 0.0 0.0 0.0 0.0 0.0 0.0 0.0 0.0 0.0
no lawyer has yet been appointed to plead ajmals case
0.0 0.0 0.332844845159309 0.0 0.20527976179312235 0.294470309273681 0.0 0.10798743097111604 0.893241059096708 0.8372794803031658 0.5188806237163897 0.5841368137608764 0.542086515213606 0.0 0.0 0.0 0.0 0.0 0.6028245510938579 0.0 0.0 0.0 0.0 0.0 0.0 0.0 0.0 0.0 0.0 0.0 0.0 0.0 0.0 0.0 0.0 0.0 0.0 0.0 0.0 0.0 0.0 0.0
no counsel has been appointed to fight ajmals case so far
0.3212952626772116 0.4332495788332139 0.3025862228720991 0.0 0.18661796526647487 0.26770028115789185 0.0 0.09817039179192368 0.0 0.7611631639119689 0.4717096579239906 0.5310334670553423 0.0 0.0 0.0 0.0 0.0 0.0 0.0 0.7383163977046138 0.4429061436746055 0.0 0.0 0.0 0.0 0.0 0.0 0.0 0.0 0.0 0.0 0.0 0.0 0.0 0.0 0.0 0.0 0.0 0.0 0.0 0.0 0.0
a2de039cxxjuga
no advocate has been assigned to assist ajmal
0.0 0.0 0.41605605644913624 0.0 0.25659970224140294 0.3680878865921013 0.0 0.13498428871389506 0.0 0.0 0.0 0.0 0.0 0.0 0.0 0.0 0.0 0.679487878687575 0.0 0.0 0.0 1.0886583799566087 1.029907926300892 1.0658681853573644 0.0 0.0 0.0 0.0 0.0 0.0 0.0 0.0 0.0 0.0 0.0 0.0 0.0 0.0 0.0 0.0 0.0 0.0
a1sanjgoj47idf
still no lawyer hired for ajmal qasab case
0.0 0.0 0.41605605644913624 0.0 0.0 0.0 0.0 0.0 0.0 0.0 0.6486007796454871 0.0 0.0 0.24133871239280189 0.0 0.0 0.0 0.679487878687575 0.7535306888673224 0.0 0.0 0.0 0.0 0.0 0.5333269728953193 1.0886583799566087 0.8566211311609055 0.0 0.0 0.0 0.0 0.0 0.0 0.0 0.0 0.0 0.0 0.0 0.0 0.0 0.0 0.0
a3dd3acpmvdvca
no lawyer was appointed yet to follow ajmals case
0.0 0.0 0.36982760573256557 0.0 0.0 0.0 0.0 0.11998603441235117 0.0 0.9303105336701842 0.5765340263515442 0.6490409041787516 0.6023183502373399 0.0 0.0 0.0 0.0 0.0 0.6698050567709533 0.0 0.0 0.0 0.0 0.0 0.0 0.0 0.0 0.24420210344379248 0.7260572575743011 0.0 0.0 0.0 0.0 0.0 0.0 0.0 0.0 0.0 0.0 0.0 0.0 0.0
a1aczgd5azz3r7
a lawyer has not yet been nominated in the case on behalf of the ajmal
0.0 0.0 0.0 0.0 0.13685317452874823 0.19631353951578737 0.4707072276043659 0.0 0.0 0.0 0.3459204158109265 0.0 0.36139101014240393 0.0 0.0 0.05686407891060711 0.05599611883985455 0.36239353530004 0.401883034062572 0.0 0.0 0.0 0.0 0.0 0.0 0.0 0.0 0.0 0.0 0.09452555647811622 0.14270849921582424 0.06865538016377874 0.12486718415838688 0.4172174627693701 0.0 0.0 0.0 0.0 0.0 0.0 0.0 0.0
aclg2ttpdpj36
no attorney has been assigned to assist ajmal
0.0 0.0 0.41605605644913624 0.9092728142954435 0.25659970224140294 0.3680878865921013 0.0 0.13498428871389506 0.0 0.0 0.0 0.0 0.0 0.0 0.0 0.0 0.0 0.679487878687575 0.0 0.0 0.0 0.0 1.029907926300892 1.0658681853573644 0.0 0.0 0.0 0.0 0.0 0.0 0.0 0.0 0.0 0.0 0.0 0.0 0.0 0.0 0.0 0.0 0.0 0.0
a1fnqhv04k4cvd
no lawyer has accepted the task of defending ajmal
0.0 0.0 0.36982760573256557 0.0 0.2280886242145804 0.0 0.0 0.0 0.0 0.0 0.0 0.0 0.0 0.0 0.0 0.04738673242550592 0.09332686473309092 0.6039892255000666 0.6698050567709533 0.0 0.0 0.0 0.0 0.0 0.0 0.0 0.0 0.0 0.0 0.0 0.0 0.0 0.0 0.0 0.5720245507832021 0.7118535496287584 0.7614410054763605 0.0 0.0 0.0 0.0 0.0
a20ubr5wdkookg
no advocate has been assigned to assist ajmal
0.0 0.0 0.41605605644913624 0.0 0.25659970224140294 0.3680878865921013 0.0 0.13498428871389506 0.0 0.0 0.0 0.0 0.0 0.0 0.0 0.0 0.0 0.679487878687575 0.0 0.0 0.0 1.0886583799566087 1.029907926300892 1.0658681853573644 0.0 0.0 0.0 0.0 0.0 0.0 0.0 0.0 0.0 0.0 0.0 0.0 0.0 0.0 0.0 0.0 0.0 0.0
a24bjjrcqbm3mi
there still has not been a lawyer hired or appointed for the ajmal qasab case
0.0 0.0 0.0 0.0 0.13685317452874823 0.19631353951578737 0.0 0.0 0.0 0.0 0.3459204158109265 0.38942454250725095 0.0 0.12871397994282768 0.0 0.028432039455303555 0.0 0.36239353530004 0.401883034062572 0.0 0.0 0.0 0.0 0.0 0.28444105221083693 0.5806178026435247 0.4568646032858163 0.0 0.0 0.09452555647811622 0.14270849921582424 0.0 0.0 0.0 0.0 0.0 0.0 0.19093233351486466 0.2153530782274384 0.0 0.0 0.0
adu3xkpx6ttsa
there is still no lawyer hired for ajmal qasabs case
0.0 0.0 0.332844845159309 0.0 0.0 0.0 0.0 0.0 0.0 0.0 0.5188806237163897 0.0 0.0 0.1930709699142415 0.0 0.0 0.0 0.54359030295006 0.6028245510938579 0.0 0.0 0.0 0.0 0.0 0.4266615783162554 0.870926703965287 0.0 0.0 0.0 0.0 0.0 0.0 0.0 0.0 0.0 0.0 0.0 0.28639850027229696 0.0 0.13068155188346262 1.0318704952086972 0.0
a2xxc6gj05jja0
there has still been no lawyer hired for ajmal qasab case
0.0 0.0 0.3025862228720991 0.0 0.18661796526647487 0.26770028115789185 0.0 0.0 0.0 0.0 0.4717096579239906 0.0 0.0 0.17551906355840138 0.0 0.0 0.0 0.4941730026818727 0.5480223191762345 0.0 0.0 0.0 0.0 0.0 0.38787416210568676 0.7917515490593519 0.6229971862988404 0.0 0.0 0.0 0.0 0.0 0.0 0.0 0.0 0.0 0.0 0.26036227297481546 0.0 0.0 0.0 0.0
awmob8jnvgesj
no lawyer has been appointed yet to follow ajmals case
0.0 0.0 0.332844845159309 0.0 0.20527976179312235 0.294470309273681 0.0 0.10798743097111604 0.0 0.8372794803031658 0.5188806237163897 0.5841368137608764 0.542086515213606 0.0 0.0 0.0 0.0 0.0 0.6028245510938579 0.0 0.0 0.0 0.0 0.0 0.0 0.0 0.0 0.0 0.653451531816871 0.0 0.0 0.0 0.0 0.0 0.0 0.0 0.0 0.0 0.0 0.0 0.0 0.0
al2rcq9eyun61
as of yet no lawyer has been assigned to ajmals case
0.0 0.0 0.3025862228720991 0.0 0.18661796526647487 0.26770028115789185 0.0 0.09817039179192368 0.0 0.7611631639119689 0.4717096579239906 0.0 0.4928059229214599 0.0 0.0 0.0 0.07635834387252893 0.0 0.5480223191762345 0.0 0.0 0.0 0.7490239464006486 0.0 0.0 0.0 0.0 0.0 0.0 0.0 0.0 0.0 0.0 0.0 0.0 0.0 0.0 0.0 0.0 0.0 0.0 0.23957284282119495
a230hf2okthmdz
no lawyer was appointed yet to follow ajmals case
0.0 0.0 0.36982760573256557 0.0 0.0 0.0 0.0 0.11998603441235117 0.0 0.9303105336701842 0.5765340263515442 0.6490409041787516 0.6023183502373399 0.0 0.0 0.0 0.0 0.0 0.6698050567709533 0.0 0.0 0.0 0.0 0.0 0.0 0.0 0.0 0.24420210344379248 0.7260572575743011 0.0 0.0 0.0 0.0 0.0 0.0 0.0 0.0 0.0 0.0 0.0 0.0 0.0
a3i6odkoktfoow
a lawyer has not yet been nominated in the case on behalf of the ajmal
0.0 0.0 0.0 0.0 0.13685317452874823 0.19631353951578737 0.4707072276043659 0.0 0.0 0.0 0.3459204158109265 0.0 0.36139101014240393 0.0 0.0 0.05686407891060711 0.05599611883985455 0.36239353530004 0.401883034062572 0.0 0.0 0.0 0.0 0.0 0.0 0.0 0.0 0.0 0.0 0.09452555647811622 0.14270849921582424 0.06865538016377874 0.12486718415838688 0.4172174627693701 0.0 0.0 0.0 0.0 0.0 0.0 0.0 0.0
