in relation to this jamiatuddaawas name is also being brought up again and context the of jamaatuddawa has come jamaatuddawah surfaced time connection jamatuddawas resurfaces every now then way many times jamat ul dawa names came jamaathud dawah comes regards case jamatuddawa front regard adawa been nominated because dawas a lot jamatuldawas forefront popped
in relation to this jamiatuddaawas name is also being brought up again and again
0.07355933588976293 0.45762013904705895 0.07713387926508289 0.12239292023914428 0.687539840823359 0.3241401025924744 0.09334396563104473 0.1970818182913765 0.26111230400686913 0.4296171327773429 0.3074992711460121 0.7222878233117264 0.07099750284302085 0.0 0.0 0.0 0.0 0.0 0.0 0.0 0.0 0.0 0.0 0.0 0.0 0.0 0.0 0.0 0.0 0.0 0.0 0.0 0.0 0.0 0.0 0.0 0.0 0.0 0.0 0.0 0.0 0.0 0.0 0.0 0.0 0.0 0.0 0.0 0.0 0.0 0.0 0.0 0.0 0.0
in this context the name of jamaatuddawa has also come up again and again
0.07355933588976293 0.0 0.0 0.12239292023914428 0.0 0.3241401025924744 0.0 0.1970818182913765 0.0 0.0 0.3074992711460121 0.7222878233117264 0.07099750284302085 0.6585780473870615 0.030462899416396665 0.05999584161412987 0.49410768360177254 0.14662840128080168 0.31350827204979115 0.0 0.0 0.0 0.0 0.0 0.0 0.0 0.0 0.0 0.0 0.0 0.0 0.0 0.0 0.0 0.0 0.0 0.0 0.0 0.0 0.0 0.0 0.0 0.0 0.0 0.0 0.0 0.0 0.0 0.0 0.0 0.0 0.0 0.0 0.0
the name of jamaatuddawah has also surfaced time and again in this connection
0.07921774634282162 0.0 0.0 0.13180776025753999 0.0 0.34907395663804935 0.0 0.21224195815994393 0.0 0.0 0.0 0.38892421255246806 0.07645884921556091 0.0 0.0328061993715041 0.06461090635367833 0.0 0.1579075090716326 0.0 0.6247292595962116 0.6440611386947429 0.29284304788017257 0.5159836184186728 0.0 0.0 0.0 0.0 0.0 0.0 0.0 0.0 0.0 0.0 0.0 0.0 0.0 0.0 0.0 0.0 0.0 0.0 0.0 0.0 0.0 0.0 0.0 0.0 0.0 0.0 0.0 0.0 0.0 0.0 0.0
jamatuddawas name resurfaces every now and then
0.0 0.0 0.0 0.0 0.0 0.6482802051849488 0.0 0.0 0.0 0.0 0.0 0.0 0.1419950056860417 0.0 0.0 0.0 0.0 0.0 0.0 0.0 0.0 0.0 0.0 1.474100707440996 1.474100707440996 0.605212291672932 0.48943761584498313 0.49903498797595197 0.0 0.0 0.0 0.0 0.0 0.0 0.0 0.0 0.0 0.0 0.0 0.0 0.0 0.0 0.0 0.0 0.0 0.0 0.0 0.0 0.0 0.0 0.0 0.0 0.0 0.0
a1sanjgoj47idf
in this way many times jamat ul dawa names came up
0.09362097295060737 0.0 0.0 0.15577280757709272 0.0 0.0 0.0 0.0 0.0 0.0 0.3913627087312881 0.0 0.0 0.0 0.0 0.0 0.0 0.0 0.0 0.0 0.0 0.0 0.0 0.0 0.0 0.0 0.0 0.0 0.40047290422260917 0.3572857769583037 0.5221812703257807 0.6319462838273179 0.5643482807194236 0.5806253926693313 0.535262559385787 0.4379497037765676 0.0 0.0 0.0 0.0 0.0 0.0 0.0 0.0 0.0 0.0 0.0 0.0 0.0 0.0 0.0 0.0 0.0 0.0
a3dd3acpmvdvca
the name of jamaathud dawah also comes up many times in this regards
0.07921774634282162 0.0 0.0 0.13180776025753999 0.0 0.34907395663804935 0.0 0.21224195815994393 0.0 0.0 0.3311530612341669 0.0 0.0 0.0 0.0328061993715041 0.06461090635367833 0.0 0.0 0.0 0.0 0.0 0.0 0.0 0.0 0.0 0.0 0.0 0.0 0.0 0.30231873434933393 0.44184569027566056 0.0 0.0 0.0 0.0 0.0 0.5026550244745162 0.4726398217070257 0.42295564511399497 0.47030864097661573 0.0 0.0 0.0 0.0 0.0 0.0 0.0 0.0 0.0 0.0 0.0 0.0 0.0 0.0
a1wyssw33m2fz2
in this case name of jamatuddawa has come in the front many times
0.15843549268564325 0.0 0.0 0.13180776025753999 0.0 0.34907395663804935 0.0 0.0 0.0 0.0 0.0 0.0 0.0 0.0 0.0328061993715041 0.06461090635367833 0.0 0.1579075090716326 0.33762429297669816 0.0 0.0 0.0 0.0 0.0 0.0 0.0 0.0 0.0 0.0 0.30231873434933393 0.44184569027566056 0.0 0.0 0.0 0.0 0.0 0.0 0.0 0.0 0.0 0.39913894132029976 0.48140476473388855 0.4294235772071135 0.0 0.0 0.0 0.0 0.0 0.0 0.0 0.0 0.0 0.0 0.0
a8v7wa74iohz9
in this regard jamat adawa has also been nominated
0.1144256336062979 0.0 0.0 0.19038898703866888 0.0 0.0 0.0 0.3065717173421412 0.0 0.0 0.0 0.0 0.0 0.0 0.0 0.0 0.0 0.2280886242145804 0.0 0.0 0.0 0.0 0.0 0.0 0.0 0.0 0.0 0.0 0.0 0.0 0.0 0.7723787913444996 0.0 0.0 0.0 0.0 0.0 0.0 0.0 0.0 0.0 0.0 0.0 0.6760664941655236 0.9474383869843239 0.32718923252631227 0.7845120460072765 0.0 0.0 0.0 0.0 0.0 0.0 0.0
a1dndzlo2d5d48
because of this the name of jamat ul dawa came up many times
0.0 0.0 0.0 0.13180776025753999 0.0 0.34907395663804935 0.0 0.0 0.0 0.0 0.3311530612341669 0.0 0.0 0.0 0.0328061993715041 0.12922181270735666 0.0 0.0 0.0 0.0 0.0 0.0 0.0 0.0 0.0 0.0 0.0 0.0 0.0 0.30231873434933393 0.44184569027566056 0.5347237786231152 0.4775254683010507 0.49129840918174195 0.0 0.3705728262724803 0.0 0.0 0.0 0.0 0.0 0.0 0.0 0.0 0.0 0.0 0.0 0.3015469244270587 0.0 0.0 0.0 0.0 0.0 0.0
a1g9f1kosfkijh
in this way many times jamat ul dawas name came up
0.09362097295060737 0.0 0.0 0.15577280757709272 0.0 0.4125419487540583 0.0 0.0 0.0 0.0 0.3913627087312881 0.0 0.0 0.0 0.0 0.0 0.0 0.0 0.0 0.0 0.0 0.0 0.0 0.0 0.0 0.0 0.0 0.0 0.40047290422260917 0.3572857769583037 0.5221812703257807 0.6319462838273179 0.5643482807194236 0.0 0.0 0.4379497037765676 0.0 0.0 0.0 0.0 0.0 0.0 0.0 0.0 0.0 0.0 0.0 0.0 0.8750507065024569 0.0 0.0 0.0 0.0 0.0
a230hf2okthmdz
in this way a lot of times jamatuldawas name comes up
0.09362097295060737 0.0 0.0 0.15577280757709272 0.0 0.4125419487540583 0.0 0.0 0.0 0.0 0.3913627087312881 0.0 0.0 0.0 0.0 0.07635834387252893 0.0 0.0 0.0 0.0 0.0 0.0 0.0 0.0 0.0 0.0 0.0 0.0 0.40047290422260917 0.0 0.5221812703257807 0.0 0.0 0.0 0.0 0.0 0.0 0.0 0.49985667149835766 0.0 0.0 0.0 0.0 0.0 0.0 0.0 0.0 0.0 0.0 0.12889848610652213 0.5083015575795119 0.938064086553361 0.0 0.0
au80ser2vpi2x
the name of jamaathud dawah also comes up many times in this regards
0.07921774634282162 0.0 0.0 0.13180776025753999 0.0 0.34907395663804935 0.0 0.21224195815994393 0.0 0.0 0.3311530612341669 0.0 0.0 0.0 0.0328061993715041 0.06461090635367833 0.0 0.0 0.0 0.0 0.0 0.0 0.0 0.0 0.0 0.0 0.0 0.0 0.0 0.30231873434933393 0.44184569027566056 0.0 0.0 0.0 0.0 0.0 0.5026550244745162 0.4726398217070257 0.42295564511399497 0.47030864097661573 0.0 0.0 0.0 0.0 0.0 0.0 0.0 0.0 0.0 0.0 0.0 0.0 0.0 0.0
ajfwu2g6a1bhs
the name of jamaathud dawah also comes up many times in this regard
0.07921774634282162 0.0 0.0 0.13180776025753999 0.0 0.34907395663804935 0.0 0.21224195815994393 0.0 0.0 0.3311530612341669 0.0 0.0 0.0 0.0328061993715041 0.06461090635367833 0.0 0.0 0.0 0.0 0.0 0.0 0.0 0.0 0.0 0.0 0.0 0.0 0.0 0.30231873434933393 0.44184569027566056 0.0 0.0 0.0 0.0 0.0 0.5026550244745162 0.4726398217070257 0.42295564511399497 0.0 0.0 0.0 0.0 0.46804603442228554 0.0 0.0 0.0 0.0 0.0 0.0 0.0 0.0 0.0 0.0
a2qxd8jqk5bvez
the name jamaathud dawah also comes up many times in this regards
0.08581922520472342 0.0 0.0 0.14279174027900166 0.0 0.37816345302455345 0.0 0.2299287880066059 0.0 0.0 0.35874914967034743 0.0 0.0 0.0 0.03554004931912944 0.0 0.0 0.0 0.0 0.0 0.0 0.0 0.0 0.0 0.0 0.0 0.0 0.0 0.0 0.3275119622117784 0.47866616446529897 0.0 0.0 0.0 0.0 0.0 0.5445429431807258 0.5120264735159444 0.4582019488734945 0.5095010277246671 0.0 0.0 0.0 0.0 0.0 0.0 0.0 0.0 0.0 0.0 0.0 0.0 0.0 0.0
a330jjzgjl7ig2
in this case the name of jamatuddawa has come to the forefront many times
0.07355933588976293 0.0 0.07713387926508289 0.12239292023914428 0.0 0.3241401025924744 0.0 0.0 0.0 0.0 0.0 0.0 0.0 0.0 0.06092579883279333 0.05999584161412987 0.0 0.14662840128080168 0.31350827204979115 0.0 0.0 0.0 0.0 0.0 0.0 0.0 0.0 0.0 0.0 0.2807245390386672 0.4102852838273991 0.0 0.0 0.0 0.0 0.0 0.0 0.0 0.0 0.0 0.37062901694027833 0.4470187101100394 0.0 0.0 0.0 0.0 0.0 0.0 0.0 0.0 0.0 0.0 0.687539840823359 0.0
a2u70ov2bw11tg
in this case the name jamatuddawa has popped up many times
0.09362097295060737 0.0 0.0 0.15577280757709272 0.0 0.4125419487540583 0.0 0.0 0.0 0.0 0.3913627087312881 0.0 0.0 0.0 0.03877096289359576 0.0 0.0 0.18661796526647487 0.0 0.0 0.0 0.0 0.0 0.0 0.0 0.0 0.0 0.0 0.0 0.3572857769583037 0.5221812703257807 0.0 0.0 0.0 0.0 0.0 0.0 0.0 0.0 0.0 0.4717096579239906 0.5689329037764138 0.0 0.0 0.0 0.0 0.0 0.0 0.0 0.0 0.0 0.0 0.0 0.938064086553361
a2d2264qc2ln18
in this case the name of jamatuddawa has come in the front many times
0.14711867177952587 0.0 0.0 0.12239292023914428 0.0 0.3241401025924744 0.0 0.0 0.0 0.0 0.0 0.0 0.0 0.0 0.06092579883279333 0.05999584161412987 0.0 0.14662840128080168 0.31350827204979115 0.0 0.0 0.0 0.0 0.0 0.0 0.0 0.0 0.0 0.0 0.2807245390386672 0.4102852838273991 0.0 0.0 0.0 0.0 0.0 0.0 0.0 0.0 0.0 0.37062901694027833 0.4470187101100394 0.39875046454946256 0.0 0.0 0.0 0.0 0.0 0.0 0.0 0.0 0.0 0.0 0.0
a1rhjj60p0jwi3
jamat adawa has also been nominated
0.0 0.0 0.0 0.0 0.0 0.0 0.0 0.4598575760132118 0.0 0.0 0.0 0.0 0.0 0.0 0.0 0.0 0.0 0.3421329363218706 0.0 0.0 0.0 0.0 0.0 0.0 0.0 0.0 0.0 0.0 0.0 0.0 0.0 1.1585681870167495 0.0 0.0 0.0 0.0 0.0 0.0 0.0 0.0 0.0 0.0 0.0 0.0 1.4211575804764858 0.4907838487894684 1.1767680690109148 0.0 0.0 0.0 0.0 0.0 0.0 0.0
