treats her inhumanely and inhuman treatment against has subjected to behavior he is also administering in human that a nonhuman manner behaves inhumanly as well she stated says
treats her inhumanely
2.672039953030975 1.2549238493537198 2.9030890132176235 0.0 0.0 0.0 0.0 0.0 0.0 0.0 0.0 0.0 0.0 0.0 0.0 0.0 0.0 0.0 0.0 0.0 0.0 0.0 0.0 0.0 0.0 0.0 0.0 0.0
and inhuman treatment against her
0.0 0.752954309612232 0.0 0.19879300796045837 1.6242960749501503 1.3705938098574488 0.6374012883240119 0.0 0.0 0.0 0.0 0.0 0.0 0.0 0.0 0.0 0.0 0.0 0.0 0.0 0.0 0.0 0.0 0.0 0.0 0.0 0.0 0.0
and has subjected her to inhuman treatment
0.0 0.5378245068658799 0.0 0.1419950056860417 1.1602114821072502 0.9789955784696064 0.0 0.29325680256160336 1.087236392997823 0.15426775853016578 0.0 0.0 0.0 0.0 0.0 0.0 0.0 0.0 0.0 0.0 0.0 0.0 0.0 0.0 0.0 0.0 0.0 0.0
and inhuman behavior
0.0 0.0 0.0 0.3313216799340973 2.7071601249169173 0.0 0.0 0.0 0.0 0.0 2.097784420450607 0.0 0.0 0.0 0.0 0.0 0.0 0.0 0.0 0.0 0.0 0.0 0.0 0.0 0.0 0.0 0.0 0.0
a1wyssw33m2fz2
and treats her inhumanely
2.004029964773231 0.9411928870152899 2.1773167599132175 0.24849125995057297 0.0 0.0 0.0 0.0 0.0 0.0 0.0 0.0 0.0 0.0 0.0 0.0 0.0 0.0 0.0 0.0 0.0 0.0 0.0 0.0 0.0 0.0 0.0 0.0
a3sw1e5d0b9v9a
and he is also administering in human behavior against her
0.0 0.376477154806116 0.0 0.09939650398022919 0.0 0.0 0.31870064416200594 0.0 0.0 0.0 0.6293353261351822 0.23749222596283454 0.13068155188346262 0.2759145456079271 0.8121480374750751 0.1029830702456681 0.44465871626115544 0.0 0.0 0.0 0.0 0.0 0.0 0.0 0.0 0.0 0.0 0.0
a3dd3acpmvdvca
and that he treats her in a nonhuman manner
0.8906799843436582 0.4183079497845733 0.0 0.11044055997803243 0.0 0.0 0.0 0.0 0.0 0.0 0.0 0.26388025106981616 0.0 0.0 0.0 0.1144256336062979 0.0 0.1342304915844222 0.1575425941301937 0.9924900656630089 0.677688582990096 0.0 0.0 0.0 0.0 0.0 0.0 0.0
a8v7wa74iohz9
and behaves inhumanly
0.0 0.0 0.0 0.3313216799340973 0.0 0.0 0.0 0.0 0.0 0.0 0.0 0.0 0.0 0.0 0.0 0.0 0.0 0.0 0.0 0.0 0.0 3.07336422113962 3.2085192571756753 0.0 0.0 0.0 0.0 0.0
ah8lf01ktxfg0
he also treats her inhumanely
1.603223971818585 0.752954309612232 1.741853407930574 0.0 0.0 0.0 0.0 0.0 0.0 0.0 0.0 0.47498445192566907 0.0 0.5518290912158542 0.0 0.0 0.0 0.0 0.0 0.0 0.0 0.0 0.0 0.0 0.0 0.0 0.0 0.0
a2rcbwy8ulhnj0
and treats her inhumanely
2.004029964773231 0.9411928870152899 2.1773167599132175 0.24849125995057297 0.0 0.0 0.0 0.0 0.0 0.0 0.0 0.0 0.0 0.0 0.0 0.0 0.0 0.0 0.0 0.0 0.0 0.0 0.0 0.0 0.0 0.0 0.0 0.0
aa1hdtufsq32b
as well as treats her inhumanely
1.3360199765154874 0.6274619246768599 1.4515445066088117 0.0 0.0 0.0 0.0 0.0 0.0 0.0 0.0 0.0 0.0 0.0 0.0 0.0 0.0 0.0 0.0 0.0 0.0 0.0 0.0 0.8784337570110482 0.7487841407844201 0.0 0.0 0.0
aa1hdtufsq32b
she also stated that he is administering inhuman behavior against her
0.0 0.3422519589146509 0.0 0.0 0.7383163977046138 0.0 0.2897278583290963 0.0 0.0 0.0 0.5721230237592565 0.21590202360257685 0.11880141080314784 0.2508314050981155 0.7383163977046138 0.0 0.0 0.1098249476599818 0.0 0.0 0.0 0.0 0.0 0.0 0.0 0.37624439076676347 0.47279192178820145 0.0
a1395pss402i1j
he is also administering in human behavior against her
0.0 0.4183079497845733 0.0 0.0 0.0 0.0 0.35411182684667325 0.0 0.0 0.0 0.6992614734835357 0.26388025106981616 0.14520172431495848 0.3065717173421412 0.902386708305639 0.1144256336062979 0.49406524029017274 0.0 0.0 0.0 0.0 0.0 0.0 0.0 0.0 0.0 0.0 0.0
a227cwgbxgw4yh
and he is also administering in human behavior against her
0.0 0.376477154806116 0.0 0.09939650398022919 0.0 0.0 0.31870064416200594 0.0 0.0 0.0 0.6293353261351822 0.23749222596283454 0.13068155188346262 0.2759145456079271 0.8121480374750751 0.1029830702456681 0.44465871626115544 0.0 0.0 0.0 0.0 0.0 0.0 0.0 0.0 0.0 0.0 0.0
a2972la74szew
he treats her in a nonhuman manner
1.1451599798704177 0.5378245068658799 0.0 0.0 0.0 0.0 0.0 0.0 0.0 0.0 0.0 0.339274608518335 0.0 0.0 0.0 0.14711867177952587 0.0 0.0 0.20255476388167762 1.27605865585244 0.8713138924158378 0.0 0.0 0.0 0.0 0.0 0.0 0.0
a20ubr5wdkookg
and that he treats her in a nonhuman manner
0.8906799843436582 0.4183079497845733 0.0 0.11044055997803243 0.0 0.0 0.0 0.0 0.0 0.0 0.0 0.26388025106981616 0.0 0.0 0.0 0.1144256336062979 0.0 0.1342304915844222 0.1575425941301937 0.9924900656630089 0.677688582990096 0.0 0.0 0.0 0.0 0.0 0.0 0.0
a330jjzgjl7ig2
and she says that he treats her in a nonhuman manner
0.7287381690084477 0.3422519589146509 0.0 0.09036045816384472 0.0 0.0 0.0 0.0 0.0 0.0 0.0 0.21590202360257685 0.0 0.0 0.0 0.09362097295060737 0.0 0.1098249476599818 0.12889848610652213 0.8120373264515528 0.5544724769918967 0.0 0.0 0.0 0.0 0.37624439076676347 0.0 0.3975713039527632
a1s6dlzld2k531
and behaves inhumanly
0.0 0.0 0.0 0.3313216799340973 0.0 0.0 0.0 0.0 0.0 0.0 0.0 0.0 0.0 0.0 0.0 0.0 0.0 0.0 0.0 0.0 0.0 3.07336422113962 3.2085192571756753 0.0 0.0 0.0 0.0 0.0
