first they massacred muslims and now want to resolve issues committed mass murders of are on the lookout for a compromise trying settle things earlier killed muslim masses solve these brutally generally perplexedly settling matters openly in efforts setting right heading cover it perplexed attempting matter set making those who
first they massacred muslims and now they want to resolve issues
0.3563736379592512 0.4697652287389436 0.7751768620780832 0.3505159541060273 0.09036045816384472 0.311460300992262 0.4204520739349337 0.09817039179192368 0.5861367219253709 0.4888238663161515 0.0 0.0 0.0 0.0 0.0 0.0 0.0 0.0 0.0 0.0 0.0 0.0 0.0 0.0 0.0 0.0 0.0 0.0 0.0 0.0 0.0 0.0 0.0 0.0 0.0 0.0 0.0 0.0 0.0 0.0 0.0 0.0 0.0 0.0 0.0 0.0 0.0 0.0 0.0 0.0
first they committed mass murders of muslims and now are on the lookout for a compromise
0.2450068760969852 0.16148179737901186 0.0 0.2409797184478938 0.06212281498764324 0.21412895693218012 0.0 0.0 0.0 0.0 0.4016802908735215 0.4227098056623473 0.4950506049555375 0.05249636141236364 0.13163353461580166 0.1170629851484877 0.026655036989347083 0.6449190595054357 0.12066935619640094 0.08861770919823396 0.4489506710098638 0.0 0.0 0.0 0.0 0.0 0.0 0.0 0.0 0.0 0.0 0.0 0.0 0.0 0.0 0.0 0.0 0.0 0.0 0.0 0.0 0.0 0.0 0.0 0.0 0.0 0.0 0.0 0.0 0.0
first they massacred the muslims and now they are trying to settle things
0.3015469244270587 0.3974936550867984 0.6559188832968397 0.29659042270510005 0.07645884921556091 0.2635433316088371 0.0 0.08306725459316619 0.0 0.0 0.0 0.0 0.0 0.0 0.1620105041425251 0.0 0.0328061993715041 0.0 0.0 0.0 0.0 0.42357850743958103 0.5758070467715964 0.4169896270873892 0.0 0.0 0.0 0.0 0.0 0.0 0.0 0.0 0.0 0.0 0.0 0.0 0.0 0.0 0.0 0.0 0.0 0.0 0.0 0.0 0.0 0.0 0.0 0.0 0.0 0.0
earlier they killed muslim masses and now they want to solve these issues
0.0 0.3974936550867984 0.0 0.0 0.07645884921556091 0.2635433316088371 0.35576713948340544 0.08306725459316619 0.0 0.4136201945752051 0.0 0.0 0.0 0.0 0.0 0.0 0.0 0.0 0.0 0.0 0.0 0.0 0.0 0.0 0.4714654007738881 0.2832891074154096 0.31725381238325373 0.6699436184348362 0.46804603442228554 0.23165404902478712 0.0 0.0 0.0 0.0 0.0 0.0 0.0 0.0 0.0 0.0 0.0 0.0 0.0 0.0 0.0 0.0 0.0 0.0 0.0 0.0
a1sanjgoj47idf
first they killed muslims brutally now they are trying to resolve issues
0.3266758347959803 0.4306181263440316 0.0 0.3213062912638584 0.0 0.2855052759095735 0.0 0.08998952580926338 0.5372919950982566 0.44808854412313887 0.0 0.0 0.0 0.0 0.17551137948773554 0.0 0.0 0.0 0.0 0.0 0.0 0.45887671639287947 0.0 0.0 0.0 0.30689653303336034 0.0 0.0 0.0 0.0 0.6866052842005946 0.0 0.0 0.0 0.0 0.0 0.0 0.0 0.0 0.0 0.0 0.0 0.0 0.0 0.0 0.0 0.0 0.0 0.0 0.0
a28z6a8uc4er3x
first they generally massacred muslims now they are perplexedly settling the matters
0.3266758347959803 0.4306181263440316 0.7105787902382429 0.3213062912638584 0.0 0.2855052759095735 0.0 0.0 0.0 0.0 0.0 0.0 0.0 0.0 0.17551137948773554 0.0 0.03554004931912944 0.0 0.0 0.0 0.0 0.0 0.0 0.0 0.0 0.0 0.0 0.0 0.0 0.0 0.0 0.6528165251915808 0.768341055284905 0.6866052842005946 0.4906573461036381 0.0 0.0 0.0 0.0 0.0 0.0 0.0 0.0 0.0 0.0 0.0 0.0 0.0 0.0 0.0
a3dd3acpmvdvca
first they openly killed the muslims now they are in the efforts of setting things right
0.2450068760969852 0.3229635947580237 0.0 0.2409797184478938 0.0 0.21412895693218012 0.0 0.0 0.0 0.0 0.0 0.0 0.0 0.05249636141236364 0.13163353461580166 0.0 0.05331007397869417 0.0 0.0 0.0 0.0 0.0 0.0 0.3388040720085037 0.0 0.23017239977502027 0.0 0.0 0.0 0.0 0.0 0.0 0.0 0.0 0.0 0.380287402968107 0.06436441890354257 0.29859008793303404 0.5582756619354425 0.2961859453812968 0.0 0.0 0.0 0.0 0.0 0.0 0.0 0.0 0.0 0.0
a2i57ww1b3evwx
first killed muslims openly now heading for cover it
0.4355677797279737 0.0 0.0 0.42840838835181116 0.0 0.38067370121276467 0.0 0.0 0.0 0.0 0.0 0.0 0.0 0.0 0.0 0.0 0.0 0.0 0.21452329990471278 0.0 0.0 0.0 0.0 0.0 0.0 0.4091953773778138 0.0 0.0 0.0 0.0 0.0 0.0 0.0 0.0 0.0 0.6760664941655236 0.0 0.0 0.0 0.0 0.9303105336701842 0.7453096710491941 0.22501727078073616 0.0 0.0 0.0 0.0 0.0 0.0 0.0
au2ar4vob7vlv
first they killed muslims brutally and now they are trying to resolve issues
0.3015469244270587 0.3974936550867984 0.0 0.29659042270510005 0.07645884921556091 0.2635433316088371 0.0 0.08306725459316619 0.49596184162915996 0.4136201945752051 0.0 0.0 0.0 0.0 0.1620105041425251 0.0 0.0 0.0 0.0 0.0 0.0 0.42357850743958103 0.0 0.0 0.0 0.2832891074154096 0.0 0.0 0.0 0.0 0.6337894931082412 0.0 0.0 0.0 0.0 0.0 0.0 0.0 0.0 0.0 0.0 0.0 0.0 0.0 0.0 0.0 0.0 0.0 0.0 0.0
a2972la74szew
first they brutally killed muslims now they are trying to resolve issues
0.3266758347959803 0.4306181263440316 0.0 0.3213062912638584 0.0 0.2855052759095735 0.0 0.08998952580926338 0.5372919950982566 0.44808854412313887 0.0 0.0 0.0 0.0 0.17551137948773554 0.0 0.0 0.0 0.0 0.0 0.0 0.45887671639287947 0.0 0.0 0.0 0.30689653303336034 0.0 0.0 0.0 0.0 0.6866052842005946 0.0 0.0 0.0 0.0 0.0 0.0 0.0 0.0 0.0 0.0 0.0 0.0 0.0 0.0 0.0 0.0 0.0 0.0 0.0
a2fhqsz1afq4oy
first they killed muslims brutally and now they are trying to resolve issues
0.3015469244270587 0.3974936550867984 0.0 0.29659042270510005 0.07645884921556091 0.2635433316088371 0.0 0.08306725459316619 0.49596184162915996 0.4136201945752051 0.0 0.0 0.0 0.0 0.1620105041425251 0.0 0.0 0.0 0.0 0.0 0.0 0.42357850743958103 0.0 0.0 0.0 0.2832891074154096 0.0 0.0 0.0 0.0 0.6337894931082412 0.0 0.0 0.0 0.0 0.0 0.0 0.0 0.0 0.0 0.0 0.0 0.0 0.0 0.0 0.0 0.0 0.0 0.0 0.0
a2190f96xfy41l
first they generally massacred muslims now they are perplexed attempting to settle the matter
0.2800078583965545 0.36910125115202713 0.6090675344899225 0.2754053925118786 0.0 0.24471880792249157 0.0 0.07713387926508289 0.0 0.0 0.0 0.0 0.0 0.0 0.1504383252752019 0.0 0.030462899416396665 0.0 0.0 0.0 0.0 0.0 0.5346779720021967 0.0 0.0 0.0 0.0 0.0 0.0 0.0 0.0 0.5595570215927836 0.0 0.0 0.0 0.0 0.0 0.0 0.0 0.0 0.0 0.0 0.0 0.6585780473870615 0.687539840823359 0.3498692823439061 0.0 0.0 0.0 0.0
a3qu3km3iywhif
first they generally massacred muslims and now they are perplexedly settling the matters
0.3015469244270587 0.3974936550867984 0.6559188832968397 0.29659042270510005 0.07645884921556091 0.2635433316088371 0.0 0.0 0.0 0.0 0.0 0.0 0.0 0.0 0.1620105041425251 0.0 0.0328061993715041 0.0 0.0 0.0 0.0 0.0 0.0 0.0 0.0 0.0 0.0 0.0 0.0 0.0 0.0 0.6025998694076131 0.7092378971860662 0.6337894931082412 0.45291447332643514 0.0 0.0 0.0 0.0 0.0 0.0 0.0 0.0 0.0 0.0 0.0 0.0 0.0 0.0 0.0
aku6cqqbltjfl
first they generally massacred muslims now they are perplexedly settling the matters
0.3266758347959803 0.4306181263440316 0.7105787902382429 0.3213062912638584 0.0 0.2855052759095735 0.0 0.0 0.0 0.0 0.0 0.0 0.0 0.0 0.17551137948773554 0.0 0.03554004931912944 0.0 0.0 0.0 0.0 0.0 0.0 0.0 0.0 0.0 0.0 0.0 0.0 0.0 0.0 0.6528165251915808 0.768341055284905 0.6866052842005946 0.4906573461036381 0.0 0.0 0.0 0.0 0.0 0.0 0.0 0.0 0.0 0.0 0.0 0.0 0.0 0.0 0.0
a6tw9zegog7ph
first they openly killed the muslims now they are trying to set things right
0.2800078583965545 0.36910125115202713 0.0 0.2754053925118786 0.0 0.24471880792249157 0.0 0.07713387926508289 0.0 0.0 0.0 0.0 0.0 0.0 0.1504383252752019 0.0 0.030462899416396665 0.0 0.0 0.0 0.0 0.39332289976532525 0.0 0.38720465372400426 0.0 0.26305417117145174 0.0 0.0 0.0 0.0 0.0 0.0 0.0 0.0 0.0 0.4346141748206937 0.0 0.0 0.0 0.3384982232929106 0.0 0.0 0.0 0.0 0.0 0.0 0.4249469356871392 0.0 0.0 0.0
a291u81kgj6l9n
first they openly killed the muslims now they are in the efforts of setting things right
0.2450068760969852 0.3229635947580237 0.0 0.2409797184478938 0.0 0.21412895693218012 0.0 0.0 0.0 0.0 0.0 0.0 0.0 0.05249636141236364 0.13163353461580166 0.0 0.05331007397869417 0.0 0.0 0.0 0.0 0.0 0.0 0.3388040720085037 0.0 0.23017239977502027 0.0 0.0 0.0 0.0 0.0 0.0 0.0 0.0 0.0 0.380287402968107 0.06436441890354257 0.29859008793303404 0.5582756619354425 0.2961859453812968 0.0 0.0 0.0 0.0 0.0 0.0 0.0 0.0 0.0 0.0
ajfwu2g6a1bhs
first they openly killed the muslims now they are making efforts to setting things right
0.2613406678367842 0.3444945010752253 0.0 0.2570450330110867 0.0 0.22840422072765879 0.0 0.0719916206474107 0.0 0.0 0.0 0.0 0.0 0.0 0.14040910359018843 0.0 0.028432039455303555 0.0 0.0 0.0 0.0 0.0 0.0 0.36139101014240393 0.0 0.2455172264266883 0.0 0.0 0.0 0.0 0.0 0.0 0.0 0.0 0.0 0.4056398964993141 0.0 0.3184960937952363 0.5954940393978053 0.3159316750733832 0.0 0.0 0.0 0.0 0.0 0.0 0.0 0.33672311953490947 0.0 0.0
aslrrfy2saj4d
those who first killed muslims openly are now heading for cover
0.3563736379592512 0.0 0.0 0.3505159541060273 0.0 0.311460300992262 0.0 0.0 0.0 0.0 0.0 0.0 0.0 0.0 0.19146695944116604 0.0 0.0 0.0 0.17551906355840138 0.0 0.0 0.0 0.0 0.0 0.0 0.3347962178545749 0.0 0.0 0.0 0.0 0.0 0.0 0.0 0.0 0.0 0.5531453134081556 0.0 0.0 0.0 0.0 0.7611631639119689 0.6097988217675224 0.0 0.0 0.0 0.0 0.0 0.0 0.36247300929029813 0.26764326698800234
