peace to you wassalam walekumsalam was salam
peace to you
1.3249415059868799 0.3599581032370535 1.0626020405968746 0.0 0.0 0.0 0.0
wassalam
0.0 0.0 0.0 7.679647622471712 0.0 0.0 0.0
wassalam
0.0 0.0 0.0 7.679647622471712 0.0 0.0 0.0
wassalam
0.0 0.0 0.0 7.679647622471712 0.0 0.0 0.0
a1wyssw33m2fz2
wassalam
0.0 0.0 0.0 7.679647622471712 0.0 0.0 0.0
a143bvgouf83je
wassalam
0.0 0.0 0.0 7.679647622471712 0.0 0.0 0.0
a3dd3acpmvdvca
wassalam
0.0 0.0 0.0 7.679647622471712 0.0 0.0 0.0
a2i57ww1b3evwx
walekumsalam
0.0 0.0 0.0 0.0 9.625557771527026 0.0 0.0
aa1hdtufsq32b
wassalam
0.0 0.0 0.0 7.679647622471712 0.0 0.0 0.0
a1g9f1kosfkijh
wassalam
0.0 0.0 0.0 7.679647622471712 0.0 0.0 0.0
a1ly3njtyw9tff
wassalam
0.0 0.0 0.0 7.679647622471712 0.0 0.0 0.0
a230hf2okthmdz
wassalam
0.0 0.0 0.0 7.679647622471712 0.0 0.0 0.0
a2nt3ssdwniy3p
wassalam
0.0 0.0 0.0 7.679647622471712 0.0 0.0 0.0
a38xv45bw5ue7r
wassalam
0.0 0.0 0.0 7.679647622471712 0.0 0.0 0.0
al2rcq9eyun61
was salam
0.0 0.0 0.0 0.0 0.0 1.0989094654970661 3.9168991511494853
a227cwgbxgw4yh
wassalam
0.0 0.0 0.0 7.679647622471712 0.0 0.0 0.0
a279zamy03pduy
wassalam
0.0 0.0 0.0 7.679647622471712 0.0 0.0 0.0
arq4j4tltpbnc
walekumsalam
0.0 0.0 0.0 0.0 9.625557771527026 0.0 0.0
