centuries have passed since ive written so much writing this it has taken me to write just took ages little decades gone writes that centurys century such in small amount a with very
centuries have passed since ive written so much
0.8733125552389709 0.2859962534985537 0.6677464012082995 0.5811030036383064 1.116551323870885 0.6853028806419366 0.4417809861811659 0.6079229795911586 0.0 0.0 0.0 0.0 0.0 0.0 0.0 0.0 0.0 0.0 0.0 0.0 0.0 0.0 0.0 0.0 0.0 0.0 0.0 0.0 0.0 0.0 0.0 0.0 0.0
centuries have passed writing this much
1.1644167403186279 0.3813283379980716 0.8903285349443993 0.0 0.0 0.0 0.0 0.8105639727882115 0.9522557943498132 0.2855834805580033 0.0 0.0 0.0 0.0 0.0 0.0 0.0 0.0 0.0 0.0 0.0 0.0 0.0 0.0 0.0 0.0 0.0 0.0 0.0 0.0 0.0 0.0 0.0
it has taken me centuries to write just this much
0.6986500441911767 0.0 0.0 0.0 0.0 0.0 0.0 0.48633838367292687 0.0 0.17135008833480198 0.20251554370266253 0.20527976179312235 0.43448953402177093 0.4916027570214691 0.10798743097111604 0.653451531816871 0.4544153406542562 0.0 0.0 0.0 0.0 0.0 0.0 0.0 0.0 0.0 0.0 0.0 0.0 0.0 0.0 0.0 0.0
it took ages to write this little
0.0 0.0 0.0 0.0 0.0 0.0 0.0 0.0 0.0 0.24478584047828855 0.2893079195752322 0.0 0.0 0.0 0.15426775853016578 0.9335021883098157 0.0 0.7062037920575437 1.317156094774123 0.8344811625155378 0.0 0.0 0.0 0.0 0.0 0.0 0.0 0.0 0.0 0.0 0.0 0.0 0.0
a1sanjgoj47idf
decades gone to writes that little
0.0 0.0 0.0 0.0 0.0 0.0 0.0 0.0 0.0 0.0 0.0 0.0 0.0 0.0 0.17997905161852676 0.0 0.0 0.0 0.0 0.9735613562681275 1.4515445066088117 1.00470758515643 1.4211575804764858 0.2013457373766333 0.0 0.0 0.0 0.0 0.0 0.0 0.0 0.0 0.0
a3fq8i38xt2b4z
it took centurys to write this little
0.0 0.0 0.0 0.0 0.0 0.0 0.0 0.0 0.0 0.24478584047828855 0.2893079195752322 0.0 0.0 0.0 0.15426775853016578 0.9335021883098157 0.0 0.7062037920575437 0.0 0.8344811625155378 0.0 0.0 0.0 0.0 1.375079681646718 0.0 0.0 0.0 0.0 0.0 0.0 0.0 0.0
a28z6a8uc4er3x
century passed writing such little writing
0.0 0.0 0.8903285349443993 0.0 0.0 0.0 0.0 0.0 1.9045115886996264 0.0 0.0 0.0 0.0 0.0 0.0 0.0 0.0 0.0 0.0 0.9735613562681275 0.0 0.0 0.0 0.0 0.0 1.0093375125076092 0.6569963340313906 0.0 0.0 0.0 0.0 0.0 0.0
a8v7wa74iohz9
centuries passed in writing this little
1.1644167403186279 0.0 0.8903285349443993 0.0 0.0 0.0 0.0 0.0 0.9522557943498132 0.2855834805580033 0.0 0.0 0.0 0.0 0.0 0.0 0.0 0.0 0.0 0.9735613562681275 0.0 0.0 0.0 0.0 0.0 0.0 0.0 0.17163845040944684 0.0 0.0 0.0 0.0 0.0
a1nee8mf6oybf8
decades gone to writes that little
0.0 0.0 0.0 0.0 0.0 0.0 0.0 0.0 0.0 0.0 0.0 0.0 0.0 0.0 0.17997905161852676 0.0 0.0 0.0 0.0 0.9735613562681275 1.4515445066088117 1.00470758515643 1.4211575804764858 0.2013457373766333 0.0 0.0 0.0 0.0 0.0 0.0 0.0 0.0 0.0
ayeowkx2r19vz
decades gone to writes that little
0.0 0.0 0.0 0.0 0.0 0.0 0.0 0.0 0.0 0.0 0.0 0.0 0.0 0.0 0.17997905161852676 0.0 0.0 0.0 0.0 0.9735613562681275 1.4515445066088117 1.00470758515643 1.4211575804764858 0.2013457373766333 0.0 0.0 0.0 0.0 0.0 0.0 0.0 0.0 0.0
a1f79effmkv41a
decades gone to writes that little
0.0 0.0 0.0 0.0 0.0 0.0 0.0 0.0 0.0 0.0 0.0 0.0 0.0 0.0 0.17997905161852676 0.0 0.0 0.0 0.0 0.9735613562681275 1.4515445066088117 1.00470758515643 1.4211575804764858 0.2013457373766333 0.0 0.0 0.0 0.0 0.0 0.0 0.0 0.0 0.0
a37rlacsw4br2k
it took centuries to write this small amount
0.8733125552389709 0.0 0.0 0.0 0.0 0.0 0.0 0.0 0.0 0.21418761041850248 0.25314442962832817 0.0 0.0 0.0 0.13498428871389506 0.8168144147710887 0.0 0.6179283180503508 0.0 0.0 0.0 0.0 0.0 0.0 0.0 0.0 0.0 0.0 0.7179992466979485 0.9092728142954435 0.0 0.0 0.0
a267yj5zc4d1st
it took centurys to write this little it has taken a century to write this
0.0 0.0 0.0 0.0 0.0 0.0 0.0 0.0 0.0 0.22846678444640264 0.2700207249368834 0.13685317452874823 0.2896596893478473 0.0 0.1439832412948214 0.8712687090891613 0.0 0.32956176962685374 0.0 0.38942454250725095 0.0 0.0 0.0 0.0 0.6417038514351351 0.40373500500304366 0.0 0.0 0.0 0.0 0.09452555647811622 0.0 0.0
a1nfmtr7or7cu6
it took centuries to write this little
0.998071491701681 0.0 0.0 0.0 0.0 0.0 0.0 0.0 0.0 0.24478584047828855 0.2893079195752322 0.0 0.0 0.0 0.15426775853016578 0.9335021883098157 0.0 0.7062037920575437 0.0 0.8344811625155378 0.0 0.0 0.0 0.0 0.0 0.0 0.0 0.0 0.0 0.0 0.0 0.0 0.0
a143awku99stc9
centuries passed with such little writing
1.1644167403186279 0.0 0.8903285349443993 0.0 0.0 0.0 0.0 0.0 0.9522557943498132 0.0 0.0 0.0 0.0 0.0 0.0 0.0 0.0 0.0 0.0 0.9735613562681275 0.0 0.0 0.0 0.0 0.0 0.0 0.6569963340313906 0.0 0.0 0.0 0.0 0.3917309086790423 0.0
a2eldzaxlm8quo
centuries passed with very little written
1.1644167403186279 0.0 0.8903285349443993 0.0 0.0 0.9137371741892487 0.0 0.0 0.0 0.0 0.0 0.0 0.0 0.0 0.0 0.0 0.0 0.0 0.0 0.9735613562681275 0.0 0.0 0.0 0.0 0.0 0.0 0.0 0.0 0.0 0.0 0.0 0.3917309086790423 0.690819808030839
a1g9f1kosfkijh
century passed writing such little writing
0.0 0.0 0.8903285349443993 0.0 0.0 0.0 0.0 0.0 1.9045115886996264 0.0 0.0 0.0 0.0 0.0 0.0 0.0 0.0 0.0 0.0 0.9735613562681275 0.0 0.0 0.0 0.0 0.0 1.0093375125076092 0.6569963340313906 0.0 0.0 0.0 0.0 0.0 0.0
a290hg650rgy73
centuries passed in writing this little
1.1644167403186279 0.0 0.8903285349443993 0.0 0.0 0.0 0.0 0.0 0.9522557943498132 0.2855834805580033 0.0 0.0 0.0 0.0 0.0 0.0 0.0 0.0 0.0 0.9735613562681275 0.0 0.0 0.0 0.0 0.0 0.0 0.0 0.17163845040944684 0.0 0.0 0.0 0.0 0.0
