this is an evil spirit which has taken possession of palestine for half a century devil sticking to since genie who been haunting there jinn now that lap palestinian more than entered its monster gripped the jin grabbed by inside it demon tormented
this is an evil spirit which has taken possession of palestine for half a century
0.11423339222320132 0.08712103458897508 0.19669101771837263 0.4207581177903 0.5073769833989841 0.20103566005667803 0.13685317452874823 0.2896596893478473 0.5806178026435247 0.05599611883985455 0.3206211076972662 0.12871397994282768 0.37764964012862984 0.09452555647811622 0.40373500500304366 0.0 0.0 0.0 0.0 0.0 0.0 0.0 0.0 0.0 0.0 0.0 0.0 0.0 0.0 0.0 0.0 0.0 0.0 0.0 0.0 0.0 0.0 0.0 0.0 0.0 0.0 0.0 0.0
this is a devil sticking to palestine since half a century
0.15577280757709272 0.11880141080314784 0.0 0.0 0.0 0.0 0.0 0.0 0.0 0.0 0.437210601405363 0.0 0.5149767819935861 0.25779697221304426 0.5505477340950595 0.7287381690084477 0.938064086553361 0.09817039179192368 0.4226203662824046 0.0 0.0 0.0 0.0 0.0 0.0 0.0 0.0 0.0 0.0 0.0 0.0 0.0 0.0 0.0 0.0 0.0 0.0 0.0 0.0 0.0 0.0 0.0 0.0
this is a genie who has been haunting palestine for half a century
0.13180776025753999 0.10052427067958664 0.0 0.0 0.0 0.0 0.1579075090716326 0.0 0.0 0.0 0.3699474319583841 0.1485161307032627 0.43574958476380365 0.2181358995648836 0.4658480826958196 0.0 0.0 0.0 0.0 0.6871085069974677 0.22646737975907888 0.22651562251821616 0.7404275208866943 0.0 0.0 0.0 0.0 0.0 0.0 0.0 0.0 0.0 0.0 0.0 0.0 0.0 0.0 0.0 0.0 0.0 0.0 0.0 0.0
there is a jinn who has been haunting palestine for half a century now
0.0 0.09334396563104473 0.0 0.0 0.0 0.0 0.14662840128080168 0.0 0.0 0.0 0.34352261538992807 0.13790783565302964 0.404624614423532 0.20255476388167762 0.4325732196461182 0.0 0.0 0.0 0.0 0.0 0.21029113834771612 0.21033593519548646 0.687539840823359 0.20457035733735499 0.462039810741208 0.24471880792249157 0.0 0.0 0.0 0.0 0.0 0.0 0.0 0.0 0.0 0.0 0.0 0.0 0.0 0.0 0.0 0.0 0.0
a1sanjgoj47idf
this is that jinn which lap to palestinian since more than half century
0.13180776025753999 0.10052427067958664 0.0 0.0 0.0 0.23196422314232082 0.0 0.0 0.0 0.0 0.0 0.0 0.43574958476380365 0.0 0.4658480826958196 0.0 0.0 0.08306725459316619 0.3576018483928039 0.0 0.0 0.0 0.0 0.0 0.49758133464437787 0.0 0.09292880186613844 0.6337894931082412 0.3909433068659247 0.27859005418619126 0.31980751003014574 0.0 0.0 0.0 0.0 0.0 0.0 0.0 0.0 0.0 0.0 0.0 0.0
a3dd3acpmvdvca
this is a jinn which has entered palestine for half a century
0.14279174027900166 0.10890129323621885 0.0 0.0 0.0 0.25129457507084757 0.1710664681609353 0.0 0.0 0.0 0.40077638462158277 0.1608924749285346 0.4720620501607873 0.23631389119529056 0.5046687562538046 0.0 0.0 0.0 0.0 0.0 0.0 0.0 0.0 0.0 0.5390464458647427 0.0 0.0 0.0 0.0 0.0 0.0 0.576458964202068 0.0 0.0 0.0 0.0 0.0 0.0 0.0 0.0 0.0 0.0 0.0
a143bvgouf83je
its a monster that has gripped palestine for half a century
0.0 0.0 0.0 0.0 0.0 0.0 0.18661796526647487 0.0 0.0 0.0 0.437210601405363 0.17551906355840138 0.5149767819935861 0.25779697221304426 0.5505477340950595 0.0 0.0 0.0 0.0 0.0 0.0 0.0 0.0 0.0 0.0 0.0 0.1098249476599818 0.0 0.0 0.0 0.0 0.0 0.30125663294310095 0.6657247889575436 0.7917515490593519 0.0 0.0 0.0 0.0 0.0 0.0 0.0 0.0
a28e6z78qj2yz6
this is the jin which has grabbed the palestine by half a century
0.13180776025753999 0.10052427067958664 0.0 0.0 0.0 0.23196422314232082 0.1579075090716326 0.0 0.0 0.0 0.3699474319583841 0.0 0.43574958476380365 0.1090679497824418 0.4658480826958196 0.0 0.0 0.0 0.0 0.0 0.0 0.0 0.0 0.0 0.0 0.0 0.0 0.0 0.0 0.0 0.0 0.0 0.0 0.0 0.0 0.0656123987430082 0.6699436184348362 0.7092378971860662 0.19195840472318831 0.0 0.0 0.0 0.0
a291u81kgj6l9n
this is that jinn which lap to palestinian since more than half century
0.13180776025753999 0.10052427067958664 0.0 0.0 0.0 0.23196422314232082 0.0 0.0 0.0 0.0 0.0 0.0 0.43574958476380365 0.0 0.4658480826958196 0.0 0.0 0.08306725459316619 0.3576018483928039 0.0 0.0 0.0 0.0 0.0 0.49758133464437787 0.0 0.09292880186613844 0.6337894931082412 0.3909433068659247 0.27859005418619126 0.31980751003014574 0.0 0.0 0.0 0.0 0.0 0.0 0.0 0.0 0.0 0.0 0.0 0.0
a96lt9onaw64r
this is that jinn which lap to palestinian since more than half century
0.13180776025753999 0.10052427067958664 0.0 0.0 0.0 0.23196422314232082 0.0 0.0 0.0 0.0 0.0 0.0 0.43574958476380365 0.0 0.4658480826958196 0.0 0.0 0.08306725459316619 0.3576018483928039 0.0 0.0 0.0 0.0 0.0 0.49758133464437787 0.0 0.09292880186613844 0.6337894931082412 0.3909433068659247 0.27859005418619126 0.31980751003014574 0.0 0.0 0.0 0.0 0.0 0.0 0.0 0.0 0.0 0.0 0.0 0.0
a3be22a89fb8uj
this is that jinn which lap to palestinian since more than half century
0.13180776025753999 0.10052427067958664 0.0 0.0 0.0 0.23196422314232082 0.0 0.0 0.0 0.0 0.0 0.0 0.43574958476380365 0.0 0.4658480826958196 0.0 0.0 0.08306725459316619 0.3576018483928039 0.0 0.0 0.0 0.0 0.0 0.49758133464437787 0.0 0.09292880186613844 0.6337894931082412 0.3909433068659247 0.27859005418619126 0.31980751003014574 0.0 0.0 0.0 0.0 0.0 0.0 0.0 0.0 0.0 0.0 0.0 0.0
a2zhr3rebfem5a
this is a jinn which has entered palestine for half a century
0.14279174027900166 0.10890129323621885 0.0 0.0 0.0 0.25129457507084757 0.1710664681609353 0.0 0.0 0.0 0.40077638462158277 0.1608924749285346 0.4720620501607873 0.23631389119529056 0.5046687562538046 0.0 0.0 0.0 0.0 0.0 0.0 0.0 0.0 0.0 0.5390464458647427 0.0 0.0 0.0 0.0 0.0 0.0 0.576458964202068 0.0 0.0 0.0 0.0 0.0 0.0 0.0 0.0 0.0 0.0 0.0
a301gnfg8w711q
this is a jinn which has been inside palestine for half a century
0.13180776025753999 0.10052427067958664 0.0 0.0 0.0 0.23196422314232082 0.1579075090716326 0.0 0.0 0.0 0.3699474319583841 0.1485161307032627 0.43574958476380365 0.2181358995648836 0.4658480826958196 0.0 0.0 0.0 0.0 0.0 0.0 0.22651562251821616 0.0 0.0 0.49758133464437787 0.0 0.0 0.0 0.0 0.0 0.0 0.0 0.0 0.0 0.0 0.0 0.0 0.0 0.0 0.540220622006357 0.0 0.0 0.0
acjl95je4qgk4
this is a jinn which has entered palestine for half a century
0.14279174027900166 0.10890129323621885 0.0 0.0 0.0 0.25129457507084757 0.1710664681609353 0.0 0.0 0.0 0.40077638462158277 0.1608924749285346 0.4720620501607873 0.23631389119529056 0.5046687562538046 0.0 0.0 0.0 0.0 0.0 0.0 0.0 0.0 0.0 0.5390464458647427 0.0 0.0 0.0 0.0 0.0 0.0 0.576458964202068 0.0 0.0 0.0 0.0 0.0 0.0 0.0 0.0 0.0 0.0 0.0
a2zhr3rebfem5a
it is a monster that has gripped palestine for half a century
0.0 0.10890129323621885 0.0 0.0 0.0 0.0 0.1710664681609353 0.0 0.0 0.0 0.40077638462158277 0.1608924749285346 0.4720620501607873 0.23631389119529056 0.5046687562538046 0.0 0.0 0.0 0.0 0.0 0.0 0.0 0.0 0.0 0.0 0.0 0.10067286868831665 0.0 0.0 0.0 0.0 0.0 0.0 0.6102477232110817 0.7257722533044059 0.0 0.0 0.0 0.0 0.0 0.16876295308555211 0.0 0.0
a1ly3njtyw9tff
its a monster that has gripped palestine for half a century
0.0 0.0 0.0 0.0 0.0 0.0 0.18661796526647487 0.0 0.0 0.0 0.437210601405363 0.17551906355840138 0.5149767819935861 0.25779697221304426 0.5505477340950595 0.0 0.0 0.0 0.0 0.0 0.0 0.0 0.0 0.0 0.0 0.0 0.1098249476599818 0.0 0.0 0.0 0.0 0.0 0.30125663294310095 0.6657247889575436 0.7917515490593519 0.0 0.0 0.0 0.0 0.0 0.0 0.0 0.0
a2bk4fasw056jr
its a monster that has gripped palestine for half a century
0.0 0.0 0.0 0.0 0.0 0.0 0.18661796526647487 0.0 0.0 0.0 0.437210601405363 0.17551906355840138 0.5149767819935861 0.25779697221304426 0.5505477340950595 0.0 0.0 0.0 0.0 0.0 0.0 0.0 0.0 0.0 0.0 0.0 0.1098249476599818 0.0 0.0 0.0 0.0 0.0 0.30125663294310095 0.6657247889575436 0.7917515490593519 0.0 0.0 0.0 0.0 0.0 0.0 0.0 0.0
a14hqnh7cogdk2
this is the demon which has tormented palestine for half a century
0.14279174027900166 0.10890129323621885 0.0 0.0 0.0 0.25129457507084757 0.1710664681609353 0.0 0.0 0.0 0.40077638462158277 0.1608924749285346 0.4720620501607873 0.11815694559764528 0.5046687562538046 0.0 0.0 0.0 0.0 0.0 0.0 0.0 0.0 0.0 0.0 0.0 0.0 0.0 0.0 0.0 0.0 0.0 0.0 0.0 0.0 0.03554004931912944 0.0 0.0 0.0 0.0 0.0 0.6866052842005946 0.859892079340581
