a curfew is imposed to make it easy for the taliban move so as facilitate movement of that may easily around talibans can from one place another curfews are called tablibans they order because or proceed in people
a curfew is imposed to make it easy for the taliban to move
0.1090679497824418 0.4750438635150337 0.10052427067958664 0.500926343255127 0.16613450918633238 0.35075409063151464 0.15578118746358657 0.43358259422790396 0.1485161307032627 0.0328061993715041 0.26673230958409444 0.4943757426135649 0.0 0.0 0.0 0.0 0.0 0.0 0.0 0.0 0.0 0.0 0.0 0.0 0.0 0.0 0.0 0.0 0.0 0.0 0.0 0.0 0.0 0.0 0.0 0.0 0.0 0.0
curfew is imposed so as to facilitate the movement of taliban
0.0 0.5614154750632216 0.11880141080314784 0.5920038602106046 0.09817039179192368 0.0 0.0 0.0 0.0 0.03877096289359576 0.3152290931448389 0.0 0.3212952626772116 0.23957284282119495 0.7917515490593519 0.5083015575795119 0.07635834387252893 0.0 0.0 0.0 0.0 0.0 0.0 0.0 0.0 0.0 0.0 0.0 0.0 0.0 0.0 0.0 0.0 0.0 0.0 0.0 0.0 0.0
the curfew is imposed so that the taliban may easily move around
0.0 0.5146308521412865 0.10890129323621885 0.5426702051930542 0.0 0.0 0.0 0.0 0.0 0.07108009863825888 0.28896000204943567 0.5355737211646953 0.2945206574541106 0.0 0.0 0.0 0.0 0.10067286868831665 0.3714932273850921 0.5567598993633821 0.44233913816589293 0.0 0.0 0.0 0.0 0.0 0.0 0.0 0.0 0.0 0.0 0.0 0.0 0.0 0.0 0.0 0.0 0.0
a curfew is imposed so that talibans can move easily from one place to another
0.09452555647811622 0.4117046817130292 0.08712103458897508 0.4341361641544434 0.0719916206474107 0.0 0.0 0.0 0.0 0.0 0.0 0.4284589769317562 0.23561652596328847 0.0 0.0 0.0 0.0 0.08053829495065332 0.0 0.44540791949070563 0.0 0.3698680218414204 0.21011113834498338 0.16085964262853594 0.19539971420039534 0.30212050471468416 0.3239412958628541 0.0 0.0 0.0 0.0 0.0 0.0 0.0 0.0 0.0 0.0 0.0
a3dd3acpmvdvca
curfews are called so that the taliban can move around easily
0.0 0.0 0.0 0.0 0.0 0.0 0.0 0.0 0.0 0.03877096289359576 0.3152290931448389 0.5842622412705767 0.3212952626772116 0.0 0.0 0.0 0.0 0.1098249476599818 0.0 0.6073744356691441 0.482551787090065 0.0 0.28651518865225006 0.0 0.0 0.0 0.0 0.8120373264515528 0.19146695944116604 0.4357501829959261 0.0 0.0 0.0 0.0 0.0 0.0 0.0 0.0
a2de039cxxjuga
curfew is imposed to facilitate the talibans movement
0.0 0.7719462782119297 0.16335193985432828 0.8140053077895814 0.13498428871389506 0.0 0.0 0.0 0.0 0.05331007397869417 0.0 0.0 0.0 0.0 1.0886583799566087 0.6989146416718288 0.0 0.0 0.0 0.0 0.0 0.6935025409526633 0.0 0.0 0.0 0.0 0.0 0.0 0.0 0.0 0.0 0.0 0.0 0.0 0.0 0.0 0.0 0.0
a2llfcd7di80k3
curfew is imposed so that tablibans can move around easily
0.0 0.6175570225695438 0.13068155188346262 0.6512042462316651 0.0 0.0 0.0 0.0 0.0 0.0 0.0 0.6426884653976344 0.35342478894493273 0.0 0.0 0.0 0.0 0.12080744242597999 0.0 0.6681118792360585 0.5308069657990715 0.0 0.31516670751747505 0.0 0.0 0.0 0.0 0.0 0.0 0.0 0.9220092663418861 0.0 0.0 0.0 0.0 0.0 0.0 0.0
alrghxunh1uv7
they order curfew because talibans can move easily or proceed easily
0.0 0.5614154750632216 0.0 0.0 0.0 0.0 0.0 0.0 0.0 0.0 0.0 0.5842622412705767 0.0 0.0 0.0 0.0 0.0 0.0 0.0 1.2147488713382881 0.0 0.5043654843292097 0.28651518865225006 0.0 0.0 0.0 0.0 0.0 0.0 0.0 0.0 0.2348826143694718 0.4494024131275278 0.3563736379592512 0.2936632884919615 0.7751768620780832 0.0 0.0
a363h2ekg4u5ij
curfews are in place so that the taliban can move around easily
0.0 0.0 0.0 0.0 0.0 0.0 0.0 0.0 0.0 0.03554004931912944 0.28896000204943567 0.5355737211646953 0.2945206574541106 0.0 0.0 0.0 0.0 0.10067286868831665 0.0 0.5567598993633821 0.44233913816589293 0.0 0.2626389229312292 0.0 0.0 0.3776506308933552 0.0 0.7443675492472567 0.17551137948773554 0.0 0.0 0.0 0.0 0.0 0.0 0.0 0.08581922520472342 0.0
a6tw9zegog7ph
curfews are called so that the taliban can move around easily
0.0 0.0 0.0 0.0 0.0 0.0 0.0 0.0 0.0 0.03877096289359576 0.3152290931448389 0.5842622412705767 0.3212952626772116 0.0 0.0 0.0 0.0 0.1098249476599818 0.0 0.6073744356691441 0.482551787090065 0.0 0.28651518865225006 0.0 0.0 0.0 0.0 0.8120373264515528 0.19146695944116604 0.4357501829959261 0.0 0.0 0.0 0.0 0.0 0.0 0.0 0.0
a291u81kgj6l9n
curfews are called so that the taliban can move around easily
0.0 0.0 0.0 0.0 0.0 0.0 0.0 0.0 0.0 0.03877096289359576 0.3152290931448389 0.5842622412705767 0.3212952626772116 0.0 0.0 0.0 0.0 0.1098249476599818 0.0 0.6073744356691441 0.482551787090065 0.0 0.28651518865225006 0.0 0.0 0.0 0.0 0.8120373264515528 0.19146695944116604 0.4357501829959261 0.0 0.0 0.0 0.0 0.0 0.0 0.0 0.0
a3jbnhlk1t5829
curfew is imposed to facilitate the talibans movement
0.0 0.7719462782119297 0.16335193985432828 0.8140053077895814 0.13498428871389506 0.0 0.0 0.0 0.0 0.05331007397869417 0.0 0.0 0.0 0.0 1.0886583799566087 0.6989146416718288 0.0 0.0 0.0 0.0 0.0 0.6935025409526633 0.0 0.0 0.0 0.0 0.0 0.0 0.0 0.0 0.0 0.0 0.0 0.0 0.0 0.0 0.0 0.0
a3edprdq0s0hp3
curfew is imposed to facilitate the talibans movement
0.0 0.7719462782119297 0.16335193985432828 0.8140053077895814 0.13498428871389506 0.0 0.0 0.0 0.0 0.05331007397869417 0.0 0.0 0.0 0.0 1.0886583799566087 0.6989146416718288 0.0 0.0 0.0 0.0 0.0 0.6935025409526633 0.0 0.0 0.0 0.0 0.0 0.0 0.0 0.0 0.0 0.0 0.0 0.0 0.0 0.0 0.0 0.0
am78upj6d5fvk
a curfew is imposed to facilitate the talibans movement
0.1575425941301937 0.6861744695217153 0.14520172431495848 0.7235602735907389 0.11998603441235117 0.0 0.0 0.0 0.0 0.04738673242550592 0.0 0.0 0.0 0.0 0.9676963377392078 0.6212574592638478 0.0 0.0 0.0 0.0 0.0 0.616446703069034 0.0 0.0 0.0 0.0 0.0 0.0 0.0 0.0 0.0 0.0 0.0 0.0 0.0 0.0 0.0 0.0
aa1hdtufsq32b
curfew is imposed so that tablibans can move around easily
0.0 0.6175570225695438 0.13068155188346262 0.6512042462316651 0.0 0.0 0.0 0.0 0.0 0.0 0.0 0.6426884653976344 0.35342478894493273 0.0 0.0 0.0 0.0 0.12080744242597999 0.0 0.6681118792360585 0.5308069657990715 0.0 0.31516670751747505 0.0 0.0 0.0 0.0 0.0 0.0 0.0 0.9220092663418861 0.0 0.0 0.0 0.0 0.0 0.0 0.0
a3a4p6bwfe7hfn
curfew is imposed so that tablibans can move around easily
0.0 0.6175570225695438 0.13068155188346262 0.6512042462316651 0.0 0.0 0.0 0.0 0.0 0.0 0.0 0.6426884653976344 0.35342478894493273 0.0 0.0 0.0 0.0 0.12080744242597999 0.0 0.6681118792360585 0.5308069657990715 0.0 0.31516670751747505 0.0 0.0 0.0 0.0 0.0 0.0 0.0 0.9220092663418861 0.0 0.0 0.0 0.0 0.0 0.0 0.0
a6tw9zegog7ph
a curfew is imposed so that talibans can move around easily
0.12889848610652213 0.5614154750632216 0.11880141080314784 0.5920038602106046 0.0 0.0 0.0 0.0 0.0 0.0 0.0 0.5842622412705767 0.3212952626772116 0.0 0.0 0.0 0.0 0.1098249476599818 0.0 0.6073744356691441 0.482551787090065 0.5043654843292097 0.28651518865225006 0.0 0.0 0.0 0.0 0.0 0.0 0.0 0.0 0.0 0.0 0.0 0.0 0.0 0.0 0.0
a312kfq78wb3a4
they order curfew so that taliban people can move easily or proceed easily
0.0 0.4750438635150337 0.0 0.0 0.0 0.0 0.0 0.0 0.0 0.0 0.26673230958409444 0.4943757426135649 0.2718652222653329 0.0 0.0 0.0 0.0 0.09292880186613844 0.0 1.027864429593936 0.0 0.0 0.2424359288595962 0.0 0.0 0.0 0.0 0.0 0.0 0.0 0.0 0.1987468275433992 0.3802635803386774 0.0 0.2484843210316597 0.6559188832968397 0.0 0.208220196346658
