if not then what is the secret formula that can guide to a solution of these problems chemical leads towards magical which would lead useful prescription may potentially solving problem unique move us toward this issue magic recipe will bring out specific takes take answer about are actions provide solutions solve
if not then what is the secret formula that can guide to a solution of these problems
0.17758279913698882 0.12591926401396258 0.2054849950489214 0.1813156240783898 0.07687150110791918 0.02508709363703255 0.3403591446431597 0.5123098258619335 0.07106320142704704 0.1853921808926324 0.45610327027208436 0.06352201821830356 0.08340490277480843 0.33156316029192656 0.04940834015281284 0.17714721396013133 0.2753147225148956 0.0 0.0 0.0 0.0 0.0 0.0 0.0 0.0 0.0 0.0 0.0 0.0 0.0 0.0 0.0 0.0 0.0 0.0 0.0 0.0 0.0 0.0 0.0 0.0 0.0 0.0 0.0 0.0 0.0 0.0 0.0 0.0 0.0 0.0
if not then what is the chemical formula that leads towards the solution of the problems
0.18868172408305062 0.13378921801483523 0.21832780723947898 0.19264785058328918 0.08167596992716414 0.07996511096804125 0.0 0.5443291899783044 0.07550465151623749 0.0 0.0 0.0 0.0 0.35228585781017197 0.05249636141236364 0.0 0.29252189267207657 0.43234422315155097 0.5232996751894786 0.3160009226988803 0.0 0.0 0.0 0.0 0.0 0.0 0.0 0.0 0.0 0.0 0.0 0.0 0.0 0.0 0.0 0.0 0.0 0.0 0.0 0.0 0.0 0.0 0.0 0.0 0.0 0.0 0.0 0.0 0.0 0.0 0.0
if not then what is that magical formula which would lead to solution of the problems
0.18868172408305062 0.13378921801483523 0.21832780723947898 0.19264785058328918 0.08167596992716414 0.026655036989347083 0.0 0.5443291899783044 0.07550465151623749 0.0 0.0 0.06749214435694753 0.0 0.35228585781017197 0.05249636141236364 0.0 0.29252189267207657 0.0 0.0 0.0 0.6449190595054357 0.18847093130313566 0.21619312802704804 0.4209491258519288 0.0 0.0 0.0 0.0 0.0 0.0 0.0 0.0 0.0 0.0 0.0 0.0 0.0 0.0 0.0 0.0 0.0 0.0 0.0 0.0 0.0 0.0 0.0 0.0 0.0 0.0 0.0
if not then what is the useful prescription that may potentially lead to solving the problem
0.18868172408305062 0.13378921801483523 0.21832780723947898 0.19264785058328918 0.08167596992716414 0.05331007397869417 0.0 0.0 0.07550465151623749 0.0 0.0 0.06749214435694753 0.0 0.0 0.0 0.0 0.0 0.0 0.0 0.0 0.0 0.0 0.0 0.4209491258519288 0.5329340926786822 0.5443291899783044 0.27861992053881907 0.6015973607204391 0.4517289061705409 0.2993297415359717 0.0 0.0 0.0 0.0 0.0 0.0 0.0 0.0 0.0 0.0 0.0 0.0 0.0 0.0 0.0 0.0 0.0 0.0 0.0 0.0 0.0
a21xirv18up71h
if not then what is that unique formula that can move us toward solving this issue
0.18868172408305062 0.13378921801483523 0.21832780723947898 0.19264785058328918 0.08167596992716414 0.0 0.0 0.5443291899783044 0.15100930303247498 0.19697919219842192 0.0 0.0 0.0 0.0 0.0 0.0 0.0 0.0 0.0 0.0 0.0 0.0 0.0 0.0 0.0 0.0 0.0 0.0 0.4517289061705409 0.0 0.46089162330753314 0.4016802908735215 0.2286331126404553 0.41436409362331467 0.10709380520925124 0.3116241349263501 0.0 0.0 0.0 0.0 0.0 0.0 0.0 0.0 0.0 0.0 0.0 0.0 0.0 0.0 0.0
a3dd3acpmvdvca
if not then what is the magic recipe that will bring out a solution to the problems
0.17758279913698882 0.12591926401396258 0.2054849950489214 0.1813156240783898 0.07687150110791918 0.0501741872740651 0.0 0.0 0.07106320142704704 0.0 0.0 0.06352201821830356 0.08340490277480843 0.33156316029192656 0.0 0.0 0.2753147225148956 0.0 0.0 0.0 0.0 0.0 0.0 0.0 0.0 0.0 0.0 0.0 0.0 0.0 0.0 0.0 0.0 0.0 0.0 0.0 0.5015850284034656 0.5254359171157106 0.13032430587065788 0.3154634055579829 0.2357041260549445 0.0 0.0 0.0 0.0 0.0 0.0 0.0 0.0 0.0 0.0
a28z6a8uc4er3x
if not then what is the specific prescription which takes to the solution of the problems
0.18868172408305062 0.13378921801483523 0.21832780723947898 0.19264785058328918 0.08167596992716414 0.07996511096804125 0.0 0.0 0.0 0.0 0.0 0.06749214435694753 0.0 0.35228585781017197 0.05249636141236364 0.0 0.29252189267207657 0.0 0.0 0.0 0.0 0.18847093130313566 0.0 0.0 0.0 0.5443291899783044 0.0 0.0 0.0 0.0 0.0 0.0 0.0 0.0 0.0 0.0 0.0 0.0 0.0 0.0 0.0 0.45768579240831125 0.37507605240941627 0.0 0.0 0.0 0.0 0.0 0.0 0.0 0.0
a3b84pq645okwb
if not then what is that chemical prescription that will take us to the solution of these problems
0.16771708807382277 0.11892374934652021 0.19406916199064797 0.1712425338518126 0.07260086215747924 0.02369336621275296 0.0 0.0 0.1342304915844222 0.0 0.0 0.059993017206175586 0.0 0.31314298472015284 0.04666343236654546 0.16730570207345735 0.26001946015295696 0.38430597613471196 0.0 0.0 0.0 0.0 0.0 0.0 0.0 0.4838481688696039 0.0 0.0 0.0 0.0 0.0 0.0 0.20322943345818248 0.0 0.0 0.0 0.0 0.0 0.12308406665562134 0.0 0.0 0.0 0.0 0.21446481493012115 0.0 0.0 0.0 0.0 0.0 0.0 0.0
a1dndzlo2d5d48
if not then what is the solution
0.43127251218983 0.30580392689105196 0.49903498797595197 0.44033794419037525 0.18668793126208946 0.06092579883279333 0.0 0.0 0.0 0.0 0.0 0.0 0.0 0.8052248178518217 0.0 0.0 0.0 0.0 0.0 0.0 0.0 0.0 0.0 0.0 0.0 0.0 0.0 0.0 0.0 0.0 0.0 0.0 0.0 0.0 0.0 0.0 0.0 0.0 0.0 0.0 0.0 0.0 0.0 0.0 0.0 0.0 0.0 0.0 0.0 0.0 0.0
a2vjscdqr23qkd
if not then what is that unique formula that can move us toward solving this issue
0.18868172408305062 0.13378921801483523 0.21832780723947898 0.19264785058328918 0.08167596992716414 0.0 0.0 0.5443291899783044 0.15100930303247498 0.19697919219842192 0.0 0.0 0.0 0.0 0.0 0.0 0.0 0.0 0.0 0.0 0.0 0.0 0.0 0.0 0.0 0.0 0.0 0.0 0.4517289061705409 0.0 0.46089162330753314 0.4016802908735215 0.2286331126404553 0.41436409362331467 0.10709380520925124 0.3116241349263501 0.0 0.0 0.0 0.0 0.0 0.0 0.0 0.0 0.0 0.0 0.0 0.0 0.0 0.0 0.0
a2972la74szew
if not then what is that answer that can move us toward solving this issue
0.20126050568858733 0.14270849921582424 0.23288299438877758 0.20549104062217513 0.08712103458897508 0.0 0.0 0.0 0.16107658990130663 0.21011113834498338 0.0 0.0 0.0 0.0 0.0 0.0 0.0 0.0 0.0 0.0 0.0 0.0 0.0 0.0 0.0 0.0 0.0 0.0 0.4818441665819103 0.0 0.0 0.4284589769317562 0.243875320149819 0.44198836653153567 0.11423339222320132 0.33239907725477347 0.0 0.0 0.0 0.0 0.0 0.0 0.0 0.0 0.3629005085923879 0.0 0.0 0.0 0.0 0.0 0.0
a1y31d6dedacyj
if not then what is the magic recipe that will bring out a solution to the problems
0.17758279913698882 0.12591926401396258 0.2054849950489214 0.1813156240783898 0.07687150110791918 0.0501741872740651 0.0 0.0 0.07106320142704704 0.0 0.0 0.06352201821830356 0.08340490277480843 0.33156316029192656 0.0 0.0 0.2753147225148956 0.0 0.0 0.0 0.0 0.0 0.0 0.0 0.0 0.0 0.0 0.0 0.0 0.0 0.0 0.0 0.0 0.0 0.0 0.0 0.5015850284034656 0.5254359171157106 0.13032430587065788 0.3154634055579829 0.2357041260549445 0.0 0.0 0.0 0.0 0.0 0.0 0.0 0.0 0.0 0.0
au2ar4vob7vlv
if not then what is the magic recipe that will bring out a solution to the problems
0.17758279913698882 0.12591926401396258 0.2054849950489214 0.1813156240783898 0.07687150110791918 0.0501741872740651 0.0 0.0 0.07106320142704704 0.0 0.0 0.06352201821830356 0.08340490277480843 0.33156316029192656 0.0 0.0 0.2753147225148956 0.0 0.0 0.0 0.0 0.0 0.0 0.0 0.0 0.0 0.0 0.0 0.0 0.0 0.0 0.0 0.0 0.0 0.0 0.0 0.5015850284034656 0.5254359171157106 0.13032430587065788 0.3154634055579829 0.2357041260549445 0.0 0.0 0.0 0.0 0.0 0.0 0.0 0.0 0.0 0.0
a6tw9zegog7ph
if not then what is the magic recipe that will bring about a solution to the problem
0.17758279913698882 0.12591926401396258 0.2054849950489214 0.1813156240783898 0.07687150110791918 0.0501741872740651 0.0 0.0 0.07106320142704704 0.0 0.0 0.06352201821830356 0.08340490277480843 0.33156316029192656 0.0 0.0 0.0 0.0 0.0 0.0 0.0 0.0 0.0 0.0 0.0 0.0 0.0 0.0 0.0 0.28172210968091455 0.0 0.0 0.0 0.0 0.0 0.0 0.5015850284034656 0.5254359171157106 0.13032430587065788 0.3154634055579829 0.0 0.0 0.0 0.0 0.0 0.18329669150374903 0.0 0.0 0.0 0.0 0.0
a1wrvfwizbd6rc
if not then what are the specific actions that will provide solutions to these problems
0.20126050568858733 0.14270849921582424 0.23288299438877758 0.20549104062217513 0.0 0.028432039455303555 0.0 0.0 0.08053829495065332 0.0 0.0 0.0719916206474107 0.0 0.0 0.0 0.20076684248814883 0.3120233521835483 0.0 0.0 0.0 0.0 0.0 0.0 0.0 0.0 0.0 0.0 0.0 0.0 0.0 0.0 0.0 0.0 0.0 0.0 0.0 0.0 0.0 0.1477008799867456 0.0 0.0 0.4881981785688653 0.0 0.0 0.0 0.0 0.14040910359018843 0.3357000815565988 0.3909571770555642 0.5222532201532647 0.0
a6tw9zegog7ph
if not then what is the specific prescription which will solve the problem
0.23222366040990844 0.16466365294133567 0.26871114737166646 0.23710504687174053 0.10052427067958664 0.0656123987430082 0.0 0.0 0.0 0.0 0.0 0.0 0.0 0.0 0.0 0.0 0.0 0.0 0.0 0.0 0.0 0.23196422314232082 0.0 0.0 0.0 0.6699436184348362 0.0 0.0 0.0 0.36840583573658053 0.0 0.0 0.0 0.0 0.0 0.0 0.0 0.0 0.17042409229239877 0.0 0.0 0.5633055906563831 0.0 0.0 0.0 0.0 0.0 0.0 0.0 0.0 0.46804603442228554
au2ar4vob7vlv
if not then what is the solution of the problems
0.301890758532881 0.21406274882373638 0.34932449158316636 0.3082365609332627 0.13068155188346262 0.08529611836591067 0.0 0.0 0.0 0.0 0.0 0.0 0.0 0.5636573724962751 0.08399417825978182 0.0 0.4680350282753225 0.0 0.0 0.0 0.0 0.0 0.0 0.0 0.0 0.0 0.0 0.0 0.0 0.0 0.0 0.0 0.0 0.0 0.0 0.0 0.0 0.0 0.0 0.0 0.0 0.0 0.0 0.0 0.0 0.0 0.0 0.0 0.0 0.0 0.0
amd40d0gc1l4r
if not then what is the chemical prescription that will take us to the solution of these problems
0.16771708807382277 0.11892374934652021 0.19406916199064797 0.1712425338518126 0.07260086215747924 0.04738673242550592 0.0 0.0 0.0671152457922111 0.0 0.0 0.059993017206175586 0.0 0.31314298472015284 0.04666343236654546 0.16730570207345735 0.26001946015295696 0.38430597613471196 0.0 0.0 0.0 0.0 0.0 0.0 0.0 0.4838481688696039 0.0 0.0 0.0 0.0 0.0 0.0 0.20322943345818248 0.0 0.0 0.0 0.0 0.0 0.12308406665562134 0.0 0.0 0.0 0.0 0.21446481493012115 0.0 0.0 0.0 0.0 0.0 0.0 0.0
