industrialists have given an ultimatum for shutting down factories the closure of served that they would close threatened to shut their producers industrialist before closing industry holders gave ultimatem stop mills a shutdown give leaders issued and by threatening
industrialists have given an ultimatum for shutting down factories
0.902386708305639 0.2542188919987144 0.4891669877199484 0.3278183628639544 0.83845735887191 0.21452329990471278 1.0244547403798734 0.5785241293033808 0.8704220335887745 0.0 0.0 0.0 0.0 0.0 0.0 0.0 0.0 0.0 0.0 0.0 0.0 0.0 0.0 0.0 0.0 0.0 0.0 0.0 0.0 0.0 0.0 0.0 0.0 0.0 0.0 0.0 0.0 0.0 0.0
the industrialists have given an ultimatum for the closure of factories
0.7383163977046138 0.2079972752716754 0.4002275354072305 0.26821502416141724 0.6860105663497446 0.17551906355840138 0.0 0.0 0.7121634820271792 0.07754192578719152 0.7200736072080546 0.07635834387252893 0.0 0.0 0.0 0.0 0.0 0.0 0.0 0.0 0.0 0.0 0.0 0.0 0.0 0.0 0.0 0.0 0.0 0.0 0.0 0.0 0.0 0.0 0.0 0.0 0.0 0.0 0.0
the industrialists have served the ultimatum that they would close down the factories
0.6247292595962116 0.17599769446064842 0.0 0.0 0.5804704792190146 0.0 0.0 0.4005167049023406 0.6025998694076131 0.09841859811451231 0.0 0.0 0.6440611386947429 0.09292880186613844 0.1987468275433992 0.2660838498794437 0.44184569027566056 0.0 0.0 0.0 0.0 0.0 0.0 0.0 0.0 0.0 0.0 0.0 0.0 0.0 0.0 0.0 0.0 0.0 0.0 0.0 0.0 0.0 0.0
industrialists have threatened to shut down their factories
1.015185046843844 0.2859962534985537 0.0 0.0 0.0 0.0 0.0 0.6508396454663035 0.9792247877873713 0.0 0.0 0.0 0.0 0.0 0.0 0.0 0.0 0.8527746738275613 0.13498428871389506 0.8925813902173781 0.3721526374654762 0.0 0.0 0.0 0.0 0.0 0.0 0.0 0.0 0.0 0.0 0.0 0.0 0.0 0.0 0.0 0.0 0.0 0.0
a3dd3acpmvdvca
the producers have given the ultimatum to close the factories
0.0 0.22879700279884294 0.44025028894795354 0.0 0.754611622984719 0.0 0.0 0.0 0.7833798302298971 0.127944177548866 0.0 0.0 0.0 0.0 0.0 0.0 0.5743993973583588 0.0 0.10798743097111604 0.0 0.0 0.893241059096708 0.0 0.0 0.0 0.0 0.0 0.0 0.0 0.0 0.0 0.0 0.0 0.0 0.0 0.0 0.0 0.0 0.0
a3fq8i38xt2b4z
industrialist have given an ultimatum before closing the factories
0.0 0.2542188919987144 0.4891669877199484 0.3278183628639544 0.83845735887191 0.0 0.0 0.0 0.8704220335887745 0.04738673242550592 0.0 0.0 0.0 0.0 0.0 0.0 0.0 0.0 0.0 0.0 0.0 0.0 0.7981345262397579 0.4894668829387445 0.7803186762314046 0.0 0.0 0.0 0.0 0.0 0.0 0.0 0.0 0.0 0.0 0.0 0.0 0.0 0.0
a353ocl6lm6m4o
industry holders gave ultimatem to stop mills
0.0 0.0 0.0 0.0 0.0 0.0 0.0 0.0 0.0 0.0 0.0 0.0 0.0 0.0 0.0 0.0 0.0 0.0 0.15426775853016578 0.0 0.0 0.0 0.0 0.0 0.0 1.1770376300581622 1.1602114821072502 0.7526927064053476 1.474100707440996 0.6583254192445859 1.27605865585244 0.0 0.0 0.0 0.0 0.0 0.0 0.0 0.0
a8v7wa74iohz9
industrialists have threatened a shutdown ultimatum
1.3535800624584586 0.3813283379980716 0.0 0.0 1.257686038307865 0.0 0.0 0.0 0.0 0.0 0.0 0.0 0.0 0.0 0.0 0.0 0.0 1.1370328984367484 0.0 0.0 0.0 0.0 0.0 0.0 0.0 0.0 0.0 0.0 0.0 0.0 0.0 0.23631389119529056 1.53668211056981 0.0 0.0 0.0 0.0 0.0 0.0
a1dndzlo2d5d48
the producers have given the ultimatum to close the factories
0.0 0.22879700279884294 0.44025028894795354 0.0 0.754611622984719 0.0 0.0 0.0 0.7833798302298971 0.127944177548866 0.0 0.0 0.0 0.0 0.0 0.0 0.5743993973583588 0.0 0.10798743097111604 0.0 0.0 0.893241059096708 0.0 0.0 0.0 0.0 0.0 0.0 0.0 0.0 0.0 0.0 0.0 0.0 0.0 0.0 0.0 0.0 0.0
a3odrygim0wb3t
the producers have given the ultimatum of closing the factories
0.0 0.22879700279884294 0.44025028894795354 0.0 0.754611622984719 0.0 0.0 0.0 0.7833798302298971 0.127944177548866 0.0 0.08399417825978182 0.0 0.0 0.0 0.0 0.0 0.0 0.0 0.0 0.0 0.893241059096708 0.0 0.0 0.7022868086082641 0.0 0.0 0.0 0.0 0.0 0.0 0.0 0.0 0.0 0.0 0.0 0.0 0.0 0.0
a6tw9zegog7ph
the producers have given the ultimatum to close the factories
0.0 0.22879700279884294 0.44025028894795354 0.0 0.754611622984719 0.0 0.0 0.0 0.7833798302298971 0.127944177548866 0.0 0.0 0.0 0.0 0.0 0.0 0.5743993973583588 0.0 0.10798743097111604 0.0 0.0 0.893241059096708 0.0 0.0 0.0 0.0 0.0 0.0 0.0 0.0 0.0 0.0 0.0 0.0 0.0 0.0 0.0 0.0 0.0
a2scjh3oqhuw2a
industrialists give an ultimatum before closing the factories
1.015185046843844 0.0 0.0 0.3687956582219487 0.9432645287308987 0.0 0.0 0.0 0.9792247877873713 0.05331007397869417 0.0 0.0 0.0 0.0 0.0 0.0 0.0 0.0 0.0 0.0 0.0 0.0 0.0 0.5506502433060876 0.8778585107603302 0.0 0.0 0.0 0.0 0.0 0.0 0.0 0.0 0.5516678880040501 0.0 0.0 0.0 0.0 0.0
a2oe085okcwole
industrialist have given an ultimatum before closing the factories
0.0 0.2542188919987144 0.4891669877199484 0.3278183628639544 0.83845735887191 0.0 0.0 0.0 0.8704220335887745 0.04738673242550592 0.0 0.0 0.0 0.0 0.0 0.0 0.0 0.0 0.0 0.0 0.0 0.0 0.7981345262397579 0.4894668829387445 0.7803186762314046 0.0 0.0 0.0 0.0 0.0 0.0 0.0 0.0 0.0 0.0 0.0 0.0 0.0 0.0
a330jjzgjl7ig2
industrialist have given an ultimatum before closing the factories
0.0 0.2542188919987144 0.4891669877199484 0.3278183628639544 0.83845735887191 0.0 0.0 0.0 0.8704220335887745 0.04738673242550592 0.0 0.0 0.0 0.0 0.0 0.0 0.0 0.0 0.0 0.0 0.0 0.0 0.7981345262397579 0.4894668829387445 0.7803186762314046 0.0 0.0 0.0 0.0 0.0 0.0 0.0 0.0 0.0 0.0 0.0 0.0 0.0 0.0
a2190f96xfy41l
industry leaders gave an ultimatum to stop the mills
0.0 0.0 0.0 0.3278183628639544 0.83845735887191 0.0 0.0 0.0 0.0 0.04738673242550592 0.0 0.0 0.0 0.0 0.0 0.0 0.0 0.0 0.11998603441235117 0.0 0.0 0.0 0.0 0.0 0.0 0.9154737122674594 0.0 0.5854276605374926 0.0 0.5120308816346779 0.9924900656630089 0.0 0.0 0.0 0.4891669877199484 0.0 0.0 0.0 0.0
a3c1u2evw0nuff
industry holders gave an ultimatum to stop the mills
0.0 0.0 0.0 0.3278183628639544 0.83845735887191 0.0 0.0 0.0 0.0 0.04738673242550592 0.0 0.0 0.0 0.0 0.0 0.0 0.0 0.0 0.11998603441235117 0.0 0.0 0.0 0.0 0.0 0.0 0.9154737122674594 0.902386708305639 0.5854276605374926 0.0 0.5120308816346779 0.9924900656630089 0.0 0.0 0.0 0.0 0.0 0.0 0.0 0.0
a2epq8pt6mk3tp
industry holders gave an ultimatum to stop mills
0.0 0.0 0.0 0.3687956582219487 0.9432645287308987 0.0 0.0 0.0 0.0 0.0 0.0 0.0 0.0 0.0 0.0 0.0 0.0 0.0 0.13498428871389506 0.0 0.0 0.0 0.0 0.0 0.0 1.029907926300892 1.015185046843844 0.6586061181046792 0.0 0.5760347418390126 1.116551323870885 0.0 0.0 0.0 0.0 0.0 0.0 0.0 0.0
aonmraht4motn
industrialists have issued and ultimatum by threatening a shutdown
0.902386708305639 0.2542188919987144 0.0 0.0 0.83845735887191 0.0 0.0 0.0 0.0 0.0 0.0 0.0 0.0 0.0 0.0 0.0 0.0 0.0 0.0 0.0 0.0 0.0 0.0 0.0 0.0 0.0 0.0 0.0 0.0 0.0 0.0 0.1575425941301937 1.0244547403798734 0.0 0.0 0.7423465324845094 0.11044055997803243 0.27727325126682756 0.7614410054763605
