bush expressed embarrassment over some of the crimes committed in abu ghraib and guantanamo prisons also showed his sense on a number occurring bay at gharib jails regrets has shown abashment regarding gountanamo shame going guatenamo was embarrassed about garib jailed is guilt crime guantanemo by graib guilty
bush expressed embarrassment over some of the crimes committed in abu ghraib and guantanamo prisons
0.26510556889105463 0.34956874245687625 0.5684630321905944 0.24901971532854708 0.26510556889105463 0.05599611883985455 0.028432039455303555 0.35567322202524226 0.4284589769317562 0.06865538016377874 0.36602608098564465 0.5581863202021106 0.06626433598681945 0.40760082217973365 0.5222532201532647 0.0 0.0 0.0 0.0 0.0 0.0 0.0 0.0 0.0 0.0 0.0 0.0 0.0 0.0 0.0 0.0 0.0 0.0 0.0 0.0 0.0 0.0 0.0 0.0 0.0 0.0 0.0 0.0 0.0 0.0 0.0 0.0 0.0
bush also showed his sense of embarrassment on a number of crimes occurring in abu ghraib and guantanamo bay
0.20929387017714837 0.0 0.44878660436099554 0.0 0.0 0.08841492448398088 0.0 0.28079464896729656 0.0 0.054201615918772685 0.28896795867287733 0.44067341068587673 0.05231394946327852 0.3217901227734739 0.0 0.145218181898909 0.31800204384583763 0.1405495747992132 0.35749181197214785 0.09857935591451596 0.0746254393248286 0.23965862364748033 0.43364544265300714 0.32420115098564734 0.0 0.0 0.0 0.0 0.0 0.0 0.0 0.0 0.0 0.0 0.0 0.0 0.0 0.0 0.0 0.0 0.0 0.0 0.0 0.0 0.0 0.0 0.0 0.0
bush expressed embarrassment at some of the crimes committed in the guantanamo and abu gharib jails
0.2485364708353637 0.3277206960533215 0.5329340926786822 0.0 0.2485364708353637 0.05249636141236364 0.05331007397869417 0.33344364564866463 0.4016802908735215 0.06436441890354257 0.34314945092404187 0.0 0.06212281498764324 0.3821257707935003 0.0 0.0 0.0 0.0 0.0 0.0 0.0 0.0 0.0 0.0 0.19359999086902968 0.5443291899783044 0.5762557914636788 0.0 0.0 0.0 0.0 0.0 0.0 0.0 0.0 0.0 0.0 0.0 0.0 0.0 0.0 0.0 0.0 0.0 0.0 0.0 0.0 0.0
bush expressed regrets over the crimes committed in abu ghraib and guantanamo bay prisons
0.2840416809547014 0.3745379383466531 0.0 0.2668068378520147 0.0 0.0 0.030462899416396665 0.38107845216990244 0.45906318956973885 0.07355933588976293 0.39217080105604785 0.5980567716451184 0.07099750284302085 0.4367151666211432 0.5595570215927836 0.0 0.0 0.0 0.0 0.0 0.0 0.0 0.0 0.4399872763376642 0.0 0.0 0.0 0.6220905028323479 0.0 0.0 0.0 0.0 0.0 0.0 0.0 0.0 0.0 0.0 0.0 0.0 0.0 0.0 0.0 0.0 0.0 0.0 0.0 0.0
alzgu09bjzsiw
bush has shown some abashment regarding the crimes in abu gharib and gountanamo prisons
0.2840416809547014 0.0 0.0 0.0 0.2840416809547014 0.0 0.030462899416396665 0.38107845216990244 0.0 0.07355933588976293 0.39217080105604785 0.0 0.07099750284302085 0.0 0.5595570215927836 0.0 0.0 0.0 0.0 0.0 0.0 0.0 0.0 0.0 0.0 0.6220905028323479 0.0 0.0 0.14662840128080168 0.41102548290136676 0.63802932792622 0.38306270674897924 0.6585780473870615 0.0 0.0 0.0 0.0 0.0 0.0 0.0 0.0 0.0 0.0 0.0 0.0 0.0 0.0 0.0
a3dd3acpmvdvca
bush expressed shame at some of the crimes going on in the abu ghraib and guatenamo jails
0.23391667843328348 0.30844300805018493 0.0 0.0 0.23391667843328348 0.04940834015281284 0.0501741872740651 0.31382931355168436 0.0 0.06057827661509889 0.3229641891049806 0.4925173413548034 0.058468531753075995 0.0 0.0 0.0 0.0 0.0 0.0 0.11017692719857666 0.0 0.0 0.0 0.0 0.18221175611202794 0.0 0.5423583919658154 0.0 0.0 0.0 0.0 0.0 0.0 0.3756987834919203 0.26206316332287494 0.5254359171157106 0.0 0.0 0.0 0.0 0.0 0.0 0.0 0.0 0.0 0.0 0.0 0.0
a2llfcd7di80k3
bush was embarrassed about the crimes committed in abu garib and guantanamo bay prisons
0.2840416809547014 0.0 0.0 0.0 0.0 0.0 0.030462899416396665 0.38107845216990244 0.45906318956973885 0.07355933588976293 0.39217080105604785 0.0 0.07099750284302085 0.4367151666211432 0.5595570215927836 0.0 0.0 0.0 0.0 0.0 0.0 0.0 0.0 0.4399872763376642 0.0 0.0 0.0 0.0 0.0 0.0 0.0 0.0 0.0 0.0 0.0 0.0 0.15698706649958089 0.6090675344899225 0.2225745539688381 0.6585780473870615 0.0 0.0 0.0 0.0 0.0 0.0 0.0 0.0
a3kwcqj39dxkt4
bush jailed abu and is in guilt of crime
0.44184261481842435 0.0 0.0 0.0 0.0 0.09332686473309092 0.0 0.0 0.0 0.1144256336062979 0.6100434683094078 0.0 0.11044055997803243 0.0 0.0 0.0 0.0 0.0 0.0 0.0 0.0 0.0 0.0 0.0 0.0 0.0 0.0 0.0 0.0 0.0 0.0 0.0 0.0 0.0 0.0 0.0 0.0 0.0 0.0 0.0 1.0695064190585584 0.14520172431495848 0.8456283056649734 0.599050140769974 0.0 0.0 0.0 0.0
a1gs7jkyim7v5u
bush has shown some abashment regarding the crimes in abu gharib and gountanamo prisons
0.2840416809547014 0.0 0.0 0.0 0.2840416809547014 0.0 0.030462899416396665 0.38107845216990244 0.0 0.07355933588976293 0.39217080105604785 0.0 0.07099750284302085 0.0 0.5595570215927836 0.0 0.0 0.0 0.0 0.0 0.0 0.0 0.0 0.0 0.0 0.6220905028323479 0.0 0.0 0.14662840128080168 0.41102548290136676 0.63802932792622 0.38306270674897924 0.6585780473870615 0.0 0.0 0.0 0.0 0.0 0.0 0.0 0.0 0.0 0.0 0.0 0.0 0.0 0.0 0.0
air4uqnpimfcj
bush has shown some abashment regarding the crimes in abu gharib and guantanamo prisons
0.2840416809547014 0.0 0.0 0.0 0.2840416809547014 0.0 0.030462899416396665 0.38107845216990244 0.0 0.07355933588976293 0.39217080105604785 0.0 0.07099750284302085 0.4367151666211432 0.5595570215927836 0.0 0.0 0.0 0.0 0.0 0.0 0.0 0.0 0.0 0.0 0.6220905028323479 0.0 0.0 0.14662840128080168 0.41102548290136676 0.63802932792622 0.38306270674897924 0.0 0.0 0.0 0.0 0.0 0.0 0.0 0.0 0.0 0.0 0.0 0.0 0.0 0.0 0.0 0.0
a291u81kgj6l9n
bush has shown some abashment regarding the crimes in abu gharib and gountanamo prisons
0.2840416809547014 0.0 0.0 0.0 0.2840416809547014 0.0 0.030462899416396665 0.38107845216990244 0.0 0.07355933588976293 0.39217080105604785 0.0 0.07099750284302085 0.0 0.5595570215927836 0.0 0.0 0.0 0.0 0.0 0.0 0.0 0.0 0.0 0.0 0.6220905028323479 0.0 0.0 0.14662840128080168 0.41102548290136676 0.63802932792622 0.38306270674897924 0.6585780473870615 0.0 0.0 0.0 0.0 0.0 0.0 0.0 0.0 0.0 0.0 0.0 0.0 0.0 0.0 0.0
air4uqnpimfcj
bush expressed shame at some of the crimes going on in the abu ghraib and guantanemo jails
0.23391667843328348 0.30844300805018493 0.0 0.0 0.23391667843328348 0.04940834015281284 0.0501741872740651 0.31382931355168436 0.0 0.06057827661509889 0.3229641891049806 0.4925173413548034 0.058468531753075995 0.0 0.0 0.0 0.0 0.0 0.0 0.11017692719857666 0.0 0.0 0.0 0.0 0.18221175611202794 0.0 0.5423583919658154 0.0 0.0 0.0 0.0 0.0 0.0 0.3756987834919203 0.26206316332287494 0.0 0.0 0.0 0.0 0.0 0.0 0.0 0.0 0.0 0.60698264424041 0.0 0.0 0.0
a6tw9zegog7ph
bush expressed shame at some of the crimes going on in the abu ghraib and guantanamo prisons
0.23391667843328348 0.30844300805018493 0.0 0.0 0.23391667843328348 0.04940834015281284 0.0501741872740651 0.31382931355168436 0.0 0.06057827661509889 0.3229641891049806 0.4925173413548034 0.058468531753075995 0.35964778427623556 0.4608116648411159 0.0 0.0 0.0 0.0 0.11017692719857666 0.0 0.0 0.0 0.0 0.18221175611202794 0.0 0.0 0.0 0.0 0.0 0.0 0.0 0.0 0.3756987834919203 0.26206316332287494 0.0 0.0 0.0 0.0 0.0 0.0 0.0 0.0 0.0 0.0 0.0 0.0 0.0
a1dndzlo2d5d48
bush expressed shame at some of the crimes going on in the abu ghraib and guantanamo prisons
0.23391667843328348 0.30844300805018493 0.0 0.0 0.23391667843328348 0.04940834015281284 0.0501741872740651 0.31382931355168436 0.0 0.06057827661509889 0.3229641891049806 0.4925173413548034 0.058468531753075995 0.35964778427623556 0.4608116648411159 0.0 0.0 0.0 0.0 0.11017692719857666 0.0 0.0 0.0 0.0 0.18221175611202794 0.0 0.0 0.0 0.0 0.0 0.0 0.0 0.0 0.3756987834919203 0.26206316332287494 0.0 0.0 0.0 0.0 0.0 0.0 0.0 0.0 0.0 0.0 0.0 0.0 0.0
attzel5iaoiw5
bush was embarrassed about the crimes committed in abu garib and guantanamo bay prisons
0.2840416809547014 0.0 0.0 0.0 0.0 0.0 0.030462899416396665 0.38107845216990244 0.45906318956973885 0.07355933588976293 0.39217080105604785 0.0 0.07099750284302085 0.4367151666211432 0.5595570215927836 0.0 0.0 0.0 0.0 0.0 0.0 0.0 0.0 0.4399872763376642 0.0 0.0 0.0 0.0 0.0 0.0 0.0 0.0 0.0 0.0 0.0 0.0 0.15698706649958089 0.6090675344899225 0.2225745539688381 0.6585780473870615 0.0 0.0 0.0 0.0 0.0 0.0 0.0 0.0
am78upj6d5fvk
bush was embarrassed by the crimes committed in abu garib and guantanamo bay
0.30589104102813996 0.0 0.0 0.0 0.0 0.0 0.0328061993715041 0.4103921792598949 0.4943757426135649 0.07921774634282162 0.4223377857526669 0.0 0.07645884921556091 0.47030864097661573 0.0 0.0 0.0 0.0 0.0 0.0 0.0 0.0 0.0 0.47383245144056146 0.0 0.0 0.0 0.0 0.0 0.0 0.0 0.0 0.0 0.0 0.0 0.0 0.16906299469185632 0.6559188832968397 0.0 0.7092378971860662 0.0 0.0 0.0 0.0 0.0 0.19195840472318831 0.0 0.0
ajfwu2g6a1bhs
bush was embarrassed about the crimes committed in the abu graib and guantanamo bay prisons
0.26510556889105463 0.0 0.0 0.0 0.0 0.0 0.05686407891060711 0.35567322202524226 0.4284589769317562 0.06865538016377874 0.36602608098564465 0.0 0.06626433598681945 0.40760082217973365 0.5222532201532647 0.0 0.0 0.0 0.0 0.0 0.0 0.0 0.0 0.4106547912484866 0.0 0.0 0.0 0.0 0.0 0.0 0.0 0.0 0.0 0.0 0.0 0.0 0.1465212620662755 0.5684630321905944 0.20773625037091556 0.0 0.0 0.0 0.0 0.0 0.0 0.0 0.6879136634724647 0.0
a1n7r29rtnwgzs
bush jailed abu and is guilty of the crimes
0.44184261481842435 0.0 0.0 0.0 0.0 0.09332686473309092 0.04738673242550592 0.5927887033754038 0.0 0.0 0.6100434683094078 0.0 0.11044055997803243 0.0 0.0 0.0 0.0 0.0 0.0 0.0 0.0 0.0 0.0 0.0 0.0 0.0 0.0 0.0 0.0 0.0 0.0 0.0 0.0 0.0 0.0 0.0 0.0 0.0 0.0 0.0 1.0695064190585584 0.14520172431495848 0.0 0.0 0.0 0.0 0.0 0.7366472775525594
