many times blood pressure can become a cause for problems in the functioning of heart and diseases sometimes process ailments at also be responsible disturbances hearts processes becomes deficiencies disease some disorders functions faults working cardiovascular dysfunction instances is factor anomalies function as well such its it complications high certain dysfunctions hypertension both
many times blood pressure can become a cause for problems in the functioning of the heart and heart diseases
0.2068496603442811 0.302315472293873 0.24522224928038683 0.25248652811709077 0.16587721448288162 0.22178482735115712 0.0746254393248286 0.2753215061502414 0.10161629995486395 0.2463342254080645 0.054201615918772685 0.044892693876795085 0.4168847199625579 0.04420746224199044 0.4833533899473446 0.05231394946327852 0.3623535656632539 0.0 0.0 0.0 0.0 0.0 0.0 0.0 0.0 0.0 0.0 0.0 0.0 0.0 0.0 0.0 0.0 0.0 0.0 0.0 0.0 0.0 0.0 0.0 0.0 0.0 0.0 0.0 0.0 0.0 0.0 0.0 0.0 0.0 0.0 0.0 0.0
sometimes blood pressure can cause problems in the heart process and ailments of the heart
0.0 0.0 0.31061484908849 0.31981626894831494 0.21011113834498338 0.0 0.0 0.34874057445697243 0.0 0.3120233521835483 0.06865538016377874 0.05686407891060711 0.0 0.05599611883985455 0.6122476272666365 0.06626433598681945 0.0 0.368747547286995 0.4284589769317562 0.6417038514351351 0.0 0.0 0.0 0.0 0.0 0.0 0.0 0.0 0.0 0.0 0.0 0.0 0.0 0.0 0.0 0.0 0.0 0.0 0.0 0.0 0.0 0.0 0.0 0.0 0.0 0.0 0.0 0.0 0.0 0.0 0.0 0.0 0.0
at times blood pressure can also be responsible for disturbances in hearts processes and heart diseases
0.0 0.35899962334897423 0.2912014210204594 0.2998277521390453 0.19697919219842192 0.0 0.0 0.0 0.12066935619640094 0.0 0.06436441890354257 0.0 0.0 0.0 0.28699107528123585 0.06212281498764324 0.430294859225114 0.0 0.0 0.0 0.19359999086902968 0.17244659100495444 0.1341764341224469 0.34118078423283116 0.5762557914636788 0.39222835526577626 0.6015973607204391 0.0 0.0 0.0 0.0 0.0 0.0 0.0 0.0 0.0 0.0 0.0 0.0 0.0 0.0 0.0 0.0 0.0 0.0 0.0 0.0 0.0 0.0 0.0 0.0 0.0 0.0
sometimes blood pressure becomes a cause of deficiencies in the heart process and heart disease
0.0 0.0 0.31061484908849 0.31981626894831494 0.0 0.0 0.09452555647811622 0.34874057445697243 0.0 0.0 0.06865538016377874 0.028432039455303555 0.0 0.05599611883985455 0.6122476272666365 0.06626433598681945 0.0 0.368747547286995 0.4284589769317562 0.0 0.0 0.0 0.0 0.0 0.0 0.0 0.0 0.42449741556703624 0.5414320249833834 0.503074415323146 0.0 0.0 0.0 0.0 0.0 0.0 0.0 0.0 0.0 0.0 0.0 0.0 0.0 0.0 0.0 0.0 0.0 0.0 0.0 0.0 0.0 0.0 0.0
a143bvgouf83je
some times blood pressure can cause disorders in hearts functions and heart diseases
0.0 0.44184569027566056 0.3584017489482577 0.36901877186344034 0.2424359288595962 0.0 0.0 0.4023929705272759 0.0 0.0 0.07921774634282162 0.0 0.0 0.0 0.35321978496152107 0.07645884921556091 0.529593672892448 0.0 0.0 0.0 0.0 0.0 0.0 0.0 0.0 0.48274259109634 0.0 0.0 0.0 0.0 0.30589104102813996 0.6699436184348362 0.6247292595962116 0.0 0.0 0.0 0.0 0.0 0.0 0.0 0.0 0.0 0.0 0.0 0.0 0.0 0.0 0.0 0.0 0.0 0.0 0.0 0.0
a3dd3acpmvdvca
sometimes blood pressure can cause faults in the working of the heart and can become a cause of heart diseases
0.0 0.0 0.2329611368163675 0.23986220171123623 0.31516670751747505 0.21069558598359928 0.07089416735858717 0.5231108616854587 0.0 0.0 0.05149153512283405 0.042648059182955333 0.0 0.08399417825978182 0.45918572044997735 0.04969825199011459 0.3442358873800912 0.27656066046524624 0.0 0.0 0.0 0.0 0.0 0.0 0.0 0.0 0.0 0.0 0.0 0.0 0.0 0.0 0.0 0.35499145636093854 0.2729446273862649 0.0 0.0 0.0 0.0 0.0 0.0 0.0 0.0 0.0 0.0 0.0 0.0 0.0 0.0 0.0 0.0 0.0 0.0
a2de039cxxjuga
blood pressure can cause a cardiovascular diseases and dysfunction
0.0 0.0 0.5176914151474833 0.5330271149138582 0.3501852305749723 0.0 0.1575425941301937 0.5812342907616208 0.0 0.0 0.0 0.0 0.0 0.0 0.0 0.11044055997803243 0.7649686386224249 0.0 0.0 0.0 0.0 0.0 0.0 0.0 0.0 0.0 0.0 0.0 0.0 0.0 0.0 0.0 0.0 0.0 0.0 0.9924900656630089 1.0695064190585584 0.0 0.0 0.0 0.0 0.0 0.0 0.0 0.0 0.0 0.0 0.0 0.0 0.0 0.0 0.0 0.0
a3u16uhguaktzs
in some instances blood pressure is a factor in heart anomalies and heart diseases
0.0 0.0 0.33280162402338215 0.34266028815890887 0.0 0.0 0.10127738194083881 0.0 0.0 0.0 0.14711867177952587 0.0 0.0 0.0 0.6559796006428248 0.07099750284302085 0.4917655534001303 0.0 0.0 0.0 0.0 0.0 0.0 0.0 0.0 0.0 0.0 0.0 0.0 0.0 0.2840416809547014 0.0 0.0 0.0 0.0 0.0 0.0 0.6090675344899225 0.09334396563104473 0.5346779720021967 0.687539840823359 0.0 0.0 0.0 0.0 0.0 0.0 0.0 0.0 0.0 0.0 0.0 0.0
amjejkgf6r4hk
sometimes blood pressure can cause disorders in the hearts function as well as heart disease
0.0 0.0 0.31061484908849 0.31981626894831494 0.21011113834498338 0.0 0.0 0.34874057445697243 0.0 0.0 0.06865538016377874 0.028432039455303555 0.0 0.0 0.30612381363331825 0.0 0.0 0.368747547286995 0.0 0.0 0.0 0.0 0.0 0.0 0.0 0.41837691228349466 0.0 0.0 0.0 0.503074415323146 0.0 0.5806178026435247 0.0 0.0 0.0 0.0 0.0 0.0 0.0 0.0 0.0 0.4849455009575699 0.35137350280441926 0.29951365631376803 0.0 0.0 0.0 0.0 0.0 0.0 0.0 0.0 0.0
a2ll7aqr2r43j0
sometimes blood pressure can cause disorders in heart functions and heart disease
0.0 0.0 0.3882685613606125 0.3997703361853937 0.2626389229312292 0.0 0.0 0.43592571807121555 0.0 0.0 0.08581922520472342 0.0 0.0 0.0 0.7653095340832956 0.08283041998352432 0.0 0.46093443410874374 0.0 0.0 0.0 0.0 0.0 0.0 0.0 0.0 0.0 0.0 0.0 0.6288430191539325 0.0 0.7257722533044059 0.6767900312292293 0.0 0.0 0.0 0.0 0.0 0.0 0.0 0.0 0.0 0.0 0.0 0.0 0.0 0.0 0.0 0.0 0.0 0.0 0.0 0.0
a2unp2crnrfiw8
some times blood pressure can cause disorders in the heart such as its functions and heart diseases
0.0 0.3378819984460934 0.2740719256663147 0.28219082554263086 0.1853921808926324 0.0 0.0 0.30771227157968156 0.0 0.0 0.06057827661509889 0.02508709363703255 0.0 0.0 0.5402184946470322 0.058468531753075995 0.40498339691775437 0.0 0.0 0.0 0.0 0.0 0.0 0.0 0.0 0.0 0.0 0.0 0.0 0.0 0.23391667843328348 0.5123098258619335 0.4777341396912207 0.0 0.0 0.0 0.0 0.0 0.0 0.0 0.0 0.0 0.1550177218254791 0.0 0.23188105906990256 0.19493076249259475 0.0 0.0 0.0 0.0 0.0 0.0 0.0
a3uewlcbe68lil
sometimes blood pressure can cause faults in the working of the heart and can become a cause of heart diseases
0.0 0.0 0.2329611368163675 0.23986220171123623 0.31516670751747505 0.21069558598359928 0.07089416735858717 0.5231108616854587 0.0 0.0 0.05149153512283405 0.042648059182955333 0.0 0.08399417825978182 0.45918572044997735 0.04969825199011459 0.3442358873800912 0.27656066046524624 0.0 0.0 0.0 0.0 0.0 0.0 0.0 0.0 0.0 0.0 0.0 0.0 0.0 0.0 0.0 0.35499145636093854 0.2729446273862649 0.0 0.0 0.0 0.0 0.0 0.0 0.0 0.0 0.0 0.0 0.0 0.0 0.0 0.0 0.0 0.0 0.0 0.0
ag2iom8p24oek
sometimes blood pressure can cause faults in the working of the heart and can become a cause of heart disease
0.0 0.0 0.2329611368163675 0.23986220171123623 0.31516670751747505 0.21069558598359928 0.07089416735858717 0.5231108616854587 0.0 0.0 0.05149153512283405 0.042648059182955333 0.0 0.08399417825978182 0.45918572044997735 0.04969825199011459 0.0 0.27656066046524624 0.0 0.0 0.0 0.0 0.0 0.0 0.0 0.0 0.0 0.0 0.0 0.3773058114923595 0.0 0.0 0.0 0.35499145636093854 0.2729446273862649 0.0 0.0 0.0 0.0 0.0 0.0 0.0 0.0 0.0 0.0 0.0 0.0 0.0 0.0 0.0 0.0 0.0 0.0
a1u6t1v9680bs9
sometimes blood pressure can be a cause of heart disease as it can cause complications in the working of the heart
0.0 0.0 0.22186774934892142 0.22844019210593927 0.300158769064262 0.0 0.06751825462722587 0.4982008206528178 0.0 0.0 0.04903955725984196 0.04061719922186222 0.0 0.0799944554855065 0.4373197337618832 0.0 0.0 0.2633911052049964 0.0 0.0 0.0 0.0 0.10222966409329287 0.0 0.0 0.0 0.0 0.0 0.0 0.3593388680879614 0.0 0.0 0.0 0.0 0.25994726417739517 0.0 0.0 0.0 0.0 0.0 0.0 0.0 0.12549053671586402 0.0 0.0 0.0 0.09643597319174406 0.45835989388223936 0.0 0.0 0.0 0.0 0.0
a2r89rxgevg05i
high blood pressure can cause cardiovascular diseases and certain dysfunctions
0.0 0.0 0.465922273632735 0.47972440342247247 0.31516670751747505 0.0 0.0 0.5231108616854587 0.0 0.0 0.0 0.0 0.0 0.0 0.0 0.09939650398022919 0.6884717747601824 0.0 0.0 0.0 0.0 0.0 0.0 0.0 0.0 0.0 0.0 0.0 0.0 0.0 0.0 0.0 0.0 0.0 0.0 0.893241059096708 0.0 0.0 0.0 0.0 0.0 0.0 0.0 0.0 0.0 0.0 0.0 0.0 0.5159649652872441 0.6386879319362645 1.0318704952086972 0.0 0.0
a6tw9zegog7ph
blood pressure can cause cardiovascular disease and dysfunction
0.0 0.0 0.5824028420409187 0.5996555042780906 0.39395838439684383 0.0 0.0 0.6538885771068234 0.0 0.0 0.0 0.0 0.0 0.0 0.0 0.12424562997528649 0.0 0.0 0.0 0.0 0.0 0.0 0.0 0.0 0.0 0.0 0.0 0.0 0.0 0.9432645287308987 0.0 0.0 0.0 0.0 0.0 1.116551323870885 1.2031947214408782 0.0 0.0 0.0 0.0 0.0 0.0 0.0 0.0 0.0 0.0 0.0 0.0 0.0 0.0 0.0 0.0
a2sb2bw2w4t4ww
hypertension can cause cardiovascular diseases
0.0 0.0 0.0 0.0 0.6303334150349501 0.0 0.0 1.0462217233709175 0.0 0.0 0.0 0.0 0.0 0.0 0.0 0.0 1.3769435495203648 0.0 0.0 0.0 0.0 0.0 0.0 0.0 0.0 0.0 0.0 0.0 0.0 0.0 0.0 0.0 0.0 0.0 0.0 1.786482118193416 0.0 0.0 0.0 0.0 0.0 0.0 0.0 0.0 0.0 0.0 0.0 0.0 0.0 0.0 0.0 2.0637409904173944 0.0
arq4j4tltpbnc
in some instances blood pressure is a factor in both heart anomalies and diseases
0.0 0.0 0.33280162402338215 0.34266028815890887 0.0 0.0 0.10127738194083881 0.0 0.0 0.0 0.14711867177952587 0.0 0.0 0.0 0.3279898003214124 0.07099750284302085 0.4917655534001303 0.0 0.0 0.0 0.0 0.0 0.0 0.0 0.0 0.0 0.0 0.0 0.0 0.0 0.2840416809547014 0.0 0.0 0.0 0.0 0.0 0.0 0.6090675344899225 0.09334396563104473 0.5346779720021967 0.687539840823359 0.0 0.0 0.0 0.0 0.0 0.0 0.0 0.0 0.0 0.0 0.0 0.3188309307060388
