israels aerial bombing of palestines civilian population has continued for the past few days air strikes by israeli plans on palestinian have last several been continuing many jets are bombarding cities philistine is under attack force from there planes jet residential areas palestine airplanes bombardment since civil couple over bombings in aircraft upon civilians its spent
israels aerial bombing of palestines civilian population has continued for the past few days
0.4000147200565626 0.48516745910505776 0.42865834561076144 0.05999584161412987 0.5801057410536251 0.48516745910505776 0.4521229218230497 0.14662840128080168 0.3968950726635153 0.13790783565302964 0.030462899416396665 0.3893693215450992 0.3343107344823732 0.32175531573299315 0.0 0.0 0.0 0.0 0.0 0.0 0.0 0.0 0.0 0.0 0.0 0.0 0.0 0.0 0.0 0.0 0.0 0.0 0.0 0.0 0.0 0.0 0.0 0.0 0.0 0.0 0.0 0.0 0.0 0.0 0.0 0.0 0.0 0.0 0.0 0.0 0.0 0.0 0.0 0.0 0.0 0.0
the air strikes by israeli plans on the civilian palestinian population have continued for the last several days
0.0 0.0 0.0 0.0 0.0 0.3773524681928227 0.35165116141792757 0.0 0.30869616762717855 0.10726164995235639 0.07108009863825888 0.0 0.0 0.2502541344589947 0.26497938151065287 0.37265483552459705 0.13863662563341378 0.22210759210202158 0.3396673518164447 0.10405598679865574 0.2823479438476123 0.1271094459993572 0.22497825935448384 0.3271048974024254 0.0 0.0 0.0 0.0 0.0 0.0 0.0 0.0 0.0 0.0 0.0 0.0 0.0 0.0 0.0 0.0 0.0 0.0 0.0 0.0 0.0 0.0 0.0 0.0 0.0 0.0 0.0 0.0 0.0 0.0 0.0 0.0
the israeli aerial bombing of the palestinian civilian population has been continuing for many days
0.0 0.45282296183138726 0.400081122570044 0.05599611883985455 0.0 0.45282296183138726 0.42198139370151305 0.13685317452874823 0.0 0.12871397994282768 0.05686407891060711 0.0 0.0 0.3003049613507936 0.0 0.0 0.0 0.2665291105224259 0.0 0.0 0.33881753261713476 0.0 0.0 0.0 0.19631353951578737 0.41955688409012143 0.26200956976942275 0.0 0.0 0.0 0.0 0.0 0.0 0.0 0.0 0.0 0.0 0.0 0.0 0.0 0.0 0.0 0.0 0.0 0.0 0.0 0.0 0.0 0.0 0.0 0.0 0.0 0.0 0.0 0.0 0.0
israeli jets are bombarding palestinian cities for the last many days
0.0 0.0 0.0 0.0 0.0 0.0 0.0 0.0 0.0 0.17551906355840138 0.03877096289359576 0.0 0.0 0.4095067654783549 0.0 0.0 0.0 0.3634487870760353 0.0 0.0 0.4620239081142747 0.0 0.36814624258006445 0.0 0.0 0.0 0.3572857769583037 0.7490239464006486 0.19146695944116604 0.6981497838610647 0.5842622412705767 0.0 0.0 0.0 0.0 0.0 0.0 0.0 0.0 0.0 0.0 0.0 0.0 0.0 0.0 0.0 0.0 0.0 0.0 0.0 0.0 0.0 0.0 0.0 0.0 0.0
a2de039cxxjuga
the civilian population of philistine is under attack by the israeli air force for last many days
0.0 0.0 0.0 0.04940834015281284 0.0 0.3995496722041652 0.37233652385427624 0.0 0.0 0.11357115877308324 0.0501741872740651 0.0 0.0 0.2649749658977591 0.28056640395245597 0.0 0.14679172125890871 0.23517274457861106 0.0 0.0 0.0 0.0 0.23821227461062994 0.0 0.0 0.0 0.2311849145024318 0.0 0.0 0.0 0.0 0.4659299811346235 0.07687150110791918 0.25818328286453385 0.22420160233540934 0.2897104356314476 0.0 0.0 0.0 0.0 0.0 0.0 0.0 0.0 0.0 0.0 0.0 0.0 0.0 0.0 0.0 0.0 0.0 0.0 0.0 0.0
a3dd3acpmvdvca
from the last few days there has been bombing by israeli planes on the palestinian civilian population
0.0 0.0 0.3530127552088624 0.0 0.0 0.3995496722041652 0.37233652385427624 0.12075280105477786 0.0 0.0 0.0501741872740651 0.0 0.2753147225148956 0.2649749658977591 0.0 0.0 0.14679172125890871 0.23517274457861106 0.0 0.11017692719857666 0.2989566464268836 0.0 0.23821227461062994 0.0 0.17321782898451826 0.0 0.0 0.0 0.0 0.0 0.0 0.0 0.0 0.0 0.0 0.0 0.14193497878988465 0.16846970604252764 0.3436098904475744 0.0 0.0 0.0 0.0 0.0 0.0 0.0 0.0 0.0 0.0 0.0 0.0 0.0 0.0 0.0 0.0 0.0
a2aktvoca80377
israels jet planes have been bombarding on the residential areas of palestine for last many days
0.35001288004949227 0.0 0.0 0.05249636141236364 0.0 0.0 0.0 0.0 0.0 0.12066935619640094 0.026655036989347083 0.0 0.0 0.281535901266369 0.0 0.0 0.0 0.0 0.0 0.1170629851484877 0.0 0.14299812674927684 0.2531005417737943 0.0 0.18404394329605064 0.0 0.2456339716588338 0.0 0.0 0.479977976404482 0.0 0.0 0.0 0.0 0.0 0.0 0.0 0.0 0.3650855086005478 0.48961239389368566 0.5232996751894786 0.3066911812644957 0.30058228846618706 0.0 0.0 0.0 0.0 0.0 0.0 0.0 0.0 0.0 0.0 0.0 0.0 0.0
a8v7wa74iohz9
israeli airplanes bombardment is continued since many days on palestinian civil population
0.0 0.0 0.0 0.0 0.0 0.0 0.5274767421268913 0.0 0.46304425144076783 0.0 0.0 0.0 0.0 0.37538120168849204 0.0 0.0 0.0 0.33316138815303237 0.0 0.1560839801979836 0.42352191577141846 0.0 0.0 0.0 0.0 0.0 0.3275119622117784 0.0 0.0 0.0 0.0 0.0 0.10890129323621885 0.0 0.0 0.0 0.0 0.0 0.0 0.0 0.0 0.0 0.0 0.7257722533044059 0.6288430191539325 0.3874020024255376 0.5408386296331563 0.0 0.0 0.0 0.0 0.0 0.0 0.0 0.0 0.0
a1u0rzs5qypubm
the civilian population of palestine has been under attack by the israeli air force for many days
0.0 0.0 0.0 0.04940834015281284 0.0 0.3995496722041652 0.37233652385427624 0.12075280105477786 0.0 0.11357115877308324 0.0501741872740651 0.0 0.0 0.2649749658977591 0.28056640395245597 0.0 0.14679172125890871 0.23517274457861106 0.0 0.0 0.0 0.0 0.0 0.0 0.17321782898451826 0.0 0.2311849145024318 0.0 0.0 0.0 0.0 0.0 0.0 0.25818328286453385 0.22420160233540934 0.2897104356314476 0.0 0.0 0.0 0.0 0.0 0.0 0.28290097737994074 0.0 0.0 0.0 0.0 0.0 0.0 0.0 0.0 0.0 0.0 0.0 0.0 0.0
a3m4exda4ue7bp
the civilian population of philistine has been under attack by the israeli air force for the past couple of days
0.0 0.0 0.0 0.08399417825978182 0.0 0.33961722137354045 0.3164860452761348 0.10263988089656118 0.0 0.09653548495712075 0.063972088774433 0.2725585250815694 0.0 0.2252287210130952 0.23848144335958757 0.0 0.12477296307007239 0.19989683289181942 0.0 0.0 0.0 0.0 0.0 0.0 0.1472351546368405 0.0 0.0 0.0 0.0 0.0 0.0 0.39604048396443 0.0 0.2194557904348538 0.19057136198509794 0.24625387028673046 0.0 0.0 0.0 0.0 0.0 0.0 0.0 0.0 0.0 0.0 0.0 0.5159352476043486 0.0 0.0 0.0 0.0 0.0 0.0 0.0 0.0
a330jjzgjl7ig2
the civilian population of philistine is under attack by the israeli air force for last many days
0.0 0.0 0.0 0.04940834015281284 0.0 0.3995496722041652 0.37233652385427624 0.0 0.0 0.11357115877308324 0.0501741872740651 0.0 0.0 0.2649749658977591 0.28056640395245597 0.0 0.14679172125890871 0.23517274457861106 0.0 0.0 0.0 0.0 0.23821227461062994 0.0 0.0 0.0 0.2311849145024318 0.0 0.0 0.0 0.0 0.4659299811346235 0.07687150110791918 0.25818328286453385 0.22420160233540934 0.2897104356314476 0.0 0.0 0.0 0.0 0.0 0.0 0.0 0.0 0.0 0.0 0.0 0.0 0.0 0.0 0.0 0.0 0.0 0.0 0.0 0.0
air4uqnpimfcj
over the last few days there have been bombings by israeli planes on the palestinian civilian population
0.0 0.0 0.0 0.0 0.0 0.3995496722041652 0.37233652385427624 0.0 0.0 0.0 0.0501741872740651 0.0 0.2753147225148956 0.2649749658977591 0.0 0.0 0.14679172125890871 0.23517274457861106 0.0 0.11017692719857666 0.2989566464268836 0.1345864722346135 0.23821227461062994 0.0 0.17321782898451826 0.0 0.0 0.0 0.0 0.0 0.0 0.0 0.0 0.0 0.0 0.0 0.0 0.16846970604252764 0.3436098904475744 0.0 0.0 0.0 0.0 0.0 0.0 0.0 0.0 0.0 0.21972327823107096 0.4200383012787662 0.0 0.0 0.0 0.0 0.0 0.0
a3lhs82826iskx
for the last few days there have been bombings by israeli planes on the palestinian civilian population
0.0 0.0 0.0 0.0 0.0 0.3995496722041652 0.37233652385427624 0.0 0.0 0.11357115877308324 0.0501741872740651 0.0 0.2753147225148956 0.2649749658977591 0.0 0.0 0.14679172125890871 0.23517274457861106 0.0 0.11017692719857666 0.2989566464268836 0.1345864722346135 0.23821227461062994 0.0 0.17321782898451826 0.0 0.0 0.0 0.0 0.0 0.0 0.0 0.0 0.0 0.0 0.0 0.0 0.16846970604252764 0.3436098904475744 0.0 0.0 0.0 0.0 0.0 0.0 0.0 0.0 0.0 0.0 0.4200383012787662 0.0 0.0 0.0 0.0 0.0 0.0
al2rcq9eyun61
in the last few days there have been bombings by israeli aircraft upon palestinian civilians
0.0 0.0 0.0 0.0 0.0 0.0 0.0 0.0 0.0 0.0 0.028432039455303555 0.0 0.3120233521835483 0.3003049613507936 0.0 0.0 0.16636395076009652 0.2665291105224259 0.0 0.0 0.33881753261713476 0.15253133519922862 0.2699739112253806 0.0 0.19631353951578737 0.0 0.0 0.0 0.0 0.0 0.0 0.0 0.0 0.0 0.0 0.0 0.0 0.19093233351486466 0.0 0.0 0.0 0.0 0.0 0.0 0.0 0.0 0.0 0.0 0.0 0.476043408115935 0.06865538016377874 0.49522221294605373 0.34874057445697243 0.4086033473373697 0.0 0.0
a6tw9zegog7ph
israels jet planes have been bombarding the residential areas of palestine for last many days
0.3733470720527918 0.0 0.0 0.05599611883985455 0.0 0.0 0.0 0.0 0.0 0.12871397994282768 0.028432039455303555 0.0 0.0 0.3003049613507936 0.0 0.0 0.0 0.0 0.0 0.0 0.0 0.15253133519922862 0.2699739112253806 0.0 0.19631353951578737 0.0 0.26200956976942275 0.0 0.0 0.5119765081647808 0.0 0.0 0.0 0.0 0.0 0.0 0.0 0.0 0.38942454250725095 0.5222532201532647 0.5581863202021106 0.32713726001546206 0.3206211076972662 0.0 0.0 0.0 0.0 0.0 0.0 0.0 0.0 0.0 0.0 0.0 0.0 0.0
a280uzceezwu2x
israels jet planes have been bombarding residential areas of palestine for the last few days
0.3733470720527918 0.0 0.0 0.05599611883985455 0.0 0.0 0.0 0.0 0.0 0.12871397994282768 0.028432039455303555 0.0 0.3120233521835483 0.3003049613507936 0.0 0.0 0.0 0.0 0.0 0.0 0.0 0.15253133519922862 0.2699739112253806 0.0 0.19631353951578737 0.0 0.0 0.0 0.0 0.5119765081647808 0.0 0.0 0.0 0.0 0.0 0.0 0.0 0.0 0.38942454250725095 0.5222532201532647 0.5581863202021106 0.32713726001546206 0.3206211076972662 0.0 0.0 0.0 0.0 0.0 0.0 0.0 0.0 0.0 0.0 0.0 0.0 0.0
a3l62wt9zlhu7v
israels jet planes have been bombarding the residential areas of palestine for last several days
0.3733470720527918 0.0 0.0 0.05599611883985455 0.0 0.0 0.0 0.0 0.0 0.12871397994282768 0.028432039455303555 0.0 0.0 0.3003049613507936 0.0 0.0 0.0 0.0 0.0 0.0 0.0 0.15253133519922862 0.2699739112253806 0.39252587688291046 0.19631353951578737 0.0 0.0 0.0 0.0 0.5119765081647808 0.0 0.0 0.0 0.0 0.0 0.0 0.0 0.0 0.38942454250725095 0.5222532201532647 0.5581863202021106 0.32713726001546206 0.3206211076972662 0.0 0.0 0.0 0.0 0.0 0.0 0.0 0.0 0.0 0.0 0.0 0.0 0.0
a16mcti18dipwt
israeli airplanes bombardment has continued since its many days spent in the palestinian civil population
0.0 0.0 0.0 0.0 0.0 0.0 0.42198139370151305 0.13685317452874823 0.37043540115261425 0.0 0.028432039455303555 0.0 0.0 0.3003049613507936 0.0 0.0 0.0 0.2665291105224259 0.0 0.0 0.33881753261713476 0.0 0.0 0.0 0.0 0.0 0.26200956976942275 0.0 0.0 0.0 0.0 0.0 0.0 0.0 0.0 0.0 0.0 0.0 0.0 0.0 0.0 0.0 0.0 0.5806178026435247 0.503074415323146 0.30992160194043006 0.432670903706525 0.0 0.0 0.0 0.06865538016377874 0.0 0.0 0.0 0.2209215308249407 0.4341361641544434
