what do you think the taliban are trying to achieve by stopping girls from getting educated in your opinion want banning female education of is talibans intention behind depriving have gain eradicating objectives end women wants would views about and how it affects goals thatthe goal wanting females ending womens
what do you think the taliban are trying to achieve by stopping girls from getting educated
0.19264785058328918 0.2023648159622618 0.199237882611914 0.2611762749912947 0.026655036989347083 0.21672000153707674 0.13163353461580166 0.3441575372946596 0.06749214435694753 0.4016802908735215 0.1559662038375905 0.404284834398557 0.29810180419948445 0.15080591496425244 0.317309871064208 0.46784322550192214 0.0 0.0 0.0 0.0 0.0 0.0 0.0 0.0 0.0 0.0 0.0 0.0 0.0 0.0 0.0 0.0 0.0 0.0 0.0 0.0 0.0 0.0 0.0 0.0 0.0 0.0 0.0 0.0 0.0 0.0 0.0 0.0 0.0 0.0
what in your opinion the taliban want to achieve by banning female education
0.23710504687174053 0.0 0.0 0.0 0.0328061993715041 0.26673230958409444 0.0 0.0 0.08306725459316619 0.4943757426135649 0.19195840472318831 0.0 0.0 0.0 0.0 0.0 0.07921774634282162 0.28797147011441154 0.3304044122404568 0.35576713948340544 0.5461407020937515 0.5374231109162898 0.35707316537066836 0.0 0.0 0.0 0.0 0.0 0.0 0.0 0.0 0.0 0.0 0.0 0.0 0.0 0.0 0.0 0.0 0.0 0.0 0.0 0.0 0.0 0.0 0.0 0.0 0.0 0.0 0.0
what do you think taliban want to achieve by stopping the education of the girls
0.20549104062217513 0.21585580369307925 0.21252040811937492 0.278588026657381 0.05686407891060711 0.2311680016395485 0.0 0.0 0.0719916206474107 0.4284589769317562 0.16636395076009652 0.43123715669179413 0.3179752578127834 0.0 0.0 0.0 0.0 0.0 0.0 0.30833152088561805 0.0 0.0 0.3094634099879126 0.05599611883985455 0.0 0.0 0.0 0.0 0.0 0.0 0.0 0.0 0.0 0.0 0.0 0.0 0.0 0.0 0.0 0.0 0.0 0.0 0.0 0.0 0.0 0.0 0.0 0.0 0.0 0.0
in your opinion what is talibans intention behind depriving girls of education
0.2568638007777189 0.0 0.0 0.0 0.0 0.0 0.0 0.0 0.0 0.0 0.0 0.0 0.3974690722659793 0.0 0.0 0.0 0.08581922520472342 0.31196909262394584 0.35793811326049485 0.0 0.0 0.0 0.38682926248489075 0.06999514854981818 0.10890129323621885 0.4623350273017755 0.6145221644100441 0.42949324818028806 0.8021298142939188 0.0 0.0 0.0 0.0 0.0 0.0 0.0 0.0 0.0 0.0 0.0 0.0 0.0 0.0 0.0 0.0 0.0 0.0 0.0 0.0 0.0
a3dd3acpmvdvca
what do you think the taliban have to gain by eradicating female education
0.23710504687174053 0.2490643888766299 0.2452158555223557 0.32144772306620883 0.0328061993715041 0.26673230958409444 0.0 0.0 0.08306725459316619 0.0 0.19195840472318831 0.0 0.0 0.0 0.0 0.0 0.0 0.0 0.0 0.0 0.0 0.5374231109162898 0.35707316537066836 0.0 0.0 0.0 0.0 0.0 0.0 0.17599769446064842 0.49758133464437787 0.6025998694076131 0.0 0.0 0.0 0.0 0.0 0.0 0.0 0.0 0.0 0.0 0.0 0.0 0.0 0.0 0.0 0.0 0.0 0.0
a143bvgouf83je
what do you think by stopping girls education what the taliban want to achieve
0.44033794419037525 0.23127407538544206 0.22770043727075887 0.2984871714186225 0.030462899416396665 0.24768000175665913 0.0 0.0 0.07713387926508289 0.45906318956973885 0.17824709010010342 0.462039810741208 0.34068777622798224 0.0 0.0 0.0 0.0 0.0 0.0 0.3303552009488765 0.0 0.0 0.33156793927276346 0.0 0.0 0.0 0.0 0.0 0.0 0.0 0.0 0.0 0.0 0.0 0.0 0.0 0.0 0.0 0.0 0.0 0.0 0.0 0.0 0.0 0.0 0.0 0.0 0.0 0.0 0.0
alzgu09bjzsiw
what do you think what are the objectives of taliban to end women education
0.44033794419037525 0.23127407538544206 0.22770043727075887 0.2984871714186225 0.030462899416396665 0.24768000175665913 0.1504383252752019 0.0 0.07713387926508289 0.0 0.0 0.0 0.0 0.0 0.0 0.0 0.0 0.0 0.0 0.0 0.0 0.0 0.33156793927276346 0.05999584161412987 0.0 0.0 0.0 0.0 0.0 0.0 0.0 0.0 0.5485462587479794 0.3371630709348997 0.3239199835540881 0.0 0.0 0.0 0.0 0.0 0.0 0.0 0.0 0.0 0.0 0.0 0.0 0.0 0.0 0.0
a8v7wa74iohz9
what do you think talibans wants to achieve by stopping women education
0.2568638007777189 0.26981975461634905 0.26565051014921864 0.3482350333217263 0.0 0.0 0.0 0.0 0.08998952580926338 0.5355737211646953 0.20795493845012067 0.5390464458647427 0.0 0.0 0.0 0.0 0.0 0.0 0.0 0.0 0.0 0.0 0.38682926248489075 0.0 0.0 0.4623350273017755 0.0 0.0 0.0 0.0 0.0 0.0 0.0 0.0 0.37790664747976943 0.4142997851141252 0.0 0.0 0.0 0.0 0.0 0.0 0.0 0.0 0.0 0.0 0.0 0.0 0.0 0.0
a330jjzgjl7ig2
what do you think the taliban have to gain by eradicating female education
0.23710504687174053 0.2490643888766299 0.2452158555223557 0.32144772306620883 0.0328061993715041 0.26673230958409444 0.0 0.0 0.08306725459316619 0.0 0.19195840472318831 0.0 0.0 0.0 0.0 0.0 0.0 0.0 0.0 0.0 0.0 0.5374231109162898 0.35707316537066836 0.0 0.0 0.0 0.0 0.0 0.0 0.17599769446064842 0.49758133464437787 0.6025998694076131 0.0 0.0 0.0 0.0 0.0 0.0 0.0 0.0 0.0 0.0 0.0 0.0 0.0 0.0 0.0 0.0 0.0 0.0
a220lrht4jgo52
what do you think the taliban have to gain by eradicating the education of women
0.20549104062217513 0.21585580369307925 0.21252040811937492 0.278588026657381 0.05686407891060711 0.2311680016395485 0.0 0.0 0.0719916206474107 0.0 0.16636395076009652 0.0 0.0 0.0 0.0 0.0 0.0 0.0 0.0 0.0 0.0 0.0 0.3094634099879126 0.05599611883985455 0.0 0.0 0.0 0.0 0.0 0.15253133519922862 0.43123715669179413 0.5222532201532647 0.0 0.0 0.30232531798381557 0.0 0.0 0.0 0.0 0.0 0.0 0.0 0.0 0.0 0.0 0.0 0.0 0.0 0.0 0.0
a1walbr5dad6l8
what do you think the taliban have to gain by eradicating female education what would the taliban have to gain by eradicating female education
0.2568638007777189 0.13490987730817453 0.13282525507460932 0.17411751666086314 0.03554004931912944 0.28896000204943567 0.0 0.0 0.08998952580926338 0.0 0.20795493845012067 0.0 0.0 0.0 0.0 0.0 0.0 0.0 0.0 0.0 0.0 0.5822083701593139 0.38682926248489075 0.0 0.0 0.0 0.0 0.0 0.0 0.1906641689990358 0.5390464458647427 0.6528165251915808 0.0 0.0 0.0 0.0 0.14412875201803202 0.0 0.0 0.0 0.0 0.0 0.0 0.0 0.0 0.0 0.0 0.0 0.0 0.0
ak460483q91ei
what do you think by stopping girls education what the taliban want to achieve
0.44033794419037525 0.23127407538544206 0.22770043727075887 0.2984871714186225 0.030462899416396665 0.24768000175665913 0.0 0.0 0.07713387926508289 0.45906318956973885 0.17824709010010342 0.462039810741208 0.34068777622798224 0.0 0.0 0.0 0.0 0.0 0.0 0.3303552009488765 0.0 0.0 0.33156793927276346 0.0 0.0 0.0 0.0 0.0 0.0 0.0 0.0 0.0 0.0 0.0 0.0 0.0 0.0 0.0 0.0 0.0 0.0 0.0 0.0 0.0 0.0 0.0 0.0 0.0 0.0 0.0
a24bjjrcqbm3mi
what are your views about stopping girls education and how it affects the the goals taliban want to achieve
0.16222976891224353 0.0 0.0 0.0 0.044892693876795085 0.18250105392595936 0.1108492923080435 0.0 0.05683548998479792 0.3382570870513865 0.0 0.34045038686194273 0.25103309827325004 0.0 0.0 0.0 0.0 0.19703311113091318 0.0 0.24341962175180373 0.0 0.0 0.24431321841150994 0.0 0.0 0.0 0.0 0.0 0.0 0.0 0.0 0.0 0.0 0.0 0.0 0.0 0.0 0.3312291190185169 0.164002302924407 0.05231394946327852 0.20649701863008008 0.10658712826455922 0.3881192617326595 0.3559661521367135 0.0 0.0 0.0 0.0 0.0 0.0
a1c0lbe9vl3ax
what do you think by stopping girls education thatthe taliban want to achieve
0.23710504687174053 0.2490643888766299 0.2452158555223557 0.32144772306620883 0.0 0.26673230958409444 0.0 0.0 0.08306725459316619 0.4943757426135649 0.19195840472318831 0.49758133464437787 0.3668945282455193 0.0 0.0 0.0 0.0 0.0 0.0 0.35576713948340544 0.0 0.0 0.35707316537066836 0.0 0.0 0.0 0.0 0.0 0.0 0.0 0.0 0.0 0.0 0.0 0.0 0.0 0.0 0.0 0.0 0.0 0.0 0.0 0.0 0.0 0.7404275208866943 0.0 0.0 0.0 0.0 0.0
a1yt9st6aq0bsp
what do you think the goal of the taliban is by wanting to end the education of women
0.1712425338518126 0.17987983641089939 0.17710034009947911 0.23215668888115085 0.07108009863825888 0.19264000136629045 0.0 0.0 0.059993017206175586 0.0 0.13863662563341378 0.0 0.0 0.0 0.0 0.0 0.0 0.0 0.0 0.0 0.0 0.0 0.25788617498992716 0.09332686473309092 0.07260086215747924 0.0 0.0 0.0 0.0 0.0 0.0 0.0 0.0 0.26223794406047757 0.25193776498651294 0.0 0.0 0.0 0.0 0.0 0.0 0.0 0.0 0.0 0.0 0.3773524681928227 0.5347532095292792 0.0 0.0 0.0
a3l62wt9zlhu7v
what do you think are the objectives of the taliban to end females education
0.22016897209518763 0.23127407538544206 0.22770043727075887 0.2984871714186225 0.06092579883279333 0.24768000175665913 0.1504383252752019 0.0 0.07713387926508289 0.0 0.0 0.0 0.0 0.0 0.0 0.0 0.0 0.0 0.0 0.0 0.0 0.0 0.33156793927276346 0.05999584161412987 0.0 0.0 0.0 0.0 0.0 0.0 0.0 0.0 0.5485462587479794 0.3371630709348997 0.0 0.0 0.0 0.0 0.0 0.0 0.0 0.0 0.0 0.0 0.0 0.0 0.0 0.63802932792622 0.0 0.0
a1q4bk19vweq6c
what do you think are the talibans objectives in ending womens education
0.2568638007777189 0.26981975461634905 0.26565051014921864 0.3482350333217263 0.03554004931912944 0.0 0.17551137948773554 0.0 0.0 0.0 0.0 0.0 0.0 0.0 0.0 0.0 0.08581922520472342 0.0 0.0 0.0 0.0 0.0 0.38682926248489075 0.0 0.0 0.4623350273017755 0.0 0.0 0.0 0.0 0.0 0.0 0.639970635205976 0.0 0.0 0.0 0.0 0.0 0.0 0.0 0.0 0.0 0.0 0.0 0.0 0.0 0.0 0.0 0.6102477232110817 0.5950542601449188
a31i8s2vq4xqm7
what do you think talibans wants to achieve by stopping women education
0.2568638007777189 0.26981975461634905 0.26565051014921864 0.3482350333217263 0.0 0.0 0.0 0.0 0.08998952580926338 0.5355737211646953 0.20795493845012067 0.5390464458647427 0.0 0.0 0.0 0.0 0.0 0.0 0.0 0.0 0.0 0.0 0.38682926248489075 0.0 0.0 0.4623350273017755 0.0 0.0 0.0 0.0 0.0 0.0 0.0 0.0 0.37790664747976943 0.4142997851141252 0.0 0.0 0.0 0.0 0.0 0.0 0.0 0.0 0.0 0.0 0.0 0.0 0.0 0.0
