hey you architects of world peace lives are ending here o the custodians life is disappearing contractors dying upholders finishing over caretakers international protectors and leaders peaceful being ended only in discussions claimerslife our still oh recent years number chemical herbal health supplements has greatly increased popularity one most popular human growth hormone commonly known as hgh
hey you architects of world peace lives are ending here
0.870926703965287 0.3187806121790624 1.0318704952086972 0.08399417825978182 0.33211089691050444 0.39748245179606395 0.5899864344290373 0.21061365538528265 0.732297267853298 0.43917789261165596 0.0 0.0 0.0 0.0 0.0 0.0 0.0 0.0 0.0 0.0 0.0 0.0 0.0 0.0 0.0 0.0 0.0 0.0 0.0 0.0 0.0 0.0 0.0 0.0 0.0 0.0 0.0 0.0 0.0 0.0 0.0 0.0 0.0 0.0 0.0 0.0 0.0 0.0 0.0 0.0 0.0 0.0 0.0 0.0 0.0 0.0 0.0
o the custodians of world peace the life is disappearing here
0.0 0.0 0.0 0.07635834387252893 0.30191899719136767 0.36134768345096724 0.0 0.0 0.0 0.39925262964696 0.6148506264179597 0.07754192578719152 0.7490239464006486 0.415681978322438 0.11880141080314784 0.8750507065024569 0.0 0.0 0.0 0.0 0.0 0.0 0.0 0.0 0.0 0.0 0.0 0.0 0.0 0.0 0.0 0.0 0.0 0.0 0.0 0.0 0.0 0.0 0.0 0.0 0.0 0.0 0.0 0.0 0.0 0.0 0.0 0.0 0.0 0.0 0.0 0.0 0.0 0.0 0.0 0.0 0.0
o contractors of world peace life is dying here
0.0 0.0 0.0 0.09332686473309092 0.36901210767833825 0.4416471686622933 0.0 0.0 0.0 0.4879754362351733 0.751484098955284 0.0 0.0 0.5080557512829798 0.14520172431495848 0.0 1.1465227724541078 0.8906799843436582 0.0 0.0 0.0 0.0 0.0 0.0 0.0 0.0 0.0 0.0 0.0 0.0 0.0 0.0 0.0 0.0 0.0 0.0 0.0 0.0 0.0 0.0 0.0 0.0 0.0 0.0 0.0 0.0 0.0 0.0 0.0 0.0 0.0 0.0 0.0 0.0 0.0 0.0 0.0
o the custodians of world peace here life is ending
0.0 0.0 0.0 0.08399417825978182 0.33211089691050444 0.39748245179606395 0.0 0.0 0.732297267853298 0.43917789261165596 0.6763356890597556 0.042648059182955333 0.8239263410407135 0.4572501761546818 0.13068155188346262 0.0 0.0 0.0 0.0 0.0 0.0 0.0 0.0 0.0 0.0 0.0 0.0 0.0 0.0 0.0 0.0 0.0 0.0 0.0 0.0 0.0 0.0 0.0 0.0 0.0 0.0 0.0 0.0 0.0 0.0 0.0 0.0 0.0 0.0 0.0 0.0 0.0 0.0 0.0 0.0 0.0 0.0
a3dd3acpmvdvca
o upholders of world peace life is finishing over here
0.0 0.0 0.0 0.08399417825978182 0.33211089691050444 0.39748245179606395 0.0 0.0 0.0 0.43917789261165596 0.6763356890597556 0.0 0.0 0.4572501761546818 0.13068155188346262 0.0 0.0 0.0 0.893241059096708 0.7183210736157821 0.37352957299282064 0.0 0.0 0.0 0.0 0.0 0.0 0.0 0.0 0.0 0.0 0.0 0.0 0.0 0.0 0.0 0.0 0.0 0.0 0.0 0.0 0.0 0.0 0.0 0.0 0.0 0.0 0.0 0.0 0.0 0.0 0.0 0.0 0.0 0.0 0.0 0.0
a1wyssw33m2fz2
o caretakers of international peace life is finishing here
0.0 0.0 0.0 0.09332686473309092 0.0 0.4416471686622933 0.0 0.0 0.0 0.4879754362351733 0.751484098955284 0.0 0.0 0.5080557512829798 0.14520172431495848 0.0 0.0 0.0 0.0 0.7981345262397579 0.0 0.9924900656630089 0.5105688722371766 0.0 0.0 0.0 0.0 0.0 0.0 0.0 0.0 0.0 0.0 0.0 0.0 0.0 0.0 0.0 0.0 0.0 0.0 0.0 0.0 0.0 0.0 0.0 0.0 0.0 0.0 0.0 0.0 0.0 0.0 0.0 0.0 0.0 0.0
a2pwmdzucikw4c
hey you the protectors and leaders of the peaceful world the life is being ended here only in the discussions
0.4354633519826435 0.1593903060895312 0.0 0.04199708912989091 0.16605544845525222 0.0 0.0 0.0 0.0 0.21958894630582798 0.0 0.08529611836591067 0.0 0.2286250880773409 0.06534077594173131 0.0 0.0 0.0 0.0 0.0 0.0 0.0 0.0 0.3876877797312717 0.04969825199011459 0.22012514447397677 0.3234278675188456 0.1827786128048084 0.3353893519721373 0.16829881537310512 0.05149153512283405 0.3327571652978662 0.0 0.0 0.0 0.0 0.0 0.0 0.0 0.0 0.0 0.0 0.0 0.0 0.0 0.0 0.0 0.0 0.0 0.0 0.0 0.0 0.0 0.0 0.0 0.0 0.0
a1u0z1mafqeh9y
o world peace claimerslife is ending here
0.0 0.0 0.0 0.0 0.47444413844357775 0.5678320739943771 0.0 0.0 1.04613895407614 0.6273969894452228 0.9661938415139366 0.0 0.0 0.0 0.18668793126208946 0.0 0.0 0.0 0.0 0.0 0.0 0.0 0.0 0.0 0.0 0.0 0.0 0.0 0.0 0.0 0.0 0.0 1.474100707440996 0.0 0.0 0.0 0.0 0.0 0.0 0.0 0.0 0.0 0.0 0.0 0.0 0.0 0.0 0.0 0.0 0.0 0.0 0.0 0.0 0.0 0.0 0.0 0.0
aa1hdtufsq32b
our upholders of world peace and life is still finishing over here
0.0 0.0 0.0 0.06999514854981818 0.2767590807587537 0.33123537649671997 0.0 0.0 0.0 0.36598157717637997 0.0 0.0 0.0 0.3810418134622348 0.10890129323621885 0.0 0.0 0.0 0.7443675492472567 0.5986008946798184 0.31127464416068384 0.0 0.0 0.0 0.08283041998352432 0.0 0.0 0.0 0.0 0.0 0.0 0.0 0.0 0.2792329791904239 0.35555131526354616 0.0 0.0 0.0 0.0 0.0 0.0 0.0 0.0 0.0 0.0 0.0 0.0 0.0 0.0 0.0 0.0 0.0 0.0 0.0 0.0 0.0 0.0
a1zmueyrdv7lk6
o upholders of world peace life is finishing over here
0.0 0.0 0.0 0.08399417825978182 0.33211089691050444 0.39748245179606395 0.0 0.0 0.0 0.43917789261165596 0.6763356890597556 0.0 0.0 0.4572501761546818 0.13068155188346262 0.0 0.0 0.0 0.893241059096708 0.7183210736157821 0.37352957299282064 0.0 0.0 0.0 0.0 0.0 0.0 0.0 0.0 0.0 0.0 0.0 0.0 0.0 0.0 0.0 0.0 0.0 0.0 0.0 0.0 0.0 0.0 0.0 0.0 0.0 0.0 0.0 0.0 0.0 0.0 0.0 0.0 0.0 0.0 0.0 0.0
a6tw9zegog7ph
o upholders of world peace life is finishing over here
0.0 0.0 0.0 0.08399417825978182 0.33211089691050444 0.39748245179606395 0.0 0.0 0.0 0.43917789261165596 0.6763356890597556 0.0 0.0 0.4572501761546818 0.13068155188346262 0.0 0.0 0.0 0.893241059096708 0.7183210736157821 0.37352957299282064 0.0 0.0 0.0 0.0 0.0 0.0 0.0 0.0 0.0 0.0 0.0 0.0 0.0 0.0 0.0 0.0 0.0 0.0 0.0 0.0 0.0 0.0 0.0 0.0 0.0 0.0 0.0 0.0 0.0 0.0 0.0 0.0 0.0 0.0 0.0 0.0
acjl95je4qgk4
caretakers of international peace life is finishing here
0.0 0.0 0.0 0.10499272282472728 0.0 0.49685306474507995 0.0 0.0 0.0 0.54897236576457 0.0 0.0 0.0 0.5715627201933522 0.16335193985432828 0.0 0.0 0.0 0.0 0.8979013420197276 0.0 1.116551323870885 0.5743899812668237 0.0 0.0 0.0 0.0 0.0 0.0 0.0 0.0 0.0 0.0 0.0 0.0 0.0 0.0 0.0 0.0 0.0 0.0 0.0 0.0 0.0 0.0 0.0 0.0 0.0 0.0 0.0 0.0 0.0 0.0 0.0 0.0 0.0 0.0
a230hf2okthmdz
oh caretakers of international peace life is finishing here
0.0 0.0 0.0 0.09332686473309092 0.0 0.4416471686622933 0.0 0.0 0.0 0.4879754362351733 0.0 0.0 0.0 0.5080557512829798 0.14520172431495848 0.0 0.0 0.0 0.0 0.7981345262397579 0.0 0.9924900656630089 0.5105688722371766 0.0 0.0 0.0 0.0 0.0 0.0 0.0 0.0 0.0 0.0 0.0 0.0 0.8704220335887745 0.0 0.0 0.0 0.0 0.0 0.0 0.0 0.0 0.0 0.0 0.0 0.0 0.0 0.0 0.0 0.0 0.0 0.0 0.0 0.0 0.0
a14b80scbt25dr
o caretakers of international peace life is finishing here
0.0 0.0 0.0 0.09332686473309092 0.0 0.4416471686622933 0.0 0.0 0.0 0.4879754362351733 0.751484098955284 0.0 0.0 0.5080557512829798 0.14520172431495848 0.0 0.0 0.0 0.0 0.7981345262397579 0.0 0.9924900656630089 0.5105688722371766 0.0 0.0 0.0 0.0 0.0 0.0 0.0 0.0 0.0 0.0 0.0 0.0 0.0 0.0 0.0 0.0 0.0 0.0 0.0 0.0 0.0 0.0 0.0 0.0 0.0 0.0 0.0 0.0 0.0 0.0 0.0 0.0 0.0 0.0
air4uqnpimfcj
hey you the protectors and leaders of the peaceful world life is being ended here only in the discussions
0.45838247577120367 0.16777926956792757 0.0 0.04420746224199044 0.17479520890026548 0.0 0.0 0.0 0.0 0.23114625926929264 0.0 0.06733904081519264 0.0 0.2406579874498325 0.06877976414919085 0.0 0.0 0.0 0.0 0.0 0.0 0.0 0.0 0.40809239971712813 0.05231394946327852 0.23171067839365977 0.34045038686194273 0.19239853979453514 0.3530414231285656 0.17715664776116327 0.054201615918772685 0.3502707003135434 0.0 0.0 0.0 0.0 0.0 0.0 0.0 0.0 0.0 0.0 0.0 0.0 0.0 0.0 0.0 0.0 0.0 0.0 0.0 0.0 0.0 0.0 0.0 0.0 0.0
a1qabqi4s90bfu
hey you the protectors and leaders of the peaceful world life is being ended here only in discussions
0.4838481688696039 0.17710034009947911 0.0 0.04666343236654546 0.18450605383916913 0.0 0.0 0.0 0.0 0.24398771811758665 0.0 0.04738673242550592 0.0 0.2540278756414899 0.07260086215747924 0.0 0.0 0.0 0.0 0.0 0.0 0.0 0.0 0.430764199701413 0.05522027998901621 0.2445834938599742 0.35936429724316177 0.2030873475608982 0.37265483552459705 0.18699868374789458 0.05721281680314895 0.3697301836642958 0.0 0.0 0.0 0.0 0.0 0.0 0.0 0.0 0.0 0.0 0.0 0.0 0.0 0.0 0.0 0.0 0.0 0.0 0.0 0.0 0.0 0.0 0.0 0.0 0.0
a22s90xoln7wd2
hey you the protectors and leaders of the peaceful world the life is being ended here only in the discussions
0.4354633519826435 0.1593903060895312 0.0 0.04199708912989091 0.16605544845525222 0.0 0.0 0.0 0.0 0.21958894630582798 0.0 0.08529611836591067 0.0 0.2286250880773409 0.06534077594173131 0.0 0.0 0.0 0.0 0.0 0.0 0.0 0.0 0.3876877797312717 0.04969825199011459 0.22012514447397677 0.3234278675188456 0.1827786128048084 0.3353893519721373 0.16829881537310512 0.05149153512283405 0.3327571652978662 0.0 0.0 0.0 0.0 0.0 0.0 0.0 0.0 0.0 0.0 0.0 0.0 0.0 0.0 0.0 0.0 0.0 0.0 0.0 0.0 0.0 0.0 0.0 0.0 0.0
aslrrfy2saj4d
in recent years the number of chemical and herbal health supplements has greatly increased in popularity one of the most popular is human growth hormone commonly known as hgh
0.0 0.0 0.0 0.05792701948950471 0.0 0.0 0.0 0.0 0.0 0.0 0.0 0.029412454608934713 0.0 0.0 0.045062604097745734 0.0 0.0 0.0 0.0 0.0 0.0 0.0 0.0 0.0 0.03427465654490662 0.0 0.0 0.0 0.0 0.0 0.07102280706597801 0.0 0.0 0.0 0.0 0.0 0.19701844021030618 0.14214692497560172 0.1570177189414526 0.23853474380775225 0.24216786503733245 0.1980687577097789 0.24216786503733245 0.07078612475624908 0.2216167122060808 0.17046298428975193 0.21463311689189207 0.10106881768985966 0.15648142883774627 0.23421877336106237 0.15333059181419154 0.24091380834178508 0.24216786503733245 0.24482169404202656 0.1816844463737046 0.09087245762183258 0.24216786503733245
