i was even made fun of because this ridiculed used to be for behavior people mock me there laughed upon it make a lot jokes about on get at laughter teased that reason
i was even made fun of because of this
0.3608867605362993 0.24420210344379248 0.406743767357358 0.4340985204863415 0.861528399402826 0.18665372946618183 0.4355677797279737 0.19038898703866888 0.0 0.0 0.0 0.0 0.0 0.0 0.0 0.0 0.0 0.0 0.0 0.0 0.0 0.0 0.0 0.0 0.0 0.0 0.0 0.0 0.0 0.0 0.0 0.0 0.0
because of this i was ridiculed
0.541330140804449 0.36630315516568873 0.0 0.0 0.0 0.13999029709963637 0.6533516695919606 0.2855834805580033 1.4515445066088117 0.0 0.0 0.0 0.0 0.0 0.0 0.0 0.0 0.0 0.0 0.0 0.0 0.0 0.0 0.0 0.0 0.0 0.0 0.0 0.0 0.0 0.0 0.0 0.0
i used to be ridiculed for this behavior
0.40599760560333675 0.0 0.0 0.0 0.0 0.0 0.0 0.21418761041850248 1.0886583799566087 0.579816542883738 0.13498428871389506 0.2683528682448938 0.24133871239280189 0.7866691576689777 0.0 0.0 0.0 0.0 0.0 0.0 0.0 0.0 0.0 0.0 0.0 0.0 0.0 0.0 0.0 0.0 0.0 0.0 0.0
people used to mock me
0.0 0.0 0.0 0.0 0.0 0.0 0.0 0.0 0.0 0.9277064686139808 0.2159748619422321 0.0 0.0 0.0 0.5413725105013107 1.8440185326837721 0.9832055140429382 0.0 0.0 0.0 0.0 0.0 0.0 0.0 0.0 0.0 0.0 0.0 0.0 0.0 0.0 0.0 0.0
a353ocl6lm6m4o
there was laughed upon me for it
0.0 0.31397413299916177 0.0 0.0 0.0 0.0 0.0 0.0 0.0 0.0 0.0 0.0 0.2758156713060593 0.0 0.0 0.0 0.702289652887813 0.40914071467470997 1.0534665675600758 0.7473012309792267 0.2893079195752322 0.0 0.0 0.0 0.0 0.0 0.0 0.0 0.0 0.0 0.0 0.0 0.0
a3fq8i38xt2b4z
people used to make a lot of jokes about me on this
0.0 0.0 0.0 0.0 0.0 0.06999514854981818 0.0 0.14279174027900166 0.0 0.386544361922492 0.08998952580926338 0.0 0.0 0.0 0.22557187937554615 0.0 0.4096689641845576 0.0 0.0 0.0 0.0 0.37998359818414085 0.11815694559764528 0.4659430944478859 0.7105787902382429 0.25967031296364446 0.1560839801979836 0.0 0.0 0.0 0.0 0.0 0.0
a3dd3acpmvdvca
i used to get laughed at a lot for this
0.3247980844826694 0.0 0.0 0.0 0.0 0.0 0.0 0.17135008833480198 0.0 0.4638532343069904 0.10798743097111604 0.0 0.1930709699142415 0.0 0.0 0.0 0.0 0.0 0.7374265972920531 0.0 0.0 0.0 0.14178833471717434 0.559131713337463 0.0 0.0 0.0 0.43499973921016044 0.30975998539044747 0.0 0.0 0.0 0.0
a132zmwemnnusa
i was even ridiculed a lot on this
0.40599760560333675 0.27472736637426654 0.4575867382770278 0.0 0.0 0.0 0.0 0.21418761041850248 1.0886583799566087 0.0 0.0 0.0 0.0 0.0 0.0 0.0 0.0 0.0 0.0 0.0 0.0 0.0 0.17723541839646792 0.6989146416718288 0.0 0.0 0.2341259702969754 0.0 0.0 0.0 0.0 0.0 0.0
a6tw9zegog7ph
i was laughed at because of it
0.4639972635466706 0.31397413299916177 0.0 0.0 0.0 0.11999168322825975 0.560015716793109 0.0 0.0 0.0 0.0 0.0 0.0 0.0 0.0 0.0 0.0 0.0 1.0534665675600758 0.0 0.2893079195752322 0.0 0.0 0.0 0.0 0.0 0.0 0.0 0.44251426484349643 0.0 0.0 0.0 0.0
attzel5iaoiw5
i was laughed upon for it
0.541330140804449 0.36630315516568873 0.0 0.0 0.0 0.0 0.0 0.0 0.0 0.0 0.0 0.0 0.3217849498570692 0.0 0.0 0.0 0.0 0.0 1.2290443288200883 0.8718514361424311 0.33752590617110423 0.0 0.0 0.0 0.0 0.0 0.0 0.0 0.0 0.0 0.0 0.0 0.0
a1395pss402i1j
there was laughter upon me for it
0.0 0.31397413299916177 0.0 0.0 0.0 0.0 0.0 0.0 0.0 0.0 0.0 0.0 0.2758156713060593 0.0 0.0 0.0 0.702289652887813 0.40914071467470997 0.0 0.7473012309792267 0.2893079195752322 0.0 0.0 0.0 0.0 0.0 0.0 0.0 0.0 1.474100707440996 0.0 0.0 0.0
a3lhs82826iskx
people used to make a lot of jokes about me because of this
0.0 0.0 0.0 0.0 0.0 0.12922181270735666 0.3015469244270587 0.13180776025753999 0.0 0.3568101802361464 0.08306725459316619 0.0 0.0 0.0 0.208220196346658 0.0 0.37815596693959164 0.0 0.0 0.0 0.0 0.35075409063151464 0.1090679497824418 0.43010131795189466 0.6559188832968397 0.23969567350490256 0.0 0.0 0.0 0.0 0.0 0.0 0.0
a291u81kgj6l9n
people used to make a lot of jokes about me on this
0.0 0.0 0.0 0.0 0.0 0.06999514854981818 0.0 0.14279174027900166 0.0 0.386544361922492 0.08998952580926338 0.0 0.0 0.0 0.22557187937554615 0.0 0.4096689641845576 0.0 0.0 0.0 0.0 0.37998359818414085 0.11815694559764528 0.4659430944478859 0.7105787902382429 0.25967031296364446 0.1560839801979836 0.0 0.0 0.0 0.0 0.0 0.0
a1395pss402i1j
people used to make a lot of jokes about me because of this
0.0 0.0 0.0 0.0 0.0 0.12922181270735666 0.3015469244270587 0.13180776025753999 0.0 0.3568101802361464 0.08306725459316619 0.0 0.0 0.0 0.208220196346658 0.0 0.37815596693959164 0.0 0.0 0.0 0.0 0.35075409063151464 0.1090679497824418 0.43010131795189466 0.6559188832968397 0.23969567350490256 0.0 0.0 0.0 0.0 0.0 0.0 0.0
a9x4g4wpj27d6
i used to get laughed at a lot for this
0.3247980844826694 0.0 0.0 0.0 0.0 0.0 0.0 0.17135008833480198 0.0 0.4638532343069904 0.10798743097111604 0.0 0.1930709699142415 0.0 0.0 0.0 0.0 0.0 0.7374265972920531 0.0 0.0 0.0 0.14178833471717434 0.559131713337463 0.0 0.0 0.0 0.43499973921016044 0.30975998539044747 0.0 0.0 0.0 0.0
a2eldzaxlm8quo
i even used to get laughed at a lot for this
0.29527098589333584 0.0 0.33279035511056565 0.0 0.0 0.0 0.0 0.15577280757709272 0.0 0.4216847584609003 0.09817039179192368 0.0 0.17551906355840138 0.0 0.0 0.0 0.0 0.0 0.6703878157200482 0.0 0.0 0.0 0.12889848610652213 0.5083015575795119 0.0 0.0 0.0 0.39545430837287315 0.2815999867185886 0.0 0.0 0.0 0.0
a280uzceezwu2x
people teased me a lot about that
0.0 0.0 0.0 0.0 0.0 0.0 0.0 0.0 0.0 0.0 0.0 0.0 0.0 0.0 0.38669465035807915 0.0 0.702289652887813 0.0 0.0 0.0 0.0 0.0 0.20255476388167762 0.7987595904820901 0.0 0.4451491079376762 0.0 0.0 0.0 0.0 1.474100707440996 0.17258206060854284 0.0
a3ohqrf1mdq99b
i was even ridiculed a lot for this reason
0.3608867605362993 0.24420210344379248 0.406743767357358 0.0 0.0 0.0 0.0 0.19038898703866888 0.9676963377392078 0.0 0.0 0.0 0.21452329990471278 0.0 0.0 0.0 0.0 0.0 0.0 0.0 0.0 0.0 0.1575425941301937 0.6212574592638478 0.0 0.0 0.0 0.0 0.0 0.0 0.0 0.0 0.5357263029770855
