which team will dominate in the series between pakistan and sri lanka who have upper hand an during be srilanka whose side is heaver when sirilanka gets underway siri heavier has a better chance of winning versus gain actually
which team will dominate in the series between pakistan and sri lanka
0.25129457507084757 0.39650194342262024 0.18462609998343202 0.6977329002526381 0.08581922520472342 0.03554004931912944 0.46093443410874374 0.3302164409492566 0.19647362385030007 0.08283041998352432 0.5133184890606083 0.5883840345054574 0.0 0.0 0.0 0.0 0.0 0.0 0.0 0.0 0.0 0.0 0.0 0.0 0.0 0.0 0.0 0.0 0.0 0.0 0.0 0.0 0.0 0.0 0.0 0.0 0.0 0.0 0.0
who will have the upper hand in the series between pakistan and sri lanka
0.0 0.0 0.15825094284294172 0.0 0.07355933588976293 0.06092579883279333 0.39508665780749463 0.2830426636707914 0.1684059633002572 0.07099750284302085 0.4399872763376642 0.5043291724332492 0.21029113834771612 0.1634264305706021 0.5162616070520467 0.3192414408671508 0.0 0.0 0.0 0.0 0.0 0.0 0.0 0.0 0.0 0.0 0.0 0.0 0.0 0.0 0.0 0.0 0.0 0.0 0.0 0.0 0.0 0.0 0.0
who will have the upper hand in the series between pakistan and sri lanka
0.0 0.0 0.15825094284294172 0.0 0.07355933588976293 0.06092579883279333 0.39508665780749463 0.2830426636707914 0.1684059633002572 0.07099750284302085 0.4399872763376642 0.5043291724332492 0.21029113834771612 0.1634264305706021 0.5162616070520467 0.3192414408671508 0.0 0.0 0.0 0.0 0.0 0.0 0.0 0.0 0.0 0.0 0.0 0.0 0.0 0.0 0.0 0.0 0.0 0.0 0.0 0.0 0.0 0.0 0.0
who will have an upper hand during pakistan and sri lanka series
0.0 0.0 0.18462609998343202 0.0 0.0 0.0 0.46093443410874374 0.0 0.19647362385030007 0.08283041998352432 0.5133184890606083 0.5883840345054574 0.2453396614056688 0.1906641689990358 0.6023052082273879 0.3724483476783426 0.24586377214796581 0.3277925460907704 0.0 0.0 0.0 0.0 0.0 0.0 0.0 0.0 0.0 0.0 0.0 0.0 0.0 0.0 0.0 0.0 0.0 0.0 0.0 0.0 0.0
a143bvgouf83je
who will be dominate the series between pakistan and srilanka
0.0 0.0 0.2215513199801184 0.8372794803031658 0.0 0.042648059182955333 0.5531213209304925 0.39625972913910795 0.23576834862036006 0.09939650398022919 0.0 0.0 0.2944075936868026 0.0 0.0 0.0 0.0 0.0 0.21468229459591504 0.7679647622471711 0.0 0.0 0.0 0.0 0.0 0.0 0.0 0.0 0.0 0.0 0.0 0.0 0.0 0.0 0.0 0.0 0.0 0.0 0.0
alzgu09bjzsiw
whose side is heaver in pakistan and srilanka series
0.0 0.0 0.0 0.0 0.1144256336062979 0.0 0.614579245478325 0.0 0.2619648318004001 0.11044055997803243 0.0 0.0 0.0 0.0 0.0 0.0 0.0 0.0 0.0 0.8532941802746347 0.5847176829709625 0.5394303496734846 0.14520172431495848 1.1465227724541078 0.0 0.0 0.0 0.0 0.0 0.0 0.0 0.0 0.0 0.0 0.0 0.0 0.0 0.0 0.0
a21xirv18up71h
who will have the upper hand when the series between pakistan and sirilanka gets underway
0.0 0.0 0.1477008799867456 0.0 0.0 0.05686407891060711 0.368747547286995 0.2641731527594053 0.15717889908024005 0.06626433598681945 0.0 0.0 0.19627172912453503 0.15253133519922862 0.4818441665819103 0.29795867814267407 0.0 0.0 0.0 0.0 0.0 0.0 0.0 0.0 0.21715803901176886 0.5806178026435247 0.4207581177903 0.5344079906061949 0.0 0.0 0.0 0.0 0.0 0.0 0.0 0.0 0.0 0.0 0.0
a1es9zcdrlgxls
which side will dominate in the pakistan and siri lanka series
0.2741395364409246 0.0 0.20141029089101672 0.7611631639119689 0.09362097295060737 0.03877096289359576 0.5028375644822659 0.0 0.21433486238214552 0.09036045816384472 0.0 0.6418734921877717 0.0 0.0 0.0 0.0 0.0 0.0 0.0 0.0 0.0 0.4413521042783055 0.0 0.0 0.0 0.0 0.0 0.0 0.8750507065024569 0.0 0.0 0.0 0.0 0.0 0.0 0.0 0.0 0.0 0.0
aw4q48bn2x4nt
who will dominate the series between pakistan and srilanka
0.0 0.0 0.24616813331124268 0.9303105336701842 0.0 0.04738673242550592 0.614579245478325 0.44028858793234216 0.2619648318004001 0.11044055997803243 0.0 0.0 0.32711954854089176 0.0 0.0 0.0 0.0 0.0 0.0 0.8532941802746347 0.0 0.0 0.0 0.0 0.0 0.0 0.0 0.0 0.0 0.0 0.0 0.0 0.0 0.0 0.0 0.0 0.0 0.0 0.0
a6tw9zegog7ph
who will dominate the series between pakistan and sri lanka
0.0 0.0 0.2215513199801184 0.8372794803031658 0.0 0.042648059182955333 0.5531213209304925 0.39625972913910795 0.23576834862036006 0.09939650398022919 0.6159821868727299 0.7060608414065489 0.2944075936868026 0.0 0.0 0.0 0.0 0.0 0.0 0.0 0.0 0.0 0.0 0.0 0.0 0.0 0.0 0.0 0.0 0.0 0.0 0.0 0.0 0.0 0.0 0.0 0.0 0.0 0.0
a291u81kgj6l9n
who will dominate the series between pakistan and srilanka
0.0 0.0 0.24616813331124268 0.9303105336701842 0.0 0.04738673242550592 0.614579245478325 0.44028858793234216 0.2619648318004001 0.11044055997803243 0.0 0.0 0.32711954854089176 0.0 0.0 0.0 0.0 0.0 0.0 0.8532941802746347 0.0 0.0 0.0 0.0 0.0 0.0 0.0 0.0 0.0 0.0 0.0 0.0 0.0 0.0 0.0 0.0 0.0 0.0 0.0
a28rvh40gat7un
whose side will be heavier in pakistan and srilanka series
0.0 0.0 0.2215513199801184 0.0 0.1029830702456681 0.0 0.5531213209304925 0.0 0.23576834862036006 0.09939650398022919 0.0 0.0 0.0 0.0 0.0 0.0 0.0 0.0 0.21468229459591504 0.7679647622471711 0.5262459146738663 0.4854873147061361 0.0 0.0 0.0 0.0 0.0 0.0 0.0 0.9625557771527026 0.0 0.0 0.0 0.0 0.0 0.0 0.0 0.0 0.0
a31ikb373dzonk
which team has a better chance of winning the pakistan versus srilanka series
0.23196422314232082 0.3660017939285725 0.0 0.0 0.0 0.0328061993715041 0.4254779391773019 0.0 0.18136026816950773 0.0 0.0 0.0 0.0 0.0 0.0 0.0 0.0 0.0 0.0 0.5907421248055162 0.0 0.0 0.0 0.0 0.0 0.0 0.0 0.0 0.0 0.0 0.1579075090716326 0.1090679497824418 0.378503250043786 0.44508503530259347 0.06461090635367833 0.5714102457069851 0.7404275208866943 0.0 0.0
a2rcbwy8ulhnj0
whose side is heavier in the pakistan and srilanka series
0.0 0.0 0.0 0.0 0.1029830702456681 0.042648059182955333 0.5531213209304925 0.0 0.23576834862036006 0.09939650398022919 0.0 0.0 0.0 0.0 0.0 0.0 0.0 0.0 0.0 0.7679647622471711 0.5262459146738663 0.4854873147061361 0.13068155188346262 0.0 0.0 0.0 0.0 0.0 0.0 0.9625557771527026 0.0 0.0 0.0 0.0 0.0 0.0 0.0 0.0 0.0
a2sb2bw2w4t4ww
who will gain the upper hand when the series between pakistan and sri lanka actually gets underway
0.0 0.0 0.13032430587065788 0.0 0.0 0.0501741872740651 0.32536548290028966 0.23309395831712232 0.13868726389432945 0.058468531753075995 0.3623424628663117 0.41532990670973463 0.17318093746282504 0.0 0.4251566175722738 0.26290471600824183 0.0 0.0 0.0 0.0 0.0 0.0 0.0 0.0 0.191610034422149 0.0 0.371257162756147 0.4715364622995838 0.0 0.0 0.0 0.0 0.0 0.0 0.0 0.0 0.0 0.38050337355158304 0.3332202707017322
au2ar4vob7vlv
who will have the upper hand when the series between pakistan and sirilanka gets underway
0.0 0.0 0.1477008799867456 0.0 0.0 0.05686407891060711 0.368747547286995 0.2641731527594053 0.15717889908024005 0.06626433598681945 0.0 0.0 0.19627172912453503 0.15253133519922862 0.4818441665819103 0.29795867814267407 0.0 0.0 0.0 0.0 0.0 0.0 0.0 0.0 0.21715803901176886 0.5806178026435247 0.4207581177903 0.5344079906061949 0.0 0.0 0.0 0.0 0.0 0.0 0.0 0.0 0.0 0.0 0.0
a2oe085okcwole
who will have the upper hand when the series between pakistan and sirilanka gets underway
0.0 0.0 0.1477008799867456 0.0 0.0 0.05686407891060711 0.368747547286995 0.2641731527594053 0.15717889908024005 0.06626433598681945 0.0 0.0 0.19627172912453503 0.15253133519922862 0.4818441665819103 0.29795867814267407 0.0 0.0 0.0 0.0 0.0 0.0 0.0 0.0 0.21715803901176886 0.5806178026435247 0.4207581177903 0.5344079906061949 0.0 0.0 0.0 0.0 0.0 0.0 0.0 0.0 0.0 0.0 0.0
amd40d0gc1l4r
which side will dominate in the pakistan and sri lanka series
0.2741395364409246 0.0 0.20141029089101672 0.7611631639119689 0.09362097295060737 0.03877096289359576 0.5028375644822659 0.0 0.21433486238214552 0.09036045816384472 0.5599838062479363 0.6418734921877717 0.0 0.0 0.0 0.0 0.0 0.0 0.0 0.0 0.0 0.4413521042783055 0.0 0.0 0.0 0.0 0.0 0.0 0.0 0.0 0.0 0.0 0.0 0.0 0.0 0.0 0.0 0.0 0.0
