wow glory be to allah brother god is great o brothers all praises bhai subhan praise the lord subhanallah almighty highly appreciated much
wow glory be to allah
1.741853407930574 1.8440185326837721 0.42936458919183007 0.2159748619422321 0.8973644949606907 0.0 0.0 0.0 0.0 0.0 0.0 0.0 0.0 0.0 0.0 0.0 0.0 0.0 0.0 0.0 0.0 0.0 0.0
brother god is great
0.0 0.0 0.0 0.0 0.0 1.4937248825583218 1.1866377299773014 0.32670387970865655 1.1819294928940285 0.0 0.0 0.0 0.0 0.0 0.0 0.0 0.0 0.0 0.0 0.0 0.0 0.0 0.0
o brothers all praises be to god
0.0 0.0 0.3066889922798786 0.15426775853016578 0.0 0.0 0.6780787028441723 0.0 0.0 0.9661938415139366 0.8463222567735046 0.4490307483518213 1.218135068979845 0.0 0.0 0.0 0.0 0.0 0.0 0.0 0.0 0.0 0.0
bhai subhan allah
0.0 0.0 0.0 0.0 1.4956074916011513 0.0 0.0 0.0 0.0 0.0 0.0 0.0 0.0 3.439568317362324 3.439568317362324 0.0 0.0 0.0 0.0 0.0 0.0 0.0 0.0
a3sw1e5d0b9v9a
praise the lord
0.0 0.0 0.0 0.0 0.0 0.0 0.0 0.0 0.0 0.0 0.0 0.0 0.0 0.0 0.0 2.305835856808272 0.14216019727651777 2.2843230164290813 0.0 0.0 0.0 0.0 0.0
a3dd3acpmvdvca
brother subhanallah
0.0 0.0 0.0 0.0 0.0 2.9874497651166436 0.0 0.0 0.0 0.0 0.0 0.0 0.0 0.0 0.0 0.0 0.0 0.0 4.46620529548354 0.0 0.0 0.0 0.0
a143bvgouf83je
wow all praise to the almighty
1.4515445066088117 0.0 0.0 0.17997905161852676 0.0 0.0 0.0 0.0 0.0 0.0 0.0 0.5238692064104581 0.0 0.0 0.0 1.152917928404136 0.07108009863825888 0.0 0.0 1.26844245849746 0.0 0.0 0.0
a8v7wa74iohz9
highly appreciated
0.0 0.0 0.0 0.0 0.0 0.0 0.0 0.0 0.0 0.0 0.0 0.0 0.0 0.0 0.0 0.0 0.0 0.0 0.0 0.0 3.5916053680789104 3.66148633926649 0.0
a230hf2okthmdz
praise the lord
0.0 0.0 0.0 0.0 0.0 0.0 0.0 0.0 0.0 0.0 0.0 0.0 0.0 0.0 0.0 2.305835856808272 0.14216019727651777 2.2843230164290813 0.0 0.0 0.0 0.0 0.0
a1g46au4nrpshg
praise the lord
0.0 0.0 0.0 0.0 0.0 0.0 0.0 0.0 0.0 0.0 0.0 0.0 0.0 0.0 0.0 2.305835856808272 0.14216019727651777 2.2843230164290813 0.0 0.0 0.0 0.0 0.0
a1dndzlo2d5d48
praise the lord
0.0 0.0 0.0 0.0 0.0 0.0 0.0 0.0 0.0 0.0 0.0 0.0 0.0 0.0 0.0 2.305835856808272 0.14216019727651777 2.2843230164290813 0.0 0.0 0.0 0.0 0.0
a1e4smxrh1paux
brother subhanallah
0.0 0.0 0.0 0.0 0.0 2.9874497651166436 0.0 0.0 0.0 0.0 0.0 0.0 0.0 0.0 0.0 0.0 0.0 0.0 4.46620529548354 0.0 0.0 0.0 0.0
a2t3mp92la6x7s
brother subhanallah
0.0 0.0 0.0 0.0 0.0 2.9874497651166436 0.0 0.0 0.0 0.0 0.0 0.0 0.0 0.0 0.0 0.0 0.0 0.0 4.46620529548354 0.0 0.0 0.0 0.0
a330jjzgjl7ig2
brother subhanallah
0.0 0.0 0.0 0.0 0.0 2.9874497651166436 0.0 0.0 0.0 0.0 0.0 0.0 0.0 0.0 0.0 0.0 0.0 0.0 4.46620529548354 0.0 0.0 0.0 0.0
a230hf2okthmdz
wow all praise to the almighty
1.4515445066088117 0.0 0.0 0.17997905161852676 0.0 0.0 0.0 0.0 0.0 0.0 0.0 0.5238692064104581 0.0 0.0 0.0 1.152917928404136 0.07108009863825888 0.0 0.0 1.26844245849746 0.0 0.0 0.0
a1395pss402i1j
wow praise to the almighty
1.741853407930574 0.0 0.0 0.2159748619422321 0.0 0.0 0.0 0.0 0.0 0.0 0.0 0.0 0.0 0.0 0.0 1.3835015140849631 0.08529611836591067 0.0 0.0 1.5221309501969522 0.0 0.0 0.0
a291u81kgj6l9n
wow all praise to the almighty
1.4515445066088117 0.0 0.0 0.17997905161852676 0.0 0.0 0.0 0.0 0.0 0.0 0.0 0.5238692064104581 0.0 0.0 0.0 1.152917928404136 0.07108009863825888 0.0 0.0 1.26844245849746 0.0 0.0 0.0
a1mmshjhu659at
much appreciated
0.0 0.0 0.0 0.0 0.0 0.0 0.0 0.0 0.0 0.0 0.0 0.0 0.0 0.0 0.0 0.0 0.0 0.0 0.0 0.0 0.0 3.66148633926649 2.4316919183646344
