however after losing in the senate elections he was made chairman of partys political conservative committee appointed party but loss his defeat served as gopac a action loosing one interference from sant has been elected charman polatical conservanto voting for seat became given chairmanship politically conservation conservant race republican senatorial election polls recent years chemical and herbal health supplements have greatly increased popularity an important these is human growth hormone commonly known hgh
however after losing in the senate elections he was made chairman of the partys political conservative committee
0.25865450190842093 0.17551312195383273 0.45610327027208436 0.06057827661509889 0.0501741872740651 0.31629779585162743 0.3154634055579829 0.13970130938990266 0.1292834665290666 0.2298168637868867 0.3118485361924733 0.04940834015281284 0.4251566175722738 0.22179328525438813 0.41763700748345706 0.2932933034600942 0.0 0.0 0.0 0.0 0.0 0.0 0.0 0.0 0.0 0.0 0.0 0.0 0.0 0.0 0.0 0.0 0.0 0.0 0.0 0.0 0.0 0.0 0.0 0.0 0.0 0.0 0.0 0.0 0.0 0.0 0.0 0.0 0.0 0.0 0.0 0.0 0.0 0.0 0.0 0.0 0.0 0.0 0.0 0.0 0.0 0.0 0.0 0.0 0.0 0.0 0.0 0.0 0.0 0.0 0.0 0.0 0.0
however after losing in the elections he was appointed chairman of the political conservative committee of the party
0.24428480735795308 0.16576239295639758 0.430764199701413 0.05721281680314895 0.07108009863825888 0.0 0.29793766080476164 0.13194012553490808 0.12210105172189624 0.0 0.2945236175151137 0.09332686473309092 0.0 0.20947143607358878 0.3944349515121539 0.27699923104564456 0.3245204520893758 0.21578657962775097 0.0 0.0 0.0 0.0 0.0 0.0 0.0 0.0 0.0 0.0 0.0 0.0 0.0 0.0 0.0 0.0 0.0 0.0 0.0 0.0 0.0 0.0 0.0 0.0 0.0 0.0 0.0 0.0 0.0 0.0 0.0 0.0 0.0 0.0 0.0 0.0 0.0 0.0 0.0 0.0 0.0 0.0 0.0 0.0 0.0 0.0 0.0 0.0 0.0 0.0 0.0 0.0 0.0 0.0 0.0
but after the loss of the senate elections he was made chairman of the partys political conservative committee
0.0 0.16576239295639758 0.0 0.0 0.07108009863825888 0.2987256960820926 0.29793766080476164 0.13194012553490808 0.12210105172189624 0.21704926024317076 0.2945236175151137 0.09332686473309092 0.40153680548492526 0.20947143607358878 0.3944349515121539 0.27699923104564456 0.0 0.0 0.14509123870647211 0.32389269901971285 0.0 0.0 0.0 0.0 0.0 0.0 0.0 0.0 0.0 0.0 0.0 0.0 0.0 0.0 0.0 0.0 0.0 0.0 0.0 0.0 0.0 0.0 0.0 0.0 0.0 0.0 0.0 0.0 0.0 0.0 0.0 0.0 0.0 0.0 0.0 0.0 0.0 0.0 0.0 0.0 0.0 0.0 0.0 0.0 0.0 0.0 0.0 0.0 0.0 0.0 0.0 0.0 0.0
after his senate defeat he served as the chairman of gopac a conservative political action committee
0.0 0.18648269207594728 0.0 0.0 0.026655036989347083 0.33606640809235416 0.0 0.14843264122677158 0.0 0.0 0.3313390697045029 0.05249636141236364 0.0 0.23565536558278738 0.44373932045117315 0.3116241349263501 0.0 0.0 0.0 0.0 0.16690262007406567 0.3849888667954562 0.5232996751894786 0.16470632943957153 0.6449190595054357 0.08861770919823396 0.26350914734208764 0.0 0.0 0.0 0.0 0.0 0.0 0.0 0.0 0.0 0.0 0.0 0.0 0.0 0.0 0.0 0.0 0.0 0.0 0.0 0.0 0.0 0.0 0.0 0.0 0.0 0.0 0.0 0.0 0.0 0.0 0.0 0.0 0.0 0.0 0.0 0.0 0.0 0.0 0.0 0.0 0.0 0.0 0.0 0.0 0.0 0.0
a1wyssw33m2fz2
but after loosing in the senate elections he was appointed as the chairman of one political conservative committee of the party
0.0 0.14208205110548364 0.0 0.04903955725984196 0.06092579883279333 0.25605059664179364 0.25537513783265287 0.11309153617277834 0.10465804433305392 0.0 0.2524488150129546 0.0799944554855065 0.0 0.17954694520593323 0.3380871012961319 0.23742791232483818 0.27816038750517924 0.1849599253952151 0.1243639188912618 0.0 0.0 0.0 0.0 0.12549053671586402 0.0 0.0 0.0 0.45835989388223936 0.1395712244288538 0.0 0.0 0.0 0.0 0.0 0.0 0.0 0.0 0.0 0.0 0.0 0.0 0.0 0.0 0.0 0.0 0.0 0.0 0.0 0.0 0.0 0.0 0.0 0.0 0.0 0.0 0.0 0.0 0.0 0.0 0.0 0.0 0.0 0.0 0.0 0.0 0.0 0.0 0.0 0.0 0.0 0.0 0.0 0.0
az9utcfpk0ude
but after the interference from sant he has been elected as charman of polatical conservanto committee
0.0 0.18648269207594728 0.0 0.0 0.026655036989347083 0.0 0.0 0.14843264122677158 0.0 0.0 0.0 0.05249636141236364 0.0 0.0 0.0 0.3116241349263501 0.0 0.0 0.16322764354478111 0.0 0.0 0.0 0.0 0.16470632943957153 0.0 0.0 0.0 0.0 0.0 0.48460972466408964 0.15080591496425244 0.5329340926786822 0.12829985112070147 0.18404394329605064 0.30058228846618706 0.6449190595054357 0.6449190595054357 0.6449190595054357 0.0 0.0 0.0 0.0 0.0 0.0 0.0 0.0 0.0 0.0 0.0 0.0 0.0 0.0 0.0 0.0 0.0 0.0 0.0 0.0 0.0 0.0 0.0 0.0 0.0 0.0 0.0 0.0 0.0 0.0 0.0 0.0 0.0 0.0 0.0
a3dd3acpmvdvca
but after losing in the voting for the senate seat he became the chairman of the political conservative committee of the party
0.0 0.13562377605523437 0.3524434361193379 0.046810486475303684 0.09692740723398939 0.24441193315807574 0.0 0.10795101180128842 0.0 0.0 0.2409738688760021 0.07635834387252893 0.0 0.17138572042384537 0.3227195057826714 0.22663573449189098 0.0 0.17655265605906897 0.11871101348711353 0.0 0.0 0.0 0.0 0.0 0.0 0.0 0.0 0.0 0.0 0.0 0.0 0.0 0.0 0.0 0.0 0.0 0.0 0.0 0.43752535325122843 0.08775953177920069 0.32093674609388584 0.24506596667862574 0.0 0.0 0.0 0.0 0.0 0.0 0.0 0.0 0.0 0.0 0.0 0.0 0.0 0.0 0.0 0.0 0.0 0.0 0.0 0.0 0.0 0.0 0.0 0.0 0.0 0.0 0.0 0.0 0.0 0.0 0.0
a28e6z78qj2yz6
but after losing in the senate elections he was given the chairmanship of partys political conservative committee
0.0 0.17551312195383273 0.45610327027208436 0.06057827661509889 0.0501741872740651 0.31629779585162743 0.3154634055579829 0.13970130938990266 0.1292834665290666 0.0 0.0 0.04940834015281284 0.4251566175722738 0.22179328525438813 0.41763700748345706 0.2932933034600942 0.0 0.0 0.15362601745391163 0.0 0.0 0.0 0.0 0.0 0.0 0.0 0.0 0.0 0.0 0.0 0.0 0.0 0.0 0.0 0.0 0.0 0.0 0.0 0.0 0.0 0.0 0.0 0.2589707582046786 0.44032303576651494 0.0 0.0 0.0 0.0 0.0 0.0 0.0 0.0 0.0 0.0 0.0 0.0 0.0 0.0 0.0 0.0 0.0 0.0 0.0 0.0 0.0 0.0 0.0 0.0 0.0 0.0 0.0 0.0 0.0
a1dndzlo2d5d48
but after losing in the senate elections he was appointed as the chairman of one politically conservative party committee
0.0 0.15703805648500824 0.40809239971712813 0.054201615918772685 0.044892693876795085 0.2830032910251403 0.2822567312887216 0.12499590840149186 0.11567468057863854 0.0 0.27902237448800243 0.04420746224199044 0.0 0.0 0.37367521722204056 0.26242032414850536 0.30744042829519813 0.2044293912262904 0.13745485772192093 0.0 0.0 0.0 0.0 0.1387000668964813 0.0 0.0 0.0 0.0 0.15426293226347002 0.0 0.0 0.0 0.0 0.0 0.0 0.0 0.0 0.0 0.0 0.0 0.0 0.0 0.0 0.0 0.44067341068587673 0.0 0.0 0.0 0.0 0.0 0.0 0.0 0.0 0.0 0.0 0.0 0.0 0.0 0.0 0.0 0.0 0.0 0.0 0.0 0.0 0.0 0.0 0.0 0.0 0.0 0.0 0.0 0.0
a6tw9zegog7ph
but after losing in the senate elections he was appointed as the chairman of one political conservative committee of the party
0.0 0.14208205110548364 0.36922645688692546 0.04903955725984196 0.06092579883279333 0.25605059664179364 0.25537513783265287 0.11309153617277834 0.10465804433305392 0.0 0.2524488150129546 0.0799944554855065 0.0 0.17954694520593323 0.3380871012961319 0.23742791232483818 0.27816038750517924 0.1849599253952151 0.1243639188912618 0.0 0.0 0.0 0.0 0.12549053671586402 0.0 0.0 0.0 0.0 0.1395712244288538 0.0 0.0 0.0 0.0 0.0 0.0 0.0 0.0 0.0 0.0 0.0 0.0 0.0 0.0 0.0 0.0 0.0 0.0 0.0 0.0 0.0 0.0 0.0 0.0 0.0 0.0 0.0 0.0 0.0 0.0 0.0 0.0 0.0 0.0 0.0 0.0 0.0 0.0 0.0 0.0 0.0 0.0 0.0 0.0
a2scjh3oqhuw2a
but after losing in the senate elections he was appointed as the chairman of one political conservative committee of the party
0.0 0.14208205110548364 0.36922645688692546 0.04903955725984196 0.06092579883279333 0.25605059664179364 0.25537513783265287 0.11309153617277834 0.10465804433305392 0.0 0.2524488150129546 0.0799944554855065 0.0 0.17954694520593323 0.3380871012961319 0.23742791232483818 0.27816038750517924 0.1849599253952151 0.1243639188912618 0.0 0.0 0.0 0.0 0.12549053671586402 0.0 0.0 0.0 0.0 0.1395712244288538 0.0 0.0 0.0 0.0 0.0 0.0 0.0 0.0 0.0 0.0 0.0 0.0 0.0 0.0 0.0 0.0 0.0 0.0 0.0 0.0 0.0 0.0 0.0 0.0 0.0 0.0 0.0 0.0 0.0 0.0 0.0 0.0 0.0 0.0 0.0 0.0 0.0 0.0 0.0 0.0 0.0 0.0 0.0 0.0
a230hf2okthmdz
but after the interference from senate he has been elected as chairman of political conservation committee
0.0 0.18648269207594728 0.0 0.0 0.026655036989347083 0.33606640809235416 0.0 0.14843264122677158 0.0 0.0 0.3313390697045029 0.05249636141236364 0.0 0.23565536558278738 0.0 0.3116241349263501 0.0 0.0 0.16322764354478111 0.0 0.0 0.0 0.0 0.16470632943957153 0.0 0.0 0.0 0.0 0.0 0.48460972466408964 0.15080591496425244 0.0 0.12829985112070147 0.18404394329605064 0.30058228846618706 0.0 0.0 0.0 0.0 0.0 0.0 0.0 0.0 0.0 0.0 0.6449190595054357 0.0 0.0 0.0 0.0 0.0 0.0 0.0 0.0 0.0 0.0 0.0 0.0 0.0 0.0 0.0 0.0 0.0 0.0 0.0 0.0 0.0 0.0 0.0 0.0 0.0 0.0 0.0
aw4q48bn2x4nt
but after the interference from sant he has been elected as chairman of political conservant committee
0.0 0.18648269207594728 0.0 0.0 0.026655036989347083 0.0 0.0 0.14843264122677158 0.0 0.0 0.3313390697045029 0.05249636141236364 0.0 0.23565536558278738 0.0 0.3116241349263501 0.0 0.0 0.16322764354478111 0.0 0.0 0.0 0.0 0.16470632943957153 0.0 0.0 0.0 0.0 0.0 0.48460972466408964 0.15080591496425244 0.5329340926786822 0.12829985112070147 0.18404394329605064 0.30058228846618706 0.0 0.0 0.0 0.0 0.0 0.0 0.0 0.0 0.0 0.0 0.0 0.6449190595054357 0.0 0.0 0.0 0.0 0.0 0.0 0.0 0.0 0.0 0.0 0.0 0.0 0.0 0.0 0.0 0.0 0.0 0.0 0.0 0.0 0.0 0.0 0.0 0.0 0.0 0.0
a6tw9zegog7ph
but after the interference from sant he has been elected as chairman of the political conservative committee
0.0 0.17551312195383273 0.0 0.0 0.0501741872740651 0.0 0.0 0.13970130938990266 0.0 0.0 0.3118485361924733 0.04940834015281284 0.0 0.22179328525438813 0.41763700748345706 0.2932933034600942 0.0 0.0 0.15362601745391163 0.0 0.0 0.0 0.0 0.1550177218254791 0.0 0.0 0.0 0.0 0.0 0.45610327027208436 0.14193497878988465 0.5015850284034656 0.12075280105477786 0.17321782898451826 0.28290097737994074 0.0 0.0 0.0 0.0 0.0 0.0 0.0 0.0 0.0 0.0 0.0 0.0 0.0 0.0 0.0 0.0 0.0 0.0 0.0 0.0 0.0 0.0 0.0 0.0 0.0 0.0 0.0 0.0 0.0 0.0 0.0 0.0 0.0 0.0 0.0 0.0 0.0 0.0
a2mrhza4l9w9cl
but after losing in the race for the senate seat he became the chairman of the political conservative committee of the republican party
0.0 0.12972709013978942 0.3371198084619754 0.04477524793289918 0.09271317213685941 0.2337853273685942 0.0 0.10325748954905849 0.0 0.0 0.23049674414226287 0.07303841587807115 0.0 0.16393416736193905 0.3086882229225552 0.21678200690528704 0.0 0.16887645362171816 0.11354966507463034 0.0 0.0 0.0 0.0 0.0 0.0 0.0 0.0 0.0 0.0 0.0 0.0 0.0 0.0 0.0 0.0 0.0 0.0 0.0 0.0 0.0839438999627137 0.30698297452458645 0.23441092464912028 0.0 0.0 0.0 0.0 0.0 0.31046309224952284 0.23020975788003017 0.0 0.0 0.0 0.0 0.0 0.0 0.0 0.0 0.0 0.0 0.0 0.0 0.0 0.0 0.0 0.0 0.0 0.0 0.0 0.0 0.0 0.0 0.0 0.0
a1kf7gs7yulm10
after losing the senatorial election he became the chairman of the political conservative committee of the party
0.0 0.17551312195383273 0.45610327027208436 0.0 0.1003483745481302 0.0 0.0 0.13970130938990266 0.0 0.0 0.3118485361924733 0.09881668030562568 0.0 0.22179328525438813 0.41763700748345706 0.2932933034600942 0.0 0.22847990784114808 0.0 0.0 0.0 0.0 0.0 0.0 0.0 0.0 0.0 0.0 0.0 0.0 0.0 0.0 0.0 0.0 0.0 0.0 0.0 0.0 0.0 0.0 0.0 0.3171441921723392 0.0 0.0 0.0 0.0 0.0 0.0 0.0 0.5662092806780603 0.3154634055579829 0.0 0.0 0.0 0.0 0.0 0.0 0.0 0.0 0.0 0.0 0.0 0.0 0.0 0.0 0.0 0.0 0.0 0.0 0.0 0.0 0.0 0.0
a3lhs82826iskx
after losing in the polls for the senate seat he became the chairman of the political conservative committee
0.0 0.16576239295639758 0.430764199701413 0.05721281680314895 0.09477346485101185 0.2987256960820926 0.0 0.13194012553490808 0.0 0.0 0.2945236175151137 0.04666343236654546 0.0 0.20947143607358878 0.3944349515121539 0.27699923104564456 0.0 0.0 0.0 0.0 0.0 0.0 0.0 0.0 0.0 0.0 0.0 0.0 0.0 0.0 0.0 0.0 0.0 0.0 0.0 0.0 0.0 0.0 0.0 0.10726164995235639 0.39225602300363827 0.299525070384987 0.0 0.0 0.0 0.0 0.0 0.0 0.0 0.0 0.0 0.5347532095292792 0.0 0.0 0.0 0.0 0.0 0.0 0.0 0.0 0.0 0.0 0.0 0.0 0.0 0.0 0.0 0.0 0.0 0.0 0.0 0.0 0.0
a3ohqrf1mdq99b
in recent years chemical and herbal health supplements have greatly increased in popularity an important one of these is human growth hormone commonly known as hgh
0.0 0.0 0.0 0.07921774634282162 0.0 0.0 0.0 0.0 0.0 0.0 0.0 0.032305453176839166 0.0 0.0 0.0 0.0 0.0 0.0 0.0 0.0 0.0 0.0 0.0 0.10135774119358248 0.0 0.0 0.0 0.0 0.11273060434638192 0.0 0.0 0.0 0.0 0.0 0.0 0.0 0.0 0.0 0.0 0.0 0.0 0.0 0.0 0.0 0.0 0.0 0.0 0.0 0.0 0.0 0.0 0.0 0.21975133715764922 0.1585484932420173 0.2660579834778775 0.038229424607780456 0.2701103110031785 0.22092284513783028 0.2701103110031785 0.08799884723032421 0.24718787130678244 0.1901317901693387 0.23939847653326424 0.11347558714521498 0.182853251721703 0.11582702451239356 0.05026213533979332 0.1710225831773675 0.2687115554581449 0.2701103110031785 0.27307035104687577 0.20264803633990128 0.2701103110031785
