every day somewhere or other they were expressing their anger by demolishing schools and colleges for women demonstrating this unhappiness at one place the had been displeasure everyday blowing up show girls to upsetness in any plays demolished school college of womans kept grief a womens irritation angerness daily scools unease way caused his showing disappointment played part damaging an allwomen
every day somewhere or other they were expressing their anger by demolishing schools and colleges for women
0.24920506127708966 0.23049691216342058 0.4925173413548034 0.19001742196538685 0.19638994185442396 0.15198286812142292 0.17362517012976228 0.38711972551785895 0.17513065292493 0.4307630987372341 0.14679172125890871 0.43696077612887096 0.2980253837670789 0.058468531753075995 0.4715364622995838 0.11357115877308324 0.2667576335151314 0.0 0.0 0.0 0.0 0.0 0.0 0.0 0.0 0.0 0.0 0.0 0.0 0.0 0.0 0.0 0.0 0.0 0.0 0.0 0.0 0.0 0.0 0.0 0.0 0.0 0.0 0.0 0.0 0.0 0.0 0.0 0.0 0.0 0.0 0.0 0.0 0.0 0.0 0.0 0.0 0.0 0.0 0.0 0.0
they were demonstrating this unhappiness at one place or the other by demolishing schools or colleges for women
0.0 0.0 0.0 0.3589217970457307 0.1854793895291782 0.14353937544801054 0.1639793273447755 0.0 0.0 0.0 0.13863662563341378 0.4126851774550448 0.28146841800224115 0.0 0.4453399921718291 0.10726164995235639 0.25193776498651294 0.5347532095292792 0.09519449351933444 0.5732613862270539 0.17208888077247084 0.16283309516699612 0.25176708726223684 0.02369336621275296 0.0 0.0 0.0 0.0 0.0 0.0 0.0 0.0 0.0 0.0 0.0 0.0 0.0 0.0 0.0 0.0 0.0 0.0 0.0 0.0 0.0 0.0 0.0 0.0 0.0 0.0 0.0 0.0 0.0 0.0 0.0 0.0 0.0 0.0 0.0 0.0 0.0
they had been expressing this displeasure everyday by blowing up schools and colleges for women at one place or the other
0.0 0.0 0.0 0.15382362730531315 0.15898233388215274 0.12303375038400903 0.0 0.3133826349430287 0.0 0.0 0.11883139340006894 0.0 0.24125864400192099 0.0473316685620139 0.3817199932901393 0.09193855710201977 0.2159466557027254 0.0 0.08159528015942952 0.0 0.14750475494783213 0.1395712244288538 0.2158003605104887 0.02030859961093111 0.1648186137876943 0.14022395679699096 0.4147270018882319 0.35115552252002524 0.45835989388223936 0.20499951409734138 0.0 0.0 0.0 0.0 0.0 0.0 0.0 0.0 0.0 0.0 0.0 0.0 0.0 0.0 0.0 0.0 0.0 0.0 0.0 0.0 0.0 0.0 0.0 0.0 0.0 0.0 0.0 0.0 0.0 0.0 0.0
they show their anger every day by demolishing girls schools or colleges somewhere
0.3258835416700403 0.3014190389829346 0.6440611386947429 0.2484843210316597 0.0 0.1987468275433992 0.0 0.0 0.22901700767106228 0.5633055906563831 0.19195840472318831 0.5714102457069851 0.389725501849257 0.0 0.6166246045456096 0.0 0.0 0.0 0.0 0.0 0.0 0.0 0.0 0.0 0.0 0.0 0.0 0.0 0.0 0.0 0.37476673695543544 0.3668945282455193 0.0 0.0 0.0 0.0 0.0 0.0 0.0 0.0 0.0 0.0 0.0 0.0 0.0 0.0 0.0 0.0 0.0 0.0 0.0 0.0 0.0 0.0 0.0 0.0 0.0 0.0 0.0 0.0 0.0
a1sanjgoj47idf
to show this upsetness every day in any plays demolished school and college of womans
0.2824324027807016 0.26122983378521 0.0 0.0 0.0 0.0 0.0 0.0 0.0 0.0 0.0 0.0 0.0 0.06626433598681945 0.0 0.0 0.0 0.0 0.11423339222320132 0.0 0.0 0.0 0.0 0.0 0.0 0.0 0.0 0.0 0.0 0.0 0.3247978386947107 0.0 0.0719916206474107 0.6417038514351351 0.06865538016377874 0.23622259074337196 0.5492842273604757 0.4818441665819103 0.3751571379905218 0.4707072276043659 0.05599611883985455 0.5954940393978053 0.0 0.0 0.0 0.0 0.0 0.0 0.0 0.0 0.0 0.0 0.0 0.0 0.0 0.0 0.0 0.0 0.0 0.0 0.0
a143bvgouf83je
they kept expressing their grief by demolishing a womens school and college somewhere every day
0.2824324027807016 0.26122983378521 0.5581863202021106 0.0 0.0 0.17224725053761264 0.0 0.4387356889202402 0.19848140664825398 0.0 0.16636395076009652 0.49522221294605373 0.0 0.06626433598681945 0.0 0.0 0.0 0.0 0.0 0.0 0.0 0.0 0.0 0.0 0.0 0.0 0.0 0.0 0.0 0.0 0.0 0.0 0.0 0.0 0.0 0.0 0.0 0.0 0.3751571379905218 0.4707072276043659 0.0 0.0 0.3802389623497141 0.5119765081647808 0.09452555647811622 0.476043408115935 0.0 0.0 0.0 0.0 0.0 0.0 0.0 0.0 0.0 0.0 0.0 0.0 0.0 0.0 0.0
a1wyssw33m2fz2
they were expressing this irritation by demolishing schools and colleges for women every day
0.302606145836466 0.2798891076270107 0.0 0.0 0.0 0.18455062557601357 0.21083056372899706 0.47007395241454303 0.0 0.0 0.17824709010010342 0.5305952281564862 0.3618879660028815 0.07099750284302085 0.5725799899352089 0.13790783565302964 0.3239199835540881 0.0 0.12239292023914428 0.0 0.0 0.0 0.0 0.0 0.0 0.0 0.0 0.0 0.0 0.0 0.0 0.0 0.0 0.0 0.0 0.0 0.0 0.0 0.0 0.0 0.0 0.0 0.0 0.0 0.0 0.0 0.5980567716451184 0.0 0.0 0.0 0.0 0.0 0.0 0.0 0.0 0.0 0.0 0.0 0.0 0.0 0.0
a2i57ww1b3evwx
they show this angerness daily by demolishing scools and colleges of women
0.0 0.0 0.0 0.0 0.0 0.2153090631720158 0.0 0.0 0.0 0.0 0.20795493845012067 0.6190277661825672 0.0 0.08283041998352432 0.6680099882577437 0.0 0.37790664747976943 0.0 0.14279174027900166 0.0 0.0 0.0 0.0 0.0 0.0 0.0 0.0 0.0 0.0 0.0 0.4059972983683884 0.0 0.0 0.0 0.0 0.0 0.0 0.0 0.0 0.0 0.06999514854981818 0.0 0.0 0.0 0.0 0.0 0.0 0.859892079340581 0.4511191811373784 0.859892079340581 0.0 0.0 0.0 0.0 0.0 0.0 0.0 0.0 0.0 0.0 0.0
au2ar4vob7vlv
to show this unease every day in any way caused the demolishing of the school and college of women
0.2229729495637118 0.20623407930411314 0.0 0.0 0.0 0.0 0.0 0.0 0.0 0.0 0.0 0.3909649049574108 0.0 0.05231394946327852 0.0 0.0 0.23867788261880174 0.0 0.09018425701831684 0.0 0.0 0.0 0.0 0.044892693876795085 0.0 0.0 0.0 0.0 0.0 0.0 0.2564193463379295 0.0 0.05683548998479792 0.0 0.054201615918772685 0.1864915190079252 0.0 0.0 0.29617668788725404 0.3716109691613415 0.08841492448398088 0.0 0.0 0.0 0.0 0.0 0.0 0.0 0.0 0.0 0.5430897343203669 0.23185273402361584 0.33719378666625394 0.0 0.0 0.0 0.0 0.0 0.0 0.0 0.0
a3andctf0w1pqd
his showing of disappointment every day played a part in damaging the school and the college of women
0.23536033565058467 0.21769152815434165 0.0 0.0 0.0 0.0 0.0 0.0 0.0 0.0 0.0 0.0 0.0 0.05522027998901621 0.0 0.0 0.25193776498651294 0.0 0.0 0.0 0.0 0.0 0.0 0.04738673242550592 0.0 0.0 0.0 0.0 0.0 0.0 0.0 0.0 0.0 0.0 0.05721281680314895 0.0 0.0 0.0 0.3126309483254348 0.39225602300363827 0.09332686473309092 0.0 0.0 0.0 0.07877129706509685 0.0 0.0 0.0 0.0 0.0 0.0 0.0 0.0 0.1483578845102806 0.3605590864221042 0.40968144294002945 0.29200610661444465 0.26327639589448604 0.5122273701899367 0.0 0.0
a31ikb373dzonk
to show this upsetness every day in any plays demolished school and college of womans
0.2824324027807016 0.26122983378521 0.0 0.0 0.0 0.0 0.0 0.0 0.0 0.0 0.0 0.0 0.0 0.06626433598681945 0.0 0.0 0.0 0.0 0.11423339222320132 0.0 0.0 0.0 0.0 0.0 0.0 0.0 0.0 0.0 0.0 0.0 0.3247978386947107 0.0 0.0719916206474107 0.6417038514351351 0.06865538016377874 0.23622259074337196 0.5492842273604757 0.4818441665819103 0.3751571379905218 0.4707072276043659 0.05599611883985455 0.5954940393978053 0.0 0.0 0.0 0.0 0.0 0.0 0.0 0.0 0.0 0.0 0.0 0.0 0.0 0.0 0.0 0.0 0.0 0.0 0.0
a6tw9zegog7ph
they kept expressing their grief by demolishing a womens school and college somewhere every day
0.2824324027807016 0.26122983378521 0.5581863202021106 0.0 0.0 0.17224725053761264 0.0 0.4387356889202402 0.19848140664825398 0.0 0.16636395076009652 0.49522221294605373 0.0 0.06626433598681945 0.0 0.0 0.0 0.0 0.0 0.0 0.0 0.0 0.0 0.0 0.0 0.0 0.0 0.0 0.0 0.0 0.0 0.0 0.0 0.0 0.0 0.0 0.0 0.0 0.3751571379905218 0.4707072276043659 0.0 0.0 0.3802389623497141 0.5119765081647808 0.09452555647811622 0.476043408115935 0.0 0.0 0.0 0.0 0.0 0.0 0.0 0.0 0.0 0.0 0.0 0.0 0.0 0.0 0.0
a2qxd8jqk5bvez
they kept expressing their grief by demolishing a womens schools and college somewhere every day
0.2824324027807016 0.26122983378521 0.5581863202021106 0.0 0.0 0.17224725053761264 0.0 0.4387356889202402 0.19848140664825398 0.0 0.16636395076009652 0.49522221294605373 0.3377621016026894 0.06626433598681945 0.0 0.0 0.0 0.0 0.0 0.0 0.0 0.0 0.0 0.0 0.0 0.0 0.0 0.0 0.0 0.0 0.0 0.0 0.0 0.0 0.0 0.0 0.0 0.0 0.0 0.4707072276043659 0.0 0.0 0.3802389623497141 0.5119765081647808 0.09452555647811622 0.476043408115935 0.0 0.0 0.0 0.0 0.0 0.0 0.0 0.0 0.0 0.0 0.0 0.0 0.0 0.0 0.0
a3l62wt9zlhu7v
they kept expressing their grief by demolishing an allwomen school and college somewhere every day
0.2824324027807016 0.26122983378521 0.5581863202021106 0.0 0.0 0.17224725053761264 0.0 0.4387356889202402 0.19848140664825398 0.0 0.16636395076009652 0.49522221294605373 0.0 0.06626433598681945 0.0 0.0 0.0 0.0 0.0 0.0 0.0 0.0 0.0 0.0 0.0 0.0 0.0 0.0 0.0 0.0 0.0 0.0 0.0 0.0 0.0 0.0 0.0 0.0 0.3751571379905218 0.4707072276043659 0.0 0.0 0.3802389623497141 0.5119765081647808 0.0 0.0 0.0 0.0 0.0 0.0 0.0 0.0 0.0 0.0 0.0 0.0 0.0 0.0 0.0 0.19669101771837263 0.6879136634724647
a3of46tb7y6sbp
they were expressing this irritation by demolishing schools and colleges for women every day
0.302606145836466 0.2798891076270107 0.0 0.0 0.0 0.18455062557601357 0.21083056372899706 0.47007395241454303 0.0 0.0 0.17824709010010342 0.5305952281564862 0.3618879660028815 0.07099750284302085 0.5725799899352089 0.13790783565302964 0.3239199835540881 0.0 0.12239292023914428 0.0 0.0 0.0 0.0 0.0 0.0 0.0 0.0 0.0 0.0 0.0 0.0 0.0 0.0 0.0 0.0 0.0 0.0 0.0 0.0 0.0 0.0 0.0 0.0 0.0 0.0 0.0 0.5980567716451184 0.0 0.0 0.0 0.0 0.0 0.0 0.0 0.0 0.0 0.0 0.0 0.0 0.0 0.0
a291u81kgj6l9n
they were expressing this irritation by demolishing schools and colleges for women every day
0.302606145836466 0.2798891076270107 0.0 0.0 0.0 0.18455062557601357 0.21083056372899706 0.47007395241454303 0.0 0.0 0.17824709010010342 0.5305952281564862 0.3618879660028815 0.07099750284302085 0.5725799899352089 0.13790783565302964 0.3239199835540881 0.0 0.12239292023914428 0.0 0.0 0.0 0.0 0.0 0.0 0.0 0.0 0.0 0.0 0.0 0.0 0.0 0.0 0.0 0.0 0.0 0.0 0.0 0.0 0.0 0.0 0.0 0.0 0.0 0.0 0.0 0.5980567716451184 0.0 0.0 0.0 0.0 0.0 0.0 0.0 0.0 0.0 0.0 0.0 0.0 0.0 0.0
air4uqnpimfcj
they were expressing this irritation by demolishing schools and colleges for women every day
0.302606145836466 0.2798891076270107 0.0 0.0 0.0 0.18455062557601357 0.21083056372899706 0.47007395241454303 0.0 0.0 0.17824709010010342 0.5305952281564862 0.3618879660028815 0.07099750284302085 0.5725799899352089 0.13790783565302964 0.3239199835540881 0.0 0.12239292023914428 0.0 0.0 0.0 0.0 0.0 0.0 0.0 0.0 0.0 0.0 0.0 0.0 0.0 0.0 0.0 0.0 0.0 0.0 0.0 0.0 0.0 0.0 0.0 0.0 0.0 0.0 0.0 0.5980567716451184 0.0 0.0 0.0 0.0 0.0 0.0 0.0 0.0 0.0 0.0 0.0 0.0 0.0 0.0
a1aklmhymfgmc2
they show their anger by demolishing schools and colleges for women
0.0 0.0 0.0 0.0 0.0 0.2348826143694718 0.0 0.0 0.27065646361125545 0.6657247889575436 0.2268599328546771 0.6753030176537096 0.4605846840036673 0.09036045816384472 0.7287381690084477 0.17551906355840138 0.41226179725065754 0.0 0.0 0.0 0.0 0.0 0.0 0.0 0.0 0.0 0.0 0.0 0.0 0.0 0.4429061436746055 0.0 0.0 0.0 0.0 0.0 0.0 0.0 0.0 0.0 0.0 0.0 0.0 0.0 0.0 0.0 0.0 0.0 0.0 0.0 0.0 0.0 0.0 0.0 0.0 0.0 0.0 0.0 0.0 0.0 0.0
