this brought to mind the recent marriage of a girl dog refreshed girls with some time back it also memory little while ago has taken place news married just before wedding took sometime was days go become fresh from on which is freshed between and there incident had been
this brought to mind the recent marriage of a girl to a dog
0.13180776025753999 0.46266460452944624 0.16613450918633238 0.4511044350641126 0.0328061993715041 0.43950267431529844 0.45763516150922684 0.06461090635367833 0.2181358995648836 0.49129840918174195 0.5714102457069851 0.0 0.0 0.0 0.0 0.0 0.0 0.0 0.0 0.0 0.0 0.0 0.0 0.0 0.0 0.0 0.0 0.0 0.0 0.0 0.0 0.0 0.0 0.0 0.0 0.0 0.0 0.0 0.0 0.0 0.0 0.0 0.0 0.0 0.0 0.0 0.0 0.0 0.0
this refreshed a girls marriage with a dog some time back
0.15577280757709272 0.0 0.0 0.0 0.0 0.0 0.5408415545109044 0.0 0.25779697221304426 0.0 0.6753030176537096 0.8381902421289873 0.4336026242901592 0.21367140473402307 0.3615075939423472 0.34608723840384026 0.44814847475186087 0.0 0.0 0.0 0.0 0.0 0.0 0.0 0.0 0.0 0.0 0.0 0.0 0.0 0.0 0.0 0.0 0.0 0.0 0.0 0.0 0.0 0.0 0.0 0.0 0.0 0.0 0.0 0.0 0.0 0.0 0.0 0.0
it also refreshed the memory of a girls marriage with a dog a little while ago
0.0 0.0 0.0 0.0 0.026655036989347083 0.0 0.3718285687262468 0.05249636141236364 0.26585312759470187 0.0 0.46427082463692537 0.5762557914636788 0.29810180419948445 0.14689909075464086 0.0 0.0 0.0 0.12657221481416409 0.17244659100495444 0.40041762166617656 0.3650855086005478 0.2507768540711847 0.32211993613521606 0.0 0.0 0.0 0.0 0.0 0.0 0.0 0.0 0.0 0.0 0.0 0.0 0.0 0.0 0.0 0.0 0.0 0.0 0.0 0.0 0.0 0.0 0.0 0.0 0.0 0.0
this has taken the place of the news of a girl married to a dog a little while back
0.09018425701831684 0.0 0.05683548998479792 0.0 0.044892693876795085 0.0 0.0 0.08841492448398088 0.2238763179744858 0.33615154312434975 0.3909649049574108 0.0 0.0 0.0 0.0 0.0 0.2594543801194984 0.0 0.0 0.0 0.30744042829519813 0.21118050869152397 0.0 0.10804197989111702 0.22867870211672153 0.2385161879326454 0.22261368824421707 0.3451318334943899 0.0 0.0 0.0 0.0 0.0 0.0 0.0 0.0 0.0 0.0 0.0 0.0 0.0 0.0 0.0 0.0 0.0 0.0 0.0 0.0 0.0
a143bvgouf83je
just a while before this the wedding of a dog with a girl took place
0.11423339222320132 0.0 0.0 0.0 0.028432039455303555 0.0 0.0 0.05599611883985455 0.28357666943434867 0.42579195462417635 0.49522221294605373 0.0 0.0 0.1566923634716169 0.0 0.0 0.0 0.0 0.0 0.0 0.0 0.2674953110092637 0.0 0.0 0.0 0.30212050471468416 0.0 0.0 0.3029435604361708 0.2936801297632467 0.5954940393978053 0.32956176962685374 0.0 0.0 0.0 0.0 0.0 0.0 0.0 0.0 0.0 0.0 0.0 0.0 0.0 0.0 0.0 0.0 0.0
a3fq8i38xt2b4z
sometime before this a girl was married to a dog
0.17135008833480198 0.0 0.10798743097111604 0.0 0.0 0.0 0.0 0.0 0.28357666943434867 0.6386879319362645 0.7428333194190806 0.0 0.0 0.0 0.0 0.0 0.0 0.0 0.0 0.0 0.0 0.0 0.0 0.0 0.0 0.0 0.0 0.6557504836393409 0.0 0.4405201946448701 0.0 0.0 0.79208096792886 0.21978189309941323 0.0 0.0 0.0 0.0 0.0 0.0 0.0 0.0 0.0 0.0 0.0 0.0 0.0 0.0 0.0
a2de039cxxjuga
some days go a girls marriage with a dog become fresh
0.0 0.0 0.0 0.0 0.0 0.0 0.5408415545109044 0.0 0.25779697221304426 0.0 0.6753030176537096 0.0 0.4336026242901592 0.21367140473402307 0.3615075939423472 0.0 0.0 0.0 0.0 0.0 0.0 0.0 0.0 0.0 0.0 0.0 0.0 0.0 0.0 0.0 0.0 0.0 0.0 0.0 0.4095067654783549 0.4868963928933694 0.38308288360654413 0.6918777046349782 0.0 0.0 0.0 0.0 0.0 0.0 0.0 0.0 0.0 0.0 0.0
alrghxunh1uv7
from on before a dog married a girl which is also freshed
0.0 0.0 0.0 0.0 0.0 0.0 0.0 0.0 0.23631389119529056 0.5322399432802204 0.6190277661825672 0.0 0.0 0.0 0.0 0.0 0.0 0.0 0.2299287880066059 0.0 0.0 0.0 0.0 0.0 0.0 0.0 0.0 0.5464587363661174 0.0 0.3671001622040584 0.0 0.0 0.0 0.0 0.0 0.0 0.0 0.0 0.20107455328566992 0.1560839801979836 0.25129457507084757 0.10890129323621885 0.8021298142939188 0.0 0.0 0.0 0.0 0.0 0.0
a2qxd8jqk5bvez
just a while before this the wedding of a girl with a dog took place
0.11423339222320132 0.0 0.0 0.0 0.028432039455303555 0.0 0.0 0.05599611883985455 0.28357666943434867 0.42579195462417635 0.49522221294605373 0.0 0.0 0.1566923634716169 0.0 0.0 0.0 0.0 0.0 0.0 0.0 0.2674953110092637 0.0 0.0 0.0 0.30212050471468416 0.0 0.0 0.3029435604361708 0.2936801297632467 0.5954940393978053 0.32956176962685374 0.0 0.0 0.0 0.0 0.0 0.0 0.0 0.0 0.0 0.0 0.0 0.0 0.0 0.0 0.0 0.0 0.0
aw4q48bn2x4nt
just before this the wedding between a dog and a girl took place
0.13180776025753999 0.0 0.0 0.0 0.0328061993715041 0.0 0.0 0.0 0.2181358995648836 0.49129840918174195 0.5714102457069851 0.0 0.0 0.0 0.0 0.0 0.0 0.0 0.0 0.0 0.0 0.0 0.0 0.0 0.0 0.34860058236309716 0.0 0.0 0.34955026204173556 0.3388616881883616 0.6871085069974677 0.3802635803386774 0.0 0.0 0.0 0.0 0.0 0.0 0.0 0.0 0.0 0.0 0.0 0.30481517626085225 0.07645884921556091 0.0 0.0 0.0 0.0
ajfwu2g6a1bhs
just a while before this the wedding of a dog with a girl took place
0.11423339222320132 0.0 0.0 0.0 0.028432039455303555 0.0 0.0 0.05599611883985455 0.28357666943434867 0.42579195462417635 0.49522221294605373 0.0 0.0 0.1566923634716169 0.0 0.0 0.0 0.0 0.0 0.0 0.0 0.2674953110092637 0.0 0.0 0.0 0.30212050471468416 0.0 0.0 0.3029435604361708 0.2936801297632467 0.5954940393978053 0.32956176962685374 0.0 0.0 0.0 0.0 0.0 0.0 0.0 0.0 0.0 0.0 0.0 0.0 0.0 0.0 0.0 0.0 0.0
avktegthhn2vp
sometime before this there was a girl married to a dog
0.15577280757709272 0.0 0.09817039179192368 0.0 0.0 0.0 0.0 0.0 0.25779697221304426 0.5806253926693313 0.6753030176537096 0.0 0.0 0.0 0.0 0.0 0.0 0.0 0.0 0.0 0.0 0.0 0.0 0.0 0.0 0.0 0.0 0.5961368033084917 0.0 0.40047290422260917 0.0 0.0 0.7200736072080546 0.19980172099946658 0.0 0.0 0.0 0.0 0.0 0.0 0.0 0.0 0.0 0.0 0.0 0.26036227297481546 0.0 0.0 0.0
a2kixciinfgilk
sometime before this a girl was married to a dog
0.17135008833480198 0.0 0.10798743097111604 0.0 0.0 0.0 0.0 0.0 0.28357666943434867 0.6386879319362645 0.7428333194190806 0.0 0.0 0.0 0.0 0.0 0.0 0.0 0.0 0.0 0.0 0.0 0.0 0.0 0.0 0.0 0.0 0.6557504836393409 0.0 0.4405201946448701 0.0 0.0 0.79208096792886 0.21978189309941323 0.0 0.0 0.0 0.0 0.0 0.0 0.0 0.0 0.0 0.0 0.0 0.0 0.0 0.0 0.0
al2rcq9eyun61
sometime before this incident a girl had been married to a dog
0.14279174027900166 0.0 0.08998952580926338 0.0 0.0 0.0 0.0 0.0 0.23631389119529056 0.5322399432802204 0.6190277661825672 0.0 0.0 0.0 0.0 0.0 0.0 0.0 0.0 0.0 0.0 0.0 0.0 0.0 0.0 0.0 0.0 0.5464587363661174 0.0 0.3671001622040584 0.0 0.0 0.66006747327405 0.0 0.0 0.0 0.0 0.0 0.0 0.0 0.0 0.0 0.0 0.0 0.0 0.0 0.3859774663122626 0.288432574128465 0.2453919243947342
a1dndzlo2d5d48
some days go a girls marriage with a dog become fresh
0.0 0.0 0.0 0.0 0.0 0.0 0.5408415545109044 0.0 0.25779697221304426 0.0 0.6753030176537096 0.0 0.4336026242901592 0.21367140473402307 0.3615075939423472 0.0 0.0 0.0 0.0 0.0 0.0 0.0 0.0 0.0 0.0 0.0 0.0 0.0 0.0 0.0 0.0 0.0 0.0 0.0 0.4095067654783549 0.4868963928933694 0.38308288360654413 0.6918777046349782 0.0 0.0 0.0 0.0 0.0 0.0 0.0 0.0 0.0 0.0 0.0
a14wwg6nkbdwgp
some days go a girls marriage with a dog become fresh
0.0 0.0 0.0 0.0 0.0 0.0 0.5408415545109044 0.0 0.25779697221304426 0.0 0.6753030176537096 0.0 0.4336026242901592 0.21367140473402307 0.3615075939423472 0.0 0.0 0.0 0.0 0.0 0.0 0.0 0.0 0.0 0.0 0.0 0.0 0.0 0.0 0.0 0.0 0.0 0.0 0.0 0.4095067654783549 0.4868963928933694 0.38308288360654413 0.6918777046349782 0.0 0.0 0.0 0.0 0.0 0.0 0.0 0.0 0.0 0.0 0.0
a6tw9zegog7ph
some days go a girls marriage with a dog become fresh
0.0 0.0 0.0 0.0 0.0 0.0 0.5408415545109044 0.0 0.25779697221304426 0.0 0.6753030176537096 0.0 0.4336026242901592 0.21367140473402307 0.3615075939423472 0.0 0.0 0.0 0.0 0.0 0.0 0.0 0.0 0.0 0.0 0.0 0.0 0.0 0.0 0.0 0.0 0.0 0.0 0.0 0.4095067654783549 0.4868963928933694 0.38308288360654413 0.6918777046349782 0.0 0.0 0.0 0.0 0.0 0.0 0.0 0.0 0.0 0.0 0.0
a3ohqrf1mdq99b
from on before a dog married a girl which is also freshed
0.0 0.0 0.0 0.0 0.0 0.0 0.0 0.0 0.23631389119529056 0.5322399432802204 0.6190277661825672 0.0 0.0 0.0 0.0 0.0 0.0 0.0 0.2299287880066059 0.0 0.0 0.0 0.0 0.0 0.0 0.0 0.0 0.5464587363661174 0.0 0.3671001622040584 0.0 0.0 0.0 0.0 0.0 0.0 0.0 0.0 0.20107455328566992 0.1560839801979836 0.25129457507084757 0.10890129323621885 0.8021298142939188 0.0 0.0 0.0 0.0 0.0 0.0
