unless a person realizes what is right and wrong they continue to err man starts feeling the difference between he will make mistakes as long does not develop sense of continues keeps committing fails distinguish until mankind can understand whats always decision this emerge in human that till then keep doing it mistake by humanity able we bad decisions making emerges humans discover
unless a person realizes what is right and what is wrong they continue to err
0.4371669890928939 0.09452555647811622 0.3203517470614659 0.499032773868717 0.41098208124435026 0.17424206917795015 0.3159316750733832 0.06626433598681945 0.357525192965714 0.17224725053761264 0.33917308901549226 0.0719916206474107 0.6417038514351351 0.0 0.0 0.0 0.0 0.0 0.0 0.0 0.0 0.0 0.0 0.0 0.0 0.0 0.0 0.0 0.0 0.0 0.0 0.0 0.0 0.0 0.0 0.0 0.0 0.0 0.0 0.0 0.0 0.0 0.0 0.0 0.0 0.0 0.0 0.0 0.0 0.0 0.0 0.0 0.0 0.0 0.0 0.0 0.0 0.0 0.0 0.0 0.0 0.0 0.0
unless a man starts feeling the difference between right and wrong he will continue to make mistakes
0.385735578611377 0.08340490277480843 0.0 0.0 0.0 0.0 0.27876324271180875 0.058468531753075995 0.3154634055579829 0.0 0.2992703726607284 0.06352201821830356 0.0 0.2644505327414089 0.44032303576651494 0.39300698778591675 0.02508709363703255 0.3995496722041652 0.23309395831712232 0.13970130938990266 0.13032430587065788 0.26822371636527587 0.3220304626840223 0.0 0.0 0.0 0.0 0.0 0.0 0.0 0.0 0.0 0.0 0.0 0.0 0.0 0.0 0.0 0.0 0.0 0.0 0.0 0.0 0.0 0.0 0.0 0.0 0.0 0.0 0.0 0.0 0.0 0.0 0.0 0.0 0.0 0.0 0.0 0.0 0.0 0.0 0.0 0.0
as long as a man does not develop a sense of right and wrong he continues to err
0.0 0.1575425941301937 0.0 0.0 0.0 0.0 0.26327639589448604 0.05522027998901621 0.29793766080476164 0.0 0.0 0.059993017206175586 0.5347532095292792 0.24975883647799732 0.0 0.0 0.0 0.0 0.0 0.13194012553490808 0.0 0.0 0.0 0.29281125233701605 0.26607088136530815 0.23300119784404258 0.11892374934652021 0.40968144294002945 0.3773524681928227 0.04666343236654546 0.35482662885348026 0.0 0.0 0.0 0.0 0.0 0.0 0.0 0.0 0.0 0.0 0.0 0.0 0.0 0.0 0.0 0.0 0.0 0.0 0.0 0.0 0.0 0.0 0.0 0.0 0.0 0.0 0.0 0.0 0.0 0.0 0.0 0.0
a person keeps committing mistakes as long as he fails to distinguish between what is right and what is wrong
0.0 0.07089416735858717 0.24026381029609944 0.0 0.3082365609332627 0.13068155188346262 0.23694875630503742 0.04969825199011459 0.26814389472428546 0.0 0.0 0.05399371548555802 0.0 0.0 0.0 0.0 0.0 0.0 0.19812986456955398 0.11874611298141727 0.0 0.0 0.27372589328141894 0.26353012710331447 0.23946379322877737 0.0 0.0 0.0 0.0 0.0 0.0 0.32033409733294127 0.33675930068154303 0.4812778885763513 0.5159352476043486 0.0 0.0 0.0 0.0 0.0 0.0 0.0 0.0 0.0 0.0 0.0 0.0 0.0 0.0 0.0 0.0 0.0 0.0 0.0 0.0 0.0 0.0 0.0 0.0 0.0 0.0 0.0 0.0
a21xirv18up71h
until mankind can understand the difference between whats right and whats wrong he will always make the wrong decision
0.0 0.0 0.0 0.0 0.0 0.0 0.24941974347898677 0.05231394946327852 0.5645134625774432 0.0 0.0 0.0 0.0 0.0 0.0 0.0 0.044892693876795085 0.35749181197214785 0.20855775217847786 0.12499590840149186 0.11660595788427285 0.23998964095840475 0.0 0.0 0.0 0.0 0.0 0.0 0.0 0.0 0.0 0.0 0.0 0.0 0.0 0.2388400755944548 0.3716109691613415 0.16587721448288162 0.26475989059960187 0.7354210991486071 0.27006942874980083 0.28079464896729656 0.0 0.0 0.0 0.0 0.0 0.0 0.0 0.0 0.0 0.0 0.0 0.0 0.0 0.0 0.0 0.0 0.0 0.0 0.0 0.0 0.0
a3dd3acpmvdvca
until man realizes what is wrong and what is right he continues to make mistakes
0.0 0.0 0.0 0.499032773868717 0.41098208124435026 0.17424206917795015 0.3159316750733832 0.06626433598681945 0.357525192965714 0.0 0.0 0.0719916206474107 0.0 0.29971060377359676 0.0 0.0 0.0 0.0 0.0 0.15832815064188968 0.0 0.30398687854731266 0.3649678577085586 0.0 0.0 0.0 0.0 0.0 0.0 0.0 0.42579195462417635 0.0 0.0 0.0 0.0 0.3025307624196428 0.0 0.0 0.0 0.0 0.0 0.0 0.0 0.0 0.0 0.0 0.0 0.0 0.0 0.0 0.0 0.0 0.0 0.0 0.0 0.0 0.0 0.0 0.0 0.0 0.0 0.0 0.0
a28z6a8uc4er3x
unless this feeling does not emerge in human that what is right and wrong till then human will keep doing mistakes
0.3122621350663528 0.0 0.0 0.0 0.1467793147301251 0.06222931042069649 0.22566548219527374 0.0473316685620139 0.25537513783265287 0.0 0.0 0.0 0.0 0.0 0.0 0.3181485139219326 0.0 0.0 0.0 0.0 0.10550062856196114 0.0 0.2606913269346847 0.0 0.0 0.19971531243775079 0.10193464229701732 0.0 0.0 0.0 0.0 0.0 0.0 0.0 0.0 0.0 0.0 0.0 0.0 0.0 0.0 0.0 0.08159528015942952 0.3817199932901393 0.04903955725984196 0.4234844916772909 0.05752735353618094 0.26541775351065333 0.166344995991984 0.24851612020298916 0.22120865166264184 0.0 0.0 0.0 0.0 0.0 0.0 0.0 0.0 0.0 0.0 0.0 0.0
a3kwcqj39dxkt4
it is a human mistake of doing wrong by not doing what is right
0.0 0.10127738194083881 0.0 0.0 0.22016897209518763 0.18668793126208946 0.3384982232929106 0.0 0.38306270674897924 0.0 0.0 0.0 0.0 0.0 0.0 0.0 0.0 0.0 0.0 0.0 0.0 0.0 0.0 0.0 0.0 0.0 0.15290196344552598 0.0 0.0 0.05999584161412987 0.0 0.0 0.0 0.0 0.0 0.0 0.0 0.0 0.0 0.0 0.0 0.0 0.0 0.0 0.0 0.3176133687579682 0.0 0.0 0.0 0.0 0.6636259549879255 0.1446539597876161 0.42771225798575996 0.17824709010010342 0.0 0.0 0.0 0.0 0.0 0.0 0.0 0.0 0.0
a1dndzlo2d5d48
until mankind can understand the difference between whats right and whats wrong he will always make the wrong decision
0.0 0.0 0.0 0.0 0.0 0.0 0.24941974347898677 0.05231394946327852 0.5645134625774432 0.0 0.0 0.0 0.0 0.0 0.0 0.0 0.044892693876795085 0.35749181197214785 0.20855775217847786 0.12499590840149186 0.11660595788427285 0.23998964095840475 0.0 0.0 0.0 0.0 0.0 0.0 0.0 0.0 0.0 0.0 0.0 0.0 0.0 0.2388400755944548 0.3716109691613415 0.16587721448288162 0.26475989059960187 0.7354210991486071 0.27006942874980083 0.28079464896729656 0.0 0.0 0.0 0.0 0.0 0.0 0.0 0.0 0.0 0.0 0.0 0.0 0.0 0.0 0.0 0.0 0.0 0.0 0.0 0.0 0.0
a2vjscdqr23qkd
until mankind can understand the difference between whats right and whats wrong he will always make the wrong decision
0.0 0.0 0.0 0.0 0.0 0.0 0.24941974347898677 0.05231394946327852 0.5645134625774432 0.0 0.0 0.0 0.0 0.0 0.0 0.0 0.044892693876795085 0.35749181197214785 0.20855775217847786 0.12499590840149186 0.11660595788427285 0.23998964095840475 0.0 0.0 0.0 0.0 0.0 0.0 0.0 0.0 0.0 0.0 0.0 0.0 0.0 0.2388400755944548 0.3716109691613415 0.16587721448288162 0.26475989059960187 0.7354210991486071 0.27006942874980083 0.28079464896729656 0.0 0.0 0.0 0.0 0.0 0.0 0.0 0.0 0.0 0.0 0.0 0.0 0.0 0.0 0.0 0.0 0.0 0.0 0.0 0.0 0.0
a2972la74szew
until humanity is able to understand the difference between right and wrong we will always make bad decisions
0.0 0.0 0.0 0.0 0.0 0.07260086215747924 0.26327639589448604 0.05522027998901621 0.29793766080476164 0.0 0.0 0.059993017206175586 0.0 0.0 0.0 0.0 0.02369336621275296 0.3773524681928227 0.22014429396617108 0.0 0.12308406665562134 0.25332239878942725 0.0 0.0 0.0 0.0 0.0 0.0 0.0 0.0 0.0 0.0 0.0 0.0 0.0 0.2521089686830356 0.0 0.0 0.2794687734106909 0.0 0.28507328590256753 0.0 0.0 0.0 0.0 0.0 0.0 0.0 0.0 0.0 0.0 0.0 0.0 0.0 0.30074612075825224 0.30115917511866996 0.1701337617997939 0.3106287296319239 0.36178013679536947 0.0 0.0 0.0 0.0
a1y31d6dedacyj
until man realizes what is wrong and what is right he will continue to make mistakes
0.0 0.0 0.0 0.46784322550192214 0.38529570116657835 0.16335193985432828 0.2961859453812968 0.06212281498764324 0.33517986840535685 0.0 0.317974770952024 0.06749214435694753 0.0 0.280978691037747 0.0 0.0 0.0 0.0 0.0 0.14843264122677158 0.138469574987574 0.28498769863810564 0.3421573666017737 0.0 0.0 0.0 0.0 0.0 0.0 0.0 0.0 0.0 0.0 0.0 0.0 0.2836225897684151 0.0 0.0 0.0 0.0 0.0 0.0 0.0 0.0 0.0 0.0 0.0 0.0 0.0 0.0 0.0 0.0 0.0 0.0 0.0 0.0 0.0 0.0 0.0 0.0 0.0 0.0 0.0
au2ar4vob7vlv
until man realizes what is wrong and what is right he continues to make mistakes
0.0 0.0 0.0 0.499032773868717 0.41098208124435026 0.17424206917795015 0.3159316750733832 0.06626433598681945 0.357525192965714 0.0 0.0 0.0719916206474107 0.0 0.29971060377359676 0.0 0.0 0.0 0.0 0.0 0.15832815064188968 0.0 0.30398687854731266 0.3649678577085586 0.0 0.0 0.0 0.0 0.0 0.0 0.0 0.42579195462417635 0.0 0.0 0.0 0.0 0.3025307624196428 0.0 0.0 0.0 0.0 0.0 0.0 0.0 0.0 0.0 0.0 0.0 0.0 0.0 0.0 0.0 0.0 0.0 0.0 0.0 0.0 0.0 0.0 0.0 0.0 0.0 0.0 0.0
a6tw9zegog7ph
until man realizes what is wrong and what is right he continues to make mistakes
0.0 0.0 0.0 0.499032773868717 0.41098208124435026 0.17424206917795015 0.3159316750733832 0.06626433598681945 0.357525192965714 0.0 0.0 0.0719916206474107 0.0 0.29971060377359676 0.0 0.0 0.0 0.0 0.0 0.15832815064188968 0.0 0.30398687854731266 0.3649678577085586 0.0 0.0 0.0 0.0 0.0 0.0 0.0 0.42579195462417635 0.0 0.0 0.0 0.0 0.3025307624196428 0.0 0.0 0.0 0.0 0.0 0.0 0.0 0.0 0.0 0.0 0.0 0.0 0.0 0.0 0.0 0.0 0.0 0.0 0.0 0.0 0.0 0.0 0.0 0.0 0.0 0.0 0.0
a1wrvfwizbd6rc
human will keep making mistakes until a feeling of what is right and wrong emerges
0.0 0.09452555647811622 0.0 0.0 0.20549104062217513 0.08712103458897508 0.3159316750733832 0.06626433598681945 0.357525192965714 0.0 0.0 0.0 0.0 0.0 0.0 0.44540791949070563 0.0 0.0 0.0 0.0 0.1477008799867456 0.0 0.3649678577085586 0.0 0.0 0.0 0.0 0.0 0.0 0.05599611883985455 0.0 0.0 0.0 0.0 0.0 0.3025307624196428 0.0 0.0 0.0 0.0 0.0 0.0 0.0 0.0 0.0 0.2964391441741036 0.0 0.0 0.0 0.34792256828418483 0.0 0.0 0.0 0.0 0.0 0.0 0.0 0.0 0.0 0.33672311953490947 0.5954940393978053 0.0 0.0
a6tw9zegog7ph
unless the feeling of what is right and wrong does not emerge in humans then humans will keep making mistakes
0.3278752418196704 0.0 0.0 0.0 0.15411828046663134 0.06534077594173131 0.23694875630503742 0.04969825199011459 0.26814389472428546 0.0 0.0 0.0 0.0 0.0 0.0 0.33405593961802926 0.021324029591477667 0.0 0.0 0.0 0.1107756599900592 0.0 0.27372589328141894 0.0 0.0 0.2097010780596383 0.10703137441186819 0.0 0.0 0.04199708912989091 0.0 0.0 0.0 0.0 0.0 0.0 0.0 0.0 0.0 0.0 0.0 0.0 0.0 0.40080599295464625 0.05149153512283405 0.0 0.0 0.0 0.17466224579158318 0.2609419262131386 0.0 0.0 0.0 0.0 0.0 0.0 0.0 0.0 0.0 0.2525423396511821 0.0 0.6707787039442746 0.0
au2ar4vob7vlv
unless humans discover right and wrong then they will keep making mistakes
0.5464587363661174 0.0 0.0 0.0 0.0 0.0 0.39491459384172906 0.08283041998352432 0.4469064912071425 0.2153090631720158 0.0 0.0 0.0 0.0 0.0 0.0 0.0 0.0 0.0 0.0 0.18462609998343202 0.0 0.4562098221356983 0.0 0.0 0.0 0.0 0.0 0.0 0.0 0.0 0.0 0.0 0.0 0.0 0.0 0.0 0.0 0.0 0.0 0.0 0.0 0.0 0.0 0.0 0.0 0.0 0.0 0.29110374298597197 0.43490321035523105 0.0 0.0 0.0 0.0 0.0 0.0 0.0 0.0 0.0 0.4209038994186369 0.0 0.5589822532868955 0.8021298142939188
amd40d0gc1l4r
it is a human mistake of doing wrong by not doing what is right
0.0 0.10127738194083881 0.0 0.0 0.22016897209518763 0.18668793126208946 0.3384982232929106 0.0 0.38306270674897924 0.0 0.0 0.0 0.0 0.0 0.0 0.0 0.0 0.0 0.0 0.0 0.0 0.0 0.0 0.0 0.0 0.0 0.15290196344552598 0.0 0.0 0.05999584161412987 0.0 0.0 0.0 0.0 0.0 0.0 0.0 0.0 0.0 0.0 0.0 0.0 0.0 0.0 0.0 0.3176133687579682 0.0 0.0 0.0 0.0 0.6636259549879255 0.1446539597876161 0.42771225798575996 0.17824709010010342 0.0 0.0 0.0 0.0 0.0 0.0 0.0 0.0 0.0
