senior american officials say that president obama will maintain a tough stand regarding afghan hamid karzai according to the higher adopt hardline approach towards authorities take stance on highlyplaced official said about high level made strong policy against top strict over ambassadors of america have stated stern attitude strick karsai many nations pushing for him address corruption in government from secretary state united states hilary clinton says
senior american officials say that president obama will maintain a tough stand regarding afghan president hamid karzai
0.352233624223567 0.18471526284254536 0.26393073381196785 0.23020449965036052 0.07106320142704704 0.3268333439329198 0.19994241777879762 0.13032430587065788 0.4517439777924536 0.08340490277480843 0.38711972551785895 0.36143045189360784 0.3154634055579829 0.30453184679907713 0.3052238963037586 0.3099322908727902 0.0 0.0 0.0 0.0 0.0 0.0 0.0 0.0 0.0 0.0 0.0 0.0 0.0 0.0 0.0 0.0 0.0 0.0 0.0 0.0 0.0 0.0 0.0 0.0 0.0 0.0 0.0 0.0 0.0 0.0 0.0 0.0 0.0 0.0 0.0 0.0 0.0 0.0 0.0 0.0 0.0 0.0 0.0 0.0 0.0 0.0 0.0 0.0 0.0 0.0 0.0
according to the higher american officials president obama will adopt a hardline approach towards afghan president hamid karzai
0.0 0.17445330379573729 0.24926791526685854 0.0 0.0 0.3086759359366465 0.18883450567997553 0.12308406665562134 0.0 0.07877129706509685 0.0 0.0 0.0 0.28761341086579506 0.2882670131757721 0.2927138302687463 0.18295370208046946 0.059993017206175586 0.02369336621275296 0.38248431931121246 0.3605590864221042 0.5732613862270539 0.40968144294002945 0.2808897090656714 0.0 0.0 0.0 0.0 0.0 0.0 0.0 0.0 0.0 0.0 0.0 0.0 0.0 0.0 0.0 0.0 0.0 0.0 0.0 0.0 0.0 0.0 0.0 0.0 0.0 0.0 0.0 0.0 0.0 0.0 0.0 0.0 0.0 0.0 0.0 0.0 0.0 0.0 0.0 0.0 0.0 0.0 0.0
senior american authorities say that president obama will take tough stance on afghan president hamid karzai
0.37424822573753996 0.19625996677020444 0.0 0.24459228087850807 0.07550465151623749 0.3472604279287273 0.21243881888997249 0.138469574987574 0.0 0.0 0.41131470836272516 0.0 0.0 0.32356508722401944 0.32430038982274356 0.3293030590523396 0.0 0.0 0.0 0.0 0.0 0.0 0.0 0.0 0.3710423948383181 0.2412729167963863 0.4056289722248672 0.1170629851484877 0.0 0.0 0.0 0.0 0.0 0.0 0.0 0.0 0.0 0.0 0.0 0.0 0.0 0.0 0.0 0.0 0.0 0.0 0.0 0.0 0.0 0.0 0.0 0.0 0.0 0.0 0.0 0.0 0.0 0.0 0.0 0.0 0.0 0.0 0.0 0.0 0.0 0.0 0.0
a highlyplaced american official said that president obama will take a tough stand about afghan president hamid karzai
0.0 0.17445330379573729 0.0 0.0 0.0671152457922111 0.3086759359366465 0.18883450567997553 0.12308406665562134 0.0 0.1575425941301937 0.36561307410020016 0.341350982343963 0.0 0.28761341086579506 0.2882670131757721 0.2927138302687463 0.0 0.0 0.0 0.0 0.0 0.0 0.0 0.0 0.0 0.21446481493012115 0.0 0.0 0.5732613862270539 0.3191107763101993 0.12300008242865901 0.17311354197576295 0.0 0.0 0.0 0.0 0.0 0.0 0.0 0.0 0.0 0.0 0.0 0.0 0.0 0.0 0.0 0.0 0.0 0.0 0.0 0.0 0.0 0.0 0.0 0.0 0.0 0.0 0.0 0.0 0.0 0.0 0.0 0.0 0.0 0.0 0.0
a1sanjgoj47idf
high level american official said that president obama made strong policy against afghan president hamid karzai
0.0 0.19625996677020444 0.0 0.0 0.07550465151623749 0.3472604279287273 0.21243881888997249 0.0 0.0 0.0 0.0 0.0 0.0 0.32356508722401944 0.32430038982274356 0.3293030590523396 0.0 0.0 0.0 0.0 0.0 0.0 0.0 0.0 0.0 0.0 0.0 0.0 0.0 0.35899962334897423 0.13837509273224138 0.0 0.3224781033045276 0.38597313910596487 0.2441804177735671 0.3383393858530338 0.2840095879089101 0.1991879026012537 0.0 0.0 0.0 0.0 0.0 0.0 0.0 0.0 0.0 0.0 0.0 0.0 0.0 0.0 0.0 0.0 0.0 0.0 0.0 0.0 0.0 0.0 0.0 0.0 0.0 0.0 0.0 0.0 0.0
a143bvgouf83je
top american officials say that president obama will take strict stance over afghan president hamid karzai
0.0 0.19625996677020444 0.28042640467521585 0.24459228087850807 0.07550465151623749 0.3472604279287273 0.21243881888997249 0.138469574987574 0.0 0.0 0.0 0.0 0.0 0.32356508722401944 0.32430038982274356 0.3293030590523396 0.0 0.0 0.0 0.0 0.0 0.0 0.0 0.0 0.0 0.2412729167963863 0.4056289722248672 0.0 0.0 0.0 0.0 0.0 0.0 0.0 0.0 0.0 0.0 0.0 0.41594645662233276 0.4209491258519288 0.23345598312051288 0.0 0.0 0.0 0.0 0.0 0.0 0.0 0.0 0.0 0.0 0.0 0.0 0.0 0.0 0.0 0.0 0.0 0.0 0.0 0.0 0.0 0.0 0.0 0.0 0.0 0.0
a3dd3acpmvdvca
high ambassadors of america say that president obama will take a strong stand against afghan president hamid karzai
0.0 0.0 0.0 0.21741536078089607 0.0671152457922111 0.3086759359366465 0.18883450567997553 0.12308406665562134 0.0 0.07877129706509685 0.0 0.341350982343963 0.0 0.28761341086579506 0.2882670131757721 0.2927138302687463 0.0 0.0 0.0 0.0 0.0 0.0 0.0 0.0 0.0 0.21446481493012115 0.0 0.0 0.0 0.0 0.0 0.0 0.28664720293735785 0.0 0.0 0.30074612075825224 0.0 0.17705591342333662 0.0 0.0 0.0 0.4041212507979749 0.04666343236654546 0.1708043020268678 0.0 0.0 0.0 0.0 0.0 0.0 0.0 0.0 0.0 0.0 0.0 0.0 0.0 0.0 0.0 0.0 0.0 0.0 0.0 0.0 0.0 0.0 0.0
a132zmwemnnusa
american high officials have stated that president obama will take a stern attitude towards the afghan president hamid karzai
0.0 0.16527155096438267 0.23614855130544493 0.0 0.06358286443472631 0.29242983404524403 0.17889584748629261 0.11660595788427285 0.0 0.0746254393248286 0.0 0.0 0.0 0.27247586292549003 0.2730950651138893 0.27730783920197016 0.0 0.0 0.022446346938397543 0.0 0.0 0.0 0.0 0.26610604016747813 0.0 0.20317719309169371 0.0 0.0 0.0 0.0 0.0 0.0 0.27156050804591797 0.0 0.0 0.0 0.0 0.0 0.0 0.0 0.0 0.0 0.0 0.0 0.12041947515728575 0.2737216389300114 0.44067341068587673 0.3489381841038439 0.0 0.0 0.0 0.0 0.0 0.0 0.0 0.0 0.0 0.0 0.0 0.0 0.0 0.0 0.0 0.0 0.0 0.0 0.0
a291u81kgj6l9n
a high level american official said that president obama made a strong policy against the afghan president hamid karzai
0.0 0.16527155096438267 0.0 0.0 0.06358286443472631 0.29242983404524403 0.17889584748629261 0.0 0.0 0.1492508786496572 0.0 0.0 0.0 0.27247586292549003 0.2730950651138893 0.27730783920197016 0.0 0.0 0.022446346938397543 0.0 0.0 0.0 0.0 0.0 0.0 0.0 0.0 0.0 0.0 0.302315472293873 0.11652639387978221 0.0 0.27156050804591797 0.3250300118787073 0.2056256149672144 0.2849173775604495 0.239165968765398 0.16773718113789787 0.0 0.0 0.0 0.0 0.0 0.0 0.0 0.0 0.0 0.0 0.0 0.0 0.0 0.0 0.0 0.0 0.0 0.0 0.0 0.0 0.0 0.0 0.0 0.0 0.0 0.0 0.0 0.0 0.0
a363eba76te7vz
high level american official said that president obama made strong policy against afghan president hamid karzai
0.0 0.19625996677020444 0.0 0.0 0.07550465151623749 0.3472604279287273 0.21243881888997249 0.0 0.0 0.0 0.0 0.0 0.0 0.32356508722401944 0.32430038982274356 0.3293030590523396 0.0 0.0 0.0 0.0 0.0 0.0 0.0 0.0 0.0 0.0 0.0 0.0 0.0 0.35899962334897423 0.13837509273224138 0.0 0.3224781033045276 0.38597313910596487 0.2441804177735671 0.3383393858530338 0.2840095879089101 0.1991879026012537 0.0 0.0 0.0 0.0 0.0 0.0 0.0 0.0 0.0 0.0 0.0 0.0 0.0 0.0 0.0 0.0 0.0 0.0 0.0 0.0 0.0 0.0 0.0 0.0 0.0 0.0 0.0 0.0 0.0
attzel5iaoiw5
a high level american official said that president obama made strong policy against afghan president hamid karzai
0.0 0.18471526284254536 0.0 0.0 0.07106320142704704 0.3268333439329198 0.19994241777879762 0.0 0.0 0.08340490277480843 0.0 0.0 0.0 0.30453184679907713 0.3052238963037586 0.3099322908727902 0.0 0.0 0.0 0.0 0.0 0.0 0.0 0.0 0.0 0.0 0.0 0.0 0.0 0.3378819984460934 0.13023538139505073 0.0 0.3035088031101436 0.363268836805614 0.2298168637868867 0.31843706903814945 0.2673031415613272 0.18747096715412115 0.0 0.0 0.0 0.0 0.0 0.0 0.0 0.0 0.0 0.0 0.0 0.0 0.0 0.0 0.0 0.0 0.0 0.0 0.0 0.0 0.0 0.0 0.0 0.0 0.0 0.0 0.0 0.0 0.0
a1nee8mf6oybf8
top american officials say that president obama will take a strict stance over afghan president hamid karzai
0.0 0.18471526284254536 0.26393073381196785 0.23020449965036052 0.07106320142704704 0.3268333439329198 0.19994241777879762 0.13032430587065788 0.0 0.08340490277480843 0.0 0.0 0.0 0.30453184679907713 0.3052238963037586 0.3099322908727902 0.0 0.0 0.0 0.0 0.0 0.0 0.0 0.0 0.0 0.2270803922789518 0.38176844444693386 0.0 0.0 0.0 0.0 0.0 0.0 0.0 0.0 0.0 0.0 0.0 0.39147901799748963 0.39618741256652124 0.21972327823107096 0.0 0.0 0.0 0.0 0.0 0.0 0.0 0.0 0.0 0.0 0.0 0.0 0.0 0.0 0.0 0.0 0.0 0.0 0.0 0.0 0.0 0.0 0.0 0.0 0.0 0.0
a168hnbnlpz559
top american officials say that president obama will take strict stance over afghan president hamid karzai top american officials say that president obama will take a strick stand against afghan president hamid karsai
0.0 0.1903126950498952 0.2719286348365729 0.23718039357915935 0.0732166317733212 0.33673738465815983 0.20600127892360967 0.13427352726067782 0.0 0.04296616203550738 0.0 0.1861914449148889 0.0 0.31376008458086735 0.3144731052826604 0.15966208923749797 0.0 0.0 0.0 0.0 0.0 0.0 0.0 0.0 0.0 0.2339616162874049 0.196668592593875 0.0 0.0 0.0 0.0 0.0 0.0 0.0 0.0 0.0 0.0 0.09657595277636544 0.4033420185428681 0.20409654586760184 0.11319077969479413 0.0 0.0 0.0 0.0 0.0 0.0 0.0 0.31268802885112035 0.31268802885112035 0.0 0.0 0.0 0.0 0.0 0.0 0.0 0.0 0.0 0.0 0.0 0.0 0.0 0.0 0.0 0.0 0.0
a38xqb9846w49n
top american officials say that president obama will take a strict stance over afghan president hamid karzai
0.0 0.18471526284254536 0.26393073381196785 0.23020449965036052 0.07106320142704704 0.3268333439329198 0.19994241777879762 0.13032430587065788 0.0 0.08340490277480843 0.0 0.0 0.0 0.30453184679907713 0.3052238963037586 0.3099322908727902 0.0 0.0 0.0 0.0 0.0 0.0 0.0 0.0 0.0 0.2270803922789518 0.38176844444693386 0.0 0.0 0.0 0.0 0.0 0.0 0.0 0.0 0.0 0.0 0.0 0.39147901799748963 0.39618741256652124 0.21972327823107096 0.0 0.0 0.0 0.0 0.0 0.0 0.0 0.0 0.0 0.0 0.0 0.0 0.0 0.0 0.0 0.0 0.0 0.0 0.0 0.0 0.0 0.0 0.0 0.0 0.0 0.0
a24bjjrcqbm3mi
many nations ambassadors to america say that president obama will take a strong stand against afghan president hamid karzai pushing for him to address corruption in the afghan government
0.0 0.0 0.0 0.1349474653122803 0.041657738767579305 0.1915919602365392 0.11720762421515724 0.076397006889696 0.0 0.04889252921281874 0.0 0.2118730235238391 0.0 0.3570373376265042 0.17892435300565163 0.1816844463737046 0.0 0.07447409032490762 0.014706227304467356 0.0 0.0 0.0 0.0 0.0 0.0 0.13311609202559244 0.0 0.0 0.0 0.0 0.0 0.0 0.0 0.0 0.0 0.18667000598788072 0.0 0.10989677384896757 0.0 0.0 0.0 0.2508338798056396 0.0 0.1060164633270214 0.0 0.0 0.0 0.0 0.0 0.0 0.13552219126004622 0.15471801637253288 0.2800510474051983 0.06657619652215224 0.12842384456335146 0.21826623812147228 0.20221922951149873 0.035511403532989004 0.10327153054774668 0.0 0.0 0.0 0.0 0.0 0.0 0.0 0.0
a3qu3km3iywhif
high ambassadors from america say that president obama will take a strong stand against afghan president hamid karzai
0.0 0.0 0.0 0.21741536078089607 0.0671152457922111 0.3086759359366465 0.18883450567997553 0.12308406665562134 0.0 0.07877129706509685 0.0 0.341350982343963 0.0 0.28761341086579506 0.2882670131757721 0.2927138302687463 0.0 0.0 0.0 0.0 0.0 0.0 0.0 0.0 0.0 0.21446481493012115 0.0 0.0 0.0 0.0 0.0 0.0 0.28664720293735785 0.0 0.0 0.30074612075825224 0.0 0.17705591342333662 0.0 0.0 0.0 0.4041212507979749 0.0 0.1708043020268678 0.0 0.0 0.0 0.0 0.0 0.0 0.0 0.0 0.0 0.0 0.0 0.0 0.0 0.0 0.0 0.13404970219044662 0.0 0.0 0.0 0.0 0.0 0.0 0.0
a1j0l6bld1sesr
the secretary of state of the united states of america hilary clinton says president obama will take a strong stand against afghan president hamid karzai
0.0 0.0 0.0 0.0 0.0 0.22224667387438546 0.1359608440895824 0.08862052799204737 0.0 0.05671533388686974 0.0 0.24577270728765335 0.0 0.20708165582337246 0.20755224948655587 0.21075395779349734 0.0 0.0 0.03411844734636427 0.0 0.0 0.0 0.0 0.0 0.0 0.15441466674968723 0.0 0.0 0.0 0.0 0.0 0.0 0.0 0.0 0.0 0.21653720694594164 0.0 0.12748025766480237 0.0 0.0 0.0 0.0 0.1007930139117382 0.12297909745934482 0.0 0.0 0.0 0.0 0.0 0.0 0.0 0.0 0.0 0.0 0.0 0.0 0.0 0.0 0.0 0.0 0.24280838840150448 0.17708242961044798 0.16130827430312425 0.20021995892180733 0.41274819808347885 0.41274819808347885 0.1749313737392158
amd40d0gc1l4r
american high officials have stated that president obama will take a stern attitude towards the afghan president hamid karzai
0.0 0.16527155096438267 0.23614855130544493 0.0 0.06358286443472631 0.29242983404524403 0.17889584748629261 0.11660595788427285 0.0 0.0746254393248286 0.0 0.0 0.0 0.27247586292549003 0.2730950651138893 0.27730783920197016 0.0 0.0 0.022446346938397543 0.0 0.0 0.0 0.0 0.26610604016747813 0.0 0.20317719309169371 0.0 0.0 0.0 0.0 0.0 0.0 0.27156050804591797 0.0 0.0 0.0 0.0 0.0 0.0 0.0 0.0 0.0 0.0 0.0 0.12041947515728575 0.2737216389300114 0.44067341068587673 0.3489381841038439 0.0 0.0 0.0 0.0 0.0 0.0 0.0 0.0 0.0 0.0 0.0 0.0 0.0 0.0 0.0 0.0 0.0 0.0 0.0
