they will be faced with court cases have to face litigations brought trial a formal the judgment charges trials courts
they will be faced with court cases
0.36910125115202713 0.31650188568588344 0.3066889922798786 0.8799745526753284 0.335769350296322 0.8296922065100173 0.9401479048290861 0.0 0.0 0.0 0.0 0.0 0.0 0.0 0.0 0.0 0.0 0.0 0.0 0.0
they will have to face litigations
0.4306181263440316 0.36925219996686404 0.0 0.0 0.0 0.0 0.0 0.3813283379980716 0.17997905161852676 0.8029077902570406 1.719784158681162 0.0 0.0 0.0 0.0 0.0 0.0 0.0 0.0 0.0
they will have to face cases
0.4306181263440316 0.36925219996686404 0.0 0.0 0.0 0.0 1.0968392223006005 0.3813283379980716 0.17997905161852676 0.8029077902570406 0.0 0.0 0.0 0.0 0.0 0.0 0.0 0.0 0.0 0.0
they will be brought to trial
0.4306181263440316 0.36925219996686404 0.3578038243265251 0.0 0.0 0.0 0.0 0.0 0.17997905161852676 0.0 0.0 1.0024399764804668 1.3056330503831617 0.0 0.0 0.0 0.0 0.0 0.0 0.0
a2qlm59qc9g1uf
they will face a formal trial
0.4306181263440316 0.36925219996686404 0.0 0.0 0.0 0.0 0.0 0.0 0.0 0.8029077902570406 0.0 0.0 1.3056330503831617 0.23631389119529056 1.3201349465481 0.0 0.0 0.0 0.0 0.0
a3dd3acpmvdvca
they will have to face cases
0.4306181263440316 0.36925219996686404 0.0 0.0 0.0 0.0 1.0968392223006005 0.3813283379980716 0.17997905161852676 0.8029077902570406 0.0 0.0 0.0 0.0 0.0 0.0 0.0 0.0 0.0 0.0
a2de039cxxjuga
they have to face the cases
0.4306181263440316 0.0 0.0 0.0 0.0 0.0 1.0968392223006005 0.3813283379980716 0.17997905161852676 0.8029077902570406 0.0 0.0 0.0 0.0 0.0 0.07108009863825888 0.0 0.0 0.0 0.0
a2i57ww1b3evwx
they have to face the court judgment
0.36910125115202713 0.0 0.0 0.0 0.0 0.8296922065100173 0.0 0.3268528611412042 0.15426775853016578 0.6882066773631778 0.0 0.0 0.0 0.0 0.0 0.06092579883279333 1.1315442398983715 0.0 0.0 0.0
au2ar4vob7vlv
they will face a formal trial
0.4306181263440316 0.36925219996686404 0.0 0.0 0.0 0.0 0.0 0.0 0.0 0.8029077902570406 0.0 0.0 1.3056330503831617 0.23631389119529056 1.3201349465481 0.0 0.0 0.0 0.0 0.0
a143awku99stc9
they will face a formal trial
0.4306181263440316 0.36925219996686404 0.0 0.0 0.0 0.0 0.0 0.0 0.0 0.8029077902570406 0.0 0.0 1.3056330503831617 0.23631389119529056 1.3201349465481 0.0 0.0 0.0 0.0 0.0
aclg2ttpdpj36
they will face a formal trial
0.4306181263440316 0.36925219996686404 0.0 0.0 0.0 0.0 0.0 0.0 0.0 0.8029077902570406 0.0 0.0 1.3056330503831617 0.23631389119529056 1.3201349465481 0.0 0.0 0.0 0.0 0.0
a2owo5cfm8khwy
they will have to face charges
0.4306181263440316 0.36925219996686404 0.0 0.0 0.0 0.0 0.0 0.3813283379980716 0.17997905161852676 0.8029077902570406 0.0 0.0 0.0 0.0 0.0 0.0 0.0 1.0401945846968752 0.0 0.0
a1wgq344wqriu5
they will have to face cases
0.4306181263440316 0.36925219996686404 0.0 0.0 0.0 0.0 1.0968392223006005 0.3813283379980716 0.17997905161852676 0.8029077902570406 0.0 0.0 0.0 0.0 0.0 0.0 0.0 0.0 0.0 0.0
al2rcq9eyun61
they will have to face charges
0.4306181263440316 0.36925219996686404 0.0 0.0 0.0 0.0 0.0 0.3813283379980716 0.17997905161852676 0.8029077902570406 0.0 0.0 0.0 0.0 0.0 0.0 0.0 1.0401945846968752 0.0 0.0
air4uqnpimfcj
they have to face trials
0.516741751612838 0.0 0.0 0.0 0.0 0.0 0.0 0.45759400559768587 0.2159748619422321 0.9634893483084488 0.0 0.0 0.0 0.0 0.0 0.0 0.0 0.0 1.9251115543054051 0.0
a3m4exda4ue7bp
they have to face the cases
0.4306181263440316 0.0 0.0 0.0 0.0 0.0 1.0968392223006005 0.3813283379980716 0.17997905161852676 0.8029077902570406 0.0 0.0 0.0 0.0 0.0 0.07108009863825888 0.0 0.0 0.0 0.0
a6tw9zegog7ph
they have to face the cases
0.4306181263440316 0.0 0.0 0.0 0.0 0.0 1.0968392223006005 0.3813283379980716 0.17997905161852676 0.8029077902570406 0.0 0.0 0.0 0.0 0.0 0.07108009863825888 0.0 0.0 0.0 0.0
a3ohqrf1mdq99b
they have to face the courts judgment
0.36910125115202713 0.0 0.0 0.0 0.0 0.0 0.0 0.3268528611412042 0.15426775853016578 0.6882066773631778 0.0 0.0 0.0 0.0 0.0 0.06092579883279333 1.1315442398983715 0.0 0.0 1.1315442398983715
