even though a year has passed the mystery of her assassination not been solved to this day after passing martyrdom resolved until today one riddle could be behind murder despite being ago gone by but yet killing till although its now enigma death remains unsolved case still full it since she was murdered as
even though a year has passed the mystery of her assassination has not been solved to this day
0.203371883678679 0.3106287296319239 0.07877129706509685 0.23385874274014473 0.2280886242145804 0.2967761783147998 0.02369336621275296 0.43521101679438723 0.04666343236654546 0.20915397489228665 0.43521101679438723 0.11892374934652021 0.16359461626315613 0.3697301836642958 0.059993017206175586 0.09519449351933444 0.21769152815434165 0.0 0.0 0.0 0.0 0.0 0.0 0.0 0.0 0.0 0.0 0.0 0.0 0.0 0.0 0.0 0.0 0.0 0.0 0.0 0.0 0.0 0.0 0.0 0.0 0.0 0.0 0.0 0.0 0.0 0.0 0.0 0.0 0.0 0.0 0.0 0.0 0.0
even after passing a year the mystery of her martyrdom has not been resolved until today
0.2287933691385139 0.0 0.08861770919823396 0.2630910855826628 0.12829985112070147 0.0 0.026655036989347083 0.48961239389368566 0.05249636141236364 0.23529822175382248 0.0 0.13378921801483523 0.18404394329605064 0.0 0.0 0.0 0.0 0.18648269207594728 0.3890225243665544 0.40984405227458803 0.41131470836272516 0.2836225897684151 0.26637005867864666 0.0 0.0 0.0 0.0 0.0 0.0 0.0 0.0 0.0 0.0 0.0 0.0 0.0 0.0 0.0 0.0 0.0 0.0 0.0 0.0 0.0 0.0 0.0 0.0 0.0 0.0 0.0 0.0 0.0 0.0 0.0
even after one year the riddle of her assassination could not be solved
0.2815918389397094 0.0 0.0 0.3238044130248158 0.0 0.0 0.0328061993715041 0.0 0.06461090635367833 0.28959781138931995 0.6025998694076131 0.16466365294133567 0.0 0.5119341004582557 0.0 0.0 0.0 0.22951715947808896 0.0 0.0 0.0 0.0 0.0 0.22546120869276384 0.7937465347759208 0.3317193686527106 0.16514022661224234 0.0 0.0 0.0 0.0 0.0 0.0 0.0 0.0 0.0 0.0 0.0 0.0 0.0 0.0 0.0 0.0 0.0 0.0 0.0 0.0 0.0 0.0 0.0 0.0 0.0 0.0 0.0
the mystery behind her murder could not be solved despite being a year ago
0.0 0.0 0.10127738194083881 0.3006755263801861 0.0 0.0 0.030462899416396665 0.5595570215927836 0.0 0.26891225343293995 0.0 0.15290196344552598 0.0 0.47536737899695175 0.0 0.0 0.0 0.0 0.0 0.0 0.0 0.0 0.0 0.0 0.0 0.30802512803465987 0.1533444961399393 0.36813706986881833 0.4315742023622082 0.3611439116558632 0.26111230400686913 0.36813706986881833 0.0 0.0 0.0 0.0 0.0 0.0 0.0 0.0 0.0 0.0 0.0 0.0 0.0 0.0 0.0 0.0 0.0 0.0 0.0 0.0 0.0 0.0
a143bvgouf83je
one year has gone by but the mystery of her martyrdom has not yet been resolved
0.0 0.0 0.0 0.2630910855826628 0.25659970224140294 0.0 0.026655036989347083 0.48961239389368566 0.05249636141236364 0.23529822175382248 0.0 0.13378921801483523 0.18404394329605064 0.0 0.0 0.0 0.0 0.0 0.0 0.40984405227458803 0.41131470836272516 0.0 0.0 0.18318723206287063 0.0 0.0 0.0 0.0 0.0 0.0 0.0 0.0 0.3767653444336612 0.1559662038375905 0.16322764354478111 0.3388040720085037 0.0 0.0 0.0 0.0 0.0 0.0 0.0 0.0 0.0 0.0 0.0 0.0 0.0 0.0 0.0 0.0 0.0 0.0
a3sw1e5d0b9v9a
the mystery of her killing has not been solved till today
0.0 0.0 0.0 0.0 0.18661796526647487 0.0 0.03877096289359576 0.7121634820271792 0.07635834387252893 0.3422519589146509 0.0 0.19460249893066942 0.26770028115789185 0.6050130278143022 0.0 0.0 0.0 0.0 0.0 0.0 0.0 0.0 0.3874473580780315 0.0 0.0 0.0 0.0 0.0 0.0 0.0 0.0 0.0 0.0 0.0 0.0 0.0 0.4515315289646276 0.50670662033852 0.0 0.0 0.0 0.0 0.0 0.0 0.0 0.0 0.0 0.0 0.0 0.0 0.0 0.0 0.0 0.0
a2xknsbfsj3hso
although its been a year now yet the enigma of her death remains unsolved
0.0 0.0 0.10127738194083881 0.3006755263801861 0.0 0.0 0.030462899416396665 0.0 0.05999584161412987 0.26891225343293995 0.0 0.0 0.21033593519548646 0.0 0.0 0.0 0.0 0.0 0.0 0.0 0.0 0.0 0.0 0.0 0.0 0.0 0.0 0.0 0.0 0.0 0.0 0.0 0.0 0.0 0.0 0.38720465372400426 0.0 0.0 0.3723399627275993 0.23670164016957934 0.24471880792249157 0.6585780473870615 0.3371630709348997 0.5043291724332492 0.5801057410536251 0.0 0.0 0.0 0.0 0.0 0.0 0.0 0.0 0.0
a1is07hajk7bzr
one year has passed till today the case of her murder has not been resolved
0.0 0.0 0.0 0.2806304912881737 0.27370634905749647 0.35613141397775977 0.028432039455303555 0.0 0.05599611883985455 0.250984769870744 0.0 0.14270849921582424 0.19631353951578737 0.0 0.0 0.0 0.0 0.0 0.0 0.0 0.4387356889202402 0.0 0.28412806259055645 0.19539971420039534 0.0 0.0 0.0 0.0 0.40280258887139436 0.0 0.0 0.0 0.0 0.0 0.0 0.0 0.0 0.37158485491491466 0.0 0.0 0.0 0.0 0.0 0.0 0.0 0.3459204158109265 0.0 0.0 0.0 0.0 0.0 0.0 0.0 0.0
a2bk4fasw056jr
one year has gone by but the mystery of her martyrdom has not yet been resolved
0.0 0.0 0.0 0.2630910855826628 0.25659970224140294 0.0 0.026655036989347083 0.48961239389368566 0.05249636141236364 0.23529822175382248 0.0 0.13378921801483523 0.18404394329605064 0.0 0.0 0.0 0.0 0.0 0.0 0.40984405227458803 0.41131470836272516 0.0 0.0 0.18318723206287063 0.0 0.0 0.0 0.0 0.0 0.0 0.0 0.0 0.3767653444336612 0.1559662038375905 0.16322764354478111 0.3388040720085037 0.0 0.0 0.0 0.0 0.0 0.0 0.0 0.0 0.0 0.0 0.0 0.0 0.0 0.0 0.0 0.0 0.0 0.0
a2m2x4nfhzuqky
one year has gone by but the mystery of her martyrdom has not yet been resolved
0.0 0.0 0.0 0.2630910855826628 0.25659970224140294 0.0 0.026655036989347083 0.48961239389368566 0.05249636141236364 0.23529822175382248 0.0 0.13378921801483523 0.18404394329605064 0.0 0.0 0.0 0.0 0.0 0.0 0.40984405227458803 0.41131470836272516 0.0 0.0 0.18318723206287063 0.0 0.0 0.0 0.0 0.0 0.0 0.0 0.0 0.3767653444336612 0.1559662038375905 0.16322764354478111 0.3388040720085037 0.0 0.0 0.0 0.0 0.0 0.0 0.0 0.0 0.0 0.0 0.0 0.0 0.0 0.0 0.0 0.0 0.0 0.0
a2eldzaxlm8quo
though one year has passed the mystery of her death remains unsolved
0.0 0.4659430944478859 0.0 0.3507881141102171 0.1710664681609353 0.44516426747219967 0.03554004931912944 0.6528165251915808 0.06999514854981818 0.31373096233842995 0.0 0.0 0.0 0.0 0.0 0.0 0.0 0.0 0.0 0.0 0.0 0.0 0.0 0.24424964275049418 0.0 0.0 0.0 0.0 0.0 0.0 0.0 0.0 0.0 0.0 0.0 0.0 0.0 0.0 0.0 0.0 0.0 0.0 0.3933569160907164 0.5883840345054574 0.6767900312292293 0.0 0.0 0.0 0.0 0.0 0.0 0.0 0.0 0.0
a28p76cwxeubye
the mystery of her murder has yet today still not been solved
0.0 0.0 0.0 0.0 0.1710664681609353 0.0 0.03554004931912944 0.6528165251915808 0.06999514854981818 0.31373096233842995 0.0 0.1783856240197803 0.2453919243947342 0.5545952754964437 0.0 0.0 0.0 0.0 0.0 0.0 0.0 0.0 0.35516007823819556 0.0 0.0 0.0 0.0 0.0 0.503503236089243 0.0 0.0 0.0 0.0 0.0 0.0 0.45173876267800495 0.0 0.0 0.0 0.0 0.0 0.0 0.0 0.0 0.0 0.0 0.35555131526354616 0.0 0.0 0.0 0.0 0.0 0.0 0.0
aamtsedqycrki
the mystery of her killing still has not been solved
0.0 0.0 0.0 0.0 0.20527976179312235 0.0 0.042648059182955333 0.7833798302298971 0.08399417825978182 0.376477154806116 0.0 0.21406274882373638 0.294470309273681 0.6655143305957324 0.0 0.0 0.0 0.0 0.0 0.0 0.0 0.0 0.0 0.0 0.0 0.0 0.0 0.0 0.0 0.0 0.0 0.0 0.0 0.0 0.0 0.0 0.4966846818610904 0.0 0.0 0.0 0.0 0.0 0.0 0.0 0.0 0.0 0.4266615783162554 0.0 0.0 0.0 0.0 0.0 0.0 0.0
a6tw9zegog7ph
the mystery of her murder has not been solved until today
0.0 0.0 0.0 0.0 0.18661796526647487 0.0 0.03877096289359576 0.7121634820271792 0.07635834387252893 0.3422519589146509 0.0 0.19460249893066942 0.26770028115789185 0.6050130278143022 0.0 0.0 0.0 0.0 0.0 0.0 0.0 0.4125419487540583 0.3874473580780315 0.0 0.0 0.0 0.0 0.0 0.5492762575519013 0.0 0.0 0.0 0.0 0.0 0.0 0.0 0.0 0.0 0.0 0.0 0.0 0.0 0.0 0.0 0.0 0.0 0.0 0.0 0.0 0.0 0.0 0.0 0.0 0.0
a19b522xqflysa
although its been a year now the enigma of her death remains unsolved
0.0 0.0 0.1090679497824418 0.3238044130248158 0.0 0.0 0.0328061993715041 0.0 0.06461090635367833 0.28959781138931995 0.0 0.0 0.22651562251821616 0.0 0.0 0.0 0.0 0.0 0.0 0.0 0.0 0.0 0.0 0.0 0.0 0.0 0.0 0.0 0.0 0.0 0.0 0.0 0.0 0.0 0.0 0.0 0.0 0.0 0.40098149832203 0.25490945864416237 0.2635433316088371 0.7092378971860662 0.36309869177604587 0.5431237241588838 0.6247292595962116 0.0 0.0 0.0 0.0 0.0 0.0 0.0 0.0 0.0
a1t89pp77tkbc7
its been a full year now yet the enigma of her death still remains unsolved
0.0 0.0 0.09452555647811622 0.2806304912881737 0.0 0.0 0.028432039455303555 0.0 0.05599611883985455 0.250984769870744 0.0 0.0 0.19631353951578737 0.0 0.0 0.0 0.0 0.0 0.0 0.0 0.0 0.0 0.0 0.0 0.0 0.0 0.0 0.0 0.0 0.0 0.0 0.0 0.0 0.0 0.0 0.36139101014240393 0.0 0.0 0.0 0.2209215308249407 0.22840422072765879 0.614672844227924 0.3146855328725731 0.4707072276043659 0.5414320249833834 0.0 0.28444105221083693 0.4056398964993141 0.0 0.0 0.0 0.0 0.0 0.0
a37rlacsw4br2k
although its been a year now the mystery of her death remains unsolved
0.0 0.0 0.1090679497824418 0.3238044130248158 0.0 0.0 0.0328061993715041 0.6025998694076131 0.06461090635367833 0.28959781138931995 0.0 0.0 0.22651562251821616 0.0 0.0 0.0 0.0 0.0 0.0 0.0 0.0 0.0 0.0 0.0 0.0 0.0 0.0 0.0 0.0 0.0 0.0 0.0 0.0 0.0 0.0 0.0 0.0 0.0 0.40098149832203 0.25490945864416237 0.2635433316088371 0.0 0.36309869177604587 0.5431237241588838 0.6247292595962116 0.0 0.0 0.0 0.0 0.0 0.0 0.0 0.0 0.0
a31ocn4mnhuq6w
one year has passed till today the case of her murder has not been resolved it has been one year since she was murdered the case has not as yet been resolved
0.0 0.0 0.0 0.2630910855826628 0.25659970224140294 0.16693660030207488 0.026655036989347083 0.0 0.02624818070618182 0.11764911087691124 0.0 0.13378921801483523 0.27606591494407595 0.0 0.0 0.0 0.0 0.0 0.0 0.0 0.41131470836272516 0.0 0.13318502933932333 0.18318723206287063 0.0 0.0 0.0 0.0 0.1888137135334661 0.0 0.0 0.0 0.0 0.0 0.0 0.16940203600425185 0.0 0.17418040074136626 0.0 0.0 0.0 0.0 0.0 0.0 0.0 0.32430038982274356 0.0 0.0 0.06328610740708204 0.1452757509095766 0.12933400932607494 0.06868184159356663 0.2064104026682082 0.08235316471978577
