it is the fathers duty to take care of their expenses and he allowed meet with children maintenance responsibility father who can them responsible for subsistence are also visit be borne by his there on expense due allowance should needs when these paid able financial may see
it is the fathers duty to take care of their expenses and he is allowed to meet with the children
0.10125777185133127 0.13068155188346262 0.042648059182955333 0.3146676630675911 0.34757045610502485 0.10798743097111604 0.19301833343710903 0.2725585250815694 0.04199708912989091 0.14886105498619048 0.3773058114923595 0.04969825199011459 0.11874611298141727 0.3164860452761348 0.3072158841095667 0.11751927260371269 0.21724476701088546 0.0 0.0 0.0 0.0 0.0 0.0 0.0 0.0 0.0 0.0 0.0 0.0 0.0 0.0 0.0 0.0 0.0 0.0 0.0 0.0 0.0 0.0 0.0 0.0 0.0 0.0 0.0 0.0 0.0 0.0
their maintenance is the responsibility of the father who can meet with them
0.0 0.10052427067958664 0.0656123987430082 0.0 0.0 0.0 0.0 0.0 0.06461090635367833 0.22901700767106228 0.0 0.0 0.0 0.0 0.4726398217070257 0.18079888092878876 0.0 0.6440611386947429 0.4048045497491279 0.41873135606813994 0.22646737975907888 0.2424359288595962 0.262457705649109 0.0 0.0 0.0 0.0 0.0 0.0 0.0 0.0 0.0 0.0 0.0 0.0 0.0 0.0 0.0 0.0 0.0 0.0 0.0 0.0 0.0 0.0 0.0 0.0
the father is responsible for their subsistence and can meet them
0.0 0.11880141080314784 0.03877096289359576 0.0 0.0 0.0 0.0 0.0 0.0 0.27065646361125545 0.0 0.09036045816384472 0.0 0.0 0.5585743347446667 0.0 0.0 0.0 0.0 0.4948643298987108 0.0 0.28651518865225006 0.31017728849440157 0.49626295888411803 0.17551906355840138 0.938064086553361 0.0 0.0 0.0 0.0 0.0 0.0 0.0 0.0 0.0 0.0 0.0 0.0 0.0 0.0 0.0 0.0 0.0 0.0 0.0 0.0 0.0
their expenses are the responsibility of the father and he can also visit the children
0.0 0.0 0.08529611836591067 0.0 0.0 0.0 0.0 0.0 0.05599611883985455 0.19848140664825398 0.503074415323146 0.06626433598681945 0.15832815064188968 0.0 0.0 0.0 0.2896596893478473 0.0 0.3508306097825775 0.3629005085923879 0.0 0.21011113834498338 0.0 0.0 0.0 0.0 0.14040910359018843 0.18394303040528473 0.37764964012862984 0.0 0.0 0.0 0.0 0.0 0.0 0.0 0.0 0.0 0.0 0.0 0.0 0.0 0.0 0.0 0.0 0.0 0.0
a3dd3acpmvdvca
their expenses are to be borne by the father and the father can meet his children
0.0 0.0 0.05331007397869417 0.0 0.0 0.06749214435694753 0.0 0.0 0.0 0.1860763187327381 0.47163226436544936 0.06212281498764324 0.0 0.0 0.38401985513695835 0.0 0.27155595876360683 0.0 0.0 0.6804384536107274 0.0 0.19697919219842192 0.0 0.0 0.0 0.0 0.13163353461580166 0.0 0.0 0.1341764341224469 0.5582756619354425 0.1559662038375905 0.16690262007406567 0.0 0.0 0.0 0.0 0.0 0.0 0.0 0.0 0.0 0.0 0.0 0.0 0.0 0.0
alzgu09bjzsiw
there expenses are on the father and father can meet them
0.0 0.0 0.03877096289359576 0.0 0.0 0.0 0.0 0.0 0.0 0.0 0.6860105663497446 0.09036045816384472 0.0 0.0 0.5585743347446667 0.0 0.0 0.0 0.0 0.9897286597974216 0.0 0.28651518865225006 0.31017728849440157 0.0 0.0 0.0 0.19146695944116604 0.0 0.0 0.0 0.0 0.0 0.0 0.26036227297481546 0.17027343294325484 0.0 0.0 0.0 0.0 0.0 0.0 0.0 0.0 0.0 0.0 0.0 0.0
a28z6a8uc4er3x
their expense is due to their father and father can meet with children
0.0 0.10052427067958664 0.0 0.0 0.0 0.08306725459316619 0.0 0.0 0.0 0.45803401534212457 0.0 0.07645884921556091 0.0 0.0 0.4726398217070257 0.18079888092878876 0.33422271847828533 0.0 0.0 0.8374627121362799 0.0 0.2424359288595962 0.0 0.0 0.0 0.0 0.0 0.0 0.0 0.0 0.0 0.0 0.0 0.0 0.0 0.5964427380481103 0.33481217022794446 0.0 0.0 0.0 0.0 0.0 0.0 0.0 0.0 0.0 0.0
a132zmwemnnusa
their father is responsible for their maintenance allowance and he can meet them
0.0 0.10052427067958664 0.0 0.0 0.0 0.0 0.0 0.0 0.0 0.45803401534212457 0.0 0.07645884921556091 0.18268632766371887 0.0 0.4726398217070257 0.0 0.0 0.6440611386947429 0.0 0.41873135606813994 0.0 0.2424359288595962 0.262457705649109 0.4199148113634845 0.1485161307032627 0.0 0.0 0.0 0.0 0.0 0.0 0.0 0.0 0.0 0.0 0.0 0.0 0.6025998694076131 0.0 0.0 0.0 0.0 0.0 0.0 0.0 0.0 0.0
a1e4smxrh1paux
their expenses are to be borne by the father and the father can meet his children
0.0 0.0 0.05331007397869417 0.0 0.0 0.06749214435694753 0.0 0.0 0.0 0.1860763187327381 0.47163226436544936 0.06212281498764324 0.0 0.0 0.38401985513695835 0.0 0.27155595876360683 0.0 0.0 0.6804384536107274 0.0 0.19697919219842192 0.0 0.0 0.0 0.0 0.13163353461580166 0.0 0.0 0.1341764341224469 0.5582756619354425 0.1559662038375905 0.16690262007406567 0.0 0.0 0.0 0.0 0.0 0.0 0.0 0.0 0.0 0.0 0.0 0.0 0.0 0.0
a2rcbwy8ulhnj0
their expenses are to be borne by the father and the father can meet his children
0.0 0.0 0.05331007397869417 0.0 0.0 0.06749214435694753 0.0 0.0 0.0 0.1860763187327381 0.47163226436544936 0.06212281498764324 0.0 0.0 0.38401985513695835 0.0 0.27155595876360683 0.0 0.0 0.6804384536107274 0.0 0.19697919219842192 0.0 0.0 0.0 0.0 0.13163353461580166 0.0 0.0 0.1341764341224469 0.5582756619354425 0.1559662038375905 0.16690262007406567 0.0 0.0 0.0 0.0 0.0 0.0 0.0 0.0 0.0 0.0 0.0 0.0 0.0 0.0
a330jjzgjl7ig2
their expenses are to be borne by the father and the father can visit with his children
0.0 0.0 0.0501741872740651 0.0 0.0 0.06352201821830356 0.0 0.0 0.0 0.17513065292493 0.4438891899910112 0.058468531753075995 0.0 0.0 0.0 0.13825796776907376 0.2555820788363358 0.0 0.0 0.6404126622218611 0.0 0.1853921808926324 0.0 0.0 0.0 0.0 0.1238903855207545 0.0 0.3332202707017322 0.12628370270347944 0.5254359171157106 0.14679172125890871 0.15708481889323828 0.0 0.0 0.0 0.0 0.0 0.0 0.0 0.0 0.0 0.0 0.0 0.0 0.0 0.0
a1lkw32z4tqsw7
the father should meet their needs
0.0 0.0 0.07108009863825888 0.0 0.0 0.0 0.0 0.0 0.0 0.49620351662063494 0.0 0.0 0.0 0.0 1.0240529470318889 0.0 0.0 0.0 0.0 0.9072512714809698 0.0 0.0 0.0 0.0 0.0 0.0 0.0 0.0 0.0 0.0 0.0 0.0 0.0 0.0 0.0 0.0 0.0 0.0 0.4990358287897398 1.0780928917294854 0.0 0.0 0.0 0.0 0.0 0.0 0.0
a14wwg6nkbdwgp
their expenses are the responsibility the father when the father can meet them
0.0 0.0 0.09841859811451231 0.0 0.0 0.0 0.0 0.0 0.0 0.22901700767106228 0.5804704792190146 0.0 0.0 0.0 0.4726398217070257 0.0 0.0 0.0 0.4048045497491279 0.8374627121362799 0.0 0.2424359288595962 0.262457705649109 0.0 0.0 0.0 0.1620105041425251 0.0 0.0 0.0 0.0 0.0 0.0 0.0 0.0 0.0 0.0 0.0 0.0 0.0 0.25056696809050255 0.0 0.0 0.0 0.0 0.0 0.0
au2ar4vob7vlv
these expenses are for the father and the father can meet them
0.0 0.0 0.07108009863825888 0.0 0.0 0.0 0.0 0.0 0.0 0.0 0.6288430191539325 0.08283041998352432 0.0 0.0 0.5120264735159444 0.0 0.0 0.0 0.0 0.9072512714809698 0.0 0.2626389229312292 0.2843291811198681 0.0 0.1608924749285346 0.0 0.17551137948773554 0.0 0.0 0.0 0.0 0.0 0.0 0.0 0.0 0.0 0.0 0.0 0.0 0.0 0.0 0.25095855311018606 0.0 0.0 0.0 0.0 0.0
a301gnfg8w711q
their expenses should be paid by their father and the father should be able to meet with the children
0.0 0.0 0.044892693876795085 0.0 0.0 0.05683548998479792 0.0 0.0 0.0 0.31339169470776945 0.3971640120972205 0.05231394946327852 0.0 0.0 0.3233851411679649 0.12370449747759231 0.22867870211672153 0.0 0.0 0.5730008030406125 0.0 0.0 0.0 0.0 0.0 0.0 0.0 0.0 0.0 0.22598136273254213 0.0 0.13133996112639199 0.0 0.0 0.0 0.0 0.0 0.0 0.31518052344615144 0.0 0.0 0.0 0.3489381841038439 0.28530869221768734 0.0 0.0 0.0
a3c1u2evw0nuff
their expense is due to their father and father can meet with children
0.0 0.10052427067958664 0.0 0.0 0.0 0.08306725459316619 0.0 0.0 0.0 0.45803401534212457 0.0 0.07645884921556091 0.0 0.0 0.4726398217070257 0.18079888092878876 0.33422271847828533 0.0 0.0 0.8374627121362799 0.0 0.2424359288595962 0.0 0.0 0.0 0.0 0.0 0.0 0.0 0.0 0.0 0.0 0.0 0.0 0.0 0.5964427380481103 0.33481217022794446 0.0 0.0 0.0 0.0 0.0 0.0 0.0 0.0 0.0 0.0
a12ezody9kxiim
their expense is due to their father and father can meet with children
0.0 0.10052427067958664 0.0 0.0 0.0 0.08306725459316619 0.0 0.0 0.0 0.45803401534212457 0.0 0.07645884921556091 0.0 0.0 0.4726398217070257 0.18079888092878876 0.33422271847828533 0.0 0.0 0.8374627121362799 0.0 0.2424359288595962 0.0 0.0 0.0 0.0 0.0 0.0 0.0 0.0 0.0 0.0 0.0 0.0 0.0 0.5964427380481103 0.33481217022794446 0.0 0.0 0.0 0.0 0.0 0.0 0.0 0.0 0.0 0.0
arq4j4tltpbnc
their father is responsible for their financial needs and he may be allowed to see them
0.0 0.08167596992716414 0.0 0.0 0.0 0.06749214435694753 0.0 0.0 0.0 0.3721526374654762 0.0 0.06212281498764324 0.14843264122677158 0.3956075565951685 0.0 0.0 0.0 0.0 0.0 0.3402192268053637 0.0 0.0 0.21324688583990106 0.34118078423283116 0.12066935619640094 0.0 0.0 0.0 0.0 0.1341764341224469 0.0 0.0 0.0 0.0 0.0 0.0 0.0 0.0 0.0 0.404284834398557 0.0 0.0 0.0 0.0 0.3160009226988803 0.27861992053881907 0.28006090655756444
