you have rightly pointed out that relatives are the real problem because they give wrong advice said kith and kin problems who teach inappropriate lessons correctly written is misguide wrote it right lie with suggestions actual about misunderstandings create mentioned of mislead poison minds misguiding them spoken truly sometimes youre family can cause were to mention misleading those their
you have rightly pointed out that relatives are the real problem because they give the wrong advice
0.18751800716415434 0.1345864722346135 0.44768557358733885 0.5015850284034656 0.2357041260549445 0.07106320142704704 0.3768636439211073 0.1238903855207545 0.0501741872740651 0.3146406854418218 0.28172210968091455 0.2305947069148096 0.15198286812142292 0.25960841788425887 0.3154634055579829 0.4200383012787662 0.0 0.0 0.0 0.0 0.0 0.0 0.0 0.0 0.0 0.0 0.0 0.0 0.0 0.0 0.0 0.0 0.0 0.0 0.0 0.0 0.0 0.0 0.0 0.0 0.0 0.0 0.0 0.0 0.0 0.0 0.0 0.0 0.0 0.0 0.0 0.0 0.0 0.0 0.0 0.0 0.0 0.0 0.0
you have rightly said that kith and kin are the real problems who teach inappropriate lessons
0.199237882611914 0.14299812674927684 0.47566592193654755 0.0 0.0 0.07550465151623749 0.0 0.13163353461580166 0.026655036989347083 0.3343057282819356 0.0 0.0 0.0 0.0 0.0 0.0 0.13837509273224138 0.6449190595054357 0.06212281498764324 0.6449190595054357 0.29252189267207657 0.1840047460542516 0.5010074911933078 0.6015973607204391 0.5762557914636788 0.0 0.0 0.0 0.0 0.0 0.0 0.0 0.0 0.0 0.0 0.0 0.0 0.0 0.0 0.0 0.0 0.0 0.0 0.0 0.0 0.0 0.0 0.0 0.0 0.0 0.0 0.0 0.0 0.0 0.0 0.0 0.0 0.0 0.0
you have correctly written that the real problem is the relatives who misguide
0.2452158555223557 0.17599769446064842 0.0 0.0 0.0 0.09292880186613844 0.492821688204525 0.0 0.0656123987430082 0.41145320403930535 0.36840583573658053 0.0 0.0 0.0 0.0 0.0 0.0 0.0 0.0 0.0 0.0 0.22646737975907888 0.0 0.0 0.0 0.6247292595962116 0.42172484962580714 0.10052427067958664 0.6337894931082412 0.0 0.0 0.0 0.0 0.0 0.0 0.0 0.0 0.0 0.0 0.0 0.0 0.0 0.0 0.0 0.0 0.0 0.0 0.0 0.0 0.0 0.0 0.0 0.0 0.0 0.0 0.0 0.0 0.0 0.0
you wrote it right that the real problems lie with the relatives who give wrong suggestions
0.199237882611914 0.0 0.0 0.0 0.0 0.07550465151623749 0.40041762166617656 0.0 0.05331007397869417 0.3343057282819356 0.0 0.0 0.0 0.27583394400202504 0.33517986840535685 0.0 0.0 0.0 0.0 0.0 0.29252189267207657 0.1840047460542516 0.0 0.0 0.0 0.0 0.0 0.0 0.0 0.3900729692613282 0.12657221481416409 0.2961859453812968 0.43446307013128105 0.14689909075464086 0.42638733691378067 0.0 0.0 0.0 0.0 0.0 0.0 0.0 0.0 0.0 0.0 0.0 0.0 0.0 0.0 0.0 0.0 0.0 0.0 0.0 0.0 0.0 0.0 0.0 0.0
a143bvgouf83je
you are right that the actual problem are the relatives who misguide
0.26565051014921864 0.0 0.0 0.0 0.0 0.10067286868831665 0.5338901622215687 0.3510227589754711 0.07108009863825888 0.0 0.39910632204796226 0.0 0.0 0.0 0.0 0.0 0.0 0.0 0.0 0.0 0.0 0.2453396614056688 0.0 0.0 0.0 0.0 0.0 0.0 0.6866052842005946 0.0 0.0 0.39491459384172906 0.0 0.0 0.0 0.5095010277246671 0.0 0.0 0.0 0.0 0.0 0.0 0.0 0.0 0.0 0.0 0.0 0.0 0.0 0.0 0.0 0.0 0.0 0.0 0.0 0.0 0.0 0.0 0.0
a1wyssw33m2fz2
you have rightly said about the misunderstandings relatives create
0.35420068019895823 0.2542188919987144 0.8456283056649734 0.0 0.0 0.0 0.7118535496287584 0.0 0.04738673242550592 0.0 0.0 0.0 0.0 0.0 0.0 0.0 0.24600016485731802 0.0 0.0 0.0 0.0 0.0 0.0 0.0 0.0 0.0 0.0 0.0 0.0 0.0 0.0 0.0 0.0 0.0 0.0 0.0 0.3462270839515259 0.9924900656630089 0.6793347036328894 0.0 0.0 0.0 0.0 0.0 0.0 0.0 0.0 0.0 0.0 0.0 0.0 0.0 0.0 0.0 0.0 0.0 0.0 0.0 0.0
a3dd3acpmvdvca
you rightly mentioned that the actual problem is that of the relatives who mislead
0.22770043727075887 0.0 0.5436181964989115 0.0 0.0 0.17258206060854284 0.45762013904705895 0.0 0.06092579883279333 0.0 0.34209113318396767 0.0 0.0 0.0 0.0 0.0 0.0 0.0 0.0 0.0 0.0 0.21029113834771612 0.0 0.0 0.0 0.0 0.0 0.09334396563104473 0.0 0.0 0.0 0.0 0.0 0.0 0.0 0.4367151666211432 0.0 0.0 0.0 0.41484610325500865 0.05999584161412987 0.6585780473870615 0.0 0.0 0.0 0.0 0.0 0.0 0.0 0.0 0.0 0.0 0.0 0.0 0.0 0.0 0.0 0.0 0.0
a132zmwemnnusa
you have mentioned correctly that the real problem is the relatives who poison the minds
0.21252040811937492 0.15253133519922862 0.0 0.0 0.0 0.08053829495065332 0.427112129777255 0.0 0.08529611836591067 0.35659277683406465 0.3192850576383698 0.0 0.0 0.0 0.0 0.0 0.0 0.0 0.0 0.0 0.0 0.19627172912453503 0.0 0.0 0.0 0.5414320249833834 0.0 0.08712103458897508 0.0 0.0 0.0 0.0 0.0 0.0 0.0 0.0 0.0 0.0 0.0 0.3871896963713414 0.0 0.0 0.499032773868717 0.5414320249833834 0.0 0.0 0.0 0.0 0.0 0.0 0.0 0.0 0.0 0.0 0.0 0.0 0.0 0.0 0.0
a2bk4fasw056jr
you are right the actual problem is the misguiding relatives
0.3187806121790624 0.0 0.0 0.0 0.0 0.0 0.6406681946658825 0.21061365538528265 0.08529611836591067 0.0 0.47892758645755473 0.0 0.0 0.0 0.0 0.0 0.0 0.0 0.0 0.0 0.0 0.0 0.0 0.0 0.0 0.0 0.0 0.13068155188346262 0.0 0.0 0.0 0.47389751261007484 0.0 0.0 0.0 0.6114012332696005 0.0 0.0 0.0 0.0 0.0 0.0 0.0 0.0 1.0318704952086972 0.0 0.0 0.0 0.0 0.0 0.0 0.0 0.0 0.0 0.0 0.0 0.0 0.0 0.0
a2qxd8jqk5bvez
you are right that the actual problem is the relatives who misguide
0.26565051014921864 0.0 0.0 0.0 0.0 0.10067286868831665 0.5338901622215687 0.17551137948773554 0.07108009863825888 0.0 0.39910632204796226 0.0 0.0 0.0 0.0 0.0 0.0 0.0 0.0 0.0 0.0 0.2453396614056688 0.0 0.0 0.0 0.0 0.0 0.10890129323621885 0.6866052842005946 0.0 0.0 0.39491459384172906 0.0 0.0 0.0 0.5095010277246671 0.0 0.0 0.0 0.0 0.0 0.0 0.0 0.0 0.0 0.0 0.0 0.0 0.0 0.0 0.0 0.0 0.0 0.0 0.0 0.0 0.0 0.0 0.0
a12vqhpt0yhmis
the actual problems are the relatives who misguide them
0.0 0.0 0.0 0.0 0.0 0.0 0.7118535496287584 0.23401517265031405 0.09477346485101185 0.0 0.0 0.0 0.0 0.0 0.0 0.0 0.0 0.0 0.0 0.0 0.5200389203059139 0.32711954854089176 0.0 0.0 0.0 0.0 0.0 0.0 0.9154737122674594 0.0 0.0 0.0 0.0 0.0 0.0 0.6793347036328894 0.0 0.0 0.0 0.0 0.0 0.0 0.0 0.0 0.0 0.37910557482649077 0.0 0.0 0.0 0.0 0.0 0.0 0.0 0.0 0.0 0.0 0.0 0.0 0.0
a1g9f1kosfkijh
you have rightly said about the misunderstandings relatives create
0.35420068019895823 0.2542188919987144 0.8456283056649734 0.0 0.0 0.0 0.7118535496287584 0.0 0.04738673242550592 0.0 0.0 0.0 0.0 0.0 0.0 0.0 0.24600016485731802 0.0 0.0 0.0 0.0 0.0 0.0 0.0 0.0 0.0 0.0 0.0 0.0 0.0 0.0 0.0 0.0 0.0 0.0 0.0 0.3462270839515259 0.9924900656630089 0.6793347036328894 0.0 0.0 0.0 0.0 0.0 0.0 0.0 0.0 0.0 0.0 0.0 0.0 0.0 0.0 0.0 0.0 0.0 0.0 0.0 0.0
a9x4g4wpj27d6
you have spoken truly about the misunderstandings relatives sometimes create
0.3187806121790624 0.22879700279884294 0.0 0.0 0.0 0.0 0.6406681946658825 0.0 0.042648059182955333 0.0 0.0 0.0 0.0 0.0 0.0 0.0 0.0 0.0 0.0 0.0 0.0 0.0 0.0 0.0 0.0 0.0 0.0 0.0 0.0 0.0 0.0 0.0 0.0 0.0 0.0 0.0 0.3116043755563733 0.893241059096708 0.6114012332696005 0.0 0.0 0.0 0.0 0.0 0.0 0.0 0.8121480374750751 0.8526945482858915 0.5531213209304925 0.0 0.0 0.0 0.0 0.0 0.0 0.0 0.0 0.0 0.0
a143awku99stc9
youre right family can cause misunderstandings
0.0 0.0 0.0 0.0 0.0 0.0 0.0 0.0 0.0 0.0 0.0 0.0 0.0 0.0 0.0 0.0 0.0 0.0 0.0 0.0 0.0 0.0 0.0 0.0 0.0 0.0 0.0 0.0 0.0 0.0 0.0 0.7898291876834581 0.0 0.0 0.0 0.0 0.0 1.4887350984945134 0.0 0.0 0.0 0.0 0.0 0.0 0.0 0.0 0.0 0.0 0.0 1.4515445066088117 0.839250203891497 0.5252778458624584 0.8718514361424311 0.0 0.0 0.0 0.0 0.0 0.0
a2dwqf4zhhblow
you rightly mentioned the actual problem is that of the relatives who mislead
0.2452158555223557 0.0 0.5854349808449816 0.0 0.0 0.09292880186613844 0.492821688204525 0.0 0.0656123987430082 0.0 0.36840583573658053 0.0 0.0 0.0 0.0 0.0 0.0 0.0 0.0 0.0 0.0 0.22646737975907888 0.0 0.0 0.0 0.0 0.0 0.10052427067958664 0.0 0.0 0.0 0.0 0.0 0.0 0.0 0.47030864097661573 0.0 0.0 0.0 0.44675734196693234 0.06461090635367833 0.7092378971860662 0.0 0.0 0.0 0.0 0.0 0.0 0.0 0.0 0.0 0.0 0.0 0.0 0.0 0.0 0.0 0.0 0.0
a87c5tu9lryej
you rightly mentioned that the actual problem is that of the relatives who mislead
0.22770043727075887 0.0 0.5436181964989115 0.0 0.0 0.17258206060854284 0.45762013904705895 0.0 0.06092579883279333 0.0 0.34209113318396767 0.0 0.0 0.0 0.0 0.0 0.0 0.0 0.0 0.0 0.0 0.21029113834771612 0.0 0.0 0.0 0.0 0.0 0.09334396563104473 0.0 0.0 0.0 0.0 0.0 0.0 0.0 0.4367151666211432 0.0 0.0 0.0 0.41484610325500865 0.05999584161412987 0.6585780473870615 0.0 0.0 0.0 0.0 0.0 0.0 0.0 0.0 0.0 0.0 0.0 0.0 0.0 0.0 0.0 0.0 0.0
a2j0215qnm7t6u
you were right to mention that the actual problem is that the relatives were misleading
0.21252040811937492 0.0 0.0 0.0 0.0 0.16107658990130663 0.427112129777255 0.0 0.05686407891060711 0.0 0.3192850576383698 0.0 0.0 0.0 0.0 0.0 0.0 0.0 0.0 0.0 0.0 0.0 0.0 0.0 0.0 0.0 0.0 0.08712103458897508 0.0 0.0 0.0 0.3159316750733832 0.0 0.0 0.0 0.40760082217973365 0.0 0.0 0.0 0.0 0.0 0.0 0.0 0.0 0.0 0.0 0.0 0.0 0.0 0.0 0.0 0.0 0.0 0.39355038562746114 0.0719916206474107 0.5581863202021106 0.6879136634724647 0.0 0.0
arq4j4tltpbnc
you have mentioned correctly that the real problem is those relatives who poison their minds
0.21252040811937492 0.15253133519922862 0.0 0.0 0.0 0.08053829495065332 0.427112129777255 0.0 0.028432039455303555 0.35659277683406465 0.3192850576383698 0.0 0.0 0.0 0.0 0.0 0.0 0.0 0.0 0.0 0.0 0.19627172912453503 0.0 0.0 0.0 0.5414320249833834 0.0 0.08712103458897508 0.0 0.0 0.0 0.0 0.0 0.0 0.0 0.0 0.0 0.0 0.0 0.3871896963713414 0.0 0.0 0.499032773868717 0.5414320249833834 0.0 0.0 0.0 0.0 0.0 0.0 0.0 0.0 0.0 0.0 0.0 0.0 0.0 0.26581354014621866 0.19848140664825398
