sara i did two chickens we do sacrifice and jahanzeb has explained the way it sarah have sacrificed is done jahanzaib showed how can be hens does take place told you about its method qurbani valid jahan zeb us was cooked as know had a janzeb will tell slaughtered they are already mentioned like qurban fowl killed them to best of my knowledge butchered prepared knew
sara i did two chickens we do sacrifice and jahanzeb has explained the way we do it
0.5015850284034656 0.19105769675451142 0.23743754148182142 0.21756657326803613 0.4337803513482665 0.3602832602819165 0.3809220065171987 0.3530127552088624 0.058468531753075995 0.4846625535533609 0.12075280105477786 0.4608116648411159 0.02508709363703255 0.2591295262616883 0.11912679041333091 0.0 0.0 0.0 0.0 0.0 0.0 0.0 0.0 0.0 0.0 0.0 0.0 0.0 0.0 0.0 0.0 0.0 0.0 0.0 0.0 0.0 0.0 0.0 0.0 0.0 0.0 0.0 0.0 0.0 0.0 0.0 0.0 0.0 0.0 0.0 0.0 0.0 0.0 0.0 0.0 0.0 0.0 0.0 0.0 0.0 0.0 0.0 0.0 0.0 0.0 0.0
sarah i have sacrificed two chickens sacrifice is done and jahanzaib has showed how it can be done
0.0 0.18044338026814966 0.0 0.20547954141981192 0.40968144294002945 0.0 0.0 0.3334009354750367 0.05522027998901621 0.0 0.1140443121072902 0.0 0.0 0.0 0.11250863539036808 0.43521101679438723 0.1271094459993572 0.4228141528324867 0.07260086215747924 0.5112974722978609 0.5732613862270539 0.3356688240594953 0.21796907522064007 0.17509261528748615 0.11926794144217502 0.0 0.0 0.0 0.0 0.0 0.0 0.0 0.0 0.0 0.0 0.0 0.0 0.0 0.0 0.0 0.0 0.0 0.0 0.0 0.0 0.0 0.0 0.0 0.0 0.0 0.0 0.0 0.0 0.0 0.0 0.0 0.0 0.0 0.0 0.0 0.0 0.0 0.0 0.0 0.0 0.0
sara i have sacrificed two hens the sacrifice does take place and jahanzeb has told you about its method
0.44878660436099554 0.17094636025403653 0.0 0.19466482871350602 0.0 0.0 0.0 0.31585351781845583 0.05231394946327852 0.43364544265300714 0.10804197989111702 0.0 0.022446346938397543 0.0 0.0 0.0 0.12041947515728575 0.400560776367619 0.0 0.0 0.0 0.0 0.0 0.0 0.0 0.5430897343203669 0.22073797690488242 0.20317719309169371 0.2385161879326454 0.24236695508303166 0.16777926956792757 0.164002302924407 0.1744117348617953 0.4168847199625579 0.0 0.0 0.0 0.0 0.0 0.0 0.0 0.0 0.0 0.0 0.0 0.0 0.0 0.0 0.0 0.0 0.0 0.0 0.0 0.0 0.0 0.0 0.0 0.0 0.0 0.0 0.0 0.0 0.0 0.0 0.0 0.0
sarah i sacrificed two chickens qurbani is valid and jahan zeb showed us how it was valid
0.0 0.19105769675451142 0.0 0.21756657326803613 0.4337803513482665 0.0 0.0 0.0 0.058468531753075995 0.0 0.0 0.0 0.0 0.0 0.11912679041333091 0.4608116648411159 0.0 0.44768557358733885 0.07687150110791918 0.0 0.0 0.3554140490041715 0.23079078552773655 0.0 0.0 0.0 0.0 0.0 0.0 0.0 0.0 0.0 0.0 0.0 0.60698264424041 0.9430729245991676 0.60698264424041 0.60698264424041 0.21518410601454616 0.1292834665290666 0.0 0.0 0.0 0.0 0.0 0.0 0.0 0.0 0.0 0.0 0.0 0.0 0.0 0.0 0.0 0.0 0.0 0.0 0.0 0.0 0.0 0.0 0.0 0.0 0.0 0.0
a3hs2e871iw2fi
sara i sacrificed two chickens and cooked as i know
0.8526945482858915 0.6495961689653388 0.0 0.3698631745556614 0.7374265972920531 0.0 0.0 0.0 0.09939650398022919 0.0 0.0 0.0 0.0 0.0 0.0 0.0 0.0 0.7610654750984761 0.0 0.0 0.0 0.0 0.0 0.0 0.0 0.0 0.0 0.0 0.0 0.0 0.0 0.0 0.0 0.0 0.0 0.0 0.0 0.0 0.0 0.0 0.9220092663418861 0.26353012710331447 0.4457918728621105 0.0 0.0 0.0 0.0 0.0 0.0 0.0 0.0 0.0 0.0 0.0 0.0 0.0 0.0 0.0 0.0 0.0 0.0 0.0 0.0 0.0 0.0 0.0
a172x4w90uost1
sarah i have had two chickens its a sacrifice janzeb will tell you how it was
0.0 0.20299880280166838 0.0 0.2311644840972884 0.46089162330753314 0.0 0.0 0.37507605240941627 0.0 0.0 0.0 0.0 0.0 0.0 0.12657221481416409 0.48961239389368566 0.14299812674927684 0.0 0.0 0.0 0.0 0.0 0.24521520962322008 0.0 0.0 0.0 0.0 0.0 0.0 0.0 0.199237882611914 0.0 0.20711393514838192 0.0 0.0 0.0 0.0 0.0 0.0 0.13736368318713327 0.0 0.0 0.0 0.21632443059634876 0.08861770919823396 0.5582756619354425 0.138469574987574 0.3189855746548741 0.0 0.0 0.0 0.0 0.0 0.0 0.0 0.0 0.0 0.0 0.0 0.0 0.0 0.0 0.0 0.0 0.0 0.0
a3dd3acpmvdvca
sarah i have slaughtered two chickens and how they are slaughtered jahanzeb has already mentioned
0.0 0.2165320563217796 0.0 0.2465754497037743 0.49161773152803534 0.0 0.0 0.0 0.06626433598681945 0.5492842273604757 0.13685317452874823 0.0 0.0 0.0 0.0 0.5222532201532647 0.15253133519922862 0.0 0.0 0.0 0.0 0.0 0.2615628902647681 0.0 0.0 0.0 0.0 0.0 0.0 0.0 0.0 0.0 0.0 0.0 0.0 0.0 0.0 0.0 0.0 0.0 0.0 0.0 0.0 0.0 0.0 0.0 0.0 0.0 1.0445064403065294 0.17224725053761264 0.14040910359018843 0.36139101014240393 0.3871896963713414 0.0 0.0 0.0 0.0 0.0 0.0 0.0 0.0 0.0 0.0 0.0 0.0 0.0
a1aczgd5azz3r7
sarah it is like qurban and jahanzeb are fowl
0.0 0.0 0.0 0.0 0.0 0.0 0.0 0.0 0.11044055997803243 0.9154737122674594 0.0 0.0 0.0 0.0 0.22501727078073616 0.8704220335887745 0.0 0.0 0.14520172431495848 0.0 0.0 0.0 0.0 0.0 0.0 0.0 0.0 0.0 0.0 0.0 0.0 0.0 0.0 0.0 0.0 0.0 0.0 0.0 0.0 0.0 0.0 0.0 0.0 0.0 0.0 0.0 0.0 0.0 0.0 0.0 0.23401517265031405 0.0 0.0 0.41958144350890736 1.0695064190585584 1.0695064190585584 0.0 0.0 0.0 0.0 0.0 0.0 0.0 0.0 0.0 0.0
a1b6zigmal4vx5
sara i killed two chickens and cooked them to the best of my knowledge
0.6090675344899225 0.2319986317733353 0.0 0.2641879818254725 0.5267332837800379 0.0 0.0 0.0 0.07099750284302085 0.0 0.0 0.0 0.030462899416396665 0.0 0.0 0.0 0.0 0.0 0.0 0.0 0.0 0.0 0.0 0.0 0.0 0.0 0.0 0.0 0.0 0.0 0.0 0.0 0.0 0.0 0.0 0.0 0.0 0.0 0.0 0.0 0.6585780473870615 0.0 0.0 0.0 0.0 0.0 0.0 0.0 0.0 0.0 0.0 0.0 0.0 0.0 0.0 0.0 0.26305417117145174 0.24371072667417265 0.07713387926508289 0.4222846932016227 0.05999584161412987 0.29131636477972866 0.47179520609876163 0.0 0.0 0.0
a230hf2okthmdz
sara i sacrificed two chickens and cooked as you know
0.8526945482858915 0.3247980844826694 0.0 0.3698631745556614 0.7374265972920531 0.0 0.0 0.0 0.09939650398022919 0.0 0.0 0.0 0.0 0.0 0.0 0.0 0.0 0.7610654750984761 0.0 0.0 0.0 0.0 0.0 0.0 0.0 0.0 0.0 0.0 0.0 0.0 0.3187806121790624 0.0 0.0 0.0 0.0 0.0 0.0 0.0 0.0 0.0 0.9220092663418861 0.26353012710331447 0.4457918728621105 0.0 0.0 0.0 0.0 0.0 0.0 0.0 0.0 0.0 0.0 0.0 0.0 0.0 0.0 0.0 0.0 0.0 0.0 0.0 0.0 0.0 0.0 0.0
a34erkopmv5x3c
sara i butchered two chickens and prepared them as i knew how to
0.6559188832968397 0.4996893607425683 0.0 0.28451013427358574 0.5672512286861946 0.0 0.0 0.0 0.07645884921556091 0.0 0.0 0.0 0.0 0.0 0.0 0.0 0.0 0.0 0.0 0.0 0.0 0.0 0.30180333492088623 0.0 0.0 0.0 0.0 0.0 0.0 0.0 0.0 0.0 0.0 0.0 0.0 0.0 0.0 0.0 0.0 0.0 0.0 0.20271548238716497 0.0 0.0 0.0 0.0 0.0 0.0 0.0 0.0 0.0 0.0 0.0 0.0 0.0 0.0 0.0 0.262457705649109 0.08306725459316619 0.0 0.0 0.0 0.0 0.6871085069974677 0.4511044350641126 0.5461407020937515
a1kf7gs7yulm10
sarah i had two chickens its a sacrifice janzeb will tell you how it was
0.0 0.2165320563217796 0.0 0.2465754497037743 0.49161773152803534 0.0 0.0 0.400081122570044 0.0 0.0 0.0 0.0 0.0 0.0 0.1350103624684417 0.5222532201532647 0.0 0.0 0.0 0.0 0.0 0.0 0.2615628902647681 0.0 0.0 0.0 0.0 0.0 0.0 0.0 0.21252040811937492 0.0 0.2209215308249407 0.0 0.0 0.0 0.0 0.0 0.0 0.1465212620662755 0.0 0.0 0.0 0.230746059302772 0.09452555647811622 0.5954940393978053 0.1477008799867456 0.3402512796318657 0.0 0.0 0.0 0.0 0.0 0.0 0.0 0.0 0.0 0.0 0.0 0.0 0.0 0.0 0.0 0.0 0.0 0.0
a2qxd8jqk5bvez
sarah i have had two chickens its a sacrifice janzeb will tell you how it was
0.0 0.20299880280166838 0.0 0.2311644840972884 0.46089162330753314 0.0 0.0 0.37507605240941627 0.0 0.0 0.0 0.0 0.0 0.0 0.12657221481416409 0.48961239389368566 0.14299812674927684 0.0 0.0 0.0 0.0 0.0 0.24521520962322008 0.0 0.0 0.0 0.0 0.0 0.0 0.0 0.199237882611914 0.0 0.20711393514838192 0.0 0.0 0.0 0.0 0.0 0.0 0.13736368318713327 0.0 0.0 0.0 0.21632443059634876 0.08861770919823396 0.5582756619354425 0.138469574987574 0.3189855746548741 0.0 0.0 0.0 0.0 0.0 0.0 0.0 0.0 0.0 0.0 0.0 0.0 0.0 0.0 0.0 0.0 0.0 0.0
a396ko3shx4udi
sarah i have had two chickens its a sacrifice janzeb will tell you how it was
0.0 0.20299880280166838 0.0 0.2311644840972884 0.46089162330753314 0.0 0.0 0.37507605240941627 0.0 0.0 0.0 0.0 0.0 0.0 0.12657221481416409 0.48961239389368566 0.14299812674927684 0.0 0.0 0.0 0.0 0.0 0.24521520962322008 0.0 0.0 0.0 0.0 0.0 0.0 0.0 0.199237882611914 0.0 0.20711393514838192 0.0 0.0 0.0 0.0 0.0 0.0 0.13736368318713327 0.0 0.0 0.0 0.21632443059634876 0.08861770919823396 0.5582756619354425 0.138469574987574 0.3189855746548741 0.0 0.0 0.0 0.0 0.0 0.0 0.0 0.0 0.0 0.0 0.0 0.0 0.0 0.0 0.0 0.0 0.0 0.0
al2rcq9eyun61
sarah i have slaughtered two chickens how i did it jahanzeb has already mentioned
0.0 0.4639972635466706 0.28831701465649745 0.2641879818254725 0.5267332837800379 0.0 0.0 0.0 0.0 0.5885188150290811 0.14662840128080168 0.0 0.0 0.0 0.1446539597876161 0.5595570215927836 0.1634264305706021 0.0 0.0 0.0 0.0 0.0 0.28024595385510864 0.0 0.0 0.0 0.0 0.0 0.0 0.0 0.0 0.0 0.0 0.0 0.0 0.0 0.0 0.0 0.0 0.0 0.0 0.0 0.0 0.0 0.0 0.0 0.0 0.0 0.5595570215927836 0.0 0.0 0.38720465372400426 0.41484610325500865 0.0 0.0 0.0 0.0 0.0 0.0 0.0 0.0 0.0 0.0 0.0 0.0 0.0
a1dndzlo2d5d48
sarah i have slaughtered two chickens and how they are slaughtered and jahanzeb has already mentioned how i did it
0.0 0.3247980844826694 0.2018219102595482 0.1849315872778307 0.36871329864602653 0.0 0.0 0.0 0.09939650398022919 0.41196317052035675 0.10263988089656118 0.0 0.0 0.0 0.10125777185133127 0.39168991511494855 0.11439850139942147 0.0 0.0 0.0 0.0 0.0 0.39234433539715213 0.0 0.0 0.0 0.0 0.0 0.0 0.0 0.0 0.0 0.0 0.0 0.0 0.0 0.0 0.0 0.0 0.0 0.0 0.0 0.0 0.0 0.0 0.0 0.0 0.0 0.7833798302298971 0.1291854379032095 0.10530682769264132 0.271043257606803 0.29039227227850606 0.0 0.0 0.0 0.0 0.0 0.0 0.0 0.0 0.0 0.0 0.0 0.0 0.0
a291u81kgj6l9n
sarah i have slaughtered two chickens and how they are slaughtered jahanzeb has already mentioned
0.0 0.2165320563217796 0.0 0.2465754497037743 0.49161773152803534 0.0 0.0 0.0 0.06626433598681945 0.5492842273604757 0.13685317452874823 0.0 0.0 0.0 0.0 0.5222532201532647 0.15253133519922862 0.0 0.0 0.0 0.0 0.0 0.2615628902647681 0.0 0.0 0.0 0.0 0.0 0.0 0.0 0.0 0.0 0.0 0.0 0.0 0.0 0.0 0.0 0.0 0.0 0.0 0.0 0.0 0.0 0.0 0.0 0.0 0.0 1.0445064403065294 0.17224725053761264 0.14040910359018843 0.36139101014240393 0.3871896963713414 0.0 0.0 0.0 0.0 0.0 0.0 0.0 0.0 0.0 0.0 0.0 0.0 0.0
a29vl1u4i9f3pd
sarah it is like qurban and jahanzeb are fowl
0.0 0.0 0.0 0.0 0.0 0.0 0.0 0.0 0.11044055997803243 0.9154737122674594 0.0 0.0 0.0 0.0 0.22501727078073616 0.8704220335887745 0.0 0.0 0.14520172431495848 0.0 0.0 0.0 0.0 0.0 0.0 0.0 0.0 0.0 0.0 0.0 0.0 0.0 0.0 0.0 0.0 0.0 0.0 0.0 0.0 0.0 0.0 0.0 0.0 0.0 0.0 0.0 0.0 0.0 0.0 0.0 0.23401517265031405 0.0 0.0 0.41958144350890736 1.0695064190585584 1.0695064190585584 0.0 0.0 0.0 0.0 0.0 0.0 0.0 0.0 0.0 0.0
