and is hesitating in talking to pakistan about this problem hesitant talk on issue are reluctant hesitate they unwilling with matter frustrated over hesitates the government enter into talks (there no subject sentence)
and is hesitating in talking to pakistan about this problem
0.09939650398022919 0.13068155188346262 1.0318704952086972 0.1029830702456681 0.5212759478186391 0.10798743097111604 0.23576834862036006 0.3116043755563733 0.17135008833480198 0.47892758645755473 0.0 0.0 0.0 0.0 0.0 0.0 0.0 0.0 0.0 0.0 0.0 0.0 0.0 0.0 0.0 0.0 0.0 0.0 0.0 0.0 0.0 0.0 0.0
and is hesitant to talk to pakistan on this issue
0.09939650398022919 0.13068155188346262 0.0 0.0 0.0 0.2159748619422321 0.23576834862036006 0.0 0.17135008833480198 0.0 1.0318704952086972 0.5627357069857827 0.18730077623758032 0.49859861588216015 0.0 0.0 0.0 0.0 0.0 0.0 0.0 0.0 0.0 0.0 0.0 0.0 0.0 0.0 0.0 0.0 0.0 0.0 0.0
and are reluctant to talk to pakistan on this issue
0.09939650398022919 0.0 0.0 0.0 0.0 0.2159748619422321 0.23576834862036006 0.0 0.17135008833480198 0.0 0.0 0.5627357069857827 0.18730077623758032 0.49859861588216015 0.21061365538528265 1.0318704952086972 0.0 0.0 0.0 0.0 0.0 0.0 0.0 0.0 0.0 0.0 0.0 0.0 0.0 0.0 0.0 0.0 0.0
and hesitate to talk to pakistan on this issue
0.11044055997803243 0.0 0.0 0.0 0.0 0.23997206882470234 0.2619648318004001 0.0 0.19038898703866888 0.0 0.0 0.6252618966508696 0.20811197359731148 0.5539984620912891 0.0 0.0 0.9474383869843239 0.0 0.0 0.0 0.0 0.0 0.0 0.0 0.0 0.0 0.0 0.0 0.0 0.0 0.0 0.0 0.0
a2llfcd7di80k3
they are unwilling to talk with pakistan on this matter
0.0 0.0 0.0 0.0 0.0 0.10798743097111604 0.23576834862036006 0.0 0.17135008833480198 0.0 0.0 0.5627357069857827 0.18730077623758032 0.0 0.21061365538528265 0.0 0.0 0.258370875806419 0.893241059096708 0.23503854520742537 0.4898169952814685 0.0 0.0 0.0 0.0 0.0 0.0 0.0 0.0 0.0 0.0 0.0 0.0
a1sanjgoj47idf
and frustrated to talk this matter with pakistan
0.12424562997528649 0.0 0.0 0.0 0.0 0.13498428871389506 0.2947104357754501 0.0 0.21418761041850248 0.0 0.0 0.7034196337322284 0.0 0.0 0.0 0.0 0.0 0.0 0.0 0.2937981815092817 0.6122712441018356 1.116551323870885 0.0 0.0 0.0 0.0 0.0 0.0 0.0 0.0 0.0 0.0 0.0
a143bvgouf83je
and they hesitate to talk to pakistan over this issue
0.09939650398022919 0.0 0.0 0.0 0.0 0.2159748619422321 0.23576834862036006 0.0 0.17135008833480198 0.0 0.0 0.5627357069857827 0.0 0.49859861588216015 0.0 0.0 0.8526945482858915 0.258370875806419 0.0 0.0 0.0 0.0 0.37352957299282064 0.0 0.0 0.0 0.0 0.0 0.0 0.0 0.0 0.0 0.0
a3u16uhguaktzs
and hesitates to talk with pakistan about this
0.12424562997528649 0.0 0.0 0.0 0.0 0.13498428871389506 0.2947104357754501 0.38950546944546666 0.21418761041850248 0.0 0.0 0.7034196337322284 0.0 0.0 0.0 0.0 0.0 0.0 0.0 0.2937981815092817 0.0 0.0 0.0 1.2031947214408782 0.0 0.0 0.0 0.0 0.0 0.0 0.0 0.0 0.0
au2ar4vob7vlv
they are unwilling to talk with pakistan on this matter
0.0 0.0 0.0 0.0 0.0 0.10798743097111604 0.23576834862036006 0.0 0.17135008833480198 0.0 0.0 0.5627357069857827 0.18730077623758032 0.0 0.21061365538528265 0.0 0.0 0.258370875806419 0.893241059096708 0.23503854520742537 0.4898169952814685 0.0 0.0 0.0 0.0 0.0 0.0 0.0 0.0 0.0 0.0 0.0 0.0
a12ezody9kxiim
they are unwilling to talk with pakistan on this matter
0.0 0.0 0.0 0.0 0.0 0.10798743097111604 0.23576834862036006 0.0 0.17135008833480198 0.0 0.0 0.5627357069857827 0.18730077623758032 0.0 0.21061365538528265 0.0 0.0 0.258370875806419 0.893241059096708 0.23503854520742537 0.4898169952814685 0.0 0.0 0.0 0.0 0.0 0.0 0.0 0.0 0.0 0.0 0.0 0.0
a2dw85yo390ob8
they are unwilling to talk with the pakistan government on this matter
0.0 0.0 0.0 0.0 0.0 0.08998952580926338 0.19647362385030007 0.0 0.14279174027900166 0.0 0.0 0.46894642248815227 0.1560839801979836 0.0 0.17551137948773554 0.0 0.0 0.2153090631720158 0.7443675492472567 0.19586545433952116 0.40818082940122374 0.0 0.0 0.0 0.03554004931912944 0.24957286549038782 0.0 0.0 0.0 0.0 0.0 0.0 0.0
a2scjh3oqhuw2a
and frustrated to talk about this matter with pakistan
0.11044055997803243 0.0 0.0 0.0 0.0 0.11998603441235117 0.2619648318004001 0.3462270839515259 0.19038898703866888 0.0 0.0 0.6252618966508696 0.0 0.0 0.0 0.0 0.0 0.0 0.0 0.2611539391193615 0.5442411058682983 0.9924900656630089 0.0 0.0 0.0 0.0 0.0 0.0 0.0 0.0 0.0 0.0 0.0
a1c0lbe9vl3ax
and are frustrated to talk this matter over with pakistan
0.09939650398022919 0.0 0.0 0.0 0.0 0.10798743097111604 0.23576834862036006 0.0 0.17135008833480198 0.0 0.0 0.5627357069857827 0.0 0.0 0.21061365538528265 0.0 0.0 0.0 0.0 0.23503854520742537 0.4898169952814685 0.893241059096708 0.37352957299282064 0.0 0.0 0.0 0.0 0.0 0.0 0.0 0.0 0.0 0.0
a330jjzgjl7ig2
and frustrated to talk this matter with pakistan
0.12424562997528649 0.0 0.0 0.0 0.0 0.13498428871389506 0.2947104357754501 0.0 0.21418761041850248 0.0 0.0 0.7034196337322284 0.0 0.0 0.0 0.0 0.0 0.0 0.0 0.2937981815092817 0.6122712441018356 1.116551323870885 0.0 0.0 0.0 0.0 0.0 0.0 0.0 0.0 0.0 0.0 0.0
a2unp2crnrfiw8
they hesitate to talk to pakistan over this issue
0.0 0.0 0.0 0.0 0.0 0.23997206882470234 0.2619648318004001 0.0 0.19038898703866888 0.0 0.0 0.6252618966508696 0.0 0.5539984620912891 0.0 0.0 0.9474383869843239 0.2870787508960211 0.0 0.0 0.0 0.0 0.4150328588809118 0.0 0.0 0.0 0.0 0.0 0.0 0.0 0.0 0.0 0.0
ajfwu2g6a1bhs
and they hesitate to enter into talks with pakistan over this issue
0.08283041998352432 0.0 0.0 0.0 0.0 0.08998952580926338 0.19647362385030007 0.0 0.14279174027900166 0.0 0.0 0.0 0.0 0.4154988465684668 0.0 0.0 0.7105787902382429 0.2153090631720158 0.0 0.19586545433952116 0.0 0.0 0.31127464416068384 0.0 0.0 0.0 0.6767900312292293 0.3834731042233957 0.4549077123104415 0.0 0.0 0.0 0.0
a6tw9zegog7ph
they hesitate to talk to pakistan about this issue
0.0 0.0 0.0 0.0 0.0 0.23997206882470234 0.2619648318004001 0.3462270839515259 0.19038898703866888 0.0 0.0 0.6252618966508696 0.0 0.5539984620912891 0.0 0.0 0.9474383869843239 0.2870787508960211 0.0 0.0 0.0 0.0 0.0 0.0 0.0 0.0 0.0 0.0 0.0 0.0 0.0 0.0 0.0
a290hg650rgy73
and hesitates to talk with pakistan about this (there is no subject in this sentence)
0.06626433598681945 0.08712103458897508 0.0 0.06865538016377874 0.0 0.0719916206474107 0.15717889908024005 0.20773625037091556 0.22846678444640264 0.0 0.0 0.3751571379905218 0.0 0.0 0.0 0.0 0.0 0.0 0.0 0.1566923634716169 0.0 0.0 0.0 0.6417038514351351 0.0 0.0 0.0 0.0 0.0 0.6417038514351351 0.2218965634395393 0.45282296183138726 0.614672844227924
