it is these hangups about marriage that have created the evils in our society restrictions with reference to relationships social regarding matchmaking given rise as far are concerned problems here restriction making of relations many forceful affiliation has evil caused even marriages relationship spasm establishments was abuses bans upon relationmaking this forced affiliations but being locked into living according parents rules an
it is these hangups about marriage that have created the evils in our society
0.1446539597876161 0.09334396563104473 0.21510733123730233 0.737050353720498 0.2225745539688381 0.4249469356871392 0.08629103030427142 0.1634264305706021 0.3910369904020271 0.030462899416396665 0.5390083021319422 0.07355933588976293 0.2393425535917919 0.41102548290136676 0.0 0.0 0.0 0.0 0.0 0.0 0.0 0.0 0.0 0.0 0.0 0.0 0.0 0.0 0.0 0.0 0.0 0.0 0.0 0.0 0.0 0.0 0.0 0.0 0.0 0.0 0.0 0.0 0.0 0.0 0.0 0.0 0.0 0.0 0.0 0.0 0.0 0.0 0.0 0.0 0.0 0.0 0.0 0.0 0.0 0.0 0.0 0.0
in our society restrictions with reference to relationships have created social evils
0.0 0.0 0.0 0.0 0.0 0.0 0.0 0.1906641689990358 0.4562098221356983 0.0 0.6288430191539325 0.08581922520472342 0.2792329791904239 0.47952973005159455 0.5484196111503002 0.19586545433952116 0.5545952754964437 0.08998952580926338 0.5660287022892341 0.4666838400659897 0.0 0.0 0.0 0.0 0.0 0.0 0.0 0.0 0.0 0.0 0.0 0.0 0.0 0.0 0.0 0.0 0.0 0.0 0.0 0.0 0.0 0.0 0.0 0.0 0.0 0.0 0.0 0.0 0.0 0.0 0.0 0.0 0.0 0.0 0.0 0.0 0.0 0.0 0.0 0.0 0.0 0.0
these restrictions regarding matchmaking have given rise to social evils in our society
0.0 0.0 0.23165404902478712 0.0 0.0 0.0 0.0 0.17599769446064842 0.0 0.0 0.5804704792190146 0.07921774634282162 0.25775351925269896 0.4426428277399334 0.5062334872156617 0.0 0.0 0.08306725459316619 0.0 0.43078508313783664 0.41252906880659307 0.6247292595962116 0.33865406842150275 0.5099865767671565 0.0 0.0 0.0 0.0 0.0 0.0 0.0 0.0 0.0 0.0 0.0 0.0 0.0 0.0 0.0 0.0 0.0 0.0 0.0 0.0 0.0 0.0 0.0 0.0 0.0 0.0 0.0 0.0 0.0 0.0 0.0 0.0 0.0 0.0 0.0 0.0 0.0 0.0
as far as relationships are concerned these restrictions created social problems
0.0 0.0 0.2737729670292939 0.0 0.0 0.0 0.0 0.0 0.4976834423298527 0.0 0.0 0.0 0.0 0.0 0.5982759394366911 0.0 0.0 0.0 0.6174858570428008 0.5091096437083524 0.0 0.0 0.0 0.0 0.4791456856423899 0.4332495788332139 0.19146695944116604 0.5279859495972837 0.42548638934120225 0.0 0.0 0.0 0.0 0.0 0.0 0.0 0.0 0.0 0.0 0.0 0.0 0.0 0.0 0.0 0.0 0.0 0.0 0.0 0.0 0.0 0.0 0.0 0.0 0.0 0.0 0.0 0.0 0.0 0.0 0.0 0.0 0.0
a143bvgouf83je
here these restriction regarding making of relations have created many evils in the society
0.0 0.0 0.21510733123730233 0.0 0.0 0.0 0.0 0.1634264305706021 0.3910369904020271 0.030462899416396665 0.5390083021319422 0.07355933588976293 0.0 0.41102548290136676 0.0 0.0 0.0 0.0 0.0 0.0 0.38306270674897924 0.0 0.0 0.0 0.0 0.0 0.0 0.0 0.0 0.3136984947226114 0.5043291724332492 0.36077477093026017 0.05999584161412987 0.3423751437825134 0.2807245390386672 0.0 0.0 0.0 0.0 0.0 0.0 0.0 0.0 0.0 0.0 0.0 0.0 0.0 0.0 0.0 0.0 0.0 0.0 0.0 0.0 0.0 0.0 0.0 0.0 0.0 0.0 0.0
a1wyssw33m2fz2
with reference to relationships these forceful affiliation has created evil in our society
0.0 0.0 0.23165404902478712 0.0 0.0 0.0 0.0 0.0 0.42111675889449074 0.0 0.0 0.07921774634282162 0.25775351925269896 0.4426428277399334 0.0 0.18079888092878876 0.5119341004582557 0.08306725459316619 0.5224880328823699 0.0 0.0 0.0 0.0 0.0 0.0 0.0 0.0 0.0 0.0 0.0 0.0 0.0 0.0 0.0 0.0 0.6559188832968397 0.7404275208866943 0.1579075090716326 0.48549013591188456 0.0 0.0 0.0 0.0 0.0 0.0 0.0 0.0 0.0 0.0 0.0 0.0 0.0 0.0 0.0 0.0 0.0 0.0 0.0 0.0 0.0 0.0 0.0
a3dd3acpmvdvca
these restrictions have caused social evils even in our marriages
0.0 0.0 0.30115026373222326 0.0 0.0 0.0 0.0 0.22879700279884294 0.0 0.0 0.754611622984719 0.1029830702456681 0.33507957502850866 0.0 0.6581035333803602 0.0 0.0 0.0 0.0 0.5600206080791876 0.0 0.0 0.0 0.0 0.0 0.0 0.0 0.0 0.0 0.0 0.0 0.0 0.0 0.0 0.0 0.0 0.0 0.0 0.0 0.6406681946658825 0.36606939062162225 0.8121480374750751 0.0 0.0 0.0 0.0 0.0 0.0 0.0 0.0 0.0 0.0 0.0 0.0 0.0 0.0 0.0 0.0 0.0 0.0 0.0 0.0
alrghxunh1uv7
our relationship with the spasm establishments was created the social abuses
0.0 0.0 0.0 0.0 0.0 0.0 0.0 0.0 0.4976834423298527 0.07754192578719152 0.0 0.0 0.3046177954804624 0.0 0.0 0.21367140473402307 0.0 0.0 0.0 0.5091096437083524 0.0 0.0 0.0 0.0 0.0 0.0 0.0 0.0 0.0 0.0 0.0 0.0 0.0 0.0 0.0 0.0 0.0 0.0 0.0 0.0 0.0 0.0 0.5099249773431488 0.8750507065024569 0.8750507065024569 0.19980172099946658 0.8750507065024569 0.0 0.0 0.0 0.0 0.0 0.0 0.0 0.0 0.0 0.0 0.0 0.0 0.0 0.0 0.0
a2bk4fasw056jr
here these bans upon relationmaking have created many evils in society
0.0 0.0 0.2737729670292939 0.0 0.0 0.0 0.0 0.2079972752716754 0.4976834423298527 0.0 0.6860105663497446 0.09362097295060737 0.0 0.5231233418744667 0.0 0.0 0.0 0.0 0.0 0.0 0.0 0.0 0.0 0.0 0.0 0.0 0.0 0.0 0.0 0.39925262964696 0.0 0.0 0.0 0.0 0.3572857769583037 0.0 0.0 0.0 0.0 0.0 0.0 0.0 0.0 0.0 0.0 0.0 0.0 0.7917515490593519 0.47555532880496243 0.938064086553361 0.0 0.0 0.0 0.0 0.0 0.0 0.0 0.0 0.0 0.0 0.0 0.0
a2qxd8jqk5bvez
here these restriction regarding relations have created many evils in the society
0.0 0.0 0.25095855311018606 0.0 0.0 0.0 0.0 0.1906641689990358 0.4562098221356983 0.03554004931912944 0.6288430191539325 0.08581922520472342 0.0 0.47952973005159455 0.0 0.0 0.0 0.0 0.0 0.0 0.4469064912071425 0.0 0.0 0.0 0.0 0.0 0.0 0.0 0.0 0.36598157717637997 0.5883840345054574 0.0 0.0 0.3994376677462656 0.3275119622117784 0.0 0.0 0.0 0.0 0.0 0.0 0.0 0.0 0.0 0.0 0.0 0.0 0.0 0.0 0.0 0.0 0.0 0.0 0.0 0.0 0.0 0.0 0.0 0.0 0.0 0.0 0.0
a12vqhpt0yhmis
these restrictions regarding relations have created many evils in society
0.0 0.0 0.30115026373222326 0.0 0.0 0.0 0.0 0.22879700279884294 0.5474517865628379 0.0 0.754611622984719 0.1029830702456681 0.0 0.5754356760619135 0.6581035333803602 0.0 0.0 0.0 0.0 0.0 0.5362877894485709 0.0 0.0 0.0 0.0 0.0 0.0 0.0 0.0 0.0 0.0 0.0 0.0 0.4793252012955187 0.3930143546541341 0.0 0.0 0.0 0.0 0.0 0.0 0.0 0.0 0.0 0.0 0.0 0.0 0.0 0.0 0.0 0.0 0.0 0.0 0.0 0.0 0.0 0.0 0.0 0.0 0.0 0.0 0.0
a1g9f1kosfkijh
with reference to relationships this forceful affiliation has created evil in our society
0.0 0.0 0.0 0.0 0.0 0.0 0.0 0.0 0.42111675889449074 0.0 0.0 0.07921774634282162 0.25775351925269896 0.4426428277399334 0.0 0.18079888092878876 0.5119341004582557 0.08306725459316619 0.5224880328823699 0.0 0.0 0.0 0.0 0.0 0.0 0.0 0.0 0.0 0.0 0.0 0.0 0.0 0.0 0.0 0.0 0.6559188832968397 0.7404275208866943 0.1579075090716326 0.48549013591188456 0.0 0.0 0.0 0.0 0.0 0.0 0.0 0.0 0.0 0.0 0.0 0.13180776025753999 0.0 0.0 0.0 0.0 0.0 0.0 0.0 0.0 0.0 0.0 0.0
a9x4g4wpj27d6
with reference to relationships these forced affiliations have created evil in our society
0.0 0.0 0.23165404902478712 0.0 0.0 0.0 0.0 0.17599769446064842 0.42111675889449074 0.0 0.0 0.07921774634282162 0.25775351925269896 0.4426428277399334 0.0 0.18079888092878876 0.5119341004582557 0.08306725459316619 0.5224880328823699 0.0 0.0 0.0 0.0 0.0 0.0 0.0 0.0 0.0 0.0 0.0 0.0 0.0 0.0 0.0 0.0 0.0 0.0 0.0 0.48549013591188456 0.0 0.0 0.0 0.0 0.0 0.0 0.0 0.0 0.0 0.0 0.0 0.0 0.45383571879156714 0.7937465347759208 0.0 0.0 0.0 0.0 0.0 0.0 0.0 0.0 0.0
a143awku99stc9
but being locked into living according to the parents rules has created an evil in our society
0.0 0.0 0.0 0.0 0.0 0.0 0.0 0.0 0.3220304626840223 0.02508709363703255 0.0 0.06057827661509889 0.197105632369711 0.3384915741540667 0.0 0.0 0.0 0.06352201821830356 0.0 0.0 0.0 0.0 0.0 0.0 0.0 0.0 0.0 0.0 0.0 0.0 0.0 0.0 0.0 0.0 0.0 0.0 0.0 0.12075280105477786 0.371257162756147 0.0 0.0 0.0 0.0 0.0 0.0 0.0 0.0 0.0 0.0 0.0 0.0 0.0 0.0 0.15362601745391163 0.215033662123304 0.60698264424041 0.27068689709886756 0.35623676912033264 0.1937156845557912 0.4200383012787662 0.39457570820251453 0.1735508979867994
a2dwqf4zhhblow
these restrictions have caused social evils even in our marriages
0.0 0.0 0.30115026373222326 0.0 0.0 0.0 0.0 0.22879700279884294 0.0 0.0 0.754611622984719 0.1029830702456681 0.33507957502850866 0.0 0.6581035333803602 0.0 0.0 0.0 0.0 0.5600206080791876 0.0 0.0 0.0 0.0 0.0 0.0 0.0 0.0 0.0 0.0 0.0 0.0 0.0 0.0 0.0 0.0 0.0 0.0 0.0 0.6406681946658825 0.36606939062162225 0.8121480374750751 0.0 0.0 0.0 0.0 0.0 0.0 0.0 0.0 0.0 0.0 0.0 0.0 0.0 0.0 0.0 0.0 0.0 0.0 0.0 0.0
a87c5tu9lryej
these restrictions have caused social evils even in our marriages
0.0 0.0 0.30115026373222326 0.0 0.0 0.0 0.0 0.22879700279884294 0.0 0.0 0.754611622984719 0.1029830702456681 0.33507957502850866 0.0 0.6581035333803602 0.0 0.0 0.0 0.0 0.5600206080791876 0.0 0.0 0.0 0.0 0.0 0.0 0.0 0.0 0.0 0.0 0.0 0.0 0.0 0.0 0.0 0.0 0.0 0.0 0.0 0.6406681946658825 0.36606939062162225 0.8121480374750751 0.0 0.0 0.0 0.0 0.0 0.0 0.0 0.0 0.0 0.0 0.0 0.0 0.0 0.0 0.0 0.0 0.0 0.0 0.0 0.0
a2j0215qnm7t6u
these restrictions have caused social evils even in our marriages
0.0 0.0 0.30115026373222326 0.0 0.0 0.0 0.0 0.22879700279884294 0.0 0.0 0.754611622984719 0.1029830702456681 0.33507957502850866 0.0 0.6581035333803602 0.0 0.0 0.0 0.0 0.5600206080791876 0.0 0.0 0.0 0.0 0.0 0.0 0.0 0.0 0.0 0.0 0.0 0.0 0.0 0.0 0.0 0.0 0.0 0.0 0.0 0.6406681946658825 0.36606939062162225 0.8121480374750751 0.0 0.0 0.0 0.0 0.0 0.0 0.0 0.0 0.0 0.0 0.0 0.0 0.0 0.0 0.0 0.0 0.0 0.0 0.0 0.0
arq4j4tltpbnc
our relationship with the spasm establishments was created the social abuses
0.0 0.0 0.0 0.0 0.0 0.0 0.0 0.0 0.4976834423298527 0.07754192578719152 0.0 0.0 0.3046177954804624 0.0 0.0 0.21367140473402307 0.0 0.0 0.0 0.5091096437083524 0.0 0.0 0.0 0.0 0.0 0.0 0.0 0.0 0.0 0.0 0.0 0.0 0.0 0.0 0.0 0.0 0.0 0.0 0.0 0.0 0.0 0.0 0.5099249773431488 0.8750507065024569 0.8750507065024569 0.19980172099946658 0.8750507065024569 0.0 0.0 0.0 0.0 0.0 0.0 0.0 0.0 0.0 0.0 0.0 0.0 0.0 0.0 0.0
