abraham lincoln abolished the practice of slavery in america eliminated traditions tradition ended united states culture had got rid from india put an end to abrahim freed nations shakles gotten eradicated
abraham lincoln abolished the practice of slavery in america
0.74835400151454 0.74835400151454 0.83845735887191 0.04738673242550592 0.8193628858800589 0.09332686473309092 0.7762778268790852 0.1144256336062979 0.3416086040537356 0.0 0.0 0.0 0.0 0.0 0.0 0.0 0.0 0.0 0.0 0.0 0.0 0.0 0.0 0.0 0.0 0.0 0.0 0.0 0.0 0.0 0.0
abraham lincoln eliminated the traditions of slavery in america
0.74835400151454 0.74835400151454 0.0 0.04738673242550592 0.0 0.09332686473309092 0.7762778268790852 0.1144256336062979 0.3416086040537356 0.831721289781195 0.6555404826989304 0.0 0.0 0.0 0.0 0.0 0.0 0.0 0.0 0.0 0.0 0.0 0.0 0.0 0.0 0.0 0.0 0.0 0.0 0.0 0.0
abraham lincoln abolished the tradition of slavery in america
0.74835400151454 0.74835400151454 0.83845735887191 0.04738673242550592 0.0 0.09332686473309092 0.7762778268790852 0.1144256336062979 0.3416086040537356 0.0 0.0 0.7053792265038721 0.0 0.0 0.0 0.0 0.0 0.0 0.0 0.0 0.0 0.0 0.0 0.0 0.0 0.0 0.0 0.0 0.0 0.0 0.0
abraham lincoln ended the tradition of slavery in the united states
0.6122896376028055 0.6122896376028055 0.0 0.07754192578719152 0.0 0.07635834387252893 0.6351364038101607 0.09362097295060737 0.0 0.0 0.0 0.5771284580486227 0.6097988217675224 0.3666097143252824 0.45504536118592576 0.0 0.0 0.0 0.0 0.0 0.0 0.0 0.0 0.0 0.0 0.0 0.0 0.0 0.0 0.0 0.0
a1wyssw33m2fz2
abraham lincoln ended the culture of slavery in america
0.74835400151454 0.74835400151454 0.0 0.04738673242550592 0.0 0.09332686473309092 0.7762778268790852 0.1144256336062979 0.3416086040537356 0.0 0.0 0.0 0.7453096710491941 0.0 0.0 0.6879522852268755 0.0 0.0 0.0 0.0 0.0 0.0 0.0 0.0 0.0 0.0 0.0 0.0 0.0 0.0 0.0
a3dd3acpmvdvca
abraham lincoln had got rid of the tradition of slavery from india
0.561265501135905 0.561265501135905 0.0 0.03554004931912944 0.0 0.13999029709963637 0.5822083701593139 0.0 0.0 0.0 0.0 0.5290344198779041 0.0 0.0 0.0 0.0 0.288432574128465 0.4085503791568792 0.5484196111503002 0.20107455328566992 0.25112639472449444 0.0 0.0 0.0 0.0 0.0 0.0 0.0 0.0 0.0 0.0
a143bvgouf83je
abraham lincoln put an end to slavery in america
0.74835400151454 0.74835400151454 0.0 0.0 0.0 0.0 0.7762778268790852 0.1144256336062979 0.3416086040537356 0.0 0.0 0.0 0.0 0.0 0.0 0.0 0.0 0.0 0.0 0.0 0.0 0.5778567932966907 0.3278183628639544 0.5244758881209551 0.11998603441235117 0.0 0.0 0.0 0.0 0.0 0.0
a1is07hajk7bzr
abrahim lincoln freed the nations from the shakles of slavery
0.0 0.6735186013630861 0.0 0.08529611836591067 0.0 0.08399417825978182 0.6986500441911767 0.0 0.0 0.0 0.0 0.0 0.0 0.0 0.0 0.0 0.0 0.0 0.0 0.2412894639428039 0.0 0.0 0.0 0.0 0.0 0.9625557771527026 0.6852969049287244 0.44868224748034535 0.9625557771527026 0.0 0.0
al2rcq9eyun61
abraham lincoln ended the practice of slavery in america
0.74835400151454 0.74835400151454 0.0 0.04738673242550592 0.8193628858800589 0.09332686473309092 0.7762778268790852 0.1144256336062979 0.3416086040537356 0.0 0.0 0.0 0.7453096710491941 0.0 0.0 0.0 0.0 0.0 0.0 0.0 0.0 0.0 0.0 0.0 0.0 0.0 0.0 0.0 0.0 0.0 0.0
a3bnv4r3pkyf7u
abraham lincoln ended the culture of slavery in america
0.74835400151454 0.74835400151454 0.0 0.04738673242550592 0.0 0.09332686473309092 0.7762778268790852 0.1144256336062979 0.3416086040537356 0.0 0.0 0.0 0.7453096710491941 0.0 0.0 0.6879522852268755 0.0 0.0 0.0 0.0 0.0 0.0 0.0 0.0 0.0 0.0 0.0 0.0 0.0 0.0 0.0
au2ar4vob7vlv
abraham lincoln ended the culture of slavery in america
0.74835400151454 0.74835400151454 0.0 0.04738673242550592 0.0 0.09332686473309092 0.7762778268790852 0.1144256336062979 0.3416086040537356 0.0 0.0 0.0 0.7453096710491941 0.0 0.0 0.6879522852268755 0.0 0.0 0.0 0.0 0.0 0.0 0.0 0.0 0.0 0.0 0.0 0.0 0.0 0.0 0.0
adu3xkpx6ttsa
abraham lincoln had gotten rid of the tradition of slavery from india
0.561265501135905 0.561265501135905 0.0 0.03554004931912944 0.0 0.13999029709963637 0.5822083701593139 0.0 0.0 0.0 0.0 0.5290344198779041 0.0 0.0 0.0 0.0 0.288432574128465 0.0 0.5484196111503002 0.20107455328566992 0.25112639472449444 0.0 0.0 0.0 0.0 0.0 0.0 0.0 0.0 0.66006747327405 0.0
a2qjcd350isb7f
abraham lincoln got rid of the tradition of slavery from india
0.6122896376028055 0.6122896376028055 0.0 0.03877096289359576 0.0 0.15271668774505787 0.6351364038101607 0.0 0.0 0.0 0.0 0.5771284580486227 0.0 0.0 0.0 0.0 0.0 0.4456913227165955 0.5982759394366911 0.21935405812982173 0.2739560669721758 0.0 0.0 0.0 0.0 0.0 0.0 0.0 0.0 0.0 0.0
a6tw9zegog7ph
abraham lincoln had eradicated the tradition of slavery
0.8418982517038576 0.8418982517038576 0.0 0.05331007397869417 0.0 0.10499272282472728 0.8733125552389709 0.0 0.0 0.0 0.0 0.7935516298168561 0.0 0.0 0.0 0.0 0.4326488611926975 0.0 0.0 0.0 0.0 0.0 0.0 0.0 0.0 0.0 0.0 0.0 0.0 0.0 1.0020149823866156
a6tw9zegog7ph
abraham lincoln put an end to slavery in america
0.74835400151454 0.74835400151454 0.0 0.0 0.0 0.0 0.7762778268790852 0.1144256336062979 0.3416086040537356 0.0 0.0 0.0 0.0 0.0 0.0 0.0 0.0 0.0 0.0 0.0 0.0 0.5778567932966907 0.3278183628639544 0.5244758881209551 0.11998603441235117 0.0 0.0 0.0 0.0 0.0 0.0
a2rcbwy8ulhnj0
abraham lincoln put an end to slavery in america
0.74835400151454 0.74835400151454 0.0 0.0 0.0 0.0 0.7762778268790852 0.1144256336062979 0.3416086040537356 0.0 0.0 0.0 0.0 0.0 0.0 0.0 0.0 0.0 0.0 0.0 0.0 0.5778567932966907 0.3278183628639544 0.5244758881209551 0.11998603441235117 0.0 0.0 0.0 0.0 0.0 0.0
a2qxd8jqk5bvez
abraham lincoln put an end to slavery in america
0.74835400151454 0.74835400151454 0.0 0.0 0.0 0.0 0.7762778268790852 0.1144256336062979 0.3416086040537356 0.0 0.0 0.0 0.0 0.0 0.0 0.0 0.0 0.0 0.0 0.0 0.0 0.5778567932966907 0.3278183628639544 0.5244758881209551 0.11998603441235117 0.0 0.0 0.0 0.0 0.0 0.0
a31i8s2vq4xqm7
abrahim lincoln freed the nations from the shakles of slavery
0.0 0.6735186013630861 0.0 0.08529611836591067 0.0 0.08399417825978182 0.6986500441911767 0.0 0.0 0.0 0.0 0.0 0.0 0.0 0.0 0.0 0.0 0.0 0.0 0.2412894639428039 0.0 0.0 0.0 0.0 0.0 0.9625557771527026 0.6852969049287244 0.44868224748034535 0.9625557771527026 0.0 0.0
