why doesnt it give does india not offer the proof dont they provide do so isnt river tame grouped evidence wild
why doesnt it
1.2920549285395906 2.058523408565146 0.6750518123422085 0.0 0.0 0.0 0.0 0.0 0.0 0.0 0.0 0.0 0.0 0.0 0.0 0.0 0.0 0.0 0.0 0.0 0.0
why doesnt it give
0.969041196404693 1.5438925564238595 0.5062888592566563 1.1033357760081002 0.0 0.0 0.0 0.0 0.0 0.0 0.0 0.0 0.0 0.0 0.0 0.0 0.0 0.0 0.0 0.0 0.0
why does india not offer the proof
0.5537378265169675 0.0 0.0 0.0 0.5991459373132523 0.43050239095627624 0.30580392689105196 1.0032668694403772 0.06092579883279333 0.7901733156149893 0.0 0.0 0.0 0.0 0.0 0.0 0.0 0.0 0.0 0.0 0.0
why dont they provide it
0.7752329571237544 0.0 0.40503108740532506 0.0 0.0 0.0 0.0 0.0 0.0 0.0 0.9462912587373442 0.516741751612838 1.1728715311666926 0.0 0.0 0.0 0.0 0.0 0.0 0.0 0.0
a2qlm59qc9g1uf
why dont they do so
0.7752329571237544 0.0 0.0 0.0 0.0 0.0 0.0 0.0 0.0 0.0 0.9462912587373442 0.516741751612838 0.0 0.6475674110792378 0.7068495778898655 0.0 0.0 0.0 0.0 0.0 0.0
a143bvgouf83je
why doesnt it give it
0.7752329571237544 1.2351140451390876 0.8100621748106501 0.8826686208064801 0.0 0.0 0.0 0.0 0.0 0.0 0.0 0.0 0.0 0.0 0.0 0.0 0.0 0.0 0.0 0.0 0.0
a3dd3acpmvdvca
why does it not give
0.7752329571237544 0.0 0.40503108740532506 0.8826686208064801 0.8388043122385532 0.0 0.42812549764747276 0.0 0.0 0.0 0.0 0.0 0.0 0.0 0.0 0.0 0.0 0.0 0.0 0.0 0.0
a3kwcqj39dxkt4
isnt the river tame not grouped
0.0 0.0 0.0 0.0 0.0 0.0 0.3567712480395606 0.0 0.07108009863825888 0.0 0.0 0.0 0.0 0.0 0.0 1.127226148432926 1.117964506573791 1.53668211056981 1.719784158681162 0.0 0.0
ancf53mqwds6z
why dont they do so
0.7752329571237544 0.0 0.0 0.0 0.0 0.0 0.0 0.0 0.0 0.0 0.9462912587373442 0.516741751612838 0.0 0.6475674110792378 0.7068495778898655 0.0 0.0 0.0 0.0 0.0 0.0
a6tw9zegog7ph
why dont they do so
0.7752329571237544 0.0 0.0 0.0 0.0 0.0 0.0 0.0 0.0 0.0 0.9462912587373442 0.516741751612838 0.0 0.6475674110792378 0.7068495778898655 0.0 0.0 0.0 0.0 0.0 0.0
a3edprdq0s0hp3
why dont they do so
0.7752329571237544 0.0 0.0 0.0 0.0 0.0 0.0 0.0 0.0 0.0 0.9462912587373442 0.516741751612838 0.0 0.6475674110792378 0.7068495778898655 0.0 0.0 0.0 0.0 0.0 0.0
a1395pss402i1j
why doesnt it give evidence
0.7752329571237544 1.2351140451390876 0.40503108740532506 0.8826686208064801 0.0 0.0 0.0 0.0 0.0 0.0 0.0 0.0 0.0 0.0 0.0 0.0 0.0 0.0 0.0 1.1130229521961212 0.0
a6tw9zegog7ph
why doesnt it give it
0.7752329571237544 1.2351140451390876 0.8100621748106501 0.8826686208064801 0.0 0.0 0.0 0.0 0.0 0.0 0.0 0.0 0.0 0.0 0.0 0.0 0.0 0.0 0.0 0.0 0.0
a3andctf0w1pqd
why doesnt it give it
0.7752329571237544 1.2351140451390876 0.8100621748106501 0.8826686208064801 0.0 0.0 0.0 0.0 0.0 0.0 0.0 0.0 0.0 0.0 0.0 0.0 0.0 0.0 0.0 0.0 0.0
a1wrvfwizbd6rc
why does it not give
0.7752329571237544 0.0 0.40503108740532506 0.8826686208064801 0.8388043122385532 0.0 0.42812549764747276 0.0 0.0 0.0 0.0 0.0 0.0 0.0 0.0 0.0 0.0 0.0 0.0 0.0 0.0
a14b80scbt25dr
why does it not give
0.7752329571237544 0.0 0.40503108740532506 0.8826686208064801 0.8388043122385532 0.0 0.42812549764747276 0.0 0.0 0.0 0.0 0.0 0.0 0.0 0.0 0.0 0.0 0.0 0.0 0.0 0.0
a230hf2okthmdz
why does it not give
0.7752329571237544 0.0 0.40503108740532506 0.8826686208064801 0.8388043122385532 0.0 0.42812549764747276 0.0 0.0 0.0 0.0 0.0 0.0 0.0 0.0 0.0 0.0 0.0 0.0 0.0 0.0
a3ohqrf1mdq99b
isnt the river tame not wild
0.0 0.0 0.0 0.0 0.0 0.0 0.3567712480395606 0.0 0.07108009863825888 0.0 0.0 0.0 0.0 0.0 0.0 1.127226148432926 1.117964506573791 1.53668211056981 0.0 0.0 1.279941270411952
