however something seemed true to me only if it could be possible but those things that were appeared the i always believed in which seems can thing look truth is done real saying was plausible what looks like for
however something seemed true to me only if it could be possible
0.3664272110369296 0.46304425144076783 0.6145221644100441 0.4074466102610442 0.08998952580926338 0.4096689641845576 0.28049802562184184 0.25157563211073414 0.16876295308555211 0.3593626493737698 0.17890191216326254 0.4031721690620816 0.0 0.0 0.0 0.0 0.0 0.0 0.0 0.0 0.0 0.0 0.0 0.0 0.0 0.0 0.0 0.0 0.0 0.0 0.0 0.0 0.0 0.0 0.0 0.0 0.0 0.0 0.0
but only those things that were possible appeared true to me
0.0 0.0 0.0 0.4444872111938664 0.09817039179192368 0.44691159729224467 0.3059978461329184 0.0 0.0 0.0 0.0 0.43982418443136173 0.23742202697422707 0.36247300929029813 0.4928059229214599 0.1098249476599818 0.26832980838235987 0.6981497838610647 0.0 0.0 0.0 0.0 0.0 0.0 0.0 0.0 0.0 0.0 0.0 0.0 0.0 0.0 0.0 0.0 0.0 0.0 0.0 0.0 0.0
but only the possible things seemed to be true
0.0 0.0 0.8193628858800589 0.5432621470147256 0.11998603441235117 0.0 0.37399736749578916 0.0 0.0 0.0 0.23853588288435004 0.5375628920827755 0.29018247741294423 0.0 0.6023183502373399 0.0 0.0 0.0 0.04738673242550592 0.0 0.0 0.0 0.0 0.0 0.0 0.0 0.0 0.0 0.0 0.0 0.0 0.0 0.0 0.0 0.0 0.0 0.0 0.0 0.0
but i always believed in something which could be possible
0.0 0.5556531017289215 0.0 0.0 0.0 0.0 0.0 0.0 0.0 0.4312351792485238 0.21468229459591504 0.48380660287449795 0.26116422967164976 0.0 0.0 0.0 0.0 0.0 0.0 0.3247980844826694 0.5131319146246216 0.6763356890597556 0.1029830702456681 0.3015534900850171 0.0 0.0 0.0 0.0 0.0 0.0 0.0 0.0 0.0 0.0 0.0 0.0 0.0 0.0 0.0
a3dd3acpmvdvca
but only that seems true which can be possible
0.0 0.0 0.0 0.5432621470147256 0.0 0.0 0.37399736749578916 0.0 0.0 0.0 0.23853588288435004 0.5375628920827755 0.29018247741294423 0.0 0.0 0.1342304915844222 0.0 0.0 0.0 0.0 0.0 0.0 0.0 0.33505943342779676 0.6202785004102751 0.3501852305749723 0.0 0.0 0.0 0.0 0.0 0.0 0.0 0.0 0.0 0.0 0.0 0.0 0.0
alzgu09bjzsiw
the only thing that look truth is which can be done in real
0.0 0.0 0.0 0.0 0.0 0.0 0.25892125442016173 0.0 0.0 0.0 0.16514022661224234 0.0 0.0 0.0 0.0 0.09292880186613844 0.0 0.0 0.0328061993715041 0.0 0.0 0.0 0.07921774634282162 0.23196422314232082 0.0 0.2424359288595962 0.40529607267980255 0.44508503530259347 0.40780193194400355 0.10052427067958664 0.35397517312928833 0.41145320403930535 0.0 0.0 0.0 0.0 0.0 0.0 0.0
a28z6a8uc4er3x
but only that saying seemed true which could be possible
0.0 0.0 0.7374265972920531 0.48893593231325305 0.0 0.0 0.33659763074621024 0.0 0.0 0.4312351792485238 0.21468229459591504 0.48380660287449795 0.26116422967164976 0.0 0.0 0.12080744242597999 0.0 0.0 0.0 0.0 0.0 0.0 0.0 0.3015534900850171 0.0 0.0 0.0 0.0 0.0 0.0 0.0 0.0 0.47389751261007484 0.0 0.0 0.0 0.0 0.0 0.0
a132zmwemnnusa
but only that seemed true which was plausible
0.0 0.0 0.9217832466150663 0.6111699153915663 0.0 0.0 0.4207470384327628 0.0 0.0 0.0 0.0 0.0 0.32645528708956223 0.0 0.0 0.15100930303247498 0.0 0.0 0.0 0.0 0.0 0.0 0.0 0.3769418626062713 0.0 0.0 0.0 0.0 0.0 0.0 0.0 0.0 0.0 0.27472736637426654 1.2031947214408782 0.0 0.0 0.0 0.0
a1e4smxrh1paux
but only that seems to be true which is possible
0.0 0.0 0.0 0.48893593231325305 0.10798743097111604 0.0 0.33659763074621024 0.0 0.0 0.0 0.21468229459591504 0.48380660287449795 0.26116422967164976 0.0 0.0 0.12080744242597999 0.0 0.0 0.0 0.0 0.0 0.0 0.0 0.3015534900850171 0.5582506503692476 0.0 0.0 0.0 0.0 0.13068155188346262 0.0 0.0 0.0 0.0 0.0 0.0 0.0 0.0 0.0
a2rcbwy8ulhnj0
but only what is possible seems true
0.0 0.0 0.0 0.6984799033046472 0.0 0.0 0.4808537582088718 0.0 0.0 0.0 0.0 0.6911522898207113 0.3730917566737854 0.0 0.0 0.0 0.0 0.0 0.0 0.0 0.0 0.0 0.0 0.0 0.7975009290989251 0.0 0.0 0.0 0.0 0.18668793126208946 0.0 0.0 0.0 0.0 0.0 0.44033794419037525 0.0 0.0 0.0
a330jjzgjl7ig2
but only that is true that seems possible
0.0 0.0 0.0 0.6111699153915663 0.0 0.0 0.4207470384327628 0.0 0.0 0.0 0.0 0.6047582535931224 0.32645528708956223 0.0 0.0 0.30201860606494996 0.0 0.0 0.0 0.0 0.0 0.0 0.0 0.0 0.6978133129615595 0.0 0.0 0.0 0.0 0.16335193985432828 0.0 0.0 0.0 0.0 0.0 0.0 0.0 0.0 0.0
a1lkw32z4tqsw7
the only thing that look truth is which can be done in real
0.0 0.0 0.0 0.0 0.0 0.0 0.25892125442016173 0.0 0.0 0.0 0.16514022661224234 0.0 0.0 0.0 0.0 0.09292880186613844 0.0 0.0 0.0328061993715041 0.0 0.0 0.0 0.07921774634282162 0.23196422314232082 0.0 0.2424359288595962 0.40529607267980255 0.44508503530259347 0.40780193194400355 0.10052427067958664 0.35397517312928833 0.41145320403930535 0.0 0.0 0.0 0.0 0.0 0.0 0.0
a14wwg6nkbdwgp
the only thing that look truth is which can be done in real
0.0 0.0 0.0 0.0 0.0 0.0 0.25892125442016173 0.0 0.0 0.0 0.16514022661224234 0.0 0.0 0.0 0.0 0.09292880186613844 0.0 0.0 0.0328061993715041 0.0 0.0 0.0 0.07921774634282162 0.23196422314232082 0.0 0.2424359288595962 0.40529607267980255 0.44508503530259347 0.40780193194400355 0.10052427067958664 0.35397517312928833 0.41145320403930535 0.0 0.0 0.0 0.0 0.0 0.0 0.0
au2ar4vob7vlv
the only thing that looks like truth is that which can be done for real
0.0 0.0 0.0 0.0 0.0 0.0 0.2243984204974735 0.0 0.0 0.0 0.14312152973061001 0.0 0.0 0.0 0.0 0.16107658990130663 0.0 0.0 0.028432039455303555 0.0 0.0 0.0 0.0 0.20103566005667803 0.0 0.21011113834498338 0.35125659632249556 0.0 0.3534283410181364 0.08712103458897508 0.30677848337871655 0.35659277683406465 0.0 0.0 0.0 0.0 0.45089045937317046 0.2517488661053444 0.12871397994282768
a301gnfg8w711q
but only that saying seemed true which is possible
0.0 0.0 0.8193628858800589 0.5432621470147256 0.0 0.0 0.37399736749578916 0.0 0.0 0.0 0.0 0.5375628920827755 0.29018247741294423 0.0 0.0 0.1342304915844222 0.0 0.0 0.0 0.0 0.0 0.0 0.0 0.33505943342779676 0.0 0.0 0.0 0.0 0.0 0.14520172431495848 0.0 0.0 0.5265527917889721 0.0 0.0 0.0 0.0 0.0 0.0
a3c1u2evw0nuff
but only that saying seemed true which could be possible
0.0 0.0 0.7374265972920531 0.48893593231325305 0.0 0.0 0.33659763074621024 0.0 0.0 0.4312351792485238 0.21468229459591504 0.48380660287449795 0.26116422967164976 0.0 0.0 0.12080744242597999 0.0 0.0 0.0 0.0 0.0 0.0 0.0 0.3015534900850171 0.0 0.0 0.0 0.0 0.0 0.0 0.0 0.0 0.47389751261007484 0.0 0.0 0.0 0.0 0.0 0.0
a12ezody9kxiim
but only that saying seemed true which could be possible
0.0 0.0 0.7374265972920531 0.48893593231325305 0.0 0.0 0.33659763074621024 0.0 0.0 0.4312351792485238 0.21468229459591504 0.48380660287449795 0.26116422967164976 0.0 0.0 0.12080744242597999 0.0 0.0 0.0 0.0 0.0 0.0 0.0 0.3015534900850171 0.0 0.0 0.0 0.0 0.0 0.0 0.0 0.0 0.47389751261007484 0.0 0.0 0.0 0.0 0.0 0.0
arq4j4tltpbnc
but only plausible things seemed true
0.0 0.0 1.2290443288200883 0.8148932205220883 0.0 0.0 0.5609960512436837 0.0 0.0 0.0 0.0 0.0 0.4352737161194163 0.0 0.9034775253560099 0.0 0.0 0.0 0.0 0.0 0.0 0.0 0.0 0.0 0.0 0.0 0.0 0.0 0.0 0.0 0.0 0.0 0.0 0.0 1.6042596285878377 0.0 0.0 0.0 0.0
