140yearold ninekilo lobster freed 9 kilos in weight 140 yearold year old kilogram set free 140yeard 9kilogram kilo weighing years ago kg was nine labister freedom for a and at last 9kg this
140yearold ninekilo lobster freed
2.579676238021743 2.579676238021743 1.4631992083580967 1.713242262321811 0.0 0.0 0.0 0.0 0.0 0.0 0.0 0.0 0.0 0.0 0.0 0.0 0.0 0.0 0.0 0.0 0.0 0.0 0.0 0.0 0.0 0.0 0.0 0.0 0.0 0.0 0.0 0.0 0.0
9 kilos in weight 140 yearold lobster freed
0.0 0.0 0.7315996041790483 0.8566211311609055 1.0020149823866156 1.2898381190108714 0.12872883780708513 0.8226294167254503 0.9792247877873713 1.1525115829273576 0.0 0.0 0.0 0.0 0.0 0.0 0.0 0.0 0.0 0.0 0.0 0.0 0.0 0.0 0.0 0.0 0.0 0.0 0.0 0.0 0.0 0.0 0.0
140 year old 9 kilogram lobster set free
0.0 0.0 0.7315996041790483 0.0 1.0020149823866156 0.0 0.0 0.0 0.9792247877873713 0.0 0.5261821711653256 0.6594099793959655 1.2031947214408782 0.7436571374524936 0.7535306888673224 0.0 0.0 0.0 0.0 0.0 0.0 0.0 0.0 0.0 0.0 0.0 0.0 0.0 0.0 0.0 0.0 0.0 0.0
140yeard old 9kilogram lobster freed
0.0 0.0 1.1705593666864773 1.3705938098574488 0.0 0.0 0.0 0.0 0.0 0.0 0.0 1.0550559670335447 0.0 0.0 0.0 2.0637409904173944 2.0637409904173944 0.0 0.0 0.0 0.0 0.0 0.0 0.0 0.0 0.0 0.0 0.0 0.0 0.0 0.0 0.0 0.0
a3dd3acpmvdvca
140 year old 9 kilo weighing lobster free
0.0 0.0 0.7315996041790483 0.0 1.0020149823866156 0.0 0.0 0.0 0.9792247877873713 0.0 0.5261821711653256 0.6594099793959655 0.0 0.0 0.7535306888673224 0.0 0.0 1.0886583799566087 1.2031947214408782 0.0 0.0 0.0 0.0 0.0 0.0 0.0 0.0 0.0 0.0 0.0 0.0 0.0 0.0
alzgu09bjzsiw
140 years ago 9 kg lobster was free
0.0 0.0 0.7315996041790483 0.0 1.0020149823866156 0.0 0.0 0.0 0.9792247877873713 0.0 0.0 0.0 0.0 0.0 0.7535306888673224 0.0 0.0 0.0 0.0 0.5152826030365563 0.6442398722704321 1.0658681853573644 0.27472736637426654 0.0 0.0 0.0 0.0 0.0 0.0 0.0 0.0 0.0 0.0
a353ocl6lm6m4o
nine kg labister freed
0.0 0.0 0.0 1.713242262321811 0.0 0.0 0.0 0.0 0.0 0.0 0.0 0.0 0.0 0.0 0.0 0.0 0.0 0.0 0.0 0.0 0.0 2.1317363707147288 0.0 2.23310264774177 2.1317363707147288 0.0 0.0 0.0 0.0 0.0 0.0 0.0 0.0
a3u16uhguaktzs
140 year old 9 kilo lobster freed
0.0 0.0 0.8361138333474838 0.9789955784696064 1.1451599798704177 0.0 0.0 0.0 1.1191140431855673 0.0 0.6013510527603722 0.7536114050239605 0.0 0.0 0.0 0.0 0.0 1.2441810056646958 0.0 0.0 0.0 0.0 0.0 0.0 0.0 0.0 0.0 0.0 0.0 0.0 0.0 0.0 0.0
a2vjscdqr23qkd
free 140 year old 9 kilo weighing lobster
0.0 0.0 0.7315996041790483 0.0 1.0020149823866156 0.0 0.0 0.0 0.9792247877873713 0.0 0.5261821711653256 0.6594099793959655 0.0 0.0 0.7535306888673224 0.0 0.0 1.0886583799566087 1.2031947214408782 0.0 0.0 0.0 0.0 0.0 0.0 0.0 0.0 0.0 0.0 0.0 0.0 0.0 0.0
ancf53mqwds6z
freedom for a 9 kilo and 140 year old lobster at last
0.0 0.0 0.4877330694526989 0.0 0.6680099882577437 0.0 0.0 0.0 0.6528165251915808 0.0 0.3507881141102171 0.43960665293064366 0.0 0.0 0.0 0.0 0.0 0.7257722533044059 0.0 0.0 0.0 0.0 0.0 0.0 0.0 0.47529870293714266 0.1608924749285346 0.11815694559764528 0.08283041998352432 0.25813332115870624 0.33746738903172574 0.0 0.0
a2zhr3rebfem5a
140 year old 9 kilogram lobster free
0.0 0.0 0.8361138333474838 0.0 1.1451599798704177 0.0 0.0 0.0 1.1191140431855673 0.0 0.6013510527603722 0.7536114050239605 1.375079681646718 0.0 0.8611779301340828 0.0 0.0 0.0 0.0 0.0 0.0 0.0 0.0 0.0 0.0 0.0 0.0 0.0 0.0 0.0 0.0 0.0 0.0
a3andctf0w1pqd
140 years ago 9kg lobster was free
0.0 0.0 0.8361138333474838 0.0 0.0 0.0 0.0 0.0 1.1191140431855673 0.0 0.0 0.0 0.0 0.0 0.8611779301340828 0.0 0.0 0.0 0.0 0.58889440347035 0.7362741397376367 0.0 0.31397413299916177 0.0 0.0 0.0 0.0 0.0 0.0 0.0 0.0 1.375079681646718 0.0
a230hf2okthmdz
140 years ago 9 kg lobster was free
0.0 0.0 0.7315996041790483 0.0 1.0020149823866156 0.0 0.0 0.0 0.9792247877873713 0.0 0.0 0.0 0.0 0.0 0.7535306888673224 0.0 0.0 0.0 0.0 0.5152826030365563 0.6442398722704321 1.0658681853573644 0.27472736637426654 0.0 0.0 0.0 0.0 0.0 0.0 0.0 0.0 0.0 0.0
a330jjzgjl7ig2
this 9kg lobster was free 140 years ago
0.0 0.0 0.7315996041790483 0.0 0.0 0.0 0.0 0.0 0.9792247877873713 0.0 0.0 0.0 0.0 0.0 0.7535306888673224 0.0 0.0 0.0 0.0 0.5152826030365563 0.6442398722704321 0.0 0.27472736637426654 0.0 0.0 0.0 0.0 0.0 0.0 0.0 0.0 1.2031947214408782 0.21418761041850248
a1e4smxrh1paux
nine kg lobster freed
0.0 0.0 1.4631992083580967 1.713242262321811 0.0 0.0 0.0 0.0 0.0 0.0 0.0 0.0 0.0 0.0 0.0 0.0 0.0 0.0 0.0 0.0 0.0 2.1317363707147288 0.0 2.23310264774177 0.0 0.0 0.0 0.0 0.0 0.0 0.0 0.0 0.0
a3edprdq0s0hp3
nine kg labister freed
0.0 0.0 0.0 1.713242262321811 0.0 0.0 0.0 0.0 0.0 0.0 0.0 0.0 0.0 0.0 0.0 0.0 0.0 0.0 0.0 0.0 0.0 2.1317363707147288 0.0 2.23310264774177 2.1317363707147288 0.0 0.0 0.0 0.0 0.0 0.0 0.0 0.0
a1c0lbe9vl3ax
nine kg labister freed
0.0 0.0 0.0 1.713242262321811 0.0 0.0 0.0 0.0 0.0 0.0 0.0 0.0 0.0 0.0 0.0 0.0 0.0 0.0 0.0 0.0 0.0 2.1317363707147288 0.0 2.23310264774177 2.1317363707147288 0.0 0.0 0.0 0.0 0.0 0.0 0.0 0.0
amd40d0gc1l4r
140 year old 9 kilo lobster freed
0.0 0.0 0.8361138333474838 0.9789955784696064 1.1451599798704177 0.0 0.0 0.0 1.1191140431855673 0.0 0.6013510527603722 0.7536114050239605 0.0 0.0 0.0 0.0 0.0 1.2441810056646958 0.0 0.0 0.0 0.0 0.0 0.0 0.0 0.0 0.0 0.0 0.0 0.0 0.0 0.0 0.0
