can the banning of jamiatuddawa and current india is putting a ban on jamaatuddawa by imposition jamaatuddawah will jamatuddawa break deadlock between does put sanction jamat ul dawa present jamaathud dawah help indo pakindia crisis be over adawa has jamatuldawa at brought to close cause end
can the banning of jamiatuddawa and the current india
0.3501852305749723 0.09477346485101185 0.7888699030243078 0.09332686473309092 1.1465227724541078 0.11044055997803243 0.6315528848730372 0.3348351929659926 0.0 0.0 0.0 0.0 0.0 0.0 0.0 0.0 0.0 0.0 0.0 0.0 0.0 0.0 0.0 0.0 0.0 0.0 0.0 0.0 0.0 0.0 0.0 0.0 0.0 0.0 0.0 0.0 0.0 0.0 0.0 0.0 0.0 0.0 0.0 0.0 0.0 0.0
is putting a ban on jamaatuddawa
0.0 0.0 0.0 0.0 0.0 0.0 0.0 0.0 0.2178025864724377 1.0677803244431374 0.23631389119529056 0.9191139845589524 0.3121679603959672 1.152917928404136 0.0 0.0 0.0 0.0 0.0 0.0 0.0 0.0 0.0 0.0 0.0 0.0 0.0 0.0 0.0 0.0 0.0 0.0 0.0 0.0 0.0 0.0 0.0 0.0 0.0 0.0 0.0 0.0 0.0 0.0 0.0 0.0
by imposition of ban on jamaatuddawah
0.0 0.0 0.0 0.13999029709963637 0.0 0.0 0.0 0.0 0.0 0.0 0.0 0.9191139845589524 0.3121679603959672 0.0 0.41590987690024134 1.719784158681162 1.3535800624584586 0.0 0.0 0.0 0.0 0.0 0.0 0.0 0.0 0.0 0.0 0.0 0.0 0.0 0.0 0.0 0.0 0.0 0.0 0.0 0.0 0.0 0.0 0.0 0.0 0.0 0.0 0.0 0.0 0.0
will a ban of jamatuddawa break the deadlock between india
0.0 0.042648059182955333 0.0 0.08399417825978182 0.0 0.0 0.0 0.30135167366939336 0.0 0.0 0.14178833471717434 0.5514683907353715 0.0 0.0 0.0 0.0 0.0 0.2215513199801184 0.6258261941540552 0.644750394117908 0.9625557771527026 0.39625972913910795 0.0 0.0 0.0 0.0 0.0 0.0 0.0 0.0 0.0 0.0 0.0 0.0 0.0 0.0 0.0 0.0 0.0 0.0 0.0 0.0 0.0 0.0 0.0 0.0
a1sanjgoj47idf
does put sanction on jamat ul dawa present india
0.0 0.0 0.0 0.0 0.0 0.0 0.0 0.3348351929659926 0.0 0.0 0.0 0.0 0.20811197359731148 0.0 0.0 0.0 0.0 0.0 0.0 0.0 0.0 0.0 0.46600239568808516 0.5778567932966907 0.8030736109698505 0.7723787913444996 0.6897590097681844 0.7096532577069605 0.49595922554272703 0.0 0.0 0.0 0.0 0.0 0.0 0.0 0.0 0.0 0.0 0.0 0.0 0.0 0.0 0.0 0.0 0.0
a3dd3acpmvdvca
can putting a ban on jamaathud dawah help the present indo
0.28651518865225006 0.03877096289359576 0.0 0.0 0.0 0.0 0.0 0.0 0.0 0.5824256315144386 0.12889848610652213 0.5013349006685195 0.17027343294325484 0.0 0.0 0.0 0.0 0.0 0.0 0.0 0.0 0.0 0.0 0.0 0.0 0.0 0.0 0.0 0.40578482089859486 0.5940468471062463 0.5585743347446667 0.41424123357334486 0.7121634820271792 0.0 0.0 0.0 0.0 0.0 0.0 0.0 0.0 0.0 0.0 0.0 0.0 0.0
a1wyssw33m2fz2
by banning jamatuddawa can current pakindia crisis be over
0.3501852305749723 0.0 0.7888699030243078 0.0 0.0 0.0 0.6315528848730372 0.0 0.0 0.0 0.0 0.0 0.0 0.0 0.27727325126682756 0.0 0.0 0.0 0.6953624379489501 0.0 0.0 0.0 0.0 0.0 0.0 0.0 0.0 0.0 0.0 0.0 0.0 0.0 0.0 0.8253703549100896 0.5432621470147256 0.23853588288435004 0.4150328588809118 0.0 0.0 0.0 0.0 0.0 0.0 0.0 0.0 0.0
a8v7wa74iohz9
can by banning jamat adawa present india
0.45023815359639296 0.0 1.0142613038883959 0.0 0.0 0.0 0.0 0.43050239095627624 0.0 0.0 0.0 0.0 0.0 0.0 0.35649418020020684 0.0 0.0 0.0 0.0 0.0 0.0 0.0 0.0 0.0 0.0 0.9930584460143567 0.0 0.0 0.6376618614120776 0.0 0.0 0.0 0.0 0.0 0.0 0.0 0.0 1.218135068979845 0.0 0.0 0.0 0.0 0.0 0.0 0.0 0.0
a1dndzlo2d5d48
does put sanction on jamat ul dawa present india
0.0 0.0 0.0 0.0 0.0 0.0 0.0 0.3348351929659926 0.0 0.0 0.0 0.0 0.20811197359731148 0.0 0.0 0.0 0.0 0.0 0.0 0.0 0.0 0.0 0.46600239568808516 0.5778567932966907 0.8030736109698505 0.7723787913444996 0.6897590097681844 0.7096532577069605 0.49595922554272703 0.0 0.0 0.0 0.0 0.0 0.0 0.0 0.0 0.0 0.0 0.0 0.0 0.0 0.0 0.0 0.0 0.0
a1g9f1kosfkijh
does put sanction on jamat ul dawa present india
0.0 0.0 0.0 0.0 0.0 0.0 0.0 0.3348351929659926 0.0 0.0 0.0 0.0 0.20811197359731148 0.0 0.0 0.0 0.0 0.0 0.0 0.0 0.0 0.0 0.46600239568808516 0.5778567932966907 0.8030736109698505 0.7723787913444996 0.6897590097681844 0.7096532577069605 0.49595922554272703 0.0 0.0 0.0 0.0 0.0 0.0 0.0 0.0 0.0 0.0 0.0 0.0 0.0 0.0 0.0 0.0 0.0
a230hf2okthmdz
india has put sanction on jamatuldawa at present
0.0 0.0 0.0 0.0 0.0 0.0 0.0 0.3766895920867417 0.0 0.0 0.0 0.0 0.2341259702969754 0.0 0.0 0.0 0.0 0.0 0.0 0.0 0.0 0.0 0.0 0.650088892458777 0.9034578123410818 0.0 0.0 0.0 0.5579541287355679 0.0 0.0 0.0 0.0 0.0 0.0 0.0 0.0 0.0 0.25659970224140294 1.0658681853573644 0.38719998173805936 0.0 0.0 0.0 0.0 0.0
au80ser2vpi2x
can putting a ban on jamaathud dawah help the present indo
0.28651518865225006 0.03877096289359576 0.0 0.0 0.0 0.0 0.0 0.0 0.0 0.5824256315144386 0.12889848610652213 0.5013349006685195 0.17027343294325484 0.0 0.0 0.0 0.0 0.0 0.0 0.0 0.0 0.0 0.0 0.0 0.0 0.0 0.0 0.0 0.40578482089859486 0.5940468471062463 0.5585743347446667 0.41424123357334486 0.7121634820271792 0.0 0.0 0.0 0.0 0.0 0.0 0.0 0.0 0.0 0.0 0.0 0.0 0.0
ajfwu2g6a1bhs
can putting a ban on jamaathud dawah help the present indo
0.28651518865225006 0.03877096289359576 0.0 0.0 0.0 0.0 0.0 0.0 0.0 0.5824256315144386 0.12889848610652213 0.5013349006685195 0.17027343294325484 0.0 0.0 0.0 0.0 0.0 0.0 0.0 0.0 0.0 0.0 0.0 0.0 0.0 0.0 0.0 0.40578482089859486 0.5940468471062463 0.5585743347446667 0.41424123357334486 0.7121634820271792 0.0 0.0 0.0 0.0 0.0 0.0 0.0 0.0 0.0 0.0 0.0 0.0 0.0
a2qxd8jqk5bvez
can putting a ban on jamaathud dawah help the present indo
0.28651518865225006 0.03877096289359576 0.0 0.0 0.0 0.0 0.0 0.0 0.0 0.5824256315144386 0.12889848610652213 0.5013349006685195 0.17027343294325484 0.0 0.0 0.0 0.0 0.0 0.0 0.0 0.0 0.0 0.0 0.0 0.0 0.0 0.0 0.0 0.40578482089859486 0.5940468471062463 0.5585743347446667 0.41424123357334486 0.7121634820271792 0.0 0.0 0.0 0.0 0.0 0.0 0.0 0.0 0.0 0.0 0.0 0.0 0.0
a330jjzgjl7ig2
by banning jamatuddawa can the current pakindia crisis be brought to a close
0.2424359288595962 0.0328061993715041 0.5461407020937515 0.0 0.0 0.0 0.43722892029671806 0.0 0.0 0.0 0.1090679497824418 0.0 0.0 0.0 0.19195840472318831 0.0 0.0 0.0 0.48140476473388855 0.0 0.0 0.0 0.0 0.0 0.0 0.0 0.0 0.0 0.0 0.0 0.0 0.0 0.0 0.5714102457069851 0.37610456331788694 0.16514022661224234 0.0 0.0 0.0 0.0 0.0 0.46266460452944624 0.08306725459316619 0.44184569027566056 0.0 0.0
a2u70ov2bw11tg
can banning jamatuddawa cause the current pakindia crisis to end
0.31516670751747505 0.042648059182955333 0.7099829127218771 0.0 0.0 0.0 0.5683975963857335 0.0 0.0 0.0 0.0 0.0 0.0 0.0 0.0 0.0 0.0 0.0 0.6258261941540552 0.0 0.0 0.0 0.0 0.0 0.0 0.0 0.0 0.0 0.0 0.0 0.0 0.0 0.0 0.7428333194190806 0.48893593231325305 0.0 0.0 0.0 0.0 0.0 0.0 0.0 0.10798743097111604 0.0 0.5231108616854587 0.47202829930885964
a2d2264qc2ln18
by banning jamatuddawa can current pakindia crisis be over
0.3501852305749723 0.0 0.7888699030243078 0.0 0.0 0.0 0.6315528848730372 0.0 0.0 0.0 0.0 0.0 0.0 0.0 0.27727325126682756 0.0 0.0 0.0 0.6953624379489501 0.0 0.0 0.0 0.0 0.0 0.0 0.0 0.0 0.0 0.0 0.0 0.0 0.0 0.0 0.8253703549100896 0.5432621470147256 0.23853588288435004 0.4150328588809118 0.0 0.0 0.0 0.0 0.0 0.0 0.0 0.0 0.0
a1rhjj60p0jwi3
can by banning jamat adawa present india
0.45023815359639296 0.0 1.0142613038883959 0.0 0.0 0.0 0.0 0.43050239095627624 0.0 0.0 0.0 0.0 0.0 0.0 0.35649418020020684 0.0 0.0 0.0 0.0 0.0 0.0 0.0 0.0 0.0 0.0 0.9930584460143567 0.0 0.0 0.6376618614120776 0.0 0.0 0.0 0.0 0.0 0.0 0.0 0.0 1.218135068979845 0.0 0.0 0.0 0.0 0.0 0.0 0.0 0.0
