elevenmember cabinet took oath 11member sworn in takes 11 member of eleven members have taken its non kabina has raised voice take their oaths the too those outside voices
elevenmember cabinet took oath
2.305023165854715 1.3389650804567659 1.2358566361007015 1.2477071958243473 0.0 0.0 0.0 0.0 0.0 0.0 0.0 0.0 0.0 0.0 0.0 0.0 0.0 0.0 0.0 0.0 0.0 0.0 0.0 0.0 0.0 0.0 0.0 0.0 0.0
11member cabinet sworn in
0.0 1.3389650804567659 0.0 0.0 2.23310264774177 1.919911905617928 0.25745767561417027 0.0 0.0 0.0 0.0 0.0 0.0 0.0 0.0 0.0 0.0 0.0 0.0 0.0 0.0 0.0 0.0 0.0 0.0 0.0 0.0 0.0 0.0
elevenmember cabinet takes oath
2.305023165854715 1.3389650804567659 0.0 1.2477071958243473 0.0 0.0 0.0 1.500304209637665 0.0 0.0 0.0 0.0 0.0 0.0 0.0 0.0 0.0 0.0 0.0 0.0 0.0 0.0 0.0 0.0 0.0 0.0 0.0 0.0 0.0
11member cabinet takes oath
0.0 1.3389650804567659 0.0 1.2477071958243473 2.23310264774177 0.0 0.0 1.500304209637665 0.0 0.0 0.0 0.0 0.0 0.0 0.0 0.0 0.0 0.0 0.0 0.0 0.0 0.0 0.0 0.0 0.0 0.0 0.0 0.0 0.0
a3dd3acpmvdvca
11 member cabinet takes oath
0.0 1.0711720643654128 0.0 0.9981657566594778 0.0 0.0 0.0 1.200243367710132 1.3024084924633301 1.1079162917950884 0.0 0.0 0.0 0.0 0.0 0.0 0.0 0.0 0.0 0.0 0.0 0.0 0.0 0.0 0.0 0.0 0.0 0.0 0.0
a143bvgouf83je
cabinet of eleven members have taken oath
0.0 0.7651229031181519 0.0 0.7129755404710556 0.0 0.0 0.0 0.0 0.0 0.0 0.11999168322825975 1.0693559440043934 0.6824916295612207 0.3268528611412042 0.6206993343168156 0.0 0.0 0.0 0.0 0.0 0.0 0.0 0.0 0.0 0.0 0.0 0.0 0.0 0.0
a2de039cxxjuga
cabinet of 11 members took its oath
0.0 0.7651229031181519 0.7062037920575437 0.7129755404710556 0.0 0.0 0.0 0.0 0.9302917803309502 0.0 0.11999168322825975 0.0 0.6824916295612207 0.0 0.0 0.4734032803391587 0.0 0.0 0.0 0.0 0.0 0.0 0.0 0.0 0.0 0.0 0.0 0.0 0.0
a2i57ww1b3evwx
non kabina has raised its voice
0.0 0.0 0.0 0.0 0.0 0.0 0.0 0.0 0.0 0.0 0.0 0.0 0.0 0.0 0.0 0.5523038270623518 1.0644798865604408 1.4515445066088117 0.3421329363218706 0.9754661389053978 0.9218688682174875 0.0 0.0 0.0 0.0 0.0 0.0 0.0 0.0
a1395pss402i1j
11 member cabinet takes oath
0.0 1.0711720643654128 0.0 0.9981657566594778 0.0 0.0 0.0 1.200243367710132 1.3024084924633301 1.1079162917950884 0.0 0.0 0.0 0.0 0.0 0.0 0.0 0.0 0.0 0.0 0.0 0.0 0.0 0.0 0.0 0.0 0.0 0.0 0.0
a230hf2okthmdz
11 member cabinet take oath
0.0 1.0711720643654128 0.0 0.9981657566594778 0.0 0.0 0.0 0.0 1.3024084924633301 1.1079162917950884 0.0 0.0 0.0 0.0 0.0 0.0 0.0 0.0 0.0 0.0 0.0 0.7720733337484361 0.0 0.0 0.0 0.0 0.0 0.0 0.0
a2zhr3rebfem5a
eleven member cabinet takes oath
0.0 1.0711720643654128 0.0 0.9981657566594778 0.0 0.0 0.0 1.200243367710132 0.0 1.1079162917950884 0.0 1.4970983216061509 0.0 0.0 0.0 0.0 0.0 0.0 0.0 0.0 0.0 0.0 0.0 0.0 0.0 0.0 0.0 0.0 0.0
a330jjzgjl7ig2
eleven member cabinet has taken their oaths
0.0 0.7651229031181519 0.0 0.0 0.0 0.0 0.0 0.0 0.0 0.7913687798536345 0.0 1.0693559440043934 0.0 0.0 0.6206993343168156 0.0 0.0 0.0 0.29325680256160336 0.0 0.0 0.0 0.42531729996054424 1.218135068979845 0.0 0.0 0.0 0.0 0.0
a1u0rzs5qypubm
eleven member cabinet has taken oath
0.0 0.8926433869711773 0.0 0.8318047972162316 0.0 0.0 0.0 0.0 0.0 0.923263576495907 0.0 1.2475819346717925 0.0 0.0 0.7241492233696182 0.0 0.0 0.0 0.3421329363218706 0.0 0.0 0.0 0.0 0.0 0.0 0.0 0.0 0.0 0.0
a291u81kgj6l9n
eleven cabinet members have taken oath
0.0 0.8926433869711773 0.0 0.8318047972162316 0.0 0.0 0.0 0.0 0.0 0.0 0.0 1.2475819346717925 0.7962402344880908 0.3813283379980716 0.7241492233696182 0.0 0.0 0.0 0.0 0.0 0.0 0.0 0.0 0.0 0.0 0.0 0.0 0.0 0.0
a3c1u2evw0nuff
the 11 cabinet members too their oath
0.0 0.7651229031181519 0.0 0.7129755404710556 0.0 0.0 0.0 0.0 0.9302917803309502 0.0 0.0 0.0 0.6824916295612207 0.0 0.0 0.0 0.0 0.0 0.0 0.0 0.0 0.0 0.42531729996054424 0.0 0.06092579883279333 0.7164857205754135 0.0 0.0 0.0
a3m4exda4ue7bp
the 11 member cabinet took its oath
0.0 0.7651229031181519 0.7062037920575437 0.7129755404710556 0.0 0.0 0.0 0.0 0.9302917803309502 0.7913687798536345 0.0 0.0 0.0 0.0 0.0 0.4734032803391587 0.0 0.0 0.0 0.0 0.0 0.0 0.0 0.0 0.06092579883279333 0.0 0.0 0.0 0.0
a12ezody9kxiim
11 member cabinet takes oath
0.0 1.0711720643654128 0.0 0.9981657566594778 0.0 0.0 0.0 1.200243367710132 1.3024084924633301 1.1079162917950884 0.0 0.0 0.0 0.0 0.0 0.0 0.0 0.0 0.0 0.0 0.0 0.0 0.0 0.0 0.0 0.0 0.0 0.0 0.0
a3ohqrf1mdq99b
those outside of kabina has raised their voices
0.0 0.0 0.0 0.0 0.0 0.0 0.0 0.0 0.0 0.0 0.10499272282472728 0.0 0.0 0.0 0.0 0.0 0.0 1.0886583799566087 0.25659970224140294 0.7315996041790483 0.0 0.0 0.3721526374654762 0.0 0.0 0.0 0.49840038777415996 0.808569668797114 0.9792247877873713
