it is not clear whether the afghan officials were referring to same incident if official referred have unclear they this has explained briefly that positionable in give a hint about situation afghani officeholders are talking mentioned there was no reason given declared as reform position gives brief explanation gave of true representatives speaking and nato discussing on why changed their report
it is not clear whether the afghan officials were referring to the same incident
0.1446539597876161 0.09334396563104473 0.15290196344552598 0.3489273534666237 0.3432340147087135 0.06092579883279333 0.3697886711131651 0.3204873196288181 0.21083056372899706 0.5725799899352089 0.07713387926508289 0.31294062478603885 0.3308378282676537 0.0 0.0 0.0 0.0 0.0 0.0 0.0 0.0 0.0 0.0 0.0 0.0 0.0 0.0 0.0 0.0 0.0 0.0 0.0 0.0 0.0 0.0 0.0 0.0 0.0 0.0 0.0 0.0 0.0 0.0 0.0 0.0 0.0 0.0 0.0 0.0 0.0 0.0 0.0 0.0 0.0 0.0 0.0 0.0 0.0 0.0 0.0 0.0
it is not clear if the afghan official referred to the same incident
0.15578118746358657 0.10052427067958664 0.16466365294133567 0.3757679191179024 0.0 0.0656123987430082 0.3982339535064855 0.0 0.0 0.0 0.08306725459316619 0.33701298053881107 0.3562868919805501 0.23222366040990844 0.44184569027566056 0.6247292595962116 0.0 0.0 0.0 0.0 0.0 0.0 0.0 0.0 0.0 0.0 0.0 0.0 0.0 0.0 0.0 0.0 0.0 0.0 0.0 0.0 0.0 0.0 0.0 0.0 0.0 0.0 0.0 0.0 0.0 0.0 0.0 0.0 0.0 0.0 0.0 0.0 0.0 0.0 0.0 0.0 0.0 0.0 0.0 0.0 0.0
it is not clear whether the afghan officials have referred to the same incident
0.1446539597876161 0.09334396563104473 0.15290196344552598 0.3489273534666237 0.3432340147087135 0.06092579883279333 0.3697886711131651 0.3204873196288181 0.0 0.0 0.07713387926508289 0.31294062478603885 0.3308378282676537 0.0 0.0 0.5801057410536251 0.1634264305706021 0.0 0.0 0.0 0.0 0.0 0.0 0.0 0.0 0.0 0.0 0.0 0.0 0.0 0.0 0.0 0.0 0.0 0.0 0.0 0.0 0.0 0.0 0.0 0.0 0.0 0.0 0.0 0.0 0.0 0.0 0.0 0.0 0.0 0.0 0.0 0.0 0.0 0.0 0.0 0.0 0.0 0.0 0.0 0.0
it is unclear whether they were referring to the same incident
0.18410503972969322 0.11880141080314784 0.0 0.0 0.43684329144745354 0.03877096289359576 0.0 0.0 0.26832980838235987 0.7287381690084477 0.09817039179192368 0.398288067909504 0.4210663268861046 0.0 0.0 0.0 0.0 0.8120373264515528 0.2348826143694718 0.0 0.0 0.0 0.0 0.0 0.0 0.0 0.0 0.0 0.0 0.0 0.0 0.0 0.0 0.0 0.0 0.0 0.0 0.0 0.0 0.0 0.0 0.0 0.0 0.0 0.0 0.0 0.0 0.0 0.0 0.0 0.0 0.0 0.0 0.0 0.0 0.0 0.0 0.0 0.0 0.0 0.0
ayowrg5s0py3f
this has explained briefly that the positionable in afghan give a hint about this situation
0.0 0.0 0.0 0.0 0.0 0.028432039455303555 0.3451360930389541 0.0 0.0 0.0 0.0 0.0 0.0 0.0 0.0 0.0 0.0 0.0 0.0 0.22846678444640264 0.13685317452874823 0.5222532201532647 0.614672844227924 0.08053829495065332 0.6417038514351351 0.06865538016377874 0.29422287360216004 0.09452555647811622 0.5492842273604757 0.20773625037091556 0.27294310152077406 0.0 0.0 0.0 0.0 0.0 0.0 0.0 0.0 0.0 0.0 0.0 0.0 0.0 0.0 0.0 0.0 0.0 0.0 0.0 0.0 0.0 0.0 0.0 0.0 0.0 0.0 0.0 0.0 0.0 0.0
a3dd3acpmvdvca
it is not clear whether the afghani officeholders are talking about the same incident
0.1446539597876161 0.09334396563104473 0.15290196344552598 0.3489273534666237 0.3432340147087135 0.06092579883279333 0.0 0.0 0.0 0.0 0.0 0.31294062478603885 0.3308378282676537 0.0 0.0 0.0 0.0 0.0 0.0 0.0 0.0 0.0 0.0 0.0 0.0 0.0 0.0 0.0 0.0 0.2225745539688381 0.0 0.52306947703807 0.5595570215927836 0.1504383252752019 0.3723399627275993 0.0 0.0 0.0 0.0 0.0 0.0 0.0 0.0 0.0 0.0 0.0 0.0 0.0 0.0 0.0 0.0 0.0 0.0 0.0 0.0 0.0 0.0 0.0 0.0 0.0 0.0
a1wyssw33m2fz2
it is not clear whether afghan officials have mentioned the same incident
0.16876295308555211 0.10890129323621885 0.1783856240197803 0.4070819123777276 0.4004396838268324 0.03554004931912944 0.4314201162986926 0.3739018729002878 0.0 0.0 0.0 0.365097395583712 0.3859774663122626 0.0 0.0 0.0 0.1906641689990358 0.0 0.0 0.0 0.0 0.0 0.0 0.0 0.0 0.0 0.0 0.0 0.0 0.0 0.0 0.0 0.0 0.0 0.0 0.48398712046417675 0.0 0.0 0.0 0.0 0.0 0.0 0.0 0.0 0.0 0.0 0.0 0.0 0.0 0.0 0.0 0.0 0.0 0.0 0.0 0.0 0.0 0.0 0.0 0.0 0.0
a2i57ww1b3evwx
there was no reason given afghan officials declared it as to reform
0.16876295308555211 0.0 0.0 0.0 0.0 0.0 0.4314201162986926 0.3739018729002878 0.0 0.0 0.08998952580926338 0.0 0.0 0.0 0.0 0.0 0.0 0.0 0.0 0.0 0.0 0.0 0.0 0.0 0.0 0.0 0.0 0.0 0.0 0.0 0.0 0.0 0.0 0.0 0.0 0.0 0.2386654168935808 0.18315157758284437 0.2773707042994242 0.4017947272328141 0.3668752407899613 0.4595569922794762 0.21960843925276205 0.63422122924873 0.0 0.0 0.0 0.0 0.0 0.0 0.0 0.0 0.0 0.0 0.0 0.0 0.0 0.0 0.0 0.0 0.0
a2rcbwy8ulhnj0
this has explained briefly that the position in afghan gives a hint about this situation
0.0 0.0 0.0 0.0 0.0 0.028432039455303555 0.3451360930389541 0.0 0.0 0.0 0.0 0.0 0.0 0.0 0.0 0.0 0.0 0.0 0.0 0.22846678444640264 0.13685317452874823 0.5222532201532647 0.614672844227924 0.08053829495065332 0.0 0.06865538016377874 0.0 0.09452555647811622 0.5492842273604757 0.20773625037091556 0.27294310152077406 0.0 0.0 0.0 0.0 0.0 0.0 0.0 0.0 0.0 0.0 0.0 0.0 0.0 0.3671013731143036 0.40760082217973365 0.0 0.0 0.0 0.0 0.0 0.0 0.0 0.0 0.0 0.0 0.0 0.0 0.0 0.0 0.0
a1g46au4nrpshg
this has explained briefly that the positionable in afghan give a hint about this situation
0.0 0.0 0.0 0.0 0.0 0.028432039455303555 0.3451360930389541 0.0 0.0 0.0 0.0 0.0 0.0 0.0 0.0 0.0 0.0 0.0 0.0 0.22846678444640264 0.13685317452874823 0.5222532201532647 0.614672844227924 0.08053829495065332 0.6417038514351351 0.06865538016377874 0.29422287360216004 0.09452555647811622 0.5492842273604757 0.20773625037091556 0.27294310152077406 0.0 0.0 0.0 0.0 0.0 0.0 0.0 0.0 0.0 0.0 0.0 0.0 0.0 0.0 0.0 0.0 0.0 0.0 0.0 0.0 0.0 0.0 0.0 0.0 0.0 0.0 0.0 0.0 0.0 0.0
a2owo5cfm8khwy
this brief explanation gave a hint of the true situation in afghan
0.0 0.0 0.0 0.0 0.0 0.03554004931912944 0.4314201162986926 0.0 0.0 0.0 0.0 0.0 0.0 0.0 0.0 0.0 0.0 0.0 0.0 0.14279174027900166 0.0 0.0 0.0 0.0 0.0 0.08581922520472342 0.0 0.11815694559764528 0.6866052842005946 0.0 0.3411788769009676 0.0 0.0 0.0 0.0 0.0 0.0 0.0 0.0 0.0 0.0 0.0 0.0 0.0 0.0 0.0 0.6461462995521196 0.768341055284905 0.43907074540311947 0.06999514854981818 0.4074466102610442 0.0 0.0 0.0 0.0 0.0 0.0 0.0 0.0 0.0 0.0
a2tw8jxhhp3sjm
it is not clear whether the afghani officeholders are referring to the same incident
0.1446539597876161 0.09334396563104473 0.15290196344552598 0.3489273534666237 0.3432340147087135 0.06092579883279333 0.0 0.0 0.0 0.5725799899352089 0.07713387926508289 0.31294062478603885 0.3308378282676537 0.0 0.0 0.0 0.0 0.0 0.0 0.0 0.0 0.0 0.0 0.0 0.0 0.0 0.0 0.0 0.0 0.0 0.0 0.52306947703807 0.5595570215927836 0.1504383252752019 0.0 0.0 0.0 0.0 0.0 0.0 0.0 0.0 0.0 0.0 0.0 0.0 0.0 0.0 0.0 0.0 0.0 0.0 0.0 0.0 0.0 0.0 0.0 0.0 0.0 0.0 0.0
ajfwu2g6a1bhs
it is not clear whether the afghani representatives are speaking about the same incident
0.1446539597876161 0.09334396563104473 0.15290196344552598 0.3489273534666237 0.3432340147087135 0.06092579883279333 0.0 0.0 0.0 0.0 0.0 0.31294062478603885 0.3308378282676537 0.0 0.0 0.0 0.0 0.0 0.0 0.0 0.0 0.0 0.0 0.0 0.0 0.0 0.0 0.0 0.0 0.2225745539688381 0.0 0.52306947703807 0.0 0.1504383252752019 0.0 0.0 0.0 0.0 0.0 0.0 0.0 0.0 0.0 0.0 0.0 0.0 0.0 0.0 0.0 0.0 0.0 0.4214188817350267 0.3877397017046583 0.0 0.0 0.0 0.0 0.0 0.0 0.0 0.0
a2oe085okcwole
it is not clear whether the afghani officeholders are talking about the same incident
0.1446539597876161 0.09334396563104473 0.15290196344552598 0.3489273534666237 0.3432340147087135 0.06092579883279333 0.0 0.0 0.0 0.0 0.0 0.31294062478603885 0.3308378282676537 0.0 0.0 0.0 0.0 0.0 0.0 0.0 0.0 0.0 0.0 0.0 0.0 0.0 0.0 0.0 0.0 0.2225745539688381 0.0 0.52306947703807 0.5595570215927836 0.1504383252752019 0.3723399627275993 0.0 0.0 0.0 0.0 0.0 0.0 0.0 0.0 0.0 0.0 0.0 0.0 0.0 0.0 0.0 0.0 0.0 0.0 0.0 0.0 0.0 0.0 0.0 0.0 0.0 0.0
a2u70ov2bw11tg
it is not clear whether afghan officials and nato were discussing the same incident
0.1446539597876161 0.09334396563104473 0.15290196344552598 0.3489273534666237 0.3432340147087135 0.030462899416396665 0.3697886711131651 0.3204873196288181 0.21083056372899706 0.0 0.0 0.31294062478603885 0.3308378282676537 0.0 0.0 0.0 0.0 0.0 0.0 0.0 0.0 0.0 0.0 0.0 0.0 0.0 0.0 0.0 0.0 0.0 0.0 0.0 0.0 0.0 0.0 0.0 0.0 0.0 0.0 0.0 0.0 0.0 0.0 0.0 0.0 0.0 0.0 0.0 0.0 0.0 0.0 0.0 0.0 0.07099750284302085 0.4651458901654751 0.5538396853303882 0.0 0.0 0.0 0.0 0.0
a2bk4fasw056jr
it is not clear whether afghan officials have mentioned the same incident
0.16876295308555211 0.10890129323621885 0.1783856240197803 0.4070819123777276 0.4004396838268324 0.03554004931912944 0.4314201162986926 0.3739018729002878 0.0 0.0 0.0 0.365097395583712 0.3859774663122626 0.0 0.0 0.0 0.1906641689990358 0.0 0.0 0.0 0.0 0.0 0.0 0.0 0.0 0.0 0.0 0.0 0.0 0.0 0.0 0.0 0.0 0.0 0.0 0.48398712046417675 0.0 0.0 0.0 0.0 0.0 0.0 0.0 0.0 0.0 0.0 0.0 0.0 0.0 0.0 0.0 0.0 0.0 0.0 0.0 0.0 0.0 0.0 0.0 0.0 0.0
ajfwu2g6a1bhs
it is not clear whether afghan officials have mentioned the same incident
0.16876295308555211 0.10890129323621885 0.1783856240197803 0.4070819123777276 0.4004396838268324 0.03554004931912944 0.4314201162986926 0.3739018729002878 0.0 0.0 0.0 0.365097395583712 0.3859774663122626 0.0 0.0 0.0 0.1906641689990358 0.0 0.0 0.0 0.0 0.0 0.0 0.0 0.0 0.0 0.0 0.0 0.0 0.0 0.0 0.0 0.0 0.0 0.0 0.48398712046417675 0.0 0.0 0.0 0.0 0.0 0.0 0.0 0.0 0.0 0.0 0.0 0.0 0.0 0.0 0.0 0.0 0.0 0.0 0.0 0.0 0.0 0.0 0.0 0.0 0.0
a477wg206bmm6
there was no reason given on why the officials changed their report
0.0 0.0 0.0 0.0 0.0 0.03554004931912944 0.0 0.3739018729002878 0.0 0.0 0.0 0.0 0.0 0.0 0.0 0.0 0.0 0.0 0.0 0.0 0.0 0.0 0.0 0.0 0.0 0.0 0.0 0.0 0.0 0.0 0.0 0.0 0.0 0.0 0.0 0.0 0.2386654168935808 0.18315157758284437 0.2773707042994242 0.4017947272328141 0.3668752407899613 0.0 0.0 0.0 0.0 0.0 0.0 0.0 0.0 0.0 0.0 0.0 0.0 0.0 0.0 0.0 0.1560839801979836 0.32301373213489765 0.4936879831178777 0.24810175831031747 0.4290184130874016
