even if a great tragedy occurs the next day we get tied up in our daytoday affairs after occurrence of greatest tragedies deeply occupied with usual life no matter how may befall us back to business regardless what big go about lives normally following crisis over and became normal return routines huge calamity can pass by but are lost routine accident busy daily from there is got it returned crisiss end own living passes forget carry on massive natural disaster too take notice or show any care for those need one
even if a great tragedy occurs the next day we get tied up in our daytoday affairs
0.2153349356597778 0.17758279913698882 0.08340490277480843 0.2781010571515361 0.43696077612887096 0.4438891899910112 0.02508709363703255 0.3299514559279198 0.23049691216342058 0.18014163014095824 0.2558821995353885 0.4659299811346235 0.2532346938849511 0.06057827661509889 0.197105632369711 0.5254359171157106 0.3118485361924733 0.0 0.0 0.0 0.0 0.0 0.0 0.0 0.0 0.0 0.0 0.0 0.0 0.0 0.0 0.0 0.0 0.0 0.0 0.0 0.0 0.0 0.0 0.0 0.0 0.0 0.0 0.0 0.0 0.0 0.0 0.0 0.0 0.0 0.0 0.0 0.0 0.0 0.0 0.0 0.0 0.0 0.0 0.0 0.0 0.0 0.0 0.0 0.0 0.0 0.0 0.0 0.0 0.0 0.0 0.0 0.0 0.0 0.0 0.0 0.0 0.0 0.0 0.0 0.0 0.0 0.0 0.0 0.0 0.0 0.0 0.0 0.0 0.0 0.0
even after the occurrence of the greatest of tragedies we get deeply occupied the next day with the usual affairs of life
0.16639517755528282 0.0 0.0 0.0 0.0 0.0 0.07754192578719152 0.2549624886715744 0.1781112503080977 0.13920035056346775 0.19772715418643658 0.0 0.0 0.0 0.0 0.0 0.2409738688760021 0.13562377605523437 0.3402496185468525 0.1145375158087934 0.3227195057826714 0.41909512106449365 0.3745119732003243 0.3227195057826714 0.10683570236701154 0.38058158195598446 0.207840989161219 0.0 0.0 0.0 0.0 0.0 0.0 0.0 0.0 0.0 0.0 0.0 0.0 0.0 0.0 0.0 0.0 0.0 0.0 0.0 0.0 0.0 0.0 0.0 0.0 0.0 0.0 0.0 0.0 0.0 0.0 0.0 0.0 0.0 0.0 0.0 0.0 0.0 0.0 0.0 0.0 0.0 0.0 0.0 0.0 0.0 0.0 0.0 0.0 0.0 0.0 0.0 0.0 0.0 0.0 0.0 0.0 0.0 0.0 0.0 0.0 0.0 0.0 0.0 0.0
no matter how great a tragedy may befall us we get back to business the next day
0.0 0.0 0.08340490277480843 0.2781010571515361 0.43696077612887096 0.0 0.02508709363703255 0.3299514559279198 0.23049691216342058 0.18014163014095824 0.2558821995353885 0.0 0.0 0.0 0.0 0.0 0.0 0.0 0.0 0.0 0.0 0.0 0.0 0.0 0.0 0.0 0.0 0.19579108538782883 0.2881276442832168 0.23079078552773655 0.2622305134483003 0.60698264424041 0.21518410601454616 0.28997842483943936 0.06352201821830356 0.3099322908727902 0.0 0.0 0.0 0.0 0.0 0.0 0.0 0.0 0.0 0.0 0.0 0.0 0.0 0.0 0.0 0.0 0.0 0.0 0.0 0.0 0.0 0.0 0.0 0.0 0.0 0.0 0.0 0.0 0.0 0.0 0.0 0.0 0.0 0.0 0.0 0.0 0.0 0.0 0.0 0.0 0.0 0.0 0.0 0.0 0.0 0.0 0.0 0.0 0.0 0.0 0.0 0.0 0.0 0.0 0.0
regardless of what big tragedy occurs we go about our lives normally the following day
0.0 0.0 0.0 0.0 0.49522221294605373 0.503074415323146 0.028432039455303555 0.0 0.26122983378521 0.2041605141597527 0.0 0.0 0.0 0.0 0.22338638335233912 0.0 0.0 0.0 0.0 0.05599611883985455 0.0 0.0 0.0 0.0 0.0 0.0 0.0 0.0 0.0 0.0 0.0 0.0 0.0 0.0 0.0 0.0 0.52805397861924 0.20549104062217513 0.359914935083923 0.3570573547884709 0.20773625037091556 0.3933242896193582 0.5581863202021106 0.41955688409012143 0.0 0.0 0.0 0.0 0.0 0.0 0.0 0.0 0.0 0.0 0.0 0.0 0.0 0.0 0.0 0.0 0.0 0.0 0.0 0.0 0.0 0.0 0.0 0.0 0.0 0.0 0.0 0.0 0.0 0.0 0.0 0.0 0.0 0.0 0.0 0.0 0.0 0.0 0.0 0.0 0.0 0.0 0.0 0.0 0.0 0.0 0.0
amwxjmcv94h5s
big crisis get over and we became normal and return to our routines
0.0 0.0 0.0 0.0 0.0 0.0 0.0 0.0 0.0 0.23556982403048388 0.33461518400781576 0.0 0.0 0.0 0.25775351925269896 0.0 0.0 0.0 0.0 0.0 0.0 0.0 0.0 0.0 0.0 0.0 0.0 0.0 0.0 0.0 0.0 0.0 0.0 0.0 0.08306725459316619 0.0 0.0 0.0 0.41528646355837273 0.0 0.0 0.0 0.0 0.0 0.37610456331788694 0.2873304407637082 0.15291769843112182 0.41472702053305893 0.4750438635150337 0.41814638688466155 0.6337894931082412 0.0 0.0 0.0 0.0 0.0 0.0 0.0 0.0 0.0 0.0 0.0 0.0 0.0 0.0 0.0 0.0 0.0 0.0 0.0 0.0 0.0 0.0 0.0 0.0 0.0 0.0 0.0 0.0 0.0 0.0 0.0 0.0 0.0 0.0 0.0 0.0 0.0 0.0 0.0 0.0
a3dd3acpmvdvca
a huge calamity can pass by but the next day we are lost in our daytoday routine of life
0.0 0.0 0.0746254393248286 0.0 0.0 0.0 0.022446346938397543 0.2952197237249809 0.20623407930411314 0.16117935328401528 0.0 0.0 0.0 0.054201615918772685 0.17635767106763614 0.4701268732087937 0.0 0.0 0.0 0.04420746224199044 0.0 0.0 0.0 0.0 0.0 0.0 0.2406579874498325 0.0 0.0 0.0 0.0 0.0 0.0 0.0 0.0 0.0 0.0 0.0 0.0 0.0 0.0 0.0 0.0 0.0 0.0 0.0 0.0 0.0 0.0 0.0 0.0 0.3451318334943899 0.3909649049574108 0.16587721448288162 0.38541961465963054 0.13133996112639199 0.13745485772192093 0.1108492923080435 0.31800204384583763 0.400560776367619 0.0 0.0 0.0 0.0 0.0 0.0 0.0 0.0 0.0 0.0 0.0 0.0 0.0 0.0 0.0 0.0 0.0 0.0 0.0 0.0 0.0 0.0 0.0 0.0 0.0 0.0 0.0 0.0 0.0 0.0 0.0
a1wyssw33m2fz2
even if a great accident occurs we are busy in our daily routines of life from the next day
0.1926681003271696 0.15888987291204262 0.0746254393248286 0.24882726166190072 0.0 0.3971640120972205 0.022446346938397543 0.2952197237249809 0.20623407930411314 0.16117935328401528 0.0 0.0 0.0 0.054201615918772685 0.17635767106763614 0.0 0.0 0.0 0.0 0.04420746224199044 0.0 0.0 0.0 0.0 0.0 0.0 0.2406579874498325 0.0 0.0 0.0 0.0 0.0 0.0 0.0 0.0 0.0 0.0 0.0 0.0 0.0 0.0 0.0 0.0 0.0 0.0 0.0 0.0 0.0 0.0 0.0 0.43364544265300714 0.0 0.0 0.0 0.0 0.0 0.0 0.1108492923080435 0.0 0.0 0.44878660436099554 0.3351295386055549 0.2849173775604495 0.1269944547067389 0.0 0.0 0.0 0.0 0.0 0.0 0.0 0.0 0.0 0.0 0.0 0.0 0.0 0.0 0.0 0.0 0.0 0.0 0.0 0.0 0.0 0.0 0.0 0.0 0.0 0.0 0.0
a3b84pq645okwb
even after big tragedies we return to our routine life the next day
0.2815918389397094 0.0 0.0 0.0 0.0 0.0 0.0328061993715041 0.4314749808288182 0.3014190389829346 0.23556982403048388 0.0 0.0 0.0 0.0 0.25775351925269896 0.0 0.0 0.22951715947808896 0.0 0.0 0.0 0.7092378971860662 0.0 0.0 0.0 0.0 0.3517309047343706 0.0 0.0 0.0 0.0 0.0 0.0 0.0 0.08306725459316619 0.0 0.0 0.0 0.41528646355837273 0.0 0.0 0.0 0.0 0.0 0.0 0.0 0.0 0.0 0.0 0.41814638688466155 0.0 0.0 0.0 0.0 0.0 0.0 0.0 0.0 0.0 0.5854349808449816 0.0 0.0 0.0 0.0 0.0 0.0 0.0 0.0 0.0 0.0 0.0 0.0 0.0 0.0 0.0 0.0 0.0 0.0 0.0 0.0 0.0 0.0 0.0 0.0 0.0 0.0 0.0 0.0 0.0 0.0 0.0
a230hf2okthmdz
big crisis get over and we became normal and return to our routines
0.0 0.0 0.0 0.0 0.0 0.0 0.0 0.0 0.0 0.23556982403048388 0.33461518400781576 0.0 0.0 0.0 0.25775351925269896 0.0 0.0 0.0 0.0 0.0 0.0 0.0 0.0 0.0 0.0 0.0 0.0 0.0 0.0 0.0 0.0 0.0 0.0 0.0 0.08306725459316619 0.0 0.0 0.0 0.41528646355837273 0.0 0.0 0.0 0.0 0.0 0.37610456331788694 0.2873304407637082 0.15291769843112182 0.41472702053305893 0.4750438635150337 0.41814638688466155 0.6337894931082412 0.0 0.0 0.0 0.0 0.0 0.0 0.0 0.0 0.0 0.0 0.0 0.0 0.0 0.0 0.0 0.0 0.0 0.0 0.0 0.0 0.0 0.0 0.0 0.0 0.0 0.0 0.0 0.0 0.0 0.0 0.0 0.0 0.0 0.0 0.0 0.0 0.0 0.0 0.0 0.0
a12ezody9kxiim
there is a big crisis but we got over it and returned to our normal routines
0.0 0.0 0.08861770919823396 0.0 0.0 0.0 0.0 0.0 0.0 0.19140048202476814 0.0 0.0 0.0 0.0 0.20942473439281792 0.0 0.0 0.0 0.0 0.0 0.0 0.0 0.0 0.0 0.0 0.0 0.0 0.0 0.0 0.0 0.0 0.0 0.0 0.0 0.06749214435694753 0.0 0.0 0.0 0.33742025164117784 0.0 0.0 0.0 0.0 0.0 0.30558495769578314 0.23345598312051288 0.06212281498764324 0.0 0.38597313910596487 0.0 0.514953963150446 0.0 0.0 0.0 0.0 0.0 0.16322764354478111 0.0 0.0 0.0 0.0 0.0 0.0 0.0 0.17899906267018562 0.08167596992716414 0.3064127843676594 0.12657221481416409 0.4209491258519288 0.0 0.0 0.0 0.0 0.0 0.0 0.0 0.0 0.0 0.0 0.0 0.0 0.0 0.0 0.0 0.0 0.0 0.0 0.0 0.0 0.0 0.0
a2qxd8jqk5bvez
big crisiss end and we became normal and return to our routines
0.0 0.0 0.0 0.0 0.0 0.0 0.0 0.0 0.0 0.25520064269969084 0.0 0.0 0.0 0.0 0.2792329791904239 0.0 0.0 0.0 0.0 0.0 0.0 0.0 0.0 0.0 0.0 0.0 0.0 0.0 0.0 0.0 0.0 0.0 0.0 0.0 0.08998952580926338 0.0 0.0 0.0 0.4498936688549038 0.0 0.0 0.0 0.0 0.0 0.0 0.0 0.16566083996704864 0.44928760557748054 0.5146308521412865 0.45299191912505 0.6866052842005946 0.0 0.0 0.0 0.0 0.0 0.0 0.0 0.0 0.0 0.0 0.0 0.0 0.0 0.0 0.0 0.0 0.0 0.0 0.859892079340581 0.3933569160907164 0.0 0.0 0.0 0.0 0.0 0.0 0.0 0.0 0.0 0.0 0.0 0.0 0.0 0.0 0.0 0.0 0.0 0.0 0.0 0.0
a2190f96xfy41l
a huge calamity can pass by but by the next day we are lost in our own daytoday routine of living
0.0 0.0 0.06751825462722587 0.0 0.0 0.0 0.02030859961093111 0.267103559560697 0.18659273841800714 0.14582893868553765 0.0 0.0 0.0 0.04903955725984196 0.15956170239452794 0.4253528852841467 0.0 0.0 0.0 0.03999722774275325 0.0 0.0 0.0 0.0 0.0 0.0 0.0 0.0 0.0 0.0 0.0 0.0 0.0 0.0 0.0 0.0 0.0 0.0 0.0 0.0 0.0 0.0 0.0 0.0 0.0 0.0 0.0 0.0 0.0 0.0 0.0 0.3122621350663528 0.35373015210432407 0.150079384532131 0.34871298469204665 0.2376627868001379 0.1243639188912618 0.10029221685013459 0.2877161349081388 0.36241213099927433 0.0 0.0 0.0 0.0 0.0 0.0 0.0 0.0 0.0 0.0 0.0 0.20195536708275888 0.2883821464307455 0.0 0.0 0.0 0.0 0.0 0.0 0.0 0.0 0.0 0.0 0.0 0.0 0.0 0.0 0.0 0.0 0.0 0.0
at8qsogdc42wo
if a huge calamity passes by we forget about it and by the next day we carry on with our normal life
0.0 0.13722307206040044 0.06444924305326107 0.0 0.0 0.0 0.01938548144679788 0.2549624886715744 0.1781112503080977 0.2784007011269355 0.0 0.0 0.0 0.0 0.1523088977402312 0.0 0.0 0.0 0.0 0.0 0.0 0.0 0.0 0.0 0.10683570236701154 0.0 0.207840989161219 0.0 0.0 0.0 0.0 0.0 0.0 0.0 0.0 0.0 0.0 0.0 0.0 0.0 0.14163835252562423 0.0 0.0 0.0 0.0 0.0 0.04518022908192236 0.0 0.2807077375316108 0.0 0.0 0.29806840165424586 0.3376515088268548 0.0 0.0 0.2268599328546771 0.0 0.0 0.0 0.0 0.0 0.0 0.0 0.0 0.0 0.0 0.0 0.09205251986484661 0.0 0.0 0.0 0.0 0.0 0.3524434361193379 0.3087429285214004 0.29306836096268546 0.08513671647162742 0.0 0.0 0.0 0.0 0.0 0.0 0.0 0.0 0.0 0.0 0.0 0.0 0.0 0.0
ay9joh7iihjwe
a huge calamity can pass by but the next day we are lost in our daytoday routine of life
0.0 0.0 0.0746254393248286 0.0 0.0 0.0 0.022446346938397543 0.2952197237249809 0.20623407930411314 0.16117935328401528 0.0 0.0 0.0 0.054201615918772685 0.17635767106763614 0.4701268732087937 0.0 0.0 0.0 0.04420746224199044 0.0 0.0 0.0 0.0 0.0 0.0 0.2406579874498325 0.0 0.0 0.0 0.0 0.0 0.0 0.0 0.0 0.0 0.0 0.0 0.0 0.0 0.0 0.0 0.0 0.0 0.0 0.0 0.0 0.0 0.0 0.0 0.0 0.3451318334943899 0.3909649049574108 0.16587721448288162 0.38541961465963054 0.13133996112639199 0.13745485772192093 0.1108492923080435 0.31800204384583763 0.400560776367619 0.0 0.0 0.0 0.0 0.0 0.0 0.0 0.0 0.0 0.0 0.0 0.0 0.0 0.0 0.0 0.0 0.0 0.0 0.0 0.0 0.0 0.0 0.0 0.0 0.0 0.0 0.0 0.0 0.0 0.0 0.0
a24bjjrcqbm3mi
even if a massive natural disaster occurs we are too busy in our daily routines to take notice or show any care for those in need from one day to the next
0.11439668456925695 0.09434086204152531 0.04430885459911698 0.0 0.0 0.23581613218272468 0.013327518494673542 0.1752867109617074 0.12245148458681718 0.09570024101238407 0.0 0.0 0.0 0.06436441890354257 0.10471236719640896 0.0 0.0 0.0 0.0 0.0 0.0 0.0 0.0 0.0 0.0 0.0 0.0 0.0 0.0 0.0 0.0 0.0 0.0 0.0 0.06749214435694753 0.0 0.0 0.0 0.0 0.0 0.0 0.0 0.0 0.0 0.0 0.0 0.0 0.0 0.0 0.0 0.257476981575223 0.0 0.0 0.0 0.0 0.0 0.0 0.06581676730790083 0.0 0.0 0.0 0.19898316354704823 0.1691696929265169 0.07540295748212622 0.0 0.0 0.0 0.0 0.0 0.0 0.0 0.0 0.0 0.0 0.0 0.0 0.0 0.257476981575223 0.257476981575223 0.24752530247776874 0.1567312513758717 0.12063645839819315 0.2028144861124336 0.10094675541911176 0.15224898688814564 0.1107293394109556 0.17034907817598088 0.06033467809820047 0.12460009694353999 0.16017962816239875 0.09159361603143532
a1dndzlo2d5d48
even if a great accident occurs we are busy in our daily routines of life from one day to the next
0.17431875743886774 0.14375750406327667 0.06751825462722587 0.22512942721791018 0.0 0.3593388680879614 0.02030859961093111 0.267103559560697 0.18659273841800714 0.14582893868553765 0.0 0.0 0.0 0.04903955725984196 0.15956170239452794 0.0 0.0 0.0 0.0 0.03999722774275325 0.0 0.0 0.0 0.0 0.0 0.0 0.21773817912127702 0.0 0.0 0.0 0.0 0.0 0.0 0.0 0.05142258617672193 0.0 0.0 0.0 0.0 0.0 0.0 0.0 0.0 0.0 0.0 0.0 0.0 0.0 0.0 0.0 0.39234587668605403 0.0 0.0 0.0 0.0 0.0 0.0 0.10029221685013459 0.0 0.0 0.40604502299328166 0.3032124396907402 0.2577823892213591 0.11489974473466853 0.0 0.0 0.0 0.0 0.0 0.0 0.0 0.0 0.0 0.0 0.0 0.0 0.0 0.0 0.0 0.0 0.0 0.0 0.0 0.0 0.0 0.0 0.0 0.0 0.0 0.0 0.1395712244288538
a6tw9zegog7ph
even if a great accident occurs we are busy in our daily routines
0.2815918389397094 0.23222366040990844 0.1090679497824418 0.36367061319816263 0.0 0.5804704792190146 0.0 0.0 0.0 0.23556982403048388 0.0 0.0 0.0 0.07921774634282162 0.25775351925269896 0.0 0.0 0.0 0.0 0.0 0.0 0.0 0.0 0.0 0.0 0.0 0.0 0.0 0.0 0.0 0.0 0.0 0.0 0.0 0.0 0.0 0.0 0.0 0.0 0.0 0.0 0.0 0.0 0.0 0.0 0.0 0.0 0.0 0.0 0.0 0.6337894931082412 0.0 0.0 0.0 0.0 0.0 0.0 0.1620105041425251 0.0 0.0 0.6559188832968397 0.48980471026965716 0.41641770566527236 0.0 0.0 0.0 0.0 0.0 0.0 0.0 0.0 0.0 0.0 0.0 0.0 0.0 0.0 0.0 0.0 0.0 0.0 0.0 0.0 0.0 0.0 0.0 0.0 0.0 0.0 0.0 0.0
aqpmq9s10v32e
even after big tragedies we return to our routine life the next day
0.2815918389397094 0.0 0.0 0.0 0.0 0.0 0.0328061993715041 0.4314749808288182 0.3014190389829346 0.23556982403048388 0.0 0.0 0.0 0.0 0.25775351925269896 0.0 0.0 0.22951715947808896 0.0 0.0 0.0 0.7092378971860662 0.0 0.0 0.0 0.0 0.3517309047343706 0.0 0.0 0.0 0.0 0.0 0.0 0.0 0.08306725459316619 0.0 0.0 0.0 0.41528646355837273 0.0 0.0 0.0 0.0 0.0 0.0 0.0 0.0 0.0 0.0 0.41814638688466155 0.0 0.0 0.0 0.0 0.0 0.0 0.0 0.0 0.0 0.5854349808449816 0.0 0.0 0.0 0.0 0.0 0.0 0.0 0.0 0.0 0.0 0.0 0.0 0.0 0.0 0.0 0.0 0.0 0.0 0.0 0.0 0.0 0.0 0.0 0.0 0.0 0.0 0.0 0.0 0.0 0.0 0.0
