this is to justify their rule that if they do not then such barbarians and beasts will a justification being created we are here the terrorists fanatics take over reign of government so may be these brutes in order remaining power there can reason vandals animals come it would permissible for them saying wild people capture license than ferocious barbaric clutch she could having spokesman destroy reasons said say feel have seize
this is to justify their rule that is if they do not rule then such barbarians and beasts will rule
0.08567504416740099 0.13068155188346262 0.05399371548555802 0.42634727414294576 0.14886105498619048 0.8334796525933822 0.060403721212989994 0.1509453792664405 0.1291854379032095 0.16189185276980944 0.10703137441186819 0.17466224579158318 0.19709890020941717 0.4186397401515829 0.04969825199011459 0.42634727414294576 0.1107756599900592 0.0 0.0 0.0 0.0 0.0 0.0 0.0 0.0 0.0 0.0 0.0 0.0 0.0 0.0 0.0 0.0 0.0 0.0 0.0 0.0 0.0 0.0 0.0 0.0 0.0 0.0 0.0 0.0 0.0 0.0 0.0 0.0 0.0 0.0 0.0 0.0 0.0 0.0 0.0 0.0 0.0 0.0 0.0 0.0 0.0 0.0 0.0 0.0 0.0 0.0 0.0 0.0 0.0 0.0 0.0
a justification is being created that if we are not here then the terrorists and fanatics will take over the reign of government
0.0 0.0568180660362881 0.0 0.0 0.0 0.0 0.052524974967817384 0.13125685153603522 0.0 0.0 0.09307076035814625 0.15188021373181146 0.0 0.0 0.04321587129575182 0.0 0.09632666086092105 0.06164710205094536 0.34059992618691176 0.15893792417809424 0.23802251589688606 0.13314816140853436 0.09157115451534029 0.19094690983115478 0.037085268854743766 0.19964596541303364 0.4486393457429118 0.167842029075747 0.16240416217079157 0.30223517922176074 0.036519207939035576 0.1302119298210719 0.0 0.0 0.0 0.0 0.0 0.0 0.0 0.0 0.0 0.0 0.0 0.0 0.0 0.0 0.0 0.0 0.0 0.0 0.0 0.0 0.0 0.0 0.0 0.0 0.0 0.0 0.0 0.0 0.0 0.0 0.0 0.0 0.0 0.0 0.0 0.0 0.0 0.0 0.0 0.0
so that a justification may be created that if we are not here these beasts and brutes will take over the government
0.0 0.0 0.0 0.0 0.0 0.0 0.1098249476599818 0.13722307206040044 0.0 0.0 0.09730124946533471 0.0 0.0 0.0 0.04518022908192236 0.3875884310390416 0.10070514544550836 0.06444924305326107 0.3560817410135896 0.0 0.24884172116492634 0.13920035056346775 0.09573347972058302 0.19962631482348 0.01938548144679788 0.0 0.0 0.17547121221555367 0.1697861695421912 0.0 0.0 0.1361306539038479 0.1606476313386058 0.2026326694827775 0.09758286117996139 0.13688648351464694 0.4690320432766805 0.0 0.0 0.0 0.0 0.0 0.0 0.0 0.0 0.0 0.0 0.0 0.0 0.0 0.0 0.0 0.0 0.0 0.0 0.0 0.0 0.0 0.0 0.0 0.0 0.0 0.0 0.0 0.0 0.0 0.0 0.0 0.0 0.0 0.0 0.0
and in order to justify remaining in power
0.0 0.0 0.13498428871389506 1.0658681853573644 0.0 0.0 0.0 0.0 0.0 0.0 0.0 0.0 0.0 0.0 0.12424562997528649 0.0 0.0 0.0 0.0 0.0 0.0 0.0 0.0 0.0 0.0 0.0 0.0 0.0 0.0 0.0 0.0 0.0 0.0 0.0 0.0 0.0 0.0 0.25745767561417027 0.6179283180503508 0.8566211311609055 0.5660930976487146 0.0 0.0 0.0 0.0 0.0 0.0 0.0 0.0 0.0 0.0 0.0 0.0 0.0 0.0 0.0 0.0 0.0 0.0 0.0 0.0 0.0 0.0 0.0 0.0 0.0 0.0 0.0 0.0 0.0 0.0 0.0
a1wyssw33m2fz2
so there can be reason created that if we are not here then these vandals and animals can come take over the government
0.0 0.0 0.0 0.0 0.0 0.0 0.052524974967817384 0.13125685153603522 0.0 0.0 0.09307076035814625 0.15188021373181146 0.0 0.0 0.04321587129575182 0.0 0.0 0.0 0.0 0.0 0.23802251589688606 0.13314816140853436 0.09157115451534029 0.19094690983115478 0.018542634427371883 0.0 0.0 0.167842029075747 0.16240416217079157 0.0 0.0 0.1302119298210719 0.15366295171518815 0.0 0.09334012808518045 0.13093489727487967 0.0 0.0 0.0 0.0 0.0 0.12452108707491173 0.27405800653693485 0.2096320315997291 0.37866378433273346 0.28717969066881144 0.19083112211726416 0.0 0.0 0.0 0.0 0.0 0.0 0.0 0.0 0.0 0.0 0.0 0.0 0.0 0.0 0.0 0.0 0.0 0.0 0.0 0.0 0.0 0.0 0.0 0.0 0.0
a3dd3acpmvdvca
so that it would be permissible for them saying that if we are not there beasts and wild people will come and capture the government
0.0 0.0 0.0 0.0 0.0 0.0 0.09664595394078399 0.1207563034131524 0.0 0.0 0.08562509952949454 0.0 0.0 0.0 0.07951720318418336 0.3410778193143566 0.08862052799204737 0.0 0.0 0.0 0.0 0.12249630849585161 0.08424546215411306 0.0 0.017059223673182133 0.0 0.0 0.0 0.0 0.0 0.0 0.11979497543538616 0.1413699155779731 0.0 0.08587291783836601 0.0 0.0 0.0 0.0 0.0 0.0 0.1145594001089188 0.0 0.0 0.0 0.0 0.17556463234788303 0.08100621748106501 0.13836360193731076 0.3483706815861148 0.0772283879656966 0.13647800693753667 0.18955900504402995 0.3071859048988685 0.10827450210026215 0.3044261900393904 0.0 0.0 0.0 0.0 0.0 0.0 0.0 0.0 0.0 0.0 0.0 0.0 0.0 0.0 0.0 0.0
a28z6a8uc4er3x
so that license can be created that if we are not here than these ferocious and barbaric will clutch the government
0.0 0.0 0.0 0.0 0.0 0.0 0.11505470707236189 0.14375750406327667 0.0 0.0 0.10193464229701732 0.0 0.0 0.0 0.0473316685620139 0.0 0.10550062856196114 0.0 0.0 0.0 0.2606913269346847 0.14582893868553765 0.10029221685013459 0.2091323298150743 0.02030859961093111 0.0 0.0 0.0 0.0 0.0 0.0 0.14261306599450732 0.16829751854520605 0.0 0.10222966409329287 0.14340488749153488 0.0 0.0 0.0 0.0 0.0 0.0 0.150079384532131 0.0 0.0 0.0 0.0 0.0 0.0 0.0 0.0 0.0 0.0 0.0 0.0 0.0 0.4147270018882319 0.19797607763770925 0.40604502299328166 0.34003100579709644 0.45835989388223936 0.0 0.0 0.0 0.0 0.0 0.0 0.0 0.0 0.0 0.0 0.0
alrghxunh1uv7
there are so that she could be having that if we are not be spokesman ferocious and come to destroy the government
0.0 0.0 0.04908519589596184 0.0 0.0 0.0 0.1098249476599818 0.13722307206040044 0.0 0.0 0.09730124946533471 0.0 0.0 0.0 0.04518022908192236 0.0 0.0 0.0 0.0 0.0 0.0 0.13920035056346775 0.19146695944116604 0.0 0.01938548144679788 0.0 0.0 0.0 0.0 0.0 0.0 0.1361306539038479 0.1606476313386058 0.0 0.19516572235992277 0.0 0.0 0.0 0.0 0.0 0.0 0.13018113648740773 0.0 0.0 0.0 0.0 0.19950526403168525 0.0 0.0 0.0 0.0 0.0 0.0 0.0 0.0 0.0 0.0 0.0 0.3875884310390416 0.0 0.0 0.18812219538338174 0.19601599056751082 0.24506596667862574 0.282925472266585 0.29031269633466567 0.0 0.0 0.0 0.0 0.0 0.0
ah7pogjaytu4f
so there is a reason created that if we are not here then these vandals and animals will come take over the government
0.0 0.0568180660362881 0.0 0.0 0.0 0.0 0.052524974967817384 0.13125685153603522 0.0 0.0 0.09307076035814625 0.15188021373181146 0.0 0.0 0.04321587129575182 0.0 0.09632666086092105 0.06164710205094536 0.0 0.0 0.23802251589688606 0.13314816140853436 0.09157115451534029 0.19094690983115478 0.018542634427371883 0.0 0.0 0.167842029075747 0.16240416217079157 0.0 0.0 0.1302119298210719 0.15366295171518815 0.0 0.0 0.13093489727487967 0.0 0.0 0.0 0.0 0.0 0.12452108707491173 0.0 0.2096320315997291 0.37866378433273346 0.28717969066881144 0.19083112211726416 0.0 0.0 0.0 0.0 0.0 0.0 0.0 0.0 0.0 0.0 0.0 0.0 0.0 0.0 0.0 0.0 0.0 0.0 0.0 0.0 0.0 0.0 0.0 0.0 0.0
a2qxd8jqk5bvez
so there can be reasons created that if we are not here then these vandals and animals can come take over the government
0.0 0.0 0.0 0.0 0.0 0.0 0.052524974967817384 0.13125685153603522 0.0 0.0 0.09307076035814625 0.15188021373181146 0.0 0.0 0.04321587129575182 0.0 0.0 0.0 0.0 0.0 0.23802251589688606 0.13314816140853436 0.09157115451534029 0.19094690983115478 0.018542634427371883 0.0 0.0 0.167842029075747 0.16240416217079157 0.0 0.0 0.1302119298210719 0.15366295171518815 0.0 0.09334012808518045 0.13093489727487967 0.0 0.0 0.0 0.0 0.0 0.12452108707491173 0.27405800653693485 0.0 0.37866378433273346 0.28717969066881144 0.19083112211726416 0.0 0.0 0.0 0.0 0.0 0.0 0.0 0.0 0.0 0.0 0.0 0.0 0.0 0.0 0.0 0.0 0.0 0.0 0.0 0.25446942754053853 0.0 0.0 0.0 0.0 0.0
a6tw9zegog7ph
so there can be reason created that if we are not here then these vandals and animals can come take over the government
0.0 0.0 0.0 0.0 0.0 0.0 0.052524974967817384 0.13125685153603522 0.0 0.0 0.09307076035814625 0.15188021373181146 0.0 0.0 0.04321587129575182 0.0 0.0 0.0 0.0 0.0 0.23802251589688606 0.13314816140853436 0.09157115451534029 0.19094690983115478 0.018542634427371883 0.0 0.0 0.167842029075747 0.16240416217079157 0.0 0.0 0.1302119298210719 0.15366295171518815 0.0 0.09334012808518045 0.13093489727487967 0.0 0.0 0.0 0.0 0.0 0.12452108707491173 0.27405800653693485 0.2096320315997291 0.37866378433273346 0.28717969066881144 0.19083112211726416 0.0 0.0 0.0 0.0 0.0 0.0 0.0 0.0 0.0 0.0 0.0 0.0 0.0 0.0 0.0 0.0 0.0 0.0 0.0 0.0 0.0 0.0 0.0 0.0 0.0
au2ar4vob7vlv
in order that it would be permissible for them they said that if we are not there beasts and wild people will come and capture the government
0.0 0.0 0.0 0.0 0.0 0.0 0.0894869943896148 0.11181139204921518 0.09569291696534037 0.0 0.0792824995643468 0.0 0.0 0.0 0.07362703998535496 0.3158127956614413 0.0820560444370809 0.0 0.0 0.0 0.0 0.11342250786652927 0.07800505755010469 0.0 0.015795577475168642 0.0 0.0 0.0 0.0 0.0 0.0 0.11092127355128348 0.0 0.0 0.07951196096145001 0.0 0.0 0.038141877868765967 0.18308987201491875 0.0 0.0 0.10607351861936926 0.0 0.0 0.0 0.0 0.16255984476655835 0.07500575692691205 0.1281144462382507 0.32256544591306924 0.07150776663490427 0.12636852494216358 0.0 0.2844313934248782 0.10025416861135385 0.28187610188832446 0.0 0.0 0.0 0.0 0.0 0.0 0.0 0.0 0.0 0.0 0.0 0.08200005495243934 0.0 0.0 0.0 0.0
acjl95je4qgk4
would it be permissible for them to say that if we are not there beasts and wild people will come and capture the government
0.0 0.0 0.04499476290463169 0.0 0.0 0.0 0.050336434344158326 0.12578781605536707 0.0 0.0 0.08919281200989015 0.0 0.0 0.0 0.08283041998352432 0.35528939511912144 0.09231304999171601 0.0 0.0 0.0 0.0 0.12760032134984542 0.08775568974386777 0.0 0.01777002465956472 0.0 0.0 0.0 0.0 0.0 0.0 0.12478643274519391 0.0 0.0 0.08945095608163127 0.0 0.0 0.0 0.0 0.0 0.0 0.1193327084467904 0.0 0.0 0.0 0.0 0.18287982536237815 0.08438147654277606 0.14412875201803202 0.36288612665220293 0.0804462374642673 0.14216459055993405 0.0 0.319985317602988 0.11278593968777308 0.317110614624365 0.0 0.0 0.0 0.0 0.0 0.0 0.0 0.0 0.0 0.0 0.0 0.0 0.16306152058567205 0.0 0.0 0.0
a2bk4fasw056jr
so that it would be permissible for them saying that if we are not there beasts and wild people will come and capture the government
0.0 0.0 0.0 0.0 0.0 0.0 0.09664595394078399 0.1207563034131524 0.0 0.0 0.08562509952949454 0.0 0.0 0.0 0.07951720318418336 0.3410778193143566 0.08862052799204737 0.0 0.0 0.0 0.0 0.12249630849585161 0.08424546215411306 0.0 0.017059223673182133 0.0 0.0 0.0 0.0 0.0 0.0 0.11979497543538616 0.1413699155779731 0.0 0.08587291783836601 0.0 0.0 0.0 0.0 0.0 0.0 0.1145594001089188 0.0 0.0 0.0 0.0 0.17556463234788303 0.08100621748106501 0.13836360193731076 0.3483706815861148 0.0772283879656966 0.13647800693753667 0.18955900504402995 0.3071859048988685 0.10827450210026215 0.3044261900393904 0.0 0.0 0.0 0.0 0.0 0.0 0.0 0.0 0.0 0.0 0.0 0.0 0.0 0.0 0.0 0.0
a2rcbwy8ulhnj0
so that license can be created that if we are not here than these ferocious and barbaric will clutch the government
0.0 0.0 0.0 0.0 0.0 0.0 0.11505470707236189 0.14375750406327667 0.0 0.0 0.10193464229701732 0.0 0.0 0.0 0.0473316685620139 0.0 0.10550062856196114 0.0 0.0 0.0 0.2606913269346847 0.14582893868553765 0.10029221685013459 0.2091323298150743 0.02030859961093111 0.0 0.0 0.0 0.0 0.0 0.0 0.14261306599450732 0.16829751854520605 0.0 0.10222966409329287 0.14340488749153488 0.0 0.0 0.0 0.0 0.0 0.0 0.150079384532131 0.0 0.0 0.0 0.0 0.0 0.0 0.0 0.0 0.0 0.0 0.0 0.0 0.0 0.4147270018882319 0.19797607763770925 0.40604502299328166 0.34003100579709644 0.45835989388223936 0.0 0.0 0.0 0.0 0.0 0.0 0.0 0.0 0.0 0.0 0.0
a3qu3km3iywhif
if we are not here then these ferocious barbarians will feel they have the license to take over the government
0.0 0.0 0.05399371548555802 0.0 0.0 0.0 0.0 0.1509453792664405 0.1291854379032095 0.0 0.10703137441186819 0.17466224579158318 0.0 0.4186397401515829 0.0 0.0 0.1107756599900592 0.0 0.0 0.0 0.0 0.1531203856198145 0.10530682769264132 0.21958894630582798 0.042648059182955333 0.0 0.0 0.19301833343710903 0.18676478649641032 0.0 0.0 0.1497437192942327 0.0 0.0 0.0 0.15057513186611163 0.0 0.0 0.0 0.0 0.0 0.0 0.0 0.0 0.0 0.0 0.0 0.0 0.0 0.0 0.0 0.0 0.0 0.0 0.0 0.0 0.4354633519826435 0.0 0.42634727414294576 0.0 0.0 0.0 0.0 0.0 0.0 0.0 0.0 0.0 0.0 0.28668687367081996 0.11439850139942147 0.0
au2ar4vob7vlv
the license can be created that if we are not here than these ferocious and barbaric will seize the government
0.0 0.0 0.0 0.0 0.0 0.0 0.060403721212989994 0.1509453792664405 0.0 0.0 0.10703137441186819 0.0 0.0 0.0 0.04969825199011459 0.0 0.1107756599900592 0.0 0.0 0.0 0.27372589328141894 0.1531203856198145 0.10530682769264132 0.21958894630582798 0.042648059182955333 0.0 0.0 0.0 0.0 0.0 0.0 0.1497437192942327 0.0 0.0 0.10734114729795752 0.15057513186611163 0.0 0.0 0.0 0.0 0.0 0.0 0.15758335375873753 0.0 0.0 0.0 0.0 0.0 0.0 0.0 0.0 0.0 0.0 0.0 0.0 0.0 0.4354633519826435 0.2078748815195947 0.42634727414294576 0.3570325560869513 0.0 0.0 0.0 0.0 0.0 0.0 0.0 0.0 0.0 0.0 0.0 0.38053273754923805
a1rhjj60p0jwi3
there are so that she could be having that if we are not be spokesman ferocious and come to destroy the government
0.0 0.0 0.04908519589596184 0.0 0.0 0.0 0.1098249476599818 0.13722307206040044 0.0 0.0 0.09730124946533471 0.0 0.0 0.0 0.04518022908192236 0.0 0.0 0.0 0.0 0.0 0.0 0.13920035056346775 0.19146695944116604 0.0 0.01938548144679788 0.0 0.0 0.0 0.0 0.0 0.0 0.1361306539038479 0.1606476313386058 0.0 0.19516572235992277 0.0 0.0 0.0 0.0 0.0 0.0 0.13018113648740773 0.0 0.0 0.0 0.0 0.19950526403168525 0.0 0.0 0.0 0.0 0.0 0.0 0.0 0.0 0.0 0.0 0.0 0.3875884310390416 0.0 0.0 0.18812219538338174 0.19601599056751082 0.24506596667862574 0.282925472266585 0.29031269633466567 0.0 0.0 0.0 0.0 0.0 0.0
