pakistan military sources have declared this a serious incident the defense in termed as an of grave concern pakistani pakistans that is felonious today itself start for well beings people army resources crucial thisa transgression we should working being everyone stated was major
pakistan military sources have declared this a serious incident
0.2619648318004001 0.5253019968417905 0.5726576642403841 0.2542188919987144 0.6127426563726349 0.19038898703866888 0.1575425941301937 0.7118535496287584 0.5146366217496835 0.0 0.0 0.0 0.0 0.0 0.0 0.0 0.0 0.0 0.0 0.0 0.0 0.0 0.0 0.0 0.0 0.0 0.0 0.0 0.0 0.0 0.0 0.0 0.0 0.0 0.0 0.0 0.0 0.0 0.0 0.0 0.0 0.0 0.0
the defense sources in pakistan have termed this as an incident of grave concern
0.1684059633002572 0.0 0.36813706986881833 0.1634264305706021 0.0 0.12239292023914428 0.0 0.0 0.3308378282676537 0.030462899416396665 0.4032768655446475 0.07355933588976293 0.5267332837800379 0.18823580507379603 0.21074037612682783 0.05999584161412987 0.4917655534001303 0.47536737899695175 0.0 0.0 0.0 0.0 0.0 0.0 0.0 0.0 0.0 0.0 0.0 0.0 0.0 0.0 0.0 0.0 0.0 0.0 0.0 0.0 0.0 0.0 0.0 0.0 0.0
the military sources in pakistan have termed the incident as serious
0.21433486238214552 0.4297925428705558 0.4685380889239506 0.2079972752716754 0.0 0.0 0.0 0.5824256315144386 0.4210663268861046 0.07754192578719152 0.0 0.09362097295060737 0.6703878157200482 0.23957284282119495 0.0 0.0 0.0 0.0 0.0 0.0 0.0 0.0 0.0 0.0 0.0 0.0 0.0 0.0 0.0 0.0 0.0 0.0 0.0 0.0 0.0 0.0 0.0 0.0 0.0 0.0 0.0 0.0 0.0
pakistani military sources termed this incident as serious
0.0 0.5909647464470142 0.6442398722704321 0.0 0.0 0.21418761041850248 0.0 0.8008352433323531 0.5789661994683939 0.0 0.0 0.0 0.9217832466150663 0.32941265887914306 0.0 0.0 0.0 0.0 0.4600171453650563 0.0 0.0 0.0 0.0 0.0 0.0 0.0 0.0 0.0 0.0 0.0 0.0 0.0 0.0 0.0 0.0 0.0 0.0 0.0 0.0 0.0 0.0 0.0 0.0
a2xknsbfsj3hso
pakistans military sources have declared that this is a grave incident
0.0 0.4297925428705558 0.4685380889239506 0.2079972752716754 0.5013349006685195 0.15577280757709272 0.12889848610652213 0.0 0.4210663268861046 0.0 0.0 0.0 0.0 0.0 0.0 0.0 0.6258834316001658 0.0 0.0 0.4587004903202931 0.1098249476599818 0.11880141080314784 0.0 0.0 0.0 0.0 0.0 0.0 0.0 0.0 0.0 0.0 0.0 0.0 0.0 0.0 0.0 0.0 0.0 0.0 0.0 0.0 0.0
a1wyssw33m2fz2
pakistan military sources have declared this incident felonious
0.2947104357754501 0.5909647464470142 0.6442398722704321 0.2859962534985537 0.6893354884192143 0.21418761041850248 0.0 0.0 0.5789661994683939 0.0 0.0 0.0 0.0 0.0 0.0 0.0 0.0 0.0 0.0 0.0 0.0 0.0 1.116551323870885 0.0 0.0 0.0 0.0 0.0 0.0 0.0 0.0 0.0 0.0 0.0 0.0 0.0 0.0 0.0 0.0 0.0 0.0 0.0 0.0
a172x4w90uost1
today itself start for the well beings of the people
0.0 0.0 0.0 0.0 0.0 0.0 0.0 0.0 0.0 0.08529611836591067 0.0 0.0 0.0 0.0 0.0 0.08399417825978182 0.0 0.0 0.0 0.0 0.0 0.0 0.0 0.4261920938858347 0.5391451266929767 0.5506520596714554 0.1930709699142415 0.44927048447065204 0.6329720905522696 0.27068625525065537 0.0 0.0 0.0 0.0 0.0 0.0 0.0 0.0 0.0 0.0 0.0 0.0 0.0
a8v7wa74iohz9
pakistan army resources declared this incident as crucial
0.2947104357754501 0.0 0.0 0.0 0.6893354884192143 0.21418761041850248 0.0 0.0 0.5789661994683939 0.0 0.0 0.0 0.0 0.32941265887914306 0.0 0.0 0.0 0.0 0.0 0.0 0.0 0.0 0.0 0.0 0.0 0.0 0.0 0.0 0.0 0.0 0.4446415229103644 0.791215113190337 1.2031947214408782 0.0 0.0 0.0 0.0 0.0 0.0 0.0 0.0 0.0 0.0
a2dwqf4zhhblow
pakistans military sources have declared thisa grave incident
0.0 0.5909647464470142 0.6442398722704321 0.2859962534985537 0.6893354884192143 0.0 0.0 0.0 0.5789661994683939 0.0 0.0 0.0 0.0 0.0 0.0 0.0 0.860589718450228 0.0 0.0 0.630713174190403 0.0 0.0 0.0 0.0 0.0 0.0 0.0 0.0 0.0 0.0 0.0 0.0 0.0 1.2898381190108714 0.0 0.0 0.0 0.0 0.0 0.0 0.0 0.0 0.0
a1dndzlo2d5d48
pakistans military sources have declared that this is a grave incident
0.0 0.4297925428705558 0.4685380889239506 0.2079972752716754 0.5013349006685195 0.15577280757709272 0.12889848610652213 0.0 0.4210663268861046 0.0 0.0 0.0 0.0 0.0 0.0 0.0 0.6258834316001658 0.0 0.0 0.4587004903202931 0.1098249476599818 0.11880141080314784 0.0 0.0 0.0 0.0 0.0 0.0 0.0 0.0 0.0 0.0 0.0 0.0 0.0 0.0 0.0 0.0 0.0 0.0 0.0 0.0 0.0
al2rcq9eyun61
pakistans military sources have declared that this is a grave transgression
0.0 0.4297925428705558 0.4685380889239506 0.2079972752716754 0.5013349006685195 0.15577280757709272 0.12889848610652213 0.0 0.0 0.0 0.0 0.0 0.0 0.0 0.0 0.0 0.6258834316001658 0.0 0.0 0.4587004903202931 0.1098249476599818 0.11880141080314784 0.0 0.0 0.0 0.0 0.0 0.0 0.0 0.0 0.0 0.0 0.0 0.0 0.938064086553361 0.0 0.0 0.0 0.0 0.0 0.0 0.0 0.0
a2rcbwy8ulhnj0
pakistan military sources have declared this incident felonious
0.2947104357754501 0.5909647464470142 0.6442398722704321 0.2859962534985537 0.6893354884192143 0.21418761041850248 0.0 0.0 0.5789661994683939 0.0 0.0 0.0 0.0 0.0 0.0 0.0 0.0 0.0 0.0 0.0 0.0 0.0 1.116551323870885 0.0 0.0 0.0 0.0 0.0 0.0 0.0 0.0 0.0 0.0 0.0 0.0 0.0 0.0 0.0 0.0 0.0 0.0 0.0 0.0
a6tw9zegog7ph
pakistan military sources have declared this incident felonious
0.2947104357754501 0.5909647464470142 0.6442398722704321 0.2859962534985537 0.6893354884192143 0.21418761041850248 0.0 0.0 0.5789661994683939 0.0 0.0 0.0 0.0 0.0 0.0 0.0 0.0 0.0 0.0 0.0 0.0 0.0 1.116551323870885 0.0 0.0 0.0 0.0 0.0 0.0 0.0 0.0 0.0 0.0 0.0 0.0 0.0 0.0 0.0 0.0 0.0 0.0 0.0 0.0
a2qxd8jqk5bvez
pakistan military sources have declared this incident felonious
0.2947104357754501 0.5909647464470142 0.6442398722704321 0.2859962534985537 0.6893354884192143 0.21418761041850248 0.0 0.0 0.5789661994683939 0.0 0.0 0.0 0.0 0.0 0.0 0.0 0.0 0.0 0.0 0.0 0.0 0.0 1.116551323870885 0.0 0.0 0.0 0.0 0.0 0.0 0.0 0.0 0.0 0.0 0.0 0.0 0.0 0.0 0.0 0.0 0.0 0.0 0.0 0.0
a3l62wt9zlhu7v
today itself start for the well beings of the people
0.0 0.0 0.0 0.0 0.0 0.0 0.0 0.0 0.0 0.08529611836591067 0.0 0.0 0.0 0.0 0.0 0.08399417825978182 0.0 0.0 0.0 0.0 0.0 0.0 0.0 0.4261920938858347 0.5391451266929767 0.5506520596714554 0.1930709699142415 0.44927048447065204 0.6329720905522696 0.27068625525065537 0.0 0.0 0.0 0.0 0.0 0.0 0.0 0.0 0.0 0.0 0.0 0.0 0.0
a143awku99stc9
today we should start working for the well being of everyone
0.0 0.0 0.0 0.0 0.0 0.0 0.0 0.0 0.0 0.03877096289359576 0.0 0.0 0.0 0.0 0.0 0.07635834387252893 0.0 0.0 0.0 0.0 0.0 0.0 0.0 0.3874473580780315 0.0 0.5005927815195048 0.17551906355840138 0.4084277131551382 0.0 0.0 0.0 0.0 0.0 0.0 0.0 0.2784007011269355 0.2722013611580399 0.49626295888411803 0.3323247505541971 0.5279859495972837 0.0 0.0 0.0
a2eldzaxlm8quo
today itself start for the well beings of the people
0.0 0.0 0.0 0.0 0.0 0.0 0.0 0.0 0.0 0.08529611836591067 0.0 0.0 0.0 0.0 0.0 0.08399417825978182 0.0 0.0 0.0 0.0 0.0 0.0 0.0 0.4261920938858347 0.5391451266929767 0.5506520596714554 0.1930709699142415 0.44927048447065204 0.6329720905522696 0.27068625525065537 0.0 0.0 0.0 0.0 0.0 0.0 0.0 0.0 0.0 0.0 0.0 0.0 0.0
a3ohqrf1mdq99b
pakistan army sources stated that this was a major incident
0.23576834862036006 0.0 0.5153918978163456 0.0 0.0 0.17135008833480198 0.14178833471717434 0.0 0.4631729595747151 0.0 0.0 0.0 0.0 0.0 0.0 0.0 0.0 0.0 0.0 0.0 0.12080744242597999 0.0 0.0 0.0 0.0 0.0 0.0 0.0 0.0 0.0 0.3557132183282915 0.0 0.0 0.0 0.0 0.0 0.0 0.0 0.0 0.0 0.5200711139670215 0.21978189309941323 0.598797161180064
