some things are highlighted and certain news items given less significance which is to be importance made important what has marginalized such as should not thing piece of prominent considered insignificant pointed out highlight in the expressed tone establishes whish it sometimes difficult decide
some things are highlighted and certain news items are given less significance
0.3313819611138183 0.45173876267800495 0.3510227589754711 0.6528165251915808 0.08283041998352432 0.5322399432802204 0.3524716730533437 0.8021298142939188 0.3668752407899613 0.44632169348558864 0.6767900312292293 0.0 0.0 0.0 0.0 0.0 0.0 0.0 0.0 0.0 0.0 0.0 0.0 0.0 0.0 0.0 0.0 0.0 0.0 0.0 0.0 0.0 0.0 0.0 0.0 0.0 0.0 0.0 0.0 0.0 0.0 0.0 0.0 0.0
which news is to be given importance and which news is to be made less important
0.0 0.0 0.0 0.0 0.06212281498764324 0.0 0.5287075095800156 0.0 0.27515643059247097 0.33474127011419147 0.0 0.3769418626062713 0.16335193985432828 0.13498428871389506 0.2683528682448938 0.3776274270669322 0.2441804177735671 0.29713653404776735 0.0 0.0 0.0 0.0 0.0 0.0 0.0 0.0 0.0 0.0 0.0 0.0 0.0 0.0 0.0 0.0 0.0 0.0 0.0 0.0 0.0 0.0 0.0 0.0 0.0 0.0
what has to be highlighted and what has to be marginalized
0.0 0.0 0.0 0.7121634820271792 0.09036045816384472 0.0 0.0 0.0 0.0 0.0 0.0 0.0 0.0 0.19634078358384735 0.39033144471984554 0.0 0.0 0.0 0.5604301107877503 0.37323593053294973 0.8750507065024569 0.0 0.0 0.0 0.0 0.0 0.0 0.0 0.0 0.0 0.0 0.0 0.0 0.0 0.0 0.0 0.0 0.0 0.0 0.0 0.0 0.0 0.0 0.0
such as what news should be highlighted and what should not
0.0 0.0 0.0 0.7121634820271792 0.09036045816384472 0.0 0.38451455242182947 0.0 0.0 0.0 0.0 0.0 0.0 0.0 0.19516572235992277 0.0 0.0 0.0 0.5604301107877503 0.0 0.0 0.35836163674439486 0.23957284282119495 0.5444027223160798 0.19460249893066942 0.0 0.0 0.0 0.0 0.0 0.0 0.0 0.0 0.0 0.0 0.0 0.0 0.0 0.0 0.0 0.0 0.0 0.0 0.0
a3dd3acpmvdvca
which thing should be highlighted and which piece of news should be given less importance
0.0 0.0 0.0 0.5222532201532647 0.06626433598681945 0.0 0.281977338442675 0.0 0.293500192631969 0.3570573547884709 0.0 0.40207132011335606 0.0 0.0 0.28624305946122003 0.40280258887139436 0.0 0.0 0.0 0.0 0.0 0.0 0.0 0.39922866303179183 0.0 0.35125659632249556 0.5414320249833834 0.05599611883985455 0.0 0.0 0.0 0.0 0.0 0.0 0.0 0.0 0.0 0.0 0.0 0.0 0.0 0.0 0.0 0.0
a2xknsbfsj3hso
which news to be made prominent and which news to be considered as insignificant
0.0 0.0 0.0 0.0 0.07099750284302085 0.0 0.6042371538057321 0.0 0.0 0.0 0.0 0.43079070012145293 0.0 0.15426775853016578 0.3066889922798786 0.0 0.2790633345983624 0.0 0.0 0.0 0.0 0.0 0.18823580507379603 0.0 0.0 0.0 0.0 0.0 0.5801057410536251 0.4059982831326668 0.6220905028323479 0.0 0.0 0.0 0.0 0.0 0.0 0.0 0.0 0.0 0.0 0.0 0.0 0.0
a143bvgouf83je
what should be pointed out and what news should be given less importance
0.0 0.0 0.0 0.0 0.07645884921556091 0.0 0.3253584674338557 0.0 0.33865406842150275 0.41198925552515875 0.0 0.0 0.0 0.0 0.3302804532244847 0.46477221792853196 0.0 0.0 0.47421009374348105 0.0 0.0 0.0 0.0 0.46064845734437515 0.0 0.0 0.0 0.0 0.0 0.0 0.0 0.6559188832968397 0.308228472533389 0.0 0.0 0.0 0.0 0.0 0.0 0.0 0.0 0.0 0.0 0.0
a8v7wa74iohz9
what to highlight and which news is given less importance
0.0 0.0 0.0 0.0 0.09939650398022919 0.0 0.42296600766401243 0.0 0.44025028894795354 0.5355860321827064 0.0 0.3015534900850171 0.13068155188346262 0.10798743097111604 0.0 0.6042038833070915 0.0 0.0 0.3082365609332627 0.0 0.0 0.0 0.0 0.0 0.0 0.0 0.0 0.0 0.0 0.0 0.0 0.0 0.0 0.870926703965287 0.0 0.0 0.0 0.0 0.0 0.0 0.0 0.0 0.0 0.0
a6tw9zegog7ph
which thing should be highlighted and which piece of news should be given less importance
0.0 0.0 0.0 0.5222532201532647 0.06626433598681945 0.0 0.281977338442675 0.0 0.293500192631969 0.3570573547884709 0.0 0.40207132011335606 0.0 0.0 0.28624305946122003 0.40280258887139436 0.0 0.0 0.0 0.0 0.0 0.0 0.0 0.39922866303179183 0.0 0.35125659632249556 0.5414320249833834 0.05599611883985455 0.0 0.0 0.0 0.0 0.0 0.0 0.0 0.0 0.0 0.0 0.0 0.0 0.0 0.0 0.0 0.0
a3c1u2evw0nuff
in the news what should be highlighted and what should be given less importance
0.0 0.0 0.0 0.5595570215927836 0.07099750284302085 0.0 0.30211857690286603 0.0 0.3144644921056811 0.38256145155907595 0.0 0.0 0.0 0.0 0.3066889922798786 0.4315742023622082 0.0 0.0 0.44033794419037525 0.0 0.0 0.0 0.0 0.4277449961054912 0.0 0.0 0.0 0.0 0.0 0.0 0.0 0.0 0.0 0.0 0.07355933588976293 0.030462899416396665 0.0 0.0 0.0 0.0 0.0 0.0 0.0 0.0
a2rcbwy8ulhnj0
which thing should be highlighted and which piece of news should be expressed as less important
0.0 0.0 0.0 0.48961239389368566 0.06212281498764324 0.0 0.2643537547900078 0.0 0.0 0.33474127011419147 0.0 0.3769418626062713 0.0 0.0 0.2683528682448938 0.0 0.0 0.29713653404776735 0.0 0.0 0.0 0.0 0.16470632943957153 0.3742768715923048 0.0 0.3293030590523396 0.507592523421922 0.05249636141236364 0.0 0.0 0.0 0.0 0.0 0.0 0.0 0.0 0.3277206960533215 0.0 0.0 0.0 0.0 0.0 0.0 0.0
a2rcbwy8ulhnj0
which news to be made prominent and which news to be considered as insignificant
0.0 0.0 0.0 0.0 0.07099750284302085 0.0 0.6042371538057321 0.0 0.0 0.0 0.0 0.43079070012145293 0.0 0.15426775853016578 0.3066889922798786 0.0 0.2790633345983624 0.0 0.0 0.0 0.0 0.0 0.18823580507379603 0.0 0.0 0.0 0.0 0.0 0.5801057410536251 0.4059982831326668 0.6220905028323479 0.0 0.0 0.0 0.0 0.0 0.0 0.0 0.0 0.0 0.0 0.0 0.0 0.0
a6tw9zegog7ph
which news to be made prominent and which news to be considered as insignificant
0.0 0.0 0.0 0.0 0.07099750284302085 0.0 0.6042371538057321 0.0 0.0 0.0 0.0 0.43079070012145293 0.0 0.15426775853016578 0.3066889922798786 0.0 0.2790633345983624 0.0 0.0 0.0 0.0 0.0 0.18823580507379603 0.0 0.0 0.0 0.0 0.0 0.5801057410536251 0.4059982831326668 0.6220905028323479 0.0 0.0 0.0 0.0 0.0 0.0 0.0 0.0 0.0 0.0 0.0 0.0 0.0
a143awku99stc9
the tone establishes whish news is important and what is insignificant
0.0 0.0 0.0 0.0 0.09036045816384472 0.0 0.38451455242182947 0.0 0.0 0.0 0.0 0.0 0.23760282160629567 0.0 0.0 0.0 0.0 0.4321985949785707 0.28021505539387515 0.0 0.0 0.0 0.0 0.0 0.0 0.0 0.0 0.0 0.0 0.0 0.7917515490593519 0.0 0.0 0.0 0.0 0.03877096289359576 0.0 0.7200736072080546 0.938064086553361 0.938064086553361 0.0 0.0 0.0 0.0
ayeowkx2r19vz
it is sometimes difficult to decide what should be highlighted and what news should be given less importance
0.0 0.0 0.0 0.43521101679438723 0.05522027998901621 0.0 0.2349811153688958 0.0 0.2445834938599742 0.2975477956570591 0.0 0.0 0.07260086215747924 0.059993017206175586 0.23853588288435004 0.3356688240594953 0.0 0.0 0.3424850677036252 0.0 0.0 0.0 0.0 0.33269055252649316 0.0 0.0 0.0 0.0 0.0 0.0 0.0 0.0 0.0 0.0 0.0 0.0 0.0 0.0 0.0 0.0 0.11250863539036808 0.3072896227391625 0.3168658019580951 0.38430597613471196
a1395pss402i1j
what should be pointed out and what news should be given less importance
0.0 0.0 0.0 0.0 0.07645884921556091 0.0 0.3253584674338557 0.0 0.33865406842150275 0.41198925552515875 0.0 0.0 0.0 0.0 0.3302804532244847 0.46477221792853196 0.0 0.0 0.47421009374348105 0.0 0.0 0.0 0.0 0.46064845734437515 0.0 0.0 0.0 0.0 0.0 0.0 0.0 0.6559188832968397 0.308228472533389 0.0 0.0 0.0 0.0 0.0 0.0 0.0 0.0 0.0 0.0 0.0
a230hf2okthmdz
what should be pointed out and what news should be given less importance
0.0 0.0 0.0 0.0 0.07645884921556091 0.0 0.3253584674338557 0.0 0.33865406842150275 0.41198925552515875 0.0 0.0 0.0 0.0 0.3302804532244847 0.46477221792853196 0.0 0.0 0.47421009374348105 0.0 0.0 0.0 0.0 0.46064845734437515 0.0 0.0 0.0 0.0 0.0 0.0 0.0 0.6559188832968397 0.308228472533389 0.0 0.0 0.0 0.0 0.0 0.0 0.0 0.0 0.0 0.0 0.0
ao86wz7i0vqzc
what to highlight and which news is given less importance
0.0 0.0 0.0 0.0 0.09939650398022919 0.0 0.42296600766401243 0.0 0.44025028894795354 0.5355860321827064 0.0 0.3015534900850171 0.13068155188346262 0.10798743097111604 0.0 0.6042038833070915 0.0 0.0 0.3082365609332627 0.0 0.0 0.0 0.0 0.0 0.0 0.0 0.0 0.0 0.0 0.0 0.0 0.0 0.0 0.870926703965287 0.0 0.0 0.0 0.0 0.0 0.0 0.0 0.0 0.0 0.0
