the heavenly swat is also called switzerland of pakistan paradise like sawat pakistans there are enough opportunities in fields counseling and psychotherapy paradiselike heaven known as scenic valley paradisical ares on earth plenty
the heavenly swat is also called the switzerland of pakistan
0.08529611836591067 0.9220092663418861 0.46249728132842705 0.13068155188346262 0.2759145456079271 0.4793252012955187 0.7679647622471711 0.08399417825978182 0.23576834862036006 0.0 0.0 0.0 0.0 0.0 0.0 0.0 0.0 0.0 0.0 0.0 0.0 0.0 0.0 0.0 0.0 0.0 0.0 0.0 0.0 0.0 0.0 0.0 0.0
the paradise like sawat is also called pakistans switzerland
0.04738673242550592 0.0 0.0 0.14520172431495848 0.3065717173421412 0.5325835569950208 0.8532941802746347 0.0 0.0 1.1465227724541078 0.41958144350890736 0.7686119522694239 0.5606339326136915 0.0 0.0 0.0 0.0 0.0 0.0 0.0 0.0 0.0 0.0 0.0 0.0 0.0 0.0 0.0 0.0 0.0 0.0 0.0 0.0
the heavenly swat is also called the switzerland of pakistan
0.08529611836591067 0.9220092663418861 0.46249728132842705 0.13068155188346262 0.2759145456079271 0.4793252012955187 0.7679647622471711 0.08399417825978182 0.23576834862036006 0.0 0.0 0.0 0.0 0.0 0.0 0.0 0.0 0.0 0.0 0.0 0.0 0.0 0.0 0.0 0.0 0.0 0.0 0.0 0.0 0.0 0.0 0.0 0.0
heavenly swat is called the switzerland of pakistan
0.05331007397869417 1.1525115829273576 0.5781216016605338 0.16335193985432828 0.0 0.5991565016193984 0.959955952808964 0.10499272282472728 0.2947104357754501 0.0 0.0 0.0 0.0 0.0 0.0 0.0 0.0 0.0 0.0 0.0 0.0 0.0 0.0 0.0 0.0 0.0 0.0 0.0 0.0 0.0 0.0 0.0 0.0
a172x4w90uost1
there are enough opportunities in the fields of counseling and psychotherapy
0.03877096289359576 0.0 0.0 0.0 0.0 0.0 0.0 0.07635834387252893 0.0 0.0 0.0 0.0 0.0 0.26036227297481546 0.19146695944116604 0.5518372463670557 0.6027114089066395 0.09362097295060737 0.6981497838610647 0.7490239464006486 0.09036045816384472 0.7490239464006486 0.0 0.0 0.0 0.0 0.0 0.0 0.0 0.0 0.0 0.0 0.0
a3dd3acpmvdvca
paradiselike swat is also called the switzerland of pakistan
0.04738673242550592 0.0 0.5138858681426968 0.14520172431495848 0.3065717173421412 0.5325835569950208 0.8532941802746347 0.09332686473309092 0.2619648318004001 0.0 0.0 0.0 0.0 0.0 0.0 0.0 0.0 0.0 0.0 0.0 0.0 0.0 1.0244547403798734 0.0 0.0 0.0 0.0 0.0 0.0 0.0 0.0 0.0 0.0
alzgu09bjzsiw
heaven like swat of pakistan is also known as switzerland
0.0 0.0 0.46249728132842705 0.13068155188346262 0.2759145456079271 0.0 0.7679647622471711 0.08399417825978182 0.23576834862036006 0.0 0.3776232991580166 0.0 0.0 0.0 0.0 0.0 0.0 0.0 0.0 0.0 0.0 0.0 0.0 0.870926703965287 0.5268848944837433 0.26353012710331447 0.0 0.0 0.0 0.0 0.0 0.0 0.0
a132zmwemnnusa
the scenic swat valley is also called the switzerland of pakistan
0.07754192578719152 0.0 0.4204520739349337 0.11880141080314784 0.2508314050981155 0.4357501829959261 0.6981497838610647 0.07635834387252893 0.21433486238214552 0.0 0.0 0.0 0.0 0.0 0.0 0.0 0.0 0.0 0.0 0.0 0.0 0.0 0.0 0.0 0.0 0.0 0.8750507065024569 0.6351364038101607 0.0 0.0 0.0 0.0 0.0
au2ar4vob7vlv
paradisical swat is also called the switzerland of pakistan
0.04738673242550592 0.0 0.5138858681426968 0.14520172431495848 0.3065717173421412 0.5325835569950208 0.8532941802746347 0.09332686473309092 0.2619648318004001 0.0 0.0 0.0 0.0 0.0 0.0 0.0 0.0 0.0 0.0 0.0 0.0 0.0 0.0 0.0 0.0 0.0 0.0 0.0 1.1465227724541078 0.0 0.0 0.0 0.0
a2eldzaxlm8quo
paradiselike swat is also called the switzerland of pakistan
0.04738673242550592 0.0 0.5138858681426968 0.14520172431495848 0.3065717173421412 0.5325835569950208 0.8532941802746347 0.09332686473309092 0.2619648318004001 0.0 0.0 0.0 0.0 0.0 0.0 0.0 0.0 0.0 0.0 0.0 0.0 0.0 1.0244547403798734 0.0 0.0 0.0 0.0 0.0 0.0 0.0 0.0 0.0 0.0
a1c0lbe9vl3ax
paradiselike swat is also called the switzerland of pakistan
0.04738673242550592 0.0 0.5138858681426968 0.14520172431495848 0.3065717173421412 0.5325835569950208 0.8532941802746347 0.09332686473309092 0.2619648318004001 0.0 0.0 0.0 0.0 0.0 0.0 0.0 0.0 0.0 0.0 0.0 0.0 0.0 1.0244547403798734 0.0 0.0 0.0 0.0 0.0 0.0 0.0 0.0 0.0 0.0
a39fzdwoczv0rm
the swat ares of pakistan is like heaven on earth and is also known as switzerland
0.026655036989347083 0.0 0.2890608008302669 0.16335193985432828 0.17244659100495444 0.0 0.479977976404482 0.05249636141236364 0.14735521788772504 0.0 0.2360145619737604 0.0 0.0 0.0 0.0 0.0 0.0 0.0 0.0 0.0 0.06212281498764324 0.0 0.0 0.5443291899783044 0.3293030590523396 0.16470632943957153 0.0 0.0 0.0 0.6449190595054357 0.1170629851484877 0.43665627761948544 0.0
a28bkewmh007rw
heaven like swat of pakistan is also known as switzerland
0.0 0.0 0.46249728132842705 0.13068155188346262 0.2759145456079271 0.0 0.7679647622471711 0.08399417825978182 0.23576834862036006 0.0 0.3776232991580166 0.0 0.0 0.0 0.0 0.0 0.0 0.0 0.0 0.0 0.0 0.0 0.0 0.870926703965287 0.5268848944837433 0.26353012710331447 0.0 0.0 0.0 0.0 0.0 0.0 0.0
a9x4g4wpj27d6
heaven like swat of pakistan is also known as switzerland
0.0 0.0 0.46249728132842705 0.13068155188346262 0.2759145456079271 0.0 0.7679647622471711 0.08399417825978182 0.23576834862036006 0.0 0.3776232991580166 0.0 0.0 0.0 0.0 0.0 0.0 0.0 0.0 0.0 0.0 0.0 0.0 0.870926703965287 0.5268848944837433 0.26353012710331447 0.0 0.0 0.0 0.0 0.0 0.0 0.0
a3w129h6a0hk4d
there are enough opportunities in the fields of counseling and psychotherapy
0.03877096289359576 0.0 0.0 0.0 0.0 0.0 0.0 0.07635834387252893 0.0 0.0 0.0 0.0 0.0 0.26036227297481546 0.19146695944116604 0.5518372463670557 0.6027114089066395 0.09362097295060737 0.6981497838610647 0.7490239464006486 0.09036045816384472 0.7490239464006486 0.0 0.0 0.0 0.0 0.0 0.0 0.0 0.0 0.0 0.0 0.0
a6tw9zegog7ph
there are enough opportunities in the fields of counseling and psychotherapy
0.03877096289359576 0.0 0.0 0.0 0.0 0.0 0.0 0.07635834387252893 0.0 0.0 0.0 0.0 0.0 0.26036227297481546 0.19146695944116604 0.5518372463670557 0.6027114089066395 0.09362097295060737 0.6981497838610647 0.7490239464006486 0.09036045816384472 0.7490239464006486 0.0 0.0 0.0 0.0 0.0 0.0 0.0 0.0 0.0 0.0 0.0
a3odrygim0wb3t
there are plenty of opportunities in the fields of counseling and psychotherapy
0.03554004931912944 0.0 0.0 0.0 0.0 0.0 0.0 0.13999029709963637 0.0 0.0 0.0 0.0 0.0 0.2386654168935808 0.17551137948773554 0.0 0.5524854581644195 0.08581922520472342 0.639970635205976 0.6866052842005946 0.08283041998352432 0.6866052842005946 0.0 0.0 0.0 0.0 0.0 0.0 0.0 0.0 0.0 0.0 0.6528165251915808
a290hg650rgy73
the scenic swat valley is also called the switzerland of pakistan
0.07754192578719152 0.0 0.4204520739349337 0.11880141080314784 0.2508314050981155 0.4357501829959261 0.6981497838610647 0.07635834387252893 0.21433486238214552 0.0 0.0 0.0 0.0 0.0 0.0 0.0 0.0 0.0 0.0 0.0 0.0 0.0 0.0 0.0 0.0 0.0 0.8750507065024569 0.6351364038101607 0.0 0.0 0.0 0.0 0.0
