should it have happened been be there this the topic supposed to had supposedly was meant is
should it have happened
0.7485537431846097 0.5062888592566563 0.5719925069971074 1.3093251467756268 0.0 0.0 0.0 0.0 0.0 0.0 0.0 0.0 0.0 0.0 0.0 0.0 0.0
should have been
0.9980716575794796 0.0 0.7626566759961432 0.0 0.9815676975789368 0.0 0.0 0.0 0.0 0.0 0.0 0.0 0.0 0.0 0.0 0.0 0.0
should have been
0.9980716575794796 0.0 0.7626566759961432 0.0 0.9815676975789368 0.0 0.0 0.0 0.0 0.0 0.0 0.0 0.0 0.0 0.0 0.0 0.0
it should be there
0.7485537431846097 0.5062888592566563 0.0 0.0 0.0 0.5367057364897876 0.7159962506807425 0.0 0.0 0.0 0.0 0.0 0.0 0.0 0.0 0.0 0.0
a3sw1e5d0b9v9a
this should have been the topic
0.4990358287897398 0.0 0.3813283379980716 0.0 0.4907838487894684 0.0 0.0 0.2855834805580033 0.07108009863825888 1.1135197987267642 0.0 0.0 0.0 0.0 0.0 0.0 0.0
a3bz8b0jpubzqq
supposed to be
0.0 0.0 0.0 0.0 0.0 0.7156076486530502 0.0 0.0 0.0 0.0 2.559882540823904 0.3599581032370535 0.0 0.0 0.0 0.0 0.0
a143bvgouf83je
should have been
0.9980716575794796 0.0 0.7626566759961432 0.0 0.9815676975789368 0.0 0.0 0.0 0.0 0.0 0.0 0.0 0.0 0.0 0.0 0.0 0.0
a2i57ww1b3evwx
should had be
0.9980716575794796 0.0 0.0 0.0 0.0 0.7156076486530502 0.0 0.0 0.0 0.0 0.0 0.0 1.15373029651386 0.0 0.0 0.0 0.0
a2mrhza4l9w9cl
this should have been the topic
0.4990358287897398 0.0 0.3813283379980716 0.0 0.4907838487894684 0.0 0.0 0.2855834805580033 0.07108009863825888 1.1135197987267642 0.0 0.0 0.0 0.0 0.0 0.0 0.0
a1g9f1kosfkijh
this should have been the topic
0.4990358287897398 0.0 0.3813283379980716 0.0 0.4907838487894684 0.0 0.0 0.2855834805580033 0.07108009863825888 1.1135197987267642 0.0 0.0 0.0 0.0 0.0 0.0 0.0
ajfwu2g6a1bhs
this should have been the topic
0.4990358287897398 0.0 0.3813283379980716 0.0 0.4907838487894684 0.0 0.0 0.2855834805580033 0.07108009863825888 1.1135197987267642 0.0 0.0 0.0 0.0 0.0 0.0 0.0
a3qu3km3iywhif
supposedly
0.0 0.0 0.0 0.0 0.0 0.0 0.0 0.0 0.0 0.0 0.0 0.0 0.0 8.93241059096708 0.0 0.0 0.0
a330jjzgjl7ig2
it was meant to be
0.0 0.40503108740532506 0.0 0.0 0.0 0.42936458919183007 0.0 0.0 0.0 0.0 0.0 0.2159748619422321 0.0 0.0 0.43956378619882647 1.741853407930574 0.0
a19b522xqflysa
it is supposed to be
0.0 0.40503108740532506 0.0 0.0 0.0 0.42936458919183007 0.0 0.0 0.0 0.0 1.5359295244943423 0.2159748619422321 0.0 0.0 0.0 0.0 0.26136310376692523
a87c5tu9lryej
should have been
0.9980716575794796 0.0 0.7626566759961432 0.0 0.9815676975789368 0.0 0.0 0.0 0.0 0.0 0.0 0.0 0.0 0.0 0.0 0.0 0.0
a227cwgbxgw4yh
should have been
0.9980716575794796 0.0 0.7626566759961432 0.0 0.9815676975789368 0.0 0.0 0.0 0.0 0.0 0.0 0.0 0.0 0.0 0.0 0.0 0.0
au2ar4vob7vlv
it should have been
0.7485537431846097 0.5062888592566563 0.5719925069971074 0.0 0.7361757731842026 0.0 0.0 0.0 0.0 0.0 0.0 0.0 0.0 0.0 0.0 0.0 0.0
a1i3buq2a7w9zl
should had be
0.9980716575794796 0.0 0.0 0.0 0.0 0.7156076486530502 0.0 0.0 0.0 0.0 0.0 0.0 1.15373029651386 0.0 0.0 0.0 0.0
