americans are quickly rather than gradually strengthening their grip on pakistan the now tightening not slowly but very hold america is capturing at high speed american swiftly there over gripping more day by graduallyusa making its stronger control americas becoming tighter everyday usa united states
americans are quickly rather than gradually strengthening their grip on pakistan
0.5107476896631413 0.19146695944116604 0.6351364038101607 0.4928059229214599 0.3779543300356268 0.7490239464006486 0.7048868722386759 0.27065646361125545 0.6148506264179597 0.17027343294325484 0.21433486238214552 0.0 0.0 0.0 0.0 0.0 0.0 0.0 0.0 0.0 0.0 0.0 0.0 0.0 0.0 0.0 0.0 0.0 0.0 0.0 0.0 0.0 0.0 0.0 0.0 0.0 0.0 0.0 0.0 0.0 0.0 0.0 0.0 0.0 0.0
the americans are now tightening their grip on pakistan not slowly but very quickly
0.4013017561638968 0.1504383252752019 0.4990357458508405 0.0 0.0 0.0 0.0 0.21265864998027212 0.4830969207569683 0.1337862687411288 0.1684059633002572 0.030462899416396665 0.24471880792249157 0.5657721199491857 0.15290196344552598 0.5595570215927836 0.1865458783368927 0.29606563201321673 0.0 0.0 0.0 0.0 0.0 0.0 0.0 0.0 0.0 0.0 0.0 0.0 0.0 0.0 0.0 0.0 0.0 0.0 0.0 0.0 0.0 0.0 0.0 0.0 0.0 0.0 0.0
americans are now strengthening their hold on pakistan not slowly but very quickly
0.43217112202265806 0.1620105041425251 0.5374231109162898 0.0 0.0 0.0 0.5964427380481103 0.22901700767106228 0.0 0.1440775201827541 0.18136026816950773 0.0 0.2635433316088371 0.0 0.16466365294133567 0.6025998694076131 0.20089556128588446 0.31883991139884876 0.540220622006357 0.0 0.0 0.0 0.0 0.0 0.0 0.0 0.0 0.0 0.0 0.0 0.0 0.0 0.0 0.0 0.0 0.0 0.0 0.0 0.0 0.0 0.0 0.0 0.0 0.0 0.0
america is capturing pakistan not slowly but at high speed
0.0 0.0 0.0 0.0 0.0 0.0 0.0 0.0 0.0 0.0 0.23576834862036006 0.0 0.0 0.0 0.21406274882373638 0.7833798302298971 0.26116422967164976 0.0 0.0 0.3074477436483621 0.13068155188346262 0.9625557771527026 0.30975998539044747 0.5159649652872441 0.8526945482858915 0.0 0.0 0.0 0.0 0.0 0.0 0.0 0.0 0.0 0.0 0.0 0.0 0.0 0.0 0.0 0.0 0.0 0.0 0.0 0.0
a3sw1e5d0b9v9a
american are not slowly but now very swiftly tightening there grip over pakistan
0.0 0.1620105041425251 0.0 0.0 0.0 0.0 0.0 0.0 0.5202582223536582 0.0 0.18136026816950773 0.0 0.2635433316088371 0.6092930522529693 0.16466365294133567 0.6025998694076131 0.20089556128588446 0.31883991139884876 0.0 0.0 0.0 0.0 0.0 0.0 0.0 0.2415507283325593 0.6871085069974677 0.22030653867099767 0.2873304407637082 0.0 0.0 0.0 0.0 0.0 0.0 0.0 0.0 0.0 0.0 0.0 0.0 0.0 0.0 0.0 0.0
a353ocl6lm6m4o
america is gripping more on pakistan slowly day by day
0.0 0.0 0.0 0.0 0.0 0.0 0.0 0.0 0.0 0.18730077623758032 0.23576834862036006 0.0 0.0 0.0 0.0 0.7833798302298971 0.0 0.0 0.0 0.3074477436483621 0.13068155188346262 0.0 0.0 0.0 0.0 0.0 0.0 0.0 0.0 0.8526945482858915 0.36216707044204866 0.78368950135563 0.24954592614014479 0.0 0.0 0.0 0.0 0.0 0.0 0.0 0.0 0.0 0.0 0.0 0.0
a2de039cxxjuga
graduallyusa is making its grip stronger on pakistan
0.0 0.0 0.0 0.0 0.0 0.0 0.0 0.0 0.8454196113246946 0.2341259702969754 0.2947104357754501 0.0 0.0 0.0 0.0 0.0 0.0 0.0 0.0 0.0 0.16335193985432828 0.0 0.0 0.0 0.0 0.0 0.0 0.0 0.0 0.0 0.0 0.0 0.0 1.2031947214408782 0.6313558491279553 0.41422787029676383 0.8384733799303433 0.0 0.0 0.0 0.0 0.0 0.0 0.0 0.0
a3u16uhguaktzs
the americans are not slowly but quickly strengthening their control over pakistan
0.4681853821912129 0.17551137948773554 0.5822083701593139 0.0 0.0 0.0 0.6461462995521196 0.24810175831031747 0.0 0.0 0.19647362385030007 0.03554004931912944 0.0 0.0 0.1783856240197803 0.6528165251915808 0.21763685805970814 0.0 0.0 0.0 0.0 0.0 0.0 0.0 0.0 0.0 0.0 0.0 0.31127464416068384 0.0 0.0 0.0 0.0 0.0 0.0 0.0 0.0 0.41390390155090867 0.0 0.0 0.0 0.0 0.0 0.0 0.0
a1h645fgjr2vnq
americans are now not slowly but very swiftly tightening their grip over pakistan
0.43217112202265806 0.1620105041425251 0.0 0.0 0.0 0.0 0.0 0.22901700767106228 0.5202582223536582 0.0 0.18136026816950773 0.0 0.2635433316088371 0.6092930522529693 0.16466365294133567 0.6025998694076131 0.20089556128588446 0.31883991139884876 0.0 0.0 0.0 0.0 0.0 0.0 0.0 0.0 0.6871085069974677 0.0 0.2873304407637082 0.0 0.0 0.0 0.0 0.0 0.0 0.0 0.0 0.0 0.0 0.0 0.0 0.0 0.0 0.0 0.0
a31ikb373dzonk
americans are swiftly tightening their grip over pakistan
0.7022780732868193 0.2632670692316033 0.0 0.0 0.0 0.0 0.0 0.3721526374654762 0.8454196113246946 0.0 0.2947104357754501 0.0 0.0 0.990101209911075 0.0 0.0 0.0 0.0 0.0 0.0 0.0 0.0 0.0 0.0 0.0 0.0 1.116551323870885 0.0 0.46691196624102577 0.0 0.0 0.0 0.0 0.0 0.0 0.0 0.0 0.0 0.0 0.0 0.0 0.0 0.0 0.0 0.0
a6tw9zegog7ph
american are not slowly but now very swiftly tightening their grip on pakistan
0.0 0.1620105041425251 0.0 0.0 0.0 0.0 0.0 0.22901700767106228 0.5202582223536582 0.1440775201827541 0.18136026816950773 0.0 0.2635433316088371 0.6092930522529693 0.16466365294133567 0.6025998694076131 0.20089556128588446 0.31883991139884876 0.0 0.0 0.0 0.0 0.0 0.0 0.0 0.2415507283325593 0.6871085069974677 0.0 0.0 0.0 0.0 0.0 0.0 0.0 0.0 0.0 0.0 0.0 0.0 0.0 0.0 0.0 0.0 0.0 0.0
aesg4iu5tk1ba
america is gripping more on pakistan slowly day by day
0.0 0.0 0.0 0.0 0.0 0.0 0.0 0.0 0.0 0.18730077623758032 0.23576834862036006 0.0 0.0 0.0 0.0 0.7833798302298971 0.0 0.0 0.0 0.3074477436483621 0.13068155188346262 0.0 0.0 0.0 0.0 0.0 0.0 0.0 0.0 0.8526945482858915 0.36216707044204866 0.78368950135563 0.24954592614014479 0.0 0.0 0.0 0.0 0.0 0.0 0.0 0.0 0.0 0.0 0.0 0.0
a2miig4vdudbb6
america is gripping more on pakistan slowly day by day
0.0 0.0 0.0 0.0 0.0 0.0 0.0 0.0 0.0 0.18730077623758032 0.23576834862036006 0.0 0.0 0.0 0.0 0.7833798302298971 0.0 0.0 0.0 0.3074477436483621 0.13068155188346262 0.0 0.0 0.0 0.0 0.0 0.0 0.0 0.0 0.8526945482858915 0.36216707044204866 0.78368950135563 0.24954592614014479 0.0 0.0 0.0 0.0 0.0 0.0 0.0 0.0 0.0 0.0 0.0 0.0
a14wwg6nkbdwgp
americas grip on pakistan is becoming tighter everyday
0.0 0.0 0.0 0.0 0.0 0.0 0.0 0.0 0.8454196113246946 0.2341259702969754 0.2947104357754501 0.0 0.0 0.0 0.0 0.0 0.0 0.0 0.0 0.0 0.16335193985432828 0.0 0.0 0.0 0.0 0.0 0.0 0.0 0.0 0.0 0.0 0.0 0.0 0.0 0.0 0.0 0.0 0.0 0.6862989018480837 0.8168144147710887 1.2898381190108714 0.9217832466150663 0.0 0.0 0.0
a330jjzgjl7ig2
gradually the usa is making its grip on pakistan stronger
0.0 0.0 0.0 0.0 0.0 0.8239263410407135 0.0 0.0 0.6763356890597556 0.18730077623758032 0.23576834862036006 0.042648059182955333 0.0 0.0 0.0 0.0 0.0 0.0 0.0 0.0 0.13068155188346262 0.0 0.0 0.0 0.0 0.0 0.0 0.0 0.0 0.0 0.0 0.0 0.0 0.0 0.5050846793023642 0.33138229623741106 0.6707787039442746 0.0 0.0 0.0 0.0 0.0 0.6241167508181251 0.0 0.0
a3andctf0w1pqd
gradually the united states is strengthening its grip on pakistan
0.0 0.0 0.0 0.0 0.0 0.8239263410407135 0.7753755594625434 0.0 0.6763356890597556 0.18730077623758032 0.23576834862036006 0.042648059182955333 0.0 0.0 0.0 0.0 0.0 0.0 0.0 0.0 0.13068155188346262 0.0 0.0 0.0 0.0 0.0 0.0 0.0 0.0 0.0 0.0 0.0 0.0 0.0 0.0 0.33138229623741106 0.0 0.0 0.0 0.0 0.0 0.0 0.0 0.40327068575781067 0.5005498973045184
a2u5kb76amcgh
graduallyusa is making its grip stronger on pakistan
0.0 0.0 0.0 0.0 0.0 0.0 0.0 0.0 0.8454196113246946 0.2341259702969754 0.2947104357754501 0.0 0.0 0.0 0.0 0.0 0.0 0.0 0.0 0.0 0.16335193985432828 0.0 0.0 0.0 0.0 0.0 0.0 0.0 0.0 0.0 0.0 0.0 0.0 1.2031947214408782 0.6313558491279553 0.41422787029676383 0.8384733799303433 0.0 0.0 0.0 0.0 0.0 0.0 0.0 0.0
a3ohqrf1mdq99b
the americans are not slowly but quickly strengthening their control over pakistan
0.4681853821912129 0.17551137948773554 0.5822083701593139 0.0 0.0 0.0 0.6461462995521196 0.24810175831031747 0.0 0.0 0.19647362385030007 0.03554004931912944 0.0 0.0 0.1783856240197803 0.6528165251915808 0.21763685805970814 0.0 0.0 0.0 0.0 0.0 0.0 0.0 0.0 0.0 0.0 0.0 0.31127464416068384 0.0 0.0 0.0 0.0 0.0 0.0 0.0 0.0 0.41390390155090867 0.0 0.0 0.0 0.0 0.0 0.0 0.0
