as far lashkaretayaba is concerned it has got nothing to do with the recent acts of terrorism lashkaretaiba terrorist activities have no linkages them link connection in terror attacks laskare tayyaba concern involvement incidents laskaray taiba they did not involve this for present way connected lashkr e ongoing linked lashkaretayyaba are involved lashkretaiba
as far as lashkaretayaba is concerned it has got nothing to do with the recent acts of terrorism
0.29281125233701605 0.2647636315091863 0.4158606448905975 0.07260086215747924 0.32265808030945115 0.11250863539036808 0.1140443121072902 0.27236691943791946 0.30327180820696104 0.059993017206175586 0.17987983641089939 0.13057696955968076 0.02369336621275296 0.31741859811660444 0.3349025283854766 0.04666343236654546 0.22180863771843728 0.0 0.0 0.0 0.0 0.0 0.0 0.0 0.0 0.0 0.0 0.0 0.0 0.0 0.0 0.0 0.0 0.0 0.0 0.0 0.0 0.0 0.0 0.0 0.0 0.0 0.0 0.0 0.0 0.0 0.0 0.0 0.0 0.0 0.0 0.0 0.0
as far lashkaretaiba is concerned recent terrorist activities have no linkages with them
0.20271548238716497 0.3665957974742579 0.0 0.10052427067958664 0.44675734196693234 0.0 0.0 0.0 0.0 0.0 0.0 0.18079888092878876 0.0 0.43950267431529844 0.0 0.0 0.0 0.41814638688466155 0.36453654816159603 0.4028692759309621 0.17599769446064842 0.2560344962763915 0.7937465347759208 0.262457705649109 0.0 0.0 0.0 0.0 0.0 0.0 0.0 0.0 0.0 0.0 0.0 0.0 0.0 0.0 0.0 0.0 0.0 0.0 0.0 0.0 0.0 0.0 0.0 0.0 0.0 0.0 0.0 0.0 0.0
as far as lashkaretaiba is concerned it has no link with the recent terrorism
0.37647161014759206 0.3404103833689538 0.0 0.09334396563104473 0.41484610325500865 0.1446539597876161 0.14662840128080168 0.0 0.0 0.0 0.0 0.167884675148161 0.030462899416396665 0.40810962614991997 0.0 0.0 0.28518253420941936 0.3882787878214714 0.0 0.0 0.0 0.23774631797093498 0.0 0.0 0.5485462587479794 0.0 0.0 0.0 0.0 0.0 0.0 0.0 0.0 0.0 0.0 0.0 0.0 0.0 0.0 0.0 0.0 0.0 0.0 0.0 0.0 0.0 0.0 0.0 0.0 0.0 0.0 0.0 0.0
as far as lashkaretaiba is concerned it has no connection in the recent terror attacks
0.35137350280441926 0.31771635781102353 0.0 0.08712103458897508 0.3871896963713414 0.1350103624684417 0.13685317452874823 0.0 0.0 0.0 0.0 0.0 0.028432039455303555 0.3809023177399253 0.0 0.0 0.0 0.36239353530004 0.0 0.0 0.0 0.2218965634395393 0.0 0.0 0.0 0.44718580262951646 0.06865538016377874 0.37764964012862984 0.2172724882530392 0.0 0.0 0.0 0.0 0.0 0.0 0.0 0.0 0.0 0.0 0.0 0.0 0.0 0.0 0.0 0.0 0.0 0.0 0.0 0.0 0.0 0.0 0.0 0.0
a2qlm59qc9g1uf
as far as laskare tayyaba is concern it has no involvement in the recent incidents
0.35137350280441926 0.31771635781102353 0.0 0.08712103458897508 0.0 0.1350103624684417 0.13685317452874823 0.0 0.0 0.0 0.0 0.0 0.028432039455303555 0.3809023177399253 0.0 0.0 0.0 0.0 0.0 0.0 0.0 0.2218965634395393 0.0 0.0 0.0 0.0 0.06865538016377874 0.0 0.0 0.614672844227924 0.4733219418145847 0.44367622039715493 0.43123715669179413 0.37216710024616506 0.0 0.0 0.0 0.0 0.0 0.0 0.0 0.0 0.0 0.0 0.0 0.0 0.0 0.0 0.0 0.0 0.0 0.0 0.0
a1sanjgoj47idf
as far as laskaray taiba has concerned they did not involve to this recent terror
0.35137350280441926 0.31771635781102353 0.0 0.0 0.3871896963713414 0.0 0.13685317452874823 0.0 0.0 0.0719916206474107 0.0 0.0 0.0 0.3809023177399253 0.0 0.0 0.0 0.0 0.0 0.0 0.0 0.0 0.0 0.0 0.0 0.0 0.0 0.37764964012862984 0.0 0.0 0.0 0.0 0.0 0.0 0.5414320249833834 0.43123715669179413 0.17224725053761264 0.2690958803460643 0.14270849921582424 0.52805397861924 0.11423339222320132 0.0 0.0 0.0 0.0 0.0 0.0 0.0 0.0 0.0 0.0 0.0 0.0
a3dd3acpmvdvca
as for lashkaretaiba the present terrorism is in no way connected to it
0.20271548238716497 0.0 0.0 0.10052427067958664 0.0 0.15578118746358657 0.0 0.0 0.0 0.08306725459316619 0.0 0.0 0.0328061993715041 0.0 0.0 0.0 0.30711965222552856 0.41814638688466155 0.0 0.0 0.0 0.2560344962763915 0.0 0.0 0.0 0.0 0.07921774634282162 0.0 0.0 0.0 0.0 0.0 0.0 0.0 0.0 0.0 0.0 0.0 0.0 0.0 0.0 0.1485161307032627 0.3433563869141957 0.3388616881883616 0.5758070467715964 0.0 0.0 0.0 0.0 0.0 0.0 0.0 0.0
a8v7wa74iohz9
as for as lashkr e taiba is concerned ongoing terrorism is not linked to it
0.35137350280441926 0.0 0.0 0.17424206917795015 0.3871896963713414 0.1350103624684417 0.0 0.0 0.0 0.0719916206474107 0.0 0.0 0.0 0.0 0.0 0.0 0.26617036526212473 0.0 0.0 0.0 0.0 0.0 0.0 0.0 0.0 0.0 0.0 0.0 0.0 0.0 0.0 0.0 0.0 0.0 0.0 0.43123715669179413 0.0 0.0 0.14270849921582424 0.0 0.0 0.12871397994282768 0.0 0.0 0.0 0.5492842273604757 0.4548131593746994 0.476043408115935 0.5222532201532647 0.0 0.0 0.0 0.0
a2zhr3rebfem5a
as far as lashkaretayyaba is concerned it has no involvement in the recent incidents
0.37647161014759206 0.3404103833689538 0.0 0.09334396563104473 0.41484610325500865 0.1446539597876161 0.14662840128080168 0.0 0.0 0.0 0.0 0.0 0.030462899416396665 0.40810962614991997 0.0 0.0 0.0 0.0 0.0 0.0 0.0 0.23774631797093498 0.0 0.0 0.0 0.0 0.07355933588976293 0.0 0.0 0.0 0.0 0.0 0.462039810741208 0.39875046454946256 0.0 0.0 0.0 0.0 0.0 0.0 0.0 0.0 0.0 0.0 0.0 0.0 0.0 0.0 0.0 0.5346779720021967 0.0 0.0 0.0
au2ar4vob7vlv
as far as laskare tayyaba is concerned it has no involvement in the recent incidents
0.35137350280441926 0.31771635781102353 0.0 0.08712103458897508 0.3871896963713414 0.1350103624684417 0.13685317452874823 0.0 0.0 0.0 0.0 0.0 0.028432039455303555 0.3809023177399253 0.0 0.0 0.0 0.0 0.0 0.0 0.0 0.2218965634395393 0.0 0.0 0.0 0.0 0.06865538016377874 0.0 0.0 0.614672844227924 0.4733219418145847 0.0 0.43123715669179413 0.37216710024616506 0.0 0.0 0.0 0.0 0.0 0.0 0.0 0.0 0.0 0.0 0.0 0.0 0.0 0.0 0.0 0.0 0.0 0.0 0.0
a3jbnhlk1t5829
as far as laskare tayyaba is concerned it has no involvement in the recent incidents
0.35137350280441926 0.31771635781102353 0.0 0.08712103458897508 0.3871896963713414 0.1350103624684417 0.13685317452874823 0.0 0.0 0.0 0.0 0.0 0.028432039455303555 0.3809023177399253 0.0 0.0 0.0 0.0 0.0 0.0 0.0 0.2218965634395393 0.0 0.0 0.0 0.0 0.06865538016377874 0.0 0.0 0.614672844227924 0.4733219418145847 0.0 0.43123715669179413 0.37216710024616506 0.0 0.0 0.0 0.0 0.0 0.0 0.0 0.0 0.0 0.0 0.0 0.0 0.0 0.0 0.0 0.0 0.0 0.0 0.0
a2xfh4syr81vse
as far as laskaray taiba has concerned they did not involve to this recent terror
0.35137350280441926 0.31771635781102353 0.0 0.0 0.3871896963713414 0.0 0.13685317452874823 0.0 0.0 0.0719916206474107 0.0 0.0 0.0 0.3809023177399253 0.0 0.0 0.0 0.0 0.0 0.0 0.0 0.0 0.0 0.0 0.0 0.0 0.0 0.37764964012862984 0.0 0.0 0.0 0.0 0.0 0.0 0.5414320249833834 0.43123715669179413 0.17224725053761264 0.2690958803460643 0.14270849921582424 0.52805397861924 0.11423339222320132 0.0 0.0 0.0 0.0 0.0 0.0 0.0 0.0 0.0 0.0 0.0 0.0
a230hf2okthmdz
as far as lashkaretaiba is concerned they are not involved in this recent terror
0.37647161014759206 0.3404103833689538 0.0 0.09334396563104473 0.41484610325500865 0.0 0.0 0.0 0.0 0.0 0.0 0.0 0.0 0.40810962614991997 0.0 0.0 0.0 0.3882787878214714 0.0 0.0 0.0 0.0 0.0 0.0 0.0 0.0 0.07355933588976293 0.404624614423532 0.0 0.0 0.0 0.0 0.0 0.0 0.0 0.0 0.18455062557601357 0.0 0.15290196344552598 0.0 0.12239292023914428 0.0 0.0 0.0 0.0 0.0 0.0 0.0 0.0 0.0 0.1504383252752019 0.3618879660028815 0.0
a6tw9zegog7ph
as far as laskaray taiba has concerned they did not involve to this recent terror
0.35137350280441926 0.31771635781102353 0.0 0.0 0.3871896963713414 0.0 0.13685317452874823 0.0 0.0 0.0719916206474107 0.0 0.0 0.0 0.3809023177399253 0.0 0.0 0.0 0.0 0.0 0.0 0.0 0.0 0.0 0.0 0.0 0.0 0.0 0.37764964012862984 0.0 0.0 0.0 0.0 0.0 0.0 0.5414320249833834 0.43123715669179413 0.17224725053761264 0.2690958803460643 0.14270849921582424 0.52805397861924 0.11423339222320132 0.0 0.0 0.0 0.0 0.0 0.0 0.0 0.0 0.0 0.0 0.0 0.0
a2unp2crnrfiw8
as for lashkaretaiba the present terrorism is in no way connected to it
0.20271548238716497 0.0 0.0 0.10052427067958664 0.0 0.15578118746358657 0.0 0.0 0.0 0.08306725459316619 0.0 0.0 0.0328061993715041 0.0 0.0 0.0 0.30711965222552856 0.41814638688466155 0.0 0.0 0.0 0.2560344962763915 0.0 0.0 0.0 0.0 0.07921774634282162 0.0 0.0 0.0 0.0 0.0 0.0 0.0 0.0 0.0 0.0 0.0 0.0 0.0 0.0 0.1485161307032627 0.3433563869141957 0.3388616881883616 0.5758070467715964 0.0 0.0 0.0 0.0 0.0 0.0 0.0 0.0
a2kyfqwkbpwvxn
the present terrorism is in no way connected to lashkaretaiba
0.0 0.0 0.0 0.13068155188346262 0.0 0.0 0.0 0.0 0.0 0.10798743097111604 0.0 0.0 0.042648059182955333 0.0 0.0 0.0 0.3992555478931871 0.54359030295006 0.0 0.0 0.0 0.332844845159309 0.0 0.0 0.0 0.0 0.1029830702456681 0.0 0.0 0.0 0.0 0.0 0.0 0.0 0.0 0.0 0.0 0.0 0.0 0.0 0.0 0.0 0.44636330298845434 0.4405201946448701 0.7485491608030754 0.0 0.0 0.0 0.0 0.0 0.0 0.0 0.0
a2dwqf4zhhblow
as for lashkaretaiba the present terrorism is in no way connected to it
0.20271548238716497 0.0 0.0 0.10052427067958664 0.0 0.15578118746358657 0.0 0.0 0.0 0.08306725459316619 0.0 0.0 0.0328061993715041 0.0 0.0 0.0 0.30711965222552856 0.41814638688466155 0.0 0.0 0.0 0.2560344962763915 0.0 0.0 0.0 0.0 0.07921774634282162 0.0 0.0 0.0 0.0 0.0 0.0 0.0 0.0 0.0 0.0 0.0 0.0 0.0 0.0 0.1485161307032627 0.3433563869141957 0.3388616881883616 0.5758070467715964 0.0 0.0 0.0 0.0 0.0 0.0 0.0 0.0
a3i6odkoktfoow
as far as lashkretaiba is concerned the ongoing terrorism is not linked to it
0.37647161014759206 0.3404103833689538 0.0 0.18668793126208946 0.41484610325500865 0.1446539597876161 0.0 0.0 0.0 0.07713387926508289 0.0 0.0 0.030462899416396665 0.0 0.0 0.0 0.28518253420941936 0.0 0.0 0.0 0.0 0.0 0.0 0.0 0.0 0.0 0.0 0.0 0.0 0.0 0.0 0.0 0.0 0.0 0.0 0.0 0.0 0.0 0.15290196344552598 0.0 0.0 0.0 0.0 0.0 0.0 0.0 0.0 0.5100465086956446 0.5595570215927836 0.0 0.0 0.0 0.737050353720498
