the reason behind this is ignorance for it caused by illiteracy unknowledgeable its lack of knowledge ignorence i dont know why they have no time him but do not unknown their thinking reasonable all
the reason behind this is ignorance
0.07108009863825888 0.8035894544656282 0.8589864963605761 0.2855834805580033 0.2178025864724377 1.2046104164547757 0.0 0.0 0.0 0.0 0.0 0.0 0.0 0.0 0.0 0.0 0.0 0.0 0.0 0.0 0.0 0.0 0.0 0.0 0.0 0.0 0.0 0.0 0.0 0.0 0.0 0.0 0.0 0.0
ignorance is the reason for this
0.07108009863825888 0.8035894544656282 0.0 0.2855834805580033 0.2178025864724377 1.2046104164547757 0.3217849498570692 0.0 0.0 0.0 0.0 0.0 0.0 0.0 0.0 0.0 0.0 0.0 0.0 0.0 0.0 0.0 0.0 0.0 0.0 0.0 0.0 0.0 0.0 0.0 0.0 0.0 0.0 0.0
it is caused by ignorance
0.0 0.0 0.0 0.0 0.26136310376692523 1.4455324997457308 0.0 0.40503108740532506 1.281336389331765 0.49909185228028957 0.0 0.0 0.0 0.0 0.0 0.0 0.0 0.0 0.0 0.0 0.0 0.0 0.0 0.0 0.0 0.0 0.0 0.0 0.0 0.0 0.0 0.0 0.0 0.0
the reason for this is illiteracy
0.07108009863825888 0.8035894544656282 0.0 0.2855834805580033 0.2178025864724377 0.0 0.3217849498570692 0.0 0.0 0.0 1.4211575804764858 0.0 0.0 0.0 0.0 0.0 0.0 0.0 0.0 0.0 0.0 0.0 0.0 0.0 0.0 0.0 0.0 0.0 0.0 0.0 0.0 0.0 0.0 0.0
a1vbzioywe4osh
reason for this is unknowledgeable
0.0 0.9643073453587538 0.0 0.34270017666960395 0.26136310376692523 0.0 0.386141939828483 0.0 0.0 0.0 0.0 1.9251115543054051 0.0 0.0 0.0 0.0 0.0 0.0 0.0 0.0 0.0 0.0 0.0 0.0 0.0 0.0 0.0 0.0 0.0 0.0 0.0 0.0 0.0 0.0
a353ocl6lm6m4o
its reason is lack of knowledge
0.0 0.8035894544656282 0.0 0.0 0.2178025864724377 0.0 0.0 0.0 0.0 0.0 0.0 0.0 0.5523038270623518 1.1421615082145407 0.13999029709963637 1.1008554808971105 0.0 0.0 0.0 0.0 0.0 0.0 0.0 0.0 0.0 0.0 0.0 0.0 0.0 0.0 0.0 0.0 0.0 0.0
a3dd3acpmvdvca
the reason for this is ignorance
0.07108009863825888 0.8035894544656282 0.0 0.2855834805580033 0.2178025864724377 1.2046104164547757 0.3217849498570692 0.0 0.0 0.0 0.0 0.0 0.0 0.0 0.0 0.0 0.0 0.0 0.0 0.0 0.0 0.0 0.0 0.0 0.0 0.0 0.0 0.0 0.0 0.0 0.0 0.0 0.0 0.0
a1u0z1mafqeh9y
the reason behind this is ignorence
0.07108009863825888 0.8035894544656282 0.8589864963605761 0.2855834805580033 0.2178025864724377 0.0 0.0 0.0 0.0 0.0 0.0 0.0 0.0 0.0 0.0 0.0 1.6042596285878377 0.0 0.0 0.0 0.0 0.0 0.0 0.0 0.0 0.0 0.0 0.0 0.0 0.0 0.0 0.0 0.0 0.0
a1xarlxeww1h9e
reason for this is unknowledgeable i dont know why they have no time for him but they do not
0.0 0.2537650908838826 0.0 0.09018425701831684 0.06877976414919085 0.0 0.2032325999097279 0.0 0.0 0.0 0.0 0.5066083037645803 0.0 0.0 0.0 0.0 0.0 0.17094636025403653 0.24902401545719582 0.23462730150637395 0.2040086729273038 0.2719693429541252 0.12041947515728575 0.17518149745226788 0.2003662959180128 0.1960153417019575 0.13745485772192093 0.1704124765997994 0.11266460464407177 0.0 0.0 0.0 0.0 0.0
a230hf2okthmdz
reason for this is unknown
0.0 0.9643073453587538 0.0 0.34270017666960395 0.26136310376692523 0.0 0.386141939828483 0.0 0.0 0.0 0.0 0.0 0.0 0.0 0.0 0.0 0.0 0.0 0.0 0.0 0.0 0.0 0.0 0.0 0.0 0.0 0.0 0.0 0.0 1.208407766614183 0.0 0.0 0.0 0.0
a280uzceezwu2x
i do not know why
0.0 0.0 0.0 0.0 0.0 0.0 0.0 0.0 0.0 0.0 0.0 0.0 0.0 0.0 0.0 0.0 0.0 0.6495961689653388 0.0 0.891583745724221 0.7752329571237544 0.0 0.0 0.0 0.0 0.0 0.0 0.6475674110792378 0.42812549764747276 0.0 0.0 0.0 0.0 0.0
a2sb2bw2w4t4ww
their thinking is not reasonable
0.0 0.0 0.0 0.0 0.26136310376692523 0.0 0.0 0.0 0.0 0.0 0.0 0.0 0.0 0.0 0.0 0.0 0.0 0.0 0.0 0.0 0.0 0.0 0.0 0.0 0.0 0.0 0.0 0.0 0.42812549764747276 0.0 0.5954442199447619 1.0576534061389071 1.647852682081427 0.0
a291u81kgj6l9n
the reason is lack of knowledge
0.07108009863825888 0.8035894544656282 0.0 0.0 0.2178025864724377 0.0 0.0 0.0 0.0 0.0 0.0 0.0 0.0 1.1421615082145407 0.13999029709963637 1.1008554808971105 0.0 0.0 0.0 0.0 0.0 0.0 0.0 0.0 0.0 0.0 0.0 0.0 0.0 0.0 0.0 0.0 0.0 0.0
ah8lf01ktxfg0
the reason is the lack of knowledge
0.12185159766558666 0.6887909609705385 0.0 0.0 0.18668793126208946 0.0 0.0 0.0 0.0 0.0 0.0 0.0 0.0 0.9789955784696064 0.11999168322825975 0.9435904121975233 0.0 0.0 0.0 0.0 0.0 0.0 0.0 0.0 0.0 0.0 0.0 0.0 0.0 0.0 0.0 0.0 0.0 0.0
a291u81kgj6l9n
the reason for this is ignorance
0.07108009863825888 0.8035894544656282 0.0 0.2855834805580033 0.2178025864724377 1.2046104164547757 0.3217849498570692 0.0 0.0 0.0 0.0 0.0 0.0 0.0 0.0 0.0 0.0 0.0 0.0 0.0 0.0 0.0 0.0 0.0 0.0 0.0 0.0 0.0 0.0 0.0 0.0 0.0 0.0 0.0
ajfwu2g6a1bhs
the reason for this is ignorance
0.07108009863825888 0.8035894544656282 0.0 0.2855834805580033 0.2178025864724377 1.2046104164547757 0.3217849498570692 0.0 0.0 0.0 0.0 0.0 0.0 0.0 0.0 0.0 0.0 0.0 0.0 0.0 0.0 0.0 0.0 0.0 0.0 0.0 0.0 0.0 0.0 0.0 0.0 0.0 0.0 0.0
ancf53mqwds6z
ignorance is the reason for all this
0.06092579883279333 0.6887909609705385 0.0 0.24478584047828855 0.18668793126208946 1.0325232141040934 0.2758156713060593 0.0 0.0 0.0 0.0 0.0 0.0 0.0 0.0 0.0 0.0 0.0 0.0 0.0 0.0 0.0 0.0 0.0 0.0 0.0 0.0 0.0 0.0 0.0 0.0 0.0 0.0 0.4490307483518213
a29vl1u4i9f3pd
the reason behind this is ignorence
0.07108009863825888 0.8035894544656282 0.8589864963605761 0.2855834805580033 0.2178025864724377 0.0 0.0 0.0 0.0 0.0 0.0 0.0 0.0 0.0 0.0 0.0 1.6042596285878377 0.0 0.0 0.0 0.0 0.0 0.0 0.0 0.0 0.0 0.0 0.0 0.0 0.0 0.0 0.0 0.0 0.0
