the good news is that all people were safe happy of them remained saved thing are together stayed reason for happiness person it a matter relief as on bright side everybody was their to be luck there so much great
the good news is that all the people were safe
0.08529611836591067 0.45918572044997735 0.42296600766401243 0.13068155188346262 0.12080744242597999 0.3143215238462749 0.27068625525065537 0.29516278922059586 0.5876053695596654 0.0 0.0 0.0 0.0 0.0 0.0 0.0 0.0 0.0 0.0 0.0 0.0 0.0 0.0 0.0 0.0 0.0 0.0 0.0 0.0 0.0 0.0 0.0 0.0 0.0 0.0 0.0 0.0 0.0 0.0 0.0
the happy news is that all of them remained saved
0.042648059182955333 0.0 0.42296600766401243 0.13068155188346262 0.12080744242597999 0.3143215238462749 0.0 0.0 0.0 0.6367461233505544 0.08399417825978182 0.3411950173438417 0.6763356890597556 0.754611622984719 0.0 0.0 0.0 0.0 0.0 0.0 0.0 0.0 0.0 0.0 0.0 0.0 0.0 0.0 0.0 0.0 0.0 0.0 0.0 0.0 0.0 0.0 0.0 0.0 0.0 0.0
the good thing is that all the people are safe
0.08529611836591067 0.45918572044997735 0.0 0.13068155188346262 0.12080744242597999 0.3143215238462749 0.27068625525065537 0.0 0.5876053695596654 0.0 0.0 0.0 0.0 0.0 0.5268848944837433 0.21061365538528265 0.0 0.0 0.0 0.0 0.0 0.0 0.0 0.0 0.0 0.0 0.0 0.0 0.0 0.0 0.0 0.0 0.0 0.0 0.0 0.0 0.0 0.0 0.0 0.0
the good thing is all were safe
0.06092579883279333 0.6559796006428248 0.0 0.18668793126208946 0.0 0.4490307483518213 0.0 0.4216611274579941 0.8394362422280934 0.0 0.0 0.0 0.0 0.0 0.7526927064053476 0.0 0.0 0.0 0.0 0.0 0.0 0.0 0.0 0.0 0.0 0.0 0.0 0.0 0.0 0.0 0.0 0.0 0.0 0.0 0.0 0.0 0.0 0.0 0.0 0.0
a28z6a8uc4er3x
happy news is that people all together stayed safe
0.0 0.0 0.4699622307377916 0.14520172431495848 0.1342304915844222 0.3492461376069721 0.30076250583406156 0.0 0.6528948550662949 0.7074956926117271 0.0 0.0 0.0 0.0 0.0 0.0 0.5958753216095233 0.8532941802746347 0.0 0.0 0.0 0.0 0.0 0.0 0.0 0.0 0.0 0.0 0.0 0.0 0.0 0.0 0.0 0.0 0.0 0.0 0.0 0.0 0.0 0.0
a3sw1e5d0b9v9a
the reason for happiness is that all the person were safe
0.07754192578719152 0.0 0.0 0.11880141080314784 0.1098249476599818 0.2857468398602499 0.0 0.26832980838235987 0.5341866995996958 0.0 0.0 0.0 0.0 0.0 0.0 0.0 0.0 0.0 0.43832152061761537 0.17551906355840138 0.6530191578325292 0.43684329144745354 0.0 0.0 0.0 0.0 0.0 0.0 0.0 0.0 0.0 0.0 0.0 0.0 0.0 0.0 0.0 0.0 0.0 0.0
a3dd3acpmvdvca
it is a matter of happiness that all people were safe
0.0 0.0 0.0 0.11880141080314784 0.1098249476599818 0.2857468398602499 0.24607841386423218 0.26832980838235987 0.5341866995996958 0.0 0.07635834387252893 0.0 0.0 0.0 0.0 0.0 0.0 0.0 0.0 0.0 0.6530191578325292 0.0 0.18410503972969322 0.12889848610652213 0.4452881775286077 0.0 0.0 0.0 0.0 0.0 0.0 0.0 0.0 0.0 0.0 0.0 0.0 0.0 0.0 0.0
a8v7wa74iohz9
a matter of relief as all the people were safe
0.042648059182955333 0.0 0.0 0.0 0.0 0.3143215238462749 0.27068625525065537 0.29516278922059586 0.5876053695596654 0.0 0.08399417825978182 0.0 0.0 0.0 0.0 0.0 0.0 0.0 0.0 0.0 0.0 0.0 0.0 0.14178833471717434 0.4898169952814685 0.6951409122100497 0.26353012710331447 0.0 0.0 0.0 0.0 0.0 0.0 0.0 0.0 0.0 0.0 0.0 0.0 0.0
a1nee8mf6oybf8
happy news is that the people all stayed safe
0.04738673242550592 0.0 0.4699622307377916 0.14520172431495848 0.1342304915844222 0.3492461376069721 0.30076250583406156 0.0 0.6528948550662949 0.7074956926117271 0.0 0.0 0.0 0.0 0.0 0.0 0.0 0.8532941802746347 0.0 0.0 0.0 0.0 0.0 0.0 0.0 0.0 0.0 0.0 0.0 0.0 0.0 0.0 0.0 0.0 0.0 0.0 0.0 0.0 0.0 0.0
a2qxd8jqk5bvez
happy news is that people all stayed safe
0.0 0.0 0.5287075095800156 0.16335193985432828 0.15100930303247498 0.3929019048078436 0.33835781906331924 0.0 0.7345067119495817 0.7959326541881929 0.0 0.0 0.0 0.0 0.0 0.0 0.0 0.959955952808964 0.0 0.0 0.0 0.0 0.0 0.0 0.0 0.0 0.0 0.0 0.0 0.0 0.0 0.0 0.0 0.0 0.0 0.0 0.0 0.0 0.0 0.0
au2ar4vob7vlv
the happy news is that the people all together stayed safe
0.07754192578719152 0.0 0.38451455242182947 0.11880141080314784 0.1098249476599818 0.2857468398602499 0.24607841386423218 0.0 0.5341866995996958 0.5788601121368676 0.0 0.0 0.0 0.0 0.0 0.0 0.4875343540441554 0.6981497838610647 0.0 0.0 0.0 0.0 0.0 0.0 0.0 0.0 0.0 0.0 0.0 0.0 0.0 0.0 0.0 0.0 0.0 0.0 0.0 0.0 0.0 0.0
ajh0yow6plss8
on the bright side everybody was safe
0.06092579883279333 0.0 0.0 0.0 0.0 0.0 0.0 0.0 0.8394362422280934 0.0 0.0 0.0 0.0 0.0 0.0 0.0 0.0 0.0 0.0 0.0 0.0 0.0 0.0 0.0 0.0 0.0 0.0 0.2675725374822576 1.317156094774123 0.6935533067230516 0.9930584460143567 0.31397413299916177 0.0 0.0 0.0 0.0 0.0 0.0 0.0 0.0
a31ikb373dzonk
the reason for their happiness is that all of them were safe
0.03554004931912944 0.0 0.0 0.10890129323621885 0.10067286868831665 0.26193460320522904 0.0 0.2459689910171632 0.48967114129972117 0.0 0.06999514854981818 0.2843291811198681 0.0 0.0 0.0 0.0 0.0 0.0 0.4017947272328141 0.1608924749285346 0.5986008946798184 0.0 0.0 0.0 0.0 0.0 0.0 0.0 0.0 0.0 0.0 0.0 0.24810175831031747 0.0 0.0 0.0 0.0 0.0 0.0 0.0
a3m6cl5oao31z
all of the people were happy to be safe
0.04738673242550592 0.0 0.0 0.0 0.0 0.3492461376069721 0.30076250583406156 0.327958654689551 0.6528948550662949 0.7074956926117271 0.09332686473309092 0.0 0.0 0.0 0.0 0.0 0.0 0.0 0.0 0.0 0.0 0.0 0.0 0.0 0.0 0.0 0.0 0.0 0.0 0.0 0.0 0.0 0.0 0.11998603441235117 0.23853588288435004 0.0 0.0 0.0 0.0 0.0
a279zamy03pduy
it is a matter of luck that all people were safe
0.0 0.0 0.0 0.11880141080314784 0.1098249476599818 0.2857468398602499 0.24607841386423218 0.26832980838235987 0.5341866995996958 0.0 0.07635834387252893 0.0 0.0 0.0 0.0 0.0 0.0 0.0 0.0 0.0 0.0 0.0 0.18410503972969322 0.12889848610652213 0.4452881775286077 0.0 0.0 0.0 0.0 0.0 0.0 0.0 0.0 0.0 0.0 0.8750507065024569 0.0 0.0 0.0 0.0
a1b6zigmal4vx5
it is a matter of happiness that all people were safe
0.0 0.0 0.0 0.11880141080314784 0.1098249476599818 0.2857468398602499 0.24607841386423218 0.26832980838235987 0.5341866995996958 0.0 0.07635834387252893 0.0 0.0 0.0 0.0 0.0 0.0 0.0 0.0 0.0 0.6530191578325292 0.0 0.18410503972969322 0.12889848610652213 0.4452881775286077 0.0 0.0 0.0 0.0 0.0 0.0 0.0 0.0 0.0 0.0 0.0 0.0 0.0 0.0 0.0
a291u81kgj6l9n
there was so much happiness that all the people were safe
0.03877096289359576 0.0 0.0 0.0 0.1098249476599818 0.2857468398602499 0.24607841386423218 0.26832980838235987 0.5341866995996958 0.0 0.0 0.0 0.0 0.0 0.0 0.0 0.0 0.0 0.0 0.0 0.6530191578325292 0.0 0.0 0.0 0.0 0.0 0.0 0.0 0.0 0.0 0.0 0.19980172099946658 0.0 0.0 0.0 0.0 0.26036227297481546 0.3212952626772116 0.44212580333902446 0.0
amd40d0gc1l4r
it was a great relief that all the people were safe
0.03877096289359576 0.0 0.0 0.0 0.1098249476599818 0.2857468398602499 0.24607841386423218 0.26832980838235987 0.5341866995996958 0.0 0.0 0.0 0.0 0.0 0.0 0.0 0.0 0.0 0.0 0.0 0.0 0.0 0.18410503972969322 0.12889848610652213 0.0 0.6319462838273179 0.0 0.0 0.0 0.0 0.0 0.19980172099946658 0.0 0.0 0.0 0.0 0.0 0.0 0.0 0.4297925428705558
