right now along with dera ghazi khan the whole country is receiving winter rains these days including having are on in and rest of summer have started showering gazi at this time goin moment other parts it raining derah gahzi showers taking place throughout heavy season going gone included ghazikhan
right now along with dera ghazi khan the whole country is receiving winter rains
0.3384982232929106 0.24471880792249157 0.35343335171137913 0.167884675148161 0.4377893007186104 0.5595570215927836 0.32480455921121104 0.030462899416396665 0.3289265818984001 0.2790633345983624 0.09334396563104473 0.45906318956973885 0.5162616070520467 0.4325732196461182 0.0 0.0 0.0 0.0 0.0 0.0 0.0 0.0 0.0 0.0 0.0 0.0 0.0 0.0 0.0 0.0 0.0 0.0 0.0 0.0 0.0 0.0 0.0 0.0 0.0 0.0 0.0 0.0 0.0 0.0 0.0 0.0 0.0 0.0 0.0 0.0
these days the whole country including dera ghazi khan is having winter rains
0.0 0.0 0.0 0.0 0.4714654007738881 0.6025998694076131 0.3497895253043811 0.0328061993715041 0.3542286266598155 0.3005297449520826 0.10052427067958664 0.0 0.5559740383637426 0.4658480826958196 0.23165404902478712 0.3465057246355311 0.365706503443406 0.41472702053305893 0.0 0.0 0.0 0.0 0.0 0.0 0.0 0.0 0.0 0.0 0.0 0.0 0.0 0.0 0.0 0.0 0.0 0.0 0.0 0.0 0.0 0.0 0.0 0.0 0.0 0.0 0.0 0.0 0.0 0.0 0.0 0.0
the winter rains are on these days in dera ghazi khan and in the rest of the country
0.0 0.0 0.0 0.0 0.3405027894478081 0.43521101679438723 0.25262576827538635 0.07108009863825888 0.0 0.21704926024317076 0.0 0.0 0.40153680548492526 0.33644583750253637 0.16730570207345735 0.2502541344589947 0.0 0.0 0.11700758632515702 0.10405598679865574 0.1144256336062979 0.05522027998901621 0.35165116141792757 0.04666343236654546 0.0 0.0 0.0 0.0 0.0 0.0 0.0 0.0 0.0 0.0 0.0 0.0 0.0 0.0 0.0 0.0 0.0 0.0 0.0 0.0 0.0 0.0 0.0 0.0 0.0 0.0
right now summer rains have started showering on dera gazi khan along with the whole country
0.2961859453812968 0.21412895693218012 0.30925418274745675 0.14689909075464086 0.3830656381287841 0.0 0.28420398930980967 0.026655036989347083 0.2878107591611001 0.2441804177735671 0.0 0.0 0.0 0.37850156719035344 0.0 0.0 0.0 0.0 0.0 0.1170629851484877 0.0 0.0 0.0 0.0 0.5232996751894786 0.14299812674927684 0.29163848573864504 0.6449190595054357 0.6449190595054357 0.0 0.0 0.0 0.0 0.0 0.0 0.0 0.0 0.0 0.0 0.0 0.0 0.0 0.0 0.0 0.0 0.0 0.0 0.0 0.0 0.0
a1hb5veh552cys
at this time along with dera ghazi khan in whole country winter rains are goin on
0.0 0.0 0.30925418274745675 0.14689909075464086 0.3830656381287841 0.48961239389368566 0.28420398930980967 0.0 0.2878107591611001 0.2441804177735671 0.0 0.0 0.4517289061705409 0.37850156719035344 0.0 0.0 0.0 0.0 0.13163353461580166 0.1170629851484877 0.06436441890354257 0.0 0.0 0.0 0.0 0.0 0.0 0.0 0.0 0.19359999086902968 0.10709380520925124 0.2379349764026402 0.6015973607204391 0.0 0.0 0.0 0.0 0.0 0.0 0.0 0.0 0.0 0.0 0.0 0.0 0.0 0.0 0.0 0.0 0.0
a2de039cxxjuga
at the moment in dera ghazi khan and in other parts of the country it is raining
0.0 0.0 0.0 0.0 0.3605323652976791 0.4608116648411159 0.26748610758570324 0.0501741872740651 0.0 0.2298168637868867 0.07687150110791918 0.0 0.0 0.0 0.0 0.0 0.0 0.0 0.0 0.0 0.12115655323019778 0.058468531753075995 0.0 0.04940834015281284 0.0 0.0 0.0 0.0 0.0 0.18221175611202794 0.0 0.0 0.0 0.3768636439211073 0.19638994185442396 0.3745565431473849 0.11912679041333091 0.5123098258619335 0.0 0.0 0.0 0.0 0.0 0.0 0.0 0.0 0.0 0.0 0.0 0.0
a3dd3acpmvdvca
at this time including derah gahzi khan summer showers are taking place throughout the country
0.0 0.0 0.0 0.0 0.0 0.0 0.30315092193046367 0.028432039455303555 0.0 0.2604591122918049 0.0 0.0 0.0 0.0 0.0 0.0 0.3169456363176185 0.0 0.14040910359018843 0.0 0.0 0.0 0.0 0.0 0.5581863202021106 0.0 0.0 0.0 0.0 0.206506656926965 0.11423339222320132 0.2537973081628162 0.0 0.0 0.0 0.0 0.0 0.0 0.5954940393978053 0.5954940393978053 0.5954940393978053 0.31346225696136 0.30212050471468416 0.400081122570044 0.0 0.0 0.0 0.0 0.0 0.0
a1aczgd5azz3r7
this time it is with dera ghazi khan the country with the heavy rains of the winter season
0.0 0.0 0.0 0.2611539391193615 0.3405027894478081 0.43521101679438723 0.25262576827538635 0.07108009863825888 0.0 0.21704926024317076 0.07260086215747924 0.0 0.40153680548492526 0.33644583750253637 0.0 0.0 0.0 0.0 0.0 0.0 0.0 0.0 0.0 0.04666343236654546 0.0 0.0 0.0 0.0 0.0 0.0 0.09519449351933444 0.21149775680234684 0.0 0.0 0.0 0.0 0.11250863539036808 0.0 0.0 0.0 0.0 0.0 0.0 0.0 0.4126851774550448 0.49624503283150445 0.0 0.0 0.0 0.0
avktegthhn2vp
at this time along with dera ghazi khan in whole country winter rains are going on
0.0 0.0 0.30925418274745675 0.14689909075464086 0.3830656381287841 0.48961239389368566 0.28420398930980967 0.0 0.2878107591611001 0.2441804177735671 0.0 0.0 0.4517289061705409 0.37850156719035344 0.0 0.0 0.0 0.0 0.13163353461580166 0.1170629851484877 0.06436441890354257 0.0 0.0 0.0 0.0 0.0 0.0 0.0 0.0 0.19359999086902968 0.10709380520925124 0.2379349764026402 0.0 0.0 0.0 0.0 0.0 0.0 0.0 0.0 0.0 0.0 0.0 0.0 0.0 0.0 0.2784421110305546 0.0 0.0 0.0
a2dwqf4zhhblow
at this time along with dera ghazi khan in whole country winter rains are going on
0.0 0.0 0.30925418274745675 0.14689909075464086 0.3830656381287841 0.48961239389368566 0.28420398930980967 0.0 0.2878107591611001 0.2441804177735671 0.0 0.0 0.4517289061705409 0.37850156719035344 0.0 0.0 0.0 0.0 0.13163353461580166 0.1170629851484877 0.06436441890354257 0.0 0.0 0.0 0.0 0.0 0.0 0.0 0.0 0.19359999086902968 0.10709380520925124 0.2379349764026402 0.0 0.0 0.0 0.0 0.0 0.0 0.0 0.0 0.0 0.0 0.0 0.0 0.0 0.0 0.2784421110305546 0.0 0.0 0.0
a3a4p6bwfe7hfn
the winter rains are gone throughout the country dera ghazi khan included
0.0 0.0 0.0 0.0 0.5107541841717121 0.6528165251915808 0.37893865241307956 0.07108009863825888 0.0 0.32557389036475615 0.0 0.0 0.6023052082273879 0.5046687562538046 0.0 0.0 0.0 0.0 0.17551137948773554 0.0 0.0 0.0 0.0 0.0 0.0 0.0 0.0 0.0 0.0 0.0 0.0 0.0 0.0 0.0 0.0 0.0 0.0 0.0 0.0 0.0 0.0 0.0 0.0 0.500101403212555 0.0 0.0 0.0 0.502353792578215 0.4239663612693653 0.0
a3m6cl5oao31z
at the moment in dera ghazi khan and in other parts of the country it is raining
0.0 0.0 0.0 0.0 0.3605323652976791 0.4608116648411159 0.26748610758570324 0.0501741872740651 0.0 0.2298168637868867 0.07687150110791918 0.0 0.0 0.0 0.0 0.0 0.0 0.0 0.0 0.0 0.12115655323019778 0.058468531753075995 0.0 0.04940834015281284 0.0 0.0 0.0 0.0 0.0 0.18221175611202794 0.0 0.0 0.0 0.3768636439211073 0.19638994185442396 0.3745565431473849 0.11912679041333091 0.5123098258619335 0.0 0.0 0.0 0.0 0.0 0.0 0.0 0.0 0.0 0.0 0.0 0.0
al2rcq9eyun61
at the moment in dera ghazikhan and in other parts of the country it is raining
0.0 0.0 0.0 0.0 0.3830656381287841 0.0 0.0 0.05331007397869417 0.0 0.2441804177735671 0.08167596992716414 0.0 0.0 0.0 0.0 0.0 0.0 0.0 0.0 0.0 0.12872883780708513 0.06212281498764324 0.0 0.05249636141236364 0.0 0.0 0.0 0.0 0.0 0.19359999086902968 0.0 0.0 0.0 0.40041762166617656 0.20866431322032547 0.39796632709409646 0.12657221481416409 0.5443291899783044 0.0 0.0 0.0 0.0 0.0 0.0 0.0 0.0 0.0 0.0 0.0 0.6449190595054357
a3bnv4r3pkyf7u
at the moment in dera ghazi khan and in other parts of the country it is raining
0.0 0.0 0.0 0.0 0.3605323652976791 0.4608116648411159 0.26748610758570324 0.0501741872740651 0.0 0.2298168637868867 0.07687150110791918 0.0 0.0 0.0 0.0 0.0 0.0 0.0 0.0 0.0 0.12115655323019778 0.058468531753075995 0.0 0.04940834015281284 0.0 0.0 0.0 0.0 0.0 0.18221175611202794 0.0 0.0 0.0 0.3768636439211073 0.19638994185442396 0.3745565431473849 0.11912679041333091 0.5123098258619335 0.0 0.0 0.0 0.0 0.0 0.0 0.0 0.0 0.0 0.0 0.0 0.0
a2qxd8jqk5bvez
at this time including derah gahzi khan summer showers are taking place throughout the country
0.0 0.0 0.0 0.0 0.0 0.0 0.30315092193046367 0.028432039455303555 0.0 0.2604591122918049 0.0 0.0 0.0 0.0 0.0 0.0 0.3169456363176185 0.0 0.14040910359018843 0.0 0.0 0.0 0.0 0.0 0.5581863202021106 0.0 0.0 0.0 0.0 0.206506656926965 0.11423339222320132 0.2537973081628162 0.0 0.0 0.0 0.0 0.0 0.0 0.5954940393978053 0.5954940393978053 0.5954940393978053 0.31346225696136 0.30212050471468416 0.400081122570044 0.0 0.0 0.0 0.0 0.0 0.0
a3m6cl5oao31z
at this time including derah gahzi khan summer showers are taking place throughout the country
0.0 0.0 0.0 0.0 0.0 0.0 0.30315092193046367 0.028432039455303555 0.0 0.2604591122918049 0.0 0.0 0.0 0.0 0.0 0.0 0.3169456363176185 0.0 0.14040910359018843 0.0 0.0 0.0 0.0 0.0 0.5581863202021106 0.0 0.0 0.0 0.0 0.206506656926965 0.11423339222320132 0.2537973081628162 0.0 0.0 0.0 0.0 0.0 0.0 0.5954940393978053 0.5954940393978053 0.5954940393978053 0.31346225696136 0.30212050471468416 0.400081122570044 0.0 0.0 0.0 0.0 0.0 0.0
a6mpnb4h7l9bs
at this time summer showers are taking place throughout the country including derah gahzi and khan
0.0 0.0 0.0 0.0 0.0 0.0 0.28420398930980967 0.026655036989347083 0.0 0.2441804177735671 0.0 0.0 0.0 0.0 0.0 0.0 0.29713653404776735 0.0 0.13163353461580166 0.0 0.0 0.06212281498764324 0.0 0.0 0.5232996751894786 0.0 0.0 0.0 0.0 0.19359999086902968 0.10709380520925124 0.2379349764026402 0.0 0.0 0.0 0.0 0.0 0.0 0.5582756619354425 0.5582756619354425 0.5582756619354425 0.293870865901275 0.2832379731700164 0.37507605240941627 0.0 0.0 0.0 0.0 0.0 0.0
a477wg206bmm6
this time it is with dera ghazi khan the country with the heavy rains in the winter
0.0 0.0 0.0 0.2765159355381475 0.3605323652976791 0.4608116648411159 0.26748610758570324 0.07526128091109764 0.0 0.2298168637868867 0.07687150110791918 0.0 0.4251566175722738 0.35623676912033264 0.0 0.0 0.0 0.0 0.0 0.0 0.06057827661509889 0.0 0.0 0.0 0.0 0.0 0.0 0.0 0.0 0.0 0.10079416960870705 0.22393880132013194 0.0 0.0 0.0 0.0 0.11912679041333091 0.0 0.0 0.0 0.0 0.0 0.0 0.0 0.43696077612887096 0.0 0.0 0.0 0.0 0.0
