are these the signs of day judgment doomsday is it an indication insurrection judgement very same last indicators dooms arent signalling end days that coming
are these the signs of the day of judgment
0.23401517265031405 0.3346114041469147 0.09477346485101185 0.793405680193225 0.18665372946618183 0.4353830563086833 0.8800899643654 0.0 0.0 0.0 0.0 0.0 0.0 0.0 0.0 0.0 0.0 0.0 0.0 0.0 0.0 0.0 0.0 0.0 0.0
are these signs of the day of judgment
0.2632670692316033 0.37643782966527906 0.05331007397869417 0.8925813902173781 0.20998544564945457 0.4898059383472687 0.990101209911075 0.0 0.0 0.0 0.0 0.0 0.0 0.0 0.0 0.0 0.0 0.0 0.0 0.0 0.0 0.0 0.0 0.0 0.0
are these the signs of the doomsday
0.3008766505504038 0.43021466247460466 0.12185159766558666 1.0200930173912892 0.11999168322825975 0.0 0.0 1.474100707440996 0.0 0.0 0.0 0.0 0.0 0.0 0.0 0.0 0.0 0.0 0.0 0.0 0.0 0.0 0.0 0.0 0.0
is it an indication of insurrection
0.0 0.0 0.0 0.0 0.13999029709963637 0.0 0.0 0.0 0.2178025864724377 0.33752590617110423 0.49172754429593163 1.4515445066088117 1.719784158681162 0.0 0.0 0.0 0.0 0.0 0.0 0.0 0.0 0.0 0.0 0.0 0.0
a143bvgouf83je
are these the signs of the judgement day
0.2632670692316033 0.37643782966527906 0.10662014795738833 0.8925813902173781 0.10499272282472728 0.4898059383472687 0.0 0.0 0.0 0.0 0.0 0.0 0.0 0.959955952808964 0.0 0.0 0.0 0.0 0.0 0.0 0.0 0.0 0.0 0.0 0.0
a28z6a8uc4er3x
are these the very same signs of last day
0.23401517265031405 0.3346114041469147 0.04738673242550592 0.793405680193225 0.09332686473309092 0.4353830563086833 0.0 0.0 0.0 0.0 0.0 0.0 0.0 0.0 0.460546538687226 0.48679652744494933 0.4499565187089677 0.0 0.0 0.0 0.0 0.0 0.0 0.0 0.0
a3dd3acpmvdvca
are these the signs of the day of judgement
0.23401517265031405 0.3346114041469147 0.09477346485101185 0.793405680193225 0.18665372946618183 0.4353830563086833 0.0 0.0 0.0 0.0 0.0 0.0 0.0 0.8532941802746347 0.0 0.0 0.0 0.0 0.0 0.0 0.0 0.0 0.0 0.0 0.0
a8v7wa74iohz9
are these the indicators of dooms day
0.3008766505504038 0.43021466247460466 0.06092579883279333 0.0 0.11999168322825975 0.5597782152540214 0.0 0.0 0.0 0.0 0.0 0.0 0.0 0.0 0.0 0.0 0.0 1.375079681646718 1.375079681646718 0.0 0.0 0.0 0.0 0.0 0.0
a2bk4fasw056jr
are these signs of the judgment day
0.3008766505504038 0.43021466247460466 0.06092579883279333 1.0200930173912892 0.11999168322825975 0.5597782152540214 1.1315442398983715 0.0 0.0 0.0 0.0 0.0 0.0 0.0 0.0 0.0 0.0 0.0 0.0 0.0 0.0 0.0 0.0 0.0 0.0
a1c0lbe9vl3ax
are these the signs of the judgement day
0.2632670692316033 0.37643782966527906 0.10662014795738833 0.8925813902173781 0.10499272282472728 0.4898059383472687 0.0 0.0 0.0 0.0 0.0 0.0 0.0 0.959955952808964 0.0 0.0 0.0 0.0 0.0 0.0 0.0 0.0 0.0 0.0 0.0
a2aw6lkvu8o4qx
are these the signs of judgement day
0.3008766505504038 0.43021466247460466 0.06092579883279333 1.0200930173912892 0.11999168322825975 0.5597782152540214 0.0 0.0 0.0 0.0 0.0 0.0 0.0 1.0970925174959587 0.0 0.0 0.0 0.0 0.0 0.0 0.0 0.0 0.0 0.0 0.0
a230hf2okthmdz
are these the very same signs of the last day
0.21061365538528265 0.30115026373222326 0.08529611836591067 0.7140651121739026 0.08399417825978182 0.391844750677815 0.0 0.0 0.0 0.0 0.0 0.0 0.0 0.0 0.4144918848185034 0.4381168747004544 0.4049608668380709 0.0 0.0 0.0 0.0 0.0 0.0 0.0 0.0
a2d2264qc2ln18
are these the very same signs of last day
0.23401517265031405 0.3346114041469147 0.04738673242550592 0.793405680193225 0.09332686473309092 0.4353830563086833 0.0 0.0 0.0 0.0 0.0 0.0 0.0 0.0 0.460546538687226 0.48679652744494933 0.4499565187089677 0.0 0.0 0.0 0.0 0.0 0.0 0.0 0.0
a3ng34jj2ahg1u
arent these the signs signalling the end of days
0.0 0.3346114041469147 0.09477346485101185 0.793405680193225 0.09332686473309092 0.0 0.0 0.0 0.0 0.0 0.0 0.0 0.0 0.0 0.0 0.0 0.0 0.0 0.0 0.8136636309481089 1.1465227724541078 0.5244758881209551 0.5005082689179894 0.0 0.0
a3p6go9selqo1z
are these the signs of the day of judgement
0.23401517265031405 0.3346114041469147 0.09477346485101185 0.793405680193225 0.18665372946618183 0.4353830563086833 0.0 0.0 0.0 0.0 0.0 0.0 0.0 0.8532941802746347 0.0 0.0 0.0 0.0 0.0 0.0 0.0 0.0 0.0 0.0 0.0
a230hf2okthmdz
are these the signs of the day of judgement
0.23401517265031405 0.3346114041469147 0.09477346485101185 0.793405680193225 0.18665372946618183 0.4353830563086833 0.0 0.0 0.0 0.0 0.0 0.0 0.0 0.8532941802746347 0.0 0.0 0.0 0.0 0.0 0.0 0.0 0.0 0.0 0.0 0.0
a980evuaw8ya7
are these the signs that the day of judgment is coming
0.19146695944116604 0.2737729670292939 0.07754192578719152 0.649150101976275 0.07635834387252893 0.3562225006161954 0.7200736072080546 0.0 0.11880141080314784 0.0 0.0 0.0 0.0 0.0 0.0 0.0 0.0 0.0 0.0 0.0 0.0 0.0 0.0 0.1098249476599818 0.49912647407133365
a477wg206bmm6
are these the indicators of dooms day
0.3008766505504038 0.43021466247460466 0.06092579883279333 0.0 0.11999168322825975 0.5597782152540214 0.0 0.0 0.0 0.0 0.0 0.0 0.0 0.0 0.0 0.0 0.0 1.375079681646718 1.375079681646718 0.0 0.0 0.0 0.0 0.0 0.0
