among benazirs children bakhtawar is second after the twentyyearold bilawal bhutto of benazir bhuttos 20yearold 20years old oldest child who 20 bukhtawar to baqthawar has same position years he was 2nd amongst miss behind her brother (after bhutto) butto first holding for twenty yearsbaqthawar year eldest with being next
among benazirs children bakhtawar is second after the twentyyearold bilawal bhutto
0.44732202277901983 0.6073744356691441 0.3949904854743372 0.56585094453317 0.11880141080314784 0.4568545570329526 0.27124755211046875 0.03877096289359576 0.938064086553361 0.6004666259438785 0.4701100432066834 0.0 0.0 0.0 0.0 0.0 0.0 0.0 0.0 0.0 0.0 0.0 0.0 0.0 0.0 0.0 0.0 0.0 0.0 0.0 0.0 0.0 0.0 0.0 0.0 0.0 0.0 0.0 0.0 0.0 0.0 0.0 0.0 0.0 0.0 0.0 0.0 0.0 0.0
of benazir bhuttos children bakhtawar is second after the 20yearold bilawal bhutto
0.0 0.0 0.3620746116848091 0.5186966991554058 0.10890129323621885 0.41878334394687317 0.24864358943459638 0.03554004931912944 0.0 0.5504277404485552 0.43093420627279316 0.06999514854981818 0.3606033670815824 0.6023052082273879 0.859892079340581 0.0 0.0 0.0 0.0 0.0 0.0 0.0 0.0 0.0 0.0 0.0 0.0 0.0 0.0 0.0 0.0 0.0 0.0 0.0 0.0 0.0 0.0 0.0 0.0 0.0 0.0 0.0 0.0 0.0 0.0 0.0 0.0 0.0 0.0
bakhtawar after 20years old bilawal is second among the children of benazir bhutto
0.378503250043786 0.0 0.33422271847828533 0.4787969530665285 0.10052427067958664 0.38656924056634445 0.22951715947808896 0.0328061993715041 0.0 0.5080871450294355 0.39778542117488597 0.06461090635367833 0.3328646465368453 0.0 0.0 0.7937465347759208 0.4057907565513634 0.0 0.0 0.0 0.0 0.0 0.0 0.0 0.0 0.0 0.0 0.0 0.0 0.0 0.0 0.0 0.0 0.0 0.0 0.0 0.0 0.0 0.0 0.0 0.0 0.0 0.0 0.0 0.0 0.0 0.0 0.0 0.0
bakhtawar is benazirs second oldest child after bilawal bhutto who is 20
0.0 0.5567598993633821 0.0 0.5186966991554058 0.2178025864724377 0.41878334394687317 0.24864358943459638 0.0 0.0 0.5504277404485552 0.43093420627279316 0.0 0.0 0.0 0.0 0.0 0.0 0.768341055284905 0.5545952754964437 0.2453396614056688 0.5146308521412865 0.0 0.0 0.0 0.0 0.0 0.0 0.0 0.0 0.0 0.0 0.0 0.0 0.0 0.0 0.0 0.0 0.0 0.0 0.0 0.0 0.0 0.0 0.0 0.0 0.0 0.0 0.0 0.0
a3dd3acpmvdvca
bukhtawar is second among benazir bhuttos children to bilawal bhutto
0.4920542250569218 0.0 0.43448953402177093 0.0 0.13068155188346262 0.5025400127362478 0.0 0.0 0.0 0.6605132885382663 0.5171210475273518 0.0 0.43272404049789887 0.7227662498728654 0.0 0.0 0.0 0.0 0.0 0.0 0.0 0.732297267853298 0.10798743097111604 0.0 0.0 0.0 0.0 0.0 0.0 0.0 0.0 0.0 0.0 0.0 0.0 0.0 0.0 0.0 0.0 0.0 0.0 0.0 0.0 0.0 0.0 0.0 0.0 0.0 0.0
ayowrg5s0py3f
baqthawar benazir bhutto has the same position of benazir after 20 years he was the 2nd bhutto
0.0 0.0 0.0 0.0 0.0 0.0 0.17551312195383273 0.0501741872740651 0.0 0.0 0.608377702973355 0.04940834015281284 0.5090871064681163 0.0 0.0 0.0 0.0 0.0 0.0 0.0 0.363268836805614 0.0 0.0 0.5423583919658154 0.12075280105477786 0.25771580864732613 0.3239129762773267 0.24248593084073236 0.13970130938990266 0.1292834665290666 0.4608116648411159 0.0 0.0 0.0 0.0 0.0 0.0 0.0 0.0 0.0 0.0 0.0 0.0 0.0 0.0 0.0 0.0 0.0 0.0
a143bvgouf83je
bakhtawar is the second amongst benazirs children after 20 years old bilawal
0.0 0.5567598993633821 0.3620746116848091 0.5186966991554058 0.10890129323621885 0.41878334394687317 0.24864358943459638 0.03554004931912944 0.0 0.5504277404485552 0.0 0.0 0.0 0.0 0.0 0.0 0.43960665293064366 0.0 0.0 0.0 0.5146308521412865 0.0 0.0 0.0 0.0 0.0 0.0 0.3435217353577042 0.0 0.0 0.0 0.5464587363661174 0.0 0.0 0.0 0.0 0.0 0.0 0.0 0.0 0.0 0.0 0.0 0.0 0.0 0.0 0.0 0.0 0.0
a132zmwemnnusa
miss bakhtawar is the second child of benazir bhutto behind her 20 years old brother bilawal bhutto
0.0 0.0 0.0 0.3661388464626394 0.07687150110791918 0.29561177219779283 0.0 0.02508709363703255 0.0 0.3885372285519213 0.608377702973355 0.04940834015281284 0.25454355323405814 0.0 0.0 0.0 0.31031057853927785 0.0 0.39147901799748963 0.0 0.363268836805614 0.0 0.0 0.0 0.0 0.0 0.0 0.24248593084073236 0.0 0.0 0.0 0.0 0.43696077612887096 0.3031717045978504 0.22145714988595055 0.3514646782490169 0.0 0.0 0.0 0.0 0.0 0.0 0.0 0.0 0.0 0.0 0.0 0.0 0.0
ak5gmcdc8s35m
bukhtawar is the second oldest among benazir bhuttos children (after bilawal bhutto)
0.41004518754743485 0.0 0.3620746116848091 0.0 0.10890129323621885 0.41878334394687317 0.0 0.03554004931912944 0.0 0.5504277404485552 0.0 0.0 0.3606033670815824 0.6023052082273879 0.0 0.0 0.0 0.768341055284905 0.0 0.0 0.0 0.6102477232110817 0.0 0.0 0.0 0.0 0.0 0.0 0.0 0.0 0.0 0.0 0.0 0.0 0.0 0.0 0.8021298142939188 0.859892079340581 0.0 0.0 0.0 0.0 0.0 0.0 0.0 0.0 0.0 0.0 0.0
a6pp65x40mj00
bukhtawar is benazir bhuttos second child bilawal butto is the first child
0.0 0.0 0.0 0.0 0.2178025864724377 0.41878334394687317 0.0 0.03554004931912944 0.0 0.5504277404485552 0.0 0.0 0.3606033670815824 0.6023052082273879 0.0 0.0 0.0 0.0 1.1091905509928874 0.0 0.0 0.6102477232110817 0.0 0.0 0.0 0.0 0.0 0.0 0.0 0.0 0.0 0.0 0.0 0.0 0.0 0.0 0.0 0.0 0.859892079340581 0.3266758347959803 0.0 0.0 0.0 0.0 0.0 0.0 0.0 0.0 0.0
acro40mclgrmc
bukhtawar is second among benazir bhuttos children to bilawal bhutto
0.4920542250569218 0.0 0.43448953402177093 0.0 0.13068155188346262 0.5025400127362478 0.0 0.0 0.0 0.6605132885382663 0.5171210475273518 0.0 0.43272404049789887 0.7227662498728654 0.0 0.0 0.0 0.0 0.0 0.0 0.0 0.732297267853298 0.10798743097111604 0.0 0.0 0.0 0.0 0.0 0.0 0.0 0.0 0.0 0.0 0.0 0.0 0.0 0.0 0.0 0.0 0.0 0.0 0.0 0.0 0.0 0.0 0.0 0.0 0.0 0.0
a14wwg6nkbdwgp
baqthawar benazir bhutto has the same position of benazir after 20 years he was the 2nd bhutto
0.0 0.0 0.0 0.0 0.0 0.0 0.17551312195383273 0.0501741872740651 0.0 0.0 0.608377702973355 0.04940834015281284 0.5090871064681163 0.0 0.0 0.0 0.0 0.0 0.0 0.0 0.363268836805614 0.0 0.0 0.5423583919658154 0.12075280105477786 0.25771580864732613 0.3239129762773267 0.24248593084073236 0.13970130938990266 0.1292834665290666 0.4608116648411159 0.0 0.0 0.0 0.0 0.0 0.0 0.0 0.0 0.0 0.0 0.0 0.0 0.0 0.0 0.0 0.0 0.0 0.0
a3hlgwwu2cxzyy
baqthawar benazir bhutto has the same position of benazir after 20 years he was the 2nd bhutto
0.0 0.0 0.0 0.0 0.0 0.0 0.17551312195383273 0.0501741872740651 0.0 0.0 0.608377702973355 0.04940834015281284 0.5090871064681163 0.0 0.0 0.0 0.0 0.0 0.0 0.0 0.363268836805614 0.0 0.0 0.5423583919658154 0.12075280105477786 0.25771580864732613 0.3239129762773267 0.24248593084073236 0.13970130938990266 0.1292834665290666 0.4608116648411159 0.0 0.0 0.0 0.0 0.0 0.0 0.0 0.0 0.0 0.0 0.0 0.0 0.0 0.0 0.0 0.0 0.0 0.0
a1fxoxn23tdqwc
holding the position of benazir for twenty yearsbaqthawar benazir bhutto was the 2nd bhutto
0.0 0.0 0.0 0.0 0.0 0.0 0.0 0.06092579883279333 0.0 0.0 0.7387443536105025 0.05999584161412987 0.6181772007112841 0.0 0.0 0.0 0.0 0.0 0.0 0.0 0.0 0.0 0.0 0.0 0.0 0.0 0.39332289976532525 0.0 0.0 0.15698706649958089 0.5595570215927836 0.0 0.0 0.0 0.0 0.0 0.0 0.0 0.0 0.0 0.44459717070463356 0.13790783565302964 0.47722277088289894 0.737050353720498 0.0 0.0 0.0 0.0 0.0
a2mrhza4l9w9cl
20 year old bilawal is the eldest of benazirs children with bakhtawar being the next oldest
0.0 0.41756992452253655 0.27155595876360683 0.3890225243665544 0.08167596992716414 0.0 0.0 0.05331007397869417 0.0 0.4128208053364164 0.0 0.05249636141236364 0.0 0.0 0.0 0.0 0.32970498969798273 0.5762557914636788 0.0 0.0 0.38597313910596487 0.0 0.0 0.0 0.0 0.0 0.0 0.0 0.0 0.0 0.0 0.0 0.0 0.0 0.0 0.0 0.0 0.0 0.0 0.0 0.0 0.0 0.0 0.0 0.2630910855826628 0.6449190595054357 0.14689909075464086 0.22847326600601048 0.3505734219234148
a1g9f1kosfkijh
bakhtawar is the second amongst benazirs children after 20 years old bilawal
0.0 0.5567598993633821 0.3620746116848091 0.5186966991554058 0.10890129323621885 0.41878334394687317 0.24864358943459638 0.03554004931912944 0.0 0.5504277404485552 0.0 0.0 0.0 0.0 0.0 0.0 0.43960665293064366 0.0 0.0 0.0 0.5146308521412865 0.0 0.0 0.0 0.0 0.0 0.0 0.3435217353577042 0.0 0.0 0.0 0.5464587363661174 0.0 0.0 0.0 0.0 0.0 0.0 0.0 0.0 0.0 0.0 0.0 0.0 0.0 0.0 0.0 0.0 0.0
a1e4smxrh1paux
bakhtawar is the second of benazirs children after 20 year old bilawal
0.0 0.5567598993633821 0.3620746116848091 0.5186966991554058 0.10890129323621885 0.41878334394687317 0.24864358943459638 0.03554004931912944 0.0 0.5504277404485552 0.0 0.06999514854981818 0.0 0.0 0.0 0.0 0.43960665293064366 0.0 0.0 0.0 0.5146308521412865 0.0 0.0 0.0 0.0 0.0 0.0 0.0 0.0 0.0 0.0 0.0 0.0 0.0 0.0 0.0 0.0 0.0 0.0 0.0 0.0 0.0 0.0 0.0 0.3507881141102171 0.0 0.0 0.0 0.0
a1rhjj60p0jwi3
miss bakhtawar is the second child of benazir bhutto after her 20 year old brother bilawal bhutto
0.0 0.0 0.0 0.3661388464626394 0.07687150110791918 0.29561177219779283 0.17551312195383273 0.02508709363703255 0.0 0.3885372285519213 0.608377702973355 0.04940834015281284 0.25454355323405814 0.0 0.0 0.0 0.31031057853927785 0.0 0.39147901799748963 0.0 0.363268836805614 0.0 0.0 0.0 0.0 0.0 0.0 0.0 0.0 0.0 0.0 0.0 0.43696077612887096 0.0 0.22145714988595055 0.3514646782490169 0.0 0.0 0.0 0.0 0.0 0.0 0.0 0.0 0.24761513937191793 0.0 0.0 0.0 0.0
