or even looks at the cars illegal parking in nypd traffic is another story moreover was not mood to check either and furthermore no illegally parked vehicles park a look that also whats more state where it could this of noticing police were cops interested ticketing new york city did bother with deal able control for
or even looks at the cars illegal parking in nypd traffic is another story
0.23073544095796975 0.26147813615830157 0.4830969207569683 0.22125713242174821 0.030462899416396665 0.5071306519441979 0.42865834561076144 0.52306947703807 0.07355933588976293 0.5390083021319422 0.46839320259952916 0.09334396563104473 0.34707995985305795 0.47179520609876163 0.0 0.0 0.0 0.0 0.0 0.0 0.0 0.0 0.0 0.0 0.0 0.0 0.0 0.0 0.0 0.0 0.0 0.0 0.0 0.0 0.0 0.0 0.0 0.0 0.0 0.0 0.0 0.0 0.0 0.0 0.0 0.0 0.0 0.0 0.0 0.0 0.0 0.0 0.0 0.0 0.0 0.0
moreover nypd traffic was not in the mood to check illegal parking either
0.0 0.0 0.0 0.0 0.0328061993715041 0.0 0.46163206450389693 0.5633055906563831 0.07921774634282162 0.5804704792190146 0.5044234489533391 0.0 0.0 0.0 0.5119341004582557 0.16906299469185632 0.16466365294133567 0.6092930522529693 0.08306725459316619 0.4992356581229135 0.4242064544118242 0.0 0.0 0.0 0.0 0.0 0.0 0.0 0.0 0.0 0.0 0.0 0.0 0.0 0.0 0.0 0.0 0.0 0.0 0.0 0.0 0.0 0.0 0.0 0.0 0.0 0.0 0.0 0.0 0.0 0.0 0.0 0.0 0.0 0.0 0.0
and furthermore nypd traffic was in no mood to check the illegally parked vehicles
0.0 0.0 0.0 0.0 0.030462899416396665 0.0 0.0 0.0 0.07355933588976293 0.5390083021319422 0.46839320259952916 0.0 0.0 0.0 0.0 0.15698706649958089 0.0 0.5657721199491857 0.07713387926508289 0.4635759682569911 0.0 0.07099750284302085 0.63802932792622 0.23774631797093498 0.5043291724332492 0.5436181964989115 0.47722277088289894 0.0 0.0 0.0 0.0 0.0 0.0 0.0 0.0 0.0 0.0 0.0 0.0 0.0 0.0 0.0 0.0 0.0 0.0 0.0 0.0 0.0 0.0 0.0 0.0 0.0 0.0 0.0 0.0 0.0
illegal park and nypd traffic was in a mood to look at the vehicles
0.0 0.0 0.0 0.22125713242174821 0.030462899416396665 0.0 0.42865834561076144 0.0 0.07355933588976293 0.5390083021319422 0.46839320259952916 0.0 0.0 0.0 0.0 0.15698706649958089 0.0 0.5657721199491857 0.07713387926508289 0.0 0.0 0.07099750284302085 0.0 0.0 0.0 0.0 0.47722277088289894 0.737050353720498 0.10127738194083881 0.41329324706669396 0.0 0.0 0.0 0.0 0.0 0.0 0.0 0.0 0.0 0.0 0.0 0.0 0.0 0.0 0.0 0.0 0.0 0.0 0.0 0.0 0.0 0.0 0.0 0.0 0.0 0.0
a28z6a8uc4er3x
and moreover that nypd traffic was also not in a mood to look at illegal parked cars
0.0 0.0 0.0 0.18221175611202794 0.0 0.41763700748345706 0.3530127552088624 0.0 0.06057827661509889 0.4438891899910112 0.385735578611377 0.0 0.0 0.0 0.39147901799748963 0.1292834665290666 0.12591926401396258 0.4659299811346235 0.06352201821830356 0.0 0.0 0.058468531753075995 0.0 0.0 0.0 0.44768557358733885 0.0 0.0 0.08340490277480843 0.3403591446431597 0.07106320142704704 0.16230267388701594 0.0 0.0 0.0 0.0 0.0 0.0 0.0 0.0 0.0 0.0 0.0 0.0 0.0 0.0 0.0 0.0 0.0 0.0 0.0 0.0 0.0 0.0 0.0 0.0
a3sw1e5d0b9v9a
moreover traffic nypd was also not in the mood to look at the illegally parked vehicles
0.0 0.0 0.0 0.19359999086902968 0.05331007397869417 0.0 0.0 0.0 0.06436441890354257 0.47163226436544936 0.40984405227458803 0.0 0.0 0.0 0.41594645662233276 0.13736368318713327 0.13378921801483523 0.4950506049555375 0.06749214435694753 0.0 0.0 0.0 0.0 0.0 0.44128802587909305 0.47566592193654755 0.41756992452253655 0.0 0.0 0.3616315911833572 0.0 0.17244659100495444 0.0 0.0 0.0 0.0 0.0 0.0 0.0 0.0 0.0 0.0 0.0 0.0 0.0 0.0 0.0 0.0 0.0 0.0 0.0 0.0 0.0 0.0 0.0 0.0
a3dd3acpmvdvca
whats more nypd traffic was not in the state where it could look at illegally parked vehicles
0.0 0.0 0.0 0.18221175611202794 0.02508709363703255 0.0 0.0 0.0 0.06057827661509889 0.4438891899910112 0.385735578611377 0.0 0.0 0.0 0.0 0.1292834665290666 0.12591926401396258 0.0 0.0 0.0 0.0 0.0 0.0 0.0 0.41532990670973463 0.44768557358733885 0.39300698778591675 0.0 0.0 0.3403591446431597 0.0 0.0 0.41097061423010395 0.21303945320120507 0.26041533766242353 0.26621713786487217 0.11912679041333091 0.25366775249913165 0.0 0.0 0.0 0.0 0.0 0.0 0.0 0.0 0.0 0.0 0.0 0.0 0.0 0.0 0.0 0.0 0.0 0.0
a8v7wa74iohz9
not this nypd traffic was not in the mood of noticing illegally parked vehicles
0.0 0.0 0.0 0.0 0.030462899416396665 0.0 0.0 0.0 0.07355933588976293 0.5390083021319422 0.46839320259952916 0.0 0.0 0.0 0.0 0.15698706649958089 0.30580392689105196 0.5657721199491857 0.0 0.0 0.0 0.0 0.0 0.0 0.5043291724332492 0.5436181964989115 0.47722277088289894 0.0 0.0 0.0 0.0 0.0 0.0 0.0 0.0 0.0 0.0 0.0 0.12239292023914428 0.05999584161412987 0.6585780473870615 0.0 0.0 0.0 0.0 0.0 0.0 0.0 0.0 0.0 0.0 0.0 0.0 0.0 0.0 0.0
a1nee8mf6oybf8
the nypd traffic police were also not in a mood to look at illegal parked cars
0.0 0.0 0.0 0.19359999086902968 0.026655036989347083 0.44373932045117315 0.37507605240941627 0.0 0.06436441890354257 0.47163226436544936 0.40984405227458803 0.0 0.0 0.0 0.0 0.0 0.13378921801483523 0.4950506049555375 0.06749214435694753 0.0 0.0 0.0 0.0 0.0 0.0 0.47566592193654755 0.0 0.0 0.08861770919823396 0.3616315911833572 0.0 0.17244659100495444 0.0 0.0 0.0 0.0 0.0 0.0 0.0 0.0 0.0 0.2375646049484185 0.18447674326287242 0.0 0.0 0.0 0.0 0.0 0.0 0.0 0.0 0.0 0.0 0.0 0.0 0.0
a2qxd8jqk5bvez
and moreover nypd was not in a mood to look at illegally parked cars
0.0 0.0 0.0 0.22125713242174821 0.0 0.5071306519441979 0.0 0.0 0.07355933588976293 0.5390083021319422 0.0 0.0 0.0 0.0 0.47536737899695175 0.15698706649958089 0.15290196344552598 0.5657721199491857 0.07713387926508289 0.0 0.0 0.07099750284302085 0.0 0.0 0.5043291724332492 0.5436181964989115 0.0 0.0 0.10127738194083881 0.41329324706669396 0.0 0.0 0.0 0.0 0.0 0.0 0.0 0.0 0.0 0.0 0.0 0.0 0.0 0.0 0.0 0.0 0.0 0.0 0.0 0.0 0.0 0.0 0.0 0.0 0.0 0.0
au2ar4vob7vlv
moreover the nypd was not in a mood to look at illegally parked cars
0.0 0.0 0.0 0.22125713242174821 0.030462899416396665 0.5071306519441979 0.0 0.0 0.07355933588976293 0.5390083021319422 0.0 0.0 0.0 0.0 0.47536737899695175 0.15698706649958089 0.15290196344552598 0.5657721199491857 0.07713387926508289 0.0 0.0 0.0 0.0 0.0 0.5043291724332492 0.5436181964989115 0.0 0.0 0.10127738194083881 0.41329324706669396 0.0 0.0 0.0 0.0 0.0 0.0 0.0 0.0 0.0 0.0 0.0 0.0 0.0 0.0 0.0 0.0 0.0 0.0 0.0 0.0 0.0 0.0 0.0 0.0 0.0 0.0
ajh0yow6plss8
even the traffic cops were not interested in ticketing the illegally parked vehicles
0.0 0.2815918389397094 0.0 0.0 0.0656123987430082 0.0 0.0 0.0 0.07921774634282162 0.0 0.5044234489533391 0.0 0.0 0.0 0.0 0.0 0.16466365294133567 0.0 0.0 0.0 0.0 0.0 0.0 0.0 0.5431237241588838 0.5854349808449816 0.513932214796968 0.0 0.0 0.0 0.0 0.0 0.0 0.0 0.0 0.0 0.0 0.0 0.0 0.0 0.0 0.0 0.22704829940045837 0.6699436184348362 0.5271514653297881 0.7937465347759208 0.0 0.0 0.0 0.0 0.0 0.0 0.0 0.0 0.0 0.0
a31ikb373dzonk
also new york city traffic police did not bother with illegally parked vehicles
0.0 0.0 0.0 0.0 0.0 0.0 0.0 0.0 0.0 0.0 0.5044234489533391 0.0 0.0 0.0 0.0 0.0 0.16466365294133567 0.0 0.0 0.0 0.0 0.0 0.0 0.0 0.5431237241588838 0.5854349808449816 0.513932214796968 0.0 0.0 0.0 0.0 0.21224195815994393 0.0 0.0 0.0 0.0 0.0 0.0 0.0 0.0 0.0 0.29238720609036123 0.0 0.0 0.0 0.0 0.2803187354055804 0.5224880328823699 0.3705728262724803 0.3104952465531511 0.6337894931082412 0.18079888092878876 0.0 0.0 0.0 0.0
a3m6cl5oao31z
moreover the nypd was also not in the mood to deal with the illegally parked vehicles
0.0 0.0 0.0 0.0 0.07996511096804125 0.0 0.0 0.0 0.06436441890354257 0.47163226436544936 0.0 0.0 0.0 0.0 0.41594645662233276 0.13736368318713327 0.13378921801483523 0.4950506049555375 0.06749214435694753 0.0 0.0 0.0 0.0 0.0 0.44128802587909305 0.47566592193654755 0.41756992452253655 0.0 0.0 0.0 0.0 0.17244659100495444 0.0 0.0 0.0 0.0 0.0 0.0 0.0 0.0 0.0 0.0 0.0 0.0 0.0 0.0 0.0 0.0 0.0 0.0 0.0 0.14689909075464086 0.3694991065514199 0.0 0.0 0.0
a279zamy03pduy
whats more nypd traffic was not able to look at illegally parked vehicles
0.0 0.0 0.0 0.23827691183880575 0.0 0.0 0.0 0.0 0.0 0.5804704792190146 0.5044234489533391 0.0 0.0 0.0 0.0 0.16906299469185632 0.16466365294133567 0.0 0.08306725459316619 0.0 0.0 0.0 0.0 0.0 0.5431237241588838 0.5854349808449816 0.513932214796968 0.0 0.0 0.44508503530259347 0.0 0.0 0.5374231109162898 0.27859005418619126 0.0 0.0 0.0 0.0 0.0 0.0 0.0 0.0 0.0 0.0 0.0 0.0 0.0 0.0 0.0 0.0 0.0 0.0 0.0 0.4169896270873892 0.0 0.0
a1b6zigmal4vx5
whats more nypd traffic was not in the state where it could look at illegally parked vehicles
0.0 0.0 0.0 0.18221175611202794 0.02508709363703255 0.0 0.0 0.0 0.06057827661509889 0.4438891899910112 0.385735578611377 0.0 0.0 0.0 0.0 0.1292834665290666 0.12591926401396258 0.0 0.0 0.0 0.0 0.0 0.0 0.0 0.41532990670973463 0.44768557358733885 0.39300698778591675 0.0 0.0 0.3403591446431597 0.0 0.0 0.41097061423010395 0.21303945320120507 0.26041533766242353 0.26621713786487217 0.11912679041333091 0.25366775249913165 0.0 0.0 0.0 0.0 0.0 0.0 0.0 0.0 0.0 0.0 0.0 0.0 0.0 0.0 0.0 0.0 0.0 0.0
a291u81kgj6l9n
nypd traffic was not in the state where it could look at illegally parked vehicles
0.0 0.0 0.0 0.206506656926965 0.028432039455303555 0.0 0.0 0.0 0.06865538016377874 0.503074415323146 0.4371669890928939 0.0 0.0 0.0 0.0 0.1465212620662755 0.14270849921582424 0.0 0.0 0.0 0.0 0.0 0.0 0.0 0.4707072276043659 0.5073769833989841 0.44540791949070563 0.0 0.0 0.38574036392891436 0.0 0.0 0.0 0.0 0.29513738268408 0.3017127562468552 0.1350103624684417 0.2874901194990159 0.0 0.0 0.0 0.0 0.0 0.0 0.0 0.0 0.0 0.0 0.0 0.0 0.0 0.0 0.0 0.0 0.0 0.0
amd40d0gc1l4r
nypd traffic control was not in the mood for noticing illegally parked vehicles
0.0 0.0 0.0 0.0 0.0328061993715041 0.0 0.0 0.0 0.07921774634282162 0.5804704792190146 0.5044234489533391 0.0 0.0 0.0 0.0 0.16906299469185632 0.16466365294133567 0.6092930522529693 0.0 0.0 0.0 0.0 0.0 0.0 0.5431237241588838 0.5854349808449816 0.513932214796968 0.0 0.0 0.0 0.0 0.0 0.0 0.0 0.0 0.0 0.0 0.0 0.0 0.0 0.7092378971860662 0.0 0.0 0.0 0.0 0.0 0.0 0.0 0.0 0.0 0.0 0.0 0.0 0.0 0.38206513989314644 0.1485161307032627
