his supporters have an obligation to not attach unrealistic expectations this man it is important for fans repose hopes from him necessary those who love pin on should obamas expect something admire that they do make about people unreal likes over but like excessive of
his supporters have an obligation to not attach unrealistic expectations to this man
0.205418609321927 0.4787969530665285 0.17599769446064842 0.22695117429042996 0.6337894931082412 0.16613450918633238 0.16466365294133567 0.6699436184348362 0.6025998694076131 0.4658480826958196 0.13180776025753999 0.3458199274310732 0.0 0.0 0.0 0.0 0.0 0.0 0.0 0.0 0.0 0.0 0.0 0.0 0.0 0.0 0.0 0.0 0.0 0.0 0.0 0.0 0.0 0.0 0.0 0.0 0.0 0.0 0.0 0.0 0.0 0.0 0.0 0.0 0.0
it is important for his fans not to repose unrealistic hopes from him
0.205418609321927 0.0 0.0 0.0 0.0 0.08306725459316619 0.16466365294133567 0.0 0.6025998694076131 0.0 0.0 0.0 0.15578118746358657 0.10052427067958664 0.365706503443406 0.1485161307032627 0.5461407020937515 0.7937465347759208 0.5080871450294355 0.185607279956003 0.2864839609490148 0.0 0.0 0.0 0.0 0.0 0.0 0.0 0.0 0.0 0.0 0.0 0.0 0.0 0.0 0.0 0.0 0.0 0.0 0.0 0.0 0.0 0.0 0.0 0.0
it is necessary for those who love him not to pin unrealistic hopes on him
0.0 0.0 0.0 0.0 0.0 0.0719916206474107 0.14270849921582424 0.0 0.5222532201532647 0.0 0.0 0.0 0.1350103624684417 0.08712103458897508 0.0 0.12871397994282768 0.0 0.0 0.44034219235884414 0.0 0.4965721989782923 0.4341361641544434 0.26581354014621866 0.19627172912453503 0.3733470720527918 0.6879136634724647 0.12486718415838688 0.0 0.0 0.0 0.0 0.0 0.0 0.0 0.0 0.0 0.0 0.0 0.0 0.0 0.0 0.0 0.0 0.0 0.0
his fans should not have unrealistic expectations for him
0.2967157690205612 0.0 0.2542188919987144 0.0 0.0 0.0 0.23784749869304042 0.0 0.8704220335887745 0.6728916750050727 0.0 0.0 0.0 0.0 0.0 0.21452329990471278 0.7888699030243078 0.0 0.0 0.0 0.4138101658152436 0.0 0.0 0.0 0.0 0.0 0.0 0.33269055252649316 0.0 0.0 0.0 0.0 0.0 0.0 0.0 0.0 0.0 0.0 0.0 0.0 0.0 0.0 0.0 0.0 0.0
a2de039cxxjuga
obamas fans should not expect something unrealistic from him
0.0 0.0 0.0 0.0 0.0 0.0 0.23784749869304042 0.0 0.8704220335887745 0.0 0.0 0.0 0.0 0.0 0.0 0.0 0.7888699030243078 0.0 0.0 0.26809940438089325 0.4138101658152436 0.0 0.0 0.0 0.0 0.0 0.0 0.33269055252649316 0.6555404826989304 0.7096532577069605 0.6173923352543571 0.0 0.0 0.0 0.0 0.0 0.0 0.0 0.0 0.0 0.0 0.0 0.0 0.0 0.0
a3dd3acpmvdvca
it is necessary for those who admire him that they do not make unrealistic expectations about him
0.0 0.0 0.0 0.0 0.0 0.0 0.12591926401396258 0.0 0.4608116648411159 0.35623676912033264 0.0 0.0 0.11912679041333091 0.07687150110791918 0.0 0.11357115877308324 0.0 0.0 0.0 0.0 0.4381519402749638 0.3830613213127442 0.23454135895254585 0.17318093746282504 0.0 0.0 0.0 0.0 0.0 0.0 0.0 0.5254359171157106 0.07106320142704704 0.15198286812142292 0.19046100325859935 0.26822371636527587 0.18329669150374903 0.0 0.0 0.0 0.0 0.0 0.0 0.0 0.0
a1wyssw33m2fz2
people who love him have to have unreal expectations from him
0.0 0.0 0.4159945505433508 0.0 0.0 0.09817039179192368 0.0 0.0 0.0 0.5505477340950595 0.0 0.0 0.0 0.0 0.0 0.0 0.0 0.0 0.0 0.21935405812982173 0.6771439076976713 0.0 0.0 0.26764326698800234 0.5091096437083524 0.0 0.0 0.0 0.0 0.0 0.0 0.0 0.0 0.0 0.0 0.0 0.0 0.24607841386423218 0.8120373264515528 0.0 0.0 0.0 0.0 0.0 0.0
a2i57ww1b3evwx
it is necessary for people who likes him not to have over expectations from him
0.0 0.0 0.15253133519922862 0.0 0.0 0.0719916206474107 0.14270849921582424 0.0 0.0 0.40373500500304366 0.0 0.0 0.1350103624684417 0.08712103458897508 0.0 0.12871397994282768 0.0 0.0 0.0 0.16085964262853594 0.4965721989782923 0.4341361641544434 0.0 0.19627172912453503 0.0 0.0 0.0 0.0 0.0 0.0 0.0 0.0 0.0 0.0 0.0 0.0 0.0 0.18045750350043693 0.0 0.5414320249833834 0.24901971532854708 0.0 0.0 0.0 0.0
a1gnof24z9gaez
but obamas fans should not expect something unrealistic from him
0.0 0.0 0.0 0.0 0.0 0.0 0.21406274882373638 0.0 0.7833798302298971 0.0 0.0 0.0 0.0 0.0 0.0 0.0 0.7099829127218771 0.0 0.0 0.2412894639428039 0.3724291492337192 0.0 0.0 0.0 0.0 0.0 0.0 0.2994214972738439 0.5899864344290373 0.6386879319362645 0.5556531017289215 0.0 0.0 0.0 0.0 0.0 0.0 0.0 0.0 0.0 0.0 0.26116422967164976 0.0 0.0 0.0
aclg2ttpdpj36
obamas fans should not expect something unrealistic from him
0.0 0.0 0.0 0.0 0.0 0.0 0.23784749869304042 0.0 0.8704220335887745 0.0 0.0 0.0 0.0 0.0 0.0 0.0 0.7888699030243078 0.0 0.0 0.26809940438089325 0.4138101658152436 0.0 0.0 0.0 0.0 0.0 0.0 0.33269055252649316 0.6555404826989304 0.7096532577069605 0.6173923352543571 0.0 0.0 0.0 0.0 0.0 0.0 0.0 0.0 0.0 0.0 0.0 0.0 0.0 0.0
attzel5iaoiw5
obamas fans should not expect something unrealistic from him
0.0 0.0 0.0 0.0 0.0 0.0 0.23784749869304042 0.0 0.8704220335887745 0.0 0.0 0.0 0.0 0.0 0.0 0.0 0.7888699030243078 0.0 0.0 0.26809940438089325 0.4138101658152436 0.0 0.0 0.0 0.0 0.0 0.0 0.33269055252649316 0.6555404826989304 0.7096532577069605 0.6173923352543571 0.0 0.0 0.0 0.0 0.0 0.0 0.0 0.0 0.0 0.0 0.0 0.0 0.0 0.0
a6tw9zegog7ph
it is necessary for those who admire him not to have unrealistic expectations for him
0.0 0.0 0.15253133519922862 0.0 0.0 0.0719916206474107 0.14270849921582424 0.0 0.5222532201532647 0.40373500500304366 0.0 0.0 0.1350103624684417 0.08712103458897508 0.0 0.25742795988565537 0.0 0.0 0.0 0.0 0.4965721989782923 0.4341361641544434 0.26581354014621866 0.19627172912453503 0.0 0.0 0.0 0.0 0.0 0.0 0.0 0.5954940393978053 0.0 0.0 0.0 0.0 0.0 0.0 0.0 0.0 0.0 0.0 0.0 0.0 0.0
air4uqnpimfcj
it is necessary for those who admire him that they do not make unrealistic expectations about him
0.0 0.0 0.0 0.0 0.0 0.0 0.12591926401396258 0.0 0.4608116648411159 0.35623676912033264 0.0 0.0 0.11912679041333091 0.07687150110791918 0.0 0.11357115877308324 0.0 0.0 0.0 0.0 0.4381519402749638 0.3830613213127442 0.23454135895254585 0.17318093746282504 0.0 0.0 0.0 0.0 0.0 0.0 0.0 0.5254359171157106 0.07106320142704704 0.15198286812142292 0.19046100325859935 0.26822371636527587 0.18329669150374903 0.0 0.0 0.0 0.0 0.0 0.0 0.0 0.0
ao4irwzdpd1xj
it is necessary for those who admire him to not make unrealistic expectations for him
0.0 0.0 0.0 0.0 0.0 0.0719916206474107 0.14270849921582424 0.0 0.5222532201532647 0.40373500500304366 0.0 0.0 0.1350103624684417 0.08712103458897508 0.0 0.25742795988565537 0.0 0.0 0.0 0.0 0.4965721989782923 0.4341361641544434 0.26581354014621866 0.19627172912453503 0.0 0.0 0.0 0.0 0.0 0.0 0.0 0.5954940393978053 0.0 0.0 0.0 0.30398687854731266 0.0 0.0 0.0 0.0 0.0 0.0 0.0 0.0 0.0
a6tw9zegog7ph
people who love him have to have unreal expectations from him
0.0 0.0 0.4159945505433508 0.0 0.0 0.09817039179192368 0.0 0.0 0.0 0.5505477340950595 0.0 0.0 0.0 0.0 0.0 0.0 0.0 0.0 0.0 0.21935405812982173 0.6771439076976713 0.0 0.0 0.26764326698800234 0.5091096437083524 0.0 0.0 0.0 0.0 0.0 0.0 0.0 0.0 0.0 0.0 0.0 0.0 0.24607841386423218 0.8120373264515528 0.0 0.0 0.0 0.0 0.0 0.0
a3w129h6a0hk4d
people who love him have to have unreal expectations from him
0.0 0.0 0.4159945505433508 0.0 0.0 0.09817039179192368 0.0 0.0 0.0 0.5505477340950595 0.0 0.0 0.0 0.0 0.0 0.0 0.0 0.0 0.0 0.21935405812982173 0.6771439076976713 0.0 0.0 0.26764326698800234 0.5091096437083524 0.0 0.0 0.0 0.0 0.0 0.0 0.0 0.0 0.0 0.0 0.0 0.0 0.24607841386423218 0.8120373264515528 0.0 0.0 0.0 0.0 0.0 0.0
a2zhr3rebfem5a
people who love him have unreal expectations from him
0.0 0.0 0.2542188919987144 0.0 0.0 0.0 0.0 0.0 0.0 0.6728916750050727 0.0 0.0 0.0 0.0 0.0 0.0 0.0 0.0 0.0 0.26809940438089325 0.8276203316304872 0.0 0.0 0.32711954854089176 0.6222451200879863 0.0 0.0 0.0 0.0 0.0 0.0 0.0 0.0 0.0 0.0 0.0 0.0 0.30076250583406156 0.9924900656630089 0.0 0.0 0.0 0.0 0.0 0.0
amd40d0gc1l4r
it is necessary for people who like him not to have excessive expectations of him
0.0 0.0 0.15253133519922862 0.0 0.0 0.0719916206474107 0.14270849921582424 0.0 0.0 0.40373500500304366 0.0 0.0 0.1350103624684417 0.08712103458897508 0.0 0.12871397994282768 0.0 0.0 0.0 0.0 0.4965721989782923 0.4341361641544434 0.0 0.19627172912453503 0.0 0.0 0.0 0.0 0.0 0.0 0.0 0.0 0.0 0.0 0.0 0.0 0.0 0.18045750350043693 0.0 0.0 0.0 0.0 0.2517488661053444 0.6417038514351351 0.05599611883985455
