this is the first incident of its kind in current tense situation circumstances was during present a unique it nature strained tensed there are many problems faced people world not under control human beings own if by that facing things face extend beyond such and comes
this is the first incident of its kind in the current tense situation
0.13180776025753999 0.10052427067958664 0.0656123987430082 0.3015469244270587 0.3562868919805501 0.06461090635367833 0.25490945864416237 0.4199148113634845 0.07921774634282162 0.43722892029671806 0.6337894931082412 0.3149343479085855 0.0 0.0 0.0 0.0 0.0 0.0 0.0 0.0 0.0 0.0 0.0 0.0 0.0 0.0 0.0 0.0 0.0 0.0 0.0 0.0 0.0 0.0 0.0 0.0 0.0 0.0 0.0 0.0 0.0 0.0 0.0 0.0 0.0 0.0
in the current circumstances this was the first incident of this kind
0.2855834805580033 0.0 0.07108009863825888 0.3266758347959803 0.3859774663122626 0.06999514854981818 0.0 0.4549077123104415 0.08581922520472342 0.4736646636547779 0.0 0.0 0.5133184890606083 0.18315157758284437 0.0 0.0 0.0 0.0 0.0 0.0 0.0 0.0 0.0 0.0 0.0 0.0 0.0 0.0 0.0 0.0 0.0 0.0 0.0 0.0 0.0 0.0 0.0 0.0 0.0 0.0 0.0 0.0 0.0 0.0 0.0 0.0
this is the first incident of its kind during the present tense situation
0.13180776025753999 0.10052427067958664 0.0656123987430082 0.3015469244270587 0.3562868919805501 0.06461090635367833 0.25490945864416237 0.4199148113634845 0.0 0.0 0.6337894931082412 0.3149343479085855 0.0 0.0 0.30257773485301886 0.3433563869141957 0.0 0.0 0.0 0.0 0.0 0.0 0.0 0.0 0.0 0.0 0.0 0.0 0.0 0.0 0.0 0.0 0.0 0.0 0.0 0.0 0.0 0.0 0.0 0.0 0.0 0.0 0.0 0.0 0.0 0.0
in the current tense situation this is a unique incident
0.17135008833480198 0.13068155188346262 0.042648059182955333 0.0 0.4631729595747151 0.0 0.0 0.0 0.1029830702456681 0.5683975963857335 0.8239263410407135 0.40941465228116114 0.0 0.0 0.0 0.0 0.14178833471717434 0.7374265972920531 0.0 0.0 0.0 0.0 0.0 0.0 0.0 0.0 0.0 0.0 0.0 0.0 0.0 0.0 0.0 0.0 0.0 0.0 0.0 0.0 0.0 0.0 0.0 0.0 0.0 0.0 0.0 0.0
a2xknsbfsj3hso
it is the first incident of its nature in the present strained situation
0.0 0.10052427067958664 0.0656123987430082 0.3015469244270587 0.3562868919805501 0.06461090635367833 0.25490945864416237 0.0 0.07921774634282162 0.0 0.0 0.3149343479085855 0.0 0.0 0.0 0.3433563869141957 0.0 0.0 0.15578118746358657 0.49596184162915996 0.6440611386947429 0.0 0.0 0.0 0.0 0.0 0.0 0.0 0.0 0.0 0.0 0.0 0.0 0.0 0.0 0.0 0.0 0.0 0.0 0.0 0.0 0.0 0.0 0.0 0.0 0.0
a1wyssw33m2fz2
this is the first of its kind incident in the current tensed situation
0.13180776025753999 0.10052427067958664 0.0656123987430082 0.3015469244270587 0.3562868919805501 0.06461090635367833 0.25490945864416237 0.4199148113634845 0.07921774634282162 0.43722892029671806 0.0 0.3149343479085855 0.0 0.0 0.0 0.0 0.0 0.0 0.0 0.0 0.0 0.6871085069974677 0.0 0.0 0.0 0.0 0.0 0.0 0.0 0.0 0.0 0.0 0.0 0.0 0.0 0.0 0.0 0.0 0.0 0.0 0.0 0.0 0.0 0.0 0.0 0.0
a172x4w90uost1
there are many problems faced the people in the world it is not under the control of human beings
0.0 0.06877976414919085 0.06733904081519264 0.0 0.0 0.04420746224199044 0.0 0.0 0.054201615918772685 0.0 0.0 0.0 0.0 0.0 0.0 0.0 0.0 0.0 0.10658712826455922 0.0 0.0 0.0 0.15073605277489316 0.1108492923080435 0.2068496603442811 0.2463342254080645 0.32420115098564734 0.14246645013192388 0.17479520890026548 0.11266460464407177 0.23100609519458293 0.2614129904532055 0.23403090329534498 0.3331432055538261 0.0 0.0 0.0 0.0 0.0 0.0 0.0 0.0 0.0 0.0 0.0 0.0
a8v7wa74iohz9
in the current tensed situation it is the first incident of its own kind
0.0 0.09334396563104473 0.06092579883279333 0.2800078583965545 0.3308378282676537 0.05999584161412987 0.23670164016957934 0.3899208962660928 0.07355933588976293 0.4059982831326668 0.0 0.29243903734368654 0.0 0.0 0.0 0.0 0.0 0.0 0.1446539597876161 0.0 0.0 0.63802932792622 0.0 0.0 0.0 0.0 0.0 0.0 0.0 0.0 0.0 0.0 0.0 0.0 0.3029330506241383 0.0 0.0 0.0 0.0 0.0 0.0 0.0 0.0 0.0 0.0 0.0
a2dwqf4zhhblow
it is the first incident of its nature in the present strained situation
0.0 0.10052427067958664 0.0656123987430082 0.3015469244270587 0.3562868919805501 0.06461090635367833 0.25490945864416237 0.0 0.07921774634282162 0.0 0.0 0.3149343479085855 0.0 0.0 0.0 0.3433563869141957 0.0 0.0 0.15578118746358657 0.49596184162915996 0.6440611386947429 0.0 0.0 0.0 0.0 0.0 0.0 0.0 0.0 0.0 0.0 0.0 0.0 0.0 0.0 0.0 0.0 0.0 0.0 0.0 0.0 0.0 0.0 0.0 0.0 0.0
a1dndzlo2d5d48
it is the first incident of this kind in the present strained situation
0.13180776025753999 0.10052427067958664 0.0656123987430082 0.3015469244270587 0.3562868919805501 0.06461090635367833 0.0 0.4199148113634845 0.07921774634282162 0.0 0.0 0.3149343479085855 0.0 0.0 0.0 0.3433563869141957 0.0 0.0 0.15578118746358657 0.0 0.6440611386947429 0.0 0.0 0.0 0.0 0.0 0.0 0.0 0.0 0.0 0.0 0.0 0.0 0.0 0.0 0.0 0.0 0.0 0.0 0.0 0.0 0.0 0.0 0.0 0.0 0.0
al2rcq9eyun61
this is the first incident of its kind in the current situation
0.14279174027900166 0.10890129323621885 0.07108009863825888 0.3266758347959803 0.3859774663122626 0.06999514854981818 0.2761519135311759 0.4549077123104415 0.08581922520472342 0.4736646636547779 0.0 0.3411788769009676 0.0 0.0 0.0 0.0 0.0 0.0 0.0 0.0 0.0 0.0 0.0 0.0 0.0 0.0 0.0 0.0 0.0 0.0 0.0 0.0 0.0 0.0 0.0 0.0 0.0 0.0 0.0 0.0 0.0 0.0 0.0 0.0 0.0 0.0
a2rcbwy8ulhnj0
this is the first incident if its kind in the current tense situation
0.13180776025753999 0.10052427067958664 0.0656123987430082 0.3015469244270587 0.3562868919805501 0.0 0.25490945864416237 0.4199148113634845 0.07921774634282162 0.43722892029671806 0.6337894931082412 0.3149343479085855 0.0 0.0 0.0 0.0 0.0 0.0 0.0 0.0 0.0 0.0 0.0 0.0 0.0 0.0 0.0 0.0 0.0 0.0 0.0 0.0 0.0 0.0 0.0 0.23222366040990844 0.0 0.0 0.0 0.0 0.0 0.0 0.0 0.0 0.0 0.0
a6tw9zegog7ph
this is the first of its kind incident in the current tensed situation
0.13180776025753999 0.10052427067958664 0.0656123987430082 0.3015469244270587 0.3562868919805501 0.06461090635367833 0.25490945864416237 0.4199148113634845 0.07921774634282162 0.43722892029671806 0.0 0.3149343479085855 0.0 0.0 0.0 0.0 0.0 0.0 0.0 0.0 0.0 0.6871085069974677 0.0 0.0 0.0 0.0 0.0 0.0 0.0 0.0 0.0 0.0 0.0 0.0 0.0 0.0 0.0 0.0 0.0 0.0 0.0 0.0 0.0 0.0 0.0 0.0
a2qxd8jqk5bvez
this is the first incident of this kind in the current tensed situation
0.26361552051507997 0.10052427067958664 0.0656123987430082 0.3015469244270587 0.3562868919805501 0.06461090635367833 0.0 0.4199148113634845 0.07921774634282162 0.43722892029671806 0.0 0.3149343479085855 0.0 0.0 0.0 0.0 0.0 0.0 0.0 0.0 0.0 0.6871085069974677 0.0 0.0 0.0 0.0 0.0 0.0 0.0 0.0 0.0 0.0 0.0 0.0 0.0 0.0 0.0 0.0 0.0 0.0 0.0 0.0 0.0 0.0 0.0 0.0
a3l62wt9zlhu7v
there are many problems faced by people in the world that are not under the control of human beings
0.0 0.0 0.044892693876795085 0.0 0.0 0.04420746224199044 0.0 0.0 0.054201615918772685 0.0 0.0 0.0 0.0 0.0 0.0 0.0 0.0 0.0 0.0 0.0 0.0 0.0 0.15073605277489316 0.221698584616087 0.2068496603442811 0.2463342254080645 0.32420115098564734 0.14246645013192388 0.17479520890026548 0.11266460464407177 0.23100609519458293 0.2614129904532055 0.23403090329534498 0.3331432055538261 0.0 0.0 0.13133996112639199 0.06358286443472631 0.0 0.0 0.0 0.0 0.0 0.0 0.0 0.0
a143awku99stc9
there are many problems facing the people of the world many things are not under the control of human beings
0.0 0.0 0.063972088774433 0.0 0.0 0.08399417825978182 0.0 0.0 0.0 0.0 0.0 0.0 0.0 0.0 0.0 0.0 0.0 0.0 0.0 0.0 0.0 0.0 0.14319925013614848 0.21061365538528265 0.3930143546541341 0.23401751413766125 0.0 0.13534312762532769 0.16605544845525222 0.10703137441186819 0.2194557904348538 0.2483423409305452 0.22232935813057772 0.3164860452761348 0.0 0.0 0.0 0.0 0.27179515147503 0.271043257606803 0.0 0.0 0.0 0.0 0.0 0.0
a2eldzaxlm8quo
many problems face the people of the world that extend beyond human control
0.0 0.0 0.0656123987430082 0.0 0.0 0.06461090635367833 0.0 0.0 0.0 0.0 0.0 0.0 0.0 0.0 0.0 0.0 0.0 0.0 0.0 0.0 0.0 0.0 0.0 0.0 0.30231873434933393 0.3600269448271712 0.0 0.208220196346658 0.25546992070038804 0.0 0.0 0.38206513989314644 0.342045166354735 0.0 0.0 0.0 0.0 0.09292880186613844 0.0 0.0 0.3705728262724803 0.5907421248055162 0.6247292595962116 0.0 0.0 0.0
a3ohqrf1mdq99b
this is the first such incident and it comes during a tense situation
0.13180776025753999 0.10052427067958664 0.0328061993715041 0.3015469244270587 0.3562868919805501 0.0 0.0 0.0 0.0 0.0 0.6337894931082412 0.3149343479085855 0.0 0.0 0.30257773485301886 0.0 0.1090679497824418 0.0 0.15578118746358657 0.0 0.0 0.0 0.0 0.0 0.0 0.0 0.0 0.0 0.0 0.0 0.0 0.0 0.0 0.0 0.0 0.0 0.0 0.0 0.0 0.0 0.0 0.0 0.0 0.3032290772452572 0.07645884921556091 0.42295564511399497
