be it karachi or mumbai the home has been set on fire by its own inhabitants whether is both have burned their people destruction caused inmates house caught from lamp resident (this an phrase used to say that city destroying city) bombay our homes are burnt with lamps( we destroyed ourselves) was houses lanterns either inside job were residents in and catch lamps (we homes)
be it karachi or mumbai the home has been set on fire by its own inhabitants
0.1341764341224469 0.12657221481416409 0.26378941687004565 0.20189351083822352 0.23738023903301717 0.026655036989347083 0.35228585781017197 0.12829985112070147 0.18404394329605064 0.3718285687262468 0.1170629851484877 0.31764143682856383 0.1559662038375905 0.20711393514838192 0.265066419296121 0.5329340926786822 0.0 0.0 0.0 0.0 0.0 0.0 0.0 0.0 0.0 0.0 0.0 0.0 0.0 0.0 0.0 0.0 0.0 0.0 0.0 0.0 0.0 0.0 0.0 0.0 0.0 0.0 0.0 0.0 0.0 0.0 0.0 0.0 0.0 0.0 0.0 0.0 0.0 0.0 0.0 0.0 0.0 0.0 0.0 0.0 0.0 0.0 0.0 0.0 0.0
whether it is karachi or mumbai both have been burned by their own people
0.0 0.1446539597876161 0.3014736192800522 0.23073544095796975 0.2712917017520196 0.0 0.0 0.0 0.21033593519548646 0.0 0.0 0.0 0.17824709010010342 0.0 0.3029330506241383 0.0 0.3432340147087135 0.09334396563104473 0.3188309307060388 0.1634264305706021 0.5801057410536251 0.21265864998027212 0.19334732517903958 0.0 0.0 0.0 0.0 0.0 0.0 0.0 0.0 0.0 0.0 0.0 0.0 0.0 0.0 0.0 0.0 0.0 0.0 0.0 0.0 0.0 0.0 0.0 0.0 0.0 0.0 0.0 0.0 0.0 0.0 0.0 0.0 0.0 0.0 0.0 0.0 0.0 0.0 0.0 0.0 0.0 0.0
whether it be karachi or mumbai the destruction has been caused by inmates
0.16514022661224234 0.15578118746358657 0.32466389768621 0.2484843210316597 0.29216029419448264 0.0328061993715041 0.0 0.1579075090716326 0.22651562251821616 0.0 0.0 0.0 0.19195840472318831 0.0 0.0 0.0 0.36963663122476836 0.0 0.0 0.0 0.0 0.0 0.0 0.4294235772071135 0.492821688204525 0.7937465347759208 0.0 0.0 0.0 0.0 0.0 0.0 0.0 0.0 0.0 0.0 0.0 0.0 0.0 0.0 0.0 0.0 0.0 0.0 0.0 0.0 0.0 0.0 0.0 0.0 0.0 0.0 0.0 0.0 0.0 0.0 0.0 0.0 0.0 0.0 0.0 0.0 0.0 0.0 0.0
whether it is karachi or mumbai the house caught fire from its own lamp
0.0 0.1446539597876161 0.3014736192800522 0.23073544095796975 0.2712917017520196 0.030462899416396665 0.0 0.0 0.0 0.0 0.0 0.3630187849469301 0.0 0.23670164016957934 0.3029330506241383 0.0 0.3432340147087135 0.09334396563104473 0.0 0.0 0.0 0.0 0.0 0.0 0.0 0.0 0.32987581276402034 0.4231611283867523 0.17234961710200278 0.6585780473870615 0.0 0.0 0.0 0.0 0.0 0.0 0.0 0.0 0.0 0.0 0.0 0.0 0.0 0.0 0.0 0.0 0.0 0.0 0.0 0.0 0.0 0.0 0.0 0.0 0.0 0.0 0.0 0.0 0.0 0.0 0.0 0.0 0.0 0.0 0.0
a3fq8i38xt2b4z
be it karachi or mumbai house set fire by its own resident (this is an phrase used to say that the inhabitants to the city destroying their own city)
0.07402837744686726 0.0698329461043664 0.14553898861795622 0.11138952322108883 0.1309684077423543 0.029412454608934713 0.0 0.0 0.0 0.20514679653861892 0.0 0.17525044790541452 0.08605031935867062 0.1142697573232452 0.29248708336123697 0.29403260285720395 0.0 0.045062604097745734 0.0 0.0 0.0 0.10266279654220034 0.0 0.0 0.0 0.0 0.1592503923688374 0.0 0.0 0.0 0.27313136825133105 0.3003195530914783 0.10173673330260655 0.3179342297730642 0.1599493911403415 0.07447409032490762 0.1349474653122803 0.041657738767579305 0.1661188531566291 0.24922974133547085 0.33191578522506987 0.0 0.0 0.0 0.0 0.0 0.0 0.0 0.0 0.0 0.0 0.0 0.0 0.0 0.0 0.0 0.0 0.0 0.0 0.0 0.0 0.0 0.0 0.0 0.0
a1wyssw33m2fz2
whether it is karachi or bombay our homes are burnt with their own lamps( we have destroyed our homes ourselves)
0.0 0.10125777185133127 0.2110315334960365 0.16151480867057882 0.0 0.0 0.0 0.0 0.0 0.0 0.0 0.0 0.0 0.0 0.2120531354368968 0.0 0.24026381029609944 0.06534077594173131 0.0 0.11439850139942147 0.0 0.14886105498619048 0.0 0.0 0.0 0.0 0.0 0.0 0.0 0.0 0.0 0.0 0.0 0.0 0.0 0.0 0.0 0.0 0.0 0.0 0.0 0.29499321721451865 0.33507957502850866 0.6986500441911767 0.10530682769264132 0.35114340430413205 0.11751927260371269 0.5159352476043486 0.1531203856198145 0.24671049446489407 0.4812778885763513 0.0 0.0 0.0 0.0 0.0 0.0 0.0 0.0 0.0 0.0 0.0 0.0 0.0 0.0
a3dd3acpmvdvca
whether it be karachi or mumbai the house was burnt by the houses own lanterns
0.14312152973061001 0.1350103624684417 0.28137537799471535 0.2153530782274384 0.253205588301885 0.05686407891060711 0.0 0.0 0.0 0.0 0.0 0.0 0.16636395076009652 0.0 0.28273751391586244 0.0 0.3203517470614659 0.0 0.0 0.0 0.0 0.0 0.0 0.0 0.0 0.0 0.30788409191308563 0.0 0.0 0.0 0.0 0.0 0.0 0.0 0.0 0.0 0.0 0.0 0.0 0.0 0.0 0.0 0.0 0.0 0.0 0.46819120573884276 0.0 0.0 0.0 0.0 0.0 0.1465212620662755 0.42198139370151305 0.5954940393978053 0.0 0.0 0.0 0.0 0.0 0.0 0.0 0.0 0.0 0.0 0.0
a8v7wa74iohz9
either karachi or mumbai it is an inside job
0.0 0.22501727078073616 0.4689589633245256 0.3589217970457307 0.42200931383647494 0.0 0.0 0.0 0.0 0.0 0.0 0.0 0.0 0.0 0.0 0.0 0.0 0.14520172431495848 0.0 0.0 0.0 0.0 0.0 0.0 0.0 0.0 0.0 0.0 0.0 0.0 0.0 0.0 0.3278183628639544 0.0 0.0 0.0 0.0 0.0 0.0 0.0 0.0 0.0 0.0 0.0 0.0 0.0 0.0 0.0 0.0 0.0 0.0 0.0 0.0 0.0 0.6127426563726349 0.7803186762314046 0.6879522852268755 0.0 0.0 0.0 0.0 0.0 0.0 0.0 0.0
a1uolde77sfe97
be it karachi or mumbai the houses were set on fire by its own residents
0.14312152973061001 0.1350103624684417 0.28137537799471535 0.2153530782274384 0.253205588301885 0.028432039455303555 0.0 0.0 0.0 0.39661713997466325 0.12486718415838688 0.33881753261713476 0.16636395076009652 0.2209215308249407 0.28273751391586244 0.0 0.0 0.0 0.0 0.0 0.0 0.0 0.0 0.0 0.0 0.0 0.0 0.0 0.0 0.0 0.0 0.0 0.0 0.0 0.0 0.0 0.0 0.0 0.0 0.0 0.0 0.0 0.0 0.0 0.0 0.0 0.0 0.0 0.0 0.0 0.0 0.0 0.42198139370151305 0.0 0.0 0.0 0.0 0.19677519281373057 0.4788807157438547 0.0 0.0 0.0 0.0 0.0 0.0
a2qxd8jqk5bvez
be it karachi or mumbai houses are set on fire by its own residents (this is an phrase used to say that the inhabitants to the city destroying their own city)
0.06925235309545646 0.06532759474279437 0.1361493764490558 0.10420310236811536 0.12251883304929918 0.027514876892229246 0.0 0.0 0.0 0.191911519342579 0.060419605237929136 0.16394396739538777 0.0804986858516596 0.1068975149152939 0.2736169489508346 0.2750627575115779 0.0 0.04215533931724601 0.0 0.0 0.0 0.09603939031367129 0.0 0.0 0.0 0.0 0.0 0.0 0.0 0.0 0.0 0.2809440980533184 0.09517307308953515 0.29742234398125356 0.14963007558290012 0.06966931030394584 0.12624117722761707 0.03897014271805806 0.1554015077916853 0.2331504031847953 0.310501863597646 0.0 0.0 0.0 0.06793988883396214 0.0 0.0 0.0 0.0 0.0 0.0 0.0 0.2041845453394418 0.0 0.0 0.0 0.0 0.0 0.2317164753599297 0.0 0.0 0.0 0.0 0.0 0.0
a31ikb373dzonk
residents in karachi and mumbai set their own houses on fire
0.0 0.0 0.38369369726552094 0.0 0.3452803476843886 0.0 0.0 0.0 0.0 0.5408415545109044 0.17027343294325484 0.4620239081142747 0.0 0.0 0.3855511553398124 0.0 0.0 0.0 0.0 0.0 0.0 0.27065646361125545 0.0 0.0 0.0 0.0 0.0 0.0 0.0 0.0 0.0 0.0 0.0 0.0 0.0 0.0 0.0 0.0 0.0 0.0 0.0 0.0 0.0 0.0 0.0 0.0 0.0 0.0 0.0 0.0 0.0 0.0 0.575429173229336 0.0 0.0 0.0 0.0 0.0 0.6530191578325292 0.09362097295060737 0.09036045816384472 0.0 0.0 0.0 0.0
a330jjzgjl7ig2
whether it is in karachi or bombay our homes catch fire from their own lamps (we have destroyed our own homes)
0.0 0.09643597319174406 0.2009824128533681 0.15382362730531315 0.0 0.0 0.0 0.0 0.0 0.0 0.0 0.2420125232979534 0.0 0.0 0.40391073416551776 0.0 0.22882267647247567 0.06222931042069649 0.0 0.10895095371373473 0.0 0.1417724333201814 0.0 0.0 0.0 0.0 0.0 0.0 0.11489974473466853 0.0 0.0 0.0 0.0 0.0 0.0 0.0 0.0 0.0 0.0 0.0 0.0 0.28094592115668443 0.3191234047890559 0.33269049723389366 0.0 0.0 0.0 0.0 0.0 0.23496237568085152 0.0 0.0 0.0 0.0 0.0 0.0 0.0 0.0 0.0 0.04903955725984196 0.0 0.35373015210432407 0.45835989388223936 0.45835989388223936 0.491366902480332
aw4q48bn2x4nt
whether it is karachi or bombay our homes are burnt with their own lamps (we have destroyed our homes ourselves)
0.0 0.10125777185133127 0.2110315334960365 0.16151480867057882 0.0 0.0 0.0 0.0 0.0 0.0 0.0 0.0 0.0 0.0 0.2120531354368968 0.0 0.24026381029609944 0.06534077594173131 0.0 0.11439850139942147 0.0 0.14886105498619048 0.0 0.0 0.0 0.0 0.0 0.0 0.0 0.0 0.0 0.0 0.0 0.0 0.0 0.0 0.0 0.0 0.0 0.0 0.0 0.29499321721451865 0.33507957502850866 0.6986500441911767 0.10530682769264132 0.35114340430413205 0.11751927260371269 0.0 0.0 0.24671049446489407 0.4812778885763513 0.0 0.0 0.0 0.0 0.0 0.0 0.0 0.0 0.0 0.0 0.0 0.4812778885763513 0.4812778885763513 0.0
al2rcq9eyun61
whether it is karachi or bombay we have destroyed our own homes
0.0 0.16876295308555211 0.3517192224933942 0.26919134778429804 0.0 0.0 0.0 0.0 0.0 0.0 0.0 0.0 0.0 0.0 0.353421892394828 0.0 0.4004396838268324 0.10890129323621885 0.0 0.1906641689990358 0.0 0.0 0.0 0.0 0.0 0.0 0.0 0.0 0.0 0.0 0.0 0.0 0.0 0.0 0.0 0.0 0.0 0.0 0.0 0.0 0.0 0.49165536202419774 0.2792329791904239 0.5822083701593139 0.0 0.0 0.0 0.0 0.25520064269969084 0.4111841574414901 0.0 0.0 0.0 0.0 0.0 0.0 0.0 0.0 0.0 0.0 0.0 0.0 0.0 0.0 0.0
ak3jmcigu8mlu
whether it be karachi or mumbai the house was burnt by the houses own lanterns
0.14312152973061001 0.1350103624684417 0.28137537799471535 0.2153530782274384 0.253205588301885 0.05686407891060711 0.0 0.0 0.0 0.0 0.0 0.0 0.16636395076009652 0.0 0.28273751391586244 0.0 0.3203517470614659 0.0 0.0 0.0 0.0 0.0 0.0 0.0 0.0 0.0 0.30788409191308563 0.0 0.0 0.0 0.0 0.0 0.0 0.0 0.0 0.0 0.0 0.0 0.0 0.0 0.0 0.0 0.0 0.0 0.0 0.46819120573884276 0.0 0.0 0.0 0.0 0.0 0.1465212620662755 0.42198139370151305 0.5954940393978053 0.0 0.0 0.0 0.0 0.0 0.0 0.0 0.0 0.0 0.0 0.0
a3m6cl5oao31z
whether it be karachi or mumbai the house was burnt by the houses own lanterns
0.14312152973061001 0.1350103624684417 0.28137537799471535 0.2153530782274384 0.253205588301885 0.05686407891060711 0.0 0.0 0.0 0.0 0.0 0.0 0.16636395076009652 0.0 0.28273751391586244 0.0 0.3203517470614659 0.0 0.0 0.0 0.0 0.0 0.0 0.0 0.0 0.0 0.30788409191308563 0.0 0.0 0.0 0.0 0.0 0.0 0.0 0.0 0.0 0.0 0.0 0.0 0.0 0.0 0.0 0.0 0.0 0.0 0.46819120573884276 0.0 0.0 0.0 0.0 0.0 0.1465212620662755 0.42198139370151305 0.5954940393978053 0.0 0.0 0.0 0.0 0.0 0.0 0.0 0.0 0.0 0.0 0.0
a3lhs82826iskx
whether it be karachi or mumbai the house was burnt by the houses own lanterns
0.14312152973061001 0.1350103624684417 0.28137537799471535 0.2153530782274384 0.253205588301885 0.05686407891060711 0.0 0.0 0.0 0.0 0.0 0.0 0.16636395076009652 0.0 0.28273751391586244 0.0 0.3203517470614659 0.0 0.0 0.0 0.0 0.0 0.0 0.0 0.0 0.0 0.30788409191308563 0.0 0.0 0.0 0.0 0.0 0.0 0.0 0.0 0.0 0.0 0.0 0.0 0.0 0.0 0.0 0.0 0.0 0.0 0.46819120573884276 0.0 0.0 0.0 0.0 0.0 0.1465212620662755 0.42198139370151305 0.5954940393978053 0.0 0.0 0.0 0.0 0.0 0.0 0.0 0.0 0.0 0.0 0.0
aslrrfy2saj4d
either karachi or mumbai it is an inside job
0.0 0.22501727078073616 0.4689589633245256 0.3589217970457307 0.42200931383647494 0.0 0.0 0.0 0.0 0.0 0.0 0.0 0.0 0.0 0.0 0.0 0.0 0.14520172431495848 0.0 0.0 0.0 0.0 0.0 0.0 0.0 0.0 0.0 0.0 0.0 0.0 0.0 0.0 0.3278183628639544 0.0 0.0 0.0 0.0 0.0 0.0 0.0 0.0 0.0 0.0 0.0 0.0 0.0 0.0 0.0 0.0 0.0 0.0 0.0 0.0 0.0 0.6127426563726349 0.7803186762314046 0.6879522852268755 0.0 0.0 0.0 0.0 0.0 0.0 0.0 0.0
