officials say that they will urge hamid karzai to continue the war against corruption said would press increase fight authorities further push pressurize wage a tough it step up officer says stress be given in joining hands with karzay administration emphasize on fighting ask intensify campaign also pressure emphasis plan join importance of
officials say that they will urge hamid karzai to continue the war against corruption
0.3204873196288181 0.2795340352897235 0.08629103030427142 0.18455062557601357 0.15825094284294172 0.6220905028323479 0.37062901694027833 0.3763463532026738 0.07713387926508289 0.36339973823088456 0.030462899416396665 0.2593107312957292 0.22764331725857567 0.41888268970239023 0.0 0.0 0.0 0.0 0.0 0.0 0.0 0.0 0.0 0.0 0.0 0.0 0.0 0.0 0.0 0.0 0.0 0.0 0.0 0.0 0.0 0.0 0.0 0.0 0.0 0.0 0.0 0.0 0.0 0.0 0.0 0.0 0.0 0.0 0.0 0.0 0.0 0.0 0.0
the officials said they would press hamid karzai to increase the fight against corruption
0.3204873196288181 0.0 0.0 0.18455062557601357 0.0 0.0 0.37062901694027833 0.3763463532026738 0.07713387926508289 0.0 0.06092579883279333 0.0 0.22764331725857567 0.41888268970239023 0.15814296312256157 0.24707786060234063 0.35824286028770674 0.35614186848725726 0.34799768431576145 0.0 0.0 0.0 0.0 0.0 0.0 0.0 0.0 0.0 0.0 0.0 0.0 0.0 0.0 0.0 0.0 0.0 0.0 0.0 0.0 0.0 0.0 0.0 0.0 0.0 0.0 0.0 0.0 0.0 0.0 0.0 0.0 0.0 0.0
the authorities say that they would further push hamid karzai to fight corruption
0.0 0.301036653388933 0.09292880186613844 0.1987468275433992 0.0 0.0 0.39913894132029976 0.40529607267980255 0.08306725459316619 0.0 0.0328061993715041 0.0 0.0 0.4511044350641126 0.0 0.2660838498794437 0.0 0.0 0.37476673695543544 0.4566675628779299 0.43574958476380365 0.7404275208866943 0.0 0.0 0.0 0.0 0.0 0.0 0.0 0.0 0.0 0.0 0.0 0.0 0.0 0.0 0.0 0.0 0.0 0.0 0.0 0.0 0.0 0.0 0.0 0.0 0.0 0.0 0.0 0.0 0.0 0.0 0.0
officials said that they would pressurize hamid karzai to wage a tough war against corruption
0.2991214983202302 0.0 0.08053829495065332 0.17224725053761264 0.0 0.0 0.3459204158109265 0.35125659632249556 0.0719916206474107 0.0 0.0 0.24202334920934726 0.21246709610800396 0.3909571770555642 0.1476000989143908 0.23060600322885125 0.0 0.0 0.0 0.0 0.0 0.0 0.5492842273604757 0.49161773152803534 0.09452555647811622 0.4387356889202402 0.0 0.0 0.0 0.0 0.0 0.0 0.0 0.0 0.0 0.0 0.0 0.0 0.0 0.0 0.0 0.0 0.0 0.0 0.0 0.0 0.0 0.0 0.0 0.0 0.0 0.0 0.0
a3dd3acpmvdvca
the officials say that it will pressurize karzai to step up the war against corruption
0.2991214983202302 0.26089843293707526 0.08053829495065332 0.0 0.1477008799867456 0.0 0.0 0.35125659632249556 0.0719916206474107 0.0 0.05686407891060711 0.24202334920934726 0.21246709610800396 0.3909571770555642 0.0 0.0 0.0 0.0 0.0 0.0 0.0 0.0 0.5492842273604757 0.0 0.0 0.0 0.1350103624684417 0.40962117881275556 0.28699931973627796 0.0 0.0 0.0 0.0 0.0 0.0 0.0 0.0 0.0 0.0 0.0 0.0 0.0 0.0 0.0 0.0 0.0 0.0 0.0 0.0 0.0 0.0 0.0 0.0
a172x4w90uost1
the officer says stress will be given in the fight against corruption joining hands with the karzay administration
0.0 0.0 0.0 0.0 0.12308406665562134 0.0 0.0 0.0 0.0 0.0 0.07108009863825888 0.0 0.17705591342333662 0.3257976475463035 0.0 0.0 0.0 0.0 0.2706648655789256 0.0 0.0 0.0 0.0 0.0 0.0 0.0 0.0 0.0 0.0 0.3559267748143792 0.2429602413044664 0.375742049477642 0.11926794144217502 0.2445834938599742 0.05721281680314895 0.42664709013731733 0.30637132818631746 0.13057696955968076 0.43521101679438723 0.28601227539160107 0.0 0.0 0.0 0.0 0.0 0.0 0.0 0.0 0.0 0.0 0.0 0.0 0.0
a1wyssw33m2fz2
officials say that they will emphasize hamid karzai on fighting against corruption
0.3739018729002878 0.3261230411713441 0.10067286868831665 0.2153090631720158 0.18462609998343202 0.0 0.43240051976365806 0.43907074540311947 0.0 0.0 0.0 0.0 0.26558387013500495 0.48869647131945526 0.0 0.0 0.0 0.0 0.0 0.0 0.0 0.0 0.0 0.0 0.0 0.0 0.0 0.0 0.0 0.0 0.0 0.0 0.0 0.0 0.0 0.0 0.0 0.0 0.0 0.0 0.63422122924873 0.1560839801979836 0.4314201162986926 0.0 0.0 0.0 0.0 0.0 0.0 0.0 0.0 0.0 0.0
a132zmwemnnusa
they said that they will ask hamid karzai to intensify the campaign against corruption
0.0 0.0 0.08629103030427142 0.36910125115202713 0.15825094284294172 0.0 0.37062901694027833 0.3763463532026738 0.07713387926508289 0.0 0.030462899416396665 0.0 0.22764331725857567 0.41888268970239023 0.15814296312256157 0.0 0.0 0.0 0.0 0.0 0.0 0.0 0.0 0.0 0.0 0.0 0.0 0.0 0.0 0.0 0.0 0.0 0.0 0.0 0.0 0.0 0.0 0.0 0.0 0.0 0.0 0.0 0.0 0.41252929784406905 0.687539840823359 0.46675109415490784 0.0 0.0 0.0 0.0 0.0 0.0 0.0
a16w65rrfhr02y
the officials say that it will pressurize karzai to step up the war against corruption
0.2991214983202302 0.26089843293707526 0.08053829495065332 0.0 0.1477008799867456 0.0 0.0 0.35125659632249556 0.0719916206474107 0.0 0.05686407891060711 0.24202334920934726 0.21246709610800396 0.3909571770555642 0.0 0.0 0.0 0.0 0.0 0.0 0.0 0.0 0.5492842273604757 0.0 0.0 0.0 0.1350103624684417 0.40962117881275556 0.28699931973627796 0.0 0.0 0.0 0.0 0.0 0.0 0.0 0.0 0.0 0.0 0.0 0.0 0.0 0.0 0.0 0.0 0.0 0.0 0.0 0.0 0.0 0.0 0.0 0.0
a2sb2bw2w4t4ww
officials also say that will pressurize karzai to step up the war on corruption
0.3204873196288181 0.2795340352897235 0.08629103030427142 0.0 0.15825094284294172 0.0 0.0 0.3763463532026738 0.07713387926508289 0.0 0.030462899416396665 0.2593107312957292 0.0 0.41888268970239023 0.0 0.0 0.0 0.0 0.0 0.0 0.0 0.0 0.5885188150290811 0.0 0.0 0.0 0.0 0.4388798344422381 0.3074992711460121 0.0 0.0 0.0 0.0 0.0 0.0 0.0 0.0 0.0 0.0 0.0 0.0 0.1337862687411288 0.0 0.0 0.0 0.0 0.1970818182913765 0.0 0.0 0.0 0.0 0.0 0.0
a3andctf0w1pqd
the officials say that it will pressure karzai to increase the war against corruption
0.3204873196288181 0.2795340352897235 0.08629103030427142 0.0 0.15825094284294172 0.0 0.0 0.3763463532026738 0.07713387926508289 0.0 0.06092579883279333 0.2593107312957292 0.22764331725857567 0.41888268970239023 0.0 0.0 0.0 0.35614186848725726 0.0 0.0 0.0 0.0 0.0 0.0 0.0 0.0 0.1446539597876161 0.0 0.0 0.0 0.0 0.0 0.0 0.0 0.0 0.0 0.0 0.0 0.0 0.0 0.0 0.0 0.0 0.0 0.0 0.0 0.0 0.34266028815890887 0.0 0.0 0.0 0.0 0.0
a3qu3km3iywhif
the officer said emphasis will be given to the fight against corruption joining hands with the karzay administration
0.0 0.0 0.0 0.0 0.12308406665562134 0.0 0.0 0.0 0.059993017206175586 0.0 0.07108009863825888 0.0 0.17705591342333662 0.3257976475463035 0.12300008242865901 0.0 0.0 0.0 0.2706648655789256 0.0 0.0 0.0 0.0 0.0 0.0 0.0 0.0 0.0 0.0 0.3559267748143792 0.0 0.0 0.11926794144217502 0.2445834938599742 0.0 0.42664709013731733 0.30637132818631746 0.13057696955968076 0.43521101679438723 0.28601227539160107 0.0 0.0 0.0 0.0 0.0 0.0 0.0 0.0 0.43521101679438723 0.0 0.0 0.0 0.0
a1395pss402i1j
the officer says stress will be given in the fight against corruption joining hands with the karzay administration
0.0 0.0 0.0 0.0 0.12308406665562134 0.0 0.0 0.0 0.0 0.0 0.07108009863825888 0.0 0.17705591342333662 0.3257976475463035 0.0 0.0 0.0 0.0 0.2706648655789256 0.0 0.0 0.0 0.0 0.0 0.0 0.0 0.0 0.0 0.0 0.3559267748143792 0.2429602413044664 0.375742049477642 0.11926794144217502 0.2445834938599742 0.05721281680314895 0.42664709013731733 0.30637132818631746 0.13057696955968076 0.43521101679438723 0.28601227539160107 0.0 0.0 0.0 0.0 0.0 0.0 0.0 0.0 0.0 0.0 0.0 0.0 0.0
al2rcq9eyun61
officials say that they will stress the fight against corruption joining hands with the karzay administration
0.28042640467521585 0.24459228087850807 0.07550465151623749 0.16148179737901186 0.138469574987574 0.0 0.0 0.0 0.0 0.0 0.05331007397869417 0.0 0.1991879026012537 0.36652235348959145 0.0 0.0 0.0 0.0 0.3044979737762913 0.0 0.0 0.0 0.0 0.0 0.0 0.0 0.0 0.0 0.0 0.0 0.0 0.4227098056623473 0.0 0.0 0.0 0.479977976404482 0.34466774420960716 0.14689909075464086 0.48961239389368566 0.3217638098155512 0.0 0.0 0.0 0.0 0.0 0.0 0.0 0.0 0.0 0.0 0.0 0.0 0.0
al2rcq9eyun61
officials say that they plan to join hamid karzai in the fight against corruption
0.3204873196288181 0.2795340352897235 0.08629103030427142 0.18455062557601357 0.0 0.0 0.37062901694027833 0.3763463532026738 0.07713387926508289 0.0 0.030462899416396665 0.0 0.22764331725857567 0.41888268970239023 0.0 0.0 0.0 0.0 0.34799768431576145 0.0 0.0 0.0 0.0 0.0 0.0 0.0 0.0 0.0 0.0 0.0 0.0 0.0 0.0 0.0 0.07355933588976293 0.0 0.0 0.0 0.0 0.0 0.0 0.0 0.0 0.0 0.0 0.0 0.0 0.0 0.0 0.3657291372015104 0.45081226906103566 0.0 0.0
attzel5iaoiw5
officials say that they will emphasize hamid karzai on fighting against corruption
0.3739018729002878 0.3261230411713441 0.10067286868831665 0.2153090631720158 0.18462609998343202 0.0 0.43240051976365806 0.43907074540311947 0.0 0.0 0.0 0.0 0.26558387013500495 0.48869647131945526 0.0 0.0 0.0 0.0 0.0 0.0 0.0 0.0 0.0 0.0 0.0 0.0 0.0 0.0 0.0 0.0 0.0 0.0 0.0 0.0 0.0 0.0 0.0 0.0 0.0 0.0 0.63422122924873 0.1560839801979836 0.4314201162986926 0.0 0.0 0.0 0.0 0.0 0.0 0.0 0.0 0.0 0.0
a1kf7gs7yulm10
officials say that they will emphasize to hamid karzai the importance of fighting against corruption
0.2991214983202302 0.26089843293707526 0.08053829495065332 0.17224725053761264 0.1477008799867456 0.0 0.3459204158109265 0.35125659632249556 0.0719916206474107 0.0 0.028432039455303555 0.0 0.21246709610800396 0.3909571770555642 0.0 0.0 0.0 0.0 0.0 0.0 0.0 0.0 0.0 0.0 0.0 0.0 0.0 0.0 0.0 0.0 0.0 0.0 0.0 0.0 0.0 0.0 0.0 0.0 0.0 0.0 0.5073769833989841 0.0 0.3451360930389541 0.0 0.0 0.0 0.0 0.0 0.0 0.0 0.0 0.40280258887139436 0.05599611883985455
a1rhjj60p0jwi3
they said that they will ask hamid karzai to intensify the campaign against corruption
0.0 0.0 0.08629103030427142 0.36910125115202713 0.15825094284294172 0.0 0.37062901694027833 0.3763463532026738 0.07713387926508289 0.0 0.030462899416396665 0.0 0.22764331725857567 0.41888268970239023 0.15814296312256157 0.0 0.0 0.0 0.0 0.0 0.0 0.0 0.0 0.0 0.0 0.0 0.0 0.0 0.0 0.0 0.0 0.0 0.0 0.0 0.0 0.0 0.0 0.0 0.0 0.0 0.0 0.0 0.0 0.41252929784406905 0.687539840823359 0.46675109415490784 0.0 0.0 0.0 0.0 0.0 0.0 0.0
