because of these useless beliefs and misplaced traditions the family system is breaking down values inappropriate are putting in disarray owing to unreasonable customs structure suffering from disintegration unnecessary on verge dispersion due tradition facing absurd baseless reason breakups it wasteful ideologies that have made a mess same unessential being anxiety for many breakup families nonessential stem familys
because of these useless beliefs and misplaced traditions the family system is breaking down
0.2800078583965545 0.05999584161412987 0.21510733123730233 0.5267332837800379 0.5390083021319422 0.07099750284302085 0.737050353720498 0.4214188817350267 0.030462899416396665 0.3596786588106416 0.4296171327773429 0.09334396563104473 0.5016334347201886 0.3719083688378877 0.0 0.0 0.0 0.0 0.0 0.0 0.0 0.0 0.0 0.0 0.0 0.0 0.0 0.0 0.0 0.0 0.0 0.0 0.0 0.0 0.0 0.0 0.0 0.0 0.0 0.0 0.0 0.0 0.0 0.0 0.0 0.0 0.0 0.0 0.0 0.0 0.0 0.0 0.0 0.0 0.0 0.0 0.0 0.0
these useless values and inappropriate traditions are putting the family system in disarray
0.0 0.0 0.23165404902478712 0.5672512286861946 0.0 0.07645884921556091 0.0 0.45383571879156714 0.0328061993715041 0.3873462479499217 0.46266460452944624 0.0 0.0 0.0 0.5431237241588838 0.7404275208866943 0.1620105041425251 0.492821688204525 0.07921774634282162 0.6699436184348362 0.0 0.0 0.0 0.0 0.0 0.0 0.0 0.0 0.0 0.0 0.0 0.0 0.0 0.0 0.0 0.0 0.0 0.0 0.0 0.0 0.0 0.0 0.0 0.0 0.0 0.0 0.0 0.0 0.0 0.0 0.0 0.0 0.0 0.0 0.0 0.0 0.0 0.0
owing to these useless beliefs and unreasonable customs the family structure is suffering from disintegration
0.0 0.0 0.20076684248814883 0.49161773152803534 0.503074415323146 0.06626433598681945 0.0 0.0 0.028432039455303555 0.3357000815565988 0.0 0.08712103458897508 0.0 0.0 0.0 0.0 0.0 0.0 0.0 0.0 0.5492842273604757 0.0719916206474107 0.6879136634724647 0.46576669612745114 0.5169170396416957 0.44198836653153567 0.16085964262853594 0.6879136634724647 0.0 0.0 0.0 0.0 0.0 0.0 0.0 0.0 0.0 0.0 0.0 0.0 0.0 0.0 0.0 0.0 0.0 0.0 0.0 0.0 0.0 0.0 0.0 0.0 0.0 0.0 0.0 0.0 0.0 0.0
because of these unnecessary customs and traditions the family system is on the verge of dispersion
0.2450068760969852 0.10499272282472728 0.18821891483263953 0.0 0.0 0.06212281498764324 0.0 0.3687415215181483 0.05331007397869417 0.3147188264593114 0.3759149911801751 0.08167596992716414 0.0 0.0 0.0 0.0 0.0 0.0 0.0 0.0 0.0 0.0 0.0 0.43665627761948544 0.0 0.0 0.0 0.0 0.46784322550192214 0.1170629851484877 0.5232996751894786 0.6449190595054357 0.0 0.0 0.0 0.0 0.0 0.0 0.0 0.0 0.0 0.0 0.0 0.0 0.0 0.0 0.0 0.0 0.0 0.0 0.0 0.0 0.0 0.0 0.0 0.0 0.0 0.0
a143bvgouf83je
due these unnecessary beliefs and tradition the family system is facing disarray
0.0 0.0 0.25095855311018606 0.0 0.6288430191539325 0.08283041998352432 0.0 0.0 0.03554004931912944 0.4196251019457485 0.5012199882402334 0.10890129323621885 0.0 0.0 0.0 0.0 0.0 0.0 0.0 0.7257722533044059 0.0 0.0 0.0 0.0 0.0 0.0 0.0 0.0 0.6237909673358962 0.0 0.0 0.0 0.3627131844136065 0.5290344198779041 0.45299191912505 0.0 0.0 0.0 0.0 0.0 0.0 0.0 0.0 0.0 0.0 0.0 0.0 0.0 0.0 0.0 0.0 0.0 0.0 0.0 0.0 0.0 0.0 0.0
a1wyssw33m2fz2
these absurd beliefs and baseless traditions are the reason family breakups
0.0 0.0 0.2737729670292939 0.0 0.6860105663497446 0.09036045816384472 0.0 0.5363513040263975 0.03877096289359576 0.4577728384862711 0.0 0.0 0.0 0.0 0.0 0.0 0.19146695944116604 0.0 0.0 0.0 0.0 0.0 0.0 0.0 0.0 0.0 0.0 0.0 0.0 0.0 0.0 0.0 0.0 0.0 0.0 0.7611631639119689 0.6860105663497446 0.43832152061761537 0.8381902421289873 0.0 0.0 0.0 0.0 0.0 0.0 0.0 0.0 0.0 0.0 0.0 0.0 0.0 0.0 0.0 0.0 0.0 0.0 0.0
a3dd3acpmvdvca
it is these wasteful ideologies and baseless traditions that have made the family structure a mess
0.0 0.0 0.18821891483263953 0.0 0.0 0.06212281498764324 0.0 0.3687415215181483 0.026655036989347083 0.3147188264593114 0.0 0.08167596992716414 0.0 0.0 0.0 0.0 0.0 0.0 0.0 0.0 0.0 0.0 0.0 0.0 0.48460972466408964 0.0 0.0 0.0 0.0 0.0 0.0 0.0 0.0 0.0 0.0 0.0 0.47163226436544936 0.0 0.0 0.12657221481416409 0.5443291899783044 0.514953963150446 0.07550465151623749 0.14299812674927684 0.2441804177735671 0.08861770919823396 0.5232996751894786 0.0 0.0 0.0 0.0 0.0 0.0 0.0 0.0 0.0 0.0 0.0
alrghxunh1uv7
the same unessential beliefs and traditions are being due to the anxiety family system
0.0 0.0 0.0 0.0 0.5390083021319422 0.07099750284302085 0.0 0.4214188817350267 0.06092579883279333 0.3596786588106416 0.4296171327773429 0.0 0.0 0.0 0.0 0.0 0.1504383252752019 0.0 0.0 0.0 0.0 0.07713387926508289 0.0 0.0 0.0 0.0 0.0 0.0 0.0 0.0 0.0 0.0 0.31089701521166274 0.0 0.0 0.0 0.0 0.0 0.0 0.0 0.0 0.0 0.0 0.0 0.0 0.0 0.0 0.31294062478603885 0.737050353720498 0.26111230400686913 0.4990357458508405 0.0 0.0 0.0 0.0 0.0 0.0 0.0
a2bk4fasw056jr
due to these unnecessary beliefs and traditions the family system is facing disarray
0.0 0.0 0.23165404902478712 0.0 0.5804704792190146 0.07645884921556091 0.0 0.45383571879156714 0.0328061993715041 0.3873462479499217 0.46266460452944624 0.10052427067958664 0.0 0.0 0.0 0.0 0.0 0.0 0.0 0.6699436184348362 0.0 0.08306725459316619 0.0 0.0 0.0 0.0 0.0 0.0 0.5758070467715964 0.0 0.0 0.0 0.33481217022794446 0.0 0.41814638688466155 0.0 0.0 0.0 0.0 0.0 0.0 0.0 0.0 0.0 0.0 0.0 0.0 0.0 0.0 0.0 0.0 0.0 0.0 0.0 0.0 0.0 0.0 0.0
a2qxd8jqk5bvez
due to these unnecessary beliefs and tradition the family system is facing disarray
0.0 0.0 0.23165404902478712 0.0 0.5804704792190146 0.07645884921556091 0.0 0.0 0.0328061993715041 0.3873462479499217 0.46266460452944624 0.10052427067958664 0.0 0.0 0.0 0.0 0.0 0.0 0.0 0.6699436184348362 0.0 0.08306725459316619 0.0 0.0 0.0 0.0 0.0 0.0 0.5758070467715964 0.0 0.0 0.0 0.33481217022794446 0.4883394645026807 0.41814638688466155 0.0 0.0 0.0 0.0 0.0 0.0 0.0 0.0 0.0 0.0 0.0 0.0 0.0 0.0 0.0 0.0 0.0 0.0 0.0 0.0 0.0 0.0 0.0
a12vqhpt0yhmis
due to these unnecessary beliefs and traditions the family system is facing disarray
0.0 0.0 0.23165404902478712 0.0 0.5804704792190146 0.07645884921556091 0.0 0.45383571879156714 0.0328061993715041 0.3873462479499217 0.46266460452944624 0.10052427067958664 0.0 0.0 0.0 0.0 0.0 0.0 0.0 0.6699436184348362 0.0 0.08306725459316619 0.0 0.0 0.0 0.0 0.0 0.0 0.5758070467715964 0.0 0.0 0.0 0.33481217022794446 0.0 0.41814638688466155 0.0 0.0 0.0 0.0 0.0 0.0 0.0 0.0 0.0 0.0 0.0 0.0 0.0 0.0 0.0 0.0 0.0 0.0 0.0 0.0 0.0 0.0 0.0
a1g9f1kosfkijh
these absurd beliefs and baseless traditions are the reason for family breakups
0.0 0.0 0.25095855311018606 0.0 0.6288430191539325 0.08283041998352432 0.0 0.49165536202419774 0.03554004931912944 0.4196251019457485 0.0 0.0 0.0 0.0 0.0 0.0 0.17551137948773554 0.0 0.0 0.0 0.0 0.0 0.0 0.0 0.0 0.0 0.0 0.0 0.0 0.0 0.0 0.0 0.0 0.0 0.0 0.6977329002526381 0.6288430191539325 0.4017947272328141 0.768341055284905 0.0 0.0 0.0 0.0 0.0 0.0 0.0 0.0 0.0 0.0 0.0 0.0 0.1608924749285346 0.0 0.0 0.0 0.0 0.0 0.0
a9x4g4wpj27d6
these absurd beliefs and baseless traditions are the reason for many family breakups
0.0 0.0 0.23165404902478712 0.0 0.5804704792190146 0.07645884921556091 0.0 0.45383571879156714 0.0328061993715041 0.3873462479499217 0.0 0.0 0.0 0.0 0.0 0.0 0.1620105041425251 0.0 0.0 0.0 0.0 0.0 0.0 0.0 0.0 0.0 0.0 0.0 0.0 0.0 0.0 0.0 0.0 0.0 0.0 0.6440611386947429 0.5804704792190146 0.37088744052259764 0.7092378971860662 0.0 0.0 0.0 0.0 0.0 0.0 0.0 0.0 0.0 0.0 0.0 0.0 0.1485161307032627 0.30231873434933393 0.0 0.0 0.0 0.0 0.0
a143awku99stc9
these absurd beliefs and baseless traditions are the reason for the breakup of families
0.0 0.05999584161412987 0.21510733123730233 0.0 0.5390083021319422 0.07099750284302085 0.0 0.4214188817350267 0.06092579883279333 0.0 0.0 0.0 0.0 0.0 0.0 0.0 0.1504383252752019 0.0 0.0 0.0 0.0 0.0 0.0 0.0 0.0 0.0 0.0 0.0 0.0 0.0 0.0 0.0 0.0 0.0 0.0 0.5980567716451184 0.5390083021319422 0.34439548048526925 0.0 0.0 0.0 0.0 0.0 0.0 0.0 0.0 0.0 0.0 0.0 0.0 0.0 0.13790783565302964 0.0 0.687539840823359 0.5071306519441979 0.0 0.0 0.0
a2dwqf4zhhblow
it is these wasteful ideologies and baseless traditions that have made the family structure a mess
0.0 0.0 0.18821891483263953 0.0 0.0 0.06212281498764324 0.0 0.3687415215181483 0.026655036989347083 0.3147188264593114 0.0 0.08167596992716414 0.0 0.0 0.0 0.0 0.0 0.0 0.0 0.0 0.0 0.0 0.0 0.0 0.48460972466408964 0.0 0.0 0.0 0.0 0.0 0.0 0.0 0.0 0.0 0.0 0.0 0.47163226436544936 0.0 0.0 0.12657221481416409 0.5443291899783044 0.514953963150446 0.07550465151623749 0.14299812674927684 0.2441804177735671 0.08861770919823396 0.5232996751894786 0.0 0.0 0.0 0.0 0.0 0.0 0.0 0.0 0.0 0.0 0.0
a87c5tu9lryej
wasteful ideologies and baseless traditions have made the family structure a mess
0.0 0.0 0.0 0.0 0.0 0.08283041998352432 0.0 0.49165536202419774 0.03554004931912944 0.4196251019457485 0.0 0.0 0.0 0.0 0.0 0.0 0.0 0.0 0.0 0.0 0.0 0.0 0.0 0.0 0.6461462995521196 0.0 0.0 0.0 0.0 0.0 0.0 0.0 0.0 0.0 0.0 0.0 0.6288430191539325 0.0 0.0 0.0 0.7257722533044059 0.6866052842005946 0.0 0.1906641689990358 0.32557389036475615 0.11815694559764528 0.6977329002526381 0.0 0.0 0.0 0.0 0.0 0.0 0.0 0.0 0.0 0.0 0.0
a2j0215qnm7t6u
it is these wasteful ideologies and baseless traditions that have made the family structure a mess
0.0 0.0 0.18821891483263953 0.0 0.0 0.06212281498764324 0.0 0.3687415215181483 0.026655036989347083 0.3147188264593114 0.0 0.08167596992716414 0.0 0.0 0.0 0.0 0.0 0.0 0.0 0.0 0.0 0.0 0.0 0.0 0.48460972466408964 0.0 0.0 0.0 0.0 0.0 0.0 0.0 0.0 0.0 0.0 0.0 0.47163226436544936 0.0 0.0 0.12657221481416409 0.5443291899783044 0.514953963150446 0.07550465151623749 0.14299812674927684 0.2441804177735671 0.08861770919823396 0.5232996751894786 0.0 0.0 0.0 0.0 0.0 0.0 0.0 0.0 0.0 0.0 0.0
arq4j4tltpbnc
the same nonessential beliefs and traditions stem from the familys anxiety
0.0 0.0 0.0 0.0 0.6860105663497446 0.09036045816384472 0.0 0.5363513040263975 0.07754192578719152 0.0 0.0 0.0 0.0 0.0 0.0 0.0 0.0 0.0 0.0 0.0 0.0 0.0 0.0 0.0 0.0 0.0 0.21935405812982173 0.0 0.0 0.0 0.0 0.0 0.0 0.0 0.0 0.0 0.0 0.0 0.0 0.0 0.0 0.0 0.0 0.0 0.0 0.0 0.0 0.398288067909504 0.0 0.0 0.6351364038101607 0.0 0.0 0.0 0.0 0.938064086553361 0.938064086553361 0.7917515490593519
