oh allah have mercy on us god bless with your kindness o may all bestow upon please show some or we take them
oh allah have mercy on us
1.3056330503831617 0.7478037458005756 0.3813283379980716 1.0580688397558082 0.3121679603959672 0.6096883003745475 0.0 0.0 0.0 0.0 0.0 0.0 0.0 0.0 0.0 0.0 0.0 0.0 0.0 0.0 0.0 0.0 0.0
oh god bless us with your kindness
1.1191140431855673 0.0 0.0 0.0 0.0 0.5225899717496121 0.6780787028441723 0.9544455417657979 0.335769350296322 0.5348041587839072 1.218135068979845 0.0 0.0 0.0 0.0 0.0 0.0 0.0 0.0 0.0 0.0 0.0 0.0
o god have mercy on us
0.0 0.0 0.3813283379980716 1.0580688397558082 0.3121679603959672 0.6096883003745475 0.7910918199848677 0.0 0.0 0.0 0.0 1.127226148432926 0.0 0.0 0.0 0.0 0.0 0.0 0.0 0.0 0.0 0.0 0.0
may allah bless us all
0.0 0.8973644949606907 0.0 0.0 0.0 0.7316259604494569 0.0 1.336223758472117 0.0 0.0 0.0 0.0 0.891583745724221 0.6286430476925498 0.0 0.0 0.0 0.0 0.0 0.0 0.0 0.0 0.0
a143bvgouf83je
o allah bestow your mercy upon us
0.0 0.6409746392576362 0.0 0.9069161483621213 0.0 0.5225899717496121 0.0 0.0 0.0 0.5348041587839072 0.0 0.9661938415139366 0.0 0.0 1.1770376300581622 0.7473012309792267 0.0 0.0 0.0 0.0 0.0 0.0 0.0
a28z6a8uc4er3x
o allah have mercy on us
0.0 0.7478037458005756 0.3813283379980716 1.0580688397558082 0.3121679603959672 0.6096883003745475 0.0 0.0 0.0 0.0 0.0 1.127226148432926 0.0 0.0 0.0 0.0 0.0 0.0 0.0 0.0 0.0 0.0 0.0
a21xirv18up71h
o god please show us some mercy
0.0 0.0 0.0 0.9069161483621213 0.0 0.5225899717496121 0.6780787028441723 0.0 0.0 0.0 0.0 0.9661938415139366 0.0 0.0 0.0 0.0 0.759251235163073 0.6959953686315229 0.5680833619094028 0.0 0.0 0.0 0.0
a28e6z78qj2yz6
may god mercy upon us
0.0 0.0 0.0 1.2696826077069698 0.0 0.7316259604494569 0.9493101839818412 0.0 0.0 0.0 0.0 0.0 0.891583745724221 0.0 0.0 1.0462217233709175 0.0 0.0 0.0 0.0 0.0 0.0 0.0
a3w129h6a0hk4d
o allah bestow your mercy upon us
0.0 0.6409746392576362 0.0 0.9069161483621213 0.0 0.5225899717496121 0.0 0.0 0.0 0.5348041587839072 0.0 0.9661938415139366 0.0 0.0 1.1770376300581622 0.7473012309792267 0.0 0.0 0.0 0.0 0.0 0.0 0.0
a2nowscvbop9jc
oh allah bestow your mercy upon us
1.1191140431855673 0.6409746392576362 0.0 0.9069161483621213 0.0 0.5225899717496121 0.0 0.0 0.0 0.5348041587839072 0.0 0.0 0.0 0.0 1.1770376300581622 0.7473012309792267 0.0 0.0 0.0 0.0 0.0 0.0 0.0
aw4q48bn2x4nt
o allah bestow your mercy upon us
0.0 0.6409746392576362 0.0 0.9069161483621213 0.0 0.5225899717496121 0.0 0.0 0.0 0.5348041587839072 0.0 0.9661938415139366 0.0 0.0 1.1770376300581622 0.7473012309792267 0.0 0.0 0.0 0.0 0.0 0.0 0.0
a2190f96xfy41l
o allah have mercy on us
0.0 0.7478037458005756 0.3813283379980716 1.0580688397558082 0.3121679603959672 0.6096883003745475 0.0 0.0 0.0 0.0 0.0 1.127226148432926 0.0 0.0 0.0 0.0 0.0 0.0 0.0 0.0 0.0 0.0 0.0
a12ezody9kxiim
o allah have mercy on us
0.0 0.7478037458005756 0.3813283379980716 1.0580688397558082 0.3121679603959672 0.6096883003745475 0.0 0.0 0.0 0.0 0.0 1.127226148432926 0.0 0.0 0.0 0.0 0.0 0.0 0.0 0.0 0.0 0.0 0.0
at1mtbquif71q
o allah have mercy on us
0.0 0.7478037458005756 0.3813283379980716 1.0580688397558082 0.3121679603959672 0.6096883003745475 0.0 0.0 0.0 0.0 0.0 1.127226148432926 0.0 0.0 0.0 0.0 0.0 0.0 0.0 0.0 0.0 0.0 0.0
a1g9f1kosfkijh
o god please show us some mercy
0.0 0.0 0.0 0.9069161483621213 0.0 0.5225899717496121 0.6780787028441723 0.0 0.0 0.0 0.0 0.9661938415139366 0.0 0.0 0.0 0.0 0.759251235163073 0.6959953686315229 0.5680833619094028 0.0 0.0 0.0 0.0
a3ng7x4apiv649
oh god please show us some mercy
1.1191140431855673 0.0 0.0 0.9069161483621213 0.0 0.5225899717496121 0.6780787028441723 0.0 0.0 0.0 0.0 0.0 0.0 0.0 0.0 0.0 0.759251235163073 0.6959953686315229 0.5680833619094028 0.0 0.0 0.0 0.0
al2rcq9eyun61
o god please show us some mercy
0.0 0.0 0.0 0.9069161483621213 0.0 0.5225899717496121 0.6780787028441723 0.0 0.0 0.0 0.0 0.9661938415139366 0.0 0.0 0.0 0.0 0.759251235163073 0.6959953686315229 0.5680833619094028 0.0 0.0 0.0 0.0
a3ohqrf1mdq99b
or we take mercy on them
0.0 0.0 0.0 1.0580688397558082 0.3121679603959672 0.0 0.0 0.0 0.0 0.0 0.0 0.0 0.0 0.0 0.0 0.0 0.0 0.0 0.0 0.5383826955685961 0.5104012853993817 0.6433944447903635 0.5686583622397362
