najeeburrehman saiko lahore pkitn sieko psycho najeebur rahman saeko pakitan syco najibur rehman pkin najeeburrahman pakian helps people who are probably ki (n find
najeeburrehman saiko lahore pkitn
2.059815852601784 2.004029964773231 1.3666686720418384 2.059815852601784 0.0 0.0 0.0 0.0 0.0 0.0 0.0 0.0 0.0 0.0 0.0 0.0 0.0 0.0 0.0 0.0 0.0 0.0 0.0 0.0
najeeburrehman sieko lahore pkitn
2.059815852601784 0.0 1.3666686720418384 2.059815852601784 2.1317363707147288 0.0 0.0 0.0 0.0 0.0 0.0 0.0 0.0 0.0 0.0 0.0 0.0 0.0 0.0 0.0 0.0 0.0 0.0 0.0
najeeburrehman psycho lahore pkitn
2.059815852601784 0.0 1.3666686720418384 2.059815852601784 0.0 1.5918653083763858 0.0 0.0 0.0 0.0 0.0 0.0 0.0 0.0 0.0 0.0 0.0 0.0 0.0 0.0 0.0 0.0 0.0 0.0
najeebur rahman saeko lahore pakitan
0.0 0.0 1.0933349376334707 0.0 0.0 0.0 1.6242960749501503 1.211205015009131 2.0637409904173944 2.0637409904173944 0.0 0.0 0.0 0.0 0.0 0.0 0.0 0.0 0.0 0.0 0.0 0.0 0.0 0.0
a3dd3acpmvdvca
najeebur rahman syco lahore
0.0 0.0 1.3666686720418384 0.0 0.0 0.0 2.030370093687688 1.5140062687614138 0.0 0.0 1.98020241982215 0.0 0.0 0.0 0.0 0.0 0.0 0.0 0.0 0.0 0.0 0.0 0.0 0.0
a143bvgouf83je
najibur rehman psycho lahore pkin
0.0 0.0 1.0933349376334707 0.0 0.0 1.2734922467011087 0.0 0.0 0.0 0.0 0.0 1.786482118193416 1.1200412161583753 1.6745589606063316 0.0 0.0 0.0 0.0 0.0 0.0 0.0 0.0 0.0 0.0
a1wyssw33m2fz2
najeeburrahman psycho lahore pakian
0.0 0.0 1.3666686720418384 0.0 0.0 1.5918653083763858 0.0 0.0 0.0 0.0 0.0 0.0 0.0 0.0 2.23310264774177 2.23310264774177 0.0 0.0 0.0 0.0 0.0 0.0 0.0 0.0
a132zmwemnnusa
najeeburrehman psycho lahore pkitn
2.059815852601784 0.0 1.3666686720418384 2.059815852601784 0.0 1.5918653083763858 0.0 0.0 0.0 0.0 0.0 0.0 0.0 0.0 0.0 0.0 0.0 0.0 0.0 0.0 0.0 0.0 0.0 0.0
a291u81kgj6l9n
najeebur rahman syco lahore
0.0 0.0 1.3666686720418384 0.0 0.0 0.0 2.030370093687688 1.5140062687614138 0.0 0.0 1.98020241982215 0.0 0.0 0.0 0.0 0.0 0.0 0.0 0.0 0.0 0.0 0.0 0.0 0.0
a2rcbwy8ulhnj0
najeebur rahman syco lahore
0.0 0.0 1.3666686720418384 0.0 0.0 0.0 2.030370093687688 1.5140062687614138 0.0 0.0 1.98020241982215 0.0 0.0 0.0 0.0 0.0 0.0 0.0 0.0 0.0 0.0 0.0 0.0 0.0
al2rcq9eyun61
najeebur rahman syco lahore
0.0 0.0 1.3666686720418384 0.0 0.0 0.0 2.030370093687688 1.5140062687614138 0.0 0.0 1.98020241982215 0.0 0.0 0.0 0.0 0.0 0.0 0.0 0.0 0.0 0.0 0.0 0.0 0.0
a291u81kgj6l9n
najibur rehman psycho lahore pkin
0.0 0.0 1.0933349376334707 0.0 0.0 1.2734922467011087 0.0 0.0 0.0 0.0 0.0 1.786482118193416 1.1200412161583753 1.6745589606063316 0.0 0.0 0.0 0.0 0.0 0.0 0.0 0.0 0.0 0.0
a10yfd611ru2il
najibur rehman psycho lahore pkin
0.0 0.0 1.0933349376334707 0.0 0.0 1.2734922467011087 0.0 0.0 0.0 0.0 0.0 1.786482118193416 1.1200412161583753 1.6745589606063316 0.0 0.0 0.0 0.0 0.0 0.0 0.0 0.0 0.0 0.0
a2eldzaxlm8quo
najibur rehman psycho lahore pkin
0.0 0.0 1.0933349376334707 0.0 0.0 1.2734922467011087 0.0 0.0 0.0 0.0 0.0 1.786482118193416 1.1200412161583753 1.6745589606063316 0.0 0.0 0.0 0.0 0.0 0.0 0.0 0.0 0.0 0.0
au2ar4vob7vlv
najeeburrahman psycho lahore pakian
0.0 0.0 1.3666686720418384 0.0 0.0 1.5918653083763858 0.0 0.0 0.0 0.0 0.0 0.0 0.0 0.0 2.23310264774177 2.23310264774177 0.0 0.0 0.0 0.0 0.0 0.0 0.0 0.0
a330jjzgjl7ig2
najeeburrahman psycho lahore pakian
0.0 0.0 1.3666686720418384 0.0 0.0 1.5918653083763858 0.0 0.0 0.0 0.0 0.0 0.0 0.0 0.0 2.23310264774177 2.23310264774177 0.0 0.0 0.0 0.0 0.0 0.0 0.0 0.0
a291u81kgj6l9n
najeeburrahman psycho lahore pakian
0.0 0.0 1.3666686720418384 0.0 0.0 1.5918653083763858 0.0 0.0 0.0 0.0 0.0 0.0 0.0 0.0 2.23310264774177 2.23310264774177 0.0 0.0 0.0 0.0 0.0 0.0 0.0 0.0
a3ohqrf1mdq99b
rehman helps people who are probably ki (n find
0.0 0.0 0.0 0.0 0.0 0.0 0.0 0.0 0.0 0.0 0.0 0.0 0.6222451200879863 0.0 0.0 0.0 0.7614410054763605 0.30076250583406156 0.32711954854089176 0.23401517265031405 0.7286116484881565 0.8532941802746347 1.1465227724541078 0.6202785004102751
