why isnt attention being given to solving the problems is not paid towards solution of problem solve in resolving issues did pay these solutions are considered shouldnt more should be focused on didnt they and try we now must
why isnt attention being given to solving the problems
0.43068497617986357 0.751484098955284 0.6091581161261659 0.4061746951217964 0.4891669877199484 0.11998603441235117 0.8030736109698505 0.04738673242550592 0.5200389203059139 0.0 0.0 0.0 0.0 0.0 0.0 0.0 0.0 0.0 0.0 0.0 0.0 0.0 0.0 0.0 0.0 0.0 0.0 0.0 0.0 0.0 0.0 0.0 0.0 0.0 0.0 0.0 0.0 0.0 0.0
why is attention not being paid towards the solution of problems
0.35237861687443384 0.0 0.4984020950123175 0.3323247505541971 0.0 0.0 0.0 0.03877096289359576 0.42548638934120225 0.11880141080314784 0.19460249893066942 0.6027114089066395 0.4596377057438259 0.512415793178432 0.07635834387252893 0.0 0.0 0.0 0.0 0.0 0.0 0.0 0.0 0.0 0.0 0.0 0.0 0.0 0.0 0.0 0.0 0.0 0.0 0.0 0.0 0.0 0.0 0.0 0.0
why is the attention not being paid to the solution of the problems
0.2981665219706748 0.0 0.42172484962580714 0.28119786585355133 0.0 0.08306725459316619 0.0 0.09841859811451231 0.3600269448271712 0.10052427067958664 0.16466365294133567 0.5099865767671565 0.0 0.43358259422790396 0.06461090635367833 0.0 0.0 0.0 0.0 0.0 0.0 0.0 0.0 0.0 0.0 0.0 0.0 0.0 0.0 0.0 0.0 0.0 0.0 0.0 0.0 0.0 0.0 0.0 0.0
why is attention not being paid to solving the problem
0.3876164785618772 0.0 0.5482423045135493 0.3655572256096168 0.0 0.10798743097111604 0.7227662498728654 0.042648059182955333 0.0 0.13068155188346262 0.21406274882373638 0.6629825497973034 0.0 0.0 0.0 0.47892758645755473 0.0 0.0 0.0 0.0 0.0 0.0 0.0 0.0 0.0 0.0 0.0 0.0 0.0 0.0 0.0 0.0 0.0 0.0 0.0 0.0 0.0 0.0 0.0
a3dd3acpmvdvca
why is attention not being paid to solve the problems
0.3876164785618772 0.0 0.5482423045135493 0.3655572256096168 0.0 0.10798743097111604 0.0 0.042648059182955333 0.4680350282753225 0.13068155188346262 0.21406274882373638 0.6629825497973034 0.0 0.0 0.0 0.0 0.6084598447489712 0.0 0.0 0.0 0.0 0.0 0.0 0.0 0.0 0.0 0.0 0.0 0.0 0.0 0.0 0.0 0.0 0.0 0.0 0.0 0.0 0.0 0.0
a3fq8i38xt2b4z
why is attention not being given in resolving the issues
0.3876164785618772 0.0 0.5482423045135493 0.3655572256096168 0.44025028894795354 0.0 0.0 0.042648059182955333 0.0 0.13068155188346262 0.21406274882373638 0.0 0.0 0.0 0.0 0.0 0.0 0.1029830702456681 0.7183210736157821 0.5377062529477666 0.0 0.0 0.0 0.0 0.0 0.0 0.0 0.0 0.0 0.0 0.0 0.0 0.0 0.0 0.0 0.0 0.0 0.0 0.0
a353ocl6lm6m4o
why did not pay attention to solve these problems
0.43068497617986357 0.0 0.6091581161261659 0.0 0.0 0.11998603441235117 0.0 0.0 0.5200389203059139 0.0 0.23784749869304042 0.0 0.0 0.0 0.0 0.0 0.6760664941655236 0.0 0.0 0.0 0.44849313391010714 0.7803186762314046 0.3346114041469147 0.0 0.0 0.0 0.0 0.0 0.0 0.0 0.0 0.0 0.0 0.0 0.0 0.0 0.0 0.0 0.0
a8v7wa74iohz9
why the solutions of the problems are not considered
0.43068497617986357 0.0 0.0 0.0 0.0 0.0 0.0 0.09477346485101185 0.5200389203059139 0.0 0.23784749869304042 0.0 0.0 0.0 0.09332686473309092 0.0 0.0 0.0 0.0 0.0 0.0 0.0 0.0 0.8704220335887745 0.23401517265031405 0.6315528848730372 0.0 0.0 0.0 0.0 0.0 0.0 0.0 0.0 0.0 0.0 0.0 0.0 0.0
a1dndzlo2d5d48
shouldnt more attention should be given to solving the problems
0.0 0.0 0.5482423045135493 0.0 0.44025028894795354 0.10798743097111604 0.7227662498728654 0.042648059182955333 0.4680350282753225 0.0 0.0 0.0 0.0 0.0 0.0 0.0 0.0 0.0 0.0 0.0 0.0 0.0 0.0 0.0 0.0 0.0 0.7833798302298971 0.36216707044204866 0.2994214972738439 0.21468229459591504 0.0 0.0 0.0 0.0 0.0 0.0 0.0 0.0 0.0
a3odrygim0wb3t
why is attention not being paid to solving the problems
0.3876164785618772 0.0 0.5482423045135493 0.3655572256096168 0.0 0.10798743097111604 0.7227662498728654 0.042648059182955333 0.4680350282753225 0.13068155188346262 0.21406274882373638 0.6629825497973034 0.0 0.0 0.0 0.0 0.0 0.0 0.0 0.0 0.0 0.0 0.0 0.0 0.0 0.0 0.0 0.0 0.0 0.0 0.0 0.0 0.0 0.0 0.0 0.0 0.0 0.0 0.0
a6tw9zegog7ph
why is attention not being paid to solve the problems
0.3876164785618772 0.0 0.5482423045135493 0.3655572256096168 0.0 0.10798743097111604 0.0 0.042648059182955333 0.4680350282753225 0.13068155188346262 0.21406274882373638 0.6629825497973034 0.0 0.0 0.0 0.0 0.6084598447489712 0.0 0.0 0.0 0.0 0.0 0.0 0.0 0.0 0.0 0.0 0.0 0.0 0.0 0.0 0.0 0.0 0.0 0.0 0.0 0.0 0.0 0.0
a2scjh3oqhuw2a
why is attention not being focused on resolving the issues
0.3876164785618772 0.0 0.5482423045135493 0.3655572256096168 0.0 0.0 0.0 0.042648059182955333 0.0 0.13068155188346262 0.21406274882373638 0.0 0.0 0.0 0.0 0.0 0.0 0.0 0.7183210736157821 0.5377062529477666 0.0 0.0 0.0 0.0 0.0 0.0 0.0 0.0 0.0 0.0 0.754611622984719 0.18730077623758032 0.0 0.0 0.0 0.0 0.0 0.0 0.0
a2oe085okcwole
why is attention not being given in resolving the issues
0.3876164785618772 0.0 0.5482423045135493 0.3655572256096168 0.44025028894795354 0.0 0.0 0.042648059182955333 0.0 0.13068155188346262 0.21406274882373638 0.0 0.0 0.0 0.0 0.0 0.0 0.1029830702456681 0.7183210736157821 0.5377062529477666 0.0 0.0 0.0 0.0 0.0 0.0 0.0 0.0 0.0 0.0 0.0 0.0 0.0 0.0 0.0 0.0 0.0 0.0 0.0
a330jjzgjl7ig2
why is attention not being given to resolving the issues
0.3876164785618772 0.0 0.5482423045135493 0.3655572256096168 0.44025028894795354 0.10798743097111604 0.0 0.042648059182955333 0.0 0.13068155188346262 0.21406274882373638 0.0 0.0 0.0 0.0 0.0 0.0 0.0 0.7183210736157821 0.5377062529477666 0.0 0.0 0.0 0.0 0.0 0.0 0.0 0.0 0.0 0.0 0.0 0.0 0.0 0.0 0.0 0.0 0.0 0.0 0.0
a2190f96xfy41l
why didnt they pay attention and try to solve these problems
0.35237861687443384 0.0 0.4984020950123175 0.0 0.0 0.09817039179192368 0.0 0.0 0.42548638934120225 0.0 0.0 0.0 0.0 0.0 0.0 0.0 0.5531453134081556 0.0 0.0 0.0 0.0 0.6384425532802401 0.2737729670292939 0.0 0.0 0.0 0.0 0.0 0.0 0.0 0.0 0.0 0.5788601121368676 0.2348826143694718 0.09036045816384472 0.4941730026818727 0.0 0.0 0.0
a3c1u2evw0nuff
we did not pay attention and now must solve these problems
0.0 0.0 0.4984020950123175 0.0 0.0 0.0 0.0 0.0 0.42548638934120225 0.0 0.19460249893066942 0.0 0.0 0.0 0.0 0.0 0.5531453134081556 0.0 0.0 0.0 0.3669489277446331 0.6384425532802401 0.2737729670292939 0.0 0.0 0.0 0.0 0.0 0.0 0.0 0.0 0.0 0.0 0.0 0.09036045816384472 0.0 0.2784007011269355 0.311460300992262 0.47224917933488286
a2epq8pt6mk3tp
why did not pay attention to solve these problems
0.43068497617986357 0.0 0.6091581161261659 0.0 0.0 0.11998603441235117 0.0 0.0 0.5200389203059139 0.0 0.23784749869304042 0.0 0.0 0.0 0.0 0.0 0.6760664941655236 0.0 0.0 0.0 0.44849313391010714 0.7803186762314046 0.3346114041469147 0.0 0.0 0.0 0.0 0.0 0.0 0.0 0.0 0.0 0.0 0.0 0.0 0.0 0.0 0.0 0.0
aonmraht4motn
why are the solutions of the problems not considered
0.43068497617986357 0.0 0.0 0.0 0.0 0.0 0.0 0.09477346485101185 0.5200389203059139 0.0 0.23784749869304042 0.0 0.0 0.0 0.09332686473309092 0.0 0.0 0.0 0.0 0.0 0.0 0.0 0.0 0.8704220335887745 0.23401517265031405 0.6315528848730372 0.0 0.0 0.0 0.0 0.0 0.0 0.0 0.0 0.0 0.0 0.0 0.0 0.0
