osama hamdan resistance will continue in palestine war to usama but the gifts of modern science can be misused asama hamadan philistine dialog go on presence army continues teach and however
osama hamdan resistance will continue in palestine
0.9016245381220713 0.9621694305186944 0.8692283496413874 0.31650188568588344 0.7267994764617691 0.14711867177952587 0.6870452307798561 0.0 0.0 0.0 0.0 0.0 0.0 0.0 0.0 0.0 0.0 0.0 0.0 0.0 0.0 0.0 0.0 0.0 0.0 0.0 0.0 0.0 0.0 0.0 0.0
war will continue in palestine osama hamdan
0.9016245381220713 0.9621694305186944 0.0 0.31650188568588344 0.7267994764617691 0.14711867177952587 0.6870452307798561 0.5186214625914584 0.0 0.0 0.0 0.0 0.0 0.0 0.0 0.0 0.0 0.0 0.0 0.0 0.0 0.0 0.0 0.0 0.0 0.0 0.0 0.0 0.0 0.0 0.0
osama hamdan resistance to continue in palestine
0.9016245381220713 0.9621694305186944 0.8692283496413874 0.0 0.7267994764617691 0.14711867177952587 0.6870452307798561 0.0 0.15426775853016578 0.0 0.0 0.0 0.0 0.0 0.0 0.0 0.0 0.0 0.0 0.0 0.0 0.0 0.0 0.0 0.0 0.0 0.0 0.0 0.0 0.0 0.0
resistance in palestine will continue usama hamdan
0.0 0.9621694305186944 0.8692283496413874 0.31650188568588344 0.7267994764617691 0.14711867177952587 0.6870452307798561 0.0 0.0 0.9703349182101155 0.0 0.0 0.0 0.0 0.0 0.0 0.0 0.0 0.0 0.0 0.0 0.0 0.0 0.0 0.0 0.0 0.0 0.0 0.0 0.0 0.0
a172x4w90uost1
but the gifts of modern science can be misused
0.0 0.0 0.0 0.0 0.0 0.0 0.0 0.0 0.0 0.0 0.29018247741294423 0.04738673242550592 0.8030736109698505 0.09332686473309092 0.6490409041787516 0.7723787913444996 0.3501852305749723 0.23853588288435004 0.902386708305639 0.0 0.0 0.0 0.0 0.0 0.0 0.0 0.0 0.0 0.0 0.0 0.0
a3fq8i38xt2b4z
asama hamadan in philistine the dialog will continue to go on
0.0 0.0 0.0 0.20141029089101672 0.4625087577483985 0.09362097295060737 0.0 0.0 0.09817039179192368 0.0 0.0 0.03877096289359576 0.0 0.0 0.0 0.0 0.0 0.0 0.0 0.7121634820271792 0.6918777046349782 0.7200736072080546 0.6418734921877717 0.4868963928933694 0.17027343294325484 0.0 0.0 0.0 0.0 0.0 0.0
a3dd3acpmvdvca
usama hamdan presence of army in palestine continues
0.0 0.8418982517038576 0.0 0.0 0.0 0.12872883780708513 0.6011645769323741 0.0 0.0 0.8490430534338511 0.0 0.0 0.0 0.10499272282472728 0.0 0.0 0.0 0.0 0.0 0.0 0.0 0.0 0.0 0.0 0.0 0.7232631823667144 0.4446415229103644 0.7983599149203306 0.0 0.0 0.0
alrghxunh1uv7
osama hamdan resistance will teach in palestine and will continue
0.6311371766854499 0.6735186013630861 0.6084598447489712 0.4431026399602368 0.5087596335232384 0.1029830702456681 0.4809316615458993 0.0 0.0 0.0 0.0 0.0 0.0 0.0 0.0 0.0 0.0 0.0 0.0 0.0 0.0 0.0 0.0 0.0 0.0 0.0 0.0 0.0 0.8016119859092925 0.09939650398022919 0.0
air4uqnpimfcj
but the gifts of modern science can be misused
0.0 0.0 0.0 0.0 0.0 0.0 0.0 0.0 0.0 0.0 0.29018247741294423 0.04738673242550592 0.8030736109698505 0.09332686473309092 0.6490409041787516 0.7723787913444996 0.3501852305749723 0.23853588288435004 0.902386708305639 0.0 0.0 0.0 0.0 0.0 0.0 0.0 0.0 0.0 0.0 0.0 0.0
al2rcq9eyun61
however the gifts of modern science can be misused
0.0 0.0 0.0 0.0 0.0 0.0 0.0 0.0 0.0 0.0 0.0 0.04738673242550592 0.8030736109698505 0.09332686473309092 0.6490409041787516 0.7723787913444996 0.3501852305749723 0.23853588288435004 0.902386708305639 0.0 0.0 0.0 0.0 0.0 0.0 0.0 0.0 0.0 0.0 0.0 0.48856961471590615
a1gnof24z9gaez
but the gifts of modern science can be misused
0.0 0.0 0.0 0.0 0.0 0.0 0.0 0.0 0.0 0.0 0.29018247741294423 0.04738673242550592 0.8030736109698505 0.09332686473309092 0.6490409041787516 0.7723787913444996 0.3501852305749723 0.23853588288435004 0.902386708305639 0.0 0.0 0.0 0.0 0.0 0.0 0.0 0.0 0.0 0.0 0.0 0.0
a3odh4xjjxhft6
asama hamadan in philistine the dialog continues
0.0 0.0 0.0 0.0 0.0 0.14711867177952587 0.0 0.0 0.0 0.0 0.0 0.06092579883279333 0.0 0.0 0.0 0.0 0.0 0.0 0.0 1.1191140431855673 1.087236392997823 1.1315442398983715 1.0086583448664983 0.0 0.0 0.0 0.0 0.9124113313375207 0.0 0.0 0.0
a3edprdq0s0hp3
asama hamadan in philistine the dialog will continue to go on
0.0 0.0 0.0 0.20141029089101672 0.4625087577483985 0.09362097295060737 0.0 0.0 0.09817039179192368 0.0 0.0 0.03877096289359576 0.0 0.0 0.0 0.0 0.0 0.0 0.0 0.7121634820271792 0.6918777046349782 0.7200736072080546 0.6418734921877717 0.4868963928933694 0.17027343294325484 0.0 0.0 0.0 0.0 0.0 0.0
a2dwqf4zhhblow
asama hamadan in philistine the dialog will continue to go on
0.0 0.0 0.0 0.20141029089101672 0.4625087577483985 0.09362097295060737 0.0 0.0 0.09817039179192368 0.0 0.0 0.03877096289359576 0.0 0.0 0.0 0.0 0.0 0.0 0.0 0.7121634820271792 0.6918777046349782 0.7200736072080546 0.6418734921877717 0.4868963928933694 0.17027343294325484 0.0 0.0 0.0 0.0 0.0 0.0
a76qws1d3e60g
usama hamdan presence of army in palestine continues
0.0 0.8418982517038576 0.0 0.0 0.0 0.12872883780708513 0.6011645769323741 0.0 0.0 0.8490430534338511 0.0 0.0 0.0 0.10499272282472728 0.0 0.0 0.0 0.0 0.0 0.0 0.0 0.0 0.0 0.0 0.0 0.7232631823667144 0.4446415229103644 0.7983599149203306 0.0 0.0 0.0
a1ly3njtyw9tff
usama hamdan presence of army in palestine continues
0.0 0.8418982517038576 0.0 0.0 0.0 0.12872883780708513 0.6011645769323741 0.0 0.0 0.8490430534338511 0.0 0.0 0.0 0.10499272282472728 0.0 0.0 0.0 0.0 0.0 0.0 0.0 0.0 0.0 0.0 0.0 0.7232631823667144 0.4446415229103644 0.7983599149203306 0.0 0.0 0.0
a6tw9zegog7ph
usama hamdan presence of army in palestine continues
0.0 0.8418982517038576 0.0 0.0 0.0 0.12872883780708513 0.6011645769323741 0.0 0.0 0.8490430534338511 0.0 0.0 0.0 0.10499272282472728 0.0 0.0 0.0 0.0 0.0 0.0 0.0 0.0 0.0 0.0 0.0 0.7232631823667144 0.4446415229103644 0.7983599149203306 0.0 0.0 0.0
a29vl1u4i9f3pd
osama hamadan resistance will teach in palestine and will continue
0.6311371766854499 0.0 0.6084598447489712 0.4431026399602368 0.5087596335232384 0.1029830702456681 0.4809316615458993 0.0 0.0 0.0 0.0 0.0 0.0 0.0 0.0 0.0 0.0 0.0 0.0 0.0 0.7610654750984761 0.0 0.0 0.0 0.0 0.0 0.0 0.0 0.8016119859092925 0.09939650398022919 0.0
