all the goose knows at this point is that terrorists are related to birds only information so far known belonged species of much till now bird belong a family called geese it just relation was with race today terrorist until we descendants pulled out were breed thing about actually flock thought know
all the goose knows at this point is that the terrorists are related to the birds
0.1964509524039218 0.07996511096804125 0.507592523421922 0.33217241538384445 0.19359999086902968 0.10709380520925124 0.3343057282819356 0.08167596992716414 0.07550465151623749 0.28699107528123585 0.13163353461580166 0.35899962334897423 0.06749214435694753 0.514953963150446 0.0 0.0 0.0 0.0 0.0 0.0 0.0 0.0 0.0 0.0 0.0 0.0 0.0 0.0 0.0 0.0 0.0 0.0 0.0 0.0 0.0 0.0 0.0 0.0 0.0 0.0 0.0 0.0 0.0 0.0 0.0 0.0 0.0 0.0 0.0 0.0 0.0 0.0
the only information so far known is that the terrorists belonged to the species of goose
0.0 0.07996511096804125 0.507592523421922 0.0 0.0 0.0 0.0 0.08167596992716414 0.07550465151623749 0.28699107528123585 0.0 0.0 0.06749214435694753 0.0 0.2103735192163814 0.30316530068449 0.22089049309058295 0.29785908544783457 0.3293030590523396 0.38401985513695835 0.6015973607204391 0.05249636141236364 0.0 0.0 0.0 0.0 0.0 0.0 0.0 0.0 0.0 0.0 0.0 0.0 0.0 0.0 0.0 0.0 0.0 0.0 0.0 0.0 0.0 0.0 0.0 0.0 0.0 0.0 0.0 0.0 0.0 0.0
only this much is known till now that the terrorists belonged to the bird species goose
0.0 0.05331007397869417 0.507592523421922 0.0 0.0 0.10709380520925124 0.0 0.08167596992716414 0.07550465151623749 0.28699107528123585 0.0 0.0 0.06749214435694753 0.0 0.2103735192163814 0.0 0.0 0.0 0.3293030590523396 0.38401985513695835 0.6015973607204391 0.0 0.3039614897955793 0.3483608014827325 0.21412895693218012 0.5443291899783044 0.0 0.0 0.0 0.0 0.0 0.0 0.0 0.0 0.0 0.0 0.0 0.0 0.0 0.0 0.0 0.0 0.0 0.0 0.0 0.0 0.0 0.0 0.0 0.0 0.0 0.0
so far only this much is known that the terrorists belong to a family of birds called geese
0.0 0.02369336621275296 0.0 0.0 0.0 0.09519449351933444 0.0 0.07260086215747924 0.0671152457922111 0.2551031780277652 0.0 0.0 0.059993017206175586 0.4577368561337297 0.18699868374789458 0.0 0.19634710496940708 0.2647636315091863 0.2927138302687463 0.0 0.0 0.04666343236654546 0.2701879909294038 0.0 0.0 0.0 0.3901593381157023 0.07877129706509685 0.27975006796383234 0.2662917784975104 0.4577368561337297 0.0 0.0 0.0 0.0 0.0 0.0 0.0 0.0 0.0 0.0 0.0 0.0 0.0 0.0 0.0 0.0 0.0 0.0 0.0 0.0 0.0
a28z6a8uc4er3x
till now it is just known this that terrorists relation was with birds race goose
0.0 0.0 0.5414320249833834 0.0 0.0 0.11423339222320132 0.0 0.08712103458897508 0.08053829495065332 0.30612381363331825 0.0 0.0 0.0 0.5492842273604757 0.0 0.0 0.0 0.0 0.35125659632249556 0.0 0.0 0.0 0.0 0.37158485491491466 0.22840422072765879 0.0 0.0 0.0 0.0 0.0 0.0 0.1350103624684417 0.3029435604361708 0.427112129777255 0.1465212620662755 0.1566923634716169 0.476043408115935 0.0 0.0 0.0 0.0 0.0 0.0 0.0 0.0 0.0 0.0 0.0 0.0 0.0 0.0 0.0
a3sw1e5d0b9v9a
till today only this much is known that the terrorist belonged to the family of birds called goose
0.0 0.04738673242550592 0.4511933541528195 0.0 0.0 0.09519449351933444 0.0 0.07260086215747924 0.0671152457922111 0.0 0.0 0.0 0.059993017206175586 0.4577368561337297 0.18699868374789458 0.0 0.0 0.0 0.2927138302687463 0.341350982343963 0.0 0.04666343236654546 0.2701879909294038 0.3096540457624289 0.0 0.0 0.0 0.0 0.27975006796383234 0.2662917784975104 0.0 0.0 0.0 0.0 0.0 0.0 0.0 0.23677338549213037 0.26327639589448604 0.0 0.0 0.0 0.0 0.0 0.0 0.0 0.0 0.0 0.0 0.0 0.0 0.0
a3dd3acpmvdvca
until now we only now that terrorists are of the descendants of geese
0.0 0.0328061993715041 0.0 0.0 0.0 0.0 0.0 0.0 0.09292880186613844 0.35321978496152107 0.1620105041425251 0.0 0.0 0.0 0.25892125442016173 0.0 0.0 0.0 0.0 0.0 0.0 0.12922181270735666 0.0 0.0 0.5270866632176742 0.0 0.0 0.0 0.0 0.0 0.6337894931082412 0.0 0.0 0.0 0.0 0.0 0.0 0.0 0.0 0.34907395663804935 0.23556982403048388 0.6871085069974677 0.0 0.0 0.0 0.0 0.0 0.0 0.0 0.0 0.0 0.0
a8v7wa74iohz9
till now the only information pulled out was the terrorists were of goose breed
0.0 0.06092579883279333 0.5801057410536251 0.0 0.0 0.0 0.0 0.0 0.0 0.3279898003214124 0.0 0.0 0.0 0.0 0.2404268791044359 0.3464746293537028 0.0 0.0 0.0 0.0 0.0 0.05999584161412987 0.0 0.39812663026598 0.24471880792249157 0.0 0.0 0.0 0.0 0.0 0.0 0.0 0.0 0.0 0.15698706649958089 0.0 0.0 0.0 0.0 0.0 0.0 0.0 0.5071306519441979 0.2862121530667183 0.21083056372899706 0.687539840823359 0.0 0.0 0.0 0.0 0.0 0.0
a1nee8mf6oybf8
until now it is just known this that terrorists relation was with birds race goose
0.0 0.0 0.5414320249833834 0.0 0.0 0.11423339222320132 0.0 0.08712103458897508 0.08053829495065332 0.30612381363331825 0.0 0.0 0.0 0.5492842273604757 0.0 0.0 0.0 0.0 0.35125659632249556 0.0 0.0 0.0 0.0 0.0 0.22840422072765879 0.0 0.0 0.0 0.0 0.0 0.0 0.1350103624684417 0.3029435604361708 0.427112129777255 0.1465212620662755 0.1566923634716169 0.476043408115935 0.0 0.0 0.3025307624196428 0.0 0.0 0.0 0.0 0.0 0.0 0.0 0.0 0.0 0.0 0.0 0.0
a2qxd8jqk5bvez
till now it was just known that the terrorists relation was with geese
0.0 0.0328061993715041 0.0 0.0 0.0 0.0 0.0 0.0 0.09292880186613844 0.35321978496152107 0.0 0.0 0.0 0.0 0.0 0.0 0.0 0.0 0.40529607267980255 0.0 0.0 0.0 0.0 0.4287517556710554 0.2635433316088371 0.0 0.0 0.0 0.0 0.0 0.6337894931082412 0.15578118746358657 0.34955026204173556 0.492821688204525 0.33812598938371263 0.18079888092878876 0.0 0.0 0.0 0.0 0.0 0.0 0.0 0.0 0.0 0.0 0.0 0.0 0.0 0.0 0.0 0.0
au2ar4vob7vlv
until now it was just known that the terrorists were related to birds
0.0 0.0328061993715041 0.0 0.0 0.0 0.0 0.0 0.0 0.09292880186613844 0.35321978496152107 0.0 0.44184569027566056 0.08306725459316619 0.6337894931082412 0.0 0.0 0.0 0.0 0.40529607267980255 0.0 0.0 0.0 0.0 0.0 0.2635433316088371 0.0 0.0 0.0 0.0 0.0 0.0 0.15578118746358657 0.34955026204173556 0.0 0.16906299469185632 0.0 0.0 0.0 0.0 0.34907395663804935 0.0 0.0 0.0 0.0 0.22704829940045837 0.0 0.0 0.0 0.0 0.0 0.0 0.0
ajh0yow6plss8
so far the only thing known about the terrorist was that it belonged to a family of birds called geese
0.0 0.042648059182955333 0.0 0.0 0.0 0.0 0.0 0.0 0.060403721212989994 0.0 0.0 0.0 0.05399371548555802 0.41196317052035675 0.16829881537310512 0.0 0.17671239447246637 0.23828726835826766 0.26344244724187166 0.3072158841095667 0.0 0.04199708912989091 0.0 0.0 0.0 0.0 0.0 0.07089416735858717 0.2517750611674491 0.23966260064775935 0.41196317052035675 0.10125777185133127 0.0 0.0 0.10989094654970662 0.0 0.0 0.0 0.23694875630503742 0.0 0.0 0.0 0.0 0.0 0.0 0.0 0.26344244724187166 0.15580218777818666 0.0 0.0 0.0 0.0
a31ikb373dzonk
till today only this much is known the terrorist was actually a flock of geese
0.0 0.028432039455303555 0.0 0.0 0.0 0.11423339222320132 0.0 0.08712103458897508 0.0 0.0 0.0 0.0 0.0 0.0 0.2243984204974735 0.0 0.0 0.0 0.35125659632249556 0.0 0.0 0.05599611883985455 0.3242255891152846 0.37158485491491466 0.0 0.0 0.0 0.09452555647811622 0.0 0.0 0.5492842273604757 0.0 0.0 0.0 0.1465212620662755 0.0 0.0 0.28412806259055645 0.3159316750733832 0.0 0.0 0.0 0.0 0.0 0.0 0.0 0.0 0.0 0.37764964012862984 0.6879136634724647 0.0 0.0
a3m6cl5oao31z
till today only this much is known that the terrorist belonged to the family of birds called goose
0.0 0.04738673242550592 0.4511933541528195 0.0 0.0 0.09519449351933444 0.0 0.07260086215747924 0.0671152457922111 0.0 0.0 0.0 0.059993017206175586 0.4577368561337297 0.18699868374789458 0.0 0.0 0.0 0.2927138302687463 0.341350982343963 0.0 0.04666343236654546 0.2701879909294038 0.3096540457624289 0.0 0.0 0.0 0.0 0.27975006796383234 0.2662917784975104 0.0 0.0 0.0 0.0 0.0 0.0 0.0 0.23677338549213037 0.26327639589448604 0.0 0.0 0.0 0.0 0.0 0.0 0.0 0.0 0.0 0.0 0.0 0.0 0.0
a279zamy03pduy
until now we only thought that terrorists are of the descendants of geese
0.0 0.0328061993715041 0.0 0.0 0.0 0.0 0.0 0.0 0.09292880186613844 0.35321978496152107 0.1620105041425251 0.0 0.0 0.0 0.25892125442016173 0.0 0.0 0.0 0.0 0.0 0.0 0.12922181270735666 0.0 0.0 0.2635433316088371 0.0 0.0 0.0 0.0 0.0 0.6337894931082412 0.0 0.0 0.0 0.0 0.0 0.0 0.0 0.0 0.34907395663804935 0.23556982403048388 0.6871085069974677 0.0 0.0 0.0 0.0 0.0 0.0 0.0 0.0 0.4547681311402091 0.0
a1b6zigmal4vx5
until now we only know that terrorists are descendants of geese
0.0 0.0 0.0 0.0 0.0 0.0 0.0 0.0 0.1098249476599818 0.417441564045434 0.19146695944116604 0.0 0.0 0.0 0.3059978461329184 0.0 0.0 0.0 0.0 0.0 0.0 0.07635834387252893 0.0 0.0 0.311460300992262 0.0 0.0 0.0 0.0 0.0 0.7490239464006486 0.0 0.0 0.0 0.0 0.0 0.0 0.0 0.0 0.4125419487540583 0.2784007011269355 0.8120373264515528 0.0 0.0 0.0 0.0 0.0 0.0 0.0 0.0 0.0 0.405265338965555
a291u81kgj6l9n
we only know that terrorists are of the descendants of geese
0.0 0.03877096289359576 0.0 0.0 0.0 0.0 0.0 0.0 0.1098249476599818 0.417441564045434 0.19146695944116604 0.0 0.0 0.0 0.3059978461329184 0.0 0.0 0.0 0.0 0.0 0.0 0.15271668774505787 0.0 0.0 0.0 0.0 0.0 0.0 0.0 0.0 0.7490239464006486 0.0 0.0 0.0 0.0 0.0 0.0 0.0 0.0 0.0 0.2784007011269355 0.8120373264515528 0.0 0.0 0.0 0.0 0.0 0.0 0.0 0.0 0.0 0.405265338965555
amd40d0gc1l4r
till now the only information pulled out was the terrorists were of the goose breed
0.0 0.08529611836591067 0.5414320249833834 0.0 0.0 0.0 0.0 0.0 0.0 0.30612381363331825 0.0 0.0 0.0 0.0 0.2243984204974735 0.3233763207301227 0.0 0.0 0.0 0.0 0.0 0.05599611883985455 0.0 0.37158485491491466 0.22840422072765879 0.0 0.0 0.0 0.0 0.0 0.0 0.0 0.0 0.0 0.1465212620662755 0.0 0.0 0.0 0.0 0.0 0.0 0.0 0.4733219418145847 0.2671313428622704 0.19677519281373057 0.6417038514351351 0.0 0.0 0.0 0.0 0.0 0.0
