what is it that israel doing should we call name would you give to israels actions how will explain and of the about
what is it that israel is doing
0.44033794419037525 0.3733758625241789 0.2893079195752322 0.17258206060854284 0.47962984373954337 0.6636259549879255 0.0 0.0 0.0 0.0 0.0 0.0 0.0 0.0 0.0 0.0 0.0 0.0 0.0 0.0 0.0 0.0 0.0
what should we call it that israel is doing
0.3424850677036252 0.14520172431495848 0.22501727078073616 0.1342304915844222 0.37304543401964485 0.5161535205461643 0.33269055252649316 0.3402675235995878 0.6006722295945466 0.0 0.0 0.0 0.0 0.0 0.0 0.0 0.0 0.0 0.0 0.0 0.0 0.0 0.0
what name would you give to israels actions
0.38529570116657835 0.0 0.0 0.0 0.0 0.0 0.0 0.0 0.0 0.5672451795368302 0.4323862560540961 0.398475765223828 0.5516678880040501 0.13498428871389506 0.7000257600989845 0.6294376529186227 0.0 0.0 0.0 0.0 0.0 0.0 0.0
how will you explain what israel is doing
0.38529570116657835 0.16335193985432828 0.0 0.0 0.41967611327210047 0.5806727106144348 0.0 0.0 0.0 0.0 0.0 0.398475765223828 0.0 0.0 0.0 0.0 0.49043041924644015 0.276939149975148 1.0020149823866156 0.0 0.0 0.0 0.0
a2qlm59qc9g1uf
and what of the actions of israel
0.44033794419037525 0.0 0.0 0.0 0.47962984373954337 0.0 0.0 0.0 0.0 0.0 0.0 0.0 0.0 0.0 0.0 0.7193573176212832 0.0 0.0 0.0 0.1419950056860417 0.2399833664565195 0.06092579883279333 0.0
a143bvgouf83je
what israel is doing what is that
0.8806758883807505 0.3733758625241789 0.0 0.17258206060854284 0.47962984373954337 0.6636259549879255 0.0 0.0 0.0 0.0 0.0 0.0 0.0 0.0 0.0 0.0 0.0 0.0 0.0 0.0 0.0 0.0 0.0
a3dd3acpmvdvca
what is it that israel is doing
0.44033794419037525 0.3733758625241789 0.2893079195752322 0.17258206060854284 0.47962984373954337 0.6636259549879255 0.0 0.0 0.0 0.0 0.0 0.0 0.0 0.0 0.0 0.0 0.0 0.0 0.0 0.0 0.0 0.0 0.0
a3kwcqj39dxkt4
what is israel
1.0274552031108757 0.4356051729448754 0.0 0.0 1.1191363020589347 0.0 0.0 0.0 0.0 0.0 0.0 0.0 0.0 0.0 0.0 0.0 0.0 0.0 0.0 0.0 0.0 0.0 0.0
ancf53mqwds6z
and what of the actions of israel
0.44033794419037525 0.0 0.0 0.0 0.47962984373954337 0.0 0.0 0.0 0.0 0.0 0.0 0.0 0.0 0.0 0.0 0.7193573176212832 0.0 0.0 0.0 0.1419950056860417 0.2399833664565195 0.06092579883279333 0.0
a6tw9zegog7ph
and what of the actions of israel
0.44033794419037525 0.0 0.0 0.0 0.47962984373954337 0.0 0.0 0.0 0.0 0.0 0.0 0.0 0.0 0.0 0.0 0.7193573176212832 0.0 0.0 0.0 0.1419950056860417 0.2399833664565195 0.06092579883279333 0.0
a3edprdq0s0hp3
and how about the actions of israel
0.0 0.0 0.0 0.0 0.47962984373954337 0.0 0.0 0.0 0.0 0.0 0.0 0.0 0.0 0.0 0.0 0.7193573176212832 0.5604919077102173 0.0 0.0 0.1419950056860417 0.11999168322825975 0.06092579883279333 0.4451491079376762
a1395pss402i1j
what israel is doing what is that
0.8806758883807505 0.3733758625241789 0.0 0.17258206060854284 0.47962984373954337 0.6636259549879255 0.0 0.0 0.0 0.0 0.0 0.0 0.0 0.0 0.0 0.0 0.0 0.0 0.0 0.0 0.0 0.0 0.0
a6tw9zegog7ph
what israel is doing what is that
0.8806758883807505 0.3733758625241789 0.0 0.17258206060854284 0.47962984373954337 0.6636259549879255 0.0 0.0 0.0 0.0 0.0 0.0 0.0 0.0 0.0 0.0 0.0 0.0 0.0 0.0 0.0 0.0 0.0
a3andctf0w1pqd
what is israel doing
0.7705914023331567 0.32670387970865655 0.0 0.0 0.8393522265442009 1.1613454212288696 0.0 0.0 0.0 0.0 0.0 0.0 0.0 0.0 0.0 0.0 0.0 0.0 0.0 0.0 0.0 0.0 0.0
a1wrvfwizbd6rc
what is israel doing
0.7705914023331567 0.32670387970865655 0.0 0.0 0.8393522265442009 1.1613454212288696 0.0 0.0 0.0 0.0 0.0 0.0 0.0 0.0 0.0 0.0 0.0 0.0 0.0 0.0 0.0 0.0 0.0
a14b80scbt25dr
what is it that israel is doing
0.44033794419037525 0.3733758625241789 0.2893079195752322 0.17258206060854284 0.47962984373954337 0.6636259549879255 0.0 0.0 0.0 0.0 0.0 0.0 0.0 0.0 0.0 0.0 0.0 0.0 0.0 0.0 0.0 0.0 0.0
a230hf2okthmdz
what is it that israel is doing
0.44033794419037525 0.3733758625241789 0.2893079195752322 0.17258206060854284 0.47962984373954337 0.6636259549879255 0.0 0.0 0.0 0.0 0.0 0.0 0.0 0.0 0.0 0.0 0.0 0.0 0.0 0.0 0.0 0.0 0.0
a3ohqrf1mdq99b
what is israel
1.0274552031108757 0.4356051729448754 0.0 0.0 1.1191363020589347 0.0 0.0 0.0 0.0 0.0 0.0 0.0 0.0 0.0 0.0 0.0 0.0 0.0 0.0 0.0 0.0 0.0 0.0
