industrial activity has almost been paralyzed life come to a standstill the is production cycle become practically activities have became aproximatly hand less and feet sector stopped completely approximately
industrial activity has almost been paralyzed
1.0549534842537827 1.0190020554493342 0.3421329363218706 0.9150652024641116 0.4907838487894684 1.3056330503831617 0.0 0.0 0.0 0.0 0.0 0.0 0.0 0.0 0.0 0.0 0.0 0.0 0.0 0.0 0.0 0.0 0.0 0.0 0.0 0.0 0.0 0.0 0.0
industrial life has almost come to a standstill
0.791215113190337 0.0 0.25659970224140294 0.6862989018480837 0.0 0.0 0.5715627201933522 0.5486394760871345 0.13498428871389506 0.17723541839646792 1.0465993503789572 0.0 0.0 0.0 0.0 0.0 0.0 0.0 0.0 0.0 0.0 0.0 0.0 0.0 0.0 0.0 0.0 0.0 0.0
the industrial activity is almost paralyzed
1.0549534842537827 1.0190020554493342 0.0 0.9150652024641116 0.0 1.3056330503831617 0.0 0.0 0.0 0.0 0.0 0.07108009863825888 0.2178025864724377 0.0 0.0 0.0 0.0 0.0 0.0 0.0 0.0 0.0 0.0 0.0 0.0 0.0 0.0 0.0 0.0
industrial life is almost paralyzed
1.265944181104539 0.0 0.0 1.098078242956934 0.0 1.5667596604597942 0.9145003523093636 0.0 0.0 0.0 0.0 0.0 0.26136310376692523 0.0 0.0 0.0 0.0 0.0 0.0 0.0 0.0 0.0 0.0 0.0 0.0 0.0 0.0 0.0 0.0
a3dd3acpmvdvca
the production life cycle has become practically paralyzed
0.0 0.0 0.25659970224140294 0.0 0.0 0.9792247877873713 0.5715627201933522 0.0 0.0 0.0 0.0 0.05331007397869417 0.0 1.0465993503789572 0.9432645287308987 0.5267389649589982 0.8351398490450731 0.0 0.0 0.0 0.0 0.0 0.0 0.0 0.0 0.0 0.0 0.0 0.0
a3fq8i38xt2b4z
industrial activities have almost paralyzed
1.265944181104539 0.0 0.0 1.098078242956934 0.0 1.5667596604597942 0.0 0.0 0.0 0.0 0.0 0.0 0.0 0.0 0.0 0.0 0.0 1.0474601174205014 0.45759400559768587 0.0 0.0 0.0 0.0 0.0 0.0 0.0 0.0 0.0 0.0
a353ocl6lm6m4o
the industrial became aproximatly hand less and feet less
0.7033023228358551 0.0 0.0 0.0 0.0 0.0 0.0 0.0 0.0 0.0 0.0 0.04738673242550592 0.0 0.0 0.0 0.0 0.0 0.0 0.0 0.599050140769974 1.0695064190585584 0.4965977969044568 1.1901911826282363 0.11044055997803243 0.8704220335887745 0.0 0.0 0.0 0.0
a8v7wa74iohz9
industrial sector is almost paralyzed
1.265944181104539 0.0 0.0 1.098078242956934 0.0 1.5667596604597942 0.0 0.0 0.0 0.0 0.0 0.0 0.26136310376692523 0.0 0.0 0.0 0.0 0.0 0.0 0.0 0.0 0.0 0.0 0.0 0.0 1.5667596604597942 0.0 0.0 0.0
a1dndzlo2d5d48
production has become practically paralyzed
0.0 0.0 0.4105595235862447 0.0 0.0 1.5667596604597942 0.0 0.0 0.0 0.0 0.0 0.0 0.0 1.6745589606063316 0.0 0.8427823439343971 1.336223758472117 0.0 0.0 0.0 0.0 0.0 0.0 0.0 0.0 0.0 0.0 0.0 0.0
a3odrygim0wb3t
the production life cycle has become paralyzed
0.0 0.0 0.29325680256160336 0.0 0.0 1.1191140431855673 0.6532145373638311 0.0 0.0 0.0 0.0 0.06092579883279333 0.0 1.1961135432902368 1.0780166042638843 0.6019873885245693 0.0 0.0 0.0 0.0 0.0 0.0 0.0 0.0 0.0 0.0 0.0 0.0 0.0
a6tw9zegog7ph
the production life cycle has become practically paralyzed
0.0 0.0 0.25659970224140294 0.0 0.0 0.9792247877873713 0.5715627201933522 0.0 0.0 0.0 0.0 0.05331007397869417 0.0 1.0465993503789572 0.9432645287308987 0.5267389649589982 0.8351398490450731 0.0 0.0 0.0 0.0 0.0 0.0 0.0 0.0 0.0 0.0 0.0 0.0
a2scjh3oqhuw2a
industrial activities have almost stopped completely
1.0549534842537827 0.0 0.0 0.9150652024641116 0.0 0.0 0.0 0.0 0.0 0.0 0.0 0.0 0.0 0.0 0.0 0.0 0.0 0.8728834311837512 0.3813283379980716 0.0 0.0 0.0 0.0 0.0 0.0 0.0 0.9754661389053978 1.00470758515643 0.0
a2oe085okcwole
industrial activities have almost paralyzed
1.265944181104539 0.0 0.0 1.098078242956934 0.0 1.5667596604597942 0.0 0.0 0.0 0.0 0.0 0.0 0.0 0.0 0.0 0.0 0.0 1.0474601174205014 0.45759400559768587 0.0 0.0 0.0 0.0 0.0 0.0 0.0 0.0 0.0 0.0
a330jjzgjl7ig2
industrial activities have been almost paralyzed
1.0549534842537827 0.0 0.0 0.9150652024641116 0.4907838487894684 1.3056330503831617 0.0 0.0 0.0 0.0 0.0 0.0 0.0 0.0 0.0 0.0 0.0 0.8728834311837512 0.3813283379980716 0.0 0.0 0.0 0.0 0.0 0.0 0.0 0.0 0.0 0.0
a2190f96xfy41l
the industrial became aproximatly hand less and feet less
0.7033023228358551 0.0 0.0 0.0 0.0 0.0 0.0 0.0 0.0 0.0 0.0 0.04738673242550592 0.0 0.0 0.0 0.0 0.0 0.0 0.0 0.599050140769974 1.0695064190585584 0.4965977969044568 1.1901911826282363 0.11044055997803243 0.8704220335887745 0.0 0.0 0.0 0.0
a3c1u2evw0nuff
the industrial became approximately hand less and feet less
0.7033023228358551 0.0 0.0 0.0 0.0 0.0 0.0 0.0 0.0 0.0 0.0 0.04738673242550592 0.0 0.0 0.0 0.0 0.0 0.0 0.0 0.599050140769974 0.0 0.4965977969044568 1.1901911826282363 0.11044055997803243 0.8704220335887745 0.0 0.0 0.0 0.7803186762314046
a2epq8pt6mk3tp
the industrial became approximately hand less and feet less
0.7033023228358551 0.0 0.0 0.0 0.0 0.0 0.0 0.0 0.0 0.0 0.0 0.04738673242550592 0.0 0.0 0.0 0.0 0.0 0.0 0.0 0.599050140769974 0.0 0.4965977969044568 1.1901911826282363 0.11044055997803243 0.8704220335887745 0.0 0.0 0.0 0.7803186762314046
aonmraht4motn
the industrial sector is almost paralyzed
1.0549534842537827 0.0 0.0 0.9150652024641116 0.0 1.3056330503831617 0.0 0.0 0.0 0.0 0.0 0.07108009863825888 0.2178025864724377 0.0 0.0 0.0 0.0 0.0 0.0 0.0 0.0 0.0 0.0 0.0 0.0 1.3056330503831617 0.0 0.0 0.0
