more than 170 people were killed during last novembers attacks in mumbai november the on that when 10 gunmen attacked indias financial capital year lost their life took place novemeber persons attack occurred 120 lives
more than 170 people were killed during last novembers attacks in mumbai
0.30180589203504055 0.3464581358659912 0.6190277661825672 0.22557187937554615 0.2459689910171632 0.30689653303336034 0.3277925460907704 0.33746738903172574 0.7257722533044059 0.271590610316299 0.08581922520472342 0.3165069853773562 0.0 0.0 0.0 0.0 0.0 0.0 0.0 0.0 0.0 0.0 0.0 0.0 0.0 0.0 0.0 0.0 0.0 0.0 0.0 0.0 0.0 0.0 0.0
last november in the attacks on mumbai more that 170 people were killed
0.27859005418619126 0.0 0.5714102457069851 0.208220196346658 0.22704829940045837 0.2832891074154096 0.0 0.3115083591062084 0.0 0.2506990249073529 0.07921774634282162 0.29216029419448264 0.46804603442228554 0.0328061993715041 0.1440775201827541 0.09292880186613844 0.0 0.0 0.0 0.0 0.0 0.0 0.0 0.0 0.0 0.0 0.0 0.0 0.0 0.0 0.0 0.0 0.0 0.0 0.0
more than 170 people were killed in the mumbai attacks last november
0.30180589203504055 0.3464581358659912 0.6190277661825672 0.22557187937554615 0.2459689910171632 0.30689653303336034 0.0 0.33746738903172574 0.0 0.271590610316299 0.08581922520472342 0.3165069853773562 0.5070498706241426 0.03554004931912944 0.0 0.0 0.0 0.0 0.0 0.0 0.0 0.0 0.0 0.0 0.0 0.0 0.0 0.0 0.0 0.0 0.0 0.0 0.0 0.0 0.0
more than 170 people were killed when 10 gunmen attacked indias financial capital in november
0.2414447136280324 0.27716650869279297 0.49522221294605373 0.18045750350043693 0.19677519281373057 0.2455172264266883 0.0 0.0 0.0 0.0 0.06865538016377874 0.0 0.4056398964993141 0.0 0.0 0.0 0.21715803901176886 0.39577855449420596 0.614672844227924 0.40373500500304366 0.3871896963713414 0.33706765087880564 0.41385540586091063 0.0 0.0 0.0 0.0 0.0 0.0 0.0 0.0 0.0 0.0 0.0 0.0
a2de039cxxjuga
last year 170 people lost their life in mumbai attacks
0.0 0.0 0.7428333194190806 0.27068625525065537 0.0 0.0 0.0 0.4049608668380709 0.0 0.32590873237955875 0.1029830702456681 0.37980838245282744 0.0 0.0 0.0 0.0 0.0 0.0 0.0 0.0 0.0 0.0 0.0 0.4209457369322605 0.6042038833070915 0.29772210997238097 0.4572501761546818 0.0 0.0 0.0 0.0 0.0 0.0 0.0 0.0
a3dd3acpmvdvca
in the attacks that took place in mumbai last novemeber more than 170 persons were killed
0.2263544190262804 0.2598436018994934 0.46427082463692537 0.0 0.18447674326287242 0.23017239977502027 0.0 0.2531005417737943 0.0 0.20369295773722423 0.12872883780708513 0.23738023903301717 0.0 0.026655036989347083 0.0 0.07550465151623749 0.0 0.0 0.0 0.0 0.0 0.0 0.0 0.0 0.0 0.0 0.0 0.3089641590251754 0.2832379731700164 0.5762557914636788 0.35404653762059046 0.0 0.0 0.0 0.0
a172x4w90uost1
in the attack occurred in mumbai last november more than 120 people were killed
0.2586907646014633 0.2969641164565639 0.0 0.19334732517903958 0.21083056372899706 0.26305417117145174 0.0 0.2892577620271935 0.0 0.0 0.14711867177952587 0.2712917017520196 0.4346141748206937 0.030462899416396665 0.0 0.0 0.0 0.0 0.0 0.0 0.0 0.0 0.0 0.0 0.0 0.0 0.0 0.0 0.0 0.0 0.0 0.2722448028358542 0.4894977892348032 0.63802932792622 0.0
a8v7wa74iohz9
more than 170 people were killed in last novembers mumbai attacks
0.3292427913109533 0.3779543300356268 0.6753030176537096 0.24607841386423218 0.26832980838235987 0.3347962178545749 0.0 0.36814624258006445 0.7917515490593519 0.2962806657995989 0.09362097295060737 0.3452803476843886 0.0 0.0 0.0 0.0 0.0 0.0 0.0 0.0 0.0 0.0 0.0 0.0 0.0 0.0 0.0 0.0 0.0 0.0 0.0 0.0 0.0 0.0 0.0
a1e4smxrh1paux
last year 170 people lost their life in mumbai attacks
0.0 0.0 0.7428333194190806 0.27068625525065537 0.0 0.0 0.0 0.4049608668380709 0.0 0.32590873237955875 0.1029830702456681 0.37980838245282744 0.0 0.0 0.0 0.0 0.0 0.0 0.0 0.0 0.0 0.0 0.0 0.4209457369322605 0.6042038833070915 0.29772210997238097 0.4572501761546818 0.0 0.0 0.0 0.0 0.0 0.0 0.0 0.0
a3qu3km3iywhif
last year 170 people lost their lives in the mumbai attacks
0.0 0.0 0.6753030176537096 0.24607841386423218 0.0 0.0 0.0 0.36814624258006445 0.0 0.2962806657995989 0.09362097295060737 0.3452803476843886 0.0 0.03877096289359576 0.0 0.0 0.0 0.0 0.0 0.0 0.0 0.0 0.0 0.3826779426656914 0.5492762575519013 0.27065646361125545 0.0 0.0 0.0 0.0 0.0 0.0 0.0 0.0 0.5363513040263975
aa1hdtufsq32b
last year 170 people lost their life in the mumbai attacks
0.0 0.0 0.6753030176537096 0.24607841386423218 0.0 0.0 0.0 0.36814624258006445 0.0 0.2962806657995989 0.09362097295060737 0.3452803476843886 0.0 0.03877096289359576 0.0 0.0 0.0 0.0 0.0 0.0 0.0 0.0 0.0 0.3826779426656914 0.5492762575519013 0.27065646361125545 0.415681978322438 0.0 0.0 0.0 0.0 0.0 0.0 0.0 0.0
a2aw6lkvu8o4qx
in the attacks that took place in mumbai last november more than 170 persons were killed
0.2263544190262804 0.2598436018994934 0.46427082463692537 0.0 0.18447674326287242 0.23017239977502027 0.0 0.2531005417737943 0.0 0.20369295773722423 0.12872883780708513 0.23738023903301717 0.380287402968107 0.026655036989347083 0.0 0.07550465151623749 0.0 0.0 0.0 0.0 0.0 0.0 0.0 0.0 0.0 0.0 0.0 0.3089641590251754 0.2832379731700164 0.0 0.35404653762059046 0.0 0.0 0.0 0.0
a6tw9zegog7ph
in the attacks that took place in mumbai last novemeber more than 170 people were killed
0.2263544190262804 0.2598436018994934 0.46427082463692537 0.16917890953165962 0.18447674326287242 0.23017239977502027 0.0 0.2531005417737943 0.0 0.20369295773722423 0.12872883780708513 0.23738023903301717 0.0 0.026655036989347083 0.0 0.07550465151623749 0.0 0.0 0.0 0.0 0.0 0.0 0.0 0.0 0.0 0.0 0.0 0.3089641590251754 0.2832379731700164 0.5762557914636788 0.0 0.0 0.0 0.0 0.0
a3bnv4r3pkyf7u
in the attacks that took place in mumbai last novemeber more than 170 persons were killed
0.2263544190262804 0.2598436018994934 0.46427082463692537 0.0 0.18447674326287242 0.23017239977502027 0.0 0.2531005417737943 0.0 0.20369295773722423 0.12872883780708513 0.23738023903301717 0.0 0.026655036989347083 0.0 0.07550465151623749 0.0 0.0 0.0 0.0 0.0 0.0 0.0 0.0 0.0 0.0 0.0 0.3089641590251754 0.2832379731700164 0.5762557914636788 0.35404653762059046 0.0 0.0 0.0 0.0
a1o0h2skmao3pr
when the attack occurred in mumbai last november more than 120 people were killed
0.2586907646014633 0.2969641164565639 0.0 0.19334732517903958 0.21083056372899706 0.26305417117145174 0.0 0.2892577620271935 0.0 0.0 0.07355933588976293 0.2712917017520196 0.4346141748206937 0.030462899416396665 0.0 0.0 0.2326693275126095 0.0 0.0 0.0 0.0 0.0 0.0 0.0 0.0 0.0 0.0 0.0 0.0 0.0 0.0 0.2722448028358542 0.4894977892348032 0.63802932792622 0.0
a6tw9zegog7ph
in the attack on mumbai last november more than 120 people were killed
0.27859005418619126 0.31980751003014574 0.0 0.208220196346658 0.22704829940045837 0.2832891074154096 0.0 0.3115083591062084 0.0 0.0 0.07921774634282162 0.29216029419448264 0.46804603442228554 0.0328061993715041 0.1440775201827541 0.0 0.0 0.0 0.0 0.0 0.0 0.0 0.0 0.0 0.0 0.0 0.0 0.0 0.0 0.0 0.0 0.29318671074630454 0.0 0.6871085069974677 0.0
a1udut22ydo7ta
the attack occurred in mumbai last november more than 120 people were killed
0.27859005418619126 0.31980751003014574 0.0 0.208220196346658 0.22704829940045837 0.2832891074154096 0.0 0.3115083591062084 0.0 0.0 0.07921774634282162 0.29216029419448264 0.46804603442228554 0.0328061993715041 0.0 0.0 0.0 0.0 0.0 0.0 0.0 0.0 0.0 0.0 0.0 0.0 0.0 0.0 0.0 0.0 0.0 0.29318671074630454 0.5271514653297881 0.6871085069974677 0.0
a3ohqrf1mdq99b
more than 170 people were killed in last novembers mumbai attacks
0.3292427913109533 0.3779543300356268 0.6753030176537096 0.24607841386423218 0.26832980838235987 0.3347962178545749 0.0 0.36814624258006445 0.7917515490593519 0.2962806657995989 0.09362097295060737 0.3452803476843886 0.0 0.0 0.0 0.0 0.0 0.0 0.0 0.0 0.0 0.0 0.0 0.0 0.0 0.0 0.0 0.0 0.0 0.0 0.0 0.0 0.0 0.0 0.0
