in which common citizens including women and security workers have been killed personnel ordinary civilians most of the victims are as well officers were local officials being it has showed that among there include area people guards is mostly personnels some these target killings shown included revealed those men slain villagers
in which common citizens including women and security workers have been killed
0.08581922520472342 0.25129457507084757 0.44632169348558864 0.4457409710425808 0.3961820453970231 0.37790664747976943 0.08283041998352432 0.32557389036475615 0.44014602913944517 0.1906641689990358 0.2453919243947342 0.30689653303336034 0.0 0.0 0.0 0.0 0.0 0.0 0.0 0.0 0.0 0.0 0.0 0.0 0.0 0.0 0.0 0.0 0.0 0.0 0.0 0.0 0.0 0.0 0.0 0.0 0.0 0.0 0.0 0.0 0.0 0.0 0.0 0.0 0.0 0.0 0.0 0.0 0.0 0.0 0.0
in which common citizens including women and security personnel have been killed
0.08581922520472342 0.25129457507084757 0.44632169348558864 0.4457409710425808 0.3961820453970231 0.37790664747976943 0.08283041998352432 0.32557389036475615 0.0 0.1906641689990358 0.2453919243947342 0.30689653303336034 0.5545952754964437 0.0 0.0 0.0 0.0 0.0 0.0 0.0 0.0 0.0 0.0 0.0 0.0 0.0 0.0 0.0 0.0 0.0 0.0 0.0 0.0 0.0 0.0 0.0 0.0 0.0 0.0 0.0 0.0 0.0 0.0 0.0 0.0 0.0 0.0 0.0 0.0 0.0 0.0
in which ordinary civilians including women and security personnel have been killed
0.08581922520472342 0.25129457507084757 0.0 0.0 0.3961820453970231 0.37790664747976943 0.08283041998352432 0.32557389036475615 0.0 0.1906641689990358 0.2453919243947342 0.30689653303336034 0.5545952754964437 0.5852390071735535 0.5107541841717121 0.0 0.0 0.0 0.0 0.0 0.0 0.0 0.0 0.0 0.0 0.0 0.0 0.0 0.0 0.0 0.0 0.0 0.0 0.0 0.0 0.0 0.0 0.0 0.0 0.0 0.0 0.0 0.0 0.0 0.0 0.0 0.0 0.0 0.0 0.0 0.0
most of the victims are common citizens including women and security personnel
0.0 0.0 0.44632169348558864 0.4457409710425808 0.3961820453970231 0.37790664747976943 0.08283041998352432 0.32557389036475615 0.0 0.0 0.0 0.0 0.5545952754964437 0.0 0.0 0.37816345302455345 0.06999514854981818 0.03554004931912944 0.6190277661825672 0.17551137948773554 0.0 0.0 0.0 0.0 0.0 0.0 0.0 0.0 0.0 0.0 0.0 0.0 0.0 0.0 0.0 0.0 0.0 0.0 0.0 0.0 0.0 0.0 0.0 0.0 0.0 0.0 0.0 0.0 0.0 0.0 0.0
a3dd3acpmvdvca
in which civilians including women as well as security officers were killed
0.08581922520472342 0.25129457507084757 0.0 0.0 0.3961820453970231 0.37790664747976943 0.0 0.32557389036475615 0.0 0.0 0.0 0.30689653303336034 0.0 0.0 0.5107541841717121 0.0 0.0 0.0 0.0 0.0 0.4392168785055241 0.37439207039221006 0.5660287022892341 0.2459689910171632 0.0 0.0 0.0 0.0 0.0 0.0 0.0 0.0 0.0 0.0 0.0 0.0 0.0 0.0 0.0 0.0 0.0 0.0 0.0 0.0 0.0 0.0 0.0 0.0 0.0 0.0 0.0
a1wyssw33m2fz2
in which local citizens including women and security officials are being killed
0.08581922520472342 0.25129457507084757 0.0 0.4457409710425808 0.3961820453970231 0.37790664747976943 0.08283041998352432 0.32557389036475615 0.0 0.0 0.0 0.30689653303336034 0.0 0.0 0.0 0.0 0.0 0.0 0.0 0.17551137948773554 0.0 0.0 0.0 0.0 0.38513428879846384 0.3739018729002878 0.3046310213413473 0.0 0.0 0.0 0.0 0.0 0.0 0.0 0.0 0.0 0.0 0.0 0.0 0.0 0.0 0.0 0.0 0.0 0.0 0.0 0.0 0.0 0.0 0.0 0.0
a2pwmdzucikw4c
it has been showed that among the killed there include the local area people women and security guards
0.0 0.0 0.0 0.0 0.0 0.25193776498651294 0.05522027998901621 0.21704926024317076 0.0 0.0 0.16359461626315613 0.2045976886889069 0.0 0.0 0.0 0.0 0.0 0.04738673242550592 0.0 0.0 0.0 0.0 0.0 0.0 0.2567561925323092 0.0 0.0 0.11250863539036808 0.1140443121072902 0.3356688240594953 0.0671152457922111 0.27336345836495657 0.15911027792905388 0.32327196009759473 0.2507538879539157 0.15038125291703078 0.40153680548492526 0.0 0.0 0.0 0.0 0.0 0.0 0.0 0.0 0.0 0.0 0.0 0.0 0.0 0.0
a1aczgd5azz3r7
in which it is mostly common citizens including women and security personnels were killed
0.07355933588976293 0.21539535006072646 0.38256145155907595 0.38206368946506924 0.33958461034030557 0.3239199835540881 0.07099750284302085 0.2790633345983624 0.0 0.0 0.0 0.26305417117145174 0.0 0.0 0.0 0.0 0.0 0.0 0.0 0.0 0.0 0.0 0.0 0.21083056372899706 0.0 0.0 0.0 0.1446539597876161 0.0 0.0 0.0 0.0 0.0 0.0 0.0 0.0 0.0 0.09334396563104473 0.6090675344899225 0.6220905028323479 0.0 0.0 0.0 0.0 0.0 0.0 0.0 0.0 0.0 0.0 0.0
a6tw9zegog7ph
civilians including women and security officers were killed
0.0 0.0 0.0 0.0 0.5942730680955347 0.5668599712196541 0.12424562997528649 0.4883608355471342 0.0 0.0 0.0 0.46034479955004054 0.0 0.0 0.7661312762575682 0.0 0.0 0.0 0.0 0.0 0.0 0.0 0.8490430534338511 0.36895348652574483 0.0 0.0 0.0 0.0 0.0 0.0 0.0 0.0 0.0 0.0 0.0 0.0 0.0 0.0 0.0 0.0 0.0 0.0 0.0 0.0 0.0 0.0 0.0 0.0 0.0 0.0 0.0
a291u81kgj6l9n
civilians including women as well as security officers were killed
0.0 0.0 0.0 0.0 0.4754184544764278 0.4534879769757233 0.0 0.3906886684377074 0.0 0.0 0.0 0.3682758396400324 0.0 0.0 0.6129050210060545 0.0 0.0 0.0 0.0 0.0 0.5270602542066289 0.44927048447065204 0.6792344427470809 0.29516278922059586 0.0 0.0 0.0 0.0 0.0 0.0 0.0 0.0 0.0 0.0 0.0 0.0 0.0 0.0 0.0 0.0 0.0 0.0 0.0 0.0 0.0 0.0 0.0 0.0 0.0 0.0 0.0
a2esj6gmukae8v
civilians including women as well as security officers were killed
0.0 0.0 0.0 0.0 0.4754184544764278 0.4534879769757233 0.0 0.3906886684377074 0.0 0.0 0.0 0.3682758396400324 0.0 0.0 0.6129050210060545 0.0 0.0 0.0 0.0 0.0 0.5270602542066289 0.44927048447065204 0.6792344427470809 0.29516278922059586 0.0 0.0 0.0 0.0 0.0 0.0 0.0 0.0 0.0 0.0 0.0 0.0 0.0 0.0 0.0 0.0 0.0 0.0 0.0 0.0 0.0 0.0 0.0 0.0 0.0 0.0 0.0
a3qu3km3iywhif
in which local citizens including women and security officials are being killed
0.08581922520472342 0.25129457507084757 0.0 0.4457409710425808 0.3961820453970231 0.37790664747976943 0.08283041998352432 0.32557389036475615 0.0 0.0 0.0 0.30689653303336034 0.0 0.0 0.0 0.0 0.0 0.0 0.0 0.17551137948773554 0.0 0.0 0.0 0.0 0.38513428879846384 0.3739018729002878 0.3046310213413473 0.0 0.0 0.0 0.0 0.0 0.0 0.0 0.0 0.0 0.0 0.0 0.0 0.0 0.0 0.0 0.0 0.0 0.0 0.0 0.0 0.0 0.0 0.0 0.0
a44hgmxwywcig
in some of these target killings local citizens including women and security officials have been killed
0.06436441890354257 0.0 0.0 0.3343057282819356 0.29713653404776735 0.2834299856098271 0.06212281498764324 0.2441804177735671 0.0 0.14299812674927684 0.18404394329605064 0.23017239977502027 0.0 0.0 0.0 0.0 0.05249636141236364 0.0 0.0 0.0 0.0 0.0 0.0 0.0 0.28885071659884787 0.28042640467521585 0.0 0.0 0.0 0.0 0.0 0.0 0.0 0.0 0.0 0.0 0.0 0.0 0.0 0.0 0.2485364708353637 0.18821891483263953 0.3577240688720238 0.39677581490842806 0.0 0.0 0.0 0.0 0.0 0.0 0.0
a6tw9zegog7ph
local citizens including women and security officials are being killed
0.0 0.0 0.0 0.534889165251097 0.4754184544764278 0.4534879769757233 0.09939650398022919 0.3906886684377074 0.0 0.0 0.0 0.3682758396400324 0.0 0.0 0.0 0.0 0.0 0.0 0.0 0.21061365538528265 0.0 0.0 0.0 0.0 0.4621611465581566 0.44868224748034535 0.3655572256096168 0.0 0.0 0.0 0.0 0.0 0.0 0.0 0.0 0.0 0.0 0.0 0.0 0.0 0.0 0.0 0.0 0.0 0.0 0.0 0.0 0.0 0.0 0.0 0.0
attzel5iaoiw5
it has been shown that among the killed there included the local area people women and security guards
0.0 0.0 0.0 0.0 0.0 0.25193776498651294 0.05522027998901621 0.21704926024317076 0.0 0.0 0.16359461626315613 0.2045976886889069 0.0 0.0 0.0 0.0 0.0 0.04738673242550592 0.0 0.0 0.0 0.0 0.0 0.0 0.2567561925323092 0.0 0.0 0.11250863539036808 0.1140443121072902 0.0 0.0671152457922111 0.27336345836495657 0.15911027792905388 0.0 0.2507538879539157 0.15038125291703078 0.40153680548492526 0.0 0.0 0.0 0.0 0.0 0.0 0.0 0.31968648670106303 0.2826442408462435 0.0 0.0 0.0 0.0 0.0
a1dndzlo2d5d48
it has been revealed that among those killed there included local area men women and security guards
0.0 0.0 0.0 0.0 0.0 0.2667576335151314 0.058468531753075995 0.2298168637868867 0.0 0.0 0.17321782898451826 0.2166328468470779 0.0 0.0 0.0 0.0 0.0 0.0 0.0 0.0 0.0 0.0 0.0 0.0 0.2718594979753862 0.0 0.0 0.11912679041333091 0.12075280105477786 0.0 0.07106320142704704 0.2894436617981893 0.16846970604252764 0.0 0.2655041166570872 0.0 0.4251566175722738 0.0 0.0 0.0 0.0 0.0 0.0 0.0 0.0 0.2992703726607284 0.41763700748345706 0.23454135895254585 0.3114602606612173 0.0 0.0
al2rcq9eyun61
it has been shown that among the slain in the area include local villagers women and security guards
0.05721281680314895 0.0 0.0 0.0 0.0 0.25193776498651294 0.05522027998901621 0.21704926024317076 0.0 0.0 0.16359461626315613 0.0 0.0 0.0 0.0 0.0 0.0 0.04738673242550592 0.0 0.0 0.0 0.0 0.0 0.0 0.2567561925323092 0.0 0.0 0.11250863539036808 0.1140443121072902 0.0 0.0671152457922111 0.27336345836495657 0.0 0.32327196009759473 0.2507538879539157 0.0 0.40153680548492526 0.0 0.0 0.0 0.0 0.0 0.0 0.0 0.31968648670106303 0.0 0.0 0.0 0.0 0.4511933541528195 0.49624503283150445
a3ohqrf1mdq99b
mostly common citizens including women and security personnel were killed
0.0 0.0 0.5355860321827064 0.534889165251097 0.4754184544764278 0.4534879769757233 0.09939650398022919 0.3906886684377074 0.0 0.0 0.0 0.3682758396400324 0.6655143305957324 0.0 0.0 0.0 0.0 0.0 0.0 0.0 0.0 0.0 0.0 0.29516278922059586 0.0 0.0 0.0 0.0 0.0 0.0 0.0 0.0 0.0 0.0 0.0 0.0 0.0 0.0 0.8526945482858915 0.0 0.0 0.0 0.0 0.0 0.0 0.0 0.0 0.0 0.0 0.0 0.0
