the unwarranted killings of pashtospeaking laborers and indias threats have awakened pakistani nationalism from karachi to khyber sleeping pakistanism has been by innocent pushtoon indian murders pushto speaking awakend dormant in pakistanis blood pashtuspeaking sentiment khaibar spilling people india threatening many a times waked up unjustified killing pashto hard workers awaken taking lives pushtu labourers warnings feelings indians should wake as are improperley with because pushtospeaking persistent be aware that improperly
the unwarranted killings of the pashtospeaking laborers and indias threats have awakened pakistani nationalism from karachi to khyber
0.04738673242550592 0.5347532095292792 0.35268961325193604 0.04666343236654546 0.49624503283150445 0.3967028400966125 0.05522027998901621 0.32265808030945115 0.37265483552459705 0.1271094459993572 0.43521101679438723 0.20445206460669169 0.49624503283150445 0.13404970219044662 0.2344794816622628 0.059993017206175586 0.4228141528324867 0.0 0.0 0.0 0.0 0.0 0.0 0.0 0.0 0.0 0.0 0.0 0.0 0.0 0.0 0.0 0.0 0.0 0.0 0.0 0.0 0.0 0.0 0.0 0.0 0.0 0.0 0.0 0.0 0.0 0.0 0.0 0.0 0.0 0.0 0.0 0.0 0.0 0.0 0.0 0.0 0.0 0.0 0.0 0.0 0.0 0.0 0.0 0.0 0.0 0.0 0.0 0.0 0.0 0.0
the sleeping pakistanism has been awakened from karachi to khyber by the killings of innocent pushtoon laborers and the indian threats
0.06092579883279333 0.0 0.30230538278737373 0.03999722774275325 0.0 0.34003100579709644 0.0473316685620139 0.0 0.3194184304496546 0.0 0.3730380143951891 0.0 0.0 0.11489974473466853 0.2009824128533681 0.05142258617672193 0.36241213099927433 0.3593388680879614 0.45835989388223936 0.09775226752053445 0.14022395679699096 0.11883139340006894 0.2282500958550089 0.40604502299328166 0.1780031340381915 0.0 0.0 0.0 0.0 0.0 0.0 0.0 0.0 0.0 0.0 0.0 0.0 0.0 0.0 0.0 0.0 0.0 0.0 0.0 0.0 0.0 0.0 0.0 0.0 0.0 0.0 0.0 0.0 0.0 0.0 0.0 0.0 0.0 0.0 0.0 0.0 0.0 0.0 0.0 0.0 0.0 0.0 0.0 0.0 0.0 0.0
the murders of pushto speaking laborers and the indian threats have awakend the dormant nationalism in pakistanis from karachi to khyber
0.06092579883279333 0.0 0.0 0.03999722774275325 0.0 0.34003100579709644 0.0473316685620139 0.0 0.3194184304496546 0.10895095371373473 0.0 0.0 0.4253528852841467 0.11489974473466853 0.2009824128533681 0.05142258617672193 0.36241213099927433 0.0 0.0 0.0 0.0 0.0 0.0 0.0 0.1780031340381915 0.37718141329945715 0.35645198133479783 0.25849313446977223 0.491366902480332 0.491366902480332 0.04903955725984196 0.2675345041092645 0.0 0.0 0.0 0.0 0.0 0.0 0.0 0.0 0.0 0.0 0.0 0.0 0.0 0.0 0.0 0.0 0.0 0.0 0.0 0.0 0.0 0.0 0.0 0.0 0.0 0.0 0.0 0.0 0.0 0.0 0.0 0.0 0.0 0.0 0.0 0.0 0.0 0.0 0.0
the blood of innocent pashtuspeaking laborers and indian threats awakened the sentiment of pakistanism from karachi to khaibar
0.04738673242550592 0.0 0.0 0.09332686473309092 0.0 0.3967028400966125 0.05522027998901621 0.0 0.37265483552459705 0.0 0.43521101679438723 0.0 0.0 0.13404970219044662 0.2344794816622628 0.059993017206175586 0.0 0.0 0.5347532095292792 0.0 0.0 0.0 0.2662917784975104 0.0 0.20767032304455676 0.0 0.0 0.0 0.0 0.0 0.0 0.0 0.25884570757374165 0.5732613862270539 0.5122273701899367 0.5732613862270539 0.0 0.0 0.0 0.0 0.0 0.0 0.0 0.0 0.0 0.0 0.0 0.0 0.0 0.0 0.0 0.0 0.0 0.0 0.0 0.0 0.0 0.0 0.0 0.0 0.0 0.0 0.0 0.0 0.0 0.0 0.0 0.0 0.0 0.0 0.0
a3fq8i38xt2b4z
spilling of innocent blood of pushto speaking people and by india threatening many a times have waked up the pakistanis from karachi to khyber
0.01777002465956472 0.0 0.0 0.06999514854981818 0.0 0.0 0.04141520999176216 0.0 0.0 0.0953320844995179 0.0 0.0 0.0 0.10053727664283496 0.1758596112466971 0.04499476290463169 0.317110614624365 0.0 0.0 0.0 0.0 0.10397746922506033 0.1997188338731328 0.0 0.0 0.0 0.3118954836679481 0.2261814926610507 0.0 0.0 0.0 0.23409269109560646 0.19413428068030625 0.0 0.0 0.0 0.3230731497760598 0.11278593968777308 0.12556319736224722 0.28554037705363516 0.1637559811058892 0.05907847279882264 0.23933308223264949 0.4010649071469594 0.17937457483517372 0.0 0.0 0.0 0.0 0.0 0.0 0.0 0.0 0.0 0.0 0.0 0.0 0.0 0.0 0.0 0.0 0.0 0.0 0.0 0.0 0.0 0.0 0.0 0.0 0.0 0.0
a1wyssw33m2fz2
unjustified killing of pashto speaking hard workers and indian threats have awaken sleeping pakistanis from karachi to khyber
0.0 0.0 0.0 0.04666343236654546 0.0 0.0 0.05522027998901621 0.0 0.37265483552459705 0.1271094459993572 0.0 0.0 0.0 0.13404970219044662 0.2344794816622628 0.059993017206175586 0.4228141528324867 0.419228679435955 0.0 0.0 0.0 0.0 0.0 0.0 0.20767032304455676 0.0 0.0 0.3015753235480676 0.0 0.0 0.0 0.31212358812747526 0.0 0.0 0.0 0.0 0.0 0.0 0.0 0.0 0.0 0.0 0.0 0.0 0.0 0.4453399921718291 0.27593593436727243 0.42664709013731733 0.3019946127500333 0.2934306860929634 0.5732613862270539 0.0 0.0 0.0 0.0 0.0 0.0 0.0 0.0 0.0 0.0 0.0 0.0 0.0 0.0 0.0 0.0 0.0 0.0 0.0 0.0
a3dd3acpmvdvca
the taking of the lives of innocent pushtu speaking labourers and the indian warnings have awakened the sleeping pakistani feelings from karachi to khyber
0.07108009863825888 0.0 0.0 0.06999514854981818 0.0 0.0 0.04141520999176216 0.0 0.0 0.0953320844995179 0.3264082625957904 0.15333904845501875 0.0 0.10053727664283496 0.1758596112466971 0.04499476290463169 0.317110614624365 0.31442150957696624 0.0 0.0 0.0 0.0 0.1997188338731328 0.0 0.15575274228341757 0.0 0.0 0.2261814926610507 0.0 0.0 0.0 0.0 0.0 0.0 0.0 0.0 0.0 0.0 0.0 0.0 0.0 0.0 0.0 0.0 0.0 0.0 0.0 0.0 0.0 0.0 0.0 0.19591391060084998 0.24582768101209887 0.37218377462362834 0.3841705276424525 0.35528939511912144 0.28554037705363516 0.0 0.0 0.0 0.0 0.0 0.0 0.0 0.0 0.0 0.0 0.0 0.0 0.0 0.0
a3kwcqj39dxkt4
the indians in the karachi should wake up as the laborers are speaking improperley
0.09138869824919 0.0 0.0 0.0 0.0 0.5100465086956446 0.0 0.0 0.0 0.0 0.0 0.0 0.0 0.0 0.3014736192800522 0.0 0.0 0.0 0.0 0.0 0.0 0.0 0.0 0.0 0.0 0.0 0.0 0.3877397017046583 0.0 0.0 0.07355933588976293 0.0 0.0 0.0 0.0 0.0 0.0 0.0 0.0 0.0 0.0 0.0 0.0 0.0 0.3074992711460121 0.0 0.0 0.0 0.0 0.0 0.0 0.0 0.0 0.0 0.0 0.0 0.0 0.4651458901654751 0.2138724980527456 0.5100465086956446 0.18823580507379603 0.1504383252752019 0.737050353720498 0.0 0.0 0.0 0.0 0.0 0.0 0.0 0.0
a1uolde77sfe97
spilling of innocent blood of pushto speaking people and with india threatening many times have awakened the pakistanis from karachi to khyber
0.01938548144679788 0.0 0.0 0.07635834387252893 0.0 0.0 0.04518022908192236 0.0 0.0 0.1039986376358377 0.3560817410135896 0.0 0.0 0.10967702906491086 0.19184684863276047 0.04908519589596184 0.3459388523174891 0.0 0.0 0.0 0.0 0.0 0.21787509149796305 0.0 0.0 0.0 0.3402496185468525 0.24674344653932803 0.0 0.0 0.0 0.25537384483157066 0.2117828516512432 0.0 0.0 0.0 0.3524434361193379 0.12303920693211609 0.1369780334860879 0.3114985931494202 0.17864288847915186 0.0 0.2610906351628903 0.0 0.0 0.0 0.0 0.0 0.0 0.0 0.0 0.0 0.0 0.0 0.0 0.0 0.0 0.0 0.0 0.0 0.0 0.0 0.0 0.10683570236701154 0.0 0.0 0.0 0.0 0.0 0.0 0.0
a2qxd8jqk5bvez
spilling of innocent blood of pushto speaking people and by india threatening many a times have waked up the pakistanis from karachi to khyber
0.01777002465956472 0.0 0.0 0.06999514854981818 0.0 0.0 0.04141520999176216 0.0 0.0 0.0953320844995179 0.0 0.0 0.0 0.10053727664283496 0.1758596112466971 0.04499476290463169 0.317110614624365 0.0 0.0 0.0 0.0 0.10397746922506033 0.1997188338731328 0.0 0.0 0.0 0.3118954836679481 0.2261814926610507 0.0 0.0 0.0 0.23409269109560646 0.19413428068030625 0.0 0.0 0.0 0.3230731497760598 0.11278593968777308 0.12556319736224722 0.28554037705363516 0.1637559811058892 0.05907847279882264 0.23933308223264949 0.4010649071469594 0.17937457483517372 0.0 0.0 0.0 0.0 0.0 0.0 0.0 0.0 0.0 0.0 0.0 0.0 0.0 0.0 0.0 0.0 0.0 0.0 0.0 0.0 0.0 0.0 0.0 0.0 0.0 0.0
a31ikb373dzonk
pakistanis from karachi to khyber have been awakened because of the spilling of innocent blood of pushtospeaking people and persistent threats from india
0.018542634427371883 0.0 0.0 0.10955762381710674 0.0 0.0 0.04321587129575182 0.0 0.2916429147583803 0.09947695773862737 0.34059992618691176 0.0 0.0 0.20981692516765557 0.1835056813009013 0.0469510569439635 0.33089803265151135 0.0 0.0 0.0 0.12803056924942655 0.0 0.20840226143283422 0.0 0.0 0.0 0.0 0.0 0.0 0.0 0.0 0.24427063418671977 0.20257490157945 0.0 0.0 0.0 0.3371198084619754 0.11768967619593713 0.1310224668127797 0.0 0.0 0.0 0.0 0.0 0.0 0.0 0.0 0.0 0.0 0.0 0.0 0.0 0.0 0.0 0.0 0.0 0.0 0.0 0.0 0.0 0.0 0.0 0.0 0.0 0.17043956598051144 0.4486393457429118 0.4185025118055229 0.0 0.0 0.0 0.0
a330jjzgjl7ig2
unjustified killing of pashto speaking hard workers and indian threats have awakened sleeping pakistanis from karachi to khyber
0.0 0.0 0.0 0.04666343236654546 0.0 0.0 0.05522027998901621 0.0 0.37265483552459705 0.1271094459993572 0.43521101679438723 0.0 0.0 0.13404970219044662 0.2344794816622628 0.059993017206175586 0.4228141528324867 0.419228679435955 0.0 0.0 0.0 0.0 0.0 0.0 0.20767032304455676 0.0 0.0 0.3015753235480676 0.0 0.0 0.0 0.31212358812747526 0.0 0.0 0.0 0.0 0.0 0.0 0.0 0.0 0.0 0.0 0.0 0.0 0.0 0.4453399921718291 0.27593593436727243 0.42664709013731733 0.3019946127500333 0.2934306860929634 0.0 0.0 0.0 0.0 0.0 0.0 0.0 0.0 0.0 0.0 0.0 0.0 0.0 0.0 0.0 0.0 0.0 0.0 0.0 0.0 0.0
aw4q48bn2x4nt
unjustified killing of pashto speaking hard workers and indian threats have awakened sleeping pakistanis from karachi to khyber
0.0 0.0 0.0 0.04666343236654546 0.0 0.0 0.05522027998901621 0.0 0.37265483552459705 0.1271094459993572 0.43521101679438723 0.0 0.0 0.13404970219044662 0.2344794816622628 0.059993017206175586 0.4228141528324867 0.419228679435955 0.0 0.0 0.0 0.0 0.0 0.0 0.20767032304455676 0.0 0.0 0.3015753235480676 0.0 0.0 0.0 0.31212358812747526 0.0 0.0 0.0 0.0 0.0 0.0 0.0 0.0 0.0 0.0 0.0 0.0 0.0 0.4453399921718291 0.27593593436727243 0.42664709013731733 0.3019946127500333 0.2934306860929634 0.0 0.0 0.0 0.0 0.0 0.0 0.0 0.0 0.0 0.0 0.0 0.0 0.0 0.0 0.0 0.0 0.0 0.0 0.0 0.0 0.0
al2rcq9eyun61
the unjustified killing of pashtospeaking hard workers and indian threats have awakened sleeping pakistanis from karachi to khyber
0.02369336621275296 0.0 0.0 0.04666343236654546 0.49624503283150445 0.0 0.05522027998901621 0.0 0.37265483552459705 0.1271094459993572 0.43521101679438723 0.0 0.0 0.13404970219044662 0.2344794816622628 0.059993017206175586 0.4228141528324867 0.419228679435955 0.0 0.0 0.0 0.0 0.0 0.0 0.20767032304455676 0.0 0.0 0.0 0.0 0.0 0.0 0.31212358812747526 0.0 0.0 0.0 0.0 0.0 0.0 0.0 0.0 0.0 0.0 0.0 0.0 0.0 0.4453399921718291 0.27593593436727243 0.0 0.3019946127500333 0.2934306860929634 0.0 0.0 0.0 0.0 0.0 0.0 0.0 0.0 0.0 0.0 0.0 0.0 0.0 0.0 0.0 0.0 0.0 0.0 0.0 0.0 0.0
ak3jmcigu8mlu
the taking of the lives of innocent pushtu speaking laborers and the indian warnings have awakened the sleeping pakistani feelings from karachi to khyber
0.07108009863825888 0.0 0.0 0.06999514854981818 0.0 0.2975271300724594 0.04141520999176216 0.0 0.0 0.0953320844995179 0.3264082625957904 0.15333904845501875 0.0 0.10053727664283496 0.1758596112466971 0.04499476290463169 0.317110614624365 0.31442150957696624 0.0 0.0 0.0 0.0 0.1997188338731328 0.0 0.15575274228341757 0.0 0.0 0.2261814926610507 0.0 0.0 0.0 0.0 0.0 0.0 0.0 0.0 0.0 0.0 0.0 0.0 0.0 0.0 0.0 0.0 0.0 0.0 0.0 0.0 0.0 0.0 0.0 0.19591391060084998 0.24582768101209887 0.37218377462362834 0.0 0.35528939511912144 0.28554037705363516 0.0 0.0 0.0 0.0 0.0 0.0 0.0 0.0 0.0 0.0 0.0 0.0 0.0 0.0
a3m6cl5oao31z
the taking of the lives of innocent pushtu speaking labourers and the indian warnings have awakened the sleeping pakistani feelings from karachi to khyber
0.07108009863825888 0.0 0.0 0.06999514854981818 0.0 0.0 0.04141520999176216 0.0 0.0 0.0953320844995179 0.3264082625957904 0.15333904845501875 0.0 0.10053727664283496 0.1758596112466971 0.04499476290463169 0.317110614624365 0.31442150957696624 0.0 0.0 0.0 0.0 0.1997188338731328 0.0 0.15575274228341757 0.0 0.0 0.2261814926610507 0.0 0.0 0.0 0.0 0.0 0.0 0.0 0.0 0.0 0.0 0.0 0.0 0.0 0.0 0.0 0.0 0.0 0.0 0.0 0.0 0.0 0.0 0.0 0.19591391060084998 0.24582768101209887 0.37218377462362834 0.3841705276424525 0.35528939511912144 0.28554037705363516 0.0 0.0 0.0 0.0 0.0 0.0 0.0 0.0 0.0 0.0 0.0 0.0 0.0 0.0
a3lhs82826iskx
the taking of the lives of innocent pushtu speaking labourers and the indian warnings have awakened sleeping pakistani feelings from karachi to khyber
0.05562790328211565 0.0 0.0 0.07303841587807115 0.0 0.0 0.04321587129575182 0.0 0.0 0.09947695773862737 0.34059992618691176 0.16000596360523697 0.0 0.10490846258382779 0.1835056813009013 0.0469510569439635 0.33089803265151135 0.3280920099933561 0.0 0.0 0.0 0.0 0.20840226143283422 0.0 0.16252460064356616 0.0 0.0 0.2360154706028355 0.0 0.0 0.0 0.0 0.0 0.0 0.0 0.0 0.0 0.0 0.0 0.0 0.0 0.0 0.0 0.0 0.0 0.0 0.0 0.0 0.0 0.0 0.0 0.2044319067139304 0.2565158410561032 0.3883656778681339 0.4008735940616896 0.3707367601243007 0.29795517605596716 0.0 0.0 0.0 0.0 0.0 0.0 0.0 0.0 0.0 0.0 0.0 0.0 0.0 0.0
aslrrfy2saj4d
the indians in the karachi should be aware that the laborers are speaking improperly
0.09138869824919 0.0 0.0 0.0 0.0 0.5100465086956446 0.0 0.0 0.0 0.0 0.0 0.0 0.0 0.0 0.3014736192800522 0.0 0.0 0.0 0.0 0.0 0.0 0.0 0.0 0.0 0.0 0.0 0.0 0.3877397017046583 0.0 0.0 0.07355933588976293 0.0 0.0 0.0 0.0 0.0 0.0 0.0 0.0 0.0 0.0 0.0 0.0 0.0 0.0 0.0 0.0 0.0 0.0 0.0 0.0 0.0 0.0 0.0 0.0 0.0 0.0 0.4651458901654751 0.2138724980527456 0.0 0.0 0.1504383252752019 0.0 0.0 0.0 0.0 0.0 0.1533444961399393 0.40882750728231293 0.08629103030427142 0.687539840823359
