coeducation banned taliban ban on restriction taaliban stops coeducationtaliban joint education resists bans
coeducation banned taliban
2.24506200454362 1.7947436729854263 1.1558400081977427 0.0 0.0 0.0 0.0 0.0 0.0 0.0 0.0 0.0 0.0
ban on coeducation taliban
1.6837965034077151 0.0 0.866880006148307 1.3786709768384287 0.4682519405939508 0.0 0.0 0.0 0.0 0.0 0.0 0.0 0.0
coeducation banned taliban
2.24506200454362 1.7947436729854263 1.1558400081977427 0.0 0.0 0.0 0.0 0.0 0.0 0.0 0.0 0.0 0.0
ban on coeducation taliban
1.6837965034077151 0.0 0.866880006148307 1.3786709768384287 0.4682519405939508 0.0 0.0 0.0 0.0 0.0 0.0 0.0 0.0
a3bz8b0jpubzqq
restriction on coeducation taaliban
1.6837965034077151 0.0 0.0 0.0 0.4682519405939508 1.7651521035163722 1.8435664932301326 0.0 0.0 0.0 0.0 0.0 0.0
a353ocl6lm6m4o
stops on coeducationtaliban
0.0 0.0 0.0 0.0 0.6243359207919345 0.0 0.0 2.4580886576401766 3.2085192571756753 0.0 0.0 0.0 0.0
a3dd3acpmvdvca
ban on joint education taliban
0.0 0.0 0.6935040049186456 1.102936781470743 0.37460155247516064 0.0 0.0 0.0 0.0 1.150871352123827 0.9283902299637378 0.0 0.0
a8v7wa74iohz9
ban on coeducation taliban
1.6837965034077151 0.0 0.866880006148307 1.3786709768384287 0.4682519405939508 0.0 0.0 0.0 0.0 0.0 0.0 0.0 0.0
a3lhs82826iskx
restriction on coeducation taaliban
1.6837965034077151 0.0 0.0 0.0 0.4682519405939508 1.7651521035163722 1.8435664932301326 0.0 0.0 0.0 0.0 0.0 0.0
ac00w60nppf9z
restriction on coeducation taliban
1.6837965034077151 0.0 0.866880006148307 0.0 0.4682519405939508 1.7651521035163722 0.0 0.0 0.0 0.0 0.0 0.0 0.0
a6tw9zegog7ph
restriction on coeducation taliban
1.6837965034077151 0.0 0.866880006148307 0.0 0.4682519405939508 1.7651521035163722 0.0 0.0 0.0 0.0 0.0 0.0 0.0
a1395pss402i1j
stops on coeducationtaliban
0.0 0.0 0.0 0.0 0.6243359207919345 0.0 0.0 2.4580886576401766 3.2085192571756753 0.0 0.0 0.0 0.0
a1x4s2g0dzysyw
taliban resists coeducation
2.24506200454362 0.0 1.1558400081977427 0.0 0.0 0.0 0.0 0.0 0.0 0.0 0.0 3.2085192571756753 0.0
a2rcbwy8ulhnj0
stops on coeducation taliban
1.6837965034077151 0.0 0.866880006148307 0.0 0.4682519405939508 0.0 0.0 1.8435664932301326 0.0 0.0 0.0 0.0 0.0
a1gnof24z9gaez
ban on joint education taliban
0.0 0.0 0.6935040049186456 1.102936781470743 0.37460155247516064 0.0 0.0 0.0 0.0 1.150871352123827 0.9283902299637378 0.0 0.0
a1g9f1kosfkijh
ban on joint education taliban
0.0 0.0 0.6935040049186456 1.102936781470743 0.37460155247516064 0.0 0.0 0.0 0.0 1.150871352123827 0.9283902299637378 0.0 0.0
a3qu3km3iywhif
taliban bans joint education
0.0 0.0 0.866880006148307 0.0 0.0 0.0 0.0 0.0 0.0 1.4385891901547836 1.1604877874546722 0.0 2.1773167599132175
a1ayptb7ayz623
ban on coeducation taliban
1.6837965034077151 0.0 0.866880006148307 1.3786709768384287 0.4682519405939508 0.0 0.0 0.0 0.0 0.0 0.0 0.0 0.0
