this is the fourth gas pipeline which has been blown up in four days a within to be as many being 4 blasted pipe line was destroyed bomb blast 4th exploded attacked attack on it that later lines another pipelines were similar manner
this is the fourth gas pipeline which has been blown up in four days
0.12239292023914428 0.09334396563104473 0.030462899416396665 0.49410768360177254 0.34527914418545114 0.38720465372400426 0.21539535006072646 0.14662840128080168 0.21033593519548646 0.4605359957985057 0.3074992711460121 0.07355933588976293 0.3308378282676537 0.32175531573299315 0.0 0.0 0.0 0.0 0.0 0.0 0.0 0.0 0.0 0.0 0.0 0.0 0.0 0.0 0.0 0.0 0.0 0.0 0.0 0.0 0.0 0.0 0.0 0.0 0.0 0.0 0.0 0.0 0.0
a fourth gas pipeline has been blown up in four days
0.0 0.0 0.0 0.6288643245840742 0.43944618350875597 0.4928059229214599 0.0 0.18661796526647487 0.26770028115789185 0.5861367219253709 0.3913627087312881 0.09362097295060737 0.4210663268861046 0.4095067654783549 0.12889848610652213 0.0 0.0 0.0 0.0 0.0 0.0 0.0 0.0 0.0 0.0 0.0 0.0 0.0 0.0 0.0 0.0 0.0 0.0 0.0 0.0 0.0 0.0 0.0 0.0 0.0 0.0 0.0 0.0
this is the fourth gas pipeline which has been blown up within four days
0.12239292023914428 0.09334396563104473 0.030462899416396665 0.49410768360177254 0.34527914418545114 0.38720465372400426 0.21539535006072646 0.14662840128080168 0.21033593519548646 0.4605359957985057 0.3074992711460121 0.0 0.3308378282676537 0.32175531573299315 0.0 0.3882787878214714 0.0 0.0 0.0 0.0 0.0 0.0 0.0 0.0 0.0 0.0 0.0 0.0 0.0 0.0 0.0 0.0 0.0 0.0 0.0 0.0 0.0 0.0 0.0 0.0 0.0 0.0 0.0
this is the fourth gas pipeline to be blown up in as many days
0.12239292023914428 0.09334396563104473 0.030462899416396665 0.49410768360177254 0.34527914418545114 0.38720465372400426 0.0 0.0 0.0 0.4605359957985057 0.3074992711460121 0.07355933588976293 0.0 0.32175531573299315 0.0 0.0 0.07713387926508289 0.1533444961399393 0.18823580507379603 0.2807245390386672 0.0 0.0 0.0 0.0 0.0 0.0 0.0 0.0 0.0 0.0 0.0 0.0 0.0 0.0 0.0 0.0 0.0 0.0 0.0 0.0 0.0 0.0 0.0
a3dd3acpmvdvca
this is the fourth gas pipeline being blown up in 4 days
0.14279174027900166 0.10890129323621885 0.03554004931912944 0.576458964202068 0.4028256682163596 0.45173876267800495 0.0 0.0 0.0 0.5372919950982566 0.35874914967034743 0.08581922520472342 0.0 0.37538120168849204 0.0 0.0 0.0 0.0 0.0 0.0 0.3046310213413473 0.5589822532868955 0.0 0.0 0.0 0.0 0.0 0.0 0.0 0.0 0.0 0.0 0.0 0.0 0.0 0.0 0.0 0.0 0.0 0.0 0.0 0.0 0.0
a143bvgouf83je
fourth pipeline has been blasted in four days
0.0 0.0 0.0 0.8646884463031019 0.0 0.6776081440170074 0.0 0.25659970224140294 0.3680878865921013 0.0 0.0 0.12872883780708513 0.5789661994683939 0.563071802532738 0.0 0.0 0.0 0.0 0.0 0.0 0.0 0.0 0.8418982517038576 0.0 0.0 0.0 0.0 0.0 0.0 0.0 0.0 0.0 0.0 0.0 0.0 0.0 0.0 0.0 0.0 0.0 0.0 0.0 0.0
a1wyssw33m2fz2
in four days fourth gas pipe line was destroyed in a bomb blast
0.0 0.0 0.0 0.532115966955755 0.3718390783535627 0.0 0.0 0.0 0.0 0.0 0.0 0.15843549268564325 0.3562868919805501 0.3465057246355311 0.1090679497824418 0.0 0.0 0.0 0.0 0.0 0.0 0.0 0.0 0.5080871450294355 0.47030864097661573 0.16906299469185632 0.37955460686906783 0.43217112202265806 0.46804603442228554 0.0 0.0 0.0 0.0 0.0 0.0 0.0 0.0 0.0 0.0 0.0 0.0 0.0 0.0
a8v7wa74iohz9
4th pipeline was exploded in four days
0.0 0.0 0.0 0.0 0.0 0.7744093074480085 0.0 0.0 0.0 0.0 0.0 0.14711867177952587 0.6616756565353074 0.6435106314659863 0.0 0.0 0.0 0.0 0.0 0.0 0.0 0.0 0.0 0.0 0.0 0.31397413299916177 0.0 0.0 0.0 1.1602114821072502 1.0780166042638843 0.0 0.0 0.0 0.0 0.0 0.0 0.0 0.0 0.0 0.0 0.0 0.0
a143awku99stc9
this is the fourth gas pipeline attacked in as many days
0.15577280757709272 0.11880141080314784 0.03877096289359576 0.6288643245840742 0.43944618350875597 0.4928059229214599 0.0 0.0 0.0 0.0 0.0 0.09362097295060737 0.0 0.4095067654783549 0.0 0.0 0.0 0.0 0.23957284282119495 0.3572857769583037 0.0 0.0 0.0 0.0 0.0 0.0 0.0 0.0 0.0 0.0 0.0 0.5505477340950595 0.0 0.0 0.0 0.0 0.0 0.0 0.0 0.0 0.0 0.0 0.0
a1gz3k4hrjy6da
this is the fourth attack on a gas pipeline in 4 days
0.14279174027900166 0.10890129323621885 0.03554004931912944 0.576458964202068 0.4028256682163596 0.45173876267800495 0.0 0.0 0.0 0.0 0.0 0.08581922520472342 0.0 0.37538120168849204 0.11815694559764528 0.0 0.0 0.0 0.0 0.0 0.0 0.5589822532868955 0.0 0.0 0.0 0.0 0.0 0.0 0.0 0.0 0.0 0.0 0.3176189366418299 0.1560839801979836 0.0 0.0 0.0 0.0 0.0 0.0 0.0 0.0 0.0
a1nee8mf6oybf8
this is the fourth gas pipeline being blown up in four days
0.14279174027900166 0.10890129323621885 0.03554004931912944 0.576458964202068 0.4028256682163596 0.45173876267800495 0.0 0.0 0.0 0.5372919950982566 0.35874914967034743 0.08581922520472342 0.3859774663122626 0.37538120168849204 0.0 0.0 0.0 0.0 0.0 0.0 0.3046310213413473 0.0 0.0 0.0 0.0 0.0 0.0 0.0 0.0 0.0 0.0 0.0 0.0 0.0 0.0 0.0 0.0 0.0 0.0 0.0 0.0 0.0 0.0
a291u81kgj6l9n
the fourth pipeline was blasted in four days
0.0 0.0 0.05331007397869417 0.8646884463031019 0.0 0.6776081440170074 0.0 0.0 0.0 0.0 0.0 0.12872883780708513 0.5789661994683939 0.563071802532738 0.0 0.0 0.0 0.0 0.0 0.0 0.0 0.0 0.8418982517038576 0.0 0.0 0.27472736637426654 0.0 0.0 0.0 0.0 0.0 0.0 0.0 0.0 0.0 0.0 0.0 0.0 0.0 0.0 0.0 0.0 0.0
ayeowkx2r19vz
a fourth pipeline has been blasted in four days
0.0 0.0 0.0 0.7686119522694239 0.0 0.6023183502373399 0.0 0.2280886242145804 0.32718923252631227 0.0 0.0 0.1144256336062979 0.5146366217496835 0.5005082689179894 0.1575425941301937 0.0 0.0 0.0 0.0 0.0 0.0 0.0 0.74835400151454 0.0 0.0 0.0 0.0 0.0 0.0 0.0 0.0 0.0 0.0 0.0 0.0 0.0 0.0 0.0 0.0 0.0 0.0 0.0 0.0
aw4q48bn2x4nt
it is the fourth pipeline that has been blasted in four days
0.0 0.10890129323621885 0.03554004931912944 0.576458964202068 0.0 0.45173876267800495 0.0 0.1710664681609353 0.2453919243947342 0.0 0.0 0.08581922520472342 0.3859774663122626 0.37538120168849204 0.0 0.0 0.0 0.0 0.0 0.0 0.0 0.0 0.561265501135905 0.0 0.0 0.0 0.0 0.0 0.0 0.0 0.0 0.0 0.0 0.0 0.16876295308555211 0.10067286868831665 0.0 0.0 0.0 0.0 0.0 0.0 0.0
a3be22a89fb8uj
in four days this is the fourth gas pipe line was destroyed in a bomb blast
0.10709380520925124 0.08167596992716414 0.026655036989347083 0.43234422315155097 0.30211925116226973 0.0 0.0 0.0 0.0 0.0 0.0 0.12872883780708513 0.28948309973419695 0.281535901266369 0.08861770919823396 0.0 0.0 0.0 0.0 0.0 0.0 0.0 0.0 0.4128208053364164 0.3821257707935003 0.13736368318713327 0.3083881180811176 0.3511390366434097 0.380287402968107 0.0 0.0 0.0 0.0 0.0 0.0 0.0 0.0 0.0 0.0 0.0 0.0 0.0 0.0
ancf53mqwds6z
four days later a fourth gas pipe lines was destroyed in another bomb blast
0.0 0.0 0.0 0.49410768360177254 0.34527914418545114 0.0 0.0 0.0 0.0 0.0 0.0 0.07355933588976293 0.3308378282676537 0.32175531573299315 0.10127738194083881 0.0 0.0 0.0 0.0 0.0 0.0 0.0 0.0 0.47179520609876163 0.0 0.15698706649958089 0.35244356352127726 0.4013017561638968 0.4346141748206937 0.0 0.0 0.0 0.0 0.0 0.0 0.0 0.38306270674897924 0.44952523295370156 0.34707995985305795 0.0 0.0 0.0 0.0
al2rcq9eyun61
in as many days four gas pipelines were destroyed in a similar manner
0.0 0.0 0.0 0.0 0.3718390783535627 0.0 0.0 0.0 0.0 0.0 0.0 0.15843549268564325 0.3562868919805501 0.3465057246355311 0.1090679497824418 0.0 0.0 0.0 0.20271548238716497 0.30231873434933393 0.0 0.0 0.0 0.0 0.0 0.0 0.37955460686906783 0.0 0.0 0.0 0.0 0.0 0.0 0.0 0.0 0.0 0.0 0.0 0.0 0.5804704792190146 0.22704829940045837 0.4566675628779299 0.4691690189931434
a1mmshjhu659at
fourth pipeline has been blown up in four days
0.0 0.0 0.0 0.7686119522694239 0.0 0.6023183502373399 0.0 0.2280886242145804 0.32718923252631227 0.7163893267976755 0.47833219956046324 0.1144256336062979 0.5146366217496835 0.5005082689179894 0.0 0.0 0.0 0.0 0.0 0.0 0.0 0.0 0.0 0.0 0.0 0.0 0.0 0.0 0.0 0.0 0.0 0.0 0.0 0.0 0.0 0.0 0.0 0.0 0.0 0.0 0.0 0.0 0.0
