pakistan would be broken neither by america nor india will break disintegrate no one not torn apart or what and could cause downfall of broke
pakistan would be broken neither by america nor by india
0.23576834862036006 0.34590900484327686 0.21468229459591504 0.6557504836393409 0.5377062529477666 0.49909185228028957 0.3074477436483621 0.5159649652872441 0.30135167366939336 0.0 0.0 0.0 0.0 0.0 0.0 0.0 0.0 0.0 0.0 0.0 0.0 0.0 0.0 0.0 0.0
neither america nor india will break pakistan
0.3368119266005144 0.0 0.0 0.0 0.7681517899253809 0.0 0.43921106235480295 0.7370928075532059 0.43050239095627624 0.31650188568588344 0.9210719915970114 0.0 0.0 0.0 0.0 0.0 0.0 0.0 0.0 0.0 0.0 0.0 0.0 0.0 0.0
neither america nor india will disintegrate pakistan
0.3368119266005144 0.0 0.0 0.0 0.7681517899253809 0.0 0.43921106235480295 0.7370928075532059 0.43050239095627624 0.31650188568588344 0.0 1.2441810056646958 0.0 0.0 0.0 0.0 0.0 0.0 0.0 0.0 0.0 0.0 0.0 0.0 0.0
no one will break pakistan neither america nor india
0.2619648318004001 0.0 0.0 0.0 0.5974513921641852 0.0 0.3416086040537356 0.5732944058747157 0.3348351929659926 0.24616813331124268 0.7163893267976755 0.0 0.36982760573256557 0.32566619033399224 0.0 0.0 0.0 0.0 0.0 0.0 0.0 0.0 0.0 0.0 0.0
a3dd3acpmvdvca
neither america nor india will break pakistan
0.3368119266005144 0.0 0.0 0.0 0.7681517899253809 0.0 0.43921106235480295 0.7370928075532059 0.43050239095627624 0.31650188568588344 0.9210719915970114 0.0 0.0 0.0 0.0 0.0 0.0 0.0 0.0 0.0 0.0 0.0 0.0 0.0 0.0
a143bvgouf83je
neither america will break pakistan nor india
0.3368119266005144 0.0 0.0 0.0 0.7681517899253809 0.0 0.43921106235480295 0.7370928075532059 0.43050239095627624 0.31650188568588344 0.9210719915970114 0.0 0.0 0.0 0.0 0.0 0.0 0.0 0.0 0.0 0.0 0.0 0.0 0.0 0.0
a4x4g5ttibjer
neither america nor india would break pakistan
0.3368119266005144 0.49415572120468126 0.0 0.0 0.7681517899253809 0.0 0.43921106235480295 0.7370928075532059 0.43050239095627624 0.0 0.9210719915970114 0.0 0.0 0.0 0.0 0.0 0.0 0.0 0.0 0.0 0.0 0.0 0.0 0.0 0.0
a3u16uhguaktzs
pakistan will not be torn apart by america or india
0.23576834862036006 0.0 0.21468229459591504 0.0 0.0 0.24954592614014479 0.3074477436483621 0.0 0.30135167366939336 0.2215513199801184 0.0 0.0 0.0 0.0 0.21406274882373638 0.893241059096708 0.557377282372372 0.32302961734115765 0.0 0.0 0.0 0.0 0.0 0.0 0.0
a2eldzaxlm8quo
neither america nor india will break pakistan
0.3368119266005144 0.0 0.0 0.0 0.7681517899253809 0.0 0.43921106235480295 0.7370928075532059 0.43050239095627624 0.31650188568588344 0.9210719915970114 0.0 0.0 0.0 0.0 0.0 0.0 0.0 0.0 0.0 0.0 0.0 0.0 0.0 0.0
a3qu3km3iywhif
neither america nor india will be what break pakistan
0.2619648318004001 0.0 0.23853588288435004 0.0 0.5974513921641852 0.0 0.3416086040537356 0.5732944058747157 0.3348351929659926 0.24616813331124268 0.7163893267976755 0.0 0.0 0.0 0.0 0.0 0.0 0.0 0.3424850677036252 0.0 0.0 0.0 0.0 0.0 0.0
a1qabqi4s90bfu
neither america nor india will break pakistan
0.3368119266005144 0.0 0.0 0.0 0.7681517899253809 0.0 0.43921106235480295 0.7370928075532059 0.43050239095627624 0.31650188568588344 0.9210719915970114 0.0 0.0 0.0 0.0 0.0 0.0 0.0 0.0 0.0 0.0 0.0 0.0 0.0 0.0
ay9joh7iihjwe
america will not break and neither will pakistan or india
0.23576834862036006 0.0 0.0 0.0 0.5377062529477666 0.0 0.3074477436483621 0.0 0.30135167366939336 0.4431026399602368 0.644750394117908 0.0 0.0 0.0 0.21406274882373638 0.0 0.0 0.32302961734115765 0.0 0.09939650398022919 0.0 0.0 0.0 0.0 0.0
a2gg12ou3ao26n
neither america will break pakistan nor india
0.3368119266005144 0.0 0.0 0.0 0.7681517899253809 0.0 0.43921106235480295 0.7370928075532059 0.43050239095627624 0.31650188568588344 0.9210719915970114 0.0 0.0 0.0 0.0 0.0 0.0 0.0 0.0 0.0 0.0 0.0 0.0 0.0 0.0
a1lcle8gy2eo0v
neither america will break pakistan nor india america will break neither pakistan nor india
0.3368119266005144 0.0 0.0 0.0 0.7681517899253809 0.0 0.43921106235480295 0.7370928075532059 0.43050239095627624 0.31650188568588344 0.9210719915970114 0.0 0.0 0.0 0.0 0.0 0.0 0.0 0.0 0.0 0.0 0.0 0.0 0.0 0.0
a330jjzgjl7ig2
neither america nor india could break pakistan
0.3368119266005144 0.0 0.0 0.0 0.7681517899253809 0.0 0.43921106235480295 0.7370928075532059 0.43050239095627624 0.0 0.9210719915970114 0.0 0.0 0.0 0.0 0.0 0.0 0.0 0.0 0.0 0.6160502560693197 0.0 0.0 0.0 0.0
a2sb2bw2w4t4ww
neither america nor india will cause downfall of pakistan
0.2619648318004001 0.0 0.0 0.0 0.5974513921641852 0.0 0.3416086040537356 0.5732944058747157 0.3348351929659926 0.24616813331124268 0.0 0.0 0.0 0.0 0.0 0.0 0.0 0.0 0.0 0.0 0.0 0.5812342907616208 0.9303105336701842 0.09332686473309092 0.0
a3uewlcbe68lil
neither america nor india broke pakistan
0.39294724770060013 0.0 0.0 0.0 0.8961770882462777 0.0 0.5124129060806034 0.8599416088120736 0.5022527894489889 0.0 0.0 0.0 0.0 0.0 0.0 0.0 0.0 0.0 0.0 0.0 0.0 0.0 0.0 0.0 1.1833048545364617
a1aklmhymfgmc2
pakistan will not be torn apart by america or india
0.23576834862036006 0.0 0.21468229459591504 0.0 0.0 0.24954592614014479 0.3074477436483621 0.0 0.30135167366939336 0.2215513199801184 0.0 0.0 0.0 0.0 0.21406274882373638 0.893241059096708 0.557377282372372 0.32302961734115765 0.0 0.0 0.0 0.0 0.0 0.0 0.0
