i think there is no option but a final war in my view last the need of hour solution other than one inevitable account to understanding opinion way believe we have go time only according must that our
i think there is no option but a final war
0.3247980844826694 0.41788203998607154 0.28639850027229696 0.13068155188346262 0.332844845159309 0.79208096792886 0.26116422967164976 0.14178833471717434 0.6986500441911767 0.36303502381402086 0.0 0.0 0.0 0.0 0.0 0.0 0.0 0.0 0.0 0.0 0.0 0.0 0.0 0.0 0.0 0.0 0.0 0.0 0.0 0.0 0.0 0.0 0.0 0.0 0.0 0.0 0.0 0.0
in my view a last war is the need of the hour
0.0 0.0 0.0 0.10890129323621885 0.0 0.0 0.0 0.11815694559764528 0.0 0.3025291865116841 0.08581922520472342 0.33986909224301676 0.4364417155918756 0.33746738903172574 0.07108009863825888 0.42714567509973 0.06999514854981818 0.5133184890606083 0.0 0.0 0.0 0.0 0.0 0.0 0.0 0.0 0.0 0.0 0.0 0.0 0.0 0.0 0.0 0.0 0.0 0.0 0.0 0.0
i think there is no solution other than one last war
0.29527098589333584 0.3798927636237014 0.26036227297481546 0.11880141080314784 0.3025862228720991 0.0 0.0 0.0 0.0 0.3300318398309281 0.0 0.0 0.0 0.36814624258006445 0.0 0.0 0.0 0.0 0.512415793178432 0.3035117283204734 0.3779543300356268 0.26645415572781184 0.0 0.0 0.0 0.0 0.0 0.0 0.0 0.0 0.0 0.0 0.0 0.0 0.0 0.0 0.0 0.0
i think one last war is inevitable
0.4639972635466706 0.596974342837245 0.0 0.18668793126208946 0.0 0.0 0.0 0.0 0.0 0.5186214625914584 0.0 0.0 0.0 0.578515524054387 0.0 0.0 0.0 0.0 0.0 0.0 0.0 0.41871367328656145 1.1770376300581622 0.0 0.0 0.0 0.0 0.0 0.0 0.0 0.0 0.0 0.0 0.0 0.0 0.0 0.0 0.0
a143bvgouf83je
account to my understanding a final war is inevitable
0.0 0.0 0.0 0.14520172431495848 0.0 0.0 0.0 0.1575425941301937 0.7762778268790852 0.4033722486822454 0.0 0.4531587896573557 0.0 0.0 0.0 0.0 0.0 0.0 0.0 0.0 0.0 0.0 0.9154737122674594 0.751484098955284 0.11998603441235117 0.8253703549100896 0.0 0.0 0.0 0.0 0.0 0.0 0.0 0.0 0.0 0.0 0.0 0.0
a28z6a8uc4er3x
in my opinion there is no way other than a last war
0.0 0.0 0.2386654168935808 0.10890129323621885 0.2773707042994242 0.0 0.0 0.11815694559764528 0.0 0.3025291865116841 0.08581922520472342 0.33986909224301676 0.0 0.33746738903172574 0.0 0.0 0.0 0.0 0.0 0.2782190842937673 0.3464581358659912 0.0 0.0 0.0 0.0 0.0 0.35793811326049485 0.3671001622040584 0.0 0.0 0.0 0.0 0.0 0.0 0.0 0.0 0.0 0.0
a21xirv18up71h
i believe we have no other option but to go to war one last time
0.2165320563217796 0.0 0.0 0.0 0.2218965634395393 0.52805397861924 0.17410948644776653 0.0 0.0 0.24202334920934726 0.0 0.0 0.0 0.2699739112253806 0.0 0.0 0.0 0.0 0.0 0.22257526743501382 0.0 0.19539971420039534 0.0 0.0 0.1439832412948214 0.0 0.0 0.0 0.3467140759780144 0.2041605141597527 0.15253133519922862 0.3570573547884709 0.2537973081628162 0.0 0.0 0.0 0.0 0.0
a3u16uhguaktzs
i think a last war is the only option
0.3608867605362993 0.4643133777623017 0.0 0.14520172431495848 0.0 0.8800899643654 0.0 0.1575425941301937 0.0 0.4033722486822454 0.0 0.0 0.0 0.4499565187089677 0.04738673242550592 0.0 0.0 0.0 0.0 0.0 0.0 0.0 0.0 0.0 0.0 0.0 0.0 0.0 0.0 0.0 0.0 0.0 0.0 0.37399736749578916 0.0 0.0 0.0 0.0
a3w129h6a0hk4d
account to my understanding a final war is inevitable
0.0 0.0 0.0 0.14520172431495848 0.0 0.0 0.0 0.1575425941301937 0.7762778268790852 0.4033722486822454 0.0 0.4531587896573557 0.0 0.0 0.0 0.0 0.0 0.0 0.0 0.0 0.0 0.0 0.9154737122674594 0.751484098955284 0.11998603441235117 0.8253703549100896 0.0 0.0 0.0 0.0 0.0 0.0 0.0 0.0 0.0 0.0 0.0 0.0
a2nowscvbop9jc
according to my understanding a final war is inevitable
0.0 0.0 0.0 0.14520172431495848 0.0 0.0 0.0 0.1575425941301937 0.7762778268790852 0.4033722486822454 0.0 0.4531587896573557 0.0 0.0 0.0 0.0 0.0 0.0 0.0 0.0 0.0 0.0 0.9154737122674594 0.0 0.11998603441235117 0.8253703549100896 0.0 0.0 0.0 0.0 0.0 0.0 0.0 0.0 0.3659074041609389 0.0 0.0 0.0
aw4q48bn2x4nt
according to my understanding a final war is inevitable
0.0 0.0 0.0 0.14520172431495848 0.0 0.0 0.0 0.1575425941301937 0.7762778268790852 0.4033722486822454 0.0 0.4531587896573557 0.0 0.0 0.0 0.0 0.0 0.0 0.0 0.0 0.0 0.0 0.9154737122674594 0.0 0.11998603441235117 0.8253703549100896 0.0 0.0 0.0 0.0 0.0 0.0 0.0 0.0 0.3659074041609389 0.0 0.0 0.0
a2190f96xfy41l
in my opinion there is no other way than a last war
0.0 0.0 0.2386654168935808 0.10890129323621885 0.2773707042994242 0.0 0.0 0.11815694559764528 0.0 0.3025291865116841 0.08581922520472342 0.33986909224301676 0.0 0.33746738903172574 0.0 0.0 0.0 0.0 0.0 0.2782190842937673 0.3464581358659912 0.0 0.0 0.0 0.0 0.0 0.35793811326049485 0.3671001622040584 0.0 0.0 0.0 0.0 0.0 0.0 0.0 0.0 0.0 0.0
a12ezody9kxiim
in my opinion there is no way other than a last war
0.0 0.0 0.2386654168935808 0.10890129323621885 0.2773707042994242 0.0 0.0 0.11815694559764528 0.0 0.3025291865116841 0.08581922520472342 0.33986909224301676 0.0 0.33746738903172574 0.0 0.0 0.0 0.0 0.0 0.2782190842937673 0.3464581358659912 0.0 0.0 0.0 0.0 0.0 0.35793811326049485 0.3671001622040584 0.0 0.0 0.0 0.0 0.0 0.0 0.0 0.0 0.0 0.0
at1mtbquif71q
in my opinion there is no way other than a last war
0.0 0.0 0.2386654168935808 0.10890129323621885 0.2773707042994242 0.0 0.0 0.11815694559764528 0.0 0.3025291865116841 0.08581922520472342 0.33986909224301676 0.0 0.33746738903172574 0.0 0.0 0.0 0.0 0.0 0.2782190842937673 0.3464581358659912 0.0 0.0 0.0 0.0 0.0 0.35793811326049485 0.3671001622040584 0.0 0.0 0.0 0.0 0.0 0.0 0.0 0.0 0.0 0.0
a1g9f1kosfkijh
i believe we have no other option but to go to war one last time
0.2165320563217796 0.0 0.0 0.0 0.2218965634395393 0.52805397861924 0.17410948644776653 0.0 0.0 0.24202334920934726 0.0 0.0 0.0 0.2699739112253806 0.0 0.0 0.0 0.0 0.0 0.22257526743501382 0.0 0.19539971420039534 0.0 0.0 0.1439832412948214 0.0 0.0 0.0 0.3467140759780144 0.2041605141597527 0.15253133519922862 0.3570573547884709 0.2537973081628162 0.0 0.0 0.0 0.0 0.0
a3ng7x4apiv649
i believe we must go to war one last time that is our only option
0.2165320563217796 0.0 0.0 0.08712103458897508 0.0 0.52805397861924 0.0 0.0 0.0 0.24202334920934726 0.0 0.0 0.0 0.2699739112253806 0.0 0.0 0.0 0.0 0.0 0.0 0.0 0.19539971420039534 0.0 0.0 0.0719916206474107 0.0 0.0 0.0 0.3467140759780144 0.2041605141597527 0.0 0.3570573547884709 0.2537973081628162 0.2243984204974735 0.0 0.3463160648455808 0.08053829495065332 0.22338638335233912
al2rcq9eyun61
i believe we have no other option but to go to war one last time
0.2165320563217796 0.0 0.0 0.0 0.2218965634395393 0.52805397861924 0.17410948644776653 0.0 0.0 0.24202334920934726 0.0 0.0 0.0 0.2699739112253806 0.0 0.0 0.0 0.0 0.0 0.22257526743501382 0.0 0.19539971420039534 0.0 0.0 0.1439832412948214 0.0 0.0 0.0 0.3467140759780144 0.2041605141597527 0.15253133519922862 0.3570573547884709 0.2537973081628162 0.0 0.0 0.0 0.0 0.0
a3ohqrf1mdq99b
i think a final war is the only option
0.3608867605362993 0.4643133777623017 0.0 0.14520172431495848 0.0 0.8800899643654 0.0 0.1575425941301937 0.7762778268790852 0.4033722486822454 0.0 0.0 0.0 0.0 0.04738673242550592 0.0 0.0 0.0 0.0 0.0 0.0 0.0 0.0 0.0 0.0 0.0 0.0 0.0 0.0 0.0 0.0 0.0 0.0 0.37399736749578916 0.0 0.0 0.0 0.0
