my own jaw started to hurt after a halfhour walk outside has giving pain due half an hours outdoors begun ache in the open when i went for aching me is beginning hour of stroll walking even jaws hurting from start because strolling felt 30 minutes began thirty minute
my own jaw started to hurt after a halfhour walk outside
0.3707662824469274 0.3855511553398124 0.6918777046349782 0.42420143380166553 0.09817039179192368 0.6454390115653428 0.27124755211046875 0.12889848610652213 0.8750507065024569 0.6122896376028055 0.5880506682160829 0.0 0.0 0.0 0.0 0.0 0.0 0.0 0.0 0.0 0.0 0.0 0.0 0.0 0.0 0.0 0.0 0.0 0.0 0.0 0.0 0.0 0.0 0.0 0.0 0.0 0.0 0.0 0.0 0.0 0.0 0.0 0.0 0.0 0.0 0.0 0.0 0.0 0.0
my own jaw has started giving pain due to half an hours walk outdoors
0.29131636477972866 0.3029330506241383 0.5436181964989115 0.33330112655845145 0.07713387926508289 0.0 0.0 0.0 0.0 0.4810847152593472 0.0 0.14662840128080168 0.37588993905276163 0.45345807418106066 0.31089701521166274 0.404624614423532 0.21074037612682783 0.38720465372400426 0.737050353720498 0.0 0.0 0.0 0.0 0.0 0.0 0.0 0.0 0.0 0.0 0.0 0.0 0.0 0.0 0.0 0.0 0.0 0.0 0.0 0.0 0.0 0.0 0.0 0.0 0.0 0.0 0.0 0.0 0.0 0.0
my jaw has begun to ache due to half an hours walk in the open
0.2718952737944134 0.0 0.5073769833989841 0.0 0.1439832412948214 0.0 0.0 0.0 0.0 0.449012400908724 0.0 0.13685317452874823 0.0 0.0 0.2901705475308852 0.37764964012862984 0.19669101771837263 0.36139101014240393 0.0 0.49522221294605373 0.5344079906061949 0.06865538016377874 0.028432039455303555 0.3789317309238223 0.0 0.0 0.0 0.0 0.0 0.0 0.0 0.0 0.0 0.0 0.0 0.0 0.0 0.0 0.0 0.0 0.0 0.0 0.0 0.0 0.0 0.0 0.0 0.0 0.0
when i went outside for a halfhour walk my jaw started aching
0.33986909224301676 0.0 0.63422122924873 0.38885131431819336 0.0 0.0 0.0 0.11815694559764528 0.8021298142939188 0.561265501135905 0.5390464458647427 0.0 0.0 0.0 0.0 0.0 0.0 0.0 0.0 0.0 0.0 0.0 0.0 0.0 0.27144754876471106 0.2706650704022245 0.4666838400659897 0.1608924749285346 0.8021298142939188 0.0 0.0 0.0 0.0 0.0 0.0 0.0 0.0 0.0 0.0 0.0 0.0 0.0 0.0 0.0 0.0 0.0 0.0 0.0 0.0
a28z6a8uc4er3x
me my own jaw is beginning to hurt after half hour of stroll outside
0.29131636477972866 0.3029330506241383 0.5436181964989115 0.0 0.07713387926508289 0.5071306519441979 0.21312307665822547 0.0 0.0 0.0 0.462039810741208 0.0 0.0 0.0 0.0 0.404624614423532 0.0 0.0 0.0 0.0 0.0 0.0 0.0 0.0 0.0 0.0 0.0 0.0 0.0 0.3511448264439065 0.09334396563104473 0.47355896414093107 0.4399872763376642 0.05999584161412987 0.687539840823359 0.0 0.0 0.0 0.0 0.0 0.0 0.0 0.0 0.0 0.0 0.0 0.0 0.0 0.0
a3sw1e5d0b9v9a
pain started in my own jaw after walking outside for half an hour
0.31372531591663083 0.3262355929798412 0.5854349808449816 0.35893967475525546 0.0 0.0 0.22951715947808896 0.0 0.0 0.0 0.49758133464437787 0.0 0.0 0.4883394645026807 0.0 0.43574958476380365 0.22695117429042996 0.0 0.0 0.0 0.0 0.07921774634282162 0.0 0.0 0.0 0.0 0.0 0.1485161307032627 0.0 0.0 0.0 0.0 0.47383245144056146 0.0 0.0 0.5964427380481103 0.0 0.0 0.0 0.0 0.0 0.0 0.0 0.0 0.0 0.0 0.0 0.0 0.0
a3dd3acpmvdvca
even my jaws started hurting from my half an hour walk outside
0.6797381844860335 0.0 0.0 0.38885131431819336 0.0 0.0 0.0 0.0 0.0 0.561265501135905 0.5390464458647427 0.0 0.0 0.0 0.0 0.4720620501607873 0.24586377214796581 0.0 0.0 0.0 0.0 0.0 0.0 0.0 0.0 0.0 0.0 0.0 0.0 0.0 0.0 0.0 0.5133184890606083 0.0 0.0 0.0 0.3050578255180185 0.768341055284905 0.6767900312292293 0.20107455328566992 0.0 0.0 0.0 0.0 0.0 0.0 0.0 0.0 0.0
a8v7wa74iohz9
my jaw start to ache because of half an hour outside walk
0.33986909224301676 0.0 0.63422122924873 0.0 0.08998952580926338 0.0 0.0 0.0 0.0 0.561265501135905 0.5390464458647427 0.0 0.0 0.0 0.0 0.4720620501607873 0.24586377214796581 0.0 0.0 0.0 0.6680099882577437 0.0 0.0 0.0 0.0 0.0 0.0 0.0 0.0 0.0 0.0 0.0 0.5133184890606083 0.06999514854981818 0.0 0.0 0.0 0.0 0.0 0.0 0.45887671639287947 0.3266758347959803 0.0 0.0 0.0 0.0 0.0 0.0 0.0
a1nee8mf6oybf8
my jaw is beginning to hurt after half an hour of strolling outside
0.31372531591663083 0.0 0.5854349808449816 0.0 0.08306725459316619 0.5461407020937515 0.22951715947808896 0.0 0.0 0.0 0.49758133464437787 0.0 0.0 0.0 0.0 0.43574958476380365 0.22695117429042996 0.0 0.0 0.0 0.0 0.0 0.0 0.0 0.0 0.0 0.0 0.0 0.0 0.0 0.10052427067958664 0.5099865767671565 0.47383245144056146 0.06461090635367833 0.0 0.0 0.0 0.0 0.0 0.0 0.0 0.0 0.7404275208866943 0.0 0.0 0.0 0.0 0.0 0.0
a2qxd8jqk5bvez
my jaw is beginning to hurt after a half hour of strolling outside
0.31372531591663083 0.0 0.5854349808449816 0.0 0.08306725459316619 0.5461407020937515 0.22951715947808896 0.1090679497824418 0.0 0.0 0.49758133464437787 0.0 0.0 0.0 0.0 0.43574958476380365 0.0 0.0 0.0 0.0 0.0 0.0 0.0 0.0 0.0 0.0 0.0 0.0 0.0 0.0 0.10052427067958664 0.5099865767671565 0.47383245144056146 0.06461090635367833 0.0 0.0 0.0 0.0 0.0 0.0 0.0 0.0 0.7404275208866943 0.0 0.0 0.0 0.0 0.0 0.0
au2ar4vob7vlv
my jaw is beginning to hurt after a half an hour stroll outside
0.31372531591663083 0.0 0.5854349808449816 0.0 0.08306725459316619 0.5461407020937515 0.22951715947808896 0.1090679497824418 0.0 0.0 0.49758133464437787 0.0 0.0 0.0 0.0 0.43574958476380365 0.22695117429042996 0.0 0.0 0.0 0.0 0.0 0.0 0.0 0.0 0.0 0.0 0.0 0.0 0.0 0.10052427067958664 0.5099865767671565 0.47383245144056146 0.0 0.7404275208866943 0.0 0.0 0.0 0.0 0.0 0.0 0.0 0.0 0.0 0.0 0.0 0.0 0.0 0.0
ajh0yow6plss8
after walking outside for half an hour i felt pain in my jaw
0.31372531591663083 0.0 0.5854349808449816 0.0 0.0 0.0 0.22951715947808896 0.0 0.0 0.0 0.49758133464437787 0.0 0.0 0.4883394645026807 0.0 0.43574958476380365 0.22695117429042996 0.0 0.0 0.0 0.0 0.07921774634282162 0.0 0.0 0.0 0.24984468037128416 0.0 0.1485161307032627 0.0 0.0 0.0 0.0 0.47383245144056146 0.0 0.0 0.5964427380481103 0.0 0.0 0.0 0.0 0.0 0.0 0.0 0.47030864097661573 0.0 0.0 0.0 0.0 0.0
a31ikb373dzonk
the pain started in my own jaw after walking outside for 30 minutes
0.31372531591663083 0.3262355929798412 0.5854349808449816 0.35893967475525546 0.0 0.0 0.22951715947808896 0.0 0.0 0.0 0.49758133464437787 0.0 0.0 0.4883394645026807 0.0 0.0 0.0 0.0 0.0 0.0 0.0 0.07921774634282162 0.0328061993715041 0.0 0.0 0.0 0.0 0.1485161307032627 0.0 0.0 0.0 0.0 0.0 0.0 0.0 0.5964427380481103 0.0 0.0 0.0 0.0 0.0 0.0 0.0 0.0 0.46477221792853196 0.6025998694076131 0.0 0.0 0.0
a3m6cl5oao31z
pain started in my jaw after walking outside for half an hour
0.33986909224301676 0.0 0.63422122924873 0.38885131431819336 0.0 0.0 0.24864358943459638 0.0 0.0 0.0 0.5390464458647427 0.0 0.0 0.5290344198779041 0.0 0.4720620501607873 0.24586377214796581 0.0 0.0 0.0 0.0 0.08581922520472342 0.0 0.0 0.0 0.0 0.0 0.1608924749285346 0.0 0.0 0.0 0.0 0.5133184890606083 0.0 0.0 0.6461462995521196 0.0 0.0 0.0 0.0 0.0 0.0 0.0 0.0 0.0 0.0 0.0 0.0 0.0
a279zamy03pduy
even my jaw started hurting from my half an hour walk outside
0.6797381844860335 0.0 0.63422122924873 0.38885131431819336 0.0 0.0 0.0 0.0 0.0 0.561265501135905 0.5390464458647427 0.0 0.0 0.0 0.0 0.4720620501607873 0.24586377214796581 0.0 0.0 0.0 0.0 0.0 0.0 0.0 0.0 0.0 0.0 0.0 0.0 0.0 0.0 0.0 0.5133184890606083 0.0 0.0 0.0 0.3050578255180185 0.0 0.6767900312292293 0.20107455328566992 0.0 0.0 0.0 0.0 0.0 0.0 0.0 0.0 0.0
a1b6zigmal4vx5
my jaws began to hurt from my thirty minute walk
0.8156858213832402 0.0 0.0 0.0 0.10798743097111604 0.7099829127218771 0.0 0.0 0.0 0.6735186013630861 0.0 0.0 0.0 0.0 0.0 0.0 0.0 0.0 0.0 0.0 0.0 0.0 0.0 0.0 0.0 0.0 0.0 0.0 0.0 0.0 0.0 0.0 0.0 0.0 0.0 0.0 0.0 0.9220092663418861 0.0 0.2412894639428039 0.0 0.0 0.0 0.0 0.0 0.0 0.627565368425242 0.7183210736157821 0.7374265972920531
a291u81kgj6l9n
even my jaws started hurting from my half an hour walk outside
0.6797381844860335 0.0 0.0 0.38885131431819336 0.0 0.0 0.0 0.0 0.0 0.561265501135905 0.5390464458647427 0.0 0.0 0.0 0.0 0.4720620501607873 0.24586377214796581 0.0 0.0 0.0 0.0 0.0 0.0 0.0 0.0 0.0 0.0 0.0 0.0 0.0 0.0 0.0 0.5133184890606083 0.0 0.0 0.0 0.3050578255180185 0.768341055284905 0.6767900312292293 0.20107455328566992 0.0 0.0 0.0 0.0 0.0 0.0 0.0 0.0 0.0
amd40d0gc1l4r
my jaw started to ache because of walking outside for half an hour
0.31372531591663083 0.0 0.5854349808449816 0.35893967475525546 0.08306725459316619 0.0 0.0 0.0 0.0 0.0 0.49758133464437787 0.0 0.0 0.0 0.0 0.43574958476380365 0.22695117429042996 0.0 0.0 0.0 0.6166246045456096 0.0 0.0 0.0 0.0 0.0 0.0 0.1485161307032627 0.0 0.0 0.0 0.0 0.47383245144056146 0.06461090635367833 0.0 0.5964427380481103 0.0 0.0 0.0 0.0 0.0 0.3015469244270587 0.0 0.0 0.0 0.0 0.0 0.0 0.0
