in which the hearts pumping of blood its phases contraction and relaxation was observed they studied resting process heart action phase measuring by activity work pump squeezes ability to shrink relax researched along with how contracts relaxes as it pumps using sonogram integrity well palpitations compressing effectiveness while looking at entire beating cycle
in which the hearts pumping of blood its phases of contraction and relaxation was observed
0.06865538016377874 0.20103566005667803 0.028432039455303555 0.41837691228349466 0.4733219418145847 0.1119922376797091 0.31061484908849 0.2209215308249407 0.5492842273604757 0.5169170396416957 0.06626433598681945 0.42983359607860533 0.1465212620662755 0.46116717136165436 0.0 0.0 0.0 0.0 0.0 0.0 0.0 0.0 0.0 0.0 0.0 0.0 0.0 0.0 0.0 0.0 0.0 0.0 0.0 0.0 0.0 0.0 0.0 0.0 0.0 0.0 0.0 0.0 0.0 0.0 0.0 0.0 0.0 0.0 0.0 0.0 0.0 0.0 0.0
in which they studied the pumping of blood its contraction and the resting process of the heart
0.06057827661509889 0.177384405932363 0.07526128091109764 0.0 0.41763700748345706 0.09881668030562568 0.2740719256663147 0.19493076249259475 0.0 0.45610327027208436 0.058468531753075995 0.0 0.0 0.0 0.15198286812142292 0.38176844444693386 0.4925173413548034 0.37805203846919666 0.2701092473235161 0.0 0.0 0.0 0.0 0.0 0.0 0.0 0.0 0.0 0.0 0.0 0.0 0.0 0.0 0.0 0.0 0.0 0.0 0.0 0.0 0.0 0.0 0.0 0.0 0.0 0.0 0.0 0.0 0.0 0.0 0.0 0.0 0.0 0.0
in which the hearts action of pumping blood its contraction and the hearts resting phase was observed
0.06057827661509889 0.177384405932363 0.0501741872740651 0.7383121981473435 0.41763700748345706 0.04940834015281284 0.2740719256663147 0.19493076249259475 0.0 0.45610327027208436 0.058468531753075995 0.0 0.1292834665290666 0.4069122100249891 0.0 0.0 0.4925173413548034 0.0 0.0 0.2480086092631413 0.4278930890802087 0.0 0.0 0.0 0.0 0.0 0.0 0.0 0.0 0.0 0.0 0.0 0.0 0.0 0.0 0.0 0.0 0.0 0.0 0.0 0.0 0.0 0.0 0.0 0.0 0.0 0.0 0.0 0.0 0.0 0.0 0.0 0.0
measuring the pumping of blood by the heart its contraction and relaxation phase
0.0 0.0 0.0656123987430082 0.0 0.5461407020937515 0.06461090635367833 0.3584017489482577 0.25490945864416237 0.0 0.5964427380481103 0.07645884921556091 0.49596184162915996 0.0 0.0 0.0 0.0 0.0 0.0 0.35321978496152107 0.0 0.5595525011048883 0.7937465347759208 0.19195840472318831 0.0 0.0 0.0 0.0 0.0 0.0 0.0 0.0 0.0 0.0 0.0 0.0 0.0 0.0 0.0 0.0 0.0 0.0 0.0 0.0 0.0 0.0 0.0 0.0 0.0 0.0 0.0 0.0 0.0 0.0
a1wyssw33m2fz2
in which hearts activity of pumping blood and its contraction and relaxation was studied
0.07355933588976293 0.21539535006072646 0.0 0.4482609774466014 0.5071306519441979 0.05999584161412987 0.33280162402338215 0.23670164016957934 0.0 0.5538396853303882 0.1419950056860417 0.4605359957985057 0.15698706649958089 0.0 0.0 0.4635759682569911 0.0 0.0 0.0 0.0 0.0 0.0 0.0 0.4367151666211432 0.0 0.0 0.0 0.0 0.0 0.0 0.0 0.0 0.0 0.0 0.0 0.0 0.0 0.0 0.0 0.0 0.0 0.0 0.0 0.0 0.0 0.0 0.0 0.0 0.0 0.0 0.0 0.0 0.0
a3dd3acpmvdvca
in which the pumping of the blood by the heart its contraction and relaxation was studied
0.06436441890354257 0.18847093130313566 0.07996511096804125 0.0 0.44373932045117315 0.05249636141236364 0.2912014210204594 0.20711393514838192 0.0 0.48460972466408964 0.06212281498764324 0.4029689963236925 0.13736368318713327 0.0 0.0 0.4056289722248672 0.0 0.0 0.28699107528123585 0.0 0.0 0.0 0.1559662038375905 0.0 0.0 0.0 0.0 0.0 0.0 0.0 0.0 0.0 0.0 0.0 0.0 0.0 0.0 0.0 0.0 0.0 0.0 0.0 0.0 0.0 0.0 0.0 0.0 0.0 0.0 0.0 0.0 0.0 0.0
a3bz8b0jpubzqq
in which they studied the work of blood pump in the heart its squeezes and the resting of the heart
0.1029830702456681 0.15077674504250854 0.08529611836591067 0.0 0.0 0.08399417825978182 0.2329611368163675 0.16569114811870553 0.0 0.0 0.04969825199011459 0.0 0.0 0.0 0.1291854379032095 0.3245031777798938 0.4186397401515829 0.0 0.45918572044997735 0.0 0.0 0.0 0.0 0.0 0.2078748815195947 0.4354633519826435 0.5159352476043486 0.0 0.0 0.0 0.0 0.0 0.0 0.0 0.0 0.0 0.0 0.0 0.0 0.0 0.0 0.0 0.0 0.0 0.0 0.0 0.0 0.0 0.0 0.0 0.0 0.0 0.0
a3u16uhguaktzs
in which the ability of the heart to pump blood and its ability to shrink and relax was researched
0.054201615918772685 0.15871236320264057 0.044892693876795085 0.0 0.0 0.04420746224199044 0.24522224928038683 0.1744117348617953 0.0 0.0 0.10462789892655704 0.0 0.11567468057863854 0.0 0.0 0.0 0.0 0.0 0.2416766949736723 0.0 0.0 0.0 0.0 0.0 0.0 0.45838247577120367 0.0 0.5923533757745081 0.11367097996959584 0.5066083037645803 0.43364544265300714 0.44878660436099554 0.0 0.0 0.0 0.0 0.0 0.0 0.0 0.0 0.0 0.0 0.0 0.0 0.0 0.0 0.0 0.0 0.0 0.0 0.0 0.0 0.0
a1blsmsb38wd37
the hearts ability to pump blood along with its contraction and relaxation was studied
0.0 0.0 0.030462899416396665 0.4482609774466014 0.0 0.0 0.33280162402338215 0.23670164016957934 0.0 0.5538396853303882 0.07099750284302085 0.4605359957985057 0.15698706649958089 0.0 0.0 0.4635759682569911 0.0 0.0 0.0 0.0 0.0 0.0 0.0 0.0 0.0 0.6220905028323479 0.0 0.40195407641841624 0.07713387926508289 0.0 0.0 0.0 0.35343335171137913 0.167884675148161 0.0 0.0 0.0 0.0 0.0 0.0 0.0 0.0 0.0 0.0 0.0 0.0 0.0 0.0 0.0 0.0 0.0 0.0 0.0
a2qxd8jqk5bvez
in which its activity of pumping blood and its contraction and relaxation was studied
0.07355933588976293 0.21539535006072646 0.0 0.0 0.5071306519441979 0.05999584161412987 0.33280162402338215 0.4734032803391587 0.0 0.5538396853303882 0.1419950056860417 0.4605359957985057 0.15698706649958089 0.0 0.0 0.4635759682569911 0.0 0.0 0.0 0.0 0.0 0.0 0.0 0.4367151666211432 0.0 0.0 0.0 0.0 0.0 0.0 0.0 0.0 0.0 0.0 0.0 0.0 0.0 0.0 0.0 0.0 0.0 0.0 0.0 0.0 0.0 0.0 0.0 0.0 0.0 0.0 0.0 0.0 0.0
ajh0yow6plss8
they studied how the heart contracts and relaxes as it pumps blood
0.0 0.0 0.03554004931912944 0.0 0.0 0.0 0.3882685613606125 0.0 0.0 0.0 0.08283041998352432 0.0 0.0 0.0 0.2153090631720158 0.5408386296331563 0.0 0.0 0.3826547670416478 0.0 0.0 0.0 0.0 0.0 0.0 0.0 0.0 0.0 0.0 0.0 0.0 0.0 0.0 0.0 0.3269536128309601 0.768341055284905 0.859892079340581 0.21960843925276205 0.16876295308555211 0.7443675492472567 0.0 0.0 0.0 0.0 0.0 0.0 0.0 0.0 0.0 0.0 0.0 0.0 0.0
a2qxd8jqk5bvez
the pumping of the blood by the heart its contraction and relaxation was studied
0.0 0.0 0.09138869824919 0.0 0.5071306519441979 0.05999584161412987 0.33280162402338215 0.23670164016957934 0.0 0.5538396853303882 0.07099750284302085 0.4605359957985057 0.15698706649958089 0.0 0.0 0.4635759682569911 0.0 0.0 0.3279898003214124 0.0 0.0 0.0 0.17824709010010342 0.0 0.0 0.0 0.0 0.0 0.0 0.0 0.0 0.0 0.0 0.0 0.0 0.0 0.0 0.0 0.0 0.0 0.0 0.0 0.0 0.0 0.0 0.0 0.0 0.0 0.0 0.0 0.0 0.0 0.0
au2ar4vob7vlv
the pumping of the blood by the heart its contraction and relaxation was studied
0.0 0.0 0.09138869824919 0.0 0.5071306519441979 0.05999584161412987 0.33280162402338215 0.23670164016957934 0.0 0.5538396853303882 0.07099750284302085 0.4605359957985057 0.15698706649958089 0.0 0.0 0.4635759682569911 0.0 0.0 0.3279898003214124 0.0 0.0 0.0 0.17824709010010342 0.0 0.0 0.0 0.0 0.0 0.0 0.0 0.0 0.0 0.0 0.0 0.0 0.0 0.0 0.0 0.0 0.0 0.0 0.0 0.0 0.0 0.0 0.0 0.0 0.0 0.0 0.0 0.0 0.0 0.0
aw4q48bn2x4nt
in which the pumping of the blood by the heart its contraction and relaxation was studied
0.06436441890354257 0.18847093130313566 0.07996511096804125 0.0 0.44373932045117315 0.05249636141236364 0.2912014210204594 0.20711393514838192 0.0 0.48460972466408964 0.06212281498764324 0.4029689963236925 0.13736368318713327 0.0 0.0 0.4056289722248672 0.0 0.0 0.28699107528123585 0.0 0.0 0.0 0.1559662038375905 0.0 0.0 0.0 0.0 0.0 0.0 0.0 0.0 0.0 0.0 0.0 0.0 0.0 0.0 0.0 0.0 0.0 0.0 0.0 0.0 0.0 0.0 0.0 0.0 0.0 0.0 0.0 0.0 0.0 0.0
al2rcq9eyun61
using the sonogram they studied the integrity of the blood pump in the heart as well as the hearts palpitations
0.05149153512283405 0.0 0.10662014795738832 0.313782684212621 0.0 0.04199708912989091 0.2329611368163675 0.0 0.0 0.0 0.0 0.0 0.0 0.0 0.1291854379032095 0.3245031777798938 0.0 0.0 0.22959286022498868 0.0 0.0 0.0 0.0 0.0 0.0 0.4354633519826435 0.0 0.0 0.0 0.0 0.0 0.0 0.0 0.0 0.0 0.0 0.0 0.26353012710331447 0.0 0.0 0.26063797390931953 0.4812778885763513 0.3742745804015377 0.22463524223532602 0.5159352476043486 0.0 0.0 0.0 0.0 0.0 0.0 0.0 0.0
a2bk4fasw056jr
in which they studied the work the heart the compressing and the resting of the heart
0.06436441890354257 0.18847093130313566 0.1332751849467354 0.0 0.0 0.05249636141236364 0.0 0.0 0.0 0.0 0.06212281498764324 0.0 0.0 0.0 0.16148179737901186 0.4056289722248672 0.5232996751894786 0.0 0.5739821505624717 0.0 0.0 0.0 0.0 0.0 0.2598436018994934 0.0 0.0 0.0 0.0 0.0 0.0 0.0 0.0 0.0 0.0 0.0 0.0 0.0 0.0 0.0 0.0 0.0 0.0 0.0 0.0 0.6449190595054357 0.0 0.0 0.0 0.0 0.0 0.0 0.0
a14wwg6nkbdwgp
they studied the effectiveness of the heart while pumping blood looking at the entire beating cycle
0.0 0.0 0.07996511096804125 0.0 0.44373932045117315 0.05249636141236364 0.2912014210204594 0.0 0.0 0.0 0.0 0.0 0.0 0.0 0.16148179737901186 0.4056289722248672 0.0 0.0 0.28699107528123585 0.0 0.0 0.0 0.0 0.0 0.0 0.0 0.0 0.0 0.0 0.0 0.0 0.0 0.0 0.0 0.0 0.0 0.0 0.0 0.0 0.0 0.0 0.0 0.0 0.0 0.0 0.0 0.6015973607204391 0.2507768540711847 0.39796632709409646 0.19359999086902968 0.37507605240941627 0.507592523421922 0.47163226436544936
a16mcti18dipwt
the ability of the heart to pump blood and its ability to shrink and relax was researched
0.0 0.0 0.0501741872740651 0.0 0.0 0.04940834015281284 0.2740719256663147 0.19493076249259475 0.0 0.0 0.11693706350615199 0.0 0.1292834665290666 0.0 0.0 0.0 0.0 0.0 0.2701092473235161 0.0 0.0 0.0 0.0 0.0 0.0 0.5123098258619335 0.0 0.6620420082185678 0.1270440364366071 0.5662092806780603 0.4846625535533609 0.5015850284034656 0.0 0.0 0.0 0.0 0.0 0.0 0.0 0.0 0.0 0.0 0.0 0.0 0.0 0.0 0.0 0.0 0.0 0.0 0.0 0.0 0.0
