jimmy noor karachi from this news what the quran says has been proven true that an infidel will only support qurans truth established a nonbeliever help proved verse of stand by another after ayah kafir always juma noorkarachiit quranic saying unbeliever jami proves disbelievers said noorkarachithis statement non muslim actually other unbelievers proverb nonbelievers supported
jimmy noor karachi from this news what the quran says has been proven true that an infidel will only support an infidel
0.3376515088268548 0.3524434361193379 0.19184684863276047 0.10967702906491086 0.07788640378854636 0.19225727621091473 0.14010752769693757 0.01938548144679788 0.38058158195598446 0.1987856519763816 0.09330898263323743 0.13385014057894593 0.28856422902431134 0.2222436055969332 0.0549124738299909 0.26821502416141724 0.8381902421289873 0.10070514544550836 0.1529989230664592 0.2148962714352779 0.0 0.0 0.0 0.0 0.0 0.0 0.0 0.0 0.0 0.0 0.0 0.0 0.0 0.0 0.0 0.0 0.0 0.0 0.0 0.0 0.0 0.0 0.0 0.0 0.0 0.0 0.0 0.0 0.0 0.0 0.0 0.0 0.0 0.0 0.0
jimmy noor karachi from this news the qurans truth has been established that a nonbeliever will help only a nonbeliever
0.3714166597095403 0.3876877797312717 0.2110315334960365 0.12064473197140195 0.08567504416740099 0.21148300383200622 0.0 0.021324029591477667 0.0 0.0 0.10263988089656118 0.1472351546368405 0.0 0.0 0.060403721212989994 0.0 0.0 0.1107756599900592 0.16829881537310512 0.0 0.46100463317094303 0.2650712557636023 0.30073199294414005 0.14178833471717434 0.8372794803031658 0.22783267846533967 0.0 0.0 0.0 0.0 0.0 0.0 0.0 0.0 0.0 0.0 0.0 0.0 0.0 0.0 0.0 0.0 0.0 0.0 0.0 0.0 0.0 0.0 0.0 0.0 0.0 0.0 0.0 0.0 0.0
jimmy noor karachi this news has proved a verse of quran that a infidel will stand by another infidel
0.3909649049574108 0.40809239971712813 0.22213845631161738 0.0 0.09018425701831684 0.22261368824421707 0.0 0.0 0.44067341068587673 0.0 0.10804197989111702 0.0 0.0 0.0 0.06358286443472631 0.0 0.9705360698335642 0.11660595788427285 0.0 0.0 0.0 0.0 0.0 0.1492508786496572 0.0 0.0 0.3080419386017046 0.43364544265300714 0.04420746224199044 0.3233851411679649 0.13133996112639199 0.25574312831277957 0.0 0.0 0.0 0.0 0.0 0.0 0.0 0.0 0.0 0.0 0.0 0.0 0.0 0.0 0.0 0.0 0.0 0.0 0.0 0.0 0.0 0.0 0.0
jimmy noor karachi after this news an quran ayah has proven that a kafir will always support a kafir
0.3909649049574108 0.40809239971712813 0.22213845631161738 0.0 0.09018425701831684 0.22261368824421707 0.0 0.0 0.44067341068587673 0.0 0.10804197989111702 0.0 0.33412700202814993 0.0 0.06358286443472631 0.15528238240924155 0.0 0.11660595788427285 0.0 0.24882726166190072 0.0 0.0 0.0 0.1492508786496572 0.0 0.0 0.0 0.0 0.0 0.0 0.0 0.0 0.15703805648500824 0.5430897343203669 1.0861794686407338 0.27006942874980083 0.0 0.0 0.0 0.0 0.0 0.0 0.0 0.0 0.0 0.0 0.0 0.0 0.0 0.0 0.0 0.0 0.0 0.0 0.0
a353ocl6lm6m4o
juma noorkarachiit proved this quranic saying that unbeliever help unbeliever
0.0 0.0 0.0 0.0 0.17135008833480198 0.0 0.0 0.0 0.0 0.0 0.0 0.0 0.0 0.0 0.12080744242597999 0.0 0.0 0.0 0.0 0.0 0.0 0.0 0.0 0.0 0.0 0.45566535693067933 0.5852796833432387 0.0 0.0 0.0 0.0 0.0 0.0 0.0 0.0 0.0 0.893241059096708 0.9220092663418861 0.893241059096708 0.47389751261007484 1.9251115543054051 0.0 0.0 0.0 0.0 0.0 0.0 0.0 0.0 0.0 0.0 0.0 0.0 0.0 0.0
a3dd3acpmvdvca
jami noor karachi this news proves that disbelievers will only help disbelievers
0.0 0.6461462995521196 0.3517192224933942 0.0 0.14279174027900166 0.3524716730533437 0.0 0.0 0.0 0.0 0.0 0.0 0.0 0.0 0.10067286868831665 0.0 0.0 0.18462609998343202 0.28049802562184184 0.0 0.0 0.0 0.0 0.0 0.0 0.37972113077556613 0.0 0.0 0.0 0.0 0.0 0.0 0.0 0.0 0.0 0.0 0.0 0.0 0.0 0.0 0.0 0.7443675492472567 0.5545952754964437 1.292292599104239 0.0 0.0 0.0 0.0 0.0 0.0 0.0 0.0 0.0 0.0 0.0
a1sanjgoj47idf
jimmy noor karachi this news proved quran that said that nonbeliever will support only nonbeliever
0.49522221294605373 0.5169170396416957 0.28137537799471535 0.0 0.11423339222320132 0.281977338442675 0.0 0.0 0.5581863202021106 0.0 0.0 0.0 0.0 0.0 0.16107658990130663 0.0 0.0 0.1477008799867456 0.2243984204974735 0.3151811981050743 0.0 0.0 0.0 0.0 1.1163726404042211 0.0 0.39018645556215914 0.0 0.0 0.0 0.0 0.0 0.0 0.0 0.0 0.0 0.0 0.0 0.0 0.0 0.0 0.0 0.0 0.0 0.1476000989143908 0.0 0.0 0.0 0.0 0.0 0.0 0.0 0.0 0.0 0.0
a1u0z1mafqeh9y
jimmy noorkarachithis news has proved qurans statement that a non muslim will actually help an other non muslim
0.4126851774550448 0.0 0.0 0.0 0.0 0.2349811153688958 0.0 0.0 0.0 0.0 0.1140443121072902 0.0 0.0 0.0 0.0671152457922111 0.1639091814319772 0.0 0.12308406665562134 0.0 0.0 0.5122273701899367 0.0 0.0 0.07877129706509685 0.0 0.2531474205170441 0.3251553796351326 0.0 0.0 0.0 0.0 0.0 0.0 0.0 0.0 0.0 0.0 0.0 0.0 0.0 0.0 0.0 0.0 0.0 0.0 0.5347532095292792 0.283845488846975 0.7096532577069605 0.45825550677581095 0.31470803344052484 0.1854793895291782 0.0 0.0 0.0 0.0
a3rm9xsnd3mrj3
juma noorkarachiit proved this quranic saying that unbelievers help unbelievers
0.0 0.0 0.0 0.0 0.17135008833480198 0.0 0.0 0.0 0.0 0.0 0.0 0.0 0.0 0.0 0.12080744242597999 0.0 0.0 0.0 0.0 0.0 0.0 0.0 0.0 0.0 0.0 0.45566535693067933 0.5852796833432387 0.0 0.0 0.0 0.0 0.0 0.0 0.0 0.0 0.0 0.893241059096708 0.9220092663418861 0.893241059096708 0.47389751261007484 0.0 0.0 0.0 0.0 0.0 0.0 0.0 0.0 0.0 0.0 0.0 1.9251115543054051 0.0 0.0 0.0
a2rcbwy8ulhnj0
juma noorkarachiit proved this quranic saying that unbeliever help unbeliever
0.0 0.0 0.0 0.0 0.17135008833480198 0.0 0.0 0.0 0.0 0.0 0.0 0.0 0.0 0.0 0.12080744242597999 0.0 0.0 0.0 0.0 0.0 0.0 0.0 0.0 0.0 0.0 0.45566535693067933 0.5852796833432387 0.0 0.0 0.0 0.0 0.0 0.0 0.0 0.0 0.0 0.893241059096708 0.9220092663418861 0.893241059096708 0.47389751261007484 1.9251115543054051 0.0 0.0 0.0 0.0 0.0 0.0 0.0 0.0 0.0 0.0 0.0 0.0 0.0 0.0
al2rcq9eyun61
juma noor karachi this proved the quranic proverb that unbelievers help unbelievers
0.0 0.6461462995521196 0.3517192224933942 0.0 0.14279174027900166 0.0 0.0 0.03554004931912944 0.0 0.0 0.0 0.0 0.0 0.0 0.10067286868831665 0.0 0.0 0.0 0.0 0.0 0.0 0.0 0.0 0.0 0.0 0.37972113077556613 0.4877330694526989 0.0 0.0 0.0 0.0 0.0 0.0 0.0 0.0 0.0 0.7443675492472567 0.0 0.7443675492472567 0.0 0.0 0.0 0.0 0.0 0.0 0.0 0.0 0.0 0.0 0.0 0.0 1.6042596285878377 0.7257722533044059 0.0 0.0
a3qu3km3iywhif
jami noor karachi this news proves that disbelievers will only help disbelievers
0.0 0.6461462995521196 0.3517192224933942 0.0 0.14279174027900166 0.3524716730533437 0.0 0.0 0.0 0.0 0.0 0.0 0.0 0.0 0.10067286868831665 0.0 0.0 0.18462609998343202 0.28049802562184184 0.0 0.0 0.0 0.0 0.0 0.0 0.37972113077556613 0.0 0.0 0.0 0.0 0.0 0.0 0.0 0.0 0.0 0.0 0.0 0.0 0.0 0.0 0.0 0.7443675492472567 0.5545952754964437 1.292292599104239 0.0 0.0 0.0 0.0 0.0 0.0 0.0 0.0 0.0 0.0 0.0
a3o4xm3igw1sr2
jami noor karachi this news proves that disbelievers will only help disbelievers
0.0 0.6461462995521196 0.3517192224933942 0.0 0.14279174027900166 0.3524716730533437 0.0 0.0 0.0 0.0 0.0 0.0 0.0 0.0 0.10067286868831665 0.0 0.0 0.18462609998343202 0.28049802562184184 0.0 0.0 0.0 0.0 0.0 0.0 0.37972113077556613 0.0 0.0 0.0 0.0 0.0 0.0 0.0 0.0 0.0 0.0 0.0 0.0 0.0 0.0 0.0 0.7443675492472567 0.5545952754964437 1.292292599104239 0.0 0.0 0.0 0.0 0.0 0.0 0.0 0.0 0.0 0.0 0.0
ac00w60nppf9z
jami noor karachi this news proves that disbelievers will only help disbelievers
0.0 0.6461462995521196 0.3517192224933942 0.0 0.14279174027900166 0.3524716730533437 0.0 0.0 0.0 0.0 0.0 0.0 0.0 0.0 0.10067286868831665 0.0 0.0 0.18462609998343202 0.28049802562184184 0.0 0.0 0.0 0.0 0.0 0.0 0.37972113077556613 0.0 0.0 0.0 0.0 0.0 0.0 0.0 0.0 0.0 0.0 0.0 0.0 0.0 0.0 0.0 0.7443675492472567 0.5545952754964437 1.292292599104239 0.0 0.0 0.0 0.0 0.0 0.0 0.0 0.0 0.0 0.0 0.0
aw4q48bn2x4nt
jimmy noor karachi this news proved that the quran said that nonbelievers will support only nonbelievers
0.46427082463692537 0.48460972466408964 0.26378941687004565 0.0 0.10709380520925124 0.2643537547900078 0.0 0.026655036989347083 0.5232996751894786 0.0 0.0 0.0 0.0 0.0 0.15100930303247498 0.0 0.0 0.138469574987574 0.2103735192163814 0.2954823732235071 0.0 0.0 0.0 0.0 0.0 0.0 0.3657998020895242 0.0 0.0 0.0 0.0 0.0 0.0 0.0 0.0 0.0 0.0 0.0 0.0 0.0 0.0 0.0 0.0 0.0 0.13837509273224138 0.0 0.0 0.0 0.0 0.0 0.0 0.0 0.0 1.116551323870885 0.0
a2owo5cfm8khwy
jimmy noor karachi this news supported what quran said that nonbelievers will support only nonbelievers
0.49522221294605373 0.5169170396416957 0.28137537799471535 0.0 0.11423339222320132 0.281977338442675 0.20549104062217513 0.0 0.5581863202021106 0.0 0.0 0.0 0.0 0.0 0.08053829495065332 0.0 0.0 0.1477008799867456 0.2243984204974735 0.3151811981050743 0.0 0.0 0.0 0.0 0.0 0.0 0.0 0.0 0.0 0.0 0.0 0.0 0.0 0.0 0.0 0.0 0.0 0.0 0.0 0.0 0.0 0.0 0.0 0.0 0.1476000989143908 0.0 0.0 0.0 0.0 0.0 0.0 0.0 0.0 1.1909880787956106 0.40373500500304366
a1395pss402i1j
jimmy noor karachi this news proved quran that said that nonbeliever will support only nonbeliever
0.49522221294605373 0.5169170396416957 0.28137537799471535 0.0 0.11423339222320132 0.281977338442675 0.0 0.0 0.5581863202021106 0.0 0.0 0.0 0.0 0.0 0.16107658990130663 0.0 0.0 0.1477008799867456 0.2243984204974735 0.3151811981050743 0.0 0.0 0.0 0.0 1.1163726404042211 0.0 0.39018645556215914 0.0 0.0 0.0 0.0 0.0 0.0 0.0 0.0 0.0 0.0 0.0 0.0 0.0 0.0 0.0 0.0 0.0 0.1476000989143908 0.0 0.0 0.0 0.0 0.0 0.0 0.0 0.0 0.0 0.0
amd40d0gc1l4r
jimmy noorkarachithis news has proved qurans statement that a non muslim will actually help an other non muslim
0.4126851774550448 0.0 0.0 0.0 0.0 0.2349811153688958 0.0 0.0 0.0 0.0 0.1140443121072902 0.0 0.0 0.0 0.0671152457922111 0.1639091814319772 0.0 0.12308406665562134 0.0 0.0 0.5122273701899367 0.0 0.0 0.07877129706509685 0.0 0.2531474205170441 0.3251553796351326 0.0 0.0 0.0 0.0 0.0 0.0 0.0 0.0 0.0 0.0 0.0 0.0 0.0 0.0 0.0 0.0 0.0 0.0 0.5347532095292792 0.283845488846975 0.7096532577069605 0.45825550677581095 0.31470803344052484 0.1854793895291782 0.0 0.0 0.0 0.0
