support of frances recommendation for the proposal france french endorsed supported defending thinking supporting suggestion was appriciatable has committee supports appreciatable
support of frances recommendation
1.1819294928940285 0.20998544564945457 2.0931987007579145 2.1317363707147288 0.0 0.0 0.0 0.0 0.0 0.0 0.0 0.0 0.0 0.0 0.0 0.0 0.0 0.0 0.0 0.0 0.0
support for the proposal of france
0.7879529952626857 0.13999029709963637 0.0 0.0 0.3217849498570692 0.07108009863825888 1.0816772592663126 0.9773929426389105 0.0 0.0 0.0 0.0 0.0 0.0 0.0 0.0 0.0 0.0 0.0 0.0 0.0
french proposal endorsed
0.0 0.0 0.0 0.0 0.0 0.0 2.1633545185326253 0.0 2.142294884658781 3.2085192571756753 0.0 0.0 0.0 0.0 0.0 0.0 0.0 0.0 0.0 0.0 0.0
french proposal supported
0.0 0.0 0.0 0.0 0.0 0.0 2.1633545185326253 0.0 2.142294884658781 0.0 2.0186750250152183 0.0 0.0 0.0 0.0 0.0 0.0 0.0 0.0 0.0 0.0
a353ocl6lm6m4o
defending the thinking of france
0.0 0.16798835651956365 0.0 0.0 0.0 0.08529611836591067 0.0 1.1728715311666926 0.0 0.0 0.0 1.3705938098574488 1.0576534061389071 0.0 0.0 0.0 0.0 0.0 0.0 0.0 0.0
a3dd3acpmvdvca
supporting the french proposal
0.0 0.0 0.0 0.0 0.0 0.10662014795738833 1.6225158888994688 0.0 1.606721163494086 0.0 0.0 0.0 0.0 1.5967198298406613 0.0 0.0 0.0 0.0 0.0 0.0 0.0
a2dsltew8ffmbv
france suggestion was appriciatable
0.0 0.0 0.0 0.0 0.0 0.0 0.0 1.4660894139583658 0.0 0.0 0.0 0.0 0.0 0.0 1.5360794205478334 0.5494547327485331 2.305023165854715 0.0 0.0 0.0 0.0
a1aczgd5azz3r7
france has supported the proposal
0.0 0.0 0.0 0.0 0.0 0.08529611836591067 1.2980127111195752 1.1728715311666926 0.0 0.0 1.211205015009131 0.0 0.0 0.0 0.0 0.0 0.0 0.4105595235862447 0.0 0.0 0.0
a230hf2okthmdz
defending the thinking of france
0.0 0.16798835651956365 0.0 0.0 0.0 0.08529611836591067 0.0 1.1728715311666926 0.0 0.0 0.0 1.3705938098574488 1.0576534061389071 0.0 0.0 0.0 0.0 0.0 0.0 0.0 0.0
a1dndzlo2d5d48
defending the thinking of france
0.0 0.16798835651956365 0.0 0.0 0.0 0.08529611836591067 0.0 1.1728715311666926 0.0 0.0 0.0 1.3705938098574488 1.0576534061389071 0.0 0.0 0.0 0.0 0.0 0.0 0.0 0.0
a1lkw32z4tqsw7
defending the thinking of france
0.0 0.16798835651956365 0.0 0.0 0.0 0.08529611836591067 0.0 1.1728715311666926 0.0 0.0 0.0 1.3705938098574488 1.0576534061389071 0.0 0.0 0.0 0.0 0.0 0.0 0.0 0.0
a301gnfg8w711q
supporting the french proposal
0.0 0.0 0.0 0.0 0.0 0.10662014795738833 1.6225158888994688 0.0 1.606721163494086 0.0 0.0 0.0 0.0 1.5967198298406613 0.0 0.0 0.0 0.0 0.0 0.0 0.0
a143awku99stc9
committee supports the french proposal
0.0 0.0 0.0 0.0 0.0 0.08529611836591067 1.2980127111195752 0.0 1.2853769307952687 0.0 0.0 0.0 0.0 0.0 0.0 0.0 0.0 0.0 0.9971972317643203 1.4045736172165282 0.0
a6tw9zegog7ph
supporting the french proposal
0.0 0.0 0.0 0.0 0.0 0.10662014795738833 1.6225158888994688 0.0 1.606721163494086 0.0 0.0 0.0 0.0 1.5967198298406613 0.0 0.0 0.0 0.0 0.0 0.0 0.0
a2unp2crnrfiw8
frances suggestion appreciatable
0.0 0.0 2.7909316010105525 0.0 0.0 0.0 0.0 0.0 0.0 0.0 0.0 0.0 0.0 0.0 2.0481058940637777 0.0 0.0 0.0 0.0 0.0 3.07336422113962
attzel5iaoiw5
france suggestion was appriciatable
0.0 0.0 0.0 0.0 0.0 0.0 0.0 1.4660894139583658 0.0 0.0 0.0 0.0 0.0 0.0 1.5360794205478334 0.5494547327485331 2.305023165854715 0.0 0.0 0.0 0.0
aohhtbpd64eb6
frances suggestion was appriciatable
0.0 0.0 2.0931987007579145 0.0 0.0 0.0 0.0 0.0 0.0 0.0 0.0 0.0 0.0 0.0 1.5360794205478334 0.5494547327485331 2.305023165854715 0.0 0.0 0.0 0.0
ao86wz7i0vqzc
france has supported the proposal
0.0 0.0 0.0 0.0 0.0 0.08529611836591067 1.2980127111195752 1.1728715311666926 0.0 0.0 1.211205015009131 0.0 0.0 0.0 0.0 0.0 0.0 0.4105595235862447 0.0 0.0 0.0
