are global organizations not aware of the oppression being done in india against minorities international bodies atrocities committed cruelties meted out to unaware do uno has knowledge for blasts occurs arent world persecution groups tortures on how targeted is it have that occurred does these occurrence upon treated news
are global organizations not aware of the oppression being done in india against the minorities
0.14040910359018843 0.3843218706990953 0.33436000293519297 0.14270849921582424 0.3815723401301587 0.05599611883985455 0.05686407891060711 0.42983359607860533 0.24370481707307784 0.30677848337871655 0.06865538016377874 0.20090111577959557 0.21246709610800396 0.5119765081647808 0.0 0.0 0.0 0.0 0.0 0.0 0.0 0.0 0.0 0.0 0.0 0.0 0.0 0.0 0.0 0.0 0.0 0.0 0.0 0.0 0.0 0.0 0.0 0.0 0.0 0.0 0.0 0.0 0.0 0.0 0.0 0.0 0.0 0.0 0.0
are the international bodies not aware of the atrocities being committed against minorities in india
0.14040910359018843 0.0 0.0 0.14270849921582424 0.3815723401301587 0.05599611883985455 0.05686407891060711 0.0 0.24370481707307784 0.0 0.06865538016377874 0.20090111577959557 0.21246709610800396 0.5119765081647808 0.30634132334230596 0.30992160194043006 0.503074415323146 0.4284589769317562 0.0 0.0 0.0 0.0 0.0 0.0 0.0 0.0 0.0 0.0 0.0 0.0 0.0 0.0 0.0 0.0 0.0 0.0 0.0 0.0 0.0 0.0 0.0 0.0 0.0 0.0 0.0 0.0 0.0 0.0 0.0
are the international organizations not aware of the cruelties being meted out to the minorities in india
0.1238903855207545 0.0 0.2950235320016409 0.12591926401396258 0.3366814765854342 0.04940834015281284 0.07526128091109764 0.0 0.215033662123304 0.0 0.06057827661509889 0.1772656903937608 0.0 0.4517439777924536 0.27030116765497586 0.0 0.0 0.0 0.4925173413548034 0.5423583919658154 0.2357041260549445 0.06352201821830356 0.0 0.0 0.0 0.0 0.0 0.0 0.0 0.0 0.0 0.0 0.0 0.0 0.0 0.0 0.0 0.0 0.0 0.0 0.0 0.0 0.0 0.0 0.0 0.0 0.0 0.0 0.0
are international organizations unaware of the atrocities committed to the minorities in india
0.1620105041425251 0.0 0.3858000033867611 0.0 0.0 0.06461090635367833 0.0656123987430082 0.0 0.0 0.0 0.07921774634282162 0.2318089797456872 0.0 0.5907421248055162 0.35347075770266073 0.0 0.5804704792190146 0.4943757426135649 0.0 0.0 0.0 0.08306725459316619 0.55255467201214 0.0 0.0 0.0 0.0 0.0 0.0 0.0 0.0 0.0 0.0 0.0 0.0 0.0 0.0 0.0 0.0 0.0 0.0 0.0 0.0 0.0 0.0 0.0 0.0 0.0 0.0
ayowrg5s0py3f
do the uno has the knowledge for the blasts occurs in india
0.0 0.0 0.0 0.0 0.0 0.0 0.10662014795738833 0.0 0.0 0.0 0.08581922520472342 0.25112639472449444 0.0 0.0 0.0 0.0 0.0 0.0 0.0 0.0 0.0 0.0 0.0 0.26981975461634905 0.7257722533044059 0.1710664681609353 0.5504277404485552 0.1608924749285346 0.5545952754964437 0.6288430191539325 0.0 0.0 0.0 0.0 0.0 0.0 0.0 0.0 0.0 0.0 0.0 0.0 0.0 0.0 0.0 0.0 0.0 0.0 0.0
a2xknsbfsj3hso
arent the world organizations aware of the persecution of minorities in india
0.0 0.0 0.4179500036689912 0.0 0.4769654251626984 0.13999029709963637 0.07108009863825888 0.0 0.0 0.0 0.08581922520472342 0.25112639472449444 0.0 0.639970635205976 0.0 0.0 0.0 0.0 0.0 0.0 0.0 0.0 0.0 0.0 0.0 0.0 0.0 0.0 0.0 0.0 0.6102477232110817 0.2767590807587537 0.63422122924873 0.0 0.0 0.0 0.0 0.0 0.0 0.0 0.0 0.0 0.0 0.0 0.0 0.0 0.0 0.0 0.0
a1wyssw33m2fz2
are international groups not aware of the tortures being done on the minorities in india
0.14040910359018843 0.0 0.0 0.14270849921582424 0.3815723401301587 0.05599611883985455 0.05686407891060711 0.0 0.24370481707307784 0.30677848337871655 0.06865538016377874 0.20090111577959557 0.0 0.5119765081647808 0.30634132334230596 0.0 0.0 0.0 0.0 0.0 0.0 0.0 0.0 0.0 0.0 0.0 0.0 0.0 0.0 0.0 0.0 0.0 0.0 0.30634132334230596 0.476043408115935 0.12486718415838688 0.0 0.0 0.0 0.0 0.0 0.0 0.0 0.0 0.0 0.0 0.0 0.0 0.0
a2i57ww1b3evwx
in india how minorities are targeted is the world not aware of it
0.1620105041425251 0.0 0.0 0.16466365294133567 0.44027577707326004 0.06461090635367833 0.0328061993715041 0.0 0.0 0.0 0.07921774634282162 0.2318089797456872 0.0 0.5907421248055162 0.0 0.0 0.0 0.0 0.0 0.0 0.0 0.0 0.0 0.0 0.0 0.0 0.0 0.0 0.0 0.0 0.0 0.25546992070038804 0.0 0.0 0.0 0.0 0.30180333492088623 0.5062334872156617 0.10052427067958664 0.15578118746358657 0.0 0.0 0.0 0.0 0.0 0.0 0.0 0.0 0.0
aa1hdtufsq32b
do the uno not have the knowledge of the blasts that occurred in india
0.0 0.0 0.0 0.15290196344552598 0.0 0.05999584161412987 0.09138869824919 0.0 0.0 0.0 0.07355933588976293 0.21525119547813812 0.0 0.0 0.0 0.0 0.0 0.0 0.0 0.0 0.0 0.0 0.0 0.23127407538544206 0.6220905028323479 0.0 0.47179520609876163 0.0 0.47536737899695175 0.0 0.0 0.0 0.0 0.0 0.0 0.0 0.0 0.0 0.0 0.0 0.1634264305706021 0.08629103030427142 0.4894977892348032 0.0 0.0 0.0 0.0 0.0 0.0
a3m4exda4ue7bp
does uno have the knowledge for these occurrence of blasts in india
0.0 0.0 0.0 0.0 0.0 0.06999514854981818 0.03554004931912944 0.0 0.0 0.0 0.08581922520472342 0.25112639472449444 0.0 0.0 0.0 0.0 0.0 0.0 0.0 0.0 0.0 0.0 0.0 0.0 0.7257722533044059 0.0 0.5504277404485552 0.1608924749285346 0.5545952754964437 0.0 0.0 0.0 0.0 0.0 0.0 0.0 0.0 0.0 0.0 0.0 0.1906641689990358 0.0 0.0 0.34950179676606385 0.25095855311018606 0.6237909673358962 0.0 0.0 0.0
a2nowscvbop9jc
does the uno have the knowledge for the blasts that occurred in india
0.0 0.0 0.0 0.0 0.0 0.0 0.09841859811451231 0.0 0.0 0.0 0.07921774634282162 0.2318089797456872 0.0 0.0 0.0 0.0 0.0 0.0 0.0 0.0 0.0 0.0 0.0 0.0 0.6699436184348362 0.0 0.5080871450294355 0.1485161307032627 0.5119341004582557 0.0 0.0 0.0 0.0 0.0 0.0 0.0 0.0 0.0 0.0 0.0 0.17599769446064842 0.09292880186613844 0.5271514653297881 0.32261704316867434 0.0 0.0 0.0 0.0 0.0
a1wrvfwizbd6rc
are these world organizations aware of the persecution of minorities in india
0.17551137948773554 0.0 0.4179500036689912 0.0 0.4769654251626984 0.13999029709963637 0.03554004931912944 0.0 0.0 0.0 0.08581922520472342 0.25112639472449444 0.0 0.639970635205976 0.0 0.0 0.0 0.0 0.0 0.0 0.0 0.0 0.0 0.0 0.0 0.0 0.0 0.0 0.0 0.0 0.0 0.2767590807587537 0.63422122924873 0.0 0.0 0.0 0.0 0.0 0.0 0.0 0.0 0.0 0.0 0.0 0.25095855311018606 0.0 0.0 0.0 0.0
a28sepseqw8vw
arent the world organizations aware of the persecution of minorities in india
0.0 0.0 0.4179500036689912 0.0 0.4769654251626984 0.13999029709963637 0.07108009863825888 0.0 0.0 0.0 0.08581922520472342 0.25112639472449444 0.0 0.639970635205976 0.0 0.0 0.0 0.0 0.0 0.0 0.0 0.0 0.0 0.0 0.0 0.0 0.0 0.0 0.0 0.0 0.6102477232110817 0.2767590807587537 0.63422122924873 0.0 0.0 0.0 0.0 0.0 0.0 0.0 0.0 0.0 0.0 0.0 0.0 0.0 0.0 0.0 0.0
a1dndzlo2d5d48
arent the world organizations aware of the persecution of minorities in india
0.0 0.0 0.4179500036689912 0.0 0.4769654251626984 0.13999029709963637 0.07108009863825888 0.0 0.0 0.0 0.08581922520472342 0.25112639472449444 0.0 0.639970635205976 0.0 0.0 0.0 0.0 0.0 0.0 0.0 0.0 0.0 0.0 0.0 0.0 0.0 0.0 0.0 0.0 0.6102477232110817 0.2767590807587537 0.63422122924873 0.0 0.0 0.0 0.0 0.0 0.0 0.0 0.0 0.0 0.0 0.0 0.0 0.0 0.0 0.0 0.0
a980evuaw8ya7
are international groups not aware of the tortures being done to the minorities in india
0.14040910359018843 0.0 0.0 0.14270849921582424 0.3815723401301587 0.05599611883985455 0.05686407891060711 0.0 0.24370481707307784 0.30677848337871655 0.06865538016377874 0.20090111577959557 0.0 0.5119765081647808 0.30634132334230596 0.0 0.0 0.0 0.0 0.0 0.0 0.0719916206474107 0.0 0.0 0.0 0.0 0.0 0.0 0.0 0.0 0.0 0.0 0.0 0.30634132334230596 0.476043408115935 0.0 0.0 0.0 0.0 0.0 0.0 0.0 0.0 0.0 0.0 0.0 0.0 0.0 0.0
ajh0yow6plss8
are international groups not aware of the tortures being done upon the minorities in india
0.14040910359018843 0.0 0.0 0.14270849921582424 0.3815723401301587 0.05599611883985455 0.05686407891060711 0.0 0.24370481707307784 0.30677848337871655 0.06865538016377874 0.20090111577959557 0.0 0.5119765081647808 0.30634132334230596 0.0 0.0 0.0 0.0 0.0 0.0 0.0 0.0 0.0 0.0 0.0 0.0 0.0 0.0 0.0 0.0 0.0 0.0 0.30634132334230596 0.476043408115935 0.0 0.0 0.0 0.0 0.0 0.0 0.0 0.0 0.0 0.0 0.0 0.34874057445697243 0.0 0.0
ajfwu2g6a1bhs
are international groups not aware of the tortures being committed on the minorities in india
0.14040910359018843 0.0 0.0 0.14270849921582424 0.3815723401301587 0.05599611883985455 0.05686407891060711 0.0 0.24370481707307784 0.0 0.06865538016377874 0.20090111577959557 0.0 0.5119765081647808 0.30634132334230596 0.0 0.0 0.4284589769317562 0.0 0.0 0.0 0.0 0.0 0.0 0.0 0.0 0.0 0.0 0.0 0.0 0.0 0.0 0.0 0.30634132334230596 0.476043408115935 0.12486718415838688 0.0 0.0 0.0 0.0 0.0 0.0 0.0 0.0 0.0 0.0 0.0 0.0 0.0
a3kgfvvjyor2nl
how the minorities are treated in india is not news to the world
0.1620105041425251 0.0 0.0 0.16466365294133567 0.0 0.0 0.0656123987430082 0.0 0.0 0.0 0.07921774634282162 0.2318089797456872 0.0 0.5907421248055162 0.0 0.0 0.0 0.0 0.0 0.0 0.0 0.08306725459316619 0.0 0.0 0.0 0.0 0.0 0.0 0.0 0.0 0.0 0.25546992070038804 0.0 0.0 0.0 0.0 0.30180333492088623 0.0 0.10052427067958664 0.0 0.0 0.0 0.0 0.0 0.0 0.0 0.0 0.4841040970270632 0.3253584674338557
