are you perhaps just waiting for it to end does the of this is not being awaited in reality they its real extermination take last breath that every one wait really going on finish waited diminish if ending true everyone their people be diminished recent years number chemical and herbal health supplements has greatly increased popularity a major which human growth hormone commonly known as hgh
are you perhaps just waiting for it to end
0.23401517265031405 0.35420068019895823 0.7312261482004003 0.5049059340602846 0.6682933176536445 0.21452329990471278 0.22501727078073616 0.11998603441235117 0.5244758881209551 0.0 0.0 0.0 0.0 0.0 0.0 0.0 0.0 0.0 0.0 0.0 0.0 0.0 0.0 0.0 0.0 0.0 0.0 0.0 0.0 0.0 0.0 0.0 0.0 0.0 0.0 0.0 0.0 0.0 0.0 0.0 0.0 0.0 0.0 0.0 0.0 0.0 0.0 0.0 0.0 0.0 0.0 0.0 0.0 0.0 0.0 0.0 0.0 0.0 0.0 0.0 0.0 0.0 0.0 0.0 0.0 0.0
does the end of this is not being awaited in reality
0.0 0.0 0.0 0.0 0.0 0.0 0.0 0.0 0.42911663573532693 0.38127468738116055 0.03877096289359576 0.07635834387252893 0.15577280757709272 0.11880141080314784 0.19460249893066942 0.3323247505541971 0.8750507065024569 0.09362097295060737 0.50670662033852 0.0 0.0 0.0 0.0 0.0 0.0 0.0 0.0 0.0 0.0 0.0 0.0 0.0 0.0 0.0 0.0 0.0 0.0 0.0 0.0 0.0 0.0 0.0 0.0 0.0 0.0 0.0 0.0 0.0 0.0 0.0 0.0 0.0 0.0 0.0 0.0 0.0 0.0 0.0 0.0 0.0 0.0 0.0 0.0 0.0 0.0 0.0
are they waiting for its real extermination
0.3008766505504038 0.0 0.0 0.0 0.8592342655546858 0.2758156713060593 0.0 0.0 0.0 0.0 0.0 0.0 0.0 0.0 0.0 0.0 0.0 0.0 0.0 0.36910125115202713 0.4734032803391587 0.7641273789301385 1.474100707440996 0.0 0.0 0.0 0.0 0.0 0.0 0.0 0.0 0.0 0.0 0.0 0.0 0.0 0.0 0.0 0.0 0.0 0.0 0.0 0.0 0.0 0.0 0.0 0.0 0.0 0.0 0.0 0.0 0.0 0.0 0.0 0.0 0.0 0.0 0.0 0.0 0.0 0.0 0.0 0.0 0.0 0.0 0.0
are you waiting for it to take its last breath
0.21061365538528265 0.3187806121790624 0.0 0.0 0.6014639858882801 0.1930709699142415 0.20251554370266253 0.10798743097111604 0.0 0.0 0.0 0.0 0.0 0.0 0.0 0.0 0.0 0.0 0.0 0.0 0.33138229623741106 0.0 0.0 0.38603666687421806 0.4049608668380709 1.0318704952086972 0.0 0.0 0.0 0.0 0.0 0.0 0.0 0.0 0.0 0.0 0.0 0.0 0.0 0.0 0.0 0.0 0.0 0.0 0.0 0.0 0.0 0.0 0.0 0.0 0.0 0.0 0.0 0.0 0.0 0.0 0.0 0.0 0.0 0.0 0.0 0.0 0.0 0.0 0.0 0.0
a1wyssw33m2fz2
is it for real that every one is waiting for its end
0.0 0.0 0.0 0.0 0.5012199882402334 0.3217849498570692 0.16876295308555211 0.0 0.3933569160907164 0.0 0.0 0.0 0.0 0.2178025864724377 0.0 0.0 0.0 0.0 0.0 0.0 0.2761519135311759 0.4457409710425808 0.0 0.0 0.0 0.0 0.10067286868831665 0.353040503475877 0.24424964275049418 0.0 0.0 0.0 0.0 0.0 0.0 0.0 0.0 0.0 0.0 0.0 0.0 0.0 0.0 0.0 0.0 0.0 0.0 0.0 0.0 0.0 0.0 0.0 0.0 0.0 0.0 0.0 0.0 0.0 0.0 0.0 0.0 0.0 0.0 0.0 0.0 0.0
a3dd3acpmvdvca
is the wait really going on for it to finish
0.0 0.0 0.0 0.0 0.0 0.1930709699142415 0.20251554370266253 0.10798743097111604 0.0 0.0 0.042648059182955333 0.0 0.0 0.13068155188346262 0.0 0.0 0.0 0.0 0.0 0.0 0.0 0.0 0.0 0.0 0.0 0.0 0.0 0.0 0.0 0.8016119859092925 0.5911985704822718 0.44550737764888737 0.18730077623758032 0.6763356890597556 0.0 0.0 0.0 0.0 0.0 0.0 0.0 0.0 0.0 0.0 0.0 0.0 0.0 0.0 0.0 0.0 0.0 0.0 0.0 0.0 0.0 0.0 0.0 0.0 0.0 0.0 0.0 0.0 0.0 0.0 0.0 0.0
a143bvgouf83je
is it really being waited to diminish
0.0 0.0 0.0 0.0 0.0 0.0 0.2893079195752322 0.15426775853016578 0.0 0.0 0.0 0.0 0.0 0.18668793126208946 0.0 0.5222246080137383 0.0 0.0 0.0 0.0 0.0 0.0 0.0 0.0 0.0 0.0 0.0 0.0 0.0 0.0 0.8445693864032454 0.0 0.0 0.0 1.2441810056646958 1.317156094774123 0.0 0.0 0.0 0.0 0.0 0.0 0.0 0.0 0.0 0.0 0.0 0.0 0.0 0.0 0.0 0.0 0.0 0.0 0.0 0.0 0.0 0.0 0.0 0.0 0.0 0.0 0.0 0.0 0.0 0.0
a1u0z1mafqeh9y
if that really awaited for its ending
0.0 0.0 0.0 0.0 0.0 0.2758156713060593 0.0 0.0 0.0 0.0 0.0 0.0 0.0 0.0 0.0 0.0 1.375079681646718 0.0 0.0 0.0 0.4734032803391587 0.0 0.0 0.0 0.0 0.0 0.17258206060854284 0.0 0.0 0.0 0.8445693864032454 0.0 0.0 0.0 0.0 0.0 0.43127251218983 1.04613895407614 0.0 0.0 0.0 0.0 0.0 0.0 0.0 0.0 0.0 0.0 0.0 0.0 0.0 0.0 0.0 0.0 0.0 0.0 0.0 0.0 0.0 0.0 0.0 0.0 0.0 0.0 0.0 0.0
ah8lf01ktxfg0
is it true that everyone is waiting for their end
0.0 0.0 0.0 0.0 0.6014639858882801 0.1930709699142415 0.20251554370266253 0.0 0.47202829930885964 0.0 0.0 0.0 0.0 0.26136310376692523 0.0 0.0 0.0 0.0 0.0 0.0 0.0 0.0 0.0 0.0 0.0 0.0 0.12080744242597999 0.0 0.0 0.0 0.0 0.0 0.0 0.0 0.0 0.0 0.0 0.0 0.48893593231325305 0.5807845445570121 0.29772210997238097 0.0 0.0 0.0 0.0 0.0 0.0 0.0 0.0 0.0 0.0 0.0 0.0 0.0 0.0 0.0 0.0 0.0 0.0 0.0 0.0 0.0 0.0 0.0 0.0 0.0
a1395pss402i1j
is it true that every one is waiting for its end
0.0 0.0 0.0 0.0 0.5467854417166182 0.17551906355840138 0.18410503972969322 0.0 0.42911663573532693 0.0 0.0 0.0 0.0 0.23760282160629567 0.0 0.0 0.0 0.0 0.0 0.0 0.30125663294310095 0.0 0.0 0.0 0.0 0.0 0.1098249476599818 0.38513509470095675 0.26645415572781184 0.0 0.0 0.0 0.0 0.0 0.0 0.0 0.0 0.0 0.4444872111938664 0.0 0.0 0.0 0.0 0.0 0.0 0.0 0.0 0.0 0.0 0.0 0.0 0.0 0.0 0.0 0.0 0.0 0.0 0.0 0.0 0.0 0.0 0.0 0.0 0.0 0.0 0.0
a2blrglxnlm1uq
is it for real that every one is waiting for it to end
0.0 0.0 0.0 0.0 0.46266460452944624 0.2970322614065254 0.31156237492717315 0.08306725459316619 0.36309869177604587 0.0 0.0 0.0 0.0 0.20104854135917327 0.0 0.0 0.0 0.0 0.0 0.0 0.0 0.41145320403930535 0.0 0.0 0.0 0.0 0.09292880186613844 0.3258835416700403 0.22546120869276384 0.0 0.0 0.0 0.0 0.0 0.0 0.0 0.0 0.0 0.0 0.0 0.0 0.0 0.0 0.0 0.0 0.0 0.0 0.0 0.0 0.0 0.0 0.0 0.0 0.0 0.0 0.0 0.0 0.0 0.0 0.0 0.0 0.0 0.0 0.0 0.0 0.0
a2bk4fasw056jr
is the wait really going on for it to finish
0.0 0.0 0.0 0.0 0.0 0.1930709699142415 0.20251554370266253 0.10798743097111604 0.0 0.0 0.042648059182955333 0.0 0.0 0.13068155188346262 0.0 0.0 0.0 0.0 0.0 0.0 0.0 0.0 0.0 0.0 0.0 0.0 0.0 0.0 0.0 0.8016119859092925 0.5911985704822718 0.44550737764888737 0.18730077623758032 0.6763356890597556 0.0 0.0 0.0 0.0 0.0 0.0 0.0 0.0 0.0 0.0 0.0 0.0 0.0 0.0 0.0 0.0 0.0 0.0 0.0 0.0 0.0 0.0 0.0 0.0 0.0 0.0 0.0 0.0 0.0 0.0 0.0 0.0
a20ubr5wdkookg
is the wait really going on for it to finish
0.0 0.0 0.0 0.0 0.0 0.1930709699142415 0.20251554370266253 0.10798743097111604 0.0 0.0 0.042648059182955333 0.0 0.0 0.13068155188346262 0.0 0.0 0.0 0.0 0.0 0.0 0.0 0.0 0.0 0.0 0.0 0.0 0.0 0.0 0.0 0.8016119859092925 0.5911985704822718 0.44550737764888737 0.18730077623758032 0.6763356890597556 0.0 0.0 0.0 0.0 0.0 0.0 0.0 0.0 0.0 0.0 0.0 0.0 0.0 0.0 0.0 0.0 0.0 0.0 0.0 0.0 0.0 0.0 0.0 0.0 0.0 0.0 0.0 0.0 0.0 0.0 0.0 0.0
a330jjzgjl7ig2
are people really waiting for it to finish
0.2632670692316033 0.0 0.0 0.0 0.7518299823603501 0.24133871239280189 0.25314442962832817 0.13498428871389506 0.0 0.0 0.0 0.0 0.0 0.0 0.0 0.0 0.0 0.0 0.0 0.0 0.0 0.0 0.0 0.0 0.0 0.0 0.0 0.0 0.0 0.0 0.7389982131028398 0.0 0.0 0.8454196113246946 0.0 0.0 0.0 0.0 0.0 0.0 0.0 0.33835781906331924 0.0 0.0 0.0 0.0 0.0 0.0 0.0 0.0 0.0 0.0 0.0 0.0 0.0 0.0 0.0 0.0 0.0 0.0 0.0 0.0 0.0 0.0 0.0 0.0
a1c0lbe9vl3ax
is it really being waited to diminish
0.0 0.0 0.0 0.0 0.0 0.0 0.2893079195752322 0.15426775853016578 0.0 0.0 0.0 0.0 0.0 0.18668793126208946 0.0 0.5222246080137383 0.0 0.0 0.0 0.0 0.0 0.0 0.0 0.0 0.0 0.0 0.0 0.0 0.0 0.0 0.8445693864032454 0.0 0.0 0.0 1.2441810056646958 1.317156094774123 0.0 0.0 0.0 0.0 0.0 0.0 0.0 0.0 0.0 0.0 0.0 0.0 0.0 0.0 0.0 0.0 0.0 0.0 0.0 0.0 0.0 0.0 0.0 0.0 0.0 0.0 0.0 0.0 0.0 0.0
a19owlempkubdw
is it really being waited to be diminished
0.0 0.0 0.0 0.0 0.0 0.0 0.25314442962832817 0.13498428871389506 0.0 0.0 0.0 0.0 0.0 0.16335193985432828 0.0 0.45694653201202096 0.0 0.0 0.0 0.0 0.0 0.0 0.0 0.0 0.0 0.0 0.0 0.0 0.0 0.0 0.7389982131028398 0.0 0.0 0.0 1.0886583799566087 0.0 0.0 0.0 0.0 0.0 0.0 0.0 0.2683528682448938 1.116551323870885 0.0 0.0 0.0 0.0 0.0 0.0 0.0 0.0 0.0 0.0 0.0 0.0 0.0 0.0 0.0 0.0 0.0 0.0 0.0 0.0 0.0 0.0
ajfwu2g6a1bhs
is it really being waited to diminish
0.0 0.0 0.0 0.0 0.0 0.0 0.2893079195752322 0.15426775853016578 0.0 0.0 0.0 0.0 0.0 0.18668793126208946 0.0 0.5222246080137383 0.0 0.0 0.0 0.0 0.0 0.0 0.0 0.0 0.0 0.0 0.0 0.0 0.0 0.0 0.8445693864032454 0.0 0.0 0.0 1.2441810056646958 1.317156094774123 0.0 0.0 0.0 0.0 0.0 0.0 0.0 0.0 0.0 0.0 0.0 0.0 0.0 0.0 0.0 0.0 0.0 0.0 0.0 0.0 0.0 0.0 0.0 0.0 0.0 0.0 0.0 0.0 0.0 0.0
amd40d0gc1l4r
in recent years the number of chemical and herbal health supplements has greatly increased in popularity a major one of which is human growth hormone commonly known as hgh
0.0 0.0 0.0 0.0 0.0 0.0 0.0 0.0 0.0 0.0 0.014706227304467356 0.05792701948950471 0.0 0.045062604097745734 0.0 0.0 0.0 0.07102280706597801 0.0 0.0 0.0 0.0 0.0 0.0 0.0 0.0 0.0 0.0 0.10106881768985966 0.0 0.0 0.0 0.0 0.0 0.0 0.0 0.0 0.0 0.0 0.0 0.0 0.0 0.0 0.0 0.19701844021030618 0.14214692497560172 0.1570177189414526 0.23853474380775225 0.03427465654490662 0.24216786503733245 0.1980687577097789 0.24216786503733245 0.07078612475624908 0.2216167122060808 0.17046298428975193 0.21463311689189207 0.04889252921281874 0.20648177971726342 0.10398396209828174 0.15333059181419154 0.24091380834178508 0.24216786503733245 0.24482169404202656 0.1816844463737046 0.09087245762183258 0.24216786503733245
