governmental institutions are stating their position by hurling accusations at each other about the issue in this connection government departments giving point of view blaming have been defending themselves accusing governement organizations explaining stand to express department playing a blame game on institutes showing openions one another expressing opinion positions for respective stances explain leaders pointing fingers instead fixing problems opinions
governmental institutions are stating their position by hurling accusations at each other about the issue
0.5169170396416957 0.3504073279373336 0.14040910359018843 0.49522221294605373 0.19848140664825398 0.3671013731143036 0.16636395076009652 0.6417038514351351 0.44034219235884414 0.206506656926965 0.35125659632249556 0.22257526743501382 0.20773625037091556 0.028432039455303555 0.33239907725477347 0.0 0.0 0.0 0.0 0.0 0.0 0.0 0.0 0.0 0.0 0.0 0.0 0.0 0.0 0.0 0.0 0.0 0.0 0.0 0.0 0.0 0.0 0.0 0.0 0.0 0.0 0.0 0.0 0.0 0.0 0.0 0.0 0.0 0.0 0.0 0.0 0.0 0.0 0.0 0.0 0.0 0.0 0.0 0.0 0.0 0.0
in this connection the government departments are giving their point of view by blaming each other
0.0 0.0 0.13163353461580166 0.0 0.1860763187327381 0.0 0.1559662038375905 0.0 0.0 0.0 0.3293030590523396 0.20866431322032547 0.0 0.026655036989347083 0.0 0.06436441890354257 0.10709380520925124 0.41923668996517166 0.18717964911779086 0.40840720738554437 0.3289036966711664 0.3343057282819356 0.05249636141236364 0.3273312866939067 0.4128208053364164 0.0 0.0 0.0 0.0 0.0 0.0 0.0 0.0 0.0 0.0 0.0 0.0 0.0 0.0 0.0 0.0 0.0 0.0 0.0 0.0 0.0 0.0 0.0 0.0 0.0 0.0 0.0 0.0 0.0 0.0 0.0 0.0 0.0 0.0 0.0 0.0
the government institutions have been defending themselves by accusing each other
0.0 0.4778281744600003 0.0 0.0 0.0 0.0 0.2268599328546771 0.0 0.0 0.0 0.4789862677124939 0.3035117283204734 0.0 0.03877096289359576 0.0 0.0 0.0 0.0 0.2722613078076958 0.0 0.0 0.0 0.0 0.0 0.0 0.2079972752716754 0.26770028115789185 0.6229971862988404 0.5185076759314283 0.6229971862988404 0.0 0.0 0.0 0.0 0.0 0.0 0.0 0.0 0.0 0.0 0.0 0.0 0.0 0.0 0.0 0.0 0.0 0.0 0.0 0.0 0.0 0.0 0.0 0.0 0.0 0.0 0.0 0.0 0.0 0.0 0.0
governement organizations are explaining their stand by blaming each other
0.0 0.0 0.21061365538528265 0.0 0.29772210997238097 0.0 0.24954592614014479 0.0 0.0 0.0 0.5268848944837433 0.33386290115252076 0.0 0.0 0.0 0.0 0.0 0.0 0.0 0.0 0.0 0.0 0.0 0.0 0.6605132885382663 0.0 0.0 0.0 0.0 0.0 0.9220092663418861 0.5015400044027895 1.0318704952086972 0.6144317682191334 0.0 0.0 0.0 0.0 0.0 0.0 0.0 0.0 0.0 0.0 0.0 0.0 0.0 0.0 0.0 0.0 0.0 0.0 0.0 0.0 0.0 0.0 0.0 0.0 0.0 0.0 0.0
a3dd3acpmvdvca
the government institutions are blaming each other to express their stand
0.0 0.4778281744600003 0.19146695944116604 0.0 0.27065646361125545 0.0 0.0 0.0 0.0 0.0 0.4789862677124939 0.3035117283204734 0.0 0.03877096289359576 0.0 0.0 0.0 0.0 0.2722613078076958 0.0 0.0 0.0 0.0 0.0 0.6004666259438785 0.0 0.0 0.0 0.0 0.0 0.0 0.0 0.0 0.5585743347446667 0.09817039179192368 0.5880506682160829 0.0 0.0 0.0 0.0 0.0 0.0 0.0 0.0 0.0 0.0 0.0 0.0 0.0 0.0 0.0 0.0 0.0 0.0 0.0 0.0 0.0 0.0 0.0 0.0 0.0
a3fq8i38xt2b4z
government department are playing a blame game on each other
0.0 0.0 0.21061365538528265 0.0 0.0 0.0 0.0 0.0 0.0 0.0 0.5268848944837433 0.33386290115252076 0.0 0.0 0.0 0.0 0.0 0.0 0.2994874385884654 0.0 0.0 0.0 0.0 0.0 0.0 0.0 0.0 0.0 0.0 0.0 0.0 0.0 0.0 0.0 0.0 0.0 0.653451531816871 0.6386879319362645 0.14178833471717434 0.6241167508181251 0.5733737473416399 0.18730077623758032 0.0 0.0 0.0 0.0 0.0 0.0 0.0 0.0 0.0 0.0 0.0 0.0 0.0 0.0 0.0 0.0 0.0 0.0 0.0
a353ocl6lm6m4o
government institutes are showing their openions by blaming one another
0.0 0.0 0.21061365538528265 0.0 0.29772210997238097 0.0 0.24954592614014479 0.0 0.0 0.0 0.0 0.0 0.0 0.0 0.0 0.0 0.0 0.0 0.2994874385884654 0.0 0.0 0.0 0.0 0.0 0.6605132885382663 0.0 0.0 0.0 0.0 0.0 0.0 0.0 0.0 0.0 0.0 0.0 0.0 0.0 0.0 0.0 0.0 0.0 0.6114012332696005 0.6490063555597876 1.0318704952086972 0.293099571300593 0.48591194379428115 0.0 0.0 0.0 0.0 0.0 0.0 0.0 0.0 0.0 0.0 0.0 0.0 0.0 0.0
a8v7wa74iohz9
government institutions are expressing their opinion by blaming each other
0.0 0.5256109919060004 0.21061365538528265 0.0 0.29772210997238097 0.0 0.24954592614014479 0.0 0.0 0.0 0.5268848944837433 0.33386290115252076 0.0 0.0 0.0 0.0 0.0 0.0 0.2994874385884654 0.0 0.0 0.0 0.0 0.0 0.6605132885382663 0.0 0.0 0.0 0.0 0.0 0.0 0.0 0.0 0.0 0.0 0.0 0.0 0.0 0.0 0.0 0.0 0.0 0.0 0.0 0.0 0.0 0.0 0.6581035333803602 0.4295257359125938 0.0 0.0 0.0 0.0 0.0 0.0 0.0 0.0 0.0 0.0 0.0 0.0
a1dndzlo2d5d48
the government institutions are blaming each other to express their positions
0.0 0.4778281744600003 0.19146695944116604 0.0 0.27065646361125545 0.0 0.0 0.0 0.0 0.0 0.4789862677124939 0.3035117283204734 0.0 0.03877096289359576 0.0 0.0 0.0 0.0 0.2722613078076958 0.0 0.0 0.0 0.0 0.0 0.6004666259438785 0.0 0.0 0.0 0.0 0.0 0.0 0.0 0.0 0.0 0.09817039179192368 0.5880506682160829 0.0 0.0 0.0 0.0 0.0 0.0 0.0 0.0 0.0 0.0 0.0 0.0 0.0 0.7121634820271792 0.0 0.0 0.0 0.0 0.0 0.0 0.0 0.0 0.0 0.0 0.0
a3odrygim0wb3t
the government institutions are blaming each other for expressing their respective stances
0.0 0.43800915992166695 0.17551137948773554 0.0 0.24810175831031747 0.0 0.0 0.0 0.0 0.0 0.43907074540311947 0.2782190842937673 0.0 0.03554004931912944 0.0 0.0 0.0 0.0 0.24957286549038782 0.0 0.0 0.0 0.0 0.0 0.5504277404485552 0.0 0.0 0.0 0.0 0.0 0.0 0.0 0.0 0.0 0.0 0.0 0.0 0.0 0.0 0.0 0.0 0.0 0.0 0.0 0.0 0.0 0.0 0.5484196111503002 0.0 0.0 0.1608924749285346 0.7257722533044059 0.768341055284905 0.0 0.0 0.0 0.0 0.0 0.0 0.0 0.0
a6tw9zegog7ph
the government institutions are blaming each other to explain their stances
0.0 0.4778281744600003 0.19146695944116604 0.0 0.27065646361125545 0.0 0.0 0.0 0.0 0.0 0.4789862677124939 0.3035117283204734 0.0 0.03877096289359576 0.0 0.0 0.0 0.0 0.2722613078076958 0.0 0.0 0.0 0.0 0.0 0.6004666259438785 0.0 0.0 0.0 0.0 0.0 0.0 0.0 0.0 0.0 0.09817039179192368 0.0 0.0 0.0 0.0 0.0 0.0 0.0 0.0 0.0 0.0 0.0 0.0 0.0 0.0 0.0 0.0 0.0 0.8381902421289873 0.7287381690084477 0.0 0.0 0.0 0.0 0.0 0.0 0.0
a2scjh3oqhuw2a
government departments are playing a blame game on each other
0.0 0.0 0.21061365538528265 0.0 0.0 0.0 0.0 0.0 0.0 0.0 0.5268848944837433 0.33386290115252076 0.0 0.0 0.0 0.0 0.0 0.0 0.2994874385884654 0.653451531816871 0.0 0.0 0.0 0.0 0.0 0.0 0.0 0.0 0.0 0.0 0.0 0.0 0.0 0.0 0.0 0.0 0.0 0.6386879319362645 0.14178833471717434 0.6241167508181251 0.5733737473416399 0.18730077623758032 0.0 0.0 0.0 0.0 0.0 0.0 0.0 0.0 0.0 0.0 0.0 0.0 0.0 0.0 0.0 0.0 0.0 0.0 0.0
a2oe085okcwole
government departments are playing a blame game on each other
0.0 0.0 0.21061365538528265 0.0 0.0 0.0 0.0 0.0 0.0 0.0 0.5268848944837433 0.33386290115252076 0.0 0.0 0.0 0.0 0.0 0.0 0.2994874385884654 0.653451531816871 0.0 0.0 0.0 0.0 0.0 0.0 0.0 0.0 0.0 0.0 0.0 0.0 0.0 0.0 0.0 0.0 0.0 0.6386879319362645 0.14178833471717434 0.6241167508181251 0.5733737473416399 0.18730077623758032 0.0 0.0 0.0 0.0 0.0 0.0 0.0 0.0 0.0 0.0 0.0 0.0 0.0 0.0 0.0 0.0 0.0 0.0 0.0
a330jjzgjl7ig2
government departments are playing a blame game on each other
0.0 0.0 0.21061365538528265 0.0 0.0 0.0 0.0 0.0 0.0 0.0 0.5268848944837433 0.33386290115252076 0.0 0.0 0.0 0.0 0.0 0.0 0.2994874385884654 0.653451531816871 0.0 0.0 0.0 0.0 0.0 0.0 0.0 0.0 0.0 0.0 0.0 0.0 0.0 0.0 0.0 0.0 0.0 0.6386879319362645 0.14178833471717434 0.6241167508181251 0.5733737473416399 0.18730077623758032 0.0 0.0 0.0 0.0 0.0 0.0 0.0 0.0 0.0 0.0 0.0 0.0 0.0 0.0 0.0 0.0 0.0 0.0 0.0
a2190f96xfy41l
government leaders are pointing fingers at each other blaming one another instead of fixing the problems
0.0 0.0 0.13163353461580166 0.0 0.0 0.0 0.0 0.0 0.0 0.19359999086902968 0.3293030590523396 0.20866431322032547 0.0 0.026655036989347083 0.0 0.0 0.0 0.0 0.18717964911779086 0.0 0.0 0.0 0.05249636141236364 0.0 0.4128208053364164 0.0 0.0 0.0 0.0 0.0 0.0 0.0 0.0 0.0 0.0 0.0 0.0 0.0 0.0 0.0 0.0 0.0 0.0 0.0 0.0 0.18318723206287063 0.3036949648714257 0.0 0.0 0.0 0.0 0.0 0.0 0.0 0.27515643059247097 0.6449190595054357 0.5443291899783044 0.3273312866939067 0.5582756619354425 0.29252189267207657 0.0
a3c1u2evw0nuff
government institutes are blaming each other
0.0 0.0 0.3510227589754711 0.0 0.0 0.0 0.0 0.0 0.0 0.0 0.8781414908062389 0.5564381685875346 0.0 0.0 0.0 0.0 0.0 0.0 0.49914573098077564 0.0 0.0 0.0 0.0 0.0 1.1008554808971105 0.0 0.0 0.0 0.0 0.0 0.0 0.0 0.0 0.0 0.0 0.0 0.0 0.0 0.0 0.0 0.0 0.0 1.0190020554493342 0.0 0.0 0.0 0.0 0.0 0.0 0.0 0.0 0.0 0.0 0.0 0.0 0.0 0.0 0.0 0.0 0.0 0.0
a2epq8pt6mk3tp
government institutes are showing their opinions by blaming one another
0.0 0.0 0.21061365538528265 0.0 0.29772210997238097 0.0 0.24954592614014479 0.0 0.0 0.0 0.0 0.0 0.0 0.0 0.0 0.0 0.0 0.0 0.2994874385884654 0.0 0.0 0.0 0.0 0.0 0.6605132885382663 0.0 0.0 0.0 0.0 0.0 0.0 0.0 0.0 0.0 0.0 0.0 0.0 0.0 0.0 0.0 0.0 0.0 0.6114012332696005 0.6490063555597876 0.0 0.293099571300593 0.48591194379428115 0.0 0.0 0.0 0.0 0.0 0.0 0.0 0.0 0.0 0.0 0.0 0.0 0.0 0.6792344427470809
aonmraht4motn
government institutions are expressing their opinion by blaming each other
0.0 0.5256109919060004 0.21061365538528265 0.0 0.29772210997238097 0.0 0.24954592614014479 0.0 0.0 0.0 0.5268848944837433 0.33386290115252076 0.0 0.0 0.0 0.0 0.0 0.0 0.2994874385884654 0.0 0.0 0.0 0.0 0.0 0.6605132885382663 0.0 0.0 0.0 0.0 0.0 0.0 0.0 0.0 0.0 0.0 0.0 0.0 0.0 0.0 0.0 0.0 0.0 0.0 0.0 0.0 0.0 0.0 0.6581035333803602 0.4295257359125938 0.0 0.0 0.0 0.0 0.0 0.0 0.0 0.0 0.0 0.0 0.0 0.0
