at times there is noise silence sometimes they make and keep calm noisy are quiet it sound silent loudly silently very often quite noisily never ever can be the rain comes
at times there is noise at times silence
0.7743999634761187 1.435998493395897 0.35799812534037123 0.16335193985432828 0.8689261402625621 0.7287585727943539 0.0 0.0 0.0 0.0 0.0 0.0 0.0 0.0 0.0 0.0 0.0 0.0 0.0 0.0 0.0 0.0 0.0 0.0 0.0 0.0 0.0 0.0 0.0 0.0 0.0
sometimes they make noise and sometimes keep calm
0.0 0.0 0.0 0.0 0.8689261402625621 0.0 1.3828033023262312 0.3229635947580237 0.5699753972762113 0.12424562997528649 0.6523548155328466 1.0886583799566087 0.0 0.0 0.0 0.0 0.0 0.0 0.0 0.0 0.0 0.0 0.0 0.0 0.0 0.0 0.0 0.0 0.0 0.0 0.0
noisy they are and quiet sometimes
0.0 0.0 0.0 0.0 0.0 0.0 0.9218688682174875 0.4306181263440316 0.0 0.16566083996704864 0.0 0.0 1.4515445066088117 0.3510227589754711 1.0745839901965133 0.0 0.0 0.0 0.0 0.0 0.0 0.0 0.0 0.0 0.0 0.0 0.0 0.0 0.0 0.0 0.0
sometimes it is sound and sometimes it is silent
0.0 0.0 0.0 0.29040344862991696 0.0 0.0 1.22915849095665 0.0 0.0 0.11044055997803243 0.0 0.0 0.0 0.0 0.0 0.4500345415614723 0.83845735887191 0.7163893267976755 0.0 0.0 0.0 0.0 0.0 0.0 0.0 0.0 0.0 0.0 0.0 0.0 0.0
a3dd3acpmvdvca
sometimes loudly sometimes silently
0.0 0.0 0.0 0.0 0.0 0.0 2.7656066046524623 0.0 0.0 0.0 0.0 0.0 0.0 0.0 0.0 0.0 0.0 0.0 2.1317363707147288 2.0931987007579145 0.0 0.0 0.0 0.0 0.0 0.0 0.0 0.0 0.0 0.0 0.0
a143bvgouf83je
sometimes very noisy and sometimes very quiet
0.0 0.0 0.0 0.0 0.0 0.0 1.5803466312299785 0.0 0.0 0.1419950056860417 0.0 0.0 1.2441810056646958 0.0 0.9210719915970114 0.0 0.0 0.0 0.0 0.0 1.184262528052867 0.0 0.0 0.0 0.0 0.0 0.0 0.0 0.0 0.0 0.0
a172x4w90uost1
often quite noisily often silently
0.0 0.0 0.0 0.0 0.0 0.0 0.0 0.0 0.0 0.0 0.0 0.0 0.0 0.0 0.0 0.0 0.0 0.0 0.0 1.6745589606063316 0.0 2.7538870990407296 1.3259650995946068 1.786482118193416 0.0 0.0 0.0 0.0 0.0 0.0 0.0
a1aczgd5azz3r7
noise never ever can be the silence
0.0 0.0 0.0 0.0 0.9930584460143567 0.8328669403364044 0.0 0.0 0.0 0.0 0.0 0.0 0.0 0.0 0.0 0.0 0.0 0.0 0.0 0.0 0.0 0.0 0.0 0.0 0.6813755524559645 0.7765575756429428 0.45023815359639296 0.3066889922798786 0.06092579883279333 0.0 0.0
a143awku99stc9
sometimes loudly sometimes silently
0.0 0.0 0.0 0.0 0.0 0.0 2.7656066046524623 0.0 0.0 0.0 0.0 0.0 0.0 0.0 0.0 0.0 0.0 0.0 2.1317363707147288 2.0931987007579145 0.0 0.0 0.0 0.0 0.0 0.0 0.0 0.0 0.0 0.0 0.0
a1wgq344wqriu5
sometimes loudly sometimes silently
0.0 0.0 0.0 0.0 0.0 0.0 2.7656066046524623 0.0 0.0 0.0 0.0 0.0 0.0 0.0 0.0 0.0 0.0 0.0 2.1317363707147288 2.0931987007579145 0.0 0.0 0.0 0.0 0.0 0.0 0.0 0.0 0.0 0.0 0.0
a1dndzlo2d5d48
sometimes loudly sometimes silently
0.0 0.0 0.0 0.0 0.0 0.0 2.7656066046524623 0.0 0.0 0.0 0.0 0.0 0.0 0.0 0.0 0.0 0.0 0.0 2.1317363707147288 2.0931987007579145 0.0 0.0 0.0 0.0 0.0 0.0 0.0 0.0 0.0 0.0 0.0
a3andctf0w1pqd
sometimes it is very noisy and sometimes it is very quiet
0.0 0.0 0.0 0.23760282160629567 0.0 0.0 1.0056751289645318 0.0 0.0 0.09036045816384472 0.0 0.0 0.7917515490593519 0.0 0.5861367219253709 0.36821007945938644 0.0 0.0 0.0 0.0 0.7536216087609152 0.0 0.0 0.0 0.0 0.0 0.0 0.0 0.0 0.0 0.0
a6tw9zegog7ph
sometimes very noisy and sometimes very quiet
0.0 0.0 0.0 0.0 0.0 0.0 1.5803466312299785 0.0 0.0 0.1419950056860417 0.0 0.0 1.2441810056646958 0.0 0.9210719915970114 0.0 0.0 0.0 0.0 0.0 1.184262528052867 0.0 0.0 0.0 0.0 0.0 0.0 0.0 0.0 0.0 0.0
a2qxd8jqk5bvez
sometimes very noisy and sometimes very quiet
0.0 0.0 0.0 0.0 0.0 0.0 1.5803466312299785 0.0 0.0 0.1419950056860417 0.0 0.0 1.2441810056646958 0.0 0.9210719915970114 0.0 0.0 0.0 0.0 0.0 1.184262528052867 0.0 0.0 0.0 0.0 0.0 0.0 0.0 0.0 0.0 0.0
a330jjzgjl7ig2
sometimes quite noisily often silently
0.0 0.0 0.0 0.0 0.0 0.0 1.106242641860985 0.0 0.0 0.0 0.0 0.0 0.0 0.0 0.0 0.0 0.0 0.0 0.0 1.6745589606063316 0.0 1.3769435495203648 1.3259650995946068 1.786482118193416 0.0 0.0 0.0 0.0 0.0 0.0 0.0
a2zhr3rebfem5a
often the rain comes noisily and often it is silent
0.0 0.0 0.0 0.13068155188346262 0.0 0.0 0.0 0.0 0.0 0.09939650398022919 0.0 0.0 0.0 0.0 0.0 0.20251554370266253 0.0 0.644750394117908 0.0 0.0 0.0 1.3769435495203648 0.0 0.893241059096708 0.0 0.0 0.0 0.0 0.042648059182955333 0.7274182514363547 0.5498423386481934
a230hf2okthmdz
often noisily often silently
0.0 0.0 0.0 0.0 0.0 0.0 0.0 0.0 0.0 0.0 0.0 0.0 0.0 0.0 0.0 0.0 0.0 0.0 0.0 2.0931987007579145 0.0 3.442358873800912 0.0 2.23310264774177 0.0 0.0 0.0 0.0 0.0 0.0 0.0
aonmraht4motn
noise never ever can be the silence
0.0 0.0 0.0 0.0 0.9930584460143567 0.8328669403364044 0.0 0.0 0.0 0.0 0.0 0.0 0.0 0.0 0.0 0.0 0.0 0.0 0.0 0.0 0.0 0.0 0.0 0.0 0.6813755524559645 0.7765575756429428 0.45023815359639296 0.3066889922798786 0.06092579883279333 0.0 0.0
