is there hope for success in bringing an end to terrorism any of advancement the elimination some progress towards do you see initiative being taken stop moving eradication a development eliminating it possible predict threatening fast results quick fix
is there hope for success in bringing an end to terrorism
0.11880141080314784 0.26036227297481546 0.5091096437083524 0.17551906355840138 0.5571863827327769 0.09362097295060737 0.5961368033084917 0.26821502416141724 0.42911663573532693 0.09817039179192368 0.3629595889938065 0.0 0.0 0.0 0.0 0.0 0.0 0.0 0.0 0.0 0.0 0.0 0.0 0.0 0.0 0.0 0.0 0.0 0.0 0.0 0.0 0.0 0.0 0.0 0.0 0.0 0.0 0.0 0.0
is there any hope of advancement for the elimination of terrorism
0.11880141080314784 0.26036227297481546 0.5091096437083524 0.17551906355840138 0.0 0.0 0.0 0.0 0.0 0.0 0.3629595889938065 0.3221217146500526 0.15271668774505787 0.8381902421289873 0.03877096289359576 0.7383163977046138 0.0 0.0 0.0 0.0 0.0 0.0 0.0 0.0 0.0 0.0 0.0 0.0 0.0 0.0 0.0 0.0 0.0 0.0 0.0 0.0 0.0 0.0 0.0
is there any hope of some progress towards the end of terrorism
0.10890129323621885 0.2386654168935808 0.4666838400659897 0.0 0.0 0.0 0.0 0.0 0.3933569160907164 0.0 0.3327129565776559 0.2952782384292149 0.13999029709963637 0.0 0.03554004931912944 0.0 0.3313819611138183 0.5186966991554058 0.4213345635985071 0.0 0.0 0.0 0.0 0.0 0.0 0.0 0.0 0.0 0.0 0.0 0.0 0.0 0.0 0.0 0.0 0.0 0.0 0.0 0.0
do you see any initiative being taken to stop terrorism
0.0 0.0 0.0 0.0 0.0 0.0 0.0 0.0 0.0 0.10798743097111604 0.3992555478931871 0.3543338861150579 0.0 0.0 0.0 0.0 0.0 0.0 0.0 0.3237837055396189 0.3187806121790624 0.4480974504921031 0.732297267853298 0.3655572256096168 0.43448953402177093 0.46082779347121006 0.0 0.0 0.0 0.0 0.0 0.0 0.0 0.0 0.0 0.0 0.0 0.0 0.0
a3dd3acpmvdvca
is there any hope of moving towards eradication of terrorism
0.13068155188346262 0.28639850027229696 0.5600206080791876 0.0 0.0 0.0 0.0 0.0 0.0 0.0 0.3992555478931871 0.3543338861150579 0.16798835651956365 0.0 0.0 0.0 0.0 0.0 0.5056014763182085 0.0 0.0 0.0 0.0 0.0 0.0 0.0 0.7227662498728654 0.893241059096708 0.0 0.0 0.0 0.0 0.0 0.0 0.0 0.0 0.0 0.0 0.0
a143bvgouf83je
is there a hope of a development towards eliminating terrorism
0.13068155188346262 0.28639850027229696 0.5600206080791876 0.0 0.0 0.0 0.0 0.0 0.0 0.0 0.3992555478931871 0.0 0.08399417825978182 0.0 0.0 0.0 0.0 0.0 0.5056014763182085 0.0 0.0 0.0 0.0 0.0 0.0 0.0 0.0 0.0 0.28357666943434867 0.5582506503692476 0.7140651121739026 0.0 0.0 0.0 0.0 0.0 0.0 0.0 0.0
a172x4w90uost1
is it possible to predict an end to the threatening terrorism
0.11880141080314784 0.0 0.0 0.0 0.0 0.0 0.0 0.26821502416141724 0.42911663573532693 0.19634078358384735 0.3629595889938065 0.0 0.0 0.0 0.03877096289359576 0.0 0.0 0.0 0.0 0.0 0.0 0.0 0.0 0.0 0.0 0.0 0.0 0.0 0.0 0.0 0.0 0.18410503972969322 0.43982418443136173 0.7287381690084477 0.6229971862988404 0.0 0.0 0.0 0.0
a2i57ww1b3evwx
is there any fast results in end of terrorism
0.14520172431495848 0.31822055585810777 0.0 0.0 0.0 0.1144256336062979 0.0 0.0 0.5244758881209551 0.0 0.44361727543687457 0.3937043179056199 0.09332686473309092 0.0 0.0 0.0 0.0 0.0 0.0 0.0 0.0 0.0 0.0 0.0 0.0 0.0 0.0 0.0 0.0 0.0 0.0 0.0 0.0 0.0 0.0 0.793405680193225 0.6453161606189023 0.0 0.0
a2sb2bw2w4t4ww
is there any hope of moving towards the eradication of terrorism
0.11880141080314784 0.26036227297481546 0.5091096437083524 0.0 0.0 0.0 0.0 0.0 0.0 0.0 0.3629595889938065 0.3221217146500526 0.15271668774505787 0.0 0.03877096289359576 0.0 0.0 0.0 0.4596377057438259 0.0 0.0 0.0 0.0 0.0 0.0 0.0 0.6570602271571504 0.8120373264515528 0.0 0.0 0.0 0.0 0.0 0.0 0.0 0.0 0.0 0.0 0.0
a1lcle8gy2eo0v
is there any hope of moving towards eradication of terrorism is there any hope of moving towards the eradication of terrorism
0.12445862084139298 0.27276047644980667 0.5333529600754168 0.0 0.0 0.0 0.0 0.0 0.0 0.0 0.3802433789458925 0.3374608439191028 0.159988910971013 0.0 0.02030859961093111 0.0 0.0 0.0 0.48152521554115096 0.0 0.0 0.0 0.0 0.0 0.0 0.0 0.688348809402729 0.8507057705682934 0.0 0.0 0.0 0.0 0.0 0.0 0.0 0.0 0.0 0.0 0.0
a3be22a89fb8uj
is there any hope of moving towards eradication of terrorism
0.13068155188346262 0.28639850027229696 0.5600206080791876 0.0 0.0 0.0 0.0 0.0 0.0 0.0 0.3992555478931871 0.3543338861150579 0.16798835651956365 0.0 0.0 0.0 0.0 0.0 0.5056014763182085 0.0 0.0 0.0 0.0 0.0 0.0 0.0 0.7227662498728654 0.893241059096708 0.0 0.0 0.0 0.0 0.0 0.0 0.0 0.0 0.0 0.0 0.0
a1wrvfwizbd6rc
is there hope for progress towards eliminating terrorism
0.16335193985432828 0.35799812534037123 0.7000257600989845 0.24133871239280189 0.0 0.0 0.0 0.0 0.0 0.0 0.4990694348664839 0.0 0.0 0.0 0.0 0.0 0.0 0.7780450487331088 0.6320018453977606 0.0 0.0 0.0 0.0 0.0 0.0 0.0 0.0 0.0 0.0 0.0 0.8925813902173781 0.0 0.0 0.0 0.0 0.0 0.0 0.0 0.0
a1b6zigmal4vx5
is there hope for a development towards eliminating terrorism
0.14520172431495848 0.31822055585810777 0.6222451200879863 0.21452329990471278 0.0 0.0 0.0 0.0 0.0 0.0 0.44361727543687457 0.0 0.0 0.0 0.0 0.0 0.0 0.0 0.5617794181313428 0.0 0.0 0.0 0.0 0.0 0.0 0.0 0.0 0.0 0.1575425941301937 0.6202785004102751 0.793405680193225 0.0 0.0 0.0 0.0 0.0 0.0 0.0 0.0
a3rdqwamikxjnn
is there a hope of a development towards eliminating terrorism
0.13068155188346262 0.28639850027229696 0.5600206080791876 0.0 0.0 0.0 0.0 0.0 0.0 0.0 0.3992555478931871 0.0 0.08399417825978182 0.0 0.0 0.0 0.0 0.0 0.5056014763182085 0.0 0.0 0.0 0.0 0.0 0.0 0.0 0.0 0.0 0.28357666943434867 0.5582506503692476 0.7140651121739026 0.0 0.0 0.0 0.0 0.0 0.0 0.0 0.0
a1g9f1kosfkijh
is it possible to predict an end to the threatening terrorism
0.11880141080314784 0.0 0.0 0.0 0.0 0.0 0.0 0.26821502416141724 0.42911663573532693 0.19634078358384735 0.3629595889938065 0.0 0.0 0.0 0.03877096289359576 0.0 0.0 0.0 0.0 0.0 0.0 0.0 0.0 0.0 0.0 0.0 0.0 0.0 0.0 0.0 0.0 0.18410503972969322 0.43982418443136173 0.7287381690084477 0.6229971862988404 0.0 0.0 0.0 0.0
ajfwu2g6a1bhs
is it possible to predict an end to the threatening terrorism
0.11880141080314784 0.0 0.0 0.0 0.0 0.0 0.0 0.26821502416141724 0.42911663573532693 0.19634078358384735 0.3629595889938065 0.0 0.0 0.0 0.03877096289359576 0.0 0.0 0.0 0.0 0.0 0.0 0.0 0.0 0.0 0.0 0.0 0.0 0.0 0.0 0.0 0.0 0.18410503972969322 0.43982418443136173 0.7287381690084477 0.6229971862988404 0.0 0.0 0.0 0.0
a1ly3njtyw9tff
is it possible to predict an end to the threatening terrorism
0.11880141080314784 0.0 0.0 0.0 0.0 0.0 0.0 0.26821502416141724 0.42911663573532693 0.19634078358384735 0.3629595889938065 0.0 0.0 0.0 0.03877096289359576 0.0 0.0 0.0 0.0 0.0 0.0 0.0 0.0 0.0 0.0 0.0 0.0 0.0 0.0 0.0 0.0 0.18410503972969322 0.43982418443136173 0.7287381690084477 0.6229971862988404 0.0 0.0 0.0 0.0
a1mmshjhu659at
is there any quick fix to end terrorism
0.16335193985432828 0.35799812534037123 0.0 0.0 0.0 0.0 0.0 0.0 0.5900353741360745 0.13498428871389506 0.4990694348664839 0.4429173576438224 0.0 0.0 0.0 0.0 0.0 0.0 0.0 0.0 0.0 0.0 0.0 0.0 0.0 0.0 0.0 0.0 0.0 0.0 0.0 0.0 0.0 0.0 0.0 0.0 0.0 0.9285416492738507 0.959955952808964
