there is a need to use them effectively only the correct required all that proper usage they utilize properly of for utilisation be used should develop new ways learn how capitalize on their resources utilization put
there is a need to use them effectively
0.35799812534037123 0.16335193985432828 0.17723541839646792 0.640718512649595 0.13498428871389506 0.6214496776711878 0.4264937716798021 1.015185046843844 0.0 0.0 0.0 0.0 0.0 0.0 0.0 0.0 0.0 0.0 0.0 0.0 0.0 0.0 0.0 0.0 0.0 0.0 0.0 0.0 0.0 0.0 0.0 0.0 0.0 0.0 0.0 0.0
only the correct use is required
0.0 0.2178025864724377 0.0 0.0 0.0 0.8285995702282504 0.0 0.0 0.5609960512436837 0.07108009863825888 0.9833107240483955 1.127226148432926 0.0 0.0 0.0 0.0 0.0 0.0 0.0 0.0 0.0 0.0 0.0 0.0 0.0 0.0 0.0 0.0 0.0 0.0 0.0 0.0 0.0 0.0 0.0 0.0
all that is required is the proper usage
0.0 0.32670387970865655 0.0 0.0 0.0 0.0 0.0 0.0 0.0 0.05331007397869417 0.0 0.8454196113246946 0.3929019048078436 0.15100930303247498 0.8287281872466293 1.029907926300892 0.0 0.0 0.0 0.0 0.0 0.0 0.0 0.0 0.0 0.0 0.0 0.0 0.0 0.0 0.0 0.0 0.0 0.0 0.0 0.0
they need to utilize them properly
0.0 0.0 0.0 0.85429135019946 0.17997905161852676 0.0 0.5686583622397362 0.0 0.0 0.0 0.0 0.0 0.0 0.0 0.0 0.0 0.4306181263440316 1.719784158681162 1.3056330503831617 0.0 0.0 0.0 0.0 0.0 0.0 0.0 0.0 0.0 0.0 0.0 0.0 0.0 0.0 0.0 0.0 0.0
a1wyssw33m2fz2
the need is correct usage
0.0 0.26136310376692523 0.0 1.025149620239352 0.0 0.0 0.0 0.0 0.0 0.08529611836591067 1.1799728688580746 0.0 0.0 0.0 0.0 1.647852682081427 0.0 0.0 0.0 0.0 0.0 0.0 0.0 0.0 0.0 0.0 0.0 0.0 0.0 0.0 0.0 0.0 0.0 0.0 0.0 0.0
a143bvgouf83je
the need is of proper use
0.0 0.2178025864724377 0.0 0.85429135019946 0.0 0.8285995702282504 0.0 0.0 0.0 0.07108009863825888 0.0 0.0 0.0 0.0 1.104970916328839 0.0 0.0 0.0 0.0 0.13999029709963637 0.0 0.0 0.0 0.0 0.0 0.0 0.0 0.0 0.0 0.0 0.0 0.0 0.0 0.0 0.0 0.0
a3dd3acpmvdvca
the need is for proper utilisation
0.0 0.2178025864724377 0.0 0.85429135019946 0.0 0.0 0.0 0.0 0.0 0.07108009863825888 0.0 0.0 0.0 0.0 1.104970916328839 0.0 0.0 0.0 0.0 0.0 0.3217849498570692 1.53668211056981 0.0 0.0 0.0 0.0 0.0 0.0 0.0 0.0 0.0 0.0 0.0 0.0 0.0 0.0
a2i57ww1b3evwx
there is need to be used properly
0.40914071467470997 0.18668793126208946 0.0 0.7322497287423942 0.15426775853016578 0.0 0.0 0.0 0.0 0.0 0.0 0.0 0.0 0.0 0.0 0.0 0.0 0.0 1.1191140431855673 0.0 0.0 0.0 0.3066889922798786 0.6626474775814148 0.0 0.0 0.0 0.0 0.0 0.0 0.0 0.0 0.0 0.0 0.0 0.0
aa1hdtufsq32b
the need should be to develop new ways of correct usage
0.0 0.0 0.0 0.4659771001087964 0.09817039179192368 0.0 0.0 0.0 0.0 0.03877096289359576 0.5363513040263975 0.0 0.0 0.0 0.0 0.7490239464006486 0.0 0.0 0.0 0.07635834387252893 0.0 0.0 0.19516572235992277 0.0 0.2722013611580399 0.6703878157200482 0.331285778206595 0.5374532458929744 0.0 0.0 0.0 0.0 0.0 0.0 0.0 0.0
at8qsogdc42wo
they need to learn how to capitalize on their resources
0.0 0.0 0.0 0.512574810119676 0.2159748619422321 0.0 0.0 0.0 0.0 0.0 0.0 0.0 0.0 0.0 0.0 0.0 0.258370875806419 0.0 0.0 0.0 0.0 0.0 0.0 0.0 0.0 0.0 0.0 0.0 0.6159821868727299 0.39234433539715213 1.0318704952086972 0.18730077623758032 0.29772210997238097 0.6329720905522696 0.0 0.0
ajcv8bvciqxhp
the need is correct usage
0.0 0.26136310376692523 0.0 1.025149620239352 0.0 0.0 0.0 0.0 0.0 0.08529611836591067 1.1799728688580746 0.0 0.0 0.0 0.0 1.647852682081427 0.0 0.0 0.0 0.0 0.0 0.0 0.0 0.0 0.0 0.0 0.0 0.0 0.0 0.0 0.0 0.0 0.0 0.0 0.0 0.0
a87c5tu9lryej
the need is of proper use
0.0 0.2178025864724377 0.0 0.85429135019946 0.0 0.8285995702282504 0.0 0.0 0.0 0.07108009863825888 0.0 0.0 0.0 0.0 1.104970916328839 0.0 0.0 0.0 0.0 0.13999029709963637 0.0 0.0 0.0 0.0 0.0 0.0 0.0 0.0 0.0 0.0 0.0 0.0 0.0 0.0 0.0 0.0
a330jjzgjl7ig2
the need is for proper usage
0.0 0.2178025864724377 0.0 0.85429135019946 0.0 0.0 0.0 0.0 0.0 0.07108009863825888 0.0 0.0 0.0 0.0 1.104970916328839 1.3732105684011893 0.0 0.0 0.0 0.0 0.3217849498570692 0.0 0.0 0.0 0.0 0.0 0.0 0.0 0.0 0.0 0.0 0.0 0.0 0.0 0.0 0.0
au2ar4vob7vlv
the need is for proper use
0.0 0.2178025864724377 0.0 0.85429135019946 0.0 0.8285995702282504 0.0 0.0 0.0 0.07108009863825888 0.0 0.0 0.0 0.0 1.104970916328839 0.0 0.0 0.0 0.0 0.0 0.3217849498570692 0.0 0.0 0.0 0.0 0.0 0.0 0.0 0.0 0.0 0.0 0.0 0.0 0.0 0.0 0.0
a363h2ekg4u5ij
the need is for proper utilisation
0.0 0.2178025864724377 0.0 0.85429135019946 0.0 0.0 0.0 0.0 0.0 0.07108009863825888 0.0 0.0 0.0 0.0 1.104970916328839 0.0 0.0 0.0 0.0 0.0 0.3217849498570692 1.53668211056981 0.0 0.0 0.0 0.0 0.0 0.0 0.0 0.0 0.0 0.0 0.0 0.0 0.0 0.0
au2ar4vob7vlv
the need is for proper utilization
0.0 0.2178025864724377 0.0 0.85429135019946 0.0 0.0 0.0 0.0 0.0 0.07108009863825888 0.0 0.0 0.0 0.0 1.104970916328839 0.0 0.0 0.0 0.0 0.0 0.3217849498570692 0.0 0.0 0.0 0.0 0.0 0.0 0.0 0.0 0.0 0.0 0.0 0.0 0.0 1.719784158681162 0.0
a1e4smxrh1paux
the need is for proper utilisation
0.0 0.2178025864724377 0.0 0.85429135019946 0.0 0.0 0.0 0.0 0.0 0.07108009863825888 0.0 0.0 0.0 0.0 1.104970916328839 0.0 0.0 0.0 0.0 0.0 0.3217849498570692 1.53668211056981 0.0 0.0 0.0 0.0 0.0 0.0 0.0 0.0 0.0 0.0 0.0 0.0 0.0 0.0
a3i6odkoktfoow
there is a need to put them to proper use
0.28639850027229696 0.13068155188346262 0.14178833471717434 0.512574810119676 0.2159748619422321 0.4971597421369502 0.3411950173438417 0.0 0.0 0.0 0.0 0.0 0.0 0.0 0.6629825497973034 0.0 0.0 0.0 0.0 0.0 0.0 0.0 0.0 0.0 0.0 0.0 0.0 0.0 0.0 0.0 0.0 0.0 0.0 0.0 0.0 0.5200711139670215
