linku linco linko link hello this is a
linku
10.318704952086971 0.0 0.0 0.0 0.0 0.0 0.0 0.0
linco
0.0 10.318704952086971 0.0 0.0 0.0 0.0 0.0 0.0
linko
0.0 0.0 8.121480374750751 0.0 0.0 0.0 0.0 0.0
link
0.0 0.0 0.0 7.679647622471712 0.0 0.0 0.0 0.0
a1sanjgoj47idf
link
0.0 0.0 0.0 7.679647622471712 0.0 0.0 0.0 0.0
a143bvgouf83je
linko
0.0 0.0 8.121480374750751 0.0 0.0 0.0 0.0 0.0
a1wyssw33m2fz2
linko
0.0 0.0 8.121480374750751 0.0 0.0 0.0 0.0 0.0
a1aczgd5azz3r7
hello
0.0 0.0 0.0 0.0 9.22009266341886 0.0 0.0 0.0
au2ar4vob7vlv
this is a link
0.0 0.0 0.0 1.919911905617928 0.0 0.42837522083700497 0.32670387970865655 0.35447083679293584
a3andctf0w1pqd
link
0.0 0.0 0.0 7.679647622471712 0.0 0.0 0.0 0.0
a31ikb373dzonk
link
0.0 0.0 0.0 7.679647622471712 0.0 0.0 0.0 0.0
a6tw9zegog7ph
linko
0.0 0.0 8.121480374750751 0.0 0.0 0.0 0.0 0.0
a2qxd8jqk5bvez
linko
0.0 0.0 8.121480374750751 0.0 0.0 0.0 0.0 0.0
a3l62wt9zlhu7v
linko
0.0 0.0 8.121480374750751 0.0 0.0 0.0 0.0 0.0
a3of46tb7y6sbp
linko
0.0 0.0 8.121480374750751 0.0 0.0 0.0 0.0 0.0
a291u81kgj6l9n
linko
0.0 0.0 8.121480374750751 0.0 0.0 0.0 0.0 0.0
air4uqnpimfcj
linko
0.0 0.0 8.121480374750751 0.0 0.0 0.0 0.0 0.0
a1aklmhymfgmc2
hello
0.0 0.0 0.0 0.0 9.22009266341886 0.0 0.0 0.0
