watching israel bomb unarmed people is that not a heartwrenching experience looking at the bombing by on prompts our hearts to do what else other than cry one cannot help shedding tears of blood over deaths civilians in israeli bombings targeting are making us shed can we helpless facing if heart does coes it after israels would ones tearfilled shall crying seeing bombardment which innocent cries look your when you see victims then being killed attack was very disappointing died theres nothing about
watching israel bomb unarmed people is that not a heartwrenching experience
0.56585094453317 0.30521899147061854 0.5107476896631413 0.6122896376028055 0.24607841386423218 0.11880141080314784 0.1098249476599818 0.19460249893066942 0.12889848610652213 0.938064086553361 0.7611631639119689 0.0 0.0 0.0 0.0 0.0 0.0 0.0 0.0 0.0 0.0 0.0 0.0 0.0 0.0 0.0 0.0 0.0 0.0 0.0 0.0 0.0 0.0 0.0 0.0 0.0 0.0 0.0 0.0 0.0 0.0 0.0 0.0 0.0 0.0 0.0 0.0 0.0 0.0 0.0 0.0 0.0 0.0 0.0 0.0 0.0 0.0 0.0 0.0 0.0 0.0 0.0 0.0 0.0 0.0 0.0 0.0 0.0 0.0 0.0 0.0 0.0 0.0 0.0 0.0 0.0 0.0 0.0 0.0 0.0 0.0 0.0 0.0
looking at the bombing by israel on unarmed people prompts our hearts to do what else other than to cry
0.0 0.16787044530884018 0.0 0.33675930068154303 0.13534312762532769 0.0 0.0 0.0 0.0 0.0 0.0 0.3183730616752772 0.15487999269522373 0.021324029591477667 0.300060841927533 0.12477296307007239 0.09365038811879016 0.5159352476043486 0.16753978751425433 0.313782684212621 0.10798743097111604 0.16189185276980944 0.15411828046663134 0.2882414030243215 0.16693145057626038 0.2078748815195947 0.34932502209558836 0.0 0.0 0.0 0.0 0.0 0.0 0.0 0.0 0.0 0.0 0.0 0.0 0.0 0.0 0.0 0.0 0.0 0.0 0.0 0.0 0.0 0.0 0.0 0.0 0.0 0.0 0.0 0.0 0.0 0.0 0.0 0.0 0.0 0.0 0.0 0.0 0.0 0.0 0.0 0.0 0.0 0.0 0.0 0.0 0.0 0.0 0.0 0.0 0.0 0.0 0.0 0.0 0.0 0.0 0.0 0.0
one cannot help shedding tears of blood over the deaths of unarmed civilians in israeli bombing
0.0 0.0 0.0 0.4209491258519288 0.0 0.0 0.0 0.0 0.0 0.0 0.0 0.0 0.0 0.026655036989347083 0.37507605240941627 0.0 0.0 0.0 0.0 0.0 0.0 0.0 0.0 0.0 0.0 0.0 0.0 0.18318723206287063 0.3281125468666712 0.2847908480816746 0.41131470836272516 0.47566592193654755 0.10499272282472728 0.2912014210204594 0.23345598312051288 0.4489506710098638 0.3830656381287841 0.06436441890354257 0.24987104111477426 0.0 0.0 0.0 0.0 0.0 0.0 0.0 0.0 0.0 0.0 0.0 0.0 0.0 0.0 0.0 0.0 0.0 0.0 0.0 0.0 0.0 0.0 0.0 0.0 0.0 0.0 0.0 0.0 0.0 0.0 0.0 0.0 0.0 0.0 0.0 0.0 0.0 0.0 0.0 0.0 0.0 0.0 0.0 0.0
the israeli bombings targeting unarmed people are making us shed tears of blood what else can we do
0.0 0.0 0.0 0.37417700075727 0.15038125291703078 0.0 0.0 0.0 0.0 0.0 0.0 0.0 0.0 0.02369336621275296 0.0 0.0 0.0 0.0 0.0 0.0 0.0 0.17987983641089939 0.1712425338518126 0.32026822558257945 0.0 0.0 0.0 0.0 0.0 0.0 0.0 0.4228141528324867 0.04666343236654546 0.25884570757374165 0.0 0.0 0.0 0.0 0.22210759210202158 0.3967028400966125 0.3711732662422547 0.11700758632515702 0.28060259961242456 0.20322943345818248 0.3773524681928227 0.17509261528748615 0.1701337617997939 0.0 0.0 0.0 0.0 0.0 0.0 0.0 0.0 0.0 0.0 0.0 0.0 0.0 0.0 0.0 0.0 0.0 0.0 0.0 0.0 0.0 0.0 0.0 0.0 0.0 0.0 0.0 0.0 0.0 0.0 0.0 0.0 0.0 0.0 0.0 0.0
a3dd3acpmvdvca
looking at the helpless people facing the israel bombings if the heart does not cry tears of blood what coes it do
0.0 0.15260949573530927 0.0 0.0 0.12303920693211609 0.0 0.0 0.09730124946533471 0.0 0.0 0.0 0.2894300560684338 0.1407999933592943 0.05815644434039364 0.0 0.0 0.0 0.0 0.0 0.0 0.0 0.14717441160891767 0.14010752769693757 0.0 0.0 0.0 0.31756820190508034 0.0 0.0 0.0 0.0 0.3459388523174891 0.03817917193626447 0.2117828516512432 0.0 0.0 0.0 0.0 0.0 0.3245750509881375 0.0 0.0 0.0 0.0 0.0 0.0 0.0 0.26551673352767113 0.24708650134093635 0.13722307206040044 0.208720782022717 0.19063734369058027 0.4690320432766805 0.09205251986484661 0.0 0.0 0.0 0.0 0.0 0.0 0.0 0.0 0.0 0.0 0.0 0.0 0.0 0.0 0.0 0.0 0.0 0.0 0.0 0.0 0.0 0.0 0.0 0.0 0.0 0.0 0.0 0.0 0.0
a2aktvoca80377
after watching israels bombings on unarmed people what would ones tearfilled heart do
0.4787969530665285 0.0 0.0 0.5180912318177585 0.208220196346658 0.0 0.0 0.0 0.0 0.0 0.0 0.0 0.0 0.0 0.0 0.0 0.1440775201827541 0.0 0.0 0.0 0.0 0.2490643888766299 0.23710504687174053 0.0 0.0 0.0 0.0 0.0 0.0 0.0 0.0 0.0 0.0 0.0 0.0 0.0 0.0 0.0 0.0 0.5492808555183866 0.0 0.0 0.0 0.0 0.0 0.0 0.0 0.0 0.0 0.0 0.35321978496152107 0.0 0.0 0.0 0.22951715947808896 0.43078508313783664 0.2660838498794437 0.4410567287243384 0.6871085069974677 0.0 0.0 0.0 0.0 0.0 0.0 0.0 0.0 0.0 0.0 0.0 0.0 0.0 0.0 0.0 0.0 0.0 0.0 0.0 0.0 0.0 0.0 0.0 0.0
a1wyssw33m2fz2
looking at unarmed people in the bombing of israel what shall one do other than crying
0.0 0.20983805663605024 0.0 0.4209491258519288 0.16917890953165962 0.0 0.0 0.0 0.0 0.0 0.0 0.39796632709409646 0.19359999086902968 0.026655036989347083 0.37507605240941627 0.0 0.0 0.0 0.0 0.0 0.0 0.2023648159622618 0.19264785058328918 0.0 0.20866431322032547 0.2598436018994934 0.0 0.18318723206287063 0.0 0.0 0.0 0.0 0.05249636141236364 0.0 0.0 0.0 0.0 0.06436441890354257 0.0 0.0 0.0 0.0 0.0 0.0 0.0 0.0 0.0 0.0 0.0 0.0 0.0 0.0 0.0 0.0 0.0 0.0 0.0 0.0 0.0 0.3776274270669322 0.46427082463692537 0.0 0.0 0.0 0.0 0.0 0.0 0.0 0.0 0.0 0.0 0.0 0.0 0.0 0.0 0.0 0.0 0.0 0.0 0.0 0.0 0.0 0.0
a2i57ww1b3evwx
after seeing the bombardment of israel in which innocent people unarmed heart cries tears of blood what to do
0.0 0.1767057319040423 0.0 0.35448347440162425 0.14246645013192388 0.0 0.0 0.0 0.0 0.0 0.0 0.0 0.0 0.022446346938397543 0.0 0.0 0.0 0.0 0.0 0.0 0.05683548998479792 0.1704124765997994 0.16222976891224353 0.0 0.0 0.0 0.0 0.0 0.0 0.0 0.0 0.400560776367619 0.08841492448398088 0.24522224928038683 0.0 0.0 0.0 0.054201615918772685 0.0 0.0 0.0 0.0 0.0 0.0 0.0 0.0 0.0 0.0 0.0 0.0 0.2416766949736723 0.0 0.0 0.0 0.15703805648500824 0.0 0.0 0.0 0.0 0.0 0.0 0.347638572914877 0.3971640120972205 0.15871236320264057 0.2522764217344835 0.5066083037645803 0.0 0.0 0.0 0.0 0.0 0.0 0.0 0.0 0.0 0.0 0.0 0.0 0.0 0.0 0.0 0.0 0.0
a2zhr3rebfem5a
looking at the helpless people facing the israel bombings if the heart does not cry what does it do
0.0 0.1767057319040423 0.0 0.0 0.14246645013192388 0.0 0.0 0.11266460464407177 0.0 0.0 0.0 0.3351295386055549 0.16303157125813025 0.06733904081519264 0.0 0.0 0.0 0.0 0.0 0.0 0.0 0.1704124765997994 0.16222976891224353 0.0 0.0 0.0 0.36771054957430355 0.0 0.0 0.0 0.0 0.0 0.0 0.0 0.0 0.0 0.0 0.0 0.0 0.37582374324942236 0.0 0.0 0.0 0.0 0.0 0.0 0.0 0.30744042829519813 0.28610015944739997 0.15888987291204262 0.2416766949736723 0.44147595380976484 0.0 0.10658712826455922 0.0 0.0 0.0 0.0 0.0 0.0 0.0 0.0 0.0 0.0 0.0 0.0 0.0 0.0 0.0 0.0 0.0 0.0 0.0 0.0 0.0 0.0 0.0 0.0 0.0 0.0 0.0 0.0 0.0
a3lhs82826iskx
look at the helpless people facing the israel bombings if your heart does not cry tears of blood what does it do
0.0 0.15260949573530927 0.0 0.0 0.12303920693211609 0.0 0.0 0.09730124946533471 0.0 0.0 0.0 0.0 0.1407999933592943 0.03877096289359576 0.0 0.0 0.0 0.0 0.0 0.0 0.0 0.14717441160891767 0.14010752769693757 0.0 0.0 0.0 0.31756820190508034 0.0 0.0 0.0 0.0 0.3459388523174891 0.03817917193626447 0.2117828516512432 0.0 0.0 0.0 0.0 0.0 0.3245750509881375 0.0 0.0 0.0 0.0 0.0 0.0 0.0 0.26551673352767113 0.24708650134093635 0.13722307206040044 0.208720782022717 0.38127468738116055 0.0 0.09205251986484661 0.0 0.0 0.0 0.0 0.0 0.0 0.0 0.0 0.0 0.0 0.0 0.0 0.26300479358789614 0.17016495961306138 0.0 0.0 0.0 0.0 0.0 0.0 0.0 0.0 0.0 0.0 0.0 0.0 0.0 0.0 0.0
al2rcq9eyun61
when you see the innocent victims of israeli bombings if your heart does not cry tears of blood then what does it do
0.0 0.0 0.0 0.0 0.0 0.0 0.0 0.09307076035814625 0.0 0.0 0.0 0.0 0.0 0.018542634427371883 0.0 0.0 0.0 0.0 0.0 0.0 0.0 0.1407755241476604 0.1340158960579403 0.0 0.0 0.0 0.3037608887787725 0.0 0.0 0.0 0.0 0.33089803265151135 0.07303841587807115 0.20257490157945 0.0 0.0 0.0 0.0 0.1738233329494082 0.31046309224952284 0.0 0.0 0.0 0.0 0.0 0.0 0.0 0.0 0.0 0.13125685153603522 0.19964596541303364 0.36469752706024056 0.0 0.08805023639246197 0.0 0.0 0.0 0.0 0.0 0.0 0.0 0.0 0.0 0.0 0.20840226143283422 0.0 0.0 0.16276648310814568 0.1416248080511536 0.13860026616480975 0.19482497847482744 0.3229710084430785 0.15188021373181146 0.0 0.0 0.0 0.0 0.0 0.0 0.0 0.0 0.0 0.0
a3m4exda4ue7bp
after watching israels bombings on unarmed people what would ones tearfilled heart do
0.4787969530665285 0.0 0.0 0.5180912318177585 0.208220196346658 0.0 0.0 0.0 0.0 0.0 0.0 0.0 0.0 0.0 0.0 0.0 0.1440775201827541 0.0 0.0 0.0 0.0 0.2490643888766299 0.23710504687174053 0.0 0.0 0.0 0.0 0.0 0.0 0.0 0.0 0.0 0.0 0.0 0.0 0.0 0.0 0.0 0.0 0.5492808555183866 0.0 0.0 0.0 0.0 0.0 0.0 0.0 0.0 0.0 0.0 0.35321978496152107 0.0 0.0 0.0 0.22951715947808896 0.43078508313783664 0.2660838498794437 0.4410567287243384 0.6871085069974677 0.0 0.0 0.0 0.0 0.0 0.0 0.0 0.0 0.0 0.0 0.0 0.0 0.0 0.0 0.0 0.0 0.0 0.0 0.0 0.0 0.0 0.0 0.0 0.0
a2dwqf4zhhblow
after watching israels bombings on unarmed people what would ones tearfilled heart do
0.4787969530665285 0.0 0.0 0.5180912318177585 0.208220196346658 0.0 0.0 0.0 0.0 0.0 0.0 0.0 0.0 0.0 0.0 0.0 0.1440775201827541 0.0 0.0 0.0 0.0 0.2490643888766299 0.23710504687174053 0.0 0.0 0.0 0.0 0.0 0.0 0.0 0.0 0.0 0.0 0.0 0.0 0.0 0.0 0.0 0.0 0.5492808555183866 0.0 0.0 0.0 0.0 0.0 0.0 0.0 0.0 0.0 0.0 0.35321978496152107 0.0 0.0 0.0 0.22951715947808896 0.43078508313783664 0.2660838498794437 0.4410567287243384 0.6871085069974677 0.0 0.0 0.0 0.0 0.0 0.0 0.0 0.0 0.0 0.0 0.0 0.0 0.0 0.0 0.0 0.0 0.0 0.0 0.0 0.0 0.0 0.0 0.0 0.0
a3w129h6a0hk4d
after watching israels bombings on unarmed people what would ones tearfilled heart do
0.4787969530665285 0.0 0.0 0.5180912318177585 0.208220196346658 0.0 0.0 0.0 0.0 0.0 0.0 0.0 0.0 0.0 0.0 0.0 0.1440775201827541 0.0 0.0 0.0 0.0 0.2490643888766299 0.23710504687174053 0.0 0.0 0.0 0.0 0.0 0.0 0.0 0.0 0.0 0.0 0.0 0.0 0.0 0.0 0.0 0.0 0.5492808555183866 0.0 0.0 0.0 0.0 0.0 0.0 0.0 0.0 0.0 0.0 0.35321978496152107 0.0 0.0 0.0 0.22951715947808896 0.43078508313783664 0.2660838498794437 0.4410567287243384 0.6871085069974677 0.0 0.0 0.0 0.0 0.0 0.0 0.0 0.0 0.0 0.0 0.0 0.0 0.0 0.0 0.0 0.0 0.0 0.0 0.0 0.0 0.0 0.0 0.0 0.0
a2owo5cfm8khwy
looking at unarmed people in the bombing of israel what shall one do other than crying
0.0 0.20983805663605024 0.0 0.4209491258519288 0.16917890953165962 0.0 0.0 0.0 0.0 0.0 0.0 0.39796632709409646 0.19359999086902968 0.026655036989347083 0.37507605240941627 0.0 0.0 0.0 0.0 0.0 0.0 0.2023648159622618 0.19264785058328918 0.0 0.20866431322032547 0.2598436018994934 0.0 0.18318723206287063 0.0 0.0 0.0 0.0 0.05249636141236364 0.0 0.0 0.0 0.0 0.06436441890354257 0.0 0.0 0.0 0.0 0.0 0.0 0.0 0.0 0.0 0.0 0.0 0.0 0.0 0.0 0.0 0.0 0.0 0.0 0.0 0.0 0.0 0.3776274270669322 0.46427082463692537 0.0 0.0 0.0 0.0 0.0 0.0 0.0 0.0 0.0 0.0 0.0 0.0 0.0 0.0 0.0 0.0 0.0 0.0 0.0 0.0 0.0 0.0
a330jjzgjl7ig2
looking at unarmed people being killed in the bombing of israel what shall one do other than cry
0.0 0.18652271700982243 0.0 0.37417700075727 0.15038125291703078 0.0 0.0 0.0 0.0 0.0 0.0 0.35374784630586353 0.17208888077247084 0.02369336621275296 0.3334009354750367 0.0 0.0 0.0 0.0 0.0 0.0 0.17987983641089939 0.1712425338518126 0.0 0.1854793895291782 0.23097209057732748 0.3881389134395426 0.16283309516699612 0.0 0.0 0.0 0.0 0.04666343236654546 0.0 0.0 0.0 0.0 0.05721281680314895 0.0 0.0 0.0 0.0 0.0 0.0 0.0 0.0 0.0 0.0 0.0 0.0 0.0 0.0 0.0 0.0 0.0 0.0 0.0 0.0 0.0 0.3356688240594953 0.0 0.0 0.0 0.0 0.0 0.0 0.0 0.0 0.0 0.0 0.0 0.0 0.0 0.2030873475608982 0.2045976886889069 0.0 0.0 0.0 0.0 0.0 0.0 0.0 0.0
ajcv8bvciqxhp
looking at unarmed people in the bombing of israel what can one do other than cry
0.0 0.20983805663605024 0.0 0.4209491258519288 0.16917890953165962 0.0 0.0 0.0 0.0 0.0 0.0 0.39796632709409646 0.19359999086902968 0.026655036989347083 0.37507605240941627 0.0 0.0 0.0 0.0 0.0 0.0 0.2023648159622618 0.19264785058328918 0.0 0.20866431322032547 0.2598436018994934 0.43665627761948544 0.18318723206287063 0.0 0.0 0.0 0.0 0.05249636141236364 0.0 0.0 0.0 0.0 0.06436441890354257 0.0 0.0 0.0 0.0 0.0 0.0 0.0 0.19697919219842192 0.0 0.0 0.0 0.0 0.0 0.0 0.0 0.0 0.0 0.0 0.0 0.0 0.0 0.0 0.0 0.0 0.0 0.0 0.0 0.0 0.0 0.0 0.0 0.0 0.0 0.0 0.0 0.0 0.0 0.0 0.0 0.0 0.0 0.0 0.0 0.0 0.0
a1aklmhymfgmc2
the attack on israel was very disappointing innocent unarmed died theres nothing one can do about it
0.0 0.197494641539812 0.0 0.39618741256652124 0.0 0.0 0.0 0.0 0.0 0.0 0.0 0.0 0.0 0.02508709363703255 0.0 0.0 0.11017692719857666 0.0 0.0 0.0 0.0 0.19046100325859935 0.0 0.0 0.0 0.0 0.0 0.17241151252976059 0.0 0.0 0.0 0.0 0.0 0.0 0.0 0.0 0.0 0.0 0.0 0.0 0.0 0.0 0.0 0.0 0.0 0.1853921808926324 0.0 0.0 0.0 0.0 0.0 0.0 0.0 0.11912679041333091 0.0 0.0 0.0 0.0 0.0 0.0 0.0 0.0 0.0 0.0 0.28195600076206984 0.0 0.0 0.0 0.0 0.0 0.0 0.0 0.0 0.0 0.0 0.22420160233540934 0.1292834665290666 0.24381875577559023 0.4278930890802087 0.32343666979305497 0.4777341396912207 0.32111132633678224 0.18329669150374903
