madonna broke her own previous record set in 2006 has broken also the she of male student walks along long road year from
madonna broke her own previous record set in 2006
0.733903653931407 0.7888699030243078 0.4183079497845733 0.4712291898597707 0.6744677455597347 0.7888699030243078 0.6610285666244388 0.1144256336062979 0.6668018709500734 0.0 0.0 0.0 0.0 0.0 0.0 0.0 0.0 0.0 0.0 0.0 0.0 0.0 0.0
madonna has broken her own record set in 2006
0.733903653931407 0.0 0.4183079497845733 0.4712291898597707 0.0 0.7888699030243078 0.6610285666244388 0.1144256336062979 0.6668018709500734 0.2280886242145804 0.7286116484881565 0.0 0.0 0.0 0.0 0.0 0.0 0.0 0.0 0.0 0.0 0.0 0.0
madonna has broken her own record set in 2006
0.733903653931407 0.0 0.4183079497845733 0.4712291898597707 0.0 0.7888699030243078 0.6610285666244388 0.1144256336062979 0.6668018709500734 0.2280886242145804 0.7286116484881565 0.0 0.0 0.0 0.0 0.0 0.0 0.0 0.0 0.0 0.0 0.0 0.0
madonna also broke the record she set in 2006
0.733903653931407 0.7888699030243078 0.0 0.0 0.0 0.7888699030243078 0.6610285666244388 0.1144256336062979 0.6668018709500734 0.0 0.0 0.3065717173421412 0.04738673242550592 0.4598542553815998 0.0 0.0 0.0 0.0 0.0 0.0 0.0 0.0 0.0
a3dd3acpmvdvca
madonna broke her own record of 2006
0.9435904121975233 1.0142613038883959 0.5378245068658799 0.6058661012482766 0.0 1.0142613038883959 0.0 0.0 0.8573166912215229 0.0 0.0 0.0 0.0 0.0 0.11999168322825975 0.0 0.0 0.0 0.0 0.0 0.0 0.0 0.0
a2jtc8u7z5z9tf
madonna has broken her own record in 2006
0.8256416106728328 0.0 0.47059644350764496 0.530132838592242 0.0 0.8874786409023463 0.0 0.12872883780708513 0.7501521048188325 0.25659970224140294 0.8196881045491761 0.0 0.0 0.0 0.0 0.0 0.0 0.0 0.0 0.0 0.0 0.0 0.0
a1kpcqmdzmxxzw
the male student walks along the long road
0.0 0.0 0.0 0.0 0.0 0.0 0.0 0.0 0.0 0.0 0.0 0.0 0.10662014795738833 0.0 0.0 0.9153715848166225 0.8418982517038576 0.9513318438730951 0.6185083654949135 0.5986594830719434 0.7057345147031331 0.0 0.0
a8v7wa74iohz9
madonna has broken her own record of the year 2006
0.6605132885382663 0.0 0.376477154806116 0.4241062708737936 0.0 0.7099829127218771 0.0 0.0 0.600121683855066 0.20527976179312235 0.6557504836393409 0.0 0.042648059182955333 0.0 0.08399417825978182 0.0 0.0 0.0 0.0 0.0 0.0 0.4209457369322605 0.0
adu3xkpx6ttsa
madonna broke her own record of 2006
0.9435904121975233 1.0142613038883959 0.5378245068658799 0.6058661012482766 0.0 1.0142613038883959 0.0 0.0 0.8573166912215229 0.0 0.0 0.0 0.0 0.0 0.11999168322825975 0.0 0.0 0.0 0.0 0.0 0.0 0.0 0.0
a230hf2okthmdz
madonna broke her own record of 2006
0.9435904121975233 1.0142613038883959 0.5378245068658799 0.6058661012482766 0.0 1.0142613038883959 0.0 0.0 0.8573166912215229 0.0 0.0 0.0 0.0 0.0 0.11999168322825975 0.0 0.0 0.0 0.0 0.0 0.0 0.0 0.0
a3qu3km3iywhif
madonna broke her own record from 2006
0.9435904121975233 1.0142613038883959 0.5378245068658799 0.6058661012482766 0.0 1.0142613038883959 0.0 0.0 0.8573166912215229 0.0 0.0 0.0 0.0 0.0 0.0 0.0 0.0 0.0 0.0 0.0 0.0 0.0 0.34469923420400556
a2r89rxgevg05i
madonna broke her own record in 2006
0.9435904121975233 1.0142613038883959 0.5378245068658799 0.6058661012482766 0.0 1.0142613038883959 0.0 0.14711867177952587 0.8573166912215229 0.0 0.0 0.0 0.0 0.0 0.0 0.0 0.0 0.0 0.0 0.0 0.0 0.0 0.0
a1r68balqjp644
madonna has broken her own record in 2006
0.8256416106728328 0.0 0.47059644350764496 0.530132838592242 0.0 0.8874786409023463 0.0 0.12872883780708513 0.7501521048188325 0.25659970224140294 0.8196881045491761 0.0 0.0 0.0 0.0 0.0 0.0 0.0 0.0 0.0 0.0 0.0 0.0
akim9ymeza9pc
madonna broke her own record set in 2006
0.8256416106728328 0.8874786409023463 0.47059644350764496 0.530132838592242 0.0 0.8874786409023463 0.7436571374524936 0.12872883780708513 0.7501521048188325 0.0 0.0 0.0 0.0 0.0 0.0 0.0 0.0 0.0 0.0 0.0 0.0 0.0 0.0
a227cwgbxgw4yh
the male student walks along the long road
0.0 0.0 0.0 0.0 0.0 0.0 0.0 0.0 0.0 0.0 0.0 0.0 0.10662014795738833 0.0 0.0 0.9153715848166225 0.8418982517038576 0.9513318438730951 0.6185083654949135 0.5986594830719434 0.7057345147031331 0.0 0.0
a34erkopmv5x3c
the male student walks along the long road
0.0 0.0 0.0 0.0 0.0 0.0 0.0 0.0 0.0 0.0 0.0 0.0 0.10662014795738833 0.0 0.0 0.9153715848166225 0.8418982517038576 0.9513318438730951 0.6185083654949135 0.5986594830719434 0.7057345147031331 0.0 0.0
a2190f96xfy41l
the male student walks along the long road
0.0 0.0 0.0 0.0 0.0 0.0 0.0 0.0 0.0 0.0 0.0 0.0 0.10662014795738833 0.0 0.0 0.9153715848166225 0.8418982517038576 0.9513318438730951 0.6185083654949135 0.5986594830719434 0.7057345147031331 0.0 0.0
arq4j4tltpbnc
madonna has broken her own 2006 record
0.9435904121975233 0.0 0.5378245068658799 0.6058661012482766 0.0 1.0142613038883959 0.0 0.0 0.8573166912215229 0.29325680256160336 0.9367864051990583 0.0 0.0 0.0 0.0 0.0 0.0 0.0 0.0 0.0 0.0 0.0 0.0
