the rest has been taken care of by talibans attacks on american supplies task was fulfilled attack supply line and done taliban proved fatal even for them attacked finished most remaining or posts damage is attacking convoy in addition lines to be final nail coffin destroyed depleted either from military
the rest has been taken care of by the talibans attacks on american supplies
0.06092579883279333 0.4521229218230497 0.14662840128080168 0.21033593519548646 0.3103496671584078 0.3893693215450992 0.05999584161412987 0.17824709010010342 0.3962871662586647 0.23279195169968483 0.1337862687411288 0.22429710488023363 0.5016334347201886 0.0 0.0 0.0 0.0 0.0 0.0 0.0 0.0 0.0 0.0 0.0 0.0 0.0 0.0 0.0 0.0 0.0 0.0 0.0 0.0 0.0 0.0 0.0 0.0 0.0 0.0 0.0 0.0 0.0 0.0 0.0 0.0 0.0 0.0 0.0 0.0 0.0
the rest of the task was fulfilled by the talibans attack on the american supply line
0.10662014795738833 0.3956075565951685 0.0 0.0 0.0 0.0 0.05249636141236364 0.1559662038375905 0.34675127047633164 0.0 0.1170629851484877 0.19625996677020444 0.0 0.40041762166617656 0.13736368318713327 0.4389292553801651 0.23821420248137243 0.4209491258519288 0.3821257707935003 0.0 0.0 0.0 0.0 0.0 0.0 0.0 0.0 0.0 0.0 0.0 0.0 0.0 0.0 0.0 0.0 0.0 0.0 0.0 0.0 0.0 0.0 0.0 0.0 0.0 0.0 0.0 0.0 0.0 0.0 0.0
and the rest was done by the taliban attacks on american supplies
0.07108009863825888 0.5274767421268913 0.0 0.0 0.0 0.0 0.0 0.20795493845012067 0.0 0.271590610316299 0.1560839801979836 0.2616799556936059 0.5852390071735535 0.0 0.18315157758284437 0.0 0.0 0.0 0.0 0.08283041998352432 0.3834731042233957 0.28896000204943567 0.0 0.0 0.0 0.0 0.0 0.0 0.0 0.0 0.0 0.0 0.0 0.0 0.0 0.0 0.0 0.0 0.0 0.0 0.0 0.0 0.0 0.0 0.0 0.0 0.0 0.0 0.0 0.0
talibans attack on american supplies proved fatal even for them
0.0 0.0 0.0 0.0 0.0 0.0 0.0 0.0 0.5548020327621306 0.0 0.18730077623758032 0.3140159468323271 0.7022868086082641 0.0 0.0 0.0 0.3811427239701959 0.0 0.0 0.0 0.0 0.0 0.5852796833432387 0.893241059096708 0.36606939062162225 0.1930709699142415 0.3411950173438417 0.0 0.0 0.0 0.0 0.0 0.0 0.0 0.0 0.0 0.0 0.0 0.0 0.0 0.0 0.0 0.0 0.0 0.0 0.0 0.0 0.0 0.0 0.0
a3dd3acpmvdvca
the taliban attacked and finished most of the remaining american supplies
0.07754192578719152 0.0 0.0 0.0 0.0 0.0 0.07635834387252893 0.0 0.0 0.0 0.0 0.2854690425748428 0.6384425532802401 0.0 0.0 0.0 0.0 0.0 0.0 0.09036045816384472 0.0 0.3152290931448389 0.0 0.0 0.0 0.0 0.0 0.5505477340950595 0.6073744356691441 0.4125419487540583 0.6229971862988404 0.0 0.0 0.0 0.0 0.0 0.0 0.0 0.0 0.0 0.0 0.0 0.0 0.0 0.0 0.0 0.0 0.0 0.0 0.0
a1wyssw33m2fz2
and the rest was taken care of by the attacks of taliban or american posts
0.05686407891060711 0.42198139370151305 0.0 0.0 0.2896596893478473 0.3634113667754259 0.1119922376797091 0.16636395076009652 0.0 0.2172724882530392 0.0 0.20934396455488474 0.0 0.0 0.1465212620662755 0.0 0.0 0.0 0.0 0.06626433598681945 0.0 0.2311680016395485 0.0 0.0 0.0 0.0 0.0 0.0 0.0 0.0 0.0 0.2153530782274384 0.4733219418145847 0.0 0.0 0.0 0.0 0.0 0.0 0.0 0.0 0.0 0.0 0.0 0.0 0.0 0.0 0.0 0.0 0.0
alzgu09bjzsiw
the remaining damage is done by the taliban by attacking the american convoy
0.09841859811451231 0.0 0.0 0.0 0.0 0.0 0.0 0.38391680944637663 0.0 0.0 0.0 0.2415507283325593 0.0 0.0 0.0 0.0 0.0 0.0 0.0 0.0 0.35397517312928833 0.26673230958409444 0.0 0.0 0.0 0.0 0.0 0.0 0.0 0.0 0.5271514653297881 0.0 0.0 0.5559740383637426 0.10052427067958664 0.5099865767671565 0.6699436184348362 0.0 0.0 0.0 0.0 0.0 0.0 0.0 0.0 0.0 0.0 0.0 0.0 0.0
a132zmwemnnusa
in addition attacks of taliban on the american supply lines proved to be the final nail in the coffin
0.06733904081519264 0.0 0.0 0.0 0.0 0.0 0.04420746224199044 0.0 0.0 0.17153091177871516 0.09857935591451596 0.16527155096438267 0.0 0.0 0.0 0.0 0.0 0.35448347440162425 0.0 0.0 0.0 0.18250105392595936 0.3080419386017046 0.0 0.0 0.0 0.0 0.0 0.0 0.0 0.0 0.0 0.0 0.0 0.0 0.0 0.0 0.10840323183754537 0.31245675354805735 0.3312291190185169 0.05683548998479792 0.11299068136627106 0.36771054957430355 0.5066083037645803 0.4701268732087937 0.0 0.0 0.0 0.0 0.0
ajh0yow6plss8
the taliban attacked and destroyed most of the remaining american supplies
0.07754192578719152 0.0 0.0 0.0 0.0 0.0 0.07635834387252893 0.0 0.0 0.0 0.0 0.2854690425748428 0.6384425532802401 0.0 0.0 0.0 0.0 0.0 0.0 0.09036045816384472 0.0 0.3152290931448389 0.0 0.0 0.0 0.0 0.0 0.5505477340950595 0.0 0.4125419487540583 0.6229971862988404 0.0 0.0 0.0 0.0 0.0 0.0 0.0 0.0 0.0 0.0 0.0 0.0 0.0 0.0 0.4485645353907165 0.0 0.0 0.0 0.0
a6tw9zegog7ph
the taliban attacked and depleted most of the remaining american supplies
0.07754192578719152 0.0 0.0 0.0 0.0 0.0 0.07635834387252893 0.0 0.0 0.0 0.0 0.2854690425748428 0.6384425532802401 0.0 0.0 0.0 0.0 0.0 0.0 0.09036045816384472 0.0 0.3152290931448389 0.0 0.0 0.0 0.0 0.0 0.5505477340950595 0.0 0.4125419487540583 0.6229971862988404 0.0 0.0 0.0 0.0 0.0 0.0 0.0 0.0 0.0 0.0 0.0 0.0 0.0 0.0 0.0 0.938064086553361 0.0 0.0 0.0
a3uewlcbe68lil
the taliban attacked and finished most of the remaining american supplies
0.07754192578719152 0.0 0.0 0.0 0.0 0.0 0.07635834387252893 0.0 0.0 0.0 0.0 0.2854690425748428 0.6384425532802401 0.0 0.0 0.0 0.0 0.0 0.0 0.09036045816384472 0.0 0.3152290931448389 0.0 0.0 0.0 0.0 0.0 0.5505477340950595 0.6073744356691441 0.4125419487540583 0.6229971862988404 0.0 0.0 0.0 0.0 0.0 0.0 0.0 0.0 0.0 0.0 0.0 0.0 0.0 0.0 0.0 0.0 0.0 0.0 0.0
air4uqnpimfcj
and the rest was taken care of by the attacks of the taliban on american posts
0.07996511096804125 0.3956075565951685 0.0 0.0 0.27155595876360683 0.34069815635196177 0.10499272282472728 0.1559662038375905 0.0 0.20369295773722423 0.1170629851484877 0.19625996677020444 0.0 0.0 0.13736368318713327 0.0 0.0 0.0 0.0 0.06212281498764324 0.0 0.21672000153707674 0.0 0.0 0.0 0.0 0.0 0.0 0.0 0.0 0.0 0.0 0.44373932045117315 0.0 0.0 0.0 0.0 0.0 0.0 0.0 0.0 0.0 0.0 0.0 0.0 0.0 0.0 0.0 0.0 0.0
al2rcq9eyun61
the rest was taken care of by either attacks from the taliban or american military posts
0.05331007397869417 0.3956075565951685 0.0 0.0 0.27155595876360683 0.34069815635196177 0.05249636141236364 0.1559662038375905 0.0 0.20369295773722423 0.0 0.19625996677020444 0.0 0.0 0.13736368318713327 0.0 0.0 0.0 0.0 0.0 0.0 0.21672000153707674 0.0 0.0 0.0 0.0 0.0 0.0 0.0 0.0 0.0 0.20189351083822352 0.44373932045117315 0.0 0.0 0.0 0.0 0.0 0.0 0.0 0.0 0.0 0.0 0.0 0.0 0.0 0.0 0.34466774420960716 0.15080591496425244 0.2954823732235071
a1wgq344wqriu5
and the rest was taken care of by the attacks of taliban or american posts
0.05686407891060711 0.42198139370151305 0.0 0.0 0.2896596893478473 0.3634113667754259 0.1119922376797091 0.16636395076009652 0.0 0.2172724882530392 0.0 0.20934396455488474 0.0 0.0 0.1465212620662755 0.0 0.0 0.0 0.0 0.06626433598681945 0.0 0.2311680016395485 0.0 0.0 0.0 0.0 0.0 0.0 0.0 0.0 0.0 0.2153530782274384 0.4733219418145847 0.0 0.0 0.0 0.0 0.0 0.0 0.0 0.0 0.0 0.0 0.0 0.0 0.0 0.0 0.0 0.0 0.0
a1wgq344wqriu5
the remaining damage is done by the taliban by attacking the american convoy
0.09841859811451231 0.0 0.0 0.0 0.0 0.0 0.0 0.38391680944637663 0.0 0.0 0.0 0.2415507283325593 0.0 0.0 0.0 0.0 0.0 0.0 0.0 0.0 0.35397517312928833 0.26673230958409444 0.0 0.0 0.0 0.0 0.0 0.0 0.0 0.0 0.5271514653297881 0.0 0.0 0.5559740383637426 0.10052427067958664 0.5099865767671565 0.6699436184348362 0.0 0.0 0.0 0.0 0.0 0.0 0.0 0.0 0.0 0.0 0.0 0.0 0.0
au2ar4vob7vlv
the remaining damage is done by the taliban attacking the american convoy
0.10662014795738833 0.0 0.0 0.0 0.0 0.0 0.0 0.20795493845012067 0.0 0.0 0.0 0.2616799556936059 0.0 0.0 0.0 0.0 0.0 0.0 0.0 0.0 0.3834731042233957 0.28896000204943567 0.0 0.0 0.0 0.0 0.0 0.0 0.0 0.0 0.5710807541072703 0.0 0.0 0.6023052082273879 0.10890129323621885 0.5524854581644195 0.7257722533044059 0.0 0.0 0.0 0.0 0.0 0.0 0.0 0.0 0.0 0.0 0.0 0.0 0.0
a230hf2okthmdz
the remaining damage is done by the taliban by attacking the american convoy
0.09841859811451231 0.0 0.0 0.0 0.0 0.0 0.0 0.38391680944637663 0.0 0.0 0.0 0.2415507283325593 0.0 0.0 0.0 0.0 0.0 0.0 0.0 0.0 0.35397517312928833 0.26673230958409444 0.0 0.0 0.0 0.0 0.0 0.0 0.0 0.0 0.5271514653297881 0.0 0.0 0.5559740383637426 0.10052427067958664 0.5099865767671565 0.6699436184348362 0.0 0.0 0.0 0.0 0.0 0.0 0.0 0.0 0.0 0.0 0.0 0.0 0.0
a3ohqrf1mdq99b
in addition attacks of taliban on the american supply lines proved to be the final nail in the coffin
0.06733904081519264 0.0 0.0 0.0 0.0 0.0 0.04420746224199044 0.0 0.0 0.17153091177871516 0.09857935591451596 0.16527155096438267 0.0 0.0 0.0 0.0 0.0 0.35448347440162425 0.0 0.0 0.0 0.18250105392595936 0.3080419386017046 0.0 0.0 0.0 0.0 0.0 0.0 0.0 0.0 0.0 0.0 0.0 0.0 0.0 0.0 0.10840323183754537 0.31245675354805735 0.3312291190185169 0.05683548998479792 0.11299068136627106 0.36771054957430355 0.5066083037645803 0.4701268732087937 0.0 0.0 0.0 0.0 0.0
