tell us what you think give your opinion please post keep informed of make aware about do enlighten with views let know
tell us what you think
1.020753838895597 0.7316259604494569 0.6164731218665254 0.6375612243581248 0.8357640799721431 0.0 0.0 0.0 0.0 0.0 0.0 0.0 0.0 0.0 0.0 0.0 0.0 0.0 0.0 0.0 0.0 0.0
give your opinion
0.0 0.0 0.0 0.0 0.0 1.4711143680108003 1.2478763704957834 1.4317524530419794 0.0 0.0 0.0 0.0 0.0 0.0 0.0 0.0 0.0 0.0 0.0 0.0 0.0 0.0
please post your opinion
0.0 0.0 0.0 0.0 0.0 0.0 0.9359072778718376 1.0738143397814846 1.3286896615353778 1.5733383153379554 0.0 0.0 0.0 0.0 0.0 0.0 0.0 0.0 0.0 0.0 0.0 0.0
please keep us informed of your opinion
0.0 0.5225899717496121 0.0 0.0 0.0 0.0 0.5348041587839072 0.6136081941608483 0.759251235163073 0.0 0.7455483606089676 0.9401479048290861 0.11999168322825975 0.0 0.0 0.0 0.0 0.0 0.0 0.0 0.0 0.0
a3dd3acpmvdvca
make us aware about your opinion
0.0 0.6096883003745475 0.0 0.0 0.0 0.0 0.6239381852478917 0.7158762265209897 0.0 0.0 0.0 0.0 0.0 0.7599671963682817 0.9539308503253968 0.5193406259272889 0.0 0.0 0.0 0.0 0.0 0.0
ayowrg5s0py3f
please give us your opinion
0.0 0.7316259604494569 0.0 0.0 0.0 0.8826686208064801 0.7487258222974701 0.8590514718251876 1.0629517292283022 0.0 0.0 0.0 0.0 0.0 0.0 0.0 0.0 0.0 0.0 0.0 0.0 0.0
alzgu09bjzsiw
please give us your opinion
0.0 0.7316259604494569 0.0 0.0 0.0 0.8826686208064801 0.7487258222974701 0.8590514718251876 1.0629517292283022 0.0 0.0 0.0 0.0 0.0 0.0 0.0 0.0 0.0 0.0 0.0 0.0 0.0
a1is07hajk7bzr
do enlighten us with your views
0.0 0.6096883003745475 0.0 0.0 0.0 0.0 0.6239381852478917 0.0 0.0 0.0 0.0 0.0 0.0 0.0 0.0 0.0 0.5396395092326981 1.4887350984945134 0.3917309086790423 1.0488922102253035 0.0 0.0
ancf53mqwds6z
let us know what you think
0.0 0.6096883003745475 0.5137276015554378 0.5313010202984373 0.6964700666434526 0.0 0.0 0.0 0.0 0.0 0.0 0.0 0.0 0.0 0.0 0.0 0.0 0.0 0.0 0.0 0.8270197795691597 0.7429864547701842
a27uwrw5ocdcw2
make us aware of your opinion
0.0 0.6096883003745475 0.0 0.0 0.0 0.0 0.6239381852478917 0.7158762265209897 0.0 0.0 0.0 0.0 0.13999029709963637 0.7599671963682817 0.9539308503253968 0.0 0.0 0.0 0.0 0.0 0.0 0.0
a2qxd8jqk5bvez
make us aware of your opinion
0.0 0.6096883003745475 0.0 0.0 0.0 0.0 0.6239381852478917 0.7158762265209897 0.0 0.0 0.0 0.0 0.13999029709963637 0.7599671963682817 0.9539308503253968 0.0 0.0 0.0 0.0 0.0 0.0 0.0
a230hf2okthmdz
please give us your opinion
0.0 0.7316259604494569 0.0 0.0 0.0 0.8826686208064801 0.7487258222974701 0.8590514718251876 1.0629517292283022 0.0 0.0 0.0 0.0 0.0 0.0 0.0 0.0 0.0 0.0 0.0 0.0 0.0
a330jjzgjl7ig2
please give us your opinion
0.0 0.7316259604494569 0.0 0.0 0.0 0.8826686208064801 0.7487258222974701 0.8590514718251876 1.0629517292283022 0.0 0.0 0.0 0.0 0.0 0.0 0.0 0.0 0.0 0.0 0.0 0.0 0.0
a3qu3km3iywhif
please give us your opinion
0.0 0.7316259604494569 0.0 0.0 0.0 0.8826686208064801 0.7487258222974701 0.8590514718251876 1.0629517292283022 0.0 0.0 0.0 0.0 0.0 0.0 0.0 0.0 0.0 0.0 0.0 0.0 0.0
avktegthhn2vp
please give us your opinion
0.0 0.7316259604494569 0.0 0.0 0.0 0.8826686208064801 0.7487258222974701 0.8590514718251876 1.0629517292283022 0.0 0.0 0.0 0.0 0.0 0.0 0.0 0.0 0.0 0.0 0.0 0.0 0.0
aw4q48bn2x4nt
please give us your opinion
0.0 0.7316259604494569 0.0 0.0 0.0 0.8826686208064801 0.7487258222974701 0.8590514718251876 1.0629517292283022 0.0 0.0 0.0 0.0 0.0 0.0 0.0 0.0 0.0 0.0 0.0 0.0 0.0
a330jjzgjl7ig2
please give us your opinion
0.0 0.7316259604494569 0.0 0.0 0.0 0.8826686208064801 0.7487258222974701 0.8590514718251876 1.0629517292283022 0.0 0.0 0.0 0.0 0.0 0.0 0.0 0.0 0.0 0.0 0.0 0.0 0.0
ao86wz7i0vqzc
do enlighten us with your views
0.0 0.6096883003745475 0.0 0.0 0.0 0.0 0.6239381852478917 0.0 0.0 0.0 0.0 0.0 0.0 0.0 0.0 0.0 0.5396395092326981 1.4887350984945134 0.3917309086790423 1.0488922102253035 0.0 0.0
