the first and foremost distressing aspect is that hamas fatah could not unite al fateh cannot stand united saddest part alfatah most painful lack of unity between all tragic hammas be this disappointing factor alfateh hurts there alfath one shameful situation wound no compromise himas muslim peoples greatest problems can would
the first and foremost distressing aspect is that hamas and fatah could not unite
0.030462899416396665 0.2800078583965545 0.1419950056860417 0.737050353720498 0.687539840823359 0.5267332837800379 0.09334396563104473 0.08629103030427142 0.3059445371115867 0.687539840823359 0.30802512803465987 0.15290196344552598 0.44111215897824557 0.0 0.0 0.0 0.0 0.0 0.0 0.0 0.0 0.0 0.0 0.0 0.0 0.0 0.0 0.0 0.0 0.0 0.0 0.0 0.0 0.0 0.0 0.0 0.0 0.0 0.0 0.0 0.0 0.0 0.0 0.0 0.0 0.0 0.0 0.0 0.0 0.0 0.0
the first distressing aspect is that hamas and al fateh cannot stand united
0.0328061993715041 0.3015469244270587 0.07645884921556091 0.0 0.7404275208866943 0.5672512286861946 0.10052427067958664 0.09292880186613844 0.3294787322740165 0.0 0.0 0.0 0.0 0.44846681402729466 0.7937465347759208 0.40383082691282607 0.4726398217070257 0.3102082198137005 0.0 0.0 0.0 0.0 0.0 0.0 0.0 0.0 0.0 0.0 0.0 0.0 0.0 0.0 0.0 0.0 0.0 0.0 0.0 0.0 0.0 0.0 0.0 0.0 0.0 0.0 0.0 0.0 0.0 0.0 0.0 0.0 0.0
the saddest part is that hamas and alfatah could not unite
0.03877096289359576 0.0 0.09036045816384472 0.0 0.0 0.0 0.11880141080314784 0.1098249476599818 0.38938395632383765 0.0 0.39203198113502163 0.19460249893066942 0.5614154750632216 0.0 0.0 0.0 0.0 0.0 0.7490239464006486 0.4308159205546135 0.7917515490593519 0.0 0.0 0.0 0.0 0.0 0.0 0.0 0.0 0.0 0.0 0.0 0.0 0.0 0.0 0.0 0.0 0.0 0.0 0.0 0.0 0.0 0.0 0.0 0.0 0.0 0.0 0.0 0.0 0.0 0.0
the most painful aspect is the lack of unity between hamas and fatah
0.0656123987430082 0.0 0.07645884921556091 0.0 0.0 0.5672512286861946 0.10052427067958664 0.0 0.3294787322740165 0.7404275208866943 0.0 0.0 0.0 0.0 0.0 0.0 0.0 0.0 0.0 0.0 0.0 0.34907395663804935 0.5347237786231152 0.5271514653297881 0.06461090635367833 0.4476073293659004 0.30481517626085225 0.0 0.0 0.0 0.0 0.0 0.0 0.0 0.0 0.0 0.0 0.0 0.0 0.0 0.0 0.0 0.0 0.0 0.0 0.0 0.0 0.0 0.0 0.0 0.0
a1wyssw33m2fz2
first of all the most tragic part is that hammas and alfatah could not be united
0.026655036989347083 0.2450068760969852 0.06212281498764324 0.0 0.0 0.0 0.08167596992716414 0.07550465151623749 0.0 0.0 0.26952198703032737 0.13378921801483523 0.0 0.0 0.0 0.0 0.0 0.25204417859863165 0.0 0.2961859453812968 0.5443291899783044 0.2836225897684151 0.0 0.0 0.05249636141236364 0.0 0.0 0.1964509524039218 0.5010074911933078 0.37507605240941627 0.1341764341224469 0.0 0.0 0.0 0.0 0.0 0.0 0.0 0.0 0.0 0.0 0.0 0.0 0.0 0.0 0.0 0.0 0.0 0.0 0.0 0.0
a143bvgouf83je
this first most disappointing factor is that hamas and alfateh could not unite
0.0 0.3015469244270587 0.07645884921556091 0.0 0.0 0.0 0.10052427067958664 0.09292880186613844 0.3294787322740165 0.0 0.3317193686527106 0.16466365294133567 0.4750438635150337 0.0 0.0 0.0 0.0 0.0 0.0 0.0 0.0 0.34907395663804935 0.0 0.0 0.0 0.0 0.0 0.0 0.0 0.0 0.0 0.13180776025753999 0.5595525011048883 0.5758070467715964 0.6871085069974677 0.0 0.0 0.0 0.0 0.0 0.0 0.0 0.0 0.0 0.0 0.0 0.0 0.0 0.0 0.0 0.0
a3dd3acpmvdvca
first the part that hurts the most is that there could not be unity between hamas and alfath
0.04738673242550592 0.21778388986398686 0.05522027998901621 0.0 0.0 0.0 0.07260086215747924 0.1342304915844222 0.2379568621979008 0.0 0.23957509958251322 0.11892374934652021 0.0 0.0 0.0 0.0 0.0 0.0 0.0 0.26327639589448604 0.0 0.2521089686830356 0.0 0.0 0.0 0.32327196009759473 0.22014429396617108 0.0 0.0 0.0 0.11926794144217502 0.0 0.0 0.0 0.0 0.4651552668350921 0.15911027792905388 0.47371919349216196 0.0 0.0 0.0 0.0 0.0 0.0 0.0 0.0 0.0 0.0 0.0 0.0 0.0
a2i57ww1b3evwx
one of the shameful situation is this that there wound be no compromise between himas and alfath
0.02508709363703255 0.0 0.058468531753075995 0.0 0.0 0.0 0.07687150110791918 0.07106320142704704 0.0 0.0 0.0 0.0 0.0 0.0 0.0 0.0 0.0 0.0 0.0 0.0 0.0 0.0 0.0 0.0 0.04940834015281284 0.0 0.23309395831712232 0.0 0.0 0.0 0.12628370270347944 0.10079416960870705 0.0 0.0 0.0 0.0 0.16846970604252764 0.5015850284034656 0.17241151252976059 0.4659299811346235 0.240832148400683 0.60698264424041 0.19579108538782883 0.4225418080092836 0.4925173413548034 0.0 0.0 0.0 0.0 0.0 0.0
aa1hdtufsq32b
first of all the most tragic part is that hammas and alfatah could not be united
0.026655036989347083 0.2450068760969852 0.06212281498764324 0.0 0.0 0.0 0.08167596992716414 0.07550465151623749 0.0 0.0 0.26952198703032737 0.13378921801483523 0.0 0.0 0.0 0.0 0.0 0.25204417859863165 0.0 0.2961859453812968 0.5443291899783044 0.2836225897684151 0.0 0.0 0.05249636141236364 0.0 0.0 0.1964509524039218 0.5010074911933078 0.37507605240941627 0.1341764341224469 0.0 0.0 0.0 0.0 0.0 0.0 0.0 0.0 0.0 0.0 0.0 0.0 0.0 0.0 0.0 0.0 0.0 0.0 0.0 0.0
at8qsogdc42wo
one of the muslim peoples greatest problems is that the hammas and alfatah can not be united
0.0501741872740651 0.0 0.058468531753075995 0.0 0.0 0.0 0.07687150110791918 0.07106320142704704 0.0 0.0 0.0 0.12591926401396258 0.0 0.0 0.0 0.0 0.0 0.23721805044577096 0.0 0.0 0.5123098258619335 0.0 0.0 0.0 0.04940834015281284 0.0 0.0 0.0 0.0 0.3530127552088624 0.12628370270347944 0.0 0.0 0.0 0.0 0.0 0.0 0.0 0.17241151252976059 0.0 0.0 0.0 0.0 0.0 0.0 0.2426058565283705 0.29357816372337586 0.41763700748345706 0.2753147225148956 0.1853921808926324 0.0
ajcv8bvciqxhp
first of all the most tragic part is that hammas and alfatah could not be united
0.026655036989347083 0.2450068760969852 0.06212281498764324 0.0 0.0 0.0 0.08167596992716414 0.07550465151623749 0.0 0.0 0.26952198703032737 0.13378921801483523 0.0 0.0 0.0 0.0 0.0 0.25204417859863165 0.0 0.2961859453812968 0.5443291899783044 0.2836225897684151 0.0 0.0 0.05249636141236364 0.0 0.0 0.1964509524039218 0.5010074911933078 0.37507605240941627 0.1341764341224469 0.0 0.0 0.0 0.0 0.0 0.0 0.0 0.0 0.0 0.0 0.0 0.0 0.0 0.0 0.0 0.0 0.0 0.0 0.0 0.0
a87c5tu9lryej
the first and most disappointing factor is that hamas and alfateh could not unite
0.030462899416396665 0.2800078583965545 0.1419950056860417 0.0 0.0 0.0 0.09334396563104473 0.08629103030427142 0.3059445371115867 0.0 0.30802512803465987 0.15290196344552598 0.44111215897824557 0.0 0.0 0.0 0.0 0.0 0.0 0.0 0.0 0.3241401025924744 0.0 0.0 0.0 0.0 0.0 0.0 0.0 0.0 0.0 0.0 0.519584465311682 0.5346779720021967 0.63802932792622 0.0 0.0 0.0 0.0 0.0 0.0 0.0 0.0 0.0 0.0 0.0 0.0 0.0 0.0 0.0 0.0
a330jjzgjl7ig2
this first most disappointing factor is that hamas and alfateh could not unite
0.0 0.3015469244270587 0.07645884921556091 0.0 0.0 0.0 0.10052427067958664 0.09292880186613844 0.3294787322740165 0.0 0.3317193686527106 0.16466365294133567 0.4750438635150337 0.0 0.0 0.0 0.0 0.0 0.0 0.0 0.0 0.34907395663804935 0.0 0.0 0.0 0.0 0.0 0.0 0.0 0.0 0.0 0.13180776025753999 0.5595525011048883 0.5758070467715964 0.6871085069974677 0.0 0.0 0.0 0.0 0.0 0.0 0.0 0.0 0.0 0.0 0.0 0.0 0.0 0.0 0.0 0.0
au2ar4vob7vlv
the first and most disappointing factor is that hamas and alfateh could not unite
0.030462899416396665 0.2800078583965545 0.1419950056860417 0.0 0.0 0.0 0.09334396563104473 0.08629103030427142 0.3059445371115867 0.0 0.30802512803465987 0.15290196344552598 0.44111215897824557 0.0 0.0 0.0 0.0 0.0 0.0 0.0 0.0 0.3241401025924744 0.0 0.0 0.0 0.0 0.0 0.0 0.0 0.0 0.0 0.0 0.519584465311682 0.5346779720021967 0.63802932792622 0.0 0.0 0.0 0.0 0.0 0.0 0.0 0.0 0.0 0.0 0.0 0.0 0.0 0.0 0.0 0.0
a363h2ekg4u5ij
first the part that hurts the most is there could not be unity between hamas and alfath
0.0501741872740651 0.2305947069148096 0.058468531753075995 0.0 0.0 0.0 0.07687150110791918 0.07106320142704704 0.25195432468013024 0.0 0.25366775249913165 0.12591926401396258 0.0 0.0 0.0 0.0 0.0 0.0 0.0 0.27876324271180875 0.0 0.26693890801733183 0.0 0.0 0.0 0.34228795775039444 0.23309395831712232 0.0 0.0 0.0 0.12628370270347944 0.0 0.0 0.0 0.0 0.4925173413548034 0.16846970604252764 0.5015850284034656 0.0 0.0 0.0 0.0 0.0 0.0 0.0 0.0 0.0 0.0 0.0 0.0 0.0
au2ar4vob7vlv
first the part that hurts the most is that there could not be unity between hamas and alfath
0.04738673242550592 0.21778388986398686 0.05522027998901621 0.0 0.0 0.0 0.07260086215747924 0.1342304915844222 0.2379568621979008 0.0 0.23957509958251322 0.11892374934652021 0.0 0.0 0.0 0.0 0.0 0.0 0.0 0.26327639589448604 0.0 0.2521089686830356 0.0 0.0 0.0 0.32327196009759473 0.22014429396617108 0.0 0.0 0.0 0.11926794144217502 0.0 0.0 0.0 0.0 0.4651552668350921 0.15911027792905388 0.47371919349216196 0.0 0.0 0.0 0.0 0.0 0.0 0.0 0.0 0.0 0.0 0.0 0.0 0.0
a1e4smxrh1paux
first the part that hurts the most is that there could not be unity between hamas and alfath
0.04738673242550592 0.21778388986398686 0.05522027998901621 0.0 0.0 0.0 0.07260086215747924 0.1342304915844222 0.2379568621979008 0.0 0.23957509958251322 0.11892374934652021 0.0 0.0 0.0 0.0 0.0 0.0 0.0 0.26327639589448604 0.0 0.2521089686830356 0.0 0.0 0.0 0.32327196009759473 0.22014429396617108 0.0 0.0 0.0 0.11926794144217502 0.0 0.0 0.0 0.0 0.4651552668350921 0.15911027792905388 0.47371919349216196 0.0 0.0 0.0 0.0 0.0 0.0 0.0 0.0 0.0 0.0 0.0 0.0 0.0
a3i6odkoktfoow
one of the shameful situation is that there would be no compromise between hamas and alfath
0.026655036989347083 0.0 0.06212281498764324 0.0 0.0 0.0 0.08167596992716414 0.07550465151623749 0.2677014699726384 0.0 0.0 0.0 0.0 0.0 0.0 0.0 0.0 0.0 0.0 0.0 0.0 0.0 0.0 0.0 0.05249636141236364 0.0 0.24766233071194246 0.0 0.0 0.0 0.1341764341224469 0.0 0.0 0.0 0.0 0.0 0.17899906267018562 0.5329340926786822 0.18318723206287063 0.4950506049555375 0.2558841576757257 0.0 0.20802802822456812 0.4489506710098638 0.0 0.0 0.0 0.0 0.0 0.0 0.21619312802704804
