two missile attacks in waziristan at least eighteen people dead 18 killed blast wazeeristhan with 2 missle approximately got died there was atleast would be caused by missiles missles were left
two missile attacks in waziristan at least eighteen people dead
0.3698631745556614 0.5514683907353715 0.32590873237955875 0.1029830702456681 0.48591194379428115 0.30975998539044747 0.5288267030694536 0.6986500441911767 0.27068625525065537 0.4544153406542562 0.0 0.0 0.0 0.0 0.0 0.0 0.0 0.0 0.0 0.0 0.0 0.0 0.0 0.0 0.0 0.0 0.0 0.0 0.0 0.0 0.0
two missile attacks in waziristan at least 18 killed
0.41095908283962385 0.6127426563726349 0.36212081375506533 0.1144256336062979 0.5399021597714235 0.3441777615449417 0.5875852256327261 0.0 0.0 0.0 0.6326369043114111 0.4091953773778138 0.0 0.0 0.0 0.0 0.0 0.0 0.0 0.0 0.0 0.0 0.0 0.0 0.0 0.0 0.0 0.0 0.0 0.0 0.0
missile attacks in waziristan at least 18 killed
0.0 0.6893354884192143 0.40738591547444847 0.12872883780708513 0.6073899297428514 0.38719998173805936 0.6610333788368169 0.0 0.0 0.0 0.7117165173503375 0.46034479955004054 0.0 0.0 0.0 0.0 0.0 0.0 0.0 0.0 0.0 0.0 0.0 0.0 0.0 0.0 0.0 0.0 0.0 0.0 0.0
two missile attacks in waziristan at least 18 people killed
0.3698631745556614 0.5514683907353715 0.32590873237955875 0.1029830702456681 0.48591194379428115 0.30975998539044747 0.5288267030694536 0.0 0.27068625525065537 0.0 0.56937321388027 0.3682758396400324 0.0 0.0 0.0 0.0 0.0 0.0 0.0 0.0 0.0 0.0 0.0 0.0 0.0 0.0 0.0 0.0 0.0 0.0 0.0
ayowrg5s0py3f
blast in wazeeristhan with 2 missle approximately 18 got died
0.0 0.0 0.0 0.1029830702456681 0.0 0.0 0.0 0.0 0.0 0.0 0.56937321388027 0.0 0.6084598447489712 0.893241059096708 0.23503854520742537 0.6042038833070915 0.79208096792886 0.7022868086082641 0.49026045498825505 0.5498423386481934 0.0 0.0 0.0 0.0 0.0 0.0 0.0 0.0 0.0 0.0 0.0
a3dd3acpmvdvca
two missile attacks in waziristan at least 18 killed
0.41095908283962385 0.6127426563726349 0.36212081375506533 0.1144256336062979 0.5399021597714235 0.3441777615449417 0.5875852256327261 0.0 0.0 0.0 0.6326369043114111 0.4091953773778138 0.0 0.0 0.0 0.0 0.0 0.0 0.0 0.0 0.0 0.0 0.0 0.0 0.0 0.0 0.0 0.0 0.0 0.0 0.0
a1wyssw33m2fz2
two missile attacks in waziristan at least 18 people killed
0.3698631745556614 0.5514683907353715 0.32590873237955875 0.1029830702456681 0.48591194379428115 0.30975998539044747 0.5288267030694536 0.0 0.27068625525065537 0.0 0.56937321388027 0.3682758396400324 0.0 0.0 0.0 0.0 0.0 0.0 0.0 0.0 0.0 0.0 0.0 0.0 0.0 0.0 0.0 0.0 0.0 0.0 0.0
a3kwcqj39dxkt4
there was two missile attacks in waziristan atleast 18 people would be killed
0.28451013427358574 0.4242064544118242 0.2506990249073529 0.07921774634282162 0.37377841830329317 0.0 0.0 0.0 0.208220196346658 0.0 0.4379793952925154 0.2832891074154096 0.0 0.0 0.0 0.0 0.0 0.0 0.0 0.0 0.22030653867099767 0.16906299469185632 0.6440611386947429 0.2660838498794437 0.16514022661224234 0.0 0.0 0.0 0.0 0.0 0.0
a2rcbwy8ulhnj0
blast in wazeeristhan caused by missiles approximately 18 killed
0.0 0.0 0.0 0.1144256336062979 0.0 0.0 0.0 0.0 0.0 0.0 0.6326369043114111 0.4091953773778138 0.6760664941655236 0.9924900656630089 0.0 0.0 0.0 0.7803186762314046 0.0 0.0 0.0 0.0 0.0 0.0 0.0 0.7118535496287584 0.27727325126682756 0.7187285944863235 0.0 0.0 0.0
a1g46au4nrpshg
blast in wazeeristhan with 2 missles approximately 18 got died
0.0 0.0 0.0 0.1029830702456681 0.0 0.0 0.0 0.0 0.0 0.0 0.56937321388027 0.0 0.6084598447489712 0.893241059096708 0.23503854520742537 0.6042038833070915 0.0 0.7022868086082641 0.49026045498825505 0.5498423386481934 0.0 0.0 0.0 0.0 0.0 0.0 0.0 0.0 1.0318704952086972 0.0 0.0
a2owo5cfm8khwy
blast in wazeeristhan with 2 missle approximately 18 were killed
0.0 0.0 0.0 0.1029830702456681 0.0 0.0 0.0 0.0 0.0 0.0 0.56937321388027 0.3682758396400324 0.6084598447489712 0.893241059096708 0.23503854520742537 0.6042038833070915 0.79208096792886 0.7022868086082641 0.0 0.0 0.0 0.0 0.0 0.0 0.0 0.0 0.0 0.0 0.0 0.29516278922059586 0.0
a2tw8jxhhp3sjm
two missile attacks in waziristan at least 18 killed
0.41095908283962385 0.6127426563726349 0.36212081375506533 0.1144256336062979 0.5399021597714235 0.3441777615449417 0.5875852256327261 0.0 0.0 0.0 0.6326369043114111 0.4091953773778138 0.0 0.0 0.0 0.0 0.0 0.0 0.0 0.0 0.0 0.0 0.0 0.0 0.0 0.0 0.0 0.0 0.0 0.0 0.0
ajfwu2g6a1bhs
two missile attacks in waziristan at least 18 killed
0.41095908283962385 0.6127426563726349 0.36212081375506533 0.1144256336062979 0.5399021597714235 0.3441777615449417 0.5875852256327261 0.0 0.0 0.0 0.6326369043114111 0.4091953773778138 0.0 0.0 0.0 0.0 0.0 0.0 0.0 0.0 0.0 0.0 0.0 0.0 0.0 0.0 0.0 0.0 0.0 0.0 0.0
a2oe085okcwole
two missile attacks in waziristan at least 18 killed
0.41095908283962385 0.6127426563726349 0.36212081375506533 0.1144256336062979 0.5399021597714235 0.3441777615449417 0.5875852256327261 0.0 0.0 0.0 0.6326369043114111 0.4091953773778138 0.0 0.0 0.0 0.0 0.0 0.0 0.0 0.0 0.0 0.0 0.0 0.0 0.0 0.0 0.0 0.0 0.0 0.0 0.0
a2u70ov2bw11tg
two missile attacks in waziristan left at least 18 people dead
0.33623924959605583 0.5013349006685195 0.2962806657995989 0.09362097295060737 0.4417381307220738 0.2815999867185886 0.48075154824495775 0.0 0.24607841386423218 0.41310485514023293 0.5176120126184273 0.0 0.0 0.0 0.0 0.0 0.0 0.0 0.0 0.0 0.0 0.0 0.0 0.0 0.0 0.0 0.0 0.0 0.0 0.0 0.46397901767981686
a2bk4fasw056jr
two missile attacks in waziristan eighteen killed
0.528375963650945 0.7878119867648163 0.46558390339936967 0.14711867177952587 0.6941599197061159 0.0 0.0 0.998071491701681 0.0 0.0 0.0 0.5261083423429035 0.0 0.0 0.0 0.0 0.0 0.0 0.0 0.0 0.0 0.0 0.0 0.0 0.0 0.0 0.0 0.0 0.0 0.0 0.0
ajfwu2g6a1bhs
two missile attacks in waziristan at least 18 people killed
0.3698631745556614 0.5514683907353715 0.32590873237955875 0.1029830702456681 0.48591194379428115 0.30975998539044747 0.5288267030694536 0.0 0.27068625525065537 0.0 0.56937321388027 0.3682758396400324 0.0 0.0 0.0 0.0 0.0 0.0 0.0 0.0 0.0 0.0 0.0 0.0 0.0 0.0 0.0 0.0 0.0 0.0 0.0
a477wg206bmm6
there were two missile attacks in waziristan at least 18 people were killed
0.28451013427358574 0.4242064544118242 0.2506990249073529 0.07921774634282162 0.37377841830329317 0.23827691183880575 0.40678977159188734 0.0 0.208220196346658 0.0 0.4379793952925154 0.2832891074154096 0.0 0.0 0.0 0.0 0.0 0.0 0.0 0.0 0.22030653867099767 0.0 0.0 0.0 0.0 0.0 0.0 0.0 0.0 0.45409659880091674 0.0
