it is better if we keep war at bay to postpone the as long avoided good does not occur its avoid that keeps postponing getting postponed wars postphones and let politics prevail deferred continuously always turn a first solution
it is better if we keep war at bay
0.22501727078073616 0.14520172431495848 0.5467269167299131 0.33543417614764554 0.3402675235995878 0.5798709471403081 0.4033722486822454 0.3441777615449417 0.684424652080811 0.0 0.0 0.0 0.0 0.0 0.0 0.0 0.0 0.0 0.0 0.0 0.0 0.0 0.0 0.0 0.0 0.0 0.0 0.0 0.0 0.0 0.0 0.0 0.0 0.0 0.0 0.0 0.0 0.0 0.0
it is better to postpone the war
0.2893079195752322 0.18668793126208946 0.702934607224174 0.0 0.0 0.0 0.5186214625914584 0.0 0.0 0.15426775853016578 1.474100707440996 0.06092579883279333 0.0 0.0 0.0 0.0 0.0 0.0 0.0 0.0 0.0 0.0 0.0 0.0 0.0 0.0 0.0 0.0 0.0 0.0 0.0 0.0 0.0 0.0 0.0 0.0 0.0 0.0 0.0
as long as the war is avoided it is good
0.20251554370266253 0.26136310376692523 0.0 0.0 0.0 0.0 0.36303502381402086 0.0 0.0 0.0 0.0 0.042648059182955333 0.5270602542066289 0.47892758645755473 0.6763356890597556 0.45918572044997735 0.0 0.0 0.0 0.0 0.0 0.0 0.0 0.0 0.0 0.0 0.0 0.0 0.0 0.0 0.0 0.0 0.0 0.0 0.0 0.0 0.0 0.0 0.0
it is better if war does not occur
0.25314442962832817 0.16335193985432828 0.6150677813211523 0.37736344816610123 0.0 0.0 0.4537937797675261 0.0 0.0 0.0 0.0 0.0 0.0 0.0 0.0 0.0 0.5242526951490958 0.26757843602967046 0.8733125552389709 0.0 0.0 0.0 0.0 0.0 0.0 0.0 0.0 0.0 0.0 0.0 0.0 0.0 0.0 0.0 0.0 0.0 0.0 0.0 0.0
a143bvgouf83je
its better to avoid war
0.0 0.0 0.9841084501138436 0.0 0.0 0.0 0.7260700476280417 0.0 0.0 0.2159748619422321 0.0 0.0 0.0 0.0 0.0 0.0 0.0 0.0 0.0 0.6627645924748221 1.208407766614183 0.0 0.0 0.0 0.0 0.0 0.0 0.0 0.0 0.0 0.0 0.0 0.0 0.0 0.0 0.0 0.0 0.0 0.0
a28z6a8uc4er3x
it is better that war keeps postponing
0.2893079195752322 0.18668793126208946 0.702934607224174 0.0 0.0 0.0 0.5186214625914584 0.0 0.0 0.0 0.0 0.0 0.0 0.0 0.0 0.0 0.0 0.0 0.0 0.0 0.0 0.17258206060854284 0.9152402780941179 1.375079681646718 0.0 0.0 0.0 0.0 0.0 0.0 0.0 0.0 0.0 0.0 0.0 0.0 0.0 0.0 0.0
a3dd3acpmvdvca
if war keeps getting postponed its better
0.0 0.0 0.702934607224174 0.43127251218983 0.0 0.0 0.5186214625914584 0.0 0.0 0.0 0.0 0.0 0.0 0.0 0.0 0.0 0.0 0.0 0.0 0.4734032803391587 0.0 0.0 0.9152402780941179 0.0 0.7252797052896183 1.1770376300581622 0.0 0.0 0.0 0.0 0.0 0.0 0.0 0.0 0.0 0.0 0.0 0.0 0.0
a2i57ww1b3evwx
its better if wars postphones
0.0 0.0 0.9841084501138436 0.603781517065762 0.0 0.0 0.0 0.0 0.0 0.0 0.0 0.0 0.0 0.0 0.0 0.0 0.0 0.0 0.0 0.6627645924748221 0.0 0.0 0.0 0.0 0.0 0.0 1.2734922467011087 1.9251115543054051 0.0 0.0 0.0 0.0 0.0 0.0 0.0 0.0 0.0 0.0 0.0
a2190f96xfy41l
its better to avoid war
0.0 0.0 0.9841084501138436 0.0 0.0 0.0 0.7260700476280417 0.0 0.0 0.2159748619422321 0.0 0.0 0.0 0.0 0.0 0.0 0.0 0.0 0.0 0.6627645924748221 1.208407766614183 0.0 0.0 0.0 0.0 0.0 0.0 0.0 0.0 0.0 0.0 0.0 0.0 0.0 0.0 0.0 0.0 0.0 0.0
a1395pss402i1j
its better to avoid war
0.0 0.0 0.9841084501138436 0.0 0.0 0.0 0.7260700476280417 0.0 0.0 0.2159748619422321 0.0 0.0 0.0 0.0 0.0 0.0 0.0 0.0 0.0 0.6627645924748221 1.208407766614183 0.0 0.0 0.0 0.0 0.0 0.0 0.0 0.0 0.0 0.0 0.0 0.0 0.0 0.0 0.0 0.0 0.0 0.0
a24bjjrcqbm3mi
it is better to avoid war and let politics prevail
0.20251554370266253 0.13068155188346262 0.4920542250569218 0.0 0.0 0.0 0.36303502381402086 0.0 0.0 0.10798743097111604 0.0 0.0 0.0 0.0 0.0 0.0 0.0 0.0 0.0 0.0 0.6042038833070915 0.0 0.0 0.0 0.0 0.0 0.0 0.0 0.09939650398022919 0.49621186774149584 0.576482806048643 0.8239263410407135 0.0 0.0 0.0 0.0 0.0 0.0 0.0
a6tw9zegog7ph
it is better that war is postponed
0.2893079195752322 0.3733758625241789 0.702934607224174 0.0 0.0 0.0 0.5186214625914584 0.0 0.0 0.0 0.0 0.0 0.0 0.0 0.0 0.0 0.0 0.0 0.0 0.0 0.0 0.17258206060854284 0.0 0.0 0.0 1.1770376300581622 0.0 0.0 0.0 0.0 0.0 0.0 0.0 0.0 0.0 0.0 0.0 0.0 0.0
aq83oqxl7tj8n
it is better that war keeps postponing
0.2893079195752322 0.18668793126208946 0.702934607224174 0.0 0.0 0.0 0.5186214625914584 0.0 0.0 0.0 0.0 0.0 0.0 0.0 0.0 0.0 0.0 0.0 0.0 0.0 0.0 0.17258206060854284 0.9152402780941179 1.375079681646718 0.0 0.0 0.0 0.0 0.0 0.0 0.0 0.0 0.0 0.0 0.0 0.0 0.0 0.0 0.0
a3iiehpa9ivcnu
it is better that war is deferred continuously
0.25314442962832817 0.32670387970865655 0.6150677813211523 0.0 0.0 0.0 0.4537937797675261 0.0 0.0 0.0 0.0 0.0 0.0 0.0 0.0 0.0 0.0 0.0 0.0 0.0 0.0 0.15100930303247498 0.0 0.0 0.0 0.0 0.0 0.0 0.0 0.0 0.0 0.0 1.2898381190108714 0.8008352433323531 0.0 0.0 0.0 0.0 0.0
a2unp2crnrfiw8
if war keeps getting postponed its better
0.0 0.0 0.702934607224174 0.43127251218983 0.0 0.0 0.5186214625914584 0.0 0.0 0.0 0.0 0.0 0.0 0.0 0.0 0.0 0.0 0.0 0.0 0.4734032803391587 0.0 0.0 0.9152402780941179 0.0 0.7252797052896183 1.1770376300581622 0.0 0.0 0.0 0.0 0.0 0.0 0.0 0.0 0.0 0.0 0.0 0.0 0.0
a1dndzlo2d5d48
if war keeps getting postponed its better
0.0 0.0 0.702934607224174 0.43127251218983 0.0 0.0 0.5186214625914584 0.0 0.0 0.0 0.0 0.0 0.0 0.0 0.0 0.0 0.0 0.0 0.0 0.4734032803391587 0.0 0.0 0.9152402780941179 0.0 0.7252797052896183 1.1770376300581622 0.0 0.0 0.0 0.0 0.0 0.0 0.0 0.0 0.0 0.0 0.0 0.0 0.0
a1ih5ceu09nm63
if war keeps getting postponed its better
0.0 0.0 0.702934607224174 0.43127251218983 0.0 0.0 0.5186214625914584 0.0 0.0 0.0 0.0 0.0 0.0 0.0 0.0 0.0 0.0 0.0 0.0 0.4734032803391587 0.0 0.0 0.9152402780941179 0.0 0.7252797052896183 1.1770376300581622 0.0 0.0 0.0 0.0 0.0 0.0 0.0 0.0 0.0 0.0 0.0 0.0 0.0
a1vftlon458bjk
its better if wars postphones it is always better not to turn to war as a first solution
0.11250863539036808 0.07260086215747924 0.5467269167299131 0.16771708807382277 0.0 0.0 0.2016861243411227 0.0 0.0 0.11998603441235117 0.0 0.0 0.14640562616850802 0.0 0.0 0.0 0.0 0.11892374934652021 0.0 0.1841012756874506 0.0 0.0 0.0 0.0 0.0 0.0 0.35374784630586353 0.5347532095292792 0.0 0.0 0.0 0.0 0.0 0.0 0.28507328590256753 0.36430582424407826 0.07877129706509685 0.21778388986398686 0.31314298472015284
