to deal with it consumers need use the ms08067 patch from microsoft microsofts combat this virus ms0806 page confront problem settle consumer has handle users get rid of dealers will have for dealing meeting criteria sites zero associate 2000 suture plight needs be used fix in order poblem must should reduce number
to deal with it consumers need to use the ms08067 patch from microsoft
0.16613450918633238 0.4547681311402091 0.18079888092878876 0.15578118746358657 0.6025998694076131 0.39428831547667387 0.3824305708745771 0.0328061993715041 0.5854349808449816 0.5374231109162898 0.185607279956003 0.4943757426135649 0.0 0.0 0.0 0.0 0.0 0.0 0.0 0.0 0.0 0.0 0.0 0.0 0.0 0.0 0.0 0.0 0.0 0.0 0.0 0.0 0.0 0.0 0.0 0.0 0.0 0.0 0.0 0.0 0.0 0.0 0.0 0.0 0.0 0.0 0.0 0.0 0.0 0.0 0.0 0.0
the consumers need to use microsofts patch ms08067 to combat this
0.19634078358384735 0.0 0.0 0.0 0.7121634820271792 0.4659771001087964 0.451963401942682 0.03877096289359576 0.6918777046349782 0.6351364038101607 0.0 0.0 0.6981497838610647 0.7490239464006486 0.15577280757709272 0.0 0.0 0.0 0.0 0.0 0.0 0.0 0.0 0.0 0.0 0.0 0.0 0.0 0.0 0.0 0.0 0.0 0.0 0.0 0.0 0.0 0.0 0.0 0.0 0.0 0.0 0.0 0.0 0.0 0.0 0.0 0.0 0.0 0.0 0.0 0.0 0.0
consumers need to use microsofts ms08067 patch to deal with the virus
0.17997905161852676 0.49266547540189315 0.19586545433952116 0.0 0.6528165251915808 0.42714567509973 0.4142997851141252 0.03554004931912944 0.63422122924873 0.5822083701593139 0.0 0.0 0.639970635205976 0.0 0.0 0.4217674650049324 0.0 0.0 0.0 0.0 0.0 0.0 0.0 0.0 0.0 0.0 0.0 0.0 0.0 0.0 0.0 0.0 0.0 0.0 0.0 0.0 0.0 0.0 0.0 0.0 0.0 0.0 0.0 0.0 0.0 0.0 0.0 0.0 0.0 0.0 0.0 0.0
consumers need to use the ms0806 page to confront the problem
0.19634078358384735 0.0 0.0 0.0 0.7121634820271792 0.4659771001087964 0.451963401942682 0.07754192578719152 0.0 0.0 0.0 0.0 0.0 0.0 0.0 0.0 0.938064086553361 0.7287381690084477 0.7611631639119689 0.43538871496141335 0.0 0.0 0.0 0.0 0.0 0.0 0.0 0.0 0.0 0.0 0.0 0.0 0.0 0.0 0.0 0.0 0.0 0.0 0.0 0.0 0.0 0.0 0.0 0.0 0.0 0.0 0.0 0.0 0.0 0.0 0.0 0.0
a28z6a8uc4er3x
to settle with this consumer has to use microsofts page ms08067
0.19634078358384735 0.0 0.21367140473402307 0.0 0.0 0.0 0.451963401942682 0.0 0.6918777046349782 0.0 0.0 0.0 0.6981497838610647 0.0 0.15577280757709272 0.0 0.0 0.7287381690084477 0.0 0.0 0.680499237093705 0.7611631639119689 0.18661796526647487 0.0 0.0 0.0 0.0 0.0 0.0 0.0 0.0 0.0 0.0 0.0 0.0 0.0 0.0 0.0 0.0 0.0 0.0 0.0 0.0 0.0 0.0 0.0 0.0 0.0 0.0 0.0 0.0 0.0
a143bvgouf83je
to handle this the users need to use microsofts ms08067 patch
0.19634078358384735 0.0 0.0 0.0 0.0 0.4659771001087964 0.451963401942682 0.03877096289359576 0.6918777046349782 0.6351364038101607 0.0 0.0 0.6981497838610647 0.0 0.15577280757709272 0.0 0.0 0.0 0.0 0.0 0.0 0.0 0.0 0.6229971862988404 0.6657247889575436 0.0 0.0 0.0 0.0 0.0 0.0 0.0 0.0 0.0 0.0 0.0 0.0 0.0 0.0 0.0 0.0 0.0 0.0 0.0 0.0 0.0 0.0 0.0 0.0 0.0 0.0 0.0
a3dd3acpmvdvca
to get rid of this dealers will have to use microsofts ms08067 patch
0.16613450918633238 0.0 0.0 0.0 0.0 0.0 0.3824305708745771 0.0 0.5854349808449816 0.5374231109162898 0.0 0.0 0.5907421248055162 0.0 0.13180776025753999 0.0 0.0 0.0 0.0 0.0 0.0 0.0 0.0 0.0 0.0 0.33461518400781576 0.5062334872156617 0.06461090635367833 0.6871085069974677 0.17042409229239877 0.17599769446064842 0.0 0.0 0.0 0.0 0.0 0.0 0.0 0.0 0.0 0.0 0.0 0.0 0.0 0.0 0.0 0.0 0.0 0.0 0.0 0.0 0.0
a1aczgd5azz3r7
for dealing with the consumers meeting the criteria for sites to the zero zero associate 2000 suture plight needs to be used
0.09817039179192368 0.0 0.10683570236701154 0.0 0.3560817410135896 0.0 0.0 0.05815644434039364 0.0 0.0 0.0 0.0 0.0 0.0 0.0 0.0 0.0 0.0 0.0 0.0 0.0 0.0 0.0 0.0 0.0 0.0 0.0 0.0 0.0 0.0 0.0 0.17551906355840138 0.3285301135785752 0.20931691575352734 0.38058158195598446 0.3114985931494202 0.8381902421289873 0.3875884310390416 0.3285301135785752 0.43752535325122843 0.41909512106449365 0.29402533410804144 0.09758286117996139 0.21084237923045016 0.0 0.0 0.0 0.0 0.0 0.0 0.0 0.0
a1wgq344wqriu5
to settle with this consumer has to use microsoft page ms08067
0.19634078358384735 0.0 0.21367140473402307 0.0 0.0 0.0 0.451963401942682 0.0 0.6918777046349782 0.0 0.0 0.5842622412705767 0.0 0.0 0.15577280757709272 0.0 0.0 0.7287381690084477 0.0 0.0 0.680499237093705 0.7611631639119689 0.18661796526647487 0.0 0.0 0.0 0.0 0.0 0.0 0.0 0.0 0.0 0.0 0.0 0.0 0.0 0.0 0.0 0.0 0.0 0.0 0.0 0.0 0.0 0.0 0.0 0.0 0.0 0.0 0.0 0.0 0.0
a330jjzgjl7ig2
to fix this the consumer has to use microsofts page ms08067
0.19634078358384735 0.0 0.0 0.0 0.0 0.0 0.451963401942682 0.03877096289359576 0.6918777046349782 0.0 0.0 0.0 0.6981497838610647 0.0 0.15577280757709272 0.0 0.0 0.7287381690084477 0.0 0.0 0.0 0.7611631639119689 0.18661796526647487 0.0 0.0 0.0 0.0 0.0 0.0 0.0 0.0 0.0 0.0 0.0 0.0 0.0 0.0 0.0 0.0 0.0 0.0 0.0 0.0 0.0 0.6981497838610647 0.0 0.0 0.0 0.0 0.0 0.0 0.0
a21146bd3quzea
to settle this consumers have to use microsofts page ms08067
0.2159748619422321 0.0 0.0 0.0 0.7833798302298971 0.0 0.4971597421369502 0.0 0.7610654750984761 0.0 0.0 0.0 0.7679647622471711 0.0 0.17135008833480198 0.0 0.0 0.8016119859092925 0.0 0.0 0.7485491608030754 0.0 0.0 0.0 0.0 0.0 0.0 0.0 0.0 0.0 0.22879700279884294 0.0 0.0 0.0 0.0 0.0 0.0 0.0 0.0 0.0 0.0 0.0 0.0 0.0 0.0 0.0 0.0 0.0 0.0 0.0 0.0 0.0
a1g9f1kosfkijh
to handle this the users need to use microsofts ms08067 patch
0.19634078358384735 0.0 0.0 0.0 0.0 0.4659771001087964 0.451963401942682 0.03877096289359576 0.6918777046349782 0.6351364038101607 0.0 0.0 0.6981497838610647 0.0 0.15577280757709272 0.0 0.0 0.0 0.0 0.0 0.0 0.0 0.0 0.6229971862988404 0.6657247889575436 0.0 0.0 0.0 0.0 0.0 0.0 0.0 0.0 0.0 0.0 0.0 0.0 0.0 0.0 0.0 0.0 0.0 0.0 0.0 0.0 0.0 0.0 0.0 0.0 0.0 0.0 0.0
ancf53mqwds6z
in order to fix this poblem users must use microsofts ms08067 patch
0.08998952580926338 0.0 0.0 0.0 0.0 0.0 0.4142997851141252 0.0 0.63422122924873 0.5822083701593139 0.0 0.0 0.639970635205976 0.0 0.14279174027900166 0.0 0.0 0.0 0.0 0.0 0.0 0.0 0.0 0.0 0.6102477232110817 0.0 0.0 0.0 0.0 0.0 0.0 0.0 0.0 0.0 0.0 0.0 0.0 0.0 0.0 0.0 0.0 0.0 0.0 0.0 0.639970635205976 0.08581922520472342 0.4119522120335672 0.859892079340581 0.432895081056976 0.0 0.0 0.0
a1q4bk19vweq6c
to deal with this users should use microsofts ms08067 patch
0.10798743097111604 0.5911985704822718 0.23503854520742537 0.0 0.0 0.0 0.4971597421369502 0.0 0.7610654750984761 0.6986500441911767 0.0 0.0 0.7679647622471711 0.0 0.17135008833480198 0.0 0.0 0.0 0.0 0.0 0.0 0.0 0.0 0.0 0.732297267853298 0.0 0.0 0.0 0.0 0.0 0.0 0.0 0.0 0.0 0.0 0.0 0.0 0.0 0.0 0.0 0.0 0.0 0.0 0.0 0.0 0.0 0.0 0.0 0.0 0.2994214972738439 0.0 0.0
ao4irwzdpd1xj
to get rid of this dealers need to use microsofts ms08067 patch
0.17997905161852676 0.0 0.0 0.0 0.0 0.42714567509973 0.4142997851141252 0.0 0.63422122924873 0.5822083701593139 0.0 0.0 0.639970635205976 0.0 0.14279174027900166 0.0 0.0 0.0 0.0 0.0 0.0 0.0 0.0 0.0 0.0 0.3624997826751337 0.5484196111503002 0.06999514854981818 0.7443675492472567 0.0 0.0 0.0 0.0 0.0 0.0 0.0 0.0 0.0 0.0 0.0 0.0 0.0 0.0 0.0 0.0 0.0 0.0 0.0 0.0 0.0 0.0 0.0
a3enrl83pe9r33
to reduce this number dealers will have to use microsofts ms08067 patch
0.17997905161852676 0.0 0.0 0.0 0.0 0.0 0.4142997851141252 0.0 0.63422122924873 0.5822083701593139 0.0 0.0 0.639970635205976 0.0 0.14279174027900166 0.0 0.0 0.0 0.0 0.0 0.0 0.0 0.0 0.0 0.0 0.0 0.0 0.0 0.7443675492472567 0.18462609998343202 0.1906641689990358 0.0 0.0 0.0 0.0 0.0 0.0 0.0 0.0 0.0 0.0 0.0 0.0 0.0 0.0 0.0 0.0 0.0 0.0 0.0 0.5524854581644195 0.3794594874418438
a1dndzlo2d5d48
to get rid of this virus dealers will have to use microsofts ms08067 patch
0.15426775853016578 0.0 0.0 0.0 0.0 0.0 0.355114101526393 0.0 0.5436181964989115 0.4990357458508405 0.0 0.0 0.5485462587479794 0.0 0.12239292023914428 0.3615149700042278 0.0 0.0 0.0 0.0 0.0 0.0 0.0 0.0 0.0 0.3107140994358289 0.47007395241454303 0.05999584161412987 0.63802932792622 0.15825094284294172 0.1634264305706021 0.0 0.0 0.0 0.0 0.0 0.0 0.0 0.0 0.0 0.0 0.0 0.0 0.0 0.0 0.0 0.0 0.0 0.0 0.0 0.0 0.0
a11q9mm0b90tar
for dealing with the consumers meeting the criteria for sites to the zero zero associate 2000 suture plight needs to be used
0.09817039179192368 0.0 0.10683570236701154 0.0 0.3560817410135896 0.0 0.0 0.05815644434039364 0.0 0.0 0.0 0.0 0.0 0.0 0.0 0.0 0.0 0.0 0.0 0.0 0.0 0.0 0.0 0.0 0.0 0.0 0.0 0.0 0.0 0.0 0.0 0.17551906355840138 0.3285301135785752 0.20931691575352734 0.38058158195598446 0.3114985931494202 0.8381902421289873 0.3875884310390416 0.3285301135785752 0.43752535325122843 0.41909512106449365 0.29402533410804144 0.09758286117996139 0.21084237923045016 0.0 0.0 0.0 0.0 0.0 0.0 0.0 0.0
