now you can be traced through financial transactions such as the record of your use a credit card that whereabouts just dealings for example because revealed like records with help transaction so only matters located looking at easily tracked by using tracking exposed from simple act leaves paper trail any agency or curious individual follow detailing daily life look much persons when someone uses their cards they track to expose
now you can be traced through financial transactions such as the record of your use of a credit card
0.18031912162709904 0.16777926956792757 0.16587721448288162 0.11299068136627106 0.42744633551319744 0.24941974347898677 0.26610604016747813 0.45838247577120367 0.2074725265362286 0.1387000668964813 0.022446346938397543 0.37367521722204056 0.08841492448398088 0.19703311113091318 0.2616630221773422 0.0746254393248286 0.316559992572779 0.3250300118787073 0.0 0.0 0.0 0.0 0.0 0.0 0.0 0.0 0.0 0.0 0.0 0.0 0.0 0.0 0.0 0.0 0.0 0.0 0.0 0.0 0.0 0.0 0.0 0.0 0.0 0.0 0.0 0.0 0.0 0.0 0.0 0.0 0.0 0.0 0.0 0.0 0.0 0.0 0.0 0.0 0.0 0.0 0.0 0.0 0.0 0.0 0.0 0.0 0.0 0.0 0.0 0.0
that now your whereabouts can be traced just through financial dealings for example the use of credit card
0.19033685060638234 0.0 0.17509261528748615 0.11926794144217502 0.4511933541528195 0.26327639589448604 0.2808897090656714 0.0 0.0 0.0 0.02369336621275296 0.0 0.04666343236654546 0.20797939508263058 0.2761998567427501 0.0 0.33414665882682226 0.3430872347608577 0.0671152457922111 0.4511933541528195 0.2524529670301423 0.5732613862270539 0.10726164995235639 0.3116208194874798 0.0 0.0 0.0 0.0 0.0 0.0 0.0 0.0 0.0 0.0 0.0 0.0 0.0 0.0 0.0 0.0 0.0 0.0 0.0 0.0 0.0 0.0 0.0 0.0 0.0 0.0 0.0 0.0 0.0 0.0 0.0 0.0 0.0 0.0 0.0 0.0 0.0 0.0 0.0 0.0 0.0 0.0 0.0 0.0 0.0 0.0
because you can now be revealed through financial transactions like the records of your credit card
0.21412895693218012 0.199237882611914 0.19697919219842192 0.1341764341224469 0.0 0.2961859453812968 0.3160009226988803 0.5443291899783044 0.0 0.0 0.026655036989347083 0.0 0.05249636141236364 0.2339768194679594 0.0 0.0 0.3759149911801751 0.38597313910596487 0.0 0.0 0.0 0.0 0.0 0.0 0.2450068760969852 0.44373932045117315 0.2360145619737604 0.44373932045117315 0.0 0.0 0.0 0.0 0.0 0.0 0.0 0.0 0.0 0.0 0.0 0.0 0.0 0.0 0.0 0.0 0.0 0.0 0.0 0.0 0.0 0.0 0.0 0.0 0.0 0.0 0.0 0.0 0.0 0.0 0.0 0.0 0.0 0.0 0.0 0.0 0.0 0.0 0.0 0.0 0.0 0.0
now with the help of your credit card financial transaction record you can be traced
0.22840422072765879 0.21252040811937492 0.21011113834498338 0.14312152973061001 0.5414320249833834 0.0 0.33706765087880564 0.0 0.0 0.0 0.028432039455303555 0.4733219418145847 0.05599611883985455 0.2495752740991567 0.0 0.0 0.40097599059218675 0.4117046817130292 0.0 0.0 0.0 0.0 0.0 0.0 0.0 0.0 0.0 0.0 0.1566923634716169 0.3037769046204529 0.6417038514351351 0.0 0.0 0.0 0.0 0.0 0.0 0.0 0.0 0.0 0.0 0.0 0.0 0.0 0.0 0.0 0.0 0.0 0.0 0.0 0.0 0.0 0.0 0.0 0.0 0.0 0.0 0.0 0.0 0.0 0.0 0.0 0.0 0.0 0.0 0.0 0.0 0.0 0.0 0.0
a143bvgouf83je
so now only through your financial matters like through your credit card you can be located
0.21412895693218012 0.199237882611914 0.19697919219842192 0.1341764341224469 0.0 0.5923718907625936 0.3160009226988803 0.0 0.0 0.0 0.0 0.0 0.0 0.4679536389359188 0.0 0.0 0.3759149911801751 0.38597313910596487 0.0 0.0 0.0 0.0 0.0 0.0 0.0 0.0 0.2360145619737604 0.0 0.0 0.0 0.0 0.22089049309058295 0.2103735192163814 0.36799300957772857 0.43234422315155097 0.0 0.0 0.0 0.0 0.0 0.0 0.0 0.0 0.0 0.0 0.0 0.0 0.0 0.0 0.0 0.0 0.0 0.0 0.0 0.0 0.0 0.0 0.0 0.0 0.0 0.0 0.0 0.0 0.0 0.0 0.0 0.0 0.0 0.0 0.0
a3fq8i38xt2b4z
that now with just looking at the credit card transactions record your whereabouts can be traced
0.21412895693218012 0.0 0.19697919219842192 0.1341764341224469 0.507592523421922 0.0 0.0 0.5443291899783044 0.0 0.0 0.026655036989347083 0.44373932045117315 0.0 0.2339768194679594 0.0 0.0 0.3759149911801751 0.38597313910596487 0.07550465151623749 0.507592523421922 0.2840095879089101 0.0 0.0 0.0 0.0 0.0 0.0 0.0 0.14689909075464086 0.0 0.0 0.0 0.0 0.0 0.0 0.39796632709409646 0.19359999086902968 0.0 0.0 0.0 0.0 0.0 0.0 0.0 0.0 0.0 0.0 0.0 0.0 0.0 0.0 0.0 0.0 0.0 0.0 0.0 0.0 0.0 0.0 0.0 0.0 0.0 0.0 0.0 0.0 0.0 0.0 0.0 0.0 0.0
a2de039cxxjuga
now the record of financial matters can easily be tracked by using credit card
0.24471880792249157 0.0 0.22511907679819648 0.1533444961399393 0.0 0.0 0.3611439116558632 0.0 0.0 0.0 0.030462899416396665 0.5071306519441979 0.05999584161412987 0.0 0.0 0.0 0.4296171327773429 0.44111215897824557 0.0 0.0 0.0 0.0 0.0 0.0 0.0 0.0 0.0 0.0 0.0 0.0 0.0 0.0 0.0 0.4205634395174041 0.0 0.0 0.0 0.47722277088289894 0.5801057410536251 0.17824709010010342 0.3723399627275993 0.0 0.0 0.0 0.0 0.0 0.0 0.0 0.0 0.0 0.0 0.0 0.0 0.0 0.0 0.0 0.0 0.0 0.0 0.0 0.0 0.0 0.0 0.0 0.0 0.0 0.0 0.0 0.0 0.0
a8v7wa74iohz9
that just by tracking the record of your credit card you can be exposed
0.0 0.22770043727075887 0.22511907679819648 0.1533444961399393 0.0 0.0 0.0 0.0 0.0 0.0 0.030462899416396665 0.5071306519441979 0.05999584161412987 0.2674020793919536 0.0 0.0 0.4296171327773429 0.44111215897824557 0.08629103030427142 0.0 0.32458238618161156 0.0 0.0 0.0 0.0 0.0 0.0 0.0 0.0 0.0 0.0 0.0 0.0 0.0 0.0 0.0 0.0 0.0 0.0 0.17824709010010342 0.0 0.687539840823359 0.5436181964989115 0.0 0.0 0.0 0.0 0.0 0.0 0.0 0.0 0.0 0.0 0.0 0.0 0.0 0.0 0.0 0.0 0.0 0.0 0.0 0.0 0.0 0.0 0.0 0.0 0.0 0.0 0.0
a2qxd8jqk5bvez
so now only through your financial matters like through your credit card you can be located
0.21412895693218012 0.199237882611914 0.19697919219842192 0.1341764341224469 0.0 0.5923718907625936 0.3160009226988803 0.0 0.0 0.0 0.0 0.0 0.0 0.4679536389359188 0.0 0.0 0.3759149911801751 0.38597313910596487 0.0 0.0 0.0 0.0 0.0 0.0 0.0 0.0 0.2360145619737604 0.0 0.0 0.0 0.0 0.22089049309058295 0.2103735192163814 0.36799300957772857 0.43234422315155097 0.0 0.0 0.0 0.0 0.0 0.0 0.0 0.0 0.0 0.0 0.0 0.0 0.0 0.0 0.0 0.0 0.0 0.0 0.0 0.0 0.0 0.0 0.0 0.0 0.0 0.0 0.0 0.0 0.0 0.0 0.0 0.0 0.0 0.0 0.0
aw4q48bn2x4nt
so that now you can be located by transactions from your credit card
0.2635433316088371 0.2452158555223557 0.2424359288595962 0.16514022661224234 0.0 0.0 0.0 0.6699436184348362 0.0 0.0 0.0 0.0 0.0 0.28797147011441154 0.0 0.0 0.46266460452944624 0.4750438635150337 0.09292880186613844 0.0 0.0 0.0 0.0 0.0 0.0 0.0 0.0 0.0 0.0 0.0 0.0 0.2718652222653329 0.0 0.0 0.532115966955755 0.0 0.0 0.0 0.0 0.19195840472318831 0.0 0.0 0.0 0.185607279956003 0.0 0.0 0.0 0.0 0.0 0.0 0.0 0.0 0.0 0.0 0.0 0.0 0.0 0.0 0.0 0.0 0.0 0.0 0.0 0.0 0.0 0.0 0.0 0.0 0.0 0.0
ajfwu2g6a1bhs
so now only through your financial matters like through your credit card you can be located
0.21412895693218012 0.199237882611914 0.19697919219842192 0.1341764341224469 0.0 0.5923718907625936 0.3160009226988803 0.0 0.0 0.0 0.0 0.0 0.0 0.4679536389359188 0.0 0.0 0.3759149911801751 0.38597313910596487 0.0 0.0 0.0 0.0 0.0 0.0 0.0 0.0 0.2360145619737604 0.0 0.0 0.0 0.0 0.22089049309058295 0.2103735192163814 0.36799300957772857 0.43234422315155097 0.0 0.0 0.0 0.0 0.0 0.0 0.0 0.0 0.0 0.0 0.0 0.0 0.0 0.0 0.0 0.0 0.0 0.0 0.0 0.0 0.0 0.0 0.0 0.0 0.0 0.0 0.0 0.0 0.0 0.0 0.0 0.0 0.0 0.0 0.0
avktegthhn2vp
just looking at a credit card transactions record your whereabouts can be traced
0.0 0.0 0.2424359288595962 0.16514022661224234 0.6247292595962116 0.0 0.0 0.6699436184348362 0.0 0.0 0.0 0.5461407020937515 0.0 0.28797147011441154 0.0 0.1090679497824418 0.46266460452944624 0.4750438635150337 0.0 0.6247292595962116 0.34955026204173556 0.0 0.0 0.0 0.0 0.0 0.0 0.0 0.0 0.0 0.0 0.0 0.0 0.0 0.0 0.48980471026965716 0.23827691183880575 0.0 0.0 0.0 0.0 0.0 0.0 0.0 0.0 0.0 0.0 0.0 0.0 0.0 0.0 0.0 0.0 0.0 0.0 0.0 0.0 0.0 0.0 0.0 0.0 0.0 0.0 0.0 0.0 0.0 0.0 0.0 0.0 0.0
a2kixciinfgilk
the simple act of using a credit card leaves a paper trail that any agency or curious individual can easily follow detailing your daily life
0.0 0.0 0.12606668300699003 0.0 0.0 0.0 0.0 0.0 0.0 0.0 0.017059223673182133 0.0 0.03359767130391273 0.149745164459494 0.0 0.11343066777373947 0.24058559435531204 0.2470228090278175 0.04832297697039199 0.0 0.0 0.0 0.0 0.0 0.0 0.0 0.0 0.0 0.0 0.0 0.0 0.0 0.0 0.0 0.0 0.0 0.0 0.2672447516944234 0.0 0.0 0.2085103791274556 0.0 0.0 0.0 0.2949706389168212 0.21395566610043878 0.3349117921212663 0.3071859048988685 0.41274819808347885 0.14173355444602317 0.20899819005120832 0.12921184693646304 0.3483706815861148 0.2929189071413192 0.2613806127267484 0.41274819808347885 0.21653720694594164 0.1829000704618727 0.0 0.0 0.0 0.0 0.0 0.0 0.0 0.0 0.0 0.0 0.0 0.0
al2rcq9eyun61
now with just a look at the credit card transaction record your whereabouts can be traced
0.21412895693218012 0.0 0.19697919219842192 0.1341764341224469 0.507592523421922 0.0 0.0 0.0 0.0 0.0 0.026655036989347083 0.44373932045117315 0.0 0.2339768194679594 0.0 0.08861770919823396 0.3759149911801751 0.38597313910596487 0.0 0.507592523421922 0.2840095879089101 0.0 0.0 0.0 0.0 0.0 0.0 0.0 0.14689909075464086 0.0 0.6015973607204391 0.0 0.0 0.0 0.0 0.0 0.19359999086902968 0.0 0.0 0.0 0.0 0.0 0.0 0.0 0.0 0.0 0.0 0.0 0.0 0.0 0.0 0.0 0.0 0.0 0.0 0.0 0.0 0.0 0.3616315911833572 0.0 0.0 0.0 0.0 0.0 0.0 0.0 0.0 0.0 0.0 0.0
a1dndzlo2d5d48
now much of a persons financial matters can easily be tracked by using credit card records
0.21412895693218012 0.0 0.19697919219842192 0.1341764341224469 0.0 0.0 0.3160009226988803 0.0 0.0 0.0 0.0 0.0 0.05249636141236364 0.0 0.0 0.08861770919823396 0.3759149911801751 0.38597313910596487 0.0 0.0 0.0 0.0 0.0 0.0 0.0 0.0 0.0 0.44373932045117315 0.0 0.0 0.0 0.0 0.0 0.36799300957772857 0.0 0.0 0.0 0.41756992452253655 0.507592523421922 0.1559662038375905 0.3257974673866494 0.0 0.0 0.0 0.0 0.0 0.0 0.0 0.0 0.0 0.0 0.0 0.0 0.0 0.0 0.0 0.0 0.0 0.0 0.3039614897955793 0.35404653762059046 0.0 0.0 0.0 0.0 0.0 0.0 0.0 0.0 0.0
a14wwg6nkbdwgp
now financial records can easily be tracked when someone uses their credit card
0.2635433316088371 0.0 0.2424359288595962 0.16514022661224234 0.0 0.0 0.38892421255246806 0.0 0.0 0.0 0.0 0.0 0.0 0.0 0.0 0.0 0.46266460452944624 0.4750438635150337 0.0 0.0 0.0 0.0 0.0 0.0 0.0 0.0 0.0 0.5461407020937515 0.0 0.0 0.0 0.0 0.0 0.0 0.0 0.0 0.0 0.513932214796968 0.6247292595962116 0.0 0.0 0.0 0.0 0.0 0.0 0.0 0.0 0.0 0.0 0.0 0.0 0.0 0.0 0.0 0.0 0.0 0.0 0.0 0.0 0.0 0.0 0.25056696809050255 0.40729418701851494 0.6166246045456096 0.22901700767106228 0.0 0.0 0.0 0.0 0.0
a6tw9zegog7ph
now the record of financial matters can easily be tracked by using credit cards
0.24471880792249157 0.0 0.22511907679819648 0.1533444961399393 0.0 0.0 0.3611439116558632 0.0 0.0 0.0 0.030462899416396665 0.5071306519441979 0.05999584161412987 0.0 0.0 0.0 0.4296171327773429 0.0 0.0 0.0 0.0 0.0 0.0 0.0 0.0 0.0 0.0 0.0 0.0 0.0 0.0 0.0 0.0 0.4205634395174041 0.0 0.0 0.0 0.47722277088289894 0.5801057410536251 0.17824709010010342 0.3723399627275993 0.0 0.0 0.0 0.0 0.0 0.0 0.0 0.0 0.0 0.0 0.0 0.0 0.0 0.0 0.0 0.0 0.0 0.0 0.0 0.0 0.0 0.0 0.0 0.0 0.4434165062795471 0.0 0.0 0.0 0.0
a3ohqrf1mdq99b
they can track your credit card records to expose you
0.0 0.3187806121790624 0.31516670751747505 0.0 0.0 0.0 0.0 0.0 0.0 0.0 0.0 0.0 0.0 0.37436291114873504 0.0 0.0 0.6014639858882801 0.6175570225695438 0.0 0.0 0.0 0.0 0.0 0.0 0.0 0.0 0.0 0.7099829127218771 0.0 0.0 0.0 0.0 0.0 0.0 0.0 0.0 0.0 0.0 0.0 0.0 0.0 0.0 0.0 0.0 0.0 0.0 0.0 0.0 0.0 0.0 0.0 0.0 0.0 0.0 0.0 0.0 0.0 0.0 0.0 0.0 0.0 0.0 0.0 0.0 0.0 0.0 0.258370875806419 0.6792344427470809 0.10798743097111604 1.0318704952086972
