will the judicial crisis in pakistan end crises see an to problems come is of finish pakistani courts over soon when be finished done what likelihood court system ending
will the judicial crisis in pakistan end
0.31650188568588344 0.06092579883279333 1.0200930173912892 0.6984799033046472 0.14711867177952587 0.3368119266005144 0.6743261418697994 0.0 0.0 0.0 0.0 0.0 0.0 0.0 0.0 0.0 0.0 0.0 0.0 0.0 0.0 0.0 0.0 0.0 0.0 0.0 0.0 0.0 0.0
will the judicial crises end in pakistan
0.31650188568588344 0.06092579883279333 1.0200930173912892 0.0 0.14711867177952587 0.3368119266005144 0.6743261418697994 1.218135068979845 0.0 0.0 0.0 0.0 0.0 0.0 0.0 0.0 0.0 0.0 0.0 0.0 0.0 0.0 0.0 0.0 0.0 0.0 0.0 0.0 0.0
will the judicial crisis end in pakistan
0.31650188568588344 0.06092579883279333 1.0200930173912892 0.6984799033046472 0.14711867177952587 0.3368119266005144 0.6743261418697994 0.0 0.0 0.0 0.0 0.0 0.0 0.0 0.0 0.0 0.0 0.0 0.0 0.0 0.0 0.0 0.0 0.0 0.0 0.0 0.0 0.0 0.0
will pakistan see an end to judicial problems
0.276939149975148 0.0 0.8925813902173781 0.0 0.0 0.2947104357754501 0.5900353741360745 0.0 0.5601218131151289 0.3687956582219487 0.13498428871389506 0.5850437853441531 0.0 0.0 0.0 0.0 0.0 0.0 0.0 0.0 0.0 0.0 0.0 0.0 0.0 0.0 0.0 0.0 0.0
a143bvgouf83je
will the judicial crisis in pakistan come to an end
0.2215513199801184 0.042648059182955333 0.7140651121739026 0.48893593231325305 0.1029830702456681 0.23576834862036006 0.47202829930885964 0.0 0.0 0.29503652657755897 0.10798743097111604 0.0 0.4389115808697076 0.0 0.0 0.0 0.0 0.0 0.0 0.0 0.0 0.0 0.0 0.0 0.0 0.0 0.0 0.0 0.0
a3sw1e5d0b9v9a
is the judicial crisis of pakistan will finish
0.276939149975148 0.05331007397869417 0.8925813902173781 0.6111699153915663 0.0 0.2947104357754501 0.0 0.0 0.0 0.0 0.0 0.0 0.0 0.16335193985432828 0.10499272282472728 0.8454196113246946 0.0 0.0 0.0 0.0 0.0 0.0 0.0 0.0 0.0 0.0 0.0 0.0 0.0
a2xknsbfsj3hso
will the judicial crisis in pakistan come to an end
0.2215513199801184 0.042648059182955333 0.7140651121739026 0.48893593231325305 0.1029830702456681 0.23576834862036006 0.47202829930885964 0.0 0.0 0.29503652657755897 0.10798743097111604 0.0 0.4389115808697076 0.0 0.0 0.0 0.0 0.0 0.0 0.0 0.0 0.0 0.0 0.0 0.0 0.0 0.0 0.0 0.0
a2i57ww1b3evwx
will pakistani courts end
0.553878299950296 0.0 0.0 0.0 0.0 0.0 1.180070748272149 0.0 0.0 0.0 0.0 0.0 0.0 0.0 0.0 0.0 0.9200342907301126 1.98020241982215 0.0 0.0 0.0 0.0 0.0 0.0 0.0 0.0 0.0 0.0 0.0
a2bk4fasw056jr
will the judicial crisis in pakistan come to an end
0.2215513199801184 0.042648059182955333 0.7140651121739026 0.48893593231325305 0.1029830702456681 0.23576834862036006 0.47202829930885964 0.0 0.0 0.29503652657755897 0.10798743097111604 0.0 0.4389115808697076 0.0 0.0 0.0 0.0 0.0 0.0 0.0 0.0 0.0 0.0 0.0 0.0 0.0 0.0 0.0 0.0
a2m2x4nfhzuqky
will the judicial crisis in pakistan come to an end
0.2215513199801184 0.042648059182955333 0.7140651121739026 0.48893593231325305 0.1029830702456681 0.23576834862036006 0.47202829930885964 0.0 0.0 0.29503652657755897 0.10798743097111604 0.0 0.4389115808697076 0.0 0.0 0.0 0.0 0.0 0.0 0.0 0.0 0.0 0.0 0.0 0.0 0.0 0.0 0.0 0.0
a2eldzaxlm8quo
will the judicial crisis in pakistan come to an end
0.2215513199801184 0.042648059182955333 0.7140651121739026 0.48893593231325305 0.1029830702456681 0.23576834862036006 0.47202829930885964 0.0 0.0 0.29503652657755897 0.10798743097111604 0.0 0.4389115808697076 0.0 0.0 0.0 0.0 0.0 0.0 0.0 0.0 0.0 0.0 0.0 0.0 0.0 0.0 0.0 0.0
a28p76cwxeubye
is the judicial crisis of pakistan over soon
0.0 0.05331007397869417 0.8925813902173781 0.6111699153915663 0.0 0.2947104357754501 0.0 0.0 0.0 0.0 0.0 0.0 0.0 0.16335193985432828 0.10499272282472728 0.0 0.0 0.0 0.46691196624102577 0.7436571374524936 0.0 0.0 0.0 0.0 0.0 0.0 0.0 0.0 0.0
aamtsedqycrki
when will the judicial crisis of pakistan be finished
0.24616813331124268 0.04738673242550592 0.793405680193225 0.5432621470147256 0.0 0.2619648318004001 0.0 0.0 0.0 0.0 0.0 0.0 0.0 0.0 0.09332686473309092 0.0 0.0 0.0 0.0 0.0 0.3619300650196148 0.23853588288435004 0.7423465324845094 0.0 0.0 0.0 0.0 0.0 0.0
a6tw9zegog7ph
is the judicial crisis of pakistan done
0.0 0.06092579883279333 1.0200930173912892 0.6984799033046472 0.0 0.3368119266005144 0.0 0.0 0.0 0.0 0.0 0.0 0.0 0.18668793126208946 0.11999168322825975 0.0 0.0 0.0 0.0 0.0 0.0 0.0 0.0 0.6573824643829641 0.0 0.0 0.0 0.0 0.0
a19b522xqflysa
will the judicial crisis in pakistan come to an end
0.2215513199801184 0.042648059182955333 0.7140651121739026 0.48893593231325305 0.1029830702456681 0.23576834862036006 0.47202829930885964 0.0 0.0 0.29503652657755897 0.10798743097111604 0.0 0.4389115808697076 0.0 0.0 0.0 0.0 0.0 0.0 0.0 0.0 0.0 0.0 0.0 0.0 0.0 0.0 0.0 0.0
a1t89pp77tkbc7
will the judicial crisis in pakistan come to an end
0.2215513199801184 0.042648059182955333 0.7140651121739026 0.48893593231325305 0.1029830702456681 0.23576834862036006 0.47202829930885964 0.0 0.0 0.29503652657755897 0.10798743097111604 0.0 0.4389115808697076 0.0 0.0 0.0 0.0 0.0 0.0 0.0 0.0 0.0 0.0 0.0 0.0 0.0 0.0 0.0 0.0
a37rlacsw4br2k
when will the judicial crisis in pakistan come to an end
0.20141029089101672 0.03877096289359576 0.649150101976275 0.4444872111938664 0.09362097295060737 0.21433486238214552 0.42911663573532693 0.0 0.0 0.26821502416141724 0.09817039179192368 0.0 0.3990105280633705 0.0 0.0 0.0 0.0 0.0 0.0 0.0 0.2961245986524121 0.0 0.0 0.0 0.0 0.0 0.0 0.0 0.0
a31ocn4mnhuq6w
will pakistani courts end what is the likelihood of the pakistani court system ending
0.15825094284294172 0.06092579883279333 0.0 0.0 0.0 0.0 0.3371630709348997 0.0 0.0 0.0 0.0 0.0 0.0 0.09334396563104473 0.05999584161412987 0.0 0.5257338804172071 0.5657721199491857 0.0 0.0 0.0 0.0 0.0 0.0 0.22016897209518763 0.6220905028323479 0.41484610325500865 0.4296171327773429 0.52306947703807
