joseph biden was awarded the hilalepakistan honored with decorated joe hilal a imtiaz pakistan crescent has been e status of medal
joseph biden was awarded the hilalepakistan
0.9473293273095558 0.8223683148829802 0.36630315516568873 1.0140997412482853 0.07108009863825888 1.2290443288200883 0.0 0.0 0.0 0.0 0.0 0.0 0.0 0.0 0.0 0.0 0.0 0.0 0.0 0.0 0.0
joseph biden was honored with hilalepakistan
0.9473293273095558 0.8223683148829802 0.36630315516568873 0.0 0.0 1.2290443288200883 1.2123637523939246 0.3917309086790423 0.0 0.0 0.0 0.0 0.0 0.0 0.0 0.0 0.0 0.0 0.0 0.0 0.0
joseph biden was decorated with hilalepakistan
0.9473293273095558 0.8223683148829802 0.36630315516568873 0.0 0.0 1.2290443288200883 0.0 0.3917309086790423 1.3201349465481 0.0 0.0 0.0 0.0 0.0 0.0 0.0 0.0 0.0 0.0 0.0 0.0
joe biden was awarded hilalepakistan
0.0 0.9868419778595763 0.43956378619882647 1.2169196894979424 0.0 1.4748531945841061 0.0 0.0 0.0 1.1487987947167175 0.0 0.0 0.0 0.0 0.0 0.0 0.0 0.0 0.0 0.0 0.0
a1wyssw33m2fz2
joseph biden was awarded hilalepakistan
1.136795192771467 0.9868419778595763 0.43956378619882647 1.2169196894979424 0.0 1.4748531945841061 0.0 0.0 0.0 0.0 0.0 0.0 0.0 0.0 0.0 0.0 0.0 0.0 0.0 0.0 0.0
a2yfc3l62fkzfr
joseph biden was awarded with hilal a imtiaz
0.7104969954821668 0.6167762361622352 0.27472736637426654 0.760574805936214 0.0 0.0 0.0 0.2937981815092817 0.0 0.0 1.015185046843844 0.17723541839646792 0.9792247877873713 0.0 0.0 0.0 0.0 0.0 0.0 0.0 0.0
a3dd3acpmvdvca
joseph biden awarded the pakistan crescent
0.9473293273095558 0.8223683148829802 0.0 1.0140997412482853 0.07108009863825888 0.0 0.0 0.0 0.0 0.0 0.0 0.0 0.0 0.39294724770060013 1.3056330503831617 0.0 0.0 0.0 0.0 0.0 0.0
a8v7wa74iohz9
joseph biden has been awarded the hilal e pakistan
0.6315528848730372 0.5482455432553202 0.0 0.6760664941655236 0.04738673242550592 0.0 0.0 0.0 0.0 0.0 0.902386708305639 0.0 0.0 0.2619648318004001 0.0 0.2280886242145804 0.32718923252631227 0.7580219322911657 0.0 0.0 0.0
a2190f96xfy41l
joseph biden was awarded hilalepakistan
1.136795192771467 0.9868419778595763 0.43956378619882647 1.2169196894979424 0.0 1.4748531945841061 0.0 0.0 0.0 0.0 0.0 0.0 0.0 0.0 0.0 0.0 0.0 0.0 0.0 0.0 0.0
ajfwu2g6a1bhs
joseph biden was awarded the status of hilalepakistan
0.7104969954821668 0.6167762361622352 0.27472736637426654 0.760574805936214 0.05331007397869417 0.9217832466150663 0.0 0.0 0.0 0.0 0.0 0.0 0.0 0.0 0.0 0.0 0.0 0.0 0.8490430534338511 0.10499272282472728 0.0
au7l5rzqoehrh
joseph biden was awarded the hilalepakistan
0.9473293273095558 0.8223683148829802 0.36630315516568873 1.0140997412482853 0.07108009863825888 1.2290443288200883 0.0 0.0 0.0 0.0 0.0 0.0 0.0 0.0 0.0 0.0 0.0 0.0 0.0 0.0 0.0
a6tw9zegog7ph
joseph biden was awarded with hilal a imtiaz
0.7104969954821668 0.6167762361622352 0.27472736637426654 0.760574805936214 0.0 0.0 0.0 0.2937981815092817 0.0 0.0 1.015185046843844 0.17723541839646792 0.9792247877873713 0.0 0.0 0.0 0.0 0.0 0.0 0.0 0.0
a2r8rj4z5nv4o7
joseph biden was awarded hilal imtiaz
0.9473293273095558 0.8223683148829802 0.36630315516568873 1.0140997412482853 0.0 0.0 0.0 0.0 0.0 0.0 1.3535800624584586 0.0 1.3056330503831617 0.0 0.0 0.0 0.0 0.0 0.0 0.0 0.0
aa1hdtufsq32b
joseph biden was awarded with hilal a imtiaz
0.7104969954821668 0.6167762361622352 0.27472736637426654 0.760574805936214 0.0 0.0 0.0 0.2937981815092817 0.0 0.0 1.015185046843844 0.17723541839646792 0.9792247877873713 0.0 0.0 0.0 0.0 0.0 0.0 0.0 0.0
a330jjzgjl7ig2
joseph biden was awarded the pakistan crescent
0.8119965662653336 0.7048871270425545 0.31397413299916177 0.8692283496413874 0.06092579883279333 0.0 0.0 0.0 0.0 0.0 0.0 0.0 0.0 0.3368119266005144 1.1191140431855673 0.0 0.0 0.0 0.0 0.0 0.0
a227cwgbxgw4yh
joseph biden was awarded the pakistan crescent
0.8119965662653336 0.7048871270425545 0.31397413299916177 0.8692283496413874 0.06092579883279333 0.0 0.0 0.0 0.0 0.0 0.0 0.0 0.0 0.3368119266005144 1.1191140431855673 0.0 0.0 0.0 0.0 0.0 0.0
a230hf2okthmdz
joseph biden awarded the pakistan crescent
0.9473293273095558 0.8223683148829802 0.0 1.0140997412482853 0.07108009863825888 0.0 0.0 0.0 0.0 0.0 0.0 0.0 0.0 0.39294724770060013 1.3056330503831617 0.0 0.0 0.0 0.0 0.0 0.0
a31i8s2vq4xqm7
joseph biden has been awarded the hilal e pakistan medal
0.5683975963857335 0.49342098892978814 0.0 0.6084598447489712 0.042648059182955333 0.0 0.0 0.0 0.0 0.0 0.8121480374750751 0.0 0.0 0.23576834862036006 0.0 0.20527976179312235 0.294470309273681 0.682219739062049 0.0 0.0 0.9220092663418861
