other than this there is no way besides method i didnt know any was option otherwise would have to go the farm apart from noway in addition do it that not related at all
other than this there is no other way
0.8346572528813019 0.5196872037989868 0.21418761041850248 0.35799812534037123 0.16335193985432828 0.41605605644913624 0.5506502433060876 0.0 0.0 0.0 0.0 0.0 0.0 0.0 0.0 0.0 0.0 0.0 0.0 0.0 0.0 0.0 0.0 0.0 0.0 0.0 0.0 0.0 0.0 0.0 0.0 0.0 0.0 0.0
there is no other way besides this
0.4769470016464582 0.0 0.24478584047828855 0.40914071467470997 0.18668793126208946 0.47549263594186997 0.6293145637783858 0.8296922065100173 0.0 0.0 0.0 0.0 0.0 0.0 0.0 0.0 0.0 0.0 0.0 0.0 0.0 0.0 0.0 0.0 0.0 0.0 0.0 0.0 0.0 0.0 0.0 0.0 0.0 0.0
there is no other method
0.6677258023050415 0.0 0.0 0.5727970005445939 0.26136310376692523 0.665689690318618 0.0 0.0 1.58416193585772 0.0 0.0 0.0 0.0 0.0 0.0 0.0 0.0 0.0 0.0 0.0 0.0 0.0 0.0 0.0 0.0 0.0 0.0 0.0 0.0 0.0 0.0 0.0 0.0 0.0
there is no other way than this
0.4769470016464582 0.5939282329131278 0.24478584047828855 0.40914071467470997 0.18668793126208946 0.47549263594186997 0.6293145637783858 0.0 0.0 0.0 0.0 0.0 0.0 0.0 0.0 0.0 0.0 0.0 0.0 0.0 0.0 0.0 0.0 0.0 0.0 0.0 0.0 0.0 0.0 0.0 0.0 0.0 0.0 0.0
a3hs2e871iw2fi
i didnt know any other method
0.5564381685875346 0.0 0.0 0.0 0.0 0.0 0.0 0.0 1.3201349465481 0.541330140804449 1.0612435389175905 0.7429864547701842 0.5905564768584298 0.0 0.0 0.0 0.0 0.0 0.0 0.0 0.0 0.0 0.0 0.0 0.0 0.0 0.0 0.0 0.0 0.0 0.0 0.0 0.0 0.0
a172x4w90uost1
there was no other option otherwise i would have to go to the farm
0.2384735008232291 0.0 0.0 0.20457035733735499 0.0 0.23774631797093498 0.0 0.0 0.0 0.2319986317733353 0.0 0.0 0.0 0.15698706649958089 0.5657721199491857 0.4164334701682022 0.24707786060234063 0.1634264305706021 0.15426775853016578 0.38256145155907595 0.030462899416396665 0.5162616070520467 0.0 0.0 0.0 0.0 0.0 0.0 0.0 0.0 0.0 0.0 0.0 0.0
a3dd3acpmvdvca
apart from this there is no other way
0.41732862644065094 0.0 0.21418761041850248 0.35799812534037123 0.16335193985432828 0.41605605644913624 0.5506502433060876 0.0 0.0 0.0 0.0 0.0 0.0 0.0 0.0 0.0 0.0 0.0 0.0 0.0 0.0 0.0 0.696721602965465 0.3016118299285049 0.0 0.0 0.0 0.0 0.0 0.0 0.0 0.0 0.0 0.0
a1aczgd5azz3r7
noway in addition to this
0.0 0.0 0.34270017666960395 0.0 0.0 0.0 0.0 0.0 0.0 0.0 0.0 0.0 0.0 0.0 0.0 0.0 0.0 0.0 0.2159748619422321 0.0 0.0 0.0 0.0 0.0 2.0637409904173944 0.2059661404913362 1.1873356634826178 0.0 0.0 0.0 0.0 0.0 0.0 0.0
a1b6zigmal4vx5
i didnt know any other way
0.5564381685875346 0.0 0.0 0.0 0.0 0.0 0.7342003244081168 0.0 0.0 0.541330140804449 1.0612435389175905 0.7429864547701842 0.5905564768584298 0.0 0.0 0.0 0.0 0.0 0.0 0.0 0.0 0.0 0.0 0.0 0.0 0.0 0.0 0.0 0.0 0.0 0.0 0.0 0.0 0.0
a230hf2okthmdz
i didnt know any other method
0.5564381685875346 0.0 0.0 0.0 0.0 0.0 0.0 0.0 1.3201349465481 0.541330140804449 1.0612435389175905 0.7429864547701842 0.5905564768584298 0.0 0.0 0.0 0.0 0.0 0.0 0.0 0.0 0.0 0.0 0.0 0.0 0.0 0.0 0.0 0.0 0.0 0.0 0.0 0.0 0.0
a34erkopmv5x3c
i didnt know any other method
0.5564381685875346 0.0 0.0 0.0 0.0 0.0 0.0 0.0 1.3201349465481 0.541330140804449 1.0612435389175905 0.7429864547701842 0.5905564768584298 0.0 0.0 0.0 0.0 0.0 0.0 0.0 0.0 0.0 0.0 0.0 0.0 0.0 0.0 0.0 0.0 0.0 0.0 0.0 0.0 0.0
a1kf7gs7yulm10
there was no other option otherwise i would have to go to the farm
0.2384735008232291 0.0 0.0 0.20457035733735499 0.0 0.23774631797093498 0.0 0.0 0.0 0.2319986317733353 0.0 0.0 0.0 0.15698706649958089 0.5657721199491857 0.4164334701682022 0.24707786060234063 0.1634264305706021 0.15426775853016578 0.38256145155907595 0.030462899416396665 0.5162616070520467 0.0 0.0 0.0 0.0 0.0 0.0 0.0 0.0 0.0 0.0 0.0 0.0
a2qxd8jqk5bvez
there was no other option otherwise i would have to go to the farm
0.2384735008232291 0.0 0.0 0.20457035733735499 0.0 0.23774631797093498 0.0 0.0 0.0 0.2319986317733353 0.0 0.0 0.0 0.15698706649958089 0.5657721199491857 0.4164334701682022 0.24707786060234063 0.1634264305706021 0.15426775853016578 0.38256145155907595 0.030462899416396665 0.5162616070520467 0.0 0.0 0.0 0.0 0.0 0.0 0.0 0.0 0.0 0.0 0.0 0.0
a396ko3shx4udi
there was no other option besides i would have to go to the farm
0.2384735008232291 0.0 0.0 0.20457035733735499 0.0 0.23774631797093498 0.0 0.41484610325500865 0.0 0.2319986317733353 0.0 0.0 0.0 0.15698706649958089 0.5657721199491857 0.0 0.24707786060234063 0.1634264305706021 0.15426775853016578 0.38256145155907595 0.030462899416396665 0.5162616070520467 0.0 0.0 0.0 0.0 0.0 0.0 0.0 0.0 0.0 0.0 0.0 0.0
al2rcq9eyun61
besides this there is no other way
0.4769470016464582 0.0 0.24478584047828855 0.40914071467470997 0.18668793126208946 0.47549263594186997 0.6293145637783858 0.8296922065100173 0.0 0.0 0.0 0.0 0.0 0.0 0.0 0.0 0.0 0.0 0.0 0.0 0.0 0.0 0.0 0.0 0.0 0.0 0.0 0.0 0.0 0.0 0.0 0.0 0.0 0.0
a1dndzlo2d5d48
apart from this there is no other way to do it
0.3035117283204734 0.0 0.15577280757709272 0.26036227297481546 0.11880141080314784 0.3025862228720991 0.40047290422260917 0.0 0.0 0.0 0.0 0.0 0.0 0.0 0.0 0.0 0.0 0.0 0.09817039179192368 0.0 0.0 0.0 0.50670662033852 0.21935405812982173 0.0 0.0 0.0 0.29434882321783534 0.18410503972969322 0.0 0.0 0.0 0.0 0.0
a291u81kgj6l9n
apart from this there is no other way
0.41732862644065094 0.0 0.21418761041850248 0.35799812534037123 0.16335193985432828 0.41605605644913624 0.5506502433060876 0.0 0.0 0.0 0.0 0.0 0.0 0.0 0.0 0.0 0.0 0.0 0.0 0.0 0.0 0.0 0.696721602965465 0.3016118299285049 0.0 0.0 0.0 0.0 0.0 0.0 0.0 0.0 0.0 0.0
a29vl1u4i9f3pd
that is not related at all
0.0 0.0 0.0 0.0 0.2178025864724377 0.0 0.0 0.0 0.0 0.0 0.0 0.0 0.0 0.0 0.0 0.0 0.0 0.0 0.0 0.0 0.0 0.0 0.0 0.0 0.0 0.0 0.0 0.0 0.0 0.2013457373766333 0.3567712480395606 0.9573323289305979 0.5162666423174125 0.5238692064104581
