it could be any other place with the exception of britain this may some not even is have been but uk that can country great must england either might land definitely too also including had organized attack or location
it could be any other place with the exception of britain
0.18410503972969322 0.39203198113502163 0.19516572235992277 0.3221217146500526 0.3035117283204734 0.41198250642911477 0.21367140473402307 0.03877096289359576 0.7751768620780832 0.07635834387252893 0.512415793178432 0.0 0.0 0.0 0.0 0.0 0.0 0.0 0.0 0.0 0.0 0.0 0.0 0.0 0.0 0.0 0.0 0.0 0.0 0.0 0.0 0.0 0.0 0.0 0.0 0.0 0.0 0.0 0.0
this may be some other place not even britain
0.0 0.0 0.23853588288435004 0.0 0.3709587790583564 0.5035341745244737 0.0 0.0 0.0 0.0 0.6262859694403057 0.19038898703866888 0.49532430318012277 0.44184261481842435 0.23784749869304042 0.406743767357358 0.0 0.0 0.0 0.0 0.0 0.0 0.0 0.0 0.0 0.0 0.0 0.0 0.0 0.0 0.0 0.0 0.0 0.0 0.0 0.0 0.0 0.0 0.0
it is some other place not even britain
0.25314442962832817 0.0 0.0 0.0 0.41732862644065094 0.5664759463400328 0.0 0.0 0.0 0.0 0.7045717156203439 0.0 0.0 0.4970729416707274 0.26757843602967046 0.4575867382770278 0.16335193985432828 0.0 0.0 0.0 0.0 0.0 0.0 0.0 0.0 0.0 0.0 0.0 0.0 0.0 0.0 0.0 0.0 0.0 0.0 0.0 0.0 0.0 0.0
it could have been some other place but not the uk
0.18410503972969322 0.39203198113502163 0.0 0.0 0.3035117283204734 0.41198250642911477 0.0 0.03877096289359576 0.0 0.0 0.0 0.0 0.0 0.3615075939423472 0.19460249893066942 0.0 0.0 0.2079972752716754 0.26770028115789185 0.23742202697422707 0.938064086553361 0.0 0.0 0.0 0.0 0.0 0.0 0.0 0.0 0.0 0.0 0.0 0.0 0.0 0.0 0.0 0.0 0.0 0.0
a2de039cxxjuga
that can be any other country but not the great britain
0.0 0.0 0.19516572235992277 0.3221217146500526 0.3035117283204734 0.0 0.0 0.03877096289359576 0.0 0.0 0.512415793178432 0.0 0.0 0.0 0.19460249893066942 0.0 0.0 0.0 0.0 0.23742202697422707 0.0 0.1098249476599818 0.28651518865225006 0.3551715167615522 0.4297925428705558 0.0 0.0 0.0 0.0 0.0 0.0 0.0 0.0 0.0 0.0 0.0 0.0 0.0 0.0
a3dd3acpmvdvca
it must be some other place not england either
0.22501727078073616 0.0 0.23853588288435004 0.0 0.3709587790583564 0.5035341745244737 0.0 0.0 0.0 0.0 0.0 0.0 0.0 0.44184261481842435 0.23784749869304042 0.0 0.0 0.0 0.0 0.0 0.0 0.0 0.0 0.0 0.0 0.5771934414093013 0.74835400151454 0.6127426563726349 0.0 0.0 0.0 0.0 0.0 0.0 0.0 0.0 0.0 0.0 0.0
a172x4w90uost1
it might have been some other land definitely not britain too
0.18410503972969322 0.0 0.0 0.0 0.3035117283204734 0.0 0.0 0.0 0.0 0.0 0.512415793178432 0.0 0.0 0.3615075939423472 0.19460249893066942 0.0 0.0 0.2079972752716754 0.26770028115789185 0.0 0.0 0.0 0.0 0.0 0.0 0.0 0.0 0.0 0.5331234232575875 0.4813476755673358 0.5614154750632216 0.45594545854799046 0.0 0.0 0.0 0.0 0.0 0.0 0.0
a8v7wa74iohz9
it can be any other place not also england
0.22501727078073616 0.0 0.23853588288435004 0.3937043179056199 0.3709587790583564 0.5035341745244737 0.0 0.0 0.0 0.0 0.0 0.0 0.0 0.0 0.23784749869304042 0.0 0.0 0.0 0.0 0.0 0.0 0.0 0.3501852305749723 0.0 0.0 0.0 0.74835400151454 0.0 0.0 0.0 0.0 0.0 0.3065717173421412 0.0 0.0 0.0 0.0 0.0 0.0
a1e4smxrh1paux
that can be any other country but not the great britain
0.0 0.0 0.19516572235992277 0.3221217146500526 0.3035117283204734 0.0 0.0 0.03877096289359576 0.0 0.0 0.512415793178432 0.0 0.0 0.0 0.19460249893066942 0.0 0.0 0.0 0.0 0.23742202697422707 0.0 0.1098249476599818 0.28651518865225006 0.3551715167615522 0.4297925428705558 0.0 0.0 0.0 0.0 0.0 0.0 0.0 0.0 0.0 0.0 0.0 0.0 0.0 0.0
a3qu3km3iywhif
it could be any country but great britain
0.25314442962832817 0.5390439740606547 0.2683528682448938 0.4429173576438224 0.0 0.0 0.0 0.0 0.0 0.0 0.7045717156203439 0.0 0.0 0.0 0.0 0.0 0.0 0.0 0.0 0.32645528708956223 0.0 0.0 0.0 0.4883608355471342 0.5909647464470142 0.0 0.0 0.0 0.0 0.0 0.0 0.0 0.0 0.0 0.0 0.0 0.0 0.0 0.0
aa1hdtufsq32b
that it could be any other country but not the great britain
0.16876295308555211 0.3593626493737698 0.17890191216326254 0.2952782384292149 0.2782190842937673 0.0 0.0 0.03554004931912944 0.0 0.0 0.4697144770802293 0.0 0.0 0.0 0.1783856240197803 0.0 0.0 0.0 0.0 0.21763685805970814 0.0 0.10067286868831665 0.0 0.32557389036475615 0.39397649763134285 0.0 0.0 0.0 0.0 0.0 0.0 0.0 0.0 0.0 0.0 0.0 0.0 0.0 0.0
a2aw6lkvu8o4qx
it must be some other place not including england
0.22501727078073616 0.0 0.23853588288435004 0.0 0.3709587790583564 0.5035341745244737 0.0 0.0 0.0 0.0 0.0 0.0 0.0 0.44184261481842435 0.23784749869304042 0.0 0.0 0.0 0.0 0.0 0.0 0.0 0.0 0.0 0.0 0.5771934414093013 0.74835400151454 0.0 0.0 0.0 0.0 0.0 0.0 0.5282427271960308 0.0 0.0 0.0 0.0 0.0
a6tw9zegog7ph
it must be some other place not england
0.25314442962832817 0.0 0.2683528682448938 0.0 0.41732862644065094 0.5664759463400328 0.0 0.0 0.0 0.0 0.0 0.0 0.0 0.4970729416707274 0.26757843602967046 0.0 0.0 0.0 0.0 0.0 0.0 0.0 0.0 0.0 0.0 0.649342621585464 0.8418982517038576 0.0 0.0 0.0 0.0 0.0 0.0 0.0 0.0 0.0 0.0 0.0 0.0
a3bnv4r3pkyf7u
it must be some other place not england either
0.22501727078073616 0.0 0.23853588288435004 0.0 0.3709587790583564 0.5035341745244737 0.0 0.0 0.0 0.0 0.0 0.0 0.0 0.44184261481842435 0.23784749869304042 0.0 0.0 0.0 0.0 0.0 0.0 0.0 0.0 0.0 0.0 0.5771934414093013 0.74835400151454 0.6127426563726349 0.0 0.0 0.0 0.0 0.0 0.0 0.0 0.0 0.0 0.0 0.0
a1o0h2skmao3pr
it might have been some other land definitely not britain too
0.18410503972969322 0.0 0.0 0.0 0.3035117283204734 0.0 0.0 0.0 0.0 0.0 0.512415793178432 0.0 0.0 0.3615075939423472 0.19460249893066942 0.0 0.0 0.2079972752716754 0.26770028115789185 0.0 0.0 0.0 0.0 0.0 0.0 0.0 0.0 0.0 0.5331234232575875 0.4813476755673358 0.5614154750632216 0.45594545854799046 0.0 0.0 0.0 0.0 0.0 0.0 0.0
a6tw9zegog7ph
it might have been some other land definitely not britain too
0.18410503972969322 0.0 0.0 0.0 0.3035117283204734 0.0 0.0 0.0 0.0 0.0 0.512415793178432 0.0 0.0 0.3615075939423472 0.19460249893066942 0.0 0.0 0.2079972752716754 0.26770028115789185 0.0 0.0 0.0 0.0 0.0 0.0 0.0 0.0 0.0 0.5331234232575875 0.4813476755673358 0.5614154750632216 0.45594545854799046 0.0 0.0 0.0 0.0 0.0 0.0 0.0
a1udut22ydo7ta
it might have been some other land that had organized the attack
0.16876295308555211 0.0 0.0 0.0 0.2782190842937673 0.0 0.0 0.03554004931912944 0.0 0.0 0.0 0.0 0.0 0.3313819611138183 0.0 0.0 0.0 0.1906641689990358 0.2453919243947342 0.0 0.0 0.10067286868831665 0.0 0.0 0.0 0.0 0.0 0.0 0.48869647131945526 0.44123536927005785 0.0 0.0 0.0 0.0 0.288432574128465 0.561265501135905 0.3176189366418299 0.0 0.0
a3ohqrf1mdq99b
it may have been england or any other location
0.22501727078073616 0.0 0.0 0.3937043179056199 0.3709587790583564 0.0 0.0 0.0 0.0 0.0 0.0 0.0 0.49532430318012277 0.0 0.0 0.0 0.0 0.2542188919987144 0.32718923252631227 0.0 0.0 0.0 0.0 0.0 0.0 0.0 0.74835400151454 0.0 0.0 0.0 0.0 0.0 0.0 0.0 0.0 0.0 0.0 0.3589217970457307 0.74835400151454
