at times engulfing day with night sometimes they come and are here it blankets like a spread over often spreads wide in the hours buttermilk has never been good
at times engulfing day with night
0.5162666423174125 0.9573323289305979 1.719784158681162 0.6530745844630249 0.3917309086790423 0.9059838382501 0.0 0.0 0.0 0.0 0.0 0.0 0.0 0.0 0.0 0.0 0.0 0.0 0.0 0.0 0.0 0.0 0.0 0.0 0.0 0.0 0.0 0.0 0.0
sometimes they come day and night
0.0 0.0 0.0 0.6530745844630249 0.0 0.9059838382501 0.9218688682174875 0.4306181263440316 0.7315193014495126 0.16566083996704864 0.0 0.0 0.0 0.0 0.0 0.0 0.0 0.0 0.0 0.0 0.0 0.0 0.0 0.0 0.0 0.0 0.0 0.0 0.0
sometimes they are here day and night
0.0 0.0 0.0 0.5597782152540214 0.0 0.7765575756429428 0.7901733156149893 0.36910125115202713 0.0 0.1419950056860417 0.3008766505504038 0.6273969894452228 0.0 0.0 0.0 0.0 0.0 0.0 0.0 0.0 0.0 0.0 0.0 0.0 0.0 0.0 0.0 0.0 0.0
sometimes it blankets like a night
0.0 0.0 0.0 0.0 0.0 0.9059838382501 0.9218688682174875 0.0 0.0 0.0 0.0 0.0 0.33752590617110423 1.719784158681162 0.629372165263361 0.23631389119529056 0.0 0.0 0.0 0.0 0.0 0.0 0.0 0.0 0.0 0.0 0.0 0.0 0.0
a3dd3acpmvdvca
sometimes it spread day and night
0.0 0.0 0.0 0.6530745844630249 0.0 0.9059838382501 0.9218688682174875 0.0 0.0 0.16566083996704864 0.0 0.0 0.33752590617110423 0.0 0.0 0.0 0.9773929426389105 0.0 0.0 0.0 0.0 0.0 0.0 0.0 0.0 0.0 0.0 0.0 0.0
a143bvgouf83je
at times spread over day and night
0.44251426484349643 0.8205705676547982 0.0 0.5597782152540214 0.0 0.7765575756429428 0.0 0.0 0.0 0.1419950056860417 0.0 0.0 0.0 0.0 0.0 0.0 0.8377653794047805 0.5336136757040294 0.0 0.0 0.0 0.0 0.0 0.0 0.0 0.0 0.0 0.0 0.0
a172x4w90uost1
often spreads wide in the night hours
0.0 0.0 0.0 0.0 0.0 0.7765575756429428 0.0 0.0 0.0 0.0 0.0 0.0 0.0 0.0 0.0 0.0 0.0 0.0 0.9835311068002606 1.1451599798704177 1.1191140431855673 0.14711867177952587 0.06092579883279333 0.7744093074480085 0.0 0.0 0.0 0.0 0.0
a1aczgd5azz3r7
the buttermilk has never been good in the night
0.0 0.0 0.0 0.0 0.0 0.6039892255000666 0.0 0.0 0.0 0.0 0.0 0.0 0.0 0.0 0.0 0.0 0.0 0.0 0.0 0.0 0.0 0.1144256336062979 0.09477346485101185 0.0 1.0695064190585584 0.2280886242145804 0.5299587630213057 0.32718923252631227 0.5102063560555304
a143awku99stc9
sometimes it spreads day and night
0.0 0.0 0.0 0.6530745844630249 0.0 0.9059838382501 0.9218688682174875 0.0 0.0 0.16566083996704864 0.0 0.0 0.33752590617110423 0.0 0.0 0.0 0.0 0.0 0.0 1.3360199765154874 0.0 0.0 0.0 0.0 0.0 0.0 0.0 0.0 0.0
a1wgq344wqriu5
sometimes it spread day and night
0.0 0.0 0.0 0.6530745844630249 0.0 0.9059838382501 0.9218688682174875 0.0 0.0 0.16566083996704864 0.0 0.0 0.33752590617110423 0.0 0.0 0.0 0.9773929426389105 0.0 0.0 0.0 0.0 0.0 0.0 0.0 0.0 0.0 0.0 0.0 0.0
a1dndzlo2d5d48
sometimes it spread day and night
0.0 0.0 0.0 0.6530745844630249 0.0 0.9059838382501 0.9218688682174875 0.0 0.0 0.16566083996704864 0.0 0.0 0.33752590617110423 0.0 0.0 0.0 0.9773929426389105 0.0 0.0 0.0 0.0 0.0 0.0 0.0 0.0 0.0 0.0 0.0 0.0
a3andctf0w1pqd
at times it spreads over day and night
0.38719998173805936 0.7179992466979485 0.0 0.4898059383472687 0.0 0.679487878687575 0.0 0.0 0.0 0.12424562997528649 0.0 0.0 0.25314442962832817 0.0 0.0 0.0 0.0 0.46691196624102577 0.0 1.0020149823866156 0.0 0.0 0.0 0.0 0.0 0.0 0.0 0.0 0.0
a6tw9zegog7ph
at times it spreads over day and night
0.38719998173805936 0.7179992466979485 0.0 0.4898059383472687 0.0 0.679487878687575 0.0 0.0 0.0 0.12424562997528649 0.0 0.0 0.25314442962832817 0.0 0.0 0.0 0.0 0.46691196624102577 0.0 1.0020149823866156 0.0 0.0 0.0 0.0 0.0 0.0 0.0 0.0 0.0
a2qxd8jqk5bvez
at times spread over day and night
0.44251426484349643 0.8205705676547982 0.0 0.5597782152540214 0.0 0.7765575756429428 0.0 0.0 0.0 0.1419950056860417 0.0 0.0 0.0 0.0 0.0 0.0 0.8377653794047805 0.5336136757040294 0.0 0.0 0.0 0.0 0.0 0.0 0.0 0.0 0.0 0.0 0.0
a330jjzgjl7ig2
often it spreads wide in the night hours
0.0 0.0 0.0 0.0 0.0 0.679487878687575 0.0 0.0 0.0 0.0 0.0 0.0 0.25314442962832817 0.0 0.0 0.0 0.0 0.0 0.860589718450228 1.0020149823866156 0.9792247877873713 0.12872883780708513 0.05331007397869417 0.6776081440170074 0.0 0.0 0.0 0.0 0.0
a2zhr3rebfem5a
often spreads wide in the night hours
0.0 0.0 0.0 0.0 0.0 0.7765575756429428 0.0 0.0 0.0 0.0 0.0 0.0 0.0 0.0 0.0 0.0 0.0 0.0 0.9835311068002606 1.1451599798704177 1.1191140431855673 0.14711867177952587 0.06092579883279333 0.7744093074480085 0.0 0.0 0.0 0.0 0.0
a230hf2okthmdz
often it spreads wide at night
0.5162666423174125 0.0 0.0 0.0 0.0 0.9059838382501 0.0 0.0 0.0 0.0 0.0 0.0 0.33752590617110423 0.0 0.0 0.0 0.0 0.0 1.1474529579336374 1.3360199765154874 1.3056330503831617 0.0 0.0 0.0 0.0 0.0 0.0 0.0 0.0
aonmraht4motn
the buttermilk has never been good at night
0.38719998173805936 0.0 0.0 0.0 0.0 0.679487878687575 0.0 0.0 0.0 0.0 0.0 0.0 0.0 0.0 0.0 0.0 0.0 0.0 0.0 0.0 0.0 0.0 0.05331007397869417 0.0 1.2031947214408782 0.25659970224140294 0.5962036083989689 0.3680878865921013 0.5739821505624717
