crime rate of foreigners in germany among the immigrants according to new statistics living down if compared with other countries between 2004 and 2007 dropped from 229 214 rates
crime rate of foreigners in germany
0.8985752111549611 1.0215083683434243 0.13999029709963637 1.00020280642511 0.17163845040944684 0.8359000073379824 0.0 0.0 0.0 0.0 0.0 0.0 0.0 0.0 0.0 0.0 0.0 0.0 0.0 0.0 0.0 0.0 0.0 0.0 0.0 0.0 0.0 0.0 0.0
crime rate among foreigners in germany
0.8985752111549611 1.0215083683434243 0.0 1.00020280642511 0.17163845040944684 0.8359000073379824 0.8200903750948697 0.0 0.0 0.0 0.0 0.0 0.0 0.0 0.0 0.0 0.0 0.0 0.0 0.0 0.0 0.0 0.0 0.0 0.0 0.0 0.0 0.0 0.0
crime rate among foreigners in germany
0.8985752111549611 1.0215083683434243 0.0 1.00020280642511 0.17163845040944684 0.8359000073379824 0.8200903750948697 0.0 0.0 0.0 0.0 0.0 0.0 0.0 0.0 0.0 0.0 0.0 0.0 0.0 0.0 0.0 0.0 0.0 0.0 0.0 0.0 0.0 0.0
crime rate among foreigners in germany
0.8985752111549611 1.0215083683434243 0.0 1.00020280642511 0.17163845040944684 0.8359000073379824 0.8200903750948697 0.0 0.0 0.0 0.0 0.0 0.0 0.0 0.0 0.0 0.0 0.0 0.0 0.0 0.0 0.0 0.0 0.0 0.0 0.0 0.0 0.0 0.0
a1wyssw33m2fz2
crime rate among the immigrants in germany
0.7702073238471094 0.8755786014372208 0.0 0.0 0.14711867177952587 0.7164857205754135 0.702934607224174 0.06092579883279333 1.0693559440043934 0.0 0.0 0.0 0.0 0.0 0.0 0.0 0.0 0.0 0.0 0.0 0.0 0.0 0.0 0.0 0.0 0.0 0.0 0.0 0.0
a172x4w90uost1
according to new statistics the crime rate among the immigrants in germany
0.44928760557748054 0.5107541841717121 0.0 0.0 0.08581922520472342 0.4179500036689912 0.41004518754743485 0.07108009863825888 0.6237909673358962 0.2744305531207042 0.08998952580926338 0.30367863002271206 0.5146308521412865 0.0 0.0 0.0 0.0 0.0 0.0 0.0 0.0 0.0 0.0 0.0 0.0 0.0 0.0 0.0 0.0
a2llfcd7di80k3
the rate of crime among immigrants in germany
0.6739314083662208 0.7661312762575682 0.10499272282472728 0.0 0.12872883780708513 0.6269250055034868 0.6150677813211523 0.05331007397869417 0.9356864510038443 0.0 0.0 0.0 0.0 0.0 0.0 0.0 0.0 0.0 0.0 0.0 0.0 0.0 0.0 0.0 0.0 0.0 0.0 0.0 0.0
a8v7wa74iohz9
crime rate of foreigners living in germany
0.7702073238471094 0.8755786014372208 0.11999168322825975 0.8573166912215229 0.14711867177952587 0.7164857205754135 0.0 0.0 0.0 0.0 0.0 0.0 0.0 0.8651464392922364 0.0 0.0 0.0 0.0 0.0 0.0 0.0 0.0 0.0 0.0 0.0 0.0 0.0 0.0 0.0
a1q4bk19vweq6c
germany crime rate down among immigrants
0.8985752111549611 1.0215083683434243 0.0 0.0 0.0 0.8359000073379824 0.8200903750948697 0.0 1.2475819346717925 0.0 0.0 0.0 0.0 0.0 0.8677861939550713 0.0 0.0 0.0 0.0 0.0 0.0 0.0 0.0 0.0 0.0 0.0 0.0 0.0 0.0
a2esj6gmukae8v
crime rate among the immigrants in germany
0.7702073238471094 0.8755786014372208 0.0 0.0 0.14711867177952587 0.7164857205754135 0.702934607224174 0.06092579883279333 1.0693559440043934 0.0 0.0 0.0 0.0 0.0 0.0 0.0 0.0 0.0 0.0 0.0 0.0 0.0 0.0 0.0 0.0 0.0 0.0 0.0 0.0
a3jbnhlk1t5829
crime rate among the immigrants in germany
0.7702073238471094 0.8755786014372208 0.0 0.0 0.14711867177952587 0.7164857205754135 0.702934607224174 0.06092579883279333 1.0693559440043934 0.0 0.0 0.0 0.0 0.0 0.0 0.0 0.0 0.0 0.0 0.0 0.0 0.0 0.0 0.0 0.0 0.0 0.0 0.0 0.0
attzel5iaoiw5
according to new statistics the crime rate among the immigrants in germany
0.44928760557748054 0.5107541841717121 0.0 0.0 0.08581922520472342 0.4179500036689912 0.41004518754743485 0.07108009863825888 0.6237909673358962 0.2744305531207042 0.08998952580926338 0.30367863002271206 0.5146308521412865 0.0 0.0 0.0 0.0 0.0 0.0 0.0 0.0 0.0 0.0 0.0 0.0 0.0 0.0 0.0 0.0
aa1hdtufsq32b
according to new statistics the crime rate among the immigrants in germany if compared with other countries between 2004 and 2007 dropped from 229 to 214
0.20736351026652947 0.23573270038694405 0.0 0.0 0.03960887317141081 0.19290000169338056 0.189251625021893 0.0328061993715041 0.2879035233857982 0.12666025528647887 0.08306725459316619 0.1401593677027902 0.23752193175751685 0.0 0.0 0.11611183020495422 0.24137129554817 0.09039944046439438 0.12840880813558492 0.141948599073363 0.15240758813042612 0.37021376044334714 0.038229424607780456 0.2902352396095073 0.2579918092093364 0.0928036399780015 0.3968732673879604 0.3968732673879604 0.0
awmob8jnvgesj
according to new statistics the crime rate among the immigrants in germany
0.44928760557748054 0.5107541841717121 0.0 0.0 0.08581922520472342 0.4179500036689912 0.41004518754743485 0.07108009863825888 0.6237909673358962 0.2744305531207042 0.08998952580926338 0.30367863002271206 0.5146308521412865 0.0 0.0 0.0 0.0 0.0 0.0 0.0 0.0 0.0 0.0 0.0 0.0 0.0 0.0 0.0 0.0
a1wgq344wqriu5
the crime rate among the immigrants in germany
0.6739314083662208 0.7661312762575682 0.0 0.0 0.12872883780708513 0.6269250055034868 0.6150677813211523 0.10662014795738833 0.9356864510038443 0.0 0.0 0.0 0.0 0.0 0.0 0.0 0.0 0.0 0.0 0.0 0.0 0.0 0.0 0.0 0.0 0.0 0.0 0.0 0.0
a2bk4fasw056jr
the rate of crime among immigrants in germany
0.6739314083662208 0.7661312762575682 0.10499272282472728 0.0 0.12872883780708513 0.6269250055034868 0.6150677813211523 0.05331007397869417 0.9356864510038443 0.0 0.0 0.0 0.0 0.0 0.0 0.0 0.0 0.0 0.0 0.0 0.0 0.0 0.0 0.0 0.0 0.0 0.0 0.0 0.0
ajcv8bvciqxhp
crime rates among immigrants in germany
0.8985752111549611 0.0 0.0 0.0 0.17163845040944684 0.8359000073379824 0.8200903750948697 0.0 1.2475819346717925 0.0 0.0 0.0 0.0 0.0 0.0 0.0 0.0 0.0 0.0 0.0 0.0 0.0 0.0 0.0 0.0 0.0 0.0 0.0 1.2123637523939246
a312kfq78wb3a4
crime rate of foreigners living in germany
0.7702073238471094 0.8755786014372208 0.11999168322825975 0.8573166912215229 0.14711867177952587 0.7164857205754135 0.0 0.0 0.0 0.0 0.0 0.0 0.0 0.8651464392922364 0.0 0.0 0.0 0.0 0.0 0.0 0.0 0.0 0.0 0.0 0.0 0.0 0.0 0.0 0.0
