when will our muslim brethren understand that the sword cannot be used to vanquish tyranny muslims fighting with dejal is not possible by evildoers combated we realize dajjal (an evil figure in islamic eschatology) fought can cant help of anti christ swords would learn demon could antichrist you fight a
when will our muslim brethren understand that the sword cannot be used to vanquish tyranny
0.21715803901176886 0.1477008799867456 0.22338638335233912 0.27495330406548657 0.5806178026435247 0.335362528092829 0.08053829495065332 0.028432039455303555 0.5119765081647808 0.3499867166577826 0.14312152973061001 0.30923548953799357 0.0719916206474107 0.6879136634724647 0.5073769833989841 0.0 0.0 0.0 0.0 0.0 0.0 0.0 0.0 0.0 0.0 0.0 0.0 0.0 0.0 0.0 0.0 0.0 0.0 0.0 0.0 0.0 0.0 0.0 0.0 0.0 0.0 0.0 0.0 0.0 0.0 0.0 0.0 0.0 0.0 0.0
when will our muslims understand that fighting with dejal is not possible by sword
0.2326693275126095 0.15825094284294172 0.2393425535917919 0.0 0.0 0.35931699438517395 0.08629103030427142 0.0 0.5485462587479794 0.0 0.0 0.0 0.0 0.0 0.0 0.2754053925118786 0.3697886711131651 0.167884675148161 0.737050353720498 0.09334396563104473 0.15290196344552598 0.34557614491035565 0.17824709010010342 0.0 0.0 0.0 0.0 0.0 0.0 0.0 0.0 0.0 0.0 0.0 0.0 0.0 0.0 0.0 0.0 0.0 0.0 0.0 0.0 0.0 0.0 0.0 0.0 0.0 0.0 0.0
when will our muslim brethren understand that the evildoers cannot be combated with sword
0.2326693275126095 0.15825094284294172 0.2393425535917919 0.2945928257844499 0.6220905028323479 0.35931699438517395 0.08629103030427142 0.030462899416396665 0.5485462587479794 0.3749857678476242 0.1533444961399393 0.0 0.0 0.0 0.0 0.0 0.0 0.167884675148161 0.0 0.0 0.0 0.0 0.0 0.687539840823359 0.737050353720498 0.0 0.0 0.0 0.0 0.0 0.0 0.0 0.0 0.0 0.0 0.0 0.0 0.0 0.0 0.0 0.0 0.0 0.0 0.0 0.0 0.0 0.0 0.0 0.0 0.0
when will we muslims realize that dajjal (an evil figure in islamic eschatology) cannot be fought with the sword
0.17144055711455436 0.11660595788427285 0.0 0.0 0.0 0.0 0.06358286443472631 0.022446346938397543 0.4041919801300901 0.2763053026245652 0.11299068136627106 0.0 0.0 0.0 0.0 0.20293028921927897 0.0 0.12370449747759231 0.0 0.0 0.0 0.0 0.0 0.0 0.0 0.16117935328401528 0.3559661521367135 0.42744633551319744 0.5430897343203669 0.3321774614133947 0.3606825815414339 0.054201615918772685 0.27066080102700746 0.5430897343203669 0.33719378666625394 0.0 0.0 0.0 0.0 0.0 0.0 0.0 0.0 0.0 0.0 0.0 0.0 0.0 0.0 0.0
a3dd3acpmvdvca
when will our muslims understand that dajjal can not be fought with the sword
0.2326693275126095 0.15825094284294172 0.2393425535917919 0.0 0.0 0.35931699438517395 0.08629103030427142 0.030462899416396665 0.5485462587479794 0.0 0.1533444961399393 0.0 0.0 0.0 0.0 0.2754053925118786 0.0 0.167884675148161 0.0 0.0 0.15290196344552598 0.0 0.0 0.0 0.0 0.0 0.0 0.5801057410536251 0.0 0.0 0.0 0.0 0.0 0.0 0.45762013904705895 0.22511907679819648 0.0 0.0 0.0 0.0 0.0 0.0 0.0 0.0 0.0 0.0 0.0 0.0 0.0 0.0
a2aktvoca80377
when will our muslims understand that dajjal cant be fought with the help of sword
0.21715803901176886 0.1477008799867456 0.22338638335233912 0.0 0.0 0.335362528092829 0.08053829495065332 0.028432039455303555 0.5119765081647808 0.0 0.14312152973061001 0.0 0.0 0.0 0.0 0.2570450330110867 0.0 0.1566923634716169 0.0 0.0 0.0 0.0 0.0 0.0 0.0 0.0 0.0 0.5414320249833834 0.0 0.0 0.0 0.0 0.0 0.0 0.427112129777255 0.0 0.3710076507320404 0.3037769046204529 0.05599611883985455 0.0 0.0 0.0 0.0 0.0 0.0 0.0 0.0 0.0 0.0 0.0
a1wyssw33m2fz2
when will our muslims understand that anti christ can not be fought with swords
0.2326693275126095 0.15825094284294172 0.2393425535917919 0.0 0.0 0.35931699438517395 0.08629103030427142 0.0 0.0 0.0 0.1533444961399393 0.0 0.0 0.0 0.0 0.2754053925118786 0.0 0.167884675148161 0.0 0.0 0.15290196344552598 0.0 0.0 0.0 0.0 0.0 0.0 0.0 0.0 0.0 0.0 0.0 0.0 0.0 0.45762013904705895 0.22511907679819648 0.0 0.0 0.0 0.5071306519441979 0.6585780473870615 0.63802932792622 0.0 0.0 0.0 0.0 0.0 0.0 0.0 0.0
a2i57ww1b3evwx
when would our muslims learn that demon could not be fought with sword
0.25056696809050255 0.0 0.25775351925269896 0.0 0.0 0.0 0.09292880186613844 0.0 0.5907421248055162 0.0 0.16514022661224234 0.0 0.0 0.0 0.0 0.29659042270510005 0.0 0.18079888092878876 0.0 0.0 0.16466365294133567 0.0 0.0 0.0 0.0 0.0 0.0 0.0 0.0 0.0 0.0 0.0 0.0 0.0 0.492821688204525 0.0 0.0 0.0 0.0 0.0 0.0 0.0 0.2660838498794437 0.47383245144056146 0.6337894931082412 0.3317193686527106 0.0 0.0 0.0 0.0
a2zhr3rebfem5a
when will muslims understand that dajjal can not be fought with the sword
0.25056696809050255 0.17042409229239877 0.0 0.0 0.0 0.3869567631840335 0.09292880186613844 0.0328061993715041 0.5907421248055162 0.0 0.16514022661224234 0.0 0.0 0.0 0.0 0.29659042270510005 0.0 0.18079888092878876 0.0 0.0 0.16466365294133567 0.0 0.0 0.0 0.0 0.0 0.0 0.6247292595962116 0.0 0.0 0.0 0.0 0.0 0.0 0.492821688204525 0.2424359288595962 0.0 0.0 0.0 0.0 0.0 0.0 0.0 0.0 0.0 0.0 0.0 0.0 0.0 0.0
a3lhs82826iskx
when will muslims understand that dajjal can not be fought with the sword
0.25056696809050255 0.17042409229239877 0.0 0.0 0.0 0.3869567631840335 0.09292880186613844 0.0328061993715041 0.5907421248055162 0.0 0.16514022661224234 0.0 0.0 0.0 0.0 0.29659042270510005 0.0 0.18079888092878876 0.0 0.0 0.16466365294133567 0.0 0.0 0.0 0.0 0.0 0.0 0.6247292595962116 0.0 0.0 0.0 0.0 0.0 0.0 0.492821688204525 0.2424359288595962 0.0 0.0 0.0 0.0 0.0 0.0 0.0 0.0 0.0 0.0 0.0 0.0 0.0 0.0
al2rcq9eyun61
when will our muslims understand that dajjal cannot be fought with the sword
0.25056696809050255 0.17042409229239877 0.25775351925269896 0.0 0.0 0.3869567631840335 0.09292880186613844 0.0328061993715041 0.5907421248055162 0.40383082691282607 0.16514022661224234 0.0 0.0 0.0 0.0 0.29659042270510005 0.0 0.18079888092878876 0.0 0.0 0.0 0.0 0.0 0.0 0.0 0.0 0.0 0.6247292595962116 0.0 0.0 0.0 0.0 0.0 0.0 0.492821688204525 0.0 0.0 0.0 0.0 0.0 0.0 0.0 0.0 0.0 0.0 0.0 0.0 0.0 0.0 0.0
a3m4exda4ue7bp
when will our muslims understand that dajjal cant be fought with the help of the sword
0.2035856615735333 0.138469574987574 0.20942473439281792 0.0 0.0 0.3144023700870272 0.07550465151623749 0.05331007397869417 0.479977976404482 0.0 0.1341764341224469 0.0 0.0 0.0 0.0 0.2409797184478938 0.0 0.14689909075464086 0.0 0.0 0.0 0.0 0.0 0.0 0.0 0.0 0.0 0.507592523421922 0.0 0.0 0.0 0.0 0.0 0.0 0.40041762166617656 0.0 0.3478196725612879 0.2847908480816746 0.05249636141236364 0.0 0.0 0.0 0.0 0.0 0.0 0.0 0.0 0.0 0.0 0.0
a2dwqf4zhhblow
when will our muslims understand that dajjal cannot be fought with the help of sword
0.21715803901176886 0.1477008799867456 0.22338638335233912 0.0 0.0 0.335362528092829 0.08053829495065332 0.028432039455303555 0.5119765081647808 0.3499867166577826 0.14312152973061001 0.0 0.0 0.0 0.0 0.2570450330110867 0.0 0.1566923634716169 0.0 0.0 0.0 0.0 0.0 0.0 0.0 0.0 0.0 0.5414320249833834 0.0 0.0 0.0 0.0 0.0 0.0 0.427112129777255 0.0 0.0 0.3037769046204529 0.05599611883985455 0.0 0.0 0.0 0.0 0.0 0.0 0.0 0.0 0.0 0.0 0.0
a3w129h6a0hk4d
when will our muslims understand that dajjal cant be fought with the help of sword
0.21715803901176886 0.1477008799867456 0.22338638335233912 0.0 0.0 0.335362528092829 0.08053829495065332 0.028432039455303555 0.5119765081647808 0.0 0.14312152973061001 0.0 0.0 0.0 0.0 0.2570450330110867 0.0 0.1566923634716169 0.0 0.0 0.0 0.0 0.0 0.0 0.0 0.0 0.0 0.5414320249833834 0.0 0.0 0.0 0.0 0.0 0.0 0.427112129777255 0.0 0.3710076507320404 0.3037769046204529 0.05599611883985455 0.0 0.0 0.0 0.0 0.0 0.0 0.0 0.0 0.0 0.0 0.0
a2owo5cfm8khwy
when will our muslims understand that the antichrist can not be fought with swords
0.2326693275126095 0.15825094284294172 0.2393425535917919 0.0 0.0 0.35931699438517395 0.08629103030427142 0.030462899416396665 0.0 0.0 0.1533444961399393 0.0 0.0 0.0 0.0 0.2754053925118786 0.0 0.167884675148161 0.0 0.0 0.15290196344552598 0.0 0.0 0.0 0.0 0.0 0.0 0.0 0.0 0.0 0.0 0.0 0.0 0.0 0.45762013904705895 0.22511907679819648 0.0 0.0 0.0 0.0 0.0 0.63802932792622 0.0 0.0 0.0 0.0 0.737050353720498 0.0 0.0 0.0
a330jjzgjl7ig2
when will our muslims understand that the anti christ can not be fought with swords
0.21715803901176886 0.1477008799867456 0.22338638335233912 0.0 0.0 0.335362528092829 0.08053829495065332 0.028432039455303555 0.0 0.0 0.14312152973061001 0.0 0.0 0.0 0.0 0.2570450330110867 0.0 0.1566923634716169 0.0 0.0 0.14270849921582424 0.0 0.0 0.0 0.0 0.0 0.0 0.0 0.0 0.0 0.0 0.0 0.0 0.0 0.427112129777255 0.21011113834498338 0.0 0.0 0.0 0.4733219418145847 0.614672844227924 0.5954940393978053 0.0 0.0 0.0 0.0 0.0 0.0 0.0 0.0
ajcv8bvciqxhp
when will our muslims understand that anti christ can not be fought with swords
0.2326693275126095 0.15825094284294172 0.2393425535917919 0.0 0.0 0.35931699438517395 0.08629103030427142 0.0 0.0 0.0 0.1533444961399393 0.0 0.0 0.0 0.0 0.2754053925118786 0.0 0.167884675148161 0.0 0.0 0.15290196344552598 0.0 0.0 0.0 0.0 0.0 0.0 0.0 0.0 0.0 0.0 0.0 0.0 0.0 0.45762013904705895 0.22511907679819648 0.0 0.0 0.0 0.5071306519441979 0.6585780473870615 0.63802932792622 0.0 0.0 0.0 0.0 0.0 0.0 0.0 0.0
a1aklmhymfgmc2
when would muslims learn that you cannot fight the demon with a sword
0.25056696809050255 0.0 0.0 0.0 0.0 0.0 0.09292880186613844 0.0328061993715041 0.5907421248055162 0.40383082691282607 0.0 0.0 0.0 0.0 0.0 0.29659042270510005 0.0 0.18079888092878876 0.0 0.0 0.0 0.0 0.0 0.0 0.0 0.0 0.0 0.0 0.0 0.0 0.0 0.0 0.0 0.0 0.0 0.0 0.0 0.0 0.0 0.0 0.0 0.0 0.2660838498794437 0.47383245144056146 0.6337894931082412 0.0 0.0 0.2452158555223557 0.37476673695543544 0.1090679497824418
