both teams are making vociferous claims about their bowling batting and fielding high being advanced from the robust made sides tall have there over claiming assurance regarding been bold statements asserting highly confident in skills strong regarded for
both teams are making vociferous claims about their bowling batting and fielding
0.3719694191570453 0.6190277661825672 0.17551137948773554 0.4209038994186369 0.859892079340581 0.4947231931177574 0.25967031296364446 0.24810175831031747 0.6061818761969623 0.6190277661825672 0.08283041998352432 0.6190277661825672 0.0 0.0 0.0 0.0 0.0 0.0 0.0 0.0 0.0 0.0 0.0 0.0 0.0 0.0 0.0 0.0 0.0 0.0 0.0 0.0 0.0 0.0 0.0 0.0 0.0 0.0
high claims about bowling batting and fielding are being advanced from both the teams
0.3188309307060388 0.5305952281564862 0.1504383252752019 0.0 0.0 0.4240484512437921 0.2225745539688381 0.0 0.519584465311682 0.5305952281564862 0.07099750284302085 0.5305952281564862 0.36854640377660297 0.26111230400686913 0.51308648115413 0.17234961710200278 0.030462899416396665 0.0 0.0 0.0 0.0 0.0 0.0 0.0 0.0 0.0 0.0 0.0 0.0 0.0 0.0 0.0 0.0 0.0 0.0 0.0 0.0 0.0
robust claims about bowling batting and fielding are being made from both sides
0.3433563869141957 0.0 0.1620105041425251 0.0 0.0 0.4566675628779299 0.23969567350490256 0.0 0.5595525011048883 0.5714102457069851 0.07645884921556091 0.5714102457069851 0.0 0.28119786585355133 0.0 0.185607279956003 0.0 0.7937465347759208 0.3005297449520826 0.48008980832163467 0.0 0.0 0.0 0.0 0.0 0.0 0.0 0.0 0.0 0.0 0.0 0.0 0.0 0.0 0.0 0.0 0.0 0.0
both teams are making tall claims about their bowling batting and fielding
0.3719694191570453 0.6190277661825672 0.17551137948773554 0.4209038994186369 0.0 0.4947231931177574 0.25967031296364446 0.24810175831031747 0.6061818761969623 0.6190277661825672 0.08283041998352432 0.6190277661825672 0.0 0.0 0.0 0.0 0.0 0.0 0.0 0.0 0.859892079340581 0.0 0.0 0.0 0.0 0.0 0.0 0.0 0.0 0.0 0.0 0.0 0.0 0.0 0.0 0.0 0.0 0.0
a143bvgouf83je
both teams have there claims over bowling batting and fielding
0.44636330298845434 0.7428333194190806 0.0 0.0 0.0 0.5936678317413089 0.0 0.0 0.7274182514363547 0.7428333194190806 0.09939650398022919 0.7428333194190806 0.0 0.0 0.0 0.0 0.0 0.0 0.0 0.0 0.0 0.22879700279884294 0.28639850027229696 0.37352957299282064 0.0 0.0 0.0 0.0 0.0 0.0 0.0 0.0 0.0 0.0 0.0 0.0 0.0 0.0
alzgu09bjzsiw
both teams are claiming assurance regarding bowling batting and fielding
0.44636330298845434 0.7428333194190806 0.21061365538528265 0.0 0.0 0.0 0.0 0.0 0.7274182514363547 0.7428333194190806 0.09939650398022919 0.7428333194190806 0.0 0.0 0.0 0.0 0.0 0.0 0.0 0.0 0.0 0.0 0.0 0.0 0.6951409122100497 0.7753755594625434 0.5362877894485709 0.0 0.0 0.0 0.0 0.0 0.0 0.0 0.0 0.0 0.0 0.0
a21xirv18up71h
there have been bold statements from both sides regarding their bowling batting and fielding
0.3188309307060388 0.0 0.0 0.0 0.0 0.0 0.0 0.21265864998027212 0.519584465311682 0.5305952281564862 0.07099750284302085 0.5305952281564862 0.0 0.0 0.0 0.17234961710200278 0.0 0.0 0.0 0.44579767915580365 0.0 0.1634264305706021 0.20457035733735499 0.0 0.0 0.0 0.38306270674897924 0.21033593519548646 0.5801057410536251 0.41484610325500865 0.0 0.0 0.0 0.0 0.0 0.0 0.0 0.0
a1es9zcdrlgxls
both teams are asserting highly regarding their batting bowling and fielding
0.40578482089859486 0.6753030176537096 0.19146695944116604 0.0 0.0 0.0 0.0 0.27065646361125545 0.6612893194875953 0.6753030176537096 0.09036045816384472 0.6753030176537096 0.0 0.0 0.0 0.0 0.0 0.0 0.0 0.0 0.0 0.0 0.0 0.0 0.0 0.0 0.4875343540441554 0.0 0.0 0.0 0.8750507065024569 0.6530191578325292 0.0 0.0 0.0 0.0 0.0 0.0
aw4q48bn2x4nt
both teams have there claims over bowling batting and fielding
0.44636330298845434 0.7428333194190806 0.0 0.0 0.0 0.5936678317413089 0.0 0.0 0.7274182514363547 0.7428333194190806 0.09939650398022919 0.7428333194190806 0.0 0.0 0.0 0.0 0.0 0.0 0.0 0.0 0.0 0.22879700279884294 0.28639850027229696 0.37352957299282064 0.0 0.0 0.0 0.0 0.0 0.0 0.0 0.0 0.0 0.0 0.0 0.0 0.0 0.0
a6tw9zegog7ph
both teams have their claims over bowling batting and fielding
0.44636330298845434 0.7428333194190806 0.0 0.0 0.0 0.5936678317413089 0.0 0.29772210997238097 0.7274182514363547 0.7428333194190806 0.09939650398022919 0.7428333194190806 0.0 0.0 0.0 0.0 0.0 0.0 0.0 0.0 0.0 0.22879700279884294 0.0 0.37352957299282064 0.0 0.0 0.0 0.0 0.0 0.0 0.0 0.0 0.0 0.0 0.0 0.0 0.0 0.0
a291u81kgj6l9n
both teams have there claims over bowling batting and fielding
0.44636330298845434 0.7428333194190806 0.0 0.0 0.0 0.5936678317413089 0.0 0.0 0.7274182514363547 0.7428333194190806 0.09939650398022919 0.7428333194190806 0.0 0.0 0.0 0.0 0.0 0.0 0.0 0.0 0.0 0.22879700279884294 0.28639850027229696 0.37352957299282064 0.0 0.0 0.0 0.0 0.0 0.0 0.0 0.0 0.0 0.0 0.0 0.0 0.0 0.0
a28rvh40gat7un
both teams are claiming assurance regarding bowling batting and fielding
0.44636330298845434 0.7428333194190806 0.21061365538528265 0.0 0.0 0.0 0.0 0.0 0.7274182514363547 0.7428333194190806 0.09939650398022919 0.7428333194190806 0.0 0.0 0.0 0.0 0.0 0.0 0.0 0.0 0.0 0.0 0.0 0.0 0.6951409122100497 0.7753755594625434 0.5362877894485709 0.0 0.0 0.0 0.0 0.0 0.0 0.0 0.0 0.0 0.0 0.0
a31ikb373dzonk
both teams are confident in their bowling batting and fielding skills
0.40578482089859486 0.6753030176537096 0.19146695944116604 0.0 0.0 0.0 0.0 0.27065646361125545 0.6612893194875953 0.6753030176537096 0.09036045816384472 0.6753030176537096 0.0 0.0 0.0 0.0 0.0 0.0 0.0 0.0 0.0 0.0 0.0 0.0 0.0 0.0 0.0 0.0 0.0 0.0 0.0 0.0 0.7611631639119689 0.09362097295060737 0.8750507065024569 0.0 0.0 0.0
a2rcbwy8ulhnj0
both teams are claiming assurance regarding bowling batting and fielding
0.44636330298845434 0.7428333194190806 0.21061365538528265 0.0 0.0 0.0 0.0 0.0 0.7274182514363547 0.7428333194190806 0.09939650398022919 0.7428333194190806 0.0 0.0 0.0 0.0 0.0 0.0 0.0 0.0 0.0 0.0 0.0 0.0 0.6951409122100497 0.7753755594625434 0.5362877894485709 0.0 0.0 0.0 0.0 0.0 0.0 0.0 0.0 0.0 0.0 0.0
a2sb2bw2w4t4ww
both sides have made strong claims regarding their bowling batting and fielding
0.3719694191570453 0.0 0.0 0.0 0.0 0.4947231931177574 0.0 0.24810175831031747 0.6061818761969623 0.6190277661825672 0.08283041998352432 0.6190277661825672 0.0 0.0 0.0 0.0 0.0 0.0 0.32557389036475615 0.5200972923484376 0.0 0.1906641689990358 0.0 0.0 0.0 0.0 0.4469064912071425 0.0 0.0 0.0 0.0 0.0 0.0 0.0 0.0 0.4511191811373784 0.0 0.0
au2ar4vob7vlv
there have been bold statements from both sides regarding their bowling batting and fielding
0.3188309307060388 0.0 0.0 0.0 0.0 0.0 0.0 0.21265864998027212 0.519584465311682 0.5305952281564862 0.07099750284302085 0.5305952281564862 0.0 0.0 0.0 0.17234961710200278 0.0 0.0 0.0 0.44579767915580365 0.0 0.1634264305706021 0.20457035733735499 0.0 0.0 0.0 0.38306270674897924 0.21033593519548646 0.5801057410536251 0.41484610325500865 0.0 0.0 0.0 0.0 0.0 0.0 0.0 0.0
a2oe085okcwole
there have been bold statements from both sides regarding their bowling batting and fielding
0.3188309307060388 0.0 0.0 0.0 0.0 0.0 0.0 0.21265864998027212 0.519584465311682 0.5305952281564862 0.07099750284302085 0.5305952281564862 0.0 0.0 0.0 0.17234961710200278 0.0 0.0 0.0 0.44579767915580365 0.0 0.1634264305706021 0.20457035733735499 0.0 0.0 0.0 0.38306270674897924 0.21033593519548646 0.5801057410536251 0.41484610325500865 0.0 0.0 0.0 0.0 0.0 0.0 0.0 0.0
amd40d0gc1l4r
both teams are highly regarded for their batting bowling and fielding
0.40578482089859486 0.6753030176537096 0.19146695944116604 0.0 0.0 0.0 0.0 0.27065646361125545 0.6612893194875953 0.6753030176537096 0.09036045816384472 0.6753030176537096 0.0 0.0 0.0 0.0 0.0 0.0 0.0 0.0 0.0 0.0 0.0 0.0 0.0 0.0 0.0 0.0 0.0 0.0 0.0 0.6530191578325292 0.0 0.0 0.0 0.0 0.7611631639119689 0.17551906355840138
