those who force people out of the hotels and beat up cobblers peanut vendors all get evacuated kill sellers got vacated killed killers vacate groundnut hotel make evacuate shoemakers peanutsellers to dry fruit tried emptify theyve have been are (this is a fragment) there intent was dried empty
those who force people out of the hotels and those who beat up cobblers and peanut vendors
0.4690827179050917 0.34636187492565007 0.2897104356314476 0.15922720897097375 0.2357041260549445 0.04940834015281284 0.02508709363703255 0.4517439777924536 0.11693706350615199 0.5015850284034656 0.2532346938849511 0.4517439777924536 0.4659299811346235 0.60698264424041 0.0 0.0 0.0 0.0 0.0 0.0 0.0 0.0 0.0 0.0 0.0 0.0 0.0 0.0 0.0 0.0 0.0 0.0 0.0 0.0 0.0 0.0 0.0 0.0 0.0 0.0 0.0 0.0 0.0 0.0 0.0 0.0 0.0 0.0
all those who get hotels evacuated kill cobblers and peanut sellers
0.36247300929029813 0.26764326698800234 0.0 0.0 0.0 0.0 0.0 0.6981497838610647 0.09036045816384472 0.0 0.0 0.6981497838610647 0.7200736072080546 0.0 0.2857468398602499 0.39545430837287315 0.7048868722386759 0.4868963928933694 0.7048868722386759 0.0 0.0 0.0 0.0 0.0 0.0 0.0 0.0 0.0 0.0 0.0 0.0 0.0 0.0 0.0 0.0 0.0 0.0 0.0 0.0 0.0 0.0 0.0 0.0 0.0 0.0 0.0 0.0 0.0
all those who got the hotels vacated killed the cobblers and peanut sellers
0.3067079309379446 0.22646737975907888 0.0 0.0 0.0 0.0 0.0656123987430082 0.5907421248055162 0.07645884921556091 0.0 0.0 0.5907421248055162 0.6092930522529693 0.0 0.2417857875740576 0.0 0.0 0.0 0.5964427380481103 0.3771234269140423 0.7937465347759208 0.2832891074154096 0.0 0.0 0.0 0.0 0.0 0.0 0.0 0.0 0.0 0.0 0.0 0.0 0.0 0.0 0.0 0.0 0.0 0.0 0.0 0.0 0.0 0.0 0.0 0.0 0.0 0.0
killers of cobblers who vacate hotels and groundnut sellers
0.0 0.32711954854089176 0.0 0.0 0.0 0.09332686473309092 0.0 0.8532941802746347 0.11044055997803243 0.0 0.0 0.8532941802746347 0.0 0.0 0.0 0.0 0.0 0.0 0.861528399402826 0.0 0.0 0.0 0.8906799843436582 1.1465227724541078 1.1465227724541078 0.0 0.0 0.0 0.0 0.0 0.0 0.0 0.0 0.0 0.0 0.0 0.0 0.0 0.0 0.0 0.0 0.0 0.0 0.0 0.0 0.0 0.0 0.0
a1wyssw33m2fz2
who evacuated hotels killed cobblers peanut sellers
0.0 0.42058227669543224 0.0 0.0 0.0 0.0 0.0 1.0970925174959587 0.0 0.0 0.0 1.0970925174959587 1.1315442398983715 0.0 0.0 0.0 1.1076793706607764 0.0 1.1076793706607764 0.0 0.0 0.5261083423429035 0.0 0.0 0.0 0.0 0.0 0.0 0.0 0.0 0.0 0.0 0.0 0.0 0.0 0.0 0.0 0.0 0.0 0.0 0.0 0.0 0.0 0.0 0.0 0.0 0.0 0.0
a3dd3acpmvdvca
the people who killed the cobblers and peanut sellers who evacuated the hotel
0.0 0.45293475951815776 0.0 0.208220196346658 0.0 0.0 0.09841859811451231 0.0 0.07645884921556091 0.0 0.0 0.5907421248055162 0.6092930522529693 0.0 0.0 0.0 0.5964427380481103 0.0 0.5964427380481103 0.0 0.0 0.2832891074154096 0.0 0.0 0.0 0.5159836184186728 0.0 0.0 0.0 0.0 0.0 0.0 0.0 0.0 0.0 0.0 0.0 0.0 0.0 0.0 0.0 0.0 0.0 0.0 0.0 0.0 0.0 0.0
a2xknsbfsj3hso
those who make the people evacuate hotels those who kill the shoemakers and the peanutsellers
0.5316270802924373 0.39254345824907005 0.0 0.18045750350043693 0.0 0.0 0.08529611836591067 0.5119765081647808 0.06626433598681945 0.0 0.0 0.0 0.0 0.0 0.0 0.0 0.0 0.3570573547884709 0.0 0.0 0.0 0.0 0.0 0.0 0.0 0.0 0.30398687854731266 0.46576669612745114 0.5954940393978053 0.5954940393978053 0.0 0.0 0.0 0.0 0.0 0.0 0.0 0.0 0.0 0.0 0.0 0.0 0.0 0.0 0.0 0.0 0.0 0.0
a1u0z1mafqeh9y
to kill the cobblers and dry fruit sellers who tried to emptify the hotels
0.0 0.21029113834771612 0.0 0.0 0.0 0.0 0.06092579883279333 0.5485462587479794 0.07099750284302085 0.0 0.0 0.5485462587479794 0.0 0.0 0.0 0.0 0.0 0.38256145155907595 0.5538396853303882 0.0 0.0 0.0 0.0 0.0 0.0 0.0 0.0 0.0 0.0 0.0 0.15426775853016578 0.737050353720498 0.5885188150290811 0.47722277088289894 0.737050353720498 0.0 0.0 0.0 0.0 0.0 0.0 0.0 0.0 0.0 0.0 0.0 0.0 0.0
al2rcq9eyun61
who evacuated hotels killed cobblers peanut sellers
0.0 0.42058227669543224 0.0 0.0 0.0 0.0 0.0 1.0970925174959587 0.0 0.0 0.0 1.0970925174959587 1.1315442398983715 0.0 0.0 0.0 1.1076793706607764 0.0 1.1076793706607764 0.0 0.0 0.5261083423429035 0.0 0.0 0.0 0.0 0.0 0.0 0.0 0.0 0.0 0.0 0.0 0.0 0.0 0.0 0.0 0.0 0.0 0.0 0.0 0.0 0.0 0.0 0.0 0.0 0.0 0.0
awmob8jnvgesj
theyve evacuated hotels cobblers and peanut sellers have been killed
0.0 0.0 0.0 0.0 0.0 0.0 0.0 0.7679647622471711 0.09939650398022919 0.0 0.0 0.7679647622471711 0.79208096792886 0.0 0.0 0.0 0.7753755594625434 0.0 0.7753755594625434 0.0 0.0 0.3682758396400324 0.0 0.0 0.0 0.0 0.0 0.0 0.0 0.0 0.0 0.0 0.0 0.0 0.0 0.8526945482858915 0.22879700279884294 0.294470309273681 0.0 0.0 0.0 0.0 0.0 0.0 0.0 0.0 0.0 0.0
ajfwu2g6a1bhs
who evacuated hotels killed cobblers peanut sellers
0.0 0.42058227669543224 0.0 0.0 0.0 0.0 0.0 1.0970925174959587 0.0 0.0 0.0 1.0970925174959587 1.1315442398983715 0.0 0.0 0.0 1.1076793706607764 0.0 1.1076793706607764 0.0 0.0 0.5261083423429035 0.0 0.0 0.0 0.0 0.0 0.0 0.0 0.0 0.0 0.0 0.0 0.0 0.0 0.0 0.0 0.0 0.0 0.0 0.0 0.0 0.0 0.0 0.0 0.0 0.0 0.0
a2rcbwy8ulhnj0
the people who killed the cobblers and peanut sellers are those who evacuated the hotel
0.26581354014621866 0.39254345824907005 0.0 0.18045750350043693 0.0 0.0 0.08529611836591067 0.0 0.06626433598681945 0.0 0.0 0.5119765081647808 0.52805397861924 0.0 0.0 0.0 0.5169170396416957 0.0 0.5169170396416957 0.0 0.0 0.2455172264266883 0.0 0.0 0.0 0.44718580262951646 0.0 0.0 0.0 0.0 0.0 0.0 0.0 0.0 0.0 0.0 0.0 0.0 0.14040910359018843 0.0 0.0 0.0 0.0 0.0 0.0 0.0 0.0 0.0
a1c0lbe9vl3ax
the people who killed the cobblers and peanut sellers who evacuated the hotel (this is a fragment)
0.0 0.34636187492565007 0.0 0.15922720897097375 0.0 0.0 0.07526128091109764 0.0 0.058468531753075995 0.0 0.0 0.4517439777924536 0.4659299811346235 0.0 0.0 0.0 0.45610327027208436 0.0 0.45610327027208436 0.0 0.0 0.2166328468470779 0.0 0.0 0.0 0.39457570820251453 0.0 0.0 0.0 0.0 0.0 0.0 0.0 0.0 0.0 0.0 0.0 0.0 0.0 0.5123098258619335 0.07687150110791918 0.08340490277480843 0.60698264424041 0.0 0.0 0.0 0.0 0.0
a230hf2okthmdz
the people who killed the cobblers and peanut sellers who evacuated the hotel
0.0 0.45293475951815776 0.0 0.208220196346658 0.0 0.0 0.09841859811451231 0.0 0.07645884921556091 0.0 0.0 0.5907421248055162 0.6092930522529693 0.0 0.0 0.0 0.5964427380481103 0.0 0.5964427380481103 0.0 0.0 0.2832891074154096 0.0 0.0 0.0 0.5159836184186728 0.0 0.0 0.0 0.0 0.0 0.0 0.0 0.0 0.0 0.0 0.0 0.0 0.0 0.0 0.0 0.0 0.0 0.0 0.0 0.0 0.0 0.0
amjejkgf6r4hk
those who make the people evacuate hotels those who kill the shoemakers and the peanutsellers
0.5316270802924373 0.39254345824907005 0.0 0.18045750350043693 0.0 0.0 0.08529611836591067 0.5119765081647808 0.06626433598681945 0.0 0.0 0.0 0.0 0.0 0.0 0.0 0.0 0.3570573547884709 0.0 0.0 0.0 0.0 0.0 0.0 0.0 0.0 0.30398687854731266 0.46576669612745114 0.5954940393978053 0.5954940393978053 0.0 0.0 0.0 0.0 0.0 0.0 0.0 0.0 0.0 0.0 0.0 0.0 0.0 0.0 0.0 0.0 0.0 0.0
a1u6t1v9680bs9
there are those who make the people evacuate the hotels and those who kill the shoemakers and peanutsellers
0.4430225669103644 0.32711954854089176 0.0 0.15038125291703078 0.0 0.0 0.07108009863825888 0.42664709013731733 0.11044055997803243 0.0 0.0 0.0 0.0 0.0 0.0 0.0 0.0 0.2975477956570591 0.0 0.0 0.0 0.0 0.0 0.0 0.0 0.0 0.25332239878942725 0.3881389134395426 0.49624503283150445 0.49624503283150445 0.0 0.0 0.0 0.0 0.0 0.0 0.0 0.0 0.11700758632515702 0.0 0.0 0.0 0.0 0.15911027792905388 0.0 0.0 0.0 0.0
a14b80scbt25dr
those who make the people evacuate hotels those who kill the shoemakers and the peanutsellers
0.5316270802924373 0.39254345824907005 0.0 0.18045750350043693 0.0 0.0 0.08529611836591067 0.5119765081647808 0.06626433598681945 0.0 0.0 0.0 0.0 0.0 0.0 0.0 0.0 0.3570573547884709 0.0 0.0 0.0 0.0 0.0 0.0 0.0 0.0 0.30398687854731266 0.46576669612745114 0.5954940393978053 0.5954940393978053 0.0 0.0 0.0 0.0 0.0 0.0 0.0 0.0 0.0 0.0 0.0 0.0 0.0 0.0 0.0 0.0 0.0 0.0
a3th8yzrzb3qx0
the intent was to kill the cobblers and dried fruit sellers who tried to empty the hotels
0.0 0.17318093746282504 0.0 0.0 0.0 0.0 0.07526128091109764 0.4517439777924536 0.058468531753075995 0.0 0.0 0.4517439777924536 0.0 0.0 0.0 0.0 0.0 0.31505060716629785 0.45610327027208436 0.0 0.0 0.0 0.0 0.0 0.0 0.0 0.0 0.0 0.0 0.0 0.1270440364366071 0.0 0.4846625535533609 0.39300698778591675 0.0 0.0 0.0 0.0 0.0 0.0 0.0 0.0 0.0 0.0 0.4438891899910112 0.1292834665290666 0.60698264424041 0.45610327027208436
