after all europe only calmed down the last world war even too got satisfied fighting final did not have peace until it fought was relieved of but before had to fight settled came rest great waging second that managed sort its problems out afterall founded rested entering ii found a way
after all europe only calmed down after the last world war
0.5424951042209375 0.2857468398602499 0.5806253926693313 0.3059978461329184 0.938064086553361 0.4733379239754934 0.03877096289359576 0.36814624258006445 0.30191899719136767 0.3300318398309281 0.0 0.0 0.0 0.0 0.0 0.0 0.0 0.0 0.0 0.0 0.0 0.0 0.0 0.0 0.0 0.0 0.0 0.0 0.0 0.0 0.0 0.0 0.0 0.0 0.0 0.0 0.0 0.0 0.0 0.0 0.0 0.0 0.0 0.0 0.0 0.0 0.0 0.0 0.0 0.0 0.0
even europe too got satisfied only after fighting final the final world war
0.22951715947808896 0.0 0.49129840918174195 0.25892125442016173 0.0 0.0 0.0328061993715041 0.0 0.25546992070038804 0.2792577106261699 0.2815918389397094 0.3858000033867611 0.3771234269140423 0.6559188832968397 0.3982339535064855 1.0748462218325796 0.0 0.0 0.0 0.0 0.0 0.0 0.0 0.0 0.0 0.0 0.0 0.0 0.0 0.0 0.0 0.0 0.0 0.0 0.0 0.0 0.0 0.0 0.0 0.0 0.0 0.0 0.0 0.0 0.0 0.0 0.0 0.0 0.0 0.0 0.0
after all europe did not have peace until it fought the last world war
0.21312307665822547 0.22451537417591064 0.45620566566876036 0.0 0.0 0.0 0.030462899416396665 0.2892577620271935 0.23722206922178887 0.2593107312957292 0.0 0.0 0.0 0.0 0.0 0.0 0.28831701465649745 0.15290196344552598 0.1634264305706021 0.28391603699718854 0.3241401025924744 0.1446539597876161 0.45762013904705895 0.0 0.0 0.0 0.0 0.0 0.0 0.0 0.0 0.0 0.0 0.0 0.0 0.0 0.0 0.0 0.0 0.0 0.0 0.0 0.0 0.0 0.0 0.0 0.0 0.0 0.0 0.0 0.0
europe was relieved of it but not before it had to fight the last world war
0.0 0.0 0.3991799574601653 0.0 0.0 0.0 0.026655036989347083 0.2531005417737943 0.20756931056906527 0.22689688988376305 0.0 0.0 0.0 0.0 0.0 0.0 0.0 0.13378921801483523 0.0 0.0 0.0 0.25314442962832817 0.0 0.13736368318713327 0.514953963150446 0.05249636141236364 0.16322764354478111 0.2753251216530438 0.21632443059634876 0.06749214435694753 0.3044979737762913 0.0 0.0 0.0 0.0 0.0 0.0 0.0 0.0 0.0 0.0 0.0 0.0 0.0 0.0 0.0 0.0 0.0 0.0 0.0 0.0
a143bvgouf83je
after all europe got settled after the final world war
0.5967446146430313 0.3143215238462749 0.6386879319362645 0.0 0.0 0.0 0.042648059182955333 0.0 0.33211089691050444 0.36303502381402086 0.0 0.0 0.49026045498825505 0.0 0.0 0.6986500441911767 0.0 0.0 0.0 0.0 0.0 0.0 0.0 0.0 0.0 0.0 0.0 0.0 0.0 0.0 0.0 0.8016119859092925 0.0 0.0 0.0 0.0 0.0 0.0 0.0 0.0 0.0 0.0 0.0 0.0 0.0 0.0 0.0 0.0 0.0 0.0 0.0
a28z6a8uc4er3x
even europe too came to rest after fighting the last great war
0.24864358943459638 0.0 0.5322399432802204 0.0 0.0 0.0 0.03554004931912944 0.33746738903172574 0.0 0.3025291865116841 0.3050578255180185 0.4179500036689912 0.0 0.0 0.4314201162986926 0.0 0.0 0.0 0.0 0.0 0.0 0.0 0.0 0.0 0.0 0.0 0.0 0.0 0.0 0.08998952580926338 0.0 0.0 0.4014538951285203 0.5274767421268913 0.39397649763134285 0.0 0.0 0.0 0.0 0.0 0.0 0.0 0.0 0.0 0.0 0.0 0.0 0.0 0.0 0.0 0.0
a21xirv18up71h
after all it was only after waging the second world war that europe managed to sort its problems out
0.3140761129700165 0.1654323809717236 0.33615154312434975 0.17715664776116327 0.0 0.0 0.022446346938397543 0.0 0.17479520890026548 0.19107106516527414 0.0 0.0 0.0 0.0 0.0 0.0 0.0 0.0 0.0 0.0 0.0 0.10658712826455922 0.0 0.11567468057863854 0.0 0.0 0.0 0.0 0.0 0.05683548998479792 0.0 0.0 0.0 0.0 0.0 0.4701268732087937 0.2644947435453936 0.06358286443472631 0.37367521722204056 0.40809239971712813 0.1744117348617953 0.2463342254080645 0.21089316541758193 0.0 0.0 0.0 0.0 0.0 0.0 0.0 0.0
a3u16uhguaktzs
afterall even europe was founded after the last world war
0.29837230732151565 0.0 0.6386879319362645 0.0 0.0 0.0 0.042648059182955333 0.4049608668380709 0.33211089691050444 0.36303502381402086 0.36606939062162225 0.0 0.0 0.0 0.0 0.0 0.0 0.0 0.0 0.0 0.0 0.0 0.0 0.21978189309941323 0.0 0.0 0.0 0.0 0.0 0.0 0.0 0.0 0.0 0.0 0.0 0.0 0.0 0.0 0.0 0.0 0.0 0.0 0.0 0.9220092663418861 0.7833798302298971 0.0 0.0 0.0 0.0 0.0 0.0
a3w129h6a0hk4d
after all europe got settled after the final world war
0.5967446146430313 0.3143215238462749 0.6386879319362645 0.0 0.0 0.0 0.042648059182955333 0.0 0.33211089691050444 0.36303502381402086 0.0 0.0 0.49026045498825505 0.0 0.0 0.6986500441911767 0.0 0.0 0.0 0.0 0.0 0.0 0.0 0.0 0.0 0.0 0.0 0.0 0.0 0.0 0.0 0.8016119859092925 0.0 0.0 0.0 0.0 0.0 0.0 0.0 0.0 0.0 0.0 0.0 0.0 0.0 0.0 0.0 0.0 0.0 0.0 0.0
a2nowscvbop9jc
after all europe got settled after the final world war
0.5967446146430313 0.3143215238462749 0.6386879319362645 0.0 0.0 0.0 0.042648059182955333 0.0 0.33211089691050444 0.36303502381402086 0.0 0.0 0.49026045498825505 0.0 0.0 0.6986500441911767 0.0 0.0 0.0 0.0 0.0 0.0 0.0 0.0 0.0 0.0 0.0 0.0 0.0 0.0 0.0 0.8016119859092925 0.0 0.0 0.0 0.0 0.0 0.0 0.0 0.0 0.0 0.0 0.0 0.0 0.0 0.0 0.0 0.0 0.0 0.0 0.0
aw4q48bn2x4nt
after all europe got settled after the final world war
0.5967446146430313 0.3143215238462749 0.6386879319362645 0.0 0.0 0.0 0.042648059182955333 0.0 0.33211089691050444 0.36303502381402086 0.0 0.0 0.49026045498825505 0.0 0.0 0.6986500441911767 0.0 0.0 0.0 0.0 0.0 0.0 0.0 0.0 0.0 0.0 0.0 0.0 0.0 0.0 0.0 0.8016119859092925 0.0 0.0 0.0 0.0 0.0 0.0 0.0 0.0 0.0 0.0 0.0 0.0 0.0 0.0 0.0 0.0 0.0 0.0 0.0
a2190f96xfy41l
even europe came to rest after fighting the last great war
0.27124755211046875 0.0 0.5806253926693313 0.0 0.0 0.0 0.03877096289359576 0.36814624258006445 0.0 0.3300318398309281 0.33279035511056565 0.0 0.0 0.0 0.470640126871301 0.0 0.0 0.0 0.0 0.0 0.0 0.0 0.0 0.0 0.0 0.0 0.0 0.0 0.0 0.09817039179192368 0.0 0.0 0.4379497037765676 0.575429173229336 0.4297925428705558 0.0 0.0 0.0 0.0 0.0 0.0 0.0 0.0 0.0 0.0 0.0 0.0 0.0 0.0 0.0 0.0
a12ezody9kxiim
even europe rested after fighting the last great war
0.33152478591279516 0.0 0.7096532577069605 0.0 0.0 0.0 0.04738673242550592 0.4499565187089677 0.0 0.4033722486822454 0.406743767357358 0.0 0.0 0.0 0.5752268217315901 0.0 0.0 0.0 0.0 0.0 0.0 0.0 0.0 0.0 0.0 0.0 0.0 0.0 0.0 0.0 0.0 0.0 0.0 0.0 0.5253019968417905 0.0 0.0 0.0 0.0 0.0 0.0 0.0 0.0 0.0 0.0 1.1465227724541078 0.0 0.0 0.0 0.0 0.0
at1mtbquif71q
even europe too came to rest after fighting the last great war
0.24864358943459638 0.0 0.5322399432802204 0.0 0.0 0.0 0.03554004931912944 0.33746738903172574 0.0 0.3025291865116841 0.3050578255180185 0.4179500036689912 0.0 0.0 0.4314201162986926 0.0 0.0 0.0 0.0 0.0 0.0 0.0 0.0 0.0 0.0 0.0 0.0 0.0 0.0 0.08998952580926338 0.0 0.0 0.4014538951285203 0.5274767421268913 0.39397649763134285 0.0 0.0 0.0 0.0 0.0 0.0 0.0 0.0 0.0 0.0 0.0 0.0 0.0 0.0 0.0 0.0
a1g9f1kosfkijh
after all it was only after waging the second world war that europe managed to sort its problems out
0.3140761129700165 0.1654323809717236 0.33615154312434975 0.17715664776116327 0.0 0.0 0.022446346938397543 0.0 0.17479520890026548 0.19107106516527414 0.0 0.0 0.0 0.0 0.0 0.0 0.0 0.0 0.0 0.0 0.0 0.10658712826455922 0.0 0.11567468057863854 0.0 0.0 0.0 0.0 0.0 0.05683548998479792 0.0 0.0 0.0 0.0 0.0 0.4701268732087937 0.2644947435453936 0.06358286443472631 0.37367521722204056 0.40809239971712813 0.1744117348617953 0.2463342254080645 0.21089316541758193 0.0 0.0 0.0 0.0 0.0 0.0 0.0 0.0
a3ng7x4apiv649
after all it was only after entering world war ii that europe found a way to sort out its problems
0.29837230732151565 0.15716076192313744 0.31934396596813225 0.16829881537310512 0.0 0.0 0.0 0.0 0.16605544845525222 0.18151751190701043 0.0 0.0 0.0 0.0 0.0 0.0 0.0 0.0 0.0 0.0 0.0 0.10125777185133127 0.0 0.10989094654970662 0.0 0.0 0.0 0.0 0.0 0.05399371548555802 0.0 0.0 0.0 0.0 0.0 0.0 0.0 0.060403721212989994 0.0 0.3876877797312717 0.16569114811870553 0.23401751413766125 0.20034850714670283 0.0 0.0 0.0 0.41196317052035675 0.5159352476043486 0.23074612387153848 0.07089416735858717 0.22026009732243504
al2rcq9eyun61
after all it was only after waging the second world war that europe managed to sort its problems out
0.3140761129700165 0.1654323809717236 0.33615154312434975 0.17715664776116327 0.0 0.0 0.022446346938397543 0.0 0.17479520890026548 0.19107106516527414 0.0 0.0 0.0 0.0 0.0 0.0 0.0 0.0 0.0 0.0 0.0 0.10658712826455922 0.0 0.11567468057863854 0.0 0.0 0.0 0.0 0.0 0.05683548998479792 0.0 0.0 0.0 0.0 0.0 0.4701268732087937 0.2644947435453936 0.06358286443472631 0.37367521722204056 0.40809239971712813 0.1744117348617953 0.2463342254080645 0.21089316541758193 0.0 0.0 0.0 0.0 0.0 0.0 0.0 0.0
a3ohqrf1mdq99b
afterall even europe found peace after the last world war
0.29837230732151565 0.0 0.6386879319362645 0.0 0.0 0.0 0.042648059182955333 0.4049608668380709 0.33211089691050444 0.36303502381402086 0.36606939062162225 0.0 0.0 0.0 0.0 0.0 0.0 0.0 0.0 0.39748245179606395 0.0 0.0 0.0 0.0 0.0 0.0 0.0 0.0 0.0 0.0 0.0 0.0 0.0 0.0 0.0 0.0 0.0 0.0 0.0 0.0 0.0 0.0 0.0 0.9220092663418861 0.0 0.0 0.0 0.0 0.46149224774307696 0.0 0.0
