and why does it blame everything on us for she do they accuses of every thing accuse with all who are accused should put the river tame be our best behavior
and why does it blame everything on us
0.12424562997528649 0.4845205982023465 0.5242526951490958 0.25314442962832817 0.7801459385226563 0.7759788859892074 0.2341259702969754 0.4572662252809106 0.0 0.0 0.0 0.0 0.0 0.0 0.0 0.0 0.0 0.0 0.0 0.0 0.0 0.0 0.0 0.0 0.0 0.0 0.0 0.0 0.0 0.0 0.0
and why does it blame us for everything
0.12424562997528649 0.4845205982023465 0.5242526951490958 0.25314442962832817 0.7801459385226563 0.7759788859892074 0.0 0.4572662252809106 0.24133871239280189 0.0 0.0 0.0 0.0 0.0 0.0 0.0 0.0 0.0 0.0 0.0 0.0 0.0 0.0 0.0 0.0 0.0 0.0 0.0 0.0 0.0 0.0
and why does she blame us for everything
0.12424562997528649 0.4845205982023465 0.5242526951490958 0.0 0.7801459385226563 0.7759788859892074 0.0 0.4572662252809106 0.24133871239280189 0.5173360373042998 0.0 0.0 0.0 0.0 0.0 0.0 0.0 0.0 0.0 0.0 0.0 0.0 0.0 0.0 0.0 0.0 0.0 0.0 0.0 0.0 0.0
and why do they blame us for everything
0.12424562997528649 0.4845205982023465 0.0 0.0 0.7801459385226563 0.7759788859892074 0.0 0.4572662252809106 0.24133871239280189 0.0 0.4047296319245236 0.3229635947580237 0.0 0.0 0.0 0.0 0.0 0.0 0.0 0.0 0.0 0.0 0.0 0.0 0.0 0.0 0.0 0.0 0.0 0.0 0.0
a2qlm59qc9g1uf
why do they blame everything on us
0.0 0.5537378265169675 0.0 0.0 0.8915953583116073 0.8868330125590942 0.2675725374822576 0.5225899717496121 0.0 0.0 0.4625481507708841 0.36910125115202713 0.0 0.0 0.0 0.0 0.0 0.0 0.0 0.0 0.0 0.0 0.0 0.0 0.0 0.0 0.0 0.0 0.0 0.0 0.0
a143bvgouf83je
and why it accuses us of every thing
0.12424562997528649 0.4845205982023465 0.0 0.25314442962832817 0.0 0.0 0.0 0.4572662252809106 0.0 0.0 0.0 0.0 1.2031947214408782 0.10499272282472728 0.5295607552138155 0.6586061181046792 0.0 0.0 0.0 0.0 0.0 0.0 0.0 0.0 0.0 0.0 0.0 0.0 0.0 0.0 0.0
a3dd3acpmvdvca
and why do they accuse us with everything
0.12424562997528649 0.4845205982023465 0.0 0.0 0.0 0.7759788859892074 0.0 0.4572662252809106 0.0 0.0 0.4047296319245236 0.3229635947580237 0.0 0.0 0.0 0.0 0.9034578123410818 0.2937981815092817 0.0 0.0 0.0 0.0 0.0 0.0 0.0 0.0 0.0 0.0 0.0 0.0 0.0
a3kwcqj39dxkt4
all of us who are accused should put on the river tame
0.0 0.0 0.0 0.0 0.0 0.0 0.1560839801979836 0.30484415018727373 0.0 0.0 0.0 0.0 0.0 0.06999514854981818 0.0 0.0 0.0 0.0 0.26193460320522904 0.2453396614056688 0.17551137948773554 0.4704896764687554 0.2495179143948699 0.433392594972518 0.03554004931912944 0.5589822532868955 0.768341055284905 0.0 0.0 0.0 0.0
ancf53mqwds6z
why do they blame everything on us
0.0 0.5537378265169675 0.0 0.0 0.8915953583116073 0.8868330125590942 0.2675725374822576 0.5225899717496121 0.0 0.0 0.4625481507708841 0.36910125115202713 0.0 0.0 0.0 0.0 0.0 0.0 0.0 0.0 0.0 0.0 0.0 0.0 0.0 0.0 0.0 0.0 0.0 0.0 0.0
a6tw9zegog7ph
why do they blame everything on us
0.0 0.5537378265169675 0.0 0.0 0.8915953583116073 0.8868330125590942 0.2675725374822576 0.5225899717496121 0.0 0.0 0.4625481507708841 0.36910125115202713 0.0 0.0 0.0 0.0 0.0 0.0 0.0 0.0 0.0 0.0 0.0 0.0 0.0 0.0 0.0 0.0 0.0 0.0 0.0
a3edprdq0s0hp3
why do they blame everything on us
0.0 0.5537378265169675 0.0 0.0 0.8915953583116073 0.8868330125590942 0.2675725374822576 0.5225899717496121 0.0 0.0 0.4625481507708841 0.36910125115202713 0.0 0.0 0.0 0.0 0.0 0.0 0.0 0.0 0.0 0.0 0.0 0.0 0.0 0.0 0.0 0.0 0.0 0.0 0.0
a1395pss402i1j
why do they accuse us of every thing
0.0 0.4845205982023465 0.0 0.0 0.0 0.0 0.0 0.4572662252809106 0.0 0.0 0.4047296319245236 0.3229635947580237 0.0 0.10499272282472728 0.5295607552138155 0.6586061181046792 0.9034578123410818 0.0 0.0 0.0 0.0 0.0 0.0 0.0 0.0 0.0 0.0 0.0 0.0 0.0 0.0
a6tw9zegog7ph
and why does it accuse us of everything
0.12424562997528649 0.4845205982023465 0.5242526951490958 0.25314442962832817 0.0 0.7759788859892074 0.0 0.4572662252809106 0.0 0.0 0.0 0.0 0.0 0.10499272282472728 0.0 0.0 0.9034578123410818 0.0 0.0 0.0 0.0 0.0 0.0 0.0 0.0 0.0 0.0 0.0 0.0 0.0 0.0
a3andctf0w1pqd
why does it accuse us of every thing
0.0 0.4845205982023465 0.5242526951490958 0.25314442962832817 0.0 0.0 0.0 0.4572662252809106 0.0 0.0 0.0 0.0 0.0 0.10499272282472728 0.5295607552138155 0.6586061181046792 0.9034578123410818 0.0 0.0 0.0 0.0 0.0 0.0 0.0 0.0 0.0 0.0 0.0 0.0 0.0 0.0
a1wrvfwizbd6rc
and why do they accuse us of everything
0.12424562997528649 0.4845205982023465 0.0 0.0 0.0 0.7759788859892074 0.0 0.4572662252809106 0.0 0.0 0.4047296319245236 0.3229635947580237 0.0 0.10499272282472728 0.0 0.0 0.9034578123410818 0.0 0.0 0.0 0.0 0.0 0.0 0.0 0.0 0.0 0.0 0.0 0.0 0.0 0.0
a14b80scbt25dr
and why do they accuse us with everything
0.12424562997528649 0.4845205982023465 0.0 0.0 0.0 0.7759788859892074 0.0 0.4572662252809106 0.0 0.0 0.4047296319245236 0.3229635947580237 0.0 0.0 0.0 0.0 0.9034578123410818 0.2937981815092817 0.0 0.0 0.0 0.0 0.0 0.0 0.0 0.0 0.0 0.0 0.0 0.0 0.0
a230hf2okthmdz
and why do they accuse us with everything
0.12424562997528649 0.4845205982023465 0.0 0.0 0.0 0.7759788859892074 0.0 0.4572662252809106 0.0 0.0 0.4047296319245236 0.3229635947580237 0.0 0.0 0.0 0.0 0.9034578123410818 0.2937981815092817 0.0 0.0 0.0 0.0 0.0 0.0 0.0 0.0 0.0 0.0 0.0 0.0 0.0
a3ohqrf1mdq99b
all of us who are accused should be on our best behavior
0.0 0.0 0.0 0.0 0.0 0.0 0.1560839801979836 0.30484415018727373 0.0 0.0 0.0 0.0 0.0 0.06999514854981818 0.0 0.0 0.0 0.0 0.26193460320522904 0.2453396614056688 0.17551137948773554 0.4704896764687554 0.2495179143948699 0.0 0.0 0.0 0.0 0.17890191216326254 0.2792329791904239 0.49266547540189315 0.5244461051126518
