similarly now there are even ways of making friends through computers in the same way building friendship is also being done computer resources computerized means available to develop friendships has become a medium make have source provided for or networking made and new method fostering as well social networks unlike anything that come before addition additionally times when created via
similarly now there are even ways of making friends through computers
0.5771284580486227 0.311460300992262 0.26036227297481546 0.19146695944116604 0.33279035511056565 0.5374532458929744 0.07635834387252893 0.4591678902748766 0.4948643298987108 0.4308159205546135 0.5075005912447705 0.0 0.0 0.0 0.0 0.0 0.0 0.0 0.0 0.0 0.0 0.0 0.0 0.0 0.0 0.0 0.0 0.0 0.0 0.0 0.0 0.0 0.0 0.0 0.0 0.0 0.0 0.0 0.0 0.0 0.0 0.0 0.0 0.0 0.0 0.0 0.0 0.0 0.0 0.0 0.0 0.0 0.0 0.0 0.0 0.0 0.0 0.0 0.0 0.0
in the same way building friendship is also being done through computer resources
0.0 0.0 0.0 0.0 0.0 0.0 0.0 0.0 0.0 0.36453654816159603 0.0 0.07921774634282162 0.0328061993715041 0.33701298053881107 0.3388616881883616 0.5431237241588838 0.5559740383637426 0.10052427067958664 0.21224195815994393 0.28119786585355133 0.35397517312928833 0.4992356581229135 0.48690160811713046 0.0 0.0 0.0 0.0 0.0 0.0 0.0 0.0 0.0 0.0 0.0 0.0 0.0 0.0 0.0 0.0 0.0 0.0 0.0 0.0 0.0 0.0 0.0 0.0 0.0 0.0 0.0 0.0 0.0 0.0 0.0 0.0 0.0 0.0 0.0 0.0 0.0
similarly computerized means are now available to develop friendships
0.7053792265038721 0.38067370121276467 0.0 0.23401517265031405 0.0 0.0 0.0 0.0 0.0 0.0 0.0 0.0 0.0 0.0 0.0 0.0 0.0 0.0 0.0 0.0 0.0 0.0 0.0 1.0244547403798734 0.6232416389749597 0.74835400151454 0.11998603441235117 0.8193628858800589 1.0244547403798734 0.0 0.0 0.0 0.0 0.0 0.0 0.0 0.0 0.0 0.0 0.0 0.0 0.0 0.0 0.0 0.0 0.0 0.0 0.0 0.0 0.0 0.0 0.0 0.0 0.0 0.0 0.0 0.0 0.0 0.0 0.0
in the same way the computer has become a medium to make friends
0.0 0.0 0.0 0.0 0.0 0.0 0.0 0.0 0.41873135606813994 0.0 0.0 0.07921774634282162 0.0656123987430082 0.33701298053881107 0.3388616881883616 0.0 0.0 0.0 0.0 0.0 0.0 0.4992356581229135 0.0 0.0 0.0 0.0 0.08306725459316619 0.0 0.0 0.1579075090716326 0.3241470553593835 0.1090679497824418 0.7937465347759208 0.35075409063151464 0.0 0.0 0.0 0.0 0.0 0.0 0.0 0.0 0.0 0.0 0.0 0.0 0.0 0.0 0.0 0.0 0.0 0.0 0.0 0.0 0.0 0.0 0.0 0.0 0.0 0.0
a143bvgouf83je
similarly computers have become the source of friendship
0.7935516298168561 0.0 0.0 0.0 0.0 0.0 0.10499272282472728 0.0 0.0 0.0 0.6978133129615595 0.0 0.05331007397869417 0.0 0.0 0.0 0.9034578123410818 0.0 0.0 0.0 0.0 0.0 0.0 0.0 0.0 0.0 0.0 0.0 0.0 0.0 0.5267389649589982 0.0 0.0 0.0 0.2859962534985537 0.9513318438730951 0.0 0.0 0.0 0.0 0.0 0.0 0.0 0.0 0.0 0.0 0.0 0.0 0.0 0.0 0.0 0.0 0.0 0.0 0.0 0.0 0.0 0.0 0.0 0.0
a3fq8i38xt2b4z
similarly computer has provided means for friendship or networking
0.7053792265038721 0.0 0.0 0.0 0.0 0.0 0.0 0.0 0.0 0.0 0.0 0.0 0.0 0.0 0.0 0.0 0.8030736109698505 0.0 0.0 0.0 0.0 0.7211181728442084 0.0 0.0 0.6232416389749597 0.0 0.0 0.0 0.0 0.2280886242145804 0.0 0.0 0.0 0.0 0.0 0.0 0.610935931831326 0.21452329990471278 0.3589217970457307 0.7762778268790852 0.0 0.0 0.0 0.0 0.0 0.0 0.0 0.0 0.0 0.0 0.0 0.0 0.0 0.0 0.0 0.0 0.0 0.0 0.0 0.0
a2de039cxxjuga
similarly friends are also made through computers
0.9069161483621213 0.0 0.0 0.3008766505504038 0.0 0.0 0.0 0.0 0.7776439469836884 0.6769964465858213 0.7975009290989251 0.0 0.0 0.0 0.0 0.0 0.0 0.0 0.394163636582753 0.0 0.0 0.0 0.0 0.0 0.0 0.0 0.0 0.0 0.0 0.0 0.0 0.0 0.0 0.0 0.0 0.0 0.0 0.0 0.0 0.0 0.5581266691967248 0.0 0.0 0.0 0.0 0.0 0.0 0.0 0.0 0.0 0.0 0.0 0.0 0.0 0.0 0.0 0.0 0.0 0.0 0.0
a8v7wa74iohz9
similarly friendship has become computerized
1.2696826077069698 0.0 0.0 0.0 0.0 0.0 0.0 0.0 0.0 0.0 0.0 0.0 0.0 0.0 0.0 0.0 1.4455324997457308 0.0 0.0 0.0 0.0 0.0 0.0 1.8440185326837721 0.0 0.0 0.0 0.0 0.0 0.4105595235862447 0.8427823439343971 0.0 0.0 0.0 0.0 0.0 0.0 0.0 0.0 0.0 0.0 0.0 0.0 0.0 0.0 0.0 0.0 0.0 0.0 0.0 0.0 0.0 0.0 0.0 0.0 0.0 0.0 0.0 0.0 0.0
a2qxd8jqk5bvez
similarly computers have become the source of friendship
0.7935516298168561 0.0 0.0 0.0 0.0 0.0 0.10499272282472728 0.0 0.0 0.0 0.6978133129615595 0.0 0.05331007397869417 0.0 0.0 0.0 0.9034578123410818 0.0 0.0 0.0 0.0 0.0 0.0 0.0 0.0 0.0 0.0 0.0 0.0 0.0 0.5267389649589982 0.0 0.0 0.0 0.2859962534985537 0.9513318438730951 0.0 0.0 0.0 0.0 0.0 0.0 0.0 0.0 0.0 0.0 0.0 0.0 0.0 0.0 0.0 0.0 0.0 0.0 0.0 0.0 0.0 0.0 0.0 0.0
aw4q48bn2x4nt
similarly computers have become the source of friendship
0.7935516298168561 0.0 0.0 0.0 0.0 0.0 0.10499272282472728 0.0 0.0 0.0 0.6978133129615595 0.0 0.05331007397869417 0.0 0.0 0.0 0.9034578123410818 0.0 0.0 0.0 0.0 0.0 0.0 0.0 0.0 0.0 0.0 0.0 0.0 0.0 0.5267389649589982 0.0 0.0 0.0 0.2859962534985537 0.9513318438730951 0.0 0.0 0.0 0.0 0.0 0.0 0.0 0.0 0.0 0.0 0.0 0.0 0.0 0.0 0.0 0.0 0.0 0.0 0.0 0.0 0.0 0.0 0.0 0.0
ajfwu2g6a1bhs
similarly computers have become the source of friendship
0.7935516298168561 0.0 0.0 0.0 0.0 0.0 0.10499272282472728 0.0 0.0 0.0 0.6978133129615595 0.0 0.05331007397869417 0.0 0.0 0.0 0.9034578123410818 0.0 0.0 0.0 0.0 0.0 0.0 0.0 0.0 0.0 0.0 0.0 0.0 0.0 0.5267389649589982 0.0 0.0 0.0 0.2859962534985537 0.9513318438730951 0.0 0.0 0.0 0.0 0.0 0.0 0.0 0.0 0.0 0.0 0.0 0.0 0.0 0.0 0.0 0.0 0.0 0.0 0.0 0.0 0.0 0.0 0.0 0.0
avktegthhn2vp
the computer has provided means for friendships and networking
0.0 0.0 0.0 0.0 0.0 0.0 0.0 0.0 0.0 0.0 0.0 0.0 0.04738673242550592 0.0 0.0 0.0 0.0 0.0 0.0 0.0 0.0 0.7211181728442084 0.0 0.0 0.6232416389749597 0.0 0.0 0.0 1.0244547403798734 0.2280886242145804 0.0 0.0 0.0 0.0 0.0 0.0 0.610935931831326 0.21452329990471278 0.0 0.7762778268790852 0.0 0.11044055997803243 0.0 0.0 0.0 0.0 0.0 0.0 0.0 0.0 0.0 0.0 0.0 0.0 0.0 0.0 0.0 0.0 0.0 0.0
a2kixciinfgilk
similarly computer has provided means for friendship or networking computers have also provided a new method for fostering friendship as well as building social networks unlike anything that has come before
0.20478751737209192 0.0 0.0 0.0 0.0 0.0 0.0 0.0 0.0 0.0 0.1800808549578218 0.0 0.0 0.0 0.0 0.22776156174404802 0.4663008063695906 0.0 0.08900469213158939 0.0 0.0 0.20935688889025406 0.0 0.0 0.18094112099273021 0.0 0.0 0.0 0.0 0.1324385559955628 0.0 0.045738172489411075 0.0 0.0 0.0738054847738203 0.0 0.3547369926762538 0.1245619160737042 0.10420310236811536 0.22537098199715377 0.0 0.0 0.1175530180733079 0.25550998965447097 0.33286145006732165 0.17001943684084803 0.1449259627324684 0.18065180905780245 0.25012114821372367 0.33286145006732165 0.1856244116328753 0.03897014271805806 0.14158438092571213 0.14210328859511936 0.0 0.0 0.0 0.0 0.0 0.0
al2rcq9eyun61
similarly the computer has provided a means for friendship or networking
0.5771284580486227 0.0 0.0 0.0 0.0 0.0 0.0 0.0 0.0 0.0 0.0 0.0 0.03877096289359576 0.0 0.0 0.0 0.6570602271571504 0.0 0.0 0.0 0.0 0.590005777781625 0.0 0.0 0.5099249773431488 0.0 0.0 0.0 0.0 0.18661796526647487 0.0 0.12889848610652213 0.0 0.0 0.0 0.0 0.49985667149835766 0.17551906355840138 0.2936632884919615 0.6351364038101607 0.0 0.0 0.0 0.0 0.0 0.0 0.0 0.0 0.0 0.0 0.0 0.0 0.0 0.0 0.0 0.0 0.0 0.0 0.0 0.0
a1dndzlo2d5d48
in addition friends are also made through computers
0.0 0.0 0.0 0.2632670692316033 0.0 0.0 0.0 0.0 0.6804384536107274 0.5923718907625936 0.6978133129615595 0.12872883780708513 0.0 0.0 0.0 0.0 0.0 0.0 0.34489318200990887 0.0 0.0 0.0 0.0 0.0 0.0 0.0 0.0 0.0 0.0 0.0 0.0 0.0 0.0 0.0 0.0 0.0 0.0 0.0 0.0 0.0 0.4883608355471342 0.0 0.0 0.0 0.0 0.0 0.0 0.0 0.0 0.0 0.0 0.0 0.0 0.0 0.7420847896766362 0.0 0.0 0.0 0.0 0.0
a14wwg6nkbdwgp
additionally there are times when friendships are created via computer
0.0 0.0 0.28639850027229696 0.4212273107705653 0.0 0.0 0.0 0.0 0.0 0.0 0.0 0.0 0.0 0.0 0.0 0.0 0.0 0.0 0.0 0.0 0.0 0.6490063555597876 0.0 0.0 0.0 0.0 0.0 0.0 0.9220092663418861 0.0 0.0 0.0 0.0 0.0 0.0 0.0 0.0 0.0 0.0 0.0 0.0 0.0 0.0 0.0 0.0 0.0 0.0 0.0 0.0 0.0 0.0 0.0 0.0 0.0 0.0 0.8239263410407135 0.5743993973583588 0.3257370585176533 0.5474517865628379 0.6917507570424816
a6tw9zegog7ph
similarly friends are also made through computers
0.9069161483621213 0.0 0.0 0.3008766505504038 0.0 0.0 0.0 0.0 0.7776439469836884 0.6769964465858213 0.7975009290989251 0.0 0.0 0.0 0.0 0.0 0.0 0.0 0.394163636582753 0.0 0.0 0.0 0.0 0.0 0.0 0.0 0.0 0.0 0.0 0.0 0.0 0.0 0.0 0.0 0.0 0.0 0.0 0.0 0.0 0.0 0.5581266691967248 0.0 0.0 0.0 0.0 0.0 0.0 0.0 0.0 0.0 0.0 0.0 0.0 0.0 0.0 0.0 0.0 0.0 0.0 0.0
a3ohqrf1mdq99b
similarly friendship has become computerized
1.2696826077069698 0.0 0.0 0.0 0.0 0.0 0.0 0.0 0.0 0.0 0.0 0.0 0.0 0.0 0.0 0.0 1.4455324997457308 0.0 0.0 0.0 0.0 0.0 0.0 1.8440185326837721 0.0 0.0 0.0 0.0 0.0 0.4105595235862447 0.8427823439343971 0.0 0.0 0.0 0.0 0.0 0.0 0.0 0.0 0.0 0.0 0.0 0.0 0.0 0.0 0.0 0.0 0.0 0.0 0.0 0.0 0.0 0.0 0.0 0.0 0.0 0.0 0.0 0.0 0.0
