this is called the nonchalant plaintiff and zealous witness more efficient than petitioner a lazy claimant overactive thats what we call throwing out red herring say as accuser weak strong they slow complainant fast for it said that when active to are mercurial complaint has attitude an understatement
this is called the nonchalant plaintiff and the zealous witness
0.17135008833480198 0.13068155188346262 0.4793252012955187 0.08529611836591067 1.0318704952086972 0.9220092663418861 0.09939650398022919 1.0318704952086972 0.6763356890597556 0.0 0.0 0.0 0.0 0.0 0.0 0.0 0.0 0.0 0.0 0.0 0.0 0.0 0.0 0.0 0.0 0.0 0.0 0.0 0.0 0.0 0.0 0.0 0.0 0.0 0.0 0.0 0.0 0.0 0.0 0.0 0.0 0.0 0.0 0.0 0.0 0.0 0.0 0.0
this is called witness is more efficient than petitioner
0.19038898703866888 0.29040344862991696 0.5325835569950208 0.0 0.0 0.0 0.0 0.0 0.751484098955284 0.4024078560467207 1.1465227724541078 0.46194418115465496 1.1465227724541078 0.0 0.0 0.0 0.0 0.0 0.0 0.0 0.0 0.0 0.0 0.0 0.0 0.0 0.0 0.0 0.0 0.0 0.0 0.0 0.0 0.0 0.0 0.0 0.0 0.0 0.0 0.0 0.0 0.0 0.0 0.0 0.0 0.0 0.0 0.0
this is called a lazy claimant and overactive witness
0.19038898703866888 0.14520172431495848 0.5325835569950208 0.0 0.0 0.0 0.11044055997803243 0.0 0.751484098955284 0.0 0.0 0.0 0.0 0.1575425941301937 0.9676963377392078 1.1465227724541078 1.1465227724541078 0.0 0.0 0.0 0.0 0.0 0.0 0.0 0.0 0.0 0.0 0.0 0.0 0.0 0.0 0.0 0.0 0.0 0.0 0.0 0.0 0.0 0.0 0.0 0.0 0.0 0.0 0.0 0.0 0.0 0.0 0.0
thats what we call throwing out a red herring
0.0 0.0 0.0 0.0 0.0 0.0 0.0 0.0 0.0 0.0 0.0 0.0 0.0 0.1575425941301937 0.0 0.0 0.0 0.7888699030243078 0.3424850677036252 0.3402675235995878 0.6006722295945466 0.9474383869843239 0.44521890477045073 0.7366472775525594 1.1465227724541078 0.0 0.0 0.0 0.0 0.0 0.0 0.0 0.0 0.0 0.0 0.0 0.0 0.0 0.0 0.0 0.0 0.0 0.0 0.0 0.0 0.0 0.0 0.0
a1vbzioywe4osh
this we say as accuser is weak and witness is strong
0.15577280757709272 0.23760282160629567 0.0 0.0 0.0 0.0 0.09036045816384472 0.0 0.6148506264179597 0.0 0.0 0.0 0.0 0.0 0.0 0.0 0.0 0.0 0.0 0.2784007011269355 0.0 0.0 0.0 0.0 0.0 0.355770590368739 0.23957284282119495 0.7490239464006486 0.649150101976275 0.492130015786231 0.0 0.0 0.0 0.0 0.0 0.0 0.0 0.0 0.0 0.0 0.0 0.0 0.0 0.0 0.0 0.0 0.0 0.0
a3dd3acpmvdvca
this is what they call a slow complainant and a fast witness
0.14279174027900166 0.10890129323621885 0.0 0.0 0.0 0.0 0.08283041998352432 0.0 0.563613074216463 0.0 0.0 0.0 0.0 0.23631389119529056 0.0 0.0 0.0 0.0 0.2568638007777189 0.0 0.45050417219590994 0.0 0.0 0.0 0.0 0.0 0.0 0.0 0.0 0.0 0.2153090631720158 0.6461462995521196 0.768341055284905 0.5950542601449188 0.0 0.0 0.0 0.0 0.0 0.0 0.0 0.0 0.0 0.0 0.0 0.0 0.0 0.0
a3bz8b0jpubzqq
for this it is said that when the accuser is lazy the witness is active
0.11423339222320132 0.26136310376692523 0.0 0.05686407891060711 0.0 0.0 0.0 0.0 0.45089045937317046 0.0 0.0 0.0 0.0 0.0 0.5806178026435247 0.0 0.0 0.0 0.0 0.0 0.0 0.0 0.0 0.0 0.0 0.0 0.0 0.5492842273604757 0.0 0.0 0.0 0.0 0.0 0.0 0.12871397994282768 0.1350103624684417 0.1476000989143908 0.08053829495065332 0.21715803901176886 0.36239353530004 0.0 0.0 0.0 0.0 0.0 0.0 0.0 0.0
alrghxunh1uv7
to say that the plaintiff slow are witness mercurial
0.0 0.0 0.0 0.04738673242550592 0.0 1.0244547403798734 0.0 0.0 0.751484098955284 0.0 0.0 0.0 0.0 0.0 0.0 0.0 0.0 0.0 0.0 0.0 0.0 0.0 0.0 0.0 0.0 0.43483072156179214 0.0 0.0 0.0 0.0 0.0 0.861528399402826 0.0 0.0 0.0 0.0 0.0 0.1342304915844222 0.0 0.0 0.11998603441235117 0.23401517265031405 1.0695064190585584 0.0 0.0 0.0 0.0 0.0
a1dndzlo2d5d48
this we say as accuser is weak and witness is strong
0.15577280757709272 0.23760282160629567 0.0 0.0 0.0 0.0 0.09036045816384472 0.0 0.6148506264179597 0.0 0.0 0.0 0.0 0.0 0.0 0.0 0.0 0.0 0.0 0.2784007011269355 0.0 0.0 0.0 0.0 0.0 0.355770590368739 0.23957284282119495 0.7490239464006486 0.649150101976275 0.492130015786231 0.0 0.0 0.0 0.0 0.0 0.0 0.0 0.0 0.0 0.0 0.0 0.0 0.0 0.0 0.0 0.0 0.0 0.0
a279zamy03pduy
this we say as accuser is weak and witness is strong
0.15577280757709272 0.23760282160629567 0.0 0.0 0.0 0.0 0.09036045816384472 0.0 0.6148506264179597 0.0 0.0 0.0 0.0 0.0 0.0 0.0 0.0 0.0 0.0 0.2784007011269355 0.0 0.0 0.0 0.0 0.0 0.355770590368739 0.23957284282119495 0.7490239464006486 0.649150101976275 0.492130015786231 0.0 0.0 0.0 0.0 0.0 0.0 0.0 0.0 0.0 0.0 0.0 0.0 0.0 0.0 0.0 0.0 0.0 0.0
a230hf2okthmdz
this we say as accuser is weak and witness is strong
0.15577280757709272 0.23760282160629567 0.0 0.0 0.0 0.0 0.09036045816384472 0.0 0.6148506264179597 0.0 0.0 0.0 0.0 0.0 0.0 0.0 0.0 0.0 0.0 0.2784007011269355 0.0 0.0 0.0 0.0 0.0 0.355770590368739 0.23957284282119495 0.7490239464006486 0.649150101976275 0.492130015786231 0.0 0.0 0.0 0.0 0.0 0.0 0.0 0.0 0.0 0.0 0.0 0.0 0.0 0.0 0.0 0.0 0.0 0.0
ah8lf01ktxfg0
this is what they call a slow complaint and a fast witness
0.14279174027900166 0.10890129323621885 0.0 0.0 0.0 0.0 0.08283041998352432 0.0 0.563613074216463 0.0 0.0 0.0 0.0 0.23631389119529056 0.0 0.0 0.0 0.0 0.2568638007777189 0.0 0.45050417219590994 0.0 0.0 0.0 0.0 0.0 0.0 0.0 0.0 0.0 0.2153090631720158 0.6461462995521196 0.0 0.5950542601449188 0.0 0.0 0.0 0.0 0.0 0.0 0.0 0.0 0.0 0.6977329002526381 0.0 0.0 0.0 0.0
a2bk4fasw056jr
this is what they call a slow complainant and a fast witness
0.14279174027900166 0.10890129323621885 0.0 0.0 0.0 0.0 0.08283041998352432 0.0 0.563613074216463 0.0 0.0 0.0 0.0 0.23631389119529056 0.0 0.0 0.0 0.0 0.2568638007777189 0.0 0.45050417219590994 0.0 0.0 0.0 0.0 0.0 0.0 0.0 0.0 0.0 0.2153090631720158 0.6461462995521196 0.768341055284905 0.5950542601449188 0.0 0.0 0.0 0.0 0.0 0.0 0.0 0.0 0.0 0.0 0.0 0.0 0.0 0.0
a2m2x4nfhzuqky
this is what they call a slow complainant and a fast witness
0.14279174027900166 0.10890129323621885 0.0 0.0 0.0 0.0 0.08283041998352432 0.0 0.563613074216463 0.0 0.0 0.0 0.0 0.23631389119529056 0.0 0.0 0.0 0.0 0.2568638007777189 0.0 0.45050417219590994 0.0 0.0 0.0 0.0 0.0 0.0 0.0 0.0 0.0 0.2153090631720158 0.6461462995521196 0.768341055284905 0.5950542601449188 0.0 0.0 0.0 0.0 0.0 0.0 0.0 0.0 0.0 0.0 0.0 0.0 0.0 0.0
a1395pss402i1j
for this it is said that when the accuser is lazy the witness is active
0.11423339222320132 0.26136310376692523 0.0 0.05686407891060711 0.0 0.0 0.0 0.0 0.45089045937317046 0.0 0.0 0.0 0.0 0.0 0.5806178026435247 0.0 0.0 0.0 0.0 0.0 0.0 0.0 0.0 0.0 0.0 0.0 0.0 0.5492842273604757 0.0 0.0 0.0 0.0 0.0 0.0 0.12871397994282768 0.1350103624684417 0.1476000989143908 0.08053829495065332 0.21715803901176886 0.36239353530004 0.0 0.0 0.0 0.0 0.0 0.0 0.0 0.0
ayeowkx2r19vz
when the accuser is lazy the witness is active
0.0 0.29040344862991696 0.0 0.09477346485101185 0.0 0.0 0.0 0.0 0.751484098955284 0.0 0.0 0.0 0.0 0.0 0.9676963377392078 0.0 0.0 0.0 0.0 0.0 0.0 0.0 0.0 0.0 0.0 0.0 0.0 0.9154737122674594 0.0 0.0 0.0 0.0 0.0 0.0 0.0 0.0 0.0 0.0 0.3619300650196148 0.6039892255000666 0.0 0.0 0.0 0.0 0.0 0.0 0.0 0.0
a3qu3km3iywhif
it is said that when the accuser is lazy the witness is active
0.0 0.3015728120387599 0.0 0.0656123987430082 0.0 0.0 0.0 0.0 0.5202582223536582 0.0 0.0 0.0 0.0 0.0 0.6699436184348362 0.0 0.0 0.0 0.0 0.0 0.0 0.0 0.0 0.0 0.0 0.0 0.0 0.6337894931082412 0.0 0.0 0.0 0.0 0.0 0.0 0.0 0.15578118746358657 0.1703078064396817 0.09292880186613844 0.25056696809050255 0.41814638688466155 0.0 0.0 0.0 0.0 0.0 0.0 0.0 0.0
a29vl1u4i9f3pd
to say that the plaintiff has a mercurial attitude is an understatement
0.0 0.10890129323621885 0.0 0.03554004931912944 0.0 0.768341055284905 0.0 0.0 0.0 0.0 0.0 0.0 0.0 0.11815694559764528 0.0 0.0 0.0 0.0 0.0 0.0 0.0 0.0 0.0 0.0 0.0 0.3261230411713441 0.0 0.0 0.0 0.0 0.0 0.0 0.0 0.0 0.0 0.0 0.0 0.10067286868831665 0.0 0.0 0.08998952580926338 0.0 0.8021298142939188 0.0 0.1710664681609353 0.5524854581644195 0.24586377214796581 0.859892079340581
