now they are on the verge of taking this city hostage bent upon abduction to take hijacking waant kidnap looking want hijack about occupy
now they are on the verge of taking this city hostage
0.311460300992262 0.2348826143694718 0.19146695944116604 0.17027343294325484 0.03877096289359576 0.7611631639119689 0.07635834387252893 0.4274485322200363 0.15577280757709272 0.4379497037765676 0.7048868722386759 0.0 0.0 0.0 0.0 0.0 0.0 0.0 0.0 0.0 0.0 0.0 0.0 0.0
now they are bent upon the abduction of this city
0.3426063310914882 0.258370875806419 0.21061365538528265 0.0 0.042648059182955333 0.0 0.08399417825978182 0.0 0.17135008833480198 0.4817446741542244 0.0 0.7227662498728654 0.5231108616854587 0.893241059096708 0.0 0.0 0.0 0.0 0.0 0.0 0.0 0.0 0.0 0.0
now they are bent upon to take this city hostage
0.3426063310914882 0.258370875806419 0.21061365538528265 0.0 0.0 0.0 0.0 0.0 0.17135008833480198 0.4817446741542244 0.7753755594625434 0.7227662498728654 0.5231108616854587 0.0 0.10798743097111604 0.38603666687421806 0.0 0.0 0.0 0.0 0.0 0.0 0.0 0.0
now they are bent on hijacking the city
0.42825791386436024 0.3229635947580237 0.2632670692316033 0.2341259702969754 0.05331007397869417 0.0 0.0 0.0 0.0 0.6021808426927805 0.0 0.9034578123410818 0.0 0.0 0.0 0.0 1.2898381190108714 0.0 0.0 0.0 0.0 0.0 0.0 0.0
a3dd3acpmvdvca
now they waant to kidnap this city
0.48943761584498313 0.36910125115202713 0.0 0.0 0.0 0.0 0.0 0.0 0.24478584047828855 0.6882066773631778 0.0 0.0 0.0 0.0 0.15426775853016578 0.0 0.0 1.474100707440996 1.0200930173912892 0.0 0.0 0.0 0.0 0.0
a1wyssw33m2fz2
now they are looking to kidnap this city
0.42825791386436024 0.3229635947580237 0.2632670692316033 0.0 0.0 0.0 0.0 0.0 0.21418761041850248 0.6021808426927805 0.0 0.0 0.0 0.0 0.13498428871389506 0.0 0.0 0.0 0.8925813902173781 0.7959326541881929 0.0 0.0 0.0 0.0
alzgu09bjzsiw
now they want to hijack this city
0.48943761584498313 0.36910125115202713 0.0 0.0 0.0 0.0 0.0 0.0 0.24478584047828855 0.6882066773631778 0.0 0.0 0.0 0.0 0.15426775853016578 0.0 0.0 0.0 0.0 0.0 0.660710401897753 1.27605865585244 0.0 0.0
a8v7wa74iohz9
now they are about to kidnap this city
0.42825791386436024 0.3229635947580237 0.2632670692316033 0.0 0.0 0.0 0.0 0.0 0.21418761041850248 0.6021808426927805 0.0 0.0 0.0 0.0 0.13498428871389506 0.0 0.0 0.0 0.8925813902173781 0.0 0.0 0.0 0.38950546944546666 0.0
ajh0yow6plss8
now they want to kidnap this city
0.48943761584498313 0.36910125115202713 0.0 0.0 0.0 0.0 0.0 0.0 0.24478584047828855 0.6882066773631778 0.0 0.0 0.0 0.0 0.15426775853016578 0.0 0.0 0.0 1.0200930173912892 0.0 0.660710401897753 0.0 0.0 0.0
a6tw9zegog7ph
now they want to kidnap this city
0.48943761584498313 0.36910125115202713 0.0 0.0 0.0 0.0 0.0 0.0 0.24478584047828855 0.6882066773631778 0.0 0.0 0.0 0.0 0.15426775853016578 0.0 0.0 0.0 1.0200930173912892 0.0 0.660710401897753 0.0 0.0 0.0
a3uewlcbe68lil
now they want to kidnap this city
0.48943761584498313 0.36910125115202713 0.0 0.0 0.0 0.0 0.0 0.0 0.24478584047828855 0.6882066773631778 0.0 0.0 0.0 0.0 0.15426775853016578 0.0 0.0 0.0 1.0200930173912892 0.0 0.660710401897753 0.0 0.0 0.0
air4uqnpimfcj
now they are looking to kidnap this city
0.42825791386436024 0.3229635947580237 0.2632670692316033 0.0 0.0 0.0 0.0 0.0 0.21418761041850248 0.6021808426927805 0.0 0.0 0.0 0.0 0.13498428871389506 0.0 0.0 0.0 0.8925813902173781 0.7959326541881929 0.0 0.0 0.0 0.0
al2rcq9eyun61
now they are looking to occupy this city
0.42825791386436024 0.3229635947580237 0.2632670692316033 0.0 0.0 0.0 0.0 0.0 0.21418761041850248 0.6021808426927805 0.0 0.0 0.0 0.0 0.13498428871389506 0.0 0.0 0.0 0.0 0.7959326541881929 0.0 0.0 0.0 1.0658681853573644
a1wgq344wqriu5
now they are looking to kidnap this city
0.42825791386436024 0.3229635947580237 0.2632670692316033 0.0 0.0 0.0 0.0 0.0 0.21418761041850248 0.6021808426927805 0.0 0.0 0.0 0.0 0.13498428871389506 0.0 0.0 0.0 0.8925813902173781 0.7959326541881929 0.0 0.0 0.0 0.0
a1wgq344wqriu5
now they want to hijack this city
0.48943761584498313 0.36910125115202713 0.0 0.0 0.0 0.0 0.0 0.0 0.24478584047828855 0.6882066773631778 0.0 0.0 0.0 0.0 0.15426775853016578 0.0 0.0 0.0 0.0 0.0 0.660710401897753 1.27605865585244 0.0 0.0
au2ar4vob7vlv
now they want to hijack this city
0.48943761584498313 0.36910125115202713 0.0 0.0 0.0 0.0 0.0 0.0 0.24478584047828855 0.6882066773631778 0.0 0.0 0.0 0.0 0.15426775853016578 0.0 0.0 0.0 0.0 0.0 0.660710401897753 1.27605865585244 0.0 0.0
a230hf2okthmdz
now they want to hijack this city
0.48943761584498313 0.36910125115202713 0.0 0.0 0.0 0.0 0.0 0.0 0.24478584047828855 0.6882066773631778 0.0 0.0 0.0 0.0 0.15426775853016578 0.0 0.0 0.0 0.0 0.0 0.660710401897753 1.27605865585244 0.0 0.0
a3ohqrf1mdq99b
now they are about to kidnap this city
0.42825791386436024 0.3229635947580237 0.2632670692316033 0.0 0.0 0.0 0.0 0.0 0.21418761041850248 0.6021808426927805 0.0 0.0 0.0 0.0 0.13498428871389506 0.0 0.0 0.0 0.8925813902173781 0.0 0.0 0.0 0.38950546944546666 0.0
