but here the situation is totally different opposite conditions are entirely something else that circumstances there things altogether situations all together thats not otherwise however our
but here the situation is totally different
0.3730917566737854 0.6273969894452228 0.06092579883279333 0.5848780746873731 0.18668793126208946 1.02617296230826 0.7421058532405302 0.0 0.0 0.0 0.0 0.0 0.0 0.0 0.0 0.0 0.0 0.0 0.0 0.0 0.0 0.0 0.0 0.0 0.0 0.0
but here the situation is opposite
0.4352737161194163 0.7319631543527599 0.07108009863825888 0.6823577538019352 0.2178025864724377 0.0 0.0 1.26844245849746 0.0 0.0 0.0 0.0 0.0 0.0 0.0 0.0 0.0 0.0 0.0 0.0 0.0 0.0 0.0 0.0 0.0 0.0
but here the conditions are entirely different
0.3730917566737854 0.6273969894452228 0.06092579883279333 0.0 0.0 0.0 0.7421058532405302 0.0 0.8631484047244165 0.3008766505504038 1.1602114821072502 0.0 0.0 0.0 0.0 0.0 0.0 0.0 0.0 0.0 0.0 0.0 0.0 0.0 0.0 0.0
but here the situation is something else
0.3730917566737854 0.6273969894452228 0.06092579883279333 0.5848780746873731 0.18668793126208946 0.0 0.0 0.0 0.0 0.0 0.0 0.7937901453270306 0.8235468657837757 0.0 0.0 0.0 0.0 0.0 0.0 0.0 0.0 0.0 0.0 0.0 0.0 0.0
a1sanjgoj47idf
but that circumstances different there
0.5223284593432995 0.0 0.0 0.0 0.0 0.0 1.0389481945367423 0.0 0.0 0.0 0.0 0.0 0.0 0.24161488485195998 1.2319643737454598 0.5727970005445939 0.0 0.0 0.0 0.0 0.0 0.0 0.0 0.0 0.0 0.0
a3fq8i38xt2b4z
but here the things are altogether different
0.3730917566737854 0.6273969894452228 0.06092579883279333 0.0 0.0 0.0 0.7421058532405302 0.0 0.0 0.3008766505504038 0.0 0.0 0.0 0.0 0.0 0.0 0.7744093074480085 1.1961135432902368 0.0 0.0 0.0 0.0 0.0 0.0 0.0 0.0
a28z6a8uc4er3x
but here situation is else
0.5223284593432995 0.8783557852233119 0.0 0.8188293045623223 0.26136310376692523 0.0 0.0 0.0 0.0 0.0 0.0 0.0 1.152965612097286 0.0 0.0 0.0 0.0 0.0 0.0 0.0 0.0 0.0 0.0 0.0 0.0 0.0
a2i57ww1b3evwx
but here the situations are different here
0.3730917566737854 1.2547939788904456 0.06092579883279333 0.0 0.0 0.0 0.7421058532405302 0.0 0.0 0.3008766505504038 0.0 0.0 0.0 0.0 0.0 0.0 0.0 0.0 0.9507347579939035 0.0 0.0 0.0 0.0 0.0 0.0 0.0
a1nee8mf6oybf8
but that circumstances different there
0.5223284593432995 0.0 0.0 0.0 0.0 0.0 1.0389481945367423 0.0 0.0 0.0 0.0 0.0 0.0 0.24161488485195998 1.2319643737454598 0.5727970005445939 0.0 0.0 0.0 0.0 0.0 0.0 0.0 0.0 0.0 0.0
ayeowkx2r19vz
but that circumstances different there
0.5223284593432995 0.0 0.0 0.0 0.0 0.0 1.0389481945367423 0.0 0.0 0.0 0.0 0.0 0.0 0.24161488485195998 1.2319643737454598 0.5727970005445939 0.0 0.0 0.0 0.0 0.0 0.0 0.0 0.0 0.0 0.0
a1f79effmkv41a
but the circumstances are different there
0.4352737161194163 0.0 0.07108009863825888 0.0 0.0 0.0 0.865790162113952 0.0 0.0 0.3510227589754711 0.0 0.0 0.0 0.0 1.0266369781212166 0.4773308337871616 0.0 0.0 0.0 0.0 0.0 0.0 0.0 0.0 0.0 0.0
a37rlacsw4br2k
but here the things are all together different
0.32645528708956223 0.54897236576457 0.05331007397869417 0.0 0.0 0.0 0.649342621585464 0.0 0.0 0.2632670692316033 0.0 0.0 0.0 0.0 0.0 0.0 0.6776081440170074 0.0 0.0 0.3929019048078436 0.6703597368107137 0.0 0.0 0.0 0.0 0.0
a267yj5zc4d1st
but here the things are altogether different things here are different
0.23742202697422707 0.79850525929392 0.03877096289359576 0.0 0.0 0.0 0.9444983586697657 0.0 0.0 0.3829339188823321 0.0 0.0 0.0 0.0 0.0 0.0 0.9856118458429198 0.7611631639119689 0.0 0.0 0.0 0.0 0.0 0.0 0.0 0.0
a1nfmtr7or7cu6
but here the things are altogether different
0.3730917566737854 0.6273969894452228 0.06092579883279333 0.0 0.0 0.0 0.7421058532405302 0.0 0.0 0.3008766505504038 0.0 0.0 0.0 0.0 0.0 0.0 0.7744093074480085 1.1961135432902368 0.0 0.0 0.0 0.0 0.0 0.0 0.0 0.0
a143awku99stc9
but thats not the situation here
0.4352737161194163 0.7319631543527599 0.07108009863825888 0.6823577538019352 0.0 0.0 0.0 0.0 0.0 0.0 0.0 0.0 0.0 0.0 0.0 0.0 0.0 0.0 0.0 0.0 0.0 1.1833048545364617 0.3567712480395606 0.0 0.0 0.0
a2eldzaxlm8quo
but here the situation is different
0.4352737161194163 0.7319631543527599 0.07108009863825888 0.6823577538019352 0.2178025864724377 0.0 0.865790162113952 0.0 0.0 0.0 0.0 0.0 0.0 0.0 0.0 0.0 0.0 0.0 0.0 0.0 0.0 0.0 0.0 0.0 0.0 0.0
a1g9f1kosfkijh
but here the situation is otherwise
0.4352737161194163 0.7319631543527599 0.07108009863825888 0.6823577538019352 0.2178025864724377 0.0 0.0 0.0 0.0 0.0 0.0 0.0 0.0 0.0 0.0 0.0 0.0 0.0 0.0 0.0 0.0 0.0 0.0 0.9716780970591384 0.0 0.0
a290hg650rgy73
however our situations here is different
0.0 0.7319631543527599 0.0 0.0 0.2178025864724377 0.0 0.865790162113952 0.0 0.0 0.0 0.0 0.0 0.0 0.0 0.0 0.0 0.0 0.0 1.1091905509928874 0.0 0.0 0.0 0.0 0.0 0.7328544220738592 0.5584659583808478
