cant the government see national progress coming to a standstill does not watching wheel of countrys getting jammed is seeing stalling development that are wheels seeming can failing economy going work for upwards full stop on by working improve situation
cant the government see national progress coming to a standstill
0.5565114760980606 0.042648059182955333 0.2994874385884654 0.4480974504921031 0.45256913437028273 0.622436038986487 0.549039121478467 0.10798743097111604 0.14178833471717434 0.8372794803031658 0.0 0.0 0.0 0.0 0.0 0.0 0.0 0.0 0.0 0.0 0.0 0.0 0.0 0.0 0.0 0.0 0.0 0.0 0.0 0.0 0.0 0.0 0.0 0.0 0.0 0.0 0.0 0.0 0.0 0.0
does the government not watching the wheel of the countrys progress getting jammed
0.0 0.09841859811451231 0.230374952760358 0.0 0.0 0.4787969530665285 0.0 0.0 0.0 0.0 0.32261704316867434 0.16466365294133567 0.4787969530665285 0.7404275208866943 0.06461090635367833 0.48690160811713046 0.3905352259251791 0.6337894931082412 0.0 0.0 0.0 0.0 0.0 0.0 0.0 0.0 0.0 0.0 0.0 0.0 0.0 0.0 0.0 0.0 0.0 0.0 0.0 0.0 0.0 0.0
is the government not seeing the stalling of the national development
0.0 0.11631288868078728 0.2722613078076958 0.0 0.4114264857911661 0.0 0.0 0.0 0.0 0.0 0.0 0.19460249893066942 0.0 0.0 0.07635834387252893 0.0 0.0 0.0 0.11880141080314784 0.6004666259438785 0.938064086553361 0.5075005912447705 0.0 0.0 0.0 0.0 0.0 0.0 0.0 0.0 0.0 0.0 0.0 0.0 0.0 0.0 0.0 0.0 0.0 0.0
cant the government see that the wheel of national development is getting jammed
0.428085750844662 0.0656123987430082 0.230374952760358 0.344690346532387 0.3481301033617559 0.0 0.0 0.0 0.0 0.0 0.0 0.0 0.0 0.7404275208866943 0.06461090635367833 0.0 0.3905352259251791 0.6337894931082412 0.10052427067958664 0.0 0.0 0.4294235772071135 0.09292880186613844 0.0 0.0 0.0 0.0 0.0 0.0 0.0 0.0 0.0 0.0 0.0 0.0 0.0 0.0 0.0 0.0 0.0
a3dd3acpmvdvca
are the wheels of national development not seeming jammed to the government
0.0 0.07108009863825888 0.24957286549038782 0.0 0.37714094530856895 0.0 0.0 0.08998952580926338 0.0 0.0 0.0 0.1783856240197803 0.0 0.0 0.06999514854981818 0.0 0.0 0.6866052842005946 0.0 0.0 0.0 0.4652088753077063 0.0 0.17551137948773554 0.7443675492472567 0.7443675492472567 0.0 0.0 0.0 0.0 0.0 0.0 0.0 0.0 0.0 0.0 0.0 0.0 0.0 0.0
a3fq8i38xt2b4z
can the government see the failing of the countrys economy
0.0 0.127944177548866 0.2994874385884654 0.4480974504921031 0.0 0.0 0.0 0.0 0.0 0.0 0.0 0.0 0.0 0.0 0.08399417825978182 0.6329720905522696 0.0 0.0 0.0 0.0 0.0 0.0 0.0 0.0 0.0 0.0 0.31516670751747505 0.8239263410407135 0.7753755594625434 0.0 0.0 0.0 0.0 0.0 0.0 0.0 0.0 0.0 0.0 0.0
a353ocl6lm6m4o
the government is not going to work for upwards
0.0 0.04738673242550592 0.3327638206538504 0.0 0.0 0.0 0.0 0.11998603441235117 0.0 0.0 0.0 0.23784749869304042 0.0 0.0 0.0 0.0 0.0 0.0 0.14520172431495848 0.0 0.0 0.0 0.0 0.0 0.0 0.0 0.0 0.0 0.0 0.4950081973876526 0.46194418115465496 0.21452329990471278 1.0244547403798734 0.0 0.0 0.0 0.0 0.0 0.0 0.0
a8v7wa74iohz9
is government not seeing the full stop on national development
0.0 0.042648059182955333 0.2994874385884654 0.0 0.45256913437028273 0.0 0.0 0.0 0.0 0.0 0.0 0.21406274882373638 0.0 0.0 0.0 0.0 0.0 0.0 0.13068155188346262 0.6605132885382663 0.0 0.5582506503692476 0.0 0.0 0.0 0.0 0.0 0.0 0.0 0.0 0.0 0.0 0.0 0.6084598447489712 0.46082779347121006 0.18730077623758032 0.0 0.0 0.0 0.0
a1dndzlo2d5d48
are the wheels of national development not seeming jammed to the government
0.0 0.07108009863825888 0.24957286549038782 0.0 0.37714094530856895 0.0 0.0 0.08998952580926338 0.0 0.0 0.0 0.1783856240197803 0.0 0.0 0.06999514854981818 0.0 0.0 0.6866052842005946 0.0 0.0 0.0 0.4652088753077063 0.0 0.17551137948773554 0.7443675492472567 0.7443675492472567 0.0 0.0 0.0 0.0 0.0 0.0 0.0 0.0 0.0 0.0 0.0 0.0 0.0 0.0
a3odrygim0wb3t
are the wheels of national development not seeming jammed by the government
0.0 0.07108009863825888 0.24957286549038782 0.0 0.37714094530856895 0.0 0.0 0.0 0.0 0.0 0.0 0.1783856240197803 0.0 0.0 0.06999514854981818 0.0 0.0 0.6866052842005946 0.0 0.0 0.0 0.4652088753077063 0.0 0.17551137948773554 0.7443675492472567 0.7443675492472567 0.0 0.0 0.0 0.0 0.0 0.0 0.0 0.0 0.0 0.0 0.20795493845012067 0.0 0.0 0.0
a6tw9zegog7ph
are the wheels of national development not seeming jammed to the government
0.0 0.07108009863825888 0.24957286549038782 0.0 0.37714094530856895 0.0 0.0 0.08998952580926338 0.0 0.0 0.0 0.1783856240197803 0.0 0.0 0.06999514854981818 0.0 0.0 0.6866052842005946 0.0 0.0 0.0 0.4652088753077063 0.0 0.17551137948773554 0.7443675492472567 0.7443675492472567 0.0 0.0 0.0 0.0 0.0 0.0 0.0 0.0 0.0 0.0 0.0 0.0 0.0 0.0
a2scjh3oqhuw2a
can the government see the failing of the countrys economy
0.0 0.127944177548866 0.2994874385884654 0.4480974504921031 0.0 0.0 0.0 0.0 0.0 0.0 0.0 0.0 0.0 0.0 0.08399417825978182 0.6329720905522696 0.0 0.0 0.0 0.0 0.0 0.0 0.0 0.0 0.0 0.0 0.31516670751747505 0.8239263410407135 0.7753755594625434 0.0 0.0 0.0 0.0 0.0 0.0 0.0 0.0 0.0 0.0 0.0
a2oe085okcwole
can the government see the failing of the countrys economy
0.0 0.127944177548866 0.2994874385884654 0.4480974504921031 0.0 0.0 0.0 0.0 0.0 0.0 0.0 0.0 0.0 0.0 0.08399417825978182 0.6329720905522696 0.0 0.0 0.0 0.0 0.0 0.0 0.0 0.0 0.0 0.0 0.31516670751747505 0.8239263410407135 0.7753755594625434 0.0 0.0 0.0 0.0 0.0 0.0 0.0 0.0 0.0 0.0 0.0
a330jjzgjl7ig2
cant the government see the failing of the countrys economy
0.5565114760980606 0.127944177548866 0.2994874385884654 0.4480974504921031 0.0 0.0 0.0 0.0 0.0 0.0 0.0 0.0 0.0 0.0 0.08399417825978182 0.6329720905522696 0.0 0.0 0.0 0.0 0.0 0.0 0.0 0.0 0.0 0.0 0.0 0.8239263410407135 0.7753755594625434 0.0 0.0 0.0 0.0 0.0 0.0 0.0 0.0 0.0 0.0 0.0
a2190f96xfy41l
the government is not working to improve the situation
0.0 0.09477346485101185 0.3327638206538504 0.0 0.0 0.0 0.0 0.11998603441235117 0.0 0.0 0.0 0.23784749869304042 0.0 0.0 0.0 0.0 0.0 0.0 0.14520172431495848 0.0 0.0 0.0 0.0 0.0 0.0 0.0 0.0 0.0 0.0 0.0 0.0 0.0 0.0 0.0 0.0 0.0 0.0 0.6065436164139221 0.7235602735907389 0.45490516920129015
a3c1u2evw0nuff
the government is not going to work for upwards
0.0 0.04738673242550592 0.3327638206538504 0.0 0.0 0.0 0.0 0.11998603441235117 0.0 0.0 0.0 0.23784749869304042 0.0 0.0 0.0 0.0 0.0 0.0 0.14520172431495848 0.0 0.0 0.0 0.0 0.0 0.0 0.0 0.0 0.0 0.0 0.4950081973876526 0.46194418115465496 0.21452329990471278 1.0244547403798734 0.0 0.0 0.0 0.0 0.0 0.0 0.0
a2epq8pt6mk3tp
the government is not going to work for upwards
0.0 0.04738673242550592 0.3327638206538504 0.0 0.0 0.0 0.0 0.11998603441235117 0.0 0.0 0.0 0.23784749869304042 0.0 0.0 0.0 0.0 0.0 0.0 0.14520172431495848 0.0 0.0 0.0 0.0 0.0 0.0 0.0 0.0 0.0 0.0 0.4950081973876526 0.46194418115465496 0.21452329990471278 1.0244547403798734 0.0 0.0 0.0 0.0 0.0 0.0 0.0
aonmraht4motn
is government not seeing the full stop on national development
0.0 0.042648059182955333 0.2994874385884654 0.0 0.45256913437028273 0.0 0.0 0.0 0.0 0.0 0.0 0.21406274882373638 0.0 0.0 0.0 0.0 0.0 0.0 0.13068155188346262 0.6605132885382663 0.0 0.5582506503692476 0.0 0.0 0.0 0.0 0.0 0.0 0.0 0.0 0.0 0.0 0.0 0.6084598447489712 0.46082779347121006 0.18730077623758032 0.0 0.0 0.0 0.0
