but until some time ago the average german citizen did not know much about him common citizens up a little while ordinary fairly recently most germans didnt earlier short it before they people dont he was known to public back earliercommon previously knew almost nothing merckles business enterprises left had never even heard of well
but until some time ago the average german citizen did not know much about him
0.17410948644776653 0.3025307624196428 0.26510556889105463 0.2537973081628162 0.34359459854423047 0.028432039455303555 0.45898118317345493 0.295321799583606 0.3751571379905218 0.2690958803460643 0.14270849921582424 0.2971945819080737 0.3242255891152846 0.20773625037091556 0.24828609948914615 0.0 0.0 0.0 0.0 0.0 0.0 0.0 0.0 0.0 0.0 0.0 0.0 0.0 0.0 0.0 0.0 0.0 0.0 0.0 0.0 0.0 0.0 0.0 0.0 0.0 0.0 0.0 0.0 0.0 0.0 0.0 0.0 0.0 0.0 0.0 0.0 0.0 0.0 0.0 0.0
but the common german citizens did not know much about him up until a little while ago
0.15362601745391163 0.26693890801733183 0.0 0.0 0.3031717045978504 0.02508709363703255 0.0 0.2605780584561229 0.0 0.23743754148182142 0.12591926401396258 0.2622305134483003 0.28608140216054523 0.18329669150374903 0.2190759701374819 0.31505060716629785 0.3146406854418218 0.2532346938849511 0.08340490277480843 0.3436098904475744 0.23602527441993856 0.0 0.0 0.0 0.0 0.0 0.0 0.0 0.0 0.0 0.0 0.0 0.0 0.0 0.0 0.0 0.0 0.0 0.0 0.0 0.0 0.0 0.0 0.0 0.0 0.0 0.0 0.0 0.0 0.0 0.0 0.0 0.0 0.0 0.0
but a little while ago ordinary german citizen did not know much about him
0.1865458783368927 0.0 0.0 0.0 0.36813706986881833 0.0 0.0 0.31641621383957785 0.40195407641841624 0.28831701465649745 0.15290196344552598 0.31842276633007893 0.34738455976637633 0.2225745539688381 0.266020820881228 0.0 0.0 0.0 0.10127738194083881 0.4172405812577689 0.2866021189384968 0.5016334347201886 0.0 0.0 0.0 0.0 0.0 0.0 0.0 0.0 0.0 0.0 0.0 0.0 0.0 0.0 0.0 0.0 0.0 0.0 0.0 0.0 0.0 0.0 0.0 0.0 0.0 0.0 0.0 0.0 0.0 0.0 0.0 0.0 0.0
but until fairly recently most germans didnt know much about him
0.23742202697422707 0.4125419487540583 0.0 0.0 0.0 0.0 0.0 0.0 0.0 0.0 0.0 0.405265338965555 0.44212580333902446 0.28327670505124847 0.33857195384883565 0.0 0.0 0.0 0.0 0.0 0.0 0.0 0.938064086553361 0.5842622412705767 0.4125419487540583 0.7611631639119689 0.5788601121368676 0.0 0.0 0.0 0.0 0.0 0.0 0.0 0.0 0.0 0.0 0.0 0.0 0.0 0.0 0.0 0.0 0.0 0.0 0.0 0.0 0.0 0.0 0.0 0.0 0.0 0.0 0.0 0.0
a1wyssw33m2fz2
but earlier common german citizens did not know much about him
0.23742202697422707 0.0 0.0 0.0 0.0 0.0 0.0 0.40271154488673544 0.0 0.3669489277446331 0.19460249893066942 0.405265338965555 0.44212580333902446 0.28327670505124847 0.33857195384883565 0.4868963928933694 0.4862628775009972 0.0 0.0 0.0 0.0 0.0 0.0 0.0 0.0 0.0 0.0 0.5571863827327769 0.0 0.0 0.0 0.0 0.0 0.0 0.0 0.0 0.0 0.0 0.0 0.0 0.0 0.0 0.0 0.0 0.0 0.0 0.0 0.0 0.0 0.0 0.0 0.0 0.0 0.0 0.0
a143bvgouf83je
but a short while ago common german citizens did not know much about it
0.1865458783368927 0.0 0.0 0.0 0.36813706986881833 0.0 0.0 0.31641621383957785 0.0 0.28831701465649745 0.15290196344552598 0.31842276633007893 0.34738455976637633 0.2225745539688381 0.0 0.38256145155907595 0.38206368946506924 0.0 0.10127738194083881 0.0 0.2866021189384968 0.0 0.0 0.0 0.0 0.0 0.0 0.0 0.47536737899695175 0.1446539597876161 0.0 0.0 0.0 0.0 0.0 0.0 0.0 0.0 0.0 0.0 0.0 0.0 0.0 0.0 0.0 0.0 0.0 0.0 0.0 0.0 0.0 0.0 0.0 0.0 0.0
ayowrg5s0py3f
but before some time they german people dont know him
0.26116422967164976 0.0 0.39765835333658195 0.3806959622442243 0.0 0.0 0.0 0.442982699375409 0.0 0.0 0.0 0.4457918728621105 0.0 0.0 0.3724291492337192 0.0 0.0 0.0 0.0 0.0 0.0 0.0 0.0 0.0 0.0 0.0 0.0 0.0 0.0 0.0 0.4405201946448701 0.258370875806419 0.27068625525065537 0.4731456293686721 0.0 0.0 0.0 0.0 0.0 0.0 0.0 0.0 0.0 0.0 0.0 0.0 0.0 0.0 0.0 0.0 0.0 0.0 0.0 0.0 0.0
a8v7wa74iohz9
but he was not known to german public a while back
0.23742202697422707 0.0 0.0 0.0 0.0 0.0 0.0 0.40271154488673544 0.0 0.0 0.19460249893066942 0.0 0.0 0.0 0.0 0.0 0.0 0.0 0.12889848610652213 0.0 0.3647663331944505 0.0 0.0 0.0 0.0 0.0 0.0 0.0 0.0 0.0 0.0 0.0 0.0 0.0 0.21590202360257685 0.19980172099946658 0.4789862677124939 0.09817039179192368 0.42811210517291004 0.44814847475186087 0.0 0.0 0.0 0.0 0.0 0.0 0.0 0.0 0.0 0.0 0.0 0.0 0.0 0.0 0.0
a330jjzgjl7ig2
but earliercommon german citizens did not know much about him
0.26116422967164976 0.0 0.0 0.0 0.0 0.0 0.0 0.442982699375409 0.0 0.4036438205190964 0.21406274882373638 0.4457918728621105 0.48633838367292687 0.3116043755563733 0.3724291492337192 0.0 0.534889165251097 0.0 0.0 0.0 0.0 0.0 0.0 0.0 0.0 0.0 0.0 0.0 0.0 0.0 0.0 0.0 0.0 0.0 0.0 0.0 0.0 0.0 0.0 0.0 1.0318704952086972 0.0 0.0 0.0 0.0 0.0 0.0 0.0 0.0 0.0 0.0 0.0 0.0 0.0 0.0
a1lkw32z4tqsw7
previously most german citizens did not know much about him
0.0 0.0 0.0 0.0 0.0 0.0 0.0 0.442982699375409 0.0 0.4036438205190964 0.21406274882373638 0.4457918728621105 0.48633838367292687 0.3116043755563733 0.3724291492337192 0.0 0.534889165251097 0.0 0.0 0.0 0.0 0.0 0.0 0.0 0.45379614362946413 0.0 0.0 0.0 0.0 0.0 0.0 0.0 0.0 0.0 0.0 0.0 0.0 0.0 0.0 0.0 0.0 0.6763356890597556 0.0 0.0 0.0 0.0 0.0 0.0 0.0 0.0 0.0 0.0 0.0 0.0 0.0
a262d9pq8d093q
but earlier common german citizens did not know much about him
0.23742202697422707 0.0 0.0 0.0 0.0 0.0 0.0 0.40271154488673544 0.0 0.3669489277446331 0.19460249893066942 0.405265338965555 0.44212580333902446 0.28327670505124847 0.33857195384883565 0.4868963928933694 0.4862628775009972 0.0 0.0 0.0 0.0 0.0 0.0 0.0 0.0 0.0 0.0 0.5571863827327769 0.0 0.0 0.0 0.0 0.0 0.0 0.0 0.0 0.0 0.0 0.0 0.0 0.0 0.0 0.0 0.0 0.0 0.0 0.0 0.0 0.0 0.0 0.0 0.0 0.0 0.0 0.0
a1dndzlo2d5d48
but a short while ago common german citizens did not know much about it
0.1865458783368927 0.0 0.0 0.0 0.36813706986881833 0.0 0.0 0.31641621383957785 0.0 0.28831701465649745 0.15290196344552598 0.31842276633007893 0.34738455976637633 0.2225745539688381 0.0 0.38256145155907595 0.38206368946506924 0.0 0.10127738194083881 0.0 0.2866021189384968 0.0 0.0 0.0 0.0 0.0 0.0 0.0 0.47536737899695175 0.1446539597876161 0.0 0.0 0.0 0.0 0.0 0.0 0.0 0.0 0.0 0.0 0.0 0.0 0.0 0.0 0.0 0.0 0.0 0.0 0.0 0.0 0.0 0.0 0.0 0.0 0.0
a1e4smxrh1paux
but a short while ago common german citizens did not know much about it
0.1865458783368927 0.0 0.0 0.0 0.36813706986881833 0.0 0.0 0.31641621383957785 0.0 0.28831701465649745 0.15290196344552598 0.31842276633007893 0.34738455976637633 0.2225745539688381 0.0 0.38256145155907595 0.38206368946506924 0.0 0.10127738194083881 0.0 0.2866021189384968 0.0 0.0 0.0 0.0 0.0 0.0 0.0 0.47536737899695175 0.1446539597876161 0.0 0.0 0.0 0.0 0.0 0.0 0.0 0.0 0.0 0.0 0.0 0.0 0.0 0.0 0.0 0.0 0.0 0.0 0.0 0.0 0.0 0.0 0.0 0.0 0.0
a3ng7x4apiv649
until recently the average german citizen knew almost nothing about merckles business enterprises
0.0 0.34907395663804935 0.0 0.0 0.0 0.0328061993715041 0.529593672892448 0.3407559225964685 0.4328736207582944 0.0 0.0 0.0 0.0 0.23969567350490256 0.0 0.0 0.0 0.0 0.0 0.0 0.0 0.0 0.0 0.4943757426135649 0.0 0.0 0.0 0.0 0.0 0.0 0.0 0.0 0.0 0.0 0.0 0.0 0.0 0.0 0.0 0.0 0.0 0.0 0.5461407020937515 0.4223377857526669 0.4199148113634845 0.7092378971860662 0.40529607267980255 0.7937465347759208 0.0 0.0 0.0 0.0 0.0 0.0 0.0
a18w8cd53dji9q
some time ago the german people didnt know him
0.0 0.0 0.44184261481842435 0.4229955136046937 0.5726576642403841 0.04738673242550592 0.0 0.49220299930600997 0.0 0.0 0.0 0.49532430318012277 0.0 0.0 0.4138101658152436 0.0 0.0 0.0 0.0 0.0 0.0 0.0 0.0 0.0 0.0 0.0 0.7074956926117271 0.0 0.0 0.0 0.0 0.0 0.30076250583406156 0.0 0.0 0.0 0.0 0.0 0.0 0.0 0.0 0.0 0.0 0.0 0.0 0.0 0.0 0.0 0.0 0.0 0.0 0.0 0.0 0.0 0.0
a2u70ov2bw11tg
before he left the german public had never even heard of him
0.0 0.0 0.0 0.0 0.0 0.03554004931912944 0.0 0.3691522494795075 0.0 0.0 0.0 0.0 0.0 0.0 0.3103576243614327 0.0 0.0 0.0 0.0 0.0 0.0 0.0 0.0 0.0 0.0 0.0 0.0 0.0 0.0 0.0 0.3671001622040584 0.0 0.0 0.0 0.1979101883023621 0.0 0.0 0.0 0.3924360964085009 0.0 0.0 0.0 0.0 0.0 0.0 0.0 0.0 0.0 0.4253140995398321 0.288432574128465 0.3974690722659793 0.3050578255180185 0.5660287022892341 0.06999514854981818 0.0
a1dndzlo2d5d48
but before some time they german people dont know him
0.26116422967164976 0.0 0.39765835333658195 0.3806959622442243 0.0 0.0 0.0 0.442982699375409 0.0 0.0 0.0 0.4457918728621105 0.0 0.0 0.3724291492337192 0.0 0.0 0.0 0.0 0.0 0.0 0.0 0.0 0.0 0.0 0.0 0.0 0.0 0.0 0.0 0.4405201946448701 0.258370875806419 0.27068625525065537 0.4731456293686721 0.0 0.0 0.0 0.0 0.0 0.0 0.0 0.0 0.0 0.0 0.0 0.0 0.0 0.0 0.0 0.0 0.0 0.0 0.0 0.0 0.0
a3ohqrf1mdq99b
but he was not well known to german public until recently
0.23742202697422707 0.4125419487540583 0.0 0.0 0.0 0.0 0.0 0.40271154488673544 0.0 0.0 0.19460249893066942 0.0 0.0 0.0 0.0 0.0 0.0 0.0 0.0 0.0 0.0 0.0 0.0 0.5842622412705767 0.0 0.0 0.0 0.0 0.0 0.0 0.0 0.0 0.0 0.0 0.21590202360257685 0.19980172099946658 0.4789862677124939 0.09817039179192368 0.42811210517291004 0.0 0.0 0.0 0.0 0.0 0.0 0.0 0.0 0.0 0.0 0.0 0.0 0.0 0.0 0.0 0.4084277131551382
