may allah always keep our country pakistan safe amen god under protection all the time please accept prayer never come to any harm willing no should guard from protect be safed ameen
may allah always keep our country pakistan safe amen
0.49532430318012277 0.4985358305337171 0.5701465718051351 0.5798709471403081 0.3723106389205652 0.4340985204863415 0.2619648318004001 0.6528948550662949 0.7423465324845094 0.0 0.0 0.0 0.0 0.0 0.0 0.0 0.0 0.0 0.0 0.0 0.0 0.0 0.0 0.0 0.0 0.0 0.0 0.0 0.0 0.0 0.0 0.0
may god keep our country pakistan under protection all the time god please accept our prayer
0.27861992053881907 0.0 0.0 0.3261774077664233 0.41884946878563584 0.2441804177735671 0.14735521788772504 0.0 0.0 0.5933188649886507 0.27431973804356724 0.4070026538947907 0.1964509524039218 0.026655036989347083 0.2379349764026402 0.33217241538384445 0.34118078423283116 0.43665627761948544 0.0 0.0 0.0 0.0 0.0 0.0 0.0 0.0 0.0 0.0 0.0 0.0 0.0 0.0
may our country pakistan never come to any harm amen
0.4457918728621105 0.0 0.0 0.0 0.33507957502850866 0.3906886684377074 0.23576834862036006 0.0 0.6681118792360585 0.0 0.0 0.0 0.0 0.0 0.0 0.0 0.0 0.0 0.47696288671917514 0.4389115808697076 0.10798743097111604 0.3543338861150579 0.622436038986487 0.0 0.0 0.0 0.0 0.0 0.0 0.0 0.0 0.0
allah willing no harm should come to our country pakistan amen
0.0 0.4078929522548594 0.0 0.0 0.3046177954804624 0.3551715167615522 0.21433486238214552 0.0 0.6073744356691441 0.0 0.0 0.0 0.0 0.0 0.0 0.0 0.0 0.0 0.0 0.3990105280633705 0.09817039179192368 0.0 0.56585094453317 0.6570602271571504 0.3025862228720991 0.2722013611580399 0.0 0.0 0.0 0.0 0.0 0.0
a21xirv18up71h
may god safe guard pakistan from any harm amen
0.49532430318012277 0.0 0.0 0.0 0.0 0.0 0.2619648318004001 0.6528948550662949 0.7423465324845094 0.5273945466565784 0.0 0.0 0.0 0.0 0.0 0.0 0.0 0.0 0.0 0.0 0.0 0.3937043179056199 0.6915955988738745 0.0 0.0 0.0 0.751484098955284 0.26809940438089325 0.0 0.0 0.0 0.0
a143bvgouf83je
may allah protect our country from any harm amen
0.49532430318012277 0.4985358305337171 0.0 0.0 0.3723106389205652 0.4340985204863415 0.0 0.0 0.7423465324845094 0.0 0.0 0.0 0.0 0.0 0.0 0.0 0.0 0.0 0.0 0.0 0.0 0.3937043179056199 0.6915955988738745 0.0 0.0 0.0 0.0 0.26809940438089325 0.6810055788956162 0.0 0.0 0.0
a2de039cxxjuga
may god protect our country pakistan
0.7429864547701842 0.0 0.0 0.0 0.5584659583808478 0.6511477807295123 0.39294724770060013 0.0 0.0 0.7910918199848677 0.0 0.0 0.0 0.0 0.0 0.0 0.0 0.0 0.0 0.0 0.0 0.0 0.0 0.0 0.0 0.0 0.0 0.0 1.0215083683434243 0.0 0.0 0.0
a28e6z78qj2yz6
may god our country pakistan always be safed ameen
0.49532430318012277 0.0 0.5701465718051351 0.0 0.3723106389205652 0.4340985204863415 0.2619648318004001 0.0 0.0 0.5273945466565784 0.0 0.0 0.0 0.0 0.0 0.0 0.0 0.0 0.0 0.0 0.0 0.0 0.0 0.0 0.0 0.0 0.0 0.0 0.0 0.23853588288435004 1.1465227724541078 0.8532941802746347
a180p1rkl5r2me
may god safe guard pakistan from any harm amen
0.49532430318012277 0.0 0.0 0.0 0.0 0.0 0.2619648318004001 0.6528948550662949 0.7423465324845094 0.5273945466565784 0.0 0.0 0.0 0.0 0.0 0.0 0.0 0.0 0.0 0.0 0.0 0.3937043179056199 0.6915955988738745 0.0 0.0 0.0 0.751484098955284 0.26809940438089325 0.0 0.0 0.0 0.0
a1b6zigmal4vx5
may god protect pakistan from any harm amen
0.5572398410776381 0.0 0.0 0.0 0.0 0.0 0.2947104357754501 0.0 0.8351398490450731 0.5933188649886507 0.0 0.0 0.0 0.0 0.0 0.0 0.0 0.0 0.0 0.0 0.0 0.4429173576438224 0.7780450487331088 0.0 0.0 0.0 0.0 0.3016118299285049 0.7661312762575682 0.0 0.0 0.0
au2ar4vob7vlv
may god safe guard pakistan from any harm amen
0.49532430318012277 0.0 0.0 0.0 0.0 0.0 0.2619648318004001 0.6528948550662949 0.7423465324845094 0.5273945466565784 0.0 0.0 0.0 0.0 0.0 0.0 0.0 0.0 0.0 0.0 0.0 0.3937043179056199 0.6915955988738745 0.0 0.0 0.0 0.751484098955284 0.26809940438089325 0.0 0.0 0.0 0.0
a29r44fzk1m7qd
may allah protect our country from any harm amen
0.49532430318012277 0.4985358305337171 0.0 0.0 0.3723106389205652 0.4340985204863415 0.0 0.0 0.7423465324845094 0.0 0.0 0.0 0.0 0.0 0.0 0.0 0.0 0.0 0.0 0.0 0.0 0.3937043179056199 0.6915955988738745 0.0 0.0 0.0 0.0 0.26809940438089325 0.6810055788956162 0.0 0.0 0.0
a2zhr3rebfem5a
may allah protect our country from any harm amen
0.49532430318012277 0.4985358305337171 0.0 0.0 0.3723106389205652 0.4340985204863415 0.0 0.0 0.7423465324845094 0.0 0.0 0.0 0.0 0.0 0.0 0.0 0.0 0.0 0.0 0.0 0.0 0.3937043179056199 0.6915955988738745 0.0 0.0 0.0 0.0 0.26809940438089325 0.6810055788956162 0.0 0.0 0.0
a262d9pq8d093q
may allah protect our country from any harm amen
0.49532430318012277 0.4985358305337171 0.0 0.0 0.3723106389205652 0.4340985204863415 0.0 0.0 0.7423465324845094 0.0 0.0 0.0 0.0 0.0 0.0 0.0 0.0 0.0 0.0 0.0 0.0 0.3937043179056199 0.6915955988738745 0.0 0.0 0.0 0.0 0.26809940438089325 0.6810055788956162 0.0 0.0 0.0
a1x7hirspt5tie
may god protect our country pakistan
0.7429864547701842 0.0 0.0 0.0 0.5584659583808478 0.6511477807295123 0.39294724770060013 0.0 0.0 0.7910918199848677 0.0 0.0 0.0 0.0 0.0 0.0 0.0 0.0 0.0 0.0 0.0 0.0 0.0 0.0 0.0 0.0 0.0 0.0 1.0215083683434243 0.0 0.0 0.0
a9x4g4wpj27d6
may god protect our country pakistan
0.7429864547701842 0.0 0.0 0.0 0.5584659583808478 0.6511477807295123 0.39294724770060013 0.0 0.0 0.7910918199848677 0.0 0.0 0.0 0.0 0.0 0.0 0.0 0.0 0.0 0.0 0.0 0.0 0.0 0.0 0.0 0.0 0.0 0.0 1.0215083683434243 0.0 0.0 0.0
a3kzqwp0byzppp
may god protect our country pakistan
0.7429864547701842 0.0 0.0 0.0 0.5584659583808478 0.6511477807295123 0.39294724770060013 0.0 0.0 0.7910918199848677 0.0 0.0 0.0 0.0 0.0 0.0 0.0 0.0 0.0 0.0 0.0 0.0 0.0 0.0 0.0 0.0 0.0 0.0 1.0215083683434243 0.0 0.0 0.0
amd40d0gc1l4r
may god keep our country pakistan safe amen
0.5572398410776381 0.0 0.0 0.6523548155328466 0.41884946878563584 0.4883608355471342 0.2947104357754501 0.7345067119495817 0.8351398490450731 0.5933188649886507 0.0 0.0 0.0 0.0 0.0 0.0 0.0 0.0 0.0 0.0 0.0 0.0 0.0 0.0 0.0 0.0 0.0 0.0 0.0 0.0 0.0 0.0
