this sad incidence is the worst among sins committed by bush horrific incident nastiest of all has so far deadliest dreadful yet troubling one misdeeds unfortunate bushs sin crime amongst crimes to date thus was
this sad incidence is the worst among the sins committed by bush
0.14279174027900166 0.48307636458649417 0.768341055284905 0.10890129323621885 0.07108009863825888 0.5567598993633821 0.41004518754743485 0.7257722533044059 0.5355737211646953 0.20795493845012067 0.3313819611138183 0.0 0.0 0.0 0.0 0.0 0.0 0.0 0.0 0.0 0.0 0.0 0.0 0.0 0.0 0.0 0.0 0.0 0.0 0.0 0.0 0.0 0.0 0.0 0.0
this horrific incident is the nastiest of all the sins bush has committed so far
0.11423339222320132 0.0 0.0 0.08712103458897508 0.05686407891060711 0.0 0.0 0.5806178026435247 0.4284589769317562 0.0 0.26510556889105463 0.6417038514351351 0.3087819730498101 0.6879136634724647 0.05599611883985455 0.20954768256418324 0.13685317452874823 0.23561652596328847 0.31771635781102353 0.0 0.0 0.0 0.0 0.0 0.0 0.0 0.0 0.0 0.0 0.0 0.0 0.0 0.0 0.0 0.0
this horrific incident is the deadliest of the sins committed by bush so far
0.12239292023914428 0.0 0.0 0.09334396563104473 0.06092579883279333 0.0 0.0 0.6220905028323479 0.45906318956973885 0.17824709010010342 0.2840416809547014 0.687539840823359 0.3308378282676537 0.0 0.05999584161412987 0.0 0.0 0.2524462778178091 0.3404103833689538 0.737050353720498 0.0 0.0 0.0 0.0 0.0 0.0 0.0 0.0 0.0 0.0 0.0 0.0 0.0 0.0 0.0
this dreadful incident is the worst of the sins bush has yet committed
0.13180776025753999 0.0 0.0 0.10052427067958664 0.0656123987430082 0.513932214796968 0.0 0.6699436184348362 0.4943757426135649 0.0 0.30589104102813996 0.0 0.3562868919805501 0.0 0.06461090635367833 0.0 0.1579075090716326 0.0 0.0 0.0 0.6699436184348362 0.4169896270873892 0.0 0.0 0.0 0.0 0.0 0.0 0.0 0.0 0.0 0.0 0.0 0.0 0.0
a3dd3acpmvdvca
this troubling incident is one of the worst misdeeds of bush yet
0.14279174027900166 0.0 0.0 0.10890129323621885 0.03554004931912944 0.5567598993633821 0.0 0.0 0.0 0.0 0.3313819611138183 0.0 0.3859774663122626 0.0 0.13999029709963637 0.0 0.0 0.0 0.0 0.0 0.0 0.45173876267800495 0.6767900312292293 0.24424964275049418 0.7105787902382429 0.0 0.0 0.0 0.0 0.0 0.0 0.0 0.0 0.0 0.0
a143bvgouf83je
this unfortunate incident is bushs worst sin so far
0.19038898703866888 0.0 0.0 0.14520172431495848 0.0 0.7423465324845094 0.0 0.0 0.0 0.0 0.0 0.0 0.5146366217496835 0.0 0.0 0.0 0.0 0.39269420993881415 0.5295272630183726 0.0 0.0 0.0 0.0 0.0 0.0 0.9154737122674594 0.6490409041787516 0.8906799843436582 0.0 0.0 0.0 0.0 0.0 0.0 0.0
a2de039cxxjuga
this sad incident the worst crime committed by bush
0.19038898703866888 0.6441018194486589 0.0 0.0 0.04738673242550592 0.7423465324845094 0.0 0.0 0.7140982948862604 0.27727325126682756 0.44184261481842435 0.0 0.5146366217496835 0.0 0.0 0.0 0.0 0.0 0.0 0.0 0.0 0.0 0.0 0.0 0.0 0.0 0.0 0.0 0.599050140769974 0.0 0.0 0.0 0.0 0.0 0.0
a132zmwemnnusa
this dreadful incident is the worst amongst the crimes committed by bush
0.14279174027900166 0.0 0.0 0.10890129323621885 0.07108009863825888 0.5567598993633821 0.0 0.0 0.5355737211646953 0.20795493845012067 0.3313819611138183 0.0 0.3859774663122626 0.0 0.0 0.0 0.0 0.0 0.0 0.0 0.7257722533044059 0.0 0.0 0.0 0.0 0.0 0.0 0.0 0.0 0.5464587363661174 0.44459152753155284 0.0 0.0 0.0 0.0
a330jjzgjl7ig2
this troubling incident is one of the worst misdeeds of bush to date
0.13180776025753999 0.0 0.0 0.10052427067958664 0.0328061993715041 0.513932214796968 0.0 0.0 0.0 0.0 0.30589104102813996 0.0 0.3562868919805501 0.0 0.12922181270735666 0.0 0.0 0.0 0.0 0.0 0.0 0.0 0.6247292595962116 0.22546120869276384 0.6559188832968397 0.0 0.0 0.0 0.0 0.0 0.0 0.08306725459316619 0.529593672892448 0.0 0.0
a3rm9xsnd3mrj3
this troubling incident is one of bushs worst misdeeds
0.19038898703866888 0.0 0.0 0.14520172431495848 0.0 0.7423465324845094 0.0 0.0 0.0 0.0 0.0 0.0 0.5146366217496835 0.0 0.09332686473309092 0.0 0.0 0.0 0.0 0.0 0.0 0.0 0.902386708305639 0.32566619033399224 0.9474383869843239 0.0 0.6490409041787516 0.0 0.0 0.0 0.0 0.0 0.0 0.0 0.0
a9x4g4wpj27d6
this troubling incident is one of the worst of bushs misdeeds thus far
0.13180776025753999 0.0 0.0 0.10052427067958664 0.0328061993715041 0.513932214796968 0.0 0.0 0.0 0.0 0.0 0.0 0.3562868919805501 0.0 0.12922181270735666 0.0 0.0 0.0 0.3665957974742579 0.0 0.0 0.0 0.6247292595962116 0.22546120869276384 0.6559188832968397 0.0 0.4493360105852896 0.0 0.0 0.0 0.0 0.0 0.0 0.5202582223536582 0.0
a2miig4vdudbb6
this unfortunate incident is bushs worst sin so far
0.19038898703866888 0.0 0.0 0.14520172431495848 0.0 0.7423465324845094 0.0 0.0 0.0 0.0 0.0 0.0 0.5146366217496835 0.0 0.0 0.0 0.0 0.39269420993881415 0.5295272630183726 0.0 0.0 0.0 0.0 0.0 0.0 0.9154737122674594 0.6490409041787516 0.8906799843436582 0.0 0.0 0.0 0.0 0.0 0.0 0.0
a2qxd8jqk5bvez
this unfortunate incident is bushs worst sin so far
0.19038898703866888 0.0 0.0 0.14520172431495848 0.0 0.7423465324845094 0.0 0.0 0.0 0.0 0.0 0.0 0.5146366217496835 0.0 0.0 0.0 0.0 0.39269420993881415 0.5295272630183726 0.0 0.0 0.0 0.0 0.0 0.0 0.9154737122674594 0.6490409041787516 0.8906799843436582 0.0 0.0 0.0 0.0 0.0 0.0 0.0
au2ar4vob7vlv
this unfortunate incident is bushs worst sin so far
0.19038898703866888 0.0 0.0 0.14520172431495848 0.0 0.7423465324845094 0.0 0.0 0.0 0.0 0.0 0.0 0.5146366217496835 0.0 0.0 0.0 0.0 0.39269420993881415 0.5295272630183726 0.0 0.0 0.0 0.0 0.0 0.0 0.9154737122674594 0.6490409041787516 0.8906799843436582 0.0 0.0 0.0 0.0 0.0 0.0 0.0
al2rcq9eyun61
this sad incident is the worst crime committed by bush
0.17135008833480198 0.579691637503793 0.0 0.13068155188346262 0.042648059182955333 0.6681118792360585 0.0 0.0 0.6426884653976344 0.24954592614014479 0.39765835333658195 0.0 0.4631729595747151 0.0 0.0 0.0 0.0 0.0 0.0 0.0 0.0 0.0 0.0 0.0 0.0 0.0 0.0 0.0 0.5391451266929767 0.0 0.0 0.0 0.0 0.0 0.0
a2ylf04uakyvf1
this sad incident was the worst crime committed by bush
0.17135008833480198 0.579691637503793 0.0 0.0 0.042648059182955333 0.6681118792360585 0.0 0.0 0.6426884653976344 0.24954592614014479 0.39765835333658195 0.0 0.4631729595747151 0.0 0.0 0.0 0.0 0.0 0.0 0.0 0.0 0.0 0.0 0.0 0.0 0.0 0.0 0.0 0.5391451266929767 0.0 0.0 0.0 0.0 0.0 0.21978189309941323
a3m4exda4ue7bp
this sad incident is the worst crime committed by bush
0.17135008833480198 0.579691637503793 0.0 0.13068155188346262 0.042648059182955333 0.6681118792360585 0.0 0.0 0.6426884653976344 0.24954592614014479 0.39765835333658195 0.0 0.4631729595747151 0.0 0.0 0.0 0.0 0.0 0.0 0.0 0.0 0.0 0.0 0.0 0.0 0.0 0.0 0.0 0.5391451266929767 0.0 0.0 0.0 0.0 0.0 0.0
a3ohqrf1mdq99b
this dreadful incident is bushs worst crime
0.24478584047828855 0.0 0.0 0.18668793126208946 0.0 0.9544455417657979 0.0 0.0 0.0 0.0 0.0 0.0 0.6616756565353074 0.0 0.0 0.0 0.0 0.0 0.0 0.0 1.2441810056646958 0.0 0.0 0.0 0.0 0.0 0.8344811625155378 0.0 0.7702073238471094 0.0 0.0 0.0 0.0 0.0 0.0
