it could also be that this arrangement was made while keeping in mind president zardaris notoriety for going back on his promises may possible view reputation of backtracking they had to make is been the reneging promisebreaking stories have reached them and so an allowance when she finished her ma counseling psychology from columbia university done zardari breaking might planned nature promise fulfillment arranged breach commitments by with because keep fulfilled completed photo op
it could also be that this arrangement was made while keeping in mind president zardaris notoriety for going back on his promises
0.09205251986484661 0.19601599056751082 0.12541570254905776 0.09758286117996139 0.0549124738299909 0.07788640378854636 0.41909512106449365 0.09990086049973329 0.1775857583807761 0.18238316659722525 0.2698490144278677 0.046810486475303684 0.2665617116287938 0.12627651924680994 0.3691581988523069 0.38058158195598446 0.08775953177920069 0.20250335347676698 0.22407423737593044 0.08513671647162742 0.12138372369022958 0.28606151187962825 0.0 0.0 0.0 0.0 0.0 0.0 0.0 0.0 0.0 0.0 0.0 0.0 0.0 0.0 0.0 0.0 0.0 0.0 0.0 0.0 0.0 0.0 0.0 0.0 0.0 0.0 0.0 0.0 0.0 0.0 0.0 0.0 0.0 0.0 0.0 0.0 0.0 0.0 0.0 0.0 0.0 0.0 0.0 0.0 0.0 0.0 0.0 0.0 0.0 0.0 0.0 0.0
it may also be possible that keeping in view president zardaris reputation of backtracking they had to make this arrangement
0.10125777185133127 0.0 0.13795727280396355 0.10734114729795752 0.060403721212989994 0.08567504416740099 0.46100463317094303 0.0 0.0 0.0 0.29683391587065444 0.05149153512283405 0.0 0.13890417117149093 0.40607401873753757 0.0 0.0 0.0 0.0 0.0 0.0 0.0 0.22289593643105526 0.24190330143724897 0.26186502935512534 0.40607401873753757 0.04199708912989091 0.5159352476043486 0.1291854379032095 0.173059544477079 0.05399371548555802 0.22799015891048452 0.0 0.0 0.0 0.0 0.0 0.0 0.0 0.0 0.0 0.0 0.0 0.0 0.0 0.0 0.0 0.0 0.0 0.0 0.0 0.0 0.0 0.0 0.0 0.0 0.0 0.0 0.0 0.0 0.0 0.0 0.0 0.0 0.0 0.0 0.0 0.0 0.0 0.0 0.0 0.0 0.0 0.0
it is also possible that this arrangement had been made keeping in view the notoriety of president zardaris reneging
0.10658712826455922 0.0 0.145218181898909 0.0 0.06358286443472631 0.09018425701831684 0.4852680349167821 0.0 0.2056256149672144 0.0 0.31245675354805735 0.054201615918772685 0.0 0.14621491702262202 0.42744633551319744 0.44067341068587673 0.0 0.0 0.0 0.0 0.0 0.0 0.0 0.2546350541444726 0.2756473993211846 0.0 0.04420746224199044 0.0 0.0 0.18216794155482 0.0 0.0 0.06877976414919085 0.15498437330193737 0.022446346938397543 0.5430897343203669 0.0 0.0 0.0 0.0 0.0 0.0 0.0 0.0 0.0 0.0 0.0 0.0 0.0 0.0 0.0 0.0 0.0 0.0 0.0 0.0 0.0 0.0 0.0 0.0 0.0 0.0 0.0 0.0 0.0 0.0 0.0 0.0 0.0 0.0 0.0 0.0 0.0 0.0
it is also possible that zardaris promisebreaking stories have reached them and so they made an allowance for that
0.10658712826455922 0.0 0.145218181898909 0.0 0.12716572886945263 0.0 0.0 0.0 0.2056256149672144 0.0 0.0 0.0 0.0 0.0 0.42744633551319744 0.0 0.10161629995486395 0.0 0.0 0.0 0.0 0.0 0.0 0.2546350541444726 0.0 0.0 0.0 0.0 0.1359846714770626 0.0 0.0 0.0 0.06877976414919085 0.0 0.0 0.0 0.5430897343203669 0.45838247577120367 0.12041947515728575 0.28690371061217834 0.17957632491781142 0.05231394946327852 0.18601304681312247 0.15528238240924155 0.412305173805209 0.0 0.0 0.0 0.0 0.0 0.0 0.0 0.0 0.0 0.0 0.0 0.0 0.0 0.0 0.0 0.0 0.0 0.0 0.0 0.0 0.0 0.0 0.0 0.0 0.0 0.0 0.0 0.0 0.0
a172x4w90uost1
when she finished her ma in counseling psychology from columbia university
0.0 0.0 0.0 0.0 0.0 0.0 0.0 0.0 0.0 0.0 0.0 0.09362097295060737 0.0 0.0 0.0 0.0 0.0 0.0 0.0 0.0 0.0 0.0 0.0 0.0 0.0 0.0 0.0 0.0 0.0 0.0 0.0 0.0 0.0 0.0 0.0 0.0 0.0 0.0 0.0 0.0 0.0 0.0 0.0 0.0 0.0 0.2961245986524121 0.37624439076676347 0.6073744356691441 0.3422519589146509 0.8120373264515528 0.7490239464006486 0.8120373264515528 0.21935405812982173 0.8120373264515528 0.5628700515492617 0.0 0.0 0.0 0.0 0.0 0.0 0.0 0.0 0.0 0.0 0.0 0.0 0.0 0.0 0.0 0.0 0.0 0.0 0.0
a3dd3acpmvdvca
it is also possible that this was done keeping in mind the notoriety of president zardari breaking his promises
0.10658712826455922 0.0 0.145218181898909 0.0 0.06358286443472631 0.09018425701831684 0.0 0.11567468057863854 0.0 0.0 0.31245675354805735 0.054201615918772685 0.3086504029386033 0.14621491702262202 0.0 0.44067341068587673 0.0 0.0 0.0 0.0 0.1405495747992132 0.3312291190185169 0.0 0.2546350541444726 0.0 0.0 0.04420746224199044 0.0 0.0 0.0 0.0 0.0 0.06877976414919085 0.0 0.022446346938397543 0.0 0.0 0.0 0.0 0.0 0.0 0.0 0.0 0.0 0.0 0.0 0.0 0.0 0.0 0.0 0.0 0.0 0.0 0.0 0.0 0.24219353950951308 0.24577530073293496 0.3696246361096127 0.0 0.0 0.0 0.0 0.0 0.0 0.0 0.0 0.0 0.0 0.0 0.0 0.0 0.0 0.0 0.0
alzgu09bjzsiw
it might possible that they have planned also this keeping in mind the nature of president zardari promise fulfillment
0.10658712826455922 0.0 0.145218181898909 0.0 0.06358286443472631 0.09018425701831684 0.0 0.0 0.0 0.0 0.31245675354805735 0.054201615918772685 0.3086504029386033 0.14621491702262202 0.0 0.0 0.0 0.0 0.0 0.0 0.0 0.0 0.0 0.2546350541444726 0.0 0.0 0.04420746224199044 0.0 0.1359846714770626 0.0 0.0 0.0 0.0 0.0 0.022446346938397543 0.0 0.0 0.0 0.12041947515728575 0.0 0.0 0.0 0.0 0.0 0.0 0.0 0.0 0.0 0.0 0.0 0.0 0.0 0.0 0.0 0.0 0.0 0.24577530073293496 0.0 0.3086504029386033 0.382851711282292 0.3393423126936358 0.3351295386055549 0.4701268732087937 0.0 0.0 0.0 0.0 0.0 0.0 0.0 0.0 0.0 0.0 0.0
a132zmwemnnusa
this could also have been arranged keeping in mind the stories of president zardaris breach of commitments
0.0 0.25366775249913165 0.16230267388701594 0.0 0.0 0.10079416960870705 0.0 0.0 0.0 0.0 0.34921637161253466 0.06057827661509889 0.34496221504902724 0.1634166719664599 0.4777341396912207 0.0 0.0 0.0 0.0 0.0 0.0 0.0 0.0 0.0 0.0 0.0 0.09881668030562568 0.0 0.0 0.0 0.0 0.0 0.0 0.17321782898451826 0.02508709363703255 0.0 0.0 0.5123098258619335 0.1345864722346135 0.0 0.0 0.0 0.0 0.0 0.0 0.0 0.0 0.0 0.0 0.0 0.0 0.0 0.0 0.0 0.0 0.0 0.0 0.0 0.0 0.0 0.0 0.0 0.0 0.4715364622995838 0.5254359171157106 0.5015850284034656 0.0 0.0 0.0 0.0 0.0 0.0 0.0 0.0
au2ar4vob7vlv
it is also possible that this was done by keeping in mind the notoriety of president zardari breaking his promises
0.10125777185133127 0.0 0.13795727280396355 0.0 0.060403721212989994 0.08567504416740099 0.0 0.10989094654970662 0.0 0.0 0.29683391587065444 0.05149153512283405 0.29321788279167316 0.13890417117149093 0.0 0.4186397401515829 0.0 0.0 0.0 0.0 0.13352209605925253 0.3146676630675911 0.0 0.24190330143724897 0.0 0.0 0.04199708912989091 0.0 0.0 0.0 0.0 0.0 0.06534077594173131 0.0 0.021324029591477667 0.0 0.0 0.0 0.0 0.0 0.0 0.0 0.0 0.0 0.0 0.0 0.0 0.0 0.0 0.0 0.0 0.0 0.0 0.0 0.0 0.23008386253403743 0.23348653569628822 0.35114340430413205 0.0 0.0 0.0 0.0 0.0 0.0 0.0 0.0 0.12477296307007239 0.0 0.0 0.0 0.0 0.0 0.0 0.0
a2eldzaxlm8quo
it is also possible that this was done with president zardaris notoriety for breaking promises in mind
0.11912679041333091 0.0 0.16230267388701594 0.0 0.07106320142704704 0.10079416960870705 0.0 0.1292834665290666 0.0 0.0 0.0 0.06057827661509889 0.34496221504902724 0.1634166719664599 0.4777341396912207 0.4925173413548034 0.11357115877308324 0.0 0.0 0.0 0.0 0.3701972506677542 0.0 0.28459211933793993 0.0 0.0 0.0 0.0 0.0 0.0 0.0 0.0 0.07687150110791918 0.0 0.0 0.0 0.0 0.0 0.0 0.0 0.0 0.0 0.0 0.0 0.0 0.0 0.0 0.0 0.0 0.0 0.0 0.0 0.0 0.0 0.0 0.27068689709886756 0.0 0.41310988741662596 0.0 0.0 0.0 0.0 0.0 0.0 0.0 0.0 0.0 0.13825796776907376 0.0 0.0 0.0 0.0 0.0 0.0
a1c0lbe9vl3ax
it is also possible that this was done because of the notoriety of president zardari breaking his promises
0.11250863539036808 0.0 0.1532858586710706 0.0 0.0671152457922111 0.09519449351933444 0.0 0.12210105172189624 0.0 0.0 0.0 0.0 0.0 0.15433796796832325 0.0 0.4651552668350921 0.0 0.0 0.0 0.0 0.1483578845102806 0.34963073674176787 0.0 0.26878144604138776 0.0 0.0 0.09332686473309092 0.0 0.0 0.0 0.0 0.0 0.07260086215747924 0.0 0.02369336621275296 0.0 0.0 0.0 0.0 0.0 0.0 0.0 0.0 0.0 0.0 0.0 0.0 0.0 0.0 0.0 0.0 0.0 0.0 0.0 0.0 0.25564873614893047 0.2594294841069869 0.3901593381157023 0.0 0.0 0.0 0.0 0.0 0.0 0.0 0.0 0.0 0.0 0.21778388986398686 0.0 0.0 0.0 0.0 0.0
a39fzdwoczv0rm
it might be possible that they have planned this also keeping in mind president zardaris promise of fulfillment
0.11250863539036808 0.0 0.1532858586710706 0.11926794144217502 0.0671152457922111 0.09519449351933444 0.0 0.0 0.0 0.0 0.329815462078505 0.05721281680314895 0.3257976475463035 0.15433796796832325 0.4511933541528195 0.0 0.0 0.0 0.0 0.0 0.0 0.0 0.0 0.26878144604138776 0.0 0.0 0.04666343236654546 0.0 0.14353937544801054 0.0 0.0 0.0 0.0 0.0 0.0 0.0 0.0 0.0 0.1271094459993572 0.0 0.0 0.0 0.0 0.0 0.0 0.0 0.0 0.0 0.0 0.0 0.0 0.0 0.0 0.0 0.0 0.0 0.0 0.0 0.3257976475463035 0.4041212507979749 0.0 0.35374784630586353 0.49624503283150445 0.0 0.0 0.0 0.0 0.0 0.0 0.0 0.0 0.0 0.0 0.0
a28bkewmh007rw
it might be possible that they have planned this also keeping in mind the nature of president zardaris promise fulfillment
0.10125777185133127 0.0 0.13795727280396355 0.10734114729795752 0.060403721212989994 0.08567504416740099 0.0 0.0 0.0 0.0 0.29683391587065444 0.05149153512283405 0.29321788279167316 0.13890417117149093 0.40607401873753757 0.0 0.0 0.0 0.0 0.0 0.0 0.0 0.0 0.24190330143724897 0.0 0.0 0.04199708912989091 0.0 0.1291854379032095 0.0 0.0 0.0 0.0 0.0 0.021324029591477667 0.0 0.0 0.0 0.11439850139942147 0.0 0.0 0.0 0.0 0.0 0.0 0.0 0.0 0.0 0.0 0.0 0.0 0.0 0.0 0.0 0.0 0.0 0.0 0.0 0.29321788279167316 0.3637091257181774 0.322375197058954 0.3183730616752772 0.446620529548354 0.0 0.0 0.0 0.0 0.0 0.0 0.0 0.0 0.0 0.0 0.0
a9x4g4wpj27d6
it might be possible that they have planned this also keep in mind the nature of the promise president zardari fulfilled
0.09643597319174406 0.0 0.13138787886091766 0.10222966409329287 0.05752735353618094 0.08159528015942952 0.0 0.0 0.0 0.0 0.0 0.04903955725984196 0.2792551264682602 0.13228968682999134 0.0 0.0 0.0 0.0 0.0 0.0 0.0 0.0 0.0 0.2303840966069038 0.0 0.0 0.03999722774275325 0.0 0.12303375038400903 0.0 0.0 0.0 0.0 0.0 0.04061719922186222 0.0 0.0 0.0 0.10895095371373473 0.0 0.0 0.0 0.0 0.0 0.0 0.0 0.0 0.0 0.0 0.0 0.0 0.0 0.0 0.0 0.0 0.0 0.2223681292345602 0.0 0.2792551264682602 0.34638964354112134 0.3070239971990038 0.3032124396907402 0.0 0.0 0.0 0.0 0.0 0.0 0.0 0.24851612020298916 0.3344222898134591 0.0 0.0 0.0
a3w129h6a0hk4d
when she finished her ma in counseling psychology from columbia university
0.0 0.0 0.0 0.0 0.0 0.0 0.0 0.0 0.0 0.0 0.0 0.09362097295060737 0.0 0.0 0.0 0.0 0.0 0.0 0.0 0.0 0.0 0.0 0.0 0.0 0.0 0.0 0.0 0.0 0.0 0.0 0.0 0.0 0.0 0.0 0.0 0.0 0.0 0.0 0.0 0.0 0.0 0.0 0.0 0.0 0.0 0.2961245986524121 0.37624439076676347 0.6073744356691441 0.3422519589146509 0.8120373264515528 0.7490239464006486 0.8120373264515528 0.21935405812982173 0.8120373264515528 0.5628700515492617 0.0 0.0 0.0 0.0 0.0 0.0 0.0 0.0 0.0 0.0 0.0 0.0 0.0 0.0 0.0 0.0 0.0 0.0 0.0
a6tw9zegog7ph
she finished her ma in counseling psychology from columbia university
0.0 0.0 0.0 0.0 0.0 0.0 0.0 0.0 0.0 0.0 0.0 0.1029830702456681 0.0 0.0 0.0 0.0 0.0 0.0 0.0 0.0 0.0 0.0 0.0 0.0 0.0 0.0 0.0 0.0 0.0 0.0 0.0 0.0 0.0 0.0 0.0 0.0 0.0 0.0 0.0 0.0 0.0 0.0 0.0 0.0 0.0 0.0 0.4138688298434398 0.6681118792360585 0.376477154806116 0.893241059096708 0.8239263410407135 0.893241059096708 0.2412894639428039 0.893241059096708 0.6191570567041879 0.0 0.0 0.0 0.0 0.0 0.0 0.0 0.0 0.0 0.0 0.0 0.0 0.0 0.0 0.0 0.0 0.0 0.0 0.0
a3odrygim0wb3t
she completed her ma in counseling psychology from columbia university
0.0 0.0 0.0 0.0 0.0 0.0 0.0 0.0 0.0 0.0 0.0 0.1029830702456681 0.0 0.0 0.0 0.0 0.0 0.0 0.0 0.0 0.0 0.0 0.0 0.0 0.0 0.0 0.0 0.0 0.0 0.0 0.0 0.0 0.0 0.0 0.0 0.0 0.0 0.0 0.0 0.0 0.0 0.0 0.0 0.0 0.0 0.0 0.4138688298434398 0.0 0.376477154806116 0.893241059096708 0.8239263410407135 0.893241059096708 0.2412894639428039 0.893241059096708 0.6191570567041879 0.0 0.0 0.0 0.0 0.0 0.0 0.0 0.0 0.0 0.0 0.0 0.0 0.0 0.0 0.0 0.0 0.6951409122100497 0.0 0.0
a290hg650rgy73
keeping in mind the stories of president zardaris breach of commitments this photo op could have been arranged
0.0 0.23957509958251322 0.0 0.0 0.0 0.09519449351933444 0.0 0.0 0.0 0.0 0.329815462078505 0.05721281680314895 0.3257976475463035 0.15433796796832325 0.4511933541528195 0.0 0.0 0.0 0.0 0.0 0.0 0.0 0.0 0.0 0.0 0.0 0.09332686473309092 0.0 0.0 0.0 0.0 0.0 0.0 0.16359461626315613 0.02369336621275296 0.0 0.0 0.4838481688696039 0.1271094459993572 0.0 0.0 0.0 0.0 0.0 0.0 0.0 0.0 0.0 0.0 0.0 0.0 0.0 0.0 0.0 0.0 0.0 0.0 0.0 0.0 0.0 0.0 0.0 0.0 0.4453399921718291 0.49624503283150445 0.47371919349216196 0.0 0.0 0.0 0.0 0.0 0.0 0.35165116141792757 0.5732613862270539
