almost one in ten breast cancer patients has this type every tenth patient of suffers from about person with it 10th chest kind a lung falls under 110th suffer on out cases is such percent form
almost one in ten breast cancer patients has this type
0.549039121478467 0.293099571300593 0.1029830702456681 0.6070209710037612 0.5556531017289215 0.47165861312072693 0.6681118792360585 0.20527976179312235 0.17135008833480198 0.5498423386481934 0.0 0.0 0.0 0.0 0.0 0.0 0.0 0.0 0.0 0.0 0.0 0.0 0.0 0.0 0.0 0.0 0.0 0.0 0.0 0.0 0.0 0.0 0.0 0.0 0.0 0.0
every tenth patient of breast cancer suffers from this type
0.0 0.0 0.0 0.0 0.5556531017289215 0.47165861312072693 0.0 0.0 0.17135008833480198 0.5498423386481934 0.42364860417105243 0.79208096792886 0.6763356890597556 0.08399417825978182 0.79208096792886 0.2412894639428039 0.0 0.0 0.0 0.0 0.0 0.0 0.0 0.0 0.0 0.0 0.0 0.0 0.0 0.0 0.0 0.0 0.0 0.0 0.0 0.0
almost every tenth patient of breast cancer suffers from this type
0.49912647407133365 0.0 0.0 0.0 0.5051391833899286 0.42878055738247906 0.0 0.0 0.15577280757709272 0.49985667149835766 0.38513509470095675 0.7200736072080546 0.6148506264179597 0.07635834387252893 0.7200736072080546 0.21935405812982173 0.0 0.0 0.0 0.0 0.0 0.0 0.0 0.0 0.0 0.0 0.0 0.0 0.0 0.0 0.0 0.0 0.0 0.0 0.0 0.0
about every tenth person with breast cancer has this type of cancer
0.0 0.0 0.0 0.0 0.46304425144076783 0.7860976885345449 0.0 0.1710664681609353 0.14279174027900166 0.4582019488734945 0.353040503475877 0.66006747327405 0.0 0.06999514854981818 0.0 0.0 0.25967031296364446 0.4004396838268324 0.19586545433952116 0.0 0.0 0.0 0.0 0.0 0.0 0.0 0.0 0.0 0.0 0.0 0.0 0.0 0.0 0.0 0.0 0.0
a143bvgouf83je
almost every tenth patient of breast cancer suffers from this type of it
0.4223377857526669 0.0 0.0 0.0 0.4274254628684011 0.3628143177851746 0.0 0.0 0.13180776025753999 0.42295564511399497 0.3258835416700403 0.6092930522529693 0.5202582223536582 0.12922181270735666 0.6092930522529693 0.185607279956003 0.0 0.0 0.0 0.15578118746358657 0.0 0.0 0.0 0.0 0.0 0.0 0.0 0.0 0.0 0.0 0.0 0.0 0.0 0.0 0.0 0.0
a1wyssw33m2fz2
every 10th chest cancer patient has this kind of cancer
0.0 0.0 0.0 0.0 0.0 0.9433172262414539 0.0 0.20527976179312235 0.17135008833480198 0.0 0.42364860417105243 0.0 0.6763356890597556 0.08399417825978182 0.0 0.0 0.0 0.0 0.0 0.0 0.7274182514363547 0.6735186013630861 0.5458892547725298 0.0 0.0 0.0 0.0 0.0 0.0 0.0 0.0 0.0 0.0 0.0 0.0 0.0
a3dd3acpmvdvca
a tenth of every breast cancer patient suffers this type of cancer
0.0 0.0 0.0 0.0 0.46304425144076783 0.7860976885345449 0.0 0.0 0.14279174027900166 0.4582019488734945 0.353040503475877 0.66006747327405 0.563613074216463 0.13999029709963637 0.66006747327405 0.0 0.0 0.0 0.0 0.0 0.0 0.0 0.0 0.11815694559764528 0.0 0.0 0.0 0.0 0.0 0.0 0.0 0.0 0.0 0.0 0.0 0.0
a3u16uhguaktzs
every 10th patient of lung cancer falls under this type of cancer
0.0 0.0 0.0 0.0 0.0 0.7860976885345449 0.0 0.0 0.14279174027900166 0.4582019488734945 0.353040503475877 0.0 0.563613074216463 0.13999029709963637 0.0 0.0 0.0 0.0 0.0 0.0 0.6061818761969623 0.0 0.0 0.0 0.6288430191539325 0.6145221644100441 0.3657596507247563 0.0 0.0 0.0 0.0 0.0 0.0 0.0 0.0 0.0
ajfwu2g6a1bhs
almost 110th breast cancer patients suffers from this type
0.6100434683094078 0.0 0.0 0.0 0.6173923352543571 0.5240651256896967 0.7423465324845094 0.0 0.19038898703866888 0.610935931831326 0.0 0.0 0.0 0.0 0.8800899643654 0.26809940438089325 0.0 0.0 0.0 0.0 0.0 0.0 0.0 0.0 0.0 0.0 0.0 1.1465227724541078 0.0 0.0 0.0 0.0 0.0 0.0 0.0 0.0
a2scjh3oqhuw2a
almost one in ten patients of breast cancer suffer from this type
0.4575326012320558 0.24424964275049418 0.08581922520472342 0.505850809169801 0.46304425144076783 0.39304884426727243 0.5567598993633821 0.0 0.14279174027900166 0.4582019488734945 0.0 0.0 0.0 0.06999514854981818 0.0 0.20107455328566992 0.0 0.0 0.0 0.0 0.0 0.0 0.0 0.0 0.0 0.0 0.0 0.0 0.5916524272682309 0.0 0.0 0.0 0.0 0.0 0.0 0.0
a3w129h6a0hk4d
almost every tenth patient of breast cancer suffers from this type of it
0.4223377857526669 0.0 0.0 0.0 0.4274254628684011 0.3628143177851746 0.0 0.0 0.13180776025753999 0.42295564511399497 0.3258835416700403 0.6092930522529693 0.5202582223536582 0.12922181270735666 0.6092930522529693 0.185607279956003 0.0 0.0 0.0 0.15578118746358657 0.0 0.0 0.0 0.0 0.0 0.0 0.0 0.0 0.0 0.0 0.0 0.0 0.0 0.0 0.0 0.0
a3qu3km3iywhif
one on every ten breast cancer patients has this kind of cancer
0.0 0.24424964275049418 0.0 0.505850809169801 0.46304425144076783 0.7860976885345449 0.5567598993633821 0.1710664681609353 0.14279174027900166 0.0 0.353040503475877 0.0 0.0 0.06999514854981818 0.0 0.0 0.0 0.0 0.0 0.0 0.0 0.0 0.4549077123104415 0.0 0.0 0.0 0.0 0.0 0.0 0.1560839801979836 0.0 0.0 0.0 0.0 0.0 0.0
a2oqgac8aez1p0
every 10th chest cancer patient has this kind of cancer one in every ten cancer patients suffers from this type of cancer
0.0 0.13322707786390592 0.046810486475303684 0.27591862318352783 0.0 0.8575611147649581 0.30368721783457203 0.09330898263323743 0.15577280757709272 0.24992833574917883 0.38513509470095675 0.0 0.30742531320897987 0.07635834387252893 0.3600368036040273 0.10967702906491086 0.0 0.0 0.0 0.0 0.33064465974379764 0.30614481880140276 0.24813147944205902 0.0 0.0 0.0 0.0 0.0 0.0 0.0 0.0 0.0 0.0 0.0 0.0 0.0
a2dwqf4zhhblow
one out of ten chest cancer cases is such
0.0 0.32566619033399224 0.0 0.6744677455597347 0.0 0.5240651256896967 0.0 0.0 0.0 0.0 0.0 0.0 0.0 0.09332686473309092 0.0 0.0 0.0 0.0 0.0 0.0 0.0 0.74835400151454 0.0 0.0 0.0 0.0 0.0 0.0 0.0 0.0 0.44521890477045073 0.7312261482004003 0.14520172431495848 0.43799755602092705 0.0 0.0
a3kzqwp0byzppp
a tenth of every breast cancer patient suffers this type of cancer
0.0 0.0 0.0 0.0 0.46304425144076783 0.7860976885345449 0.0 0.0 0.14279174027900166 0.4582019488734945 0.353040503475877 0.66006747327405 0.563613074216463 0.13999029709963637 0.66006747327405 0.0 0.0 0.0 0.0 0.0 0.0 0.0 0.0 0.11815694559764528 0.0 0.0 0.0 0.0 0.0 0.0 0.0 0.0 0.0 0.0 0.0 0.0
a2sb2bw2w4t4ww
ten percent of breast cancer patients suffer from this form of cancer
0.0 0.0 0.0 0.505850809169801 0.46304425144076783 0.7860976885345449 0.5567598993633821 0.0 0.14279174027900166 0.0 0.0 0.0 0.0 0.13999029709963637 0.0 0.20107455328566992 0.0 0.0 0.0 0.0 0.0 0.0 0.0 0.0 0.0 0.0 0.0 0.0 0.5916524272682309 0.0 0.0 0.0 0.0 0.0 0.47529870293714266 0.46448106864364336
a3odrygim0wb3t
a tenth of every breast cancer patient suffers this type of cancer
0.0 0.0 0.0 0.0 0.46304425144076783 0.7860976885345449 0.0 0.0 0.14279174027900166 0.4582019488734945 0.353040503475877 0.66006747327405 0.563613074216463 0.13999029709963637 0.66006747327405 0.0 0.0 0.0 0.0 0.0 0.0 0.0 0.0 0.11815694559764528 0.0 0.0 0.0 0.0 0.0 0.0 0.0 0.0 0.0 0.0 0.0 0.0
a2j85193g537vy
every 10th lung cancer patient falls under this type of cancer
0.0 0.0 0.0 0.0 0.0 0.8575611147649581 0.0 0.0 0.15577280757709272 0.49985667149835766 0.38513509470095675 0.0 0.6148506264179597 0.07635834387252893 0.0 0.0 0.0 0.0 0.0 0.0 0.6612893194875953 0.0 0.0 0.0 0.6860105663497446 0.6703878157200482 0.3990105280633705 0.0 0.0 0.0 0.0 0.0 0.0 0.0 0.0 0.0
