barack obama america will adopt new strategy with iran to for a says us towards barak obam do policy use and weave evil strategies against be used the said united states of joining hands on launch iranian form try in barrack it has changed its toward
barack obama america will adopt new strategy with iran
0.4879754362351733 0.37766901135995107 0.3416086040537356 0.24616813331124268 0.7211181728442084 0.40490484003028276 0.65963092415701 0.2611539391193615 0.5216319384332925 0.0 0.0 0.0 0.0 0.0 0.0 0.0 0.0 0.0 0.0 0.0 0.0 0.0 0.0 0.0 0.0 0.0 0.0 0.0 0.0 0.0 0.0 0.0 0.0 0.0 0.0 0.0 0.0 0.0 0.0 0.0 0.0 0.0 0.0 0.0 0.0 0.0
america to adopt new strategy for iran barack obama
0.4879754362351733 0.37766901135995107 0.3416086040537356 0.0 0.7211181728442084 0.40490484003028276 0.65963092415701 0.0 0.5216319384332925 0.11998603441235117 0.21452329990471278 0.0 0.0 0.0 0.0 0.0 0.0 0.0 0.0 0.0 0.0 0.0 0.0 0.0 0.0 0.0 0.0 0.0 0.0 0.0 0.0 0.0 0.0 0.0 0.0 0.0 0.0 0.0 0.0 0.0 0.0 0.0 0.0 0.0 0.0 0.0
barack obama america will adopt a new iran strategy
0.4879754362351733 0.37766901135995107 0.3416086040537356 0.24616813331124268 0.7211181728442084 0.40490484003028276 0.65963092415701 0.0 0.5216319384332925 0.0 0.0 0.1575425941301937 0.0 0.0 0.0 0.0 0.0 0.0 0.0 0.0 0.0 0.0 0.0 0.0 0.0 0.0 0.0 0.0 0.0 0.0 0.0 0.0 0.0 0.0 0.0 0.0 0.0 0.0 0.0 0.0 0.0 0.0 0.0 0.0 0.0 0.0
barack obama says us to adopt new strategy towards iran
0.43917789261165596 0.339902110223956 0.0 0.0 0.6490063555597876 0.36441435602725447 0.5936678317413089 0.0 0.4694687445899632 0.10798743097111604 0.0 0.0 0.43732843434803953 0.36581298022472847 0.5056014763182085 0.0 0.0 0.0 0.0 0.0 0.0 0.0 0.0 0.0 0.0 0.0 0.0 0.0 0.0 0.0 0.0 0.0 0.0 0.0 0.0 0.0 0.0 0.0 0.0 0.0 0.0 0.0 0.0 0.0 0.0 0.0
a353ocl6lm6m4o
barak obam will do a new policy with iran
0.0 0.0 0.0 0.24616813331124268 0.0 0.40490484003028276 0.0 0.2611539391193615 0.5216319384332925 0.0 0.0 0.1575425941301937 0.0 0.0 0.0 0.6879522852268755 1.0695064190585584 0.35975967282179877 0.5049059340602846 0.0 0.0 0.0 0.0 0.0 0.0 0.0 0.0 0.0 0.0 0.0 0.0 0.0 0.0 0.0 0.0 0.0 0.0 0.0 0.0 0.0 0.0 0.0 0.0 0.0 0.0 0.0
a3dd3acpmvdvca
barack obama america will use a new policy towards iran
0.43917789261165596 0.339902110223956 0.3074477436483621 0.2215513199801184 0.0 0.36441435602725447 0.0 0.0 0.4694687445899632 0.0 0.0 0.14178833471717434 0.0 0.0 0.5056014763182085 0.0 0.0 0.0 0.4544153406542562 0.4971597421369502 0.0 0.0 0.0 0.0 0.0 0.0 0.0 0.0 0.0 0.0 0.0 0.0 0.0 0.0 0.0 0.0 0.0 0.0 0.0 0.0 0.0 0.0 0.0 0.0 0.0 0.0
a172x4w90uost1
barak obama and america weave new evil strategies against iran
0.0 0.339902110223956 0.3074477436483621 0.0 0.0 0.36441435602725447 0.0 0.0 0.4694687445899632 0.0 0.0 0.0 0.0 0.0 0.0 0.6191570567041879 0.0 0.0 0.0 0.0 0.09939650398022919 0.893241059096708 0.6311371766854499 0.754611622984719 0.31870064416200594 0.0 0.0 0.0 0.0 0.0 0.0 0.0 0.0 0.0 0.0 0.0 0.0 0.0 0.0 0.0 0.0 0.0 0.0 0.0 0.0 0.0
a3kwcqj39dxkt4
new strategy will be used with the iran said the united states of america
0.0 0.0 0.21960553117740148 0.15825094284294172 0.0 0.26029596859089604 0.4240484512437921 0.167884675148161 0.3353348175642594 0.0 0.0 0.0 0.0 0.0 0.0 0.0 0.0 0.0 0.0 0.0 0.0 0.0 0.0 0.0 0.0 0.1533444961399393 0.3313237387907074 0.06092579883279333 0.15814296312256157 0.2880504898270076 0.3575356409317988 0.05999584161412987 0.0 0.0 0.0 0.0 0.0 0.0 0.0 0.0 0.0 0.0 0.0 0.0 0.0 0.0
a230hf2okthmdz
barak obama joining hands on a policy with iran
0.0 0.37766901135995107 0.0 0.0 0.0 0.0 0.0 0.2611539391193615 0.5216319384332925 0.0 0.0 0.1575425941301937 0.0 0.0 0.0 0.6879522852268755 0.0 0.0 0.5049059340602846 0.0 0.0 0.0 0.0 0.0 0.0 0.0 0.0 0.0 0.0 0.0 0.0 0.0 0.8532941802746347 0.6127426563726349 0.20811197359731148 0.0 0.0 0.0 0.0 0.0 0.0 0.0 0.0 0.0 0.0 0.0
a9x4g4wpj27d6
barack obama to launch a new iranian policy
0.54897236576457 0.42487763777994497 0.0 0.0 0.0 0.4555179450340681 0.0 0.0 0.0 0.13498428871389506 0.0 0.17723541839646792 0.0 0.0 0.0 0.0 0.0 0.0 0.5680191758178202 0.0 0.0 0.0 0.0 0.0 0.0 0.0 0.0 0.0 0.0 0.0 0.0 0.0 0.0 0.0 0.0 0.8874786409023463 0.8351398490450731 0.0 0.0 0.0 0.0 0.0 0.0 0.0 0.0 0.0
aqnkupp1lr88c
barack obama will form a new policy with iran
0.4879754362351733 0.37766901135995107 0.0 0.24616813331124268 0.0 0.40490484003028276 0.0 0.2611539391193615 0.5216319384332925 0.0 0.0 0.1575425941301937 0.0 0.0 0.0 0.0 0.0 0.0 0.5049059340602846 0.0 0.0 0.0 0.0 0.0 0.0 0.0 0.0 0.0 0.0 0.0 0.0 0.0 0.0 0.0 0.0 0.0 0.0 0.6193080915248578 0.0 0.0 0.0 0.0 0.0 0.0 0.0 0.0
a1c0lbe9vl3ax
barack obama america will use a new policy towards iran
0.43917789261165596 0.339902110223956 0.3074477436483621 0.2215513199801184 0.0 0.36441435602725447 0.0 0.0 0.4694687445899632 0.0 0.0 0.14178833471717434 0.0 0.0 0.5056014763182085 0.0 0.0 0.0 0.4544153406542562 0.4971597421369502 0.0 0.0 0.0 0.0 0.0 0.0 0.0 0.0 0.0 0.0 0.0 0.0 0.0 0.0 0.0 0.0 0.0 0.0 0.0 0.0 0.0 0.0 0.0 0.0 0.0 0.0
air4uqnpimfcj
barack obama america will use a new policy towards iran
0.43917789261165596 0.339902110223956 0.3074477436483621 0.2215513199801184 0.0 0.36441435602725447 0.0 0.0 0.4694687445899632 0.0 0.0 0.14178833471717434 0.0 0.0 0.5056014763182085 0.0 0.0 0.0 0.4544153406542562 0.4971597421369502 0.0 0.0 0.0 0.0 0.0 0.0 0.0 0.0 0.0 0.0 0.0 0.0 0.0 0.0 0.0 0.0 0.0 0.0 0.0 0.0 0.0 0.0 0.0 0.0 0.0 0.0
a2rcbwy8ulhnj0
barack obama america will try a new policy in iran
0.43917789261165596 0.339902110223956 0.3074477436483621 0.2215513199801184 0.0 0.36441435602725447 0.0 0.0 0.4694687445899632 0.0 0.0 0.14178833471717434 0.0 0.0 0.0 0.0 0.0 0.0 0.4544153406542562 0.0 0.0 0.0 0.0 0.0 0.0 0.0 0.0 0.0 0.0 0.0 0.0 0.0 0.0 0.0 0.0 0.0 0.0 0.0 0.54359030295006 0.1029830702456681 0.0 0.0 0.0 0.0 0.0 0.0
a330jjzgjl7ig2
barak obama and america weave new evil strategies against iran
0.0 0.339902110223956 0.3074477436483621 0.0 0.0 0.36441435602725447 0.0 0.0 0.4694687445899632 0.0 0.0 0.0 0.0 0.0 0.0 0.6191570567041879 0.0 0.0 0.0 0.0 0.09939650398022919 0.893241059096708 0.6311371766854499 0.754611622984719 0.31870064416200594 0.0 0.0 0.0 0.0 0.0 0.0 0.0 0.0 0.0 0.0 0.0 0.0 0.0 0.0 0.0 0.0 0.0 0.0 0.0 0.0 0.0
a3fk32fvhmy8mz
barak obama and america weave new evil strategies against iran
0.0 0.339902110223956 0.3074477436483621 0.0 0.0 0.36441435602725447 0.0 0.0 0.4694687445899632 0.0 0.0 0.0 0.0 0.0 0.0 0.6191570567041879 0.0 0.0 0.0 0.0 0.09939650398022919 0.893241059096708 0.6311371766854499 0.754611622984719 0.31870064416200594 0.0 0.0 0.0 0.0 0.0 0.0 0.0 0.0 0.0 0.0 0.0 0.0 0.0 0.0 0.0 0.0 0.0 0.0 0.0 0.0 0.0
a262d9pq8d093q
barrack obama and america weave new evil strategies against iran
0.0 0.339902110223956 0.3074477436483621 0.0 0.0 0.36441435602725447 0.0 0.0 0.4694687445899632 0.0 0.0 0.0 0.0 0.0 0.0 0.0 0.0 0.0 0.0 0.0 0.09939650398022919 0.893241059096708 0.6311371766854499 0.754611622984719 0.31870064416200594 0.0 0.0 0.0 0.0 0.0 0.0 0.0 0.0 0.0 0.0 0.0 0.0 0.0 0.0 0.0 0.6681118792360585 0.0 0.0 0.0 0.0 0.0
a3ohqrf1mdq99b
the united states of america says it has changed its policy toward iran
0.0 0.0 0.2364982643448939 0.0 0.0 0.0 0.0 0.0 0.3611298035307409 0.0 0.0 0.0 0.3364064879600304 0.0 0.0 0.0 0.0 0.0 0.34955026204173556 0.0 0.0 0.0 0.0 0.0 0.0 0.0 0.0 0.0328061993715041 0.0 0.3102082198137005 0.3850383825419372 0.06461090635367833 0.0 0.0 0.0 0.0 0.0 0.0 0.0 0.0 0.0 0.15578118746358657 0.1579075090716326 0.45571198441650246 0.25490945864416237 0.5099865767671565
