bruce springsteen came in fourth earning 166 million and the police fifth with 1206 4th after making 166000000 remained 5th spot he made 120600000 took position having earned their share of was while springstein dollars coming at number five has one hundred sixty stands stood by twenty six puppy children play nonstop until mother calls them all to on 3 get forth were place is ranked finished 160000000 126000000 three checked
bruce springsteen came in fourth earning 166 million and the police in fifth with 1206 million
0.479977976404482 0.44373932045117315 0.30109042134639025 0.12872883780708513 0.43234422315155097 0.45463640714772174 0.5232996751894786 0.6739314083662208 0.06212281498764324 0.026655036989347083 0.2375646049484185 0.4950506049555375 0.14689909075464086 0.5232996751894786 0.0 0.0 0.0 0.0 0.0 0.0 0.0 0.0 0.0 0.0 0.0 0.0 0.0 0.0 0.0 0.0 0.0 0.0 0.0 0.0 0.0 0.0 0.0 0.0 0.0 0.0 0.0 0.0 0.0 0.0 0.0 0.0 0.0 0.0 0.0 0.0 0.0 0.0 0.0 0.0 0.0 0.0 0.0 0.0 0.0 0.0 0.0 0.0 0.0 0.0 0.0 0.0 0.0 0.0 0.0 0.0 0.0
bruce springsteen came in 4th after making 166000000 and the police remained in the 5th spot and he made 120600000
0.38398238112358557 0.35499145636093854 0.2408723370771122 0.1029830702456681 0.0 0.0 0.0 0.0 0.09939650398022919 0.042648059182955333 0.19005168395873479 0.0 0.0 0.0 0.40607401873753757 0.14918615366075783 0.2525423396511821 0.46100463317094303 0.3381678445298778 0.39604048396443 0.35114340430413205 0.11874611298141727 0.1953443342188537 0.46100463317094303 0.0 0.0 0.0 0.0 0.0 0.0 0.0 0.0 0.0 0.0 0.0 0.0 0.0 0.0 0.0 0.0 0.0 0.0 0.0 0.0 0.0 0.0 0.0 0.0 0.0 0.0 0.0 0.0 0.0 0.0 0.0 0.0 0.0 0.0 0.0 0.0 0.0 0.0 0.0 0.0 0.0 0.0 0.0 0.0 0.0 0.0 0.0
bruce springsteen took fourth position having earned 166 million and police came in fifth with their share of 1206 million
0.38398238112358557 0.35499145636093854 0.2408723370771122 0.05149153512283405 0.3458753785212408 0.0 0.4186397401515829 0.5391451266929767 0.04969825199011459 0.0 0.19005168395873479 0.39604048396443 0.11751927260371269 0.4186397401515829 0.0 0.0 0.0 0.0 0.0 0.0 0.0 0.0 0.0 0.0 0.2471713272201403 0.2753260298357277 0.2695725633464883 0.366148633926649 0.14886105498619048 0.33961722137354045 0.04199708912989091 0.0 0.0 0.0 0.0 0.0 0.0 0.0 0.0 0.0 0.0 0.0 0.0 0.0 0.0 0.0 0.0 0.0 0.0 0.0 0.0 0.0 0.0 0.0 0.0 0.0 0.0 0.0 0.0 0.0 0.0 0.0 0.0 0.0 0.0 0.0 0.0 0.0 0.0 0.0 0.0
bruce springsteen was fourth with 166 million while the police came in fifth with 1206 million
0.479977976404482 0.44373932045117315 0.30109042134639025 0.06436441890354257 0.43234422315155097 0.0 0.5232996751894786 0.6739314083662208 0.0 0.026655036989347083 0.2375646049484185 0.4950506049555375 0.2937981815092817 0.5232996751894786 0.0 0.0 0.0 0.0 0.0 0.0 0.0 0.0 0.0 0.0 0.0 0.0 0.0 0.0 0.0 0.0 0.0 0.13736368318713327 0.2507768540711847 0.0 0.0 0.0 0.0 0.0 0.0 0.0 0.0 0.0 0.0 0.0 0.0 0.0 0.0 0.0 0.0 0.0 0.0 0.0 0.0 0.0 0.0 0.0 0.0 0.0 0.0 0.0 0.0 0.0 0.0 0.0 0.0 0.0 0.0 0.0 0.0 0.0 0.0
a3dd3acpmvdvca
bruce springstein made 166 million dollars coming at fourth and police was at number five having made 1206 million dollars
0.38398238112358557 0.0 0.0 0.0 0.3458753785212408 0.0 0.4186397401515829 0.5391451266929767 0.04969825199011459 0.0 0.19005168395873479 0.0 0.0 0.4186397401515829 0.0 0.0 0.0 0.0 0.0 0.0 0.0 0.0 0.3906886684377074 0.0 0.0 0.0 0.2695725633464883 0.0 0.0 0.0 0.0 0.10989094654970662 0.0 0.46100463317094303 0.5627357069857827 0.2745195607392335 0.30975998539044747 0.2276756924651063 0.2749211693240967 0.0 0.0 0.0 0.0 0.0 0.0 0.0 0.0 0.0 0.0 0.0 0.0 0.0 0.0 0.0 0.0 0.0 0.0 0.0 0.0 0.0 0.0 0.0 0.0 0.0 0.0 0.0 0.0 0.0 0.0 0.0 0.0
a2jtc8u7z5z9tf
bruce springsteen has made one hundred and sixty million dollars and he stands fourth and police stood fifth by making one hundred and twenty six million dollars
0.2844313934248782 0.26295663434143596 0.0 0.0 0.256203984089808 0.0 0.0 0.39936676051331604 0.1472540799707099 0.0 0.14077902515461838 0.29336332145513333 0.0 0.0 0.0 0.0 0.18706839974161638 0.0 0.0 0.0 0.0 0.08796008368993871 0.14469950682878052 0.0 0.0 0.0 0.0 0.0 0.0 0.0 0.0 0.0 0.0 0.0 0.4168412644339131 0.0 0.0 0.0 0.0 0.07602954140486012 0.21711079355599483 0.44453458063338225 0.2660448420799193 0.27948578629063664 0.2731209619600196 0.09242441708894251 0.24744884416150315 0.23443410761195171 0.0 0.0 0.0 0.0 0.0 0.0 0.0 0.0 0.0 0.0 0.0 0.0 0.0 0.0 0.0 0.0 0.0 0.0 0.0 0.0 0.0 0.0 0.0
a1kpcqmdzmxxzw
the puppy and the children play nonstop until the mother calls them all in to play
0.0 0.0 0.0 0.06436441890354257 0.0 0.0 0.0 0.0 0.06212281498764324 0.07996511096804125 0.0 0.0 0.0 0.0 0.0 0.0 0.0 0.0 0.0 0.0 0.0 0.0 0.0 0.0 0.0 0.0 0.0 0.0 0.0 0.0 0.0 0.0 0.0 0.0 0.0 0.0 0.0 0.0 0.0 0.0 0.0 0.0 0.0 0.0 0.0 0.0 0.0 0.0 0.48961239389368566 0.27155595876360683 0.6853028806419366 0.48961239389368566 0.2836225897684151 0.3472831885805759 0.4128208053364164 0.21324688583990106 0.1964509524039218 0.06749214435694753 0.0 0.0 0.0 0.0 0.0 0.0 0.0 0.0 0.0 0.0 0.0 0.0 0.0
a8v7wa74iohz9
bruce springsteen was on number 3 by earning 166000000 dollars and police get the 5th position by earning 120600000 dollars
0.38398238112358557 0.35499145636093854 0.0 0.0 0.0 0.7274182514363547 0.0 0.0 0.04969825199011459 0.021324029591477667 0.19005168395873479 0.0 0.0 0.0 0.0 0.0 0.0 0.46100463317094303 0.0 0.39604048396443 0.0 0.0 0.0 0.46100463317094303 0.0 0.2753260298357277 0.0 0.0 0.0 0.0 0.0 0.10989094654970662 0.0 0.0 0.5627357069857827 0.0 0.0 0.2276756924651063 0.0 0.0 0.0 0.0 0.0 0.0 0.0 0.24954592614014479 0.0 0.0 0.0 0.0 0.0 0.0 0.0 0.0 0.0 0.0 0.0 0.0 0.09365038811879016 0.3112180194932435 0.21749986960508022 0.0 0.0 0.0 0.0 0.0 0.0 0.0 0.0 0.0 0.0
adu3xkpx6ttsa
bruce springstein made 166 million dollars coming at forth and the police were at fifth making 1206 million dollars
0.4041919801300901 0.0 0.0 0.0 0.0 0.0 0.44067341068587673 0.5675211859926069 0.05231394946327852 0.022446346938397543 0.20005440416708925 0.4168847199625579 0.0 0.44067341068587673 0.0 0.0 0.26583404173808645 0.0 0.0 0.0 0.0 0.0 0.2056256149672144 0.0 0.0 0.0 0.0 0.0 0.0 0.0 0.0 0.0 0.0 0.4852680349167821 0.5923533757745081 0.28896795867287733 0.3260631425162605 0.0 0.0 0.0 0.0 0.0 0.0 0.0 0.0 0.0 0.0 0.0 0.0 0.0 0.0 0.0 0.0 0.0 0.0 0.0 0.0 0.0 0.0 0.0 0.0 0.42744633551319744 0.15534883643189257 0.0 0.0 0.0 0.0 0.0 0.0 0.0 0.0
a230hf2okthmdz
bruce springstein made 166 million dollars coming fourth and police was at number five having made 1206 million dollars
0.4041919801300901 0.0 0.0 0.0 0.3640793458118324 0.0 0.44067341068587673 0.5675211859926069 0.05231394946327852 0.0 0.20005440416708925 0.0 0.0 0.44067341068587673 0.0 0.0 0.0 0.0 0.0 0.0 0.0 0.0 0.4112512299344288 0.0 0.0 0.0 0.28376059299630346 0.0 0.0 0.0 0.0 0.11567468057863854 0.0 0.4852680349167821 0.5923533757745081 0.28896795867287733 0.16303157125813025 0.23965862364748033 0.28939070455168076 0.0 0.0 0.0 0.0 0.0 0.0 0.0 0.0 0.0 0.0 0.0 0.0 0.0 0.0 0.0 0.0 0.0 0.0 0.0 0.0 0.0 0.0 0.0 0.0 0.0 0.0 0.0 0.0 0.0 0.0 0.0 0.0
a3qu3km3iywhif
bruce springsteen made 166 million coming in at fourth place and police was at number five with 1206 million
0.4041919801300901 0.37367521722204056 0.0 0.054201615918772685 0.3640793458118324 0.0 0.44067341068587673 0.5675211859926069 0.05231394946327852 0.0 0.20005440416708925 0.0 0.12370449747759231 0.44067341068587673 0.0 0.0 0.0 0.0 0.0 0.0 0.0 0.0 0.2056256149672144 0.0 0.0 0.0 0.0 0.0 0.0 0.0 0.0 0.11567468057863854 0.0 0.0 0.0 0.28896795867287733 0.3260631425162605 0.23965862364748033 0.28939070455168076 0.0 0.0 0.0 0.0 0.0 0.0 0.0 0.0 0.0 0.0 0.0 0.0 0.0 0.0 0.0 0.0 0.0 0.0 0.0 0.0 0.0 0.0 0.0 0.0 0.2385161879326454 0.0 0.0 0.0 0.0 0.0 0.0 0.0
a2r89rxgevg05i
bruce springsteen has made one hundred and sixty million dollars and is ranked at fourth and the police ranked fifth by making one hundred and twenty six million dollars
0.2648154352576452 0.24482169404202656 0.0 0.0 0.23853474380775225 0.0 0.0 0.37182422530550113 0.13709862617962648 0.014706227304467356 0.13107012686809297 0.27313136825133105 0.0 0.0 0.0 0.0 0.1741671307939187 0.0 0.0 0.0 0.0 0.0 0.13472023049576115 0.0 0.0 0.0 0.0 0.0 0.0 0.0 0.0 0.0 0.0 0.0 0.3880935910246777 0.0 0.10681378806567154 0.0 0.0 0.07078612475624908 0.20213763537971932 0.4138770233483214 0.24769692193647658 0.0 0.0 0.08605031935867062 0.23038340663312362 0.21826623812147228 0.0 0.0 0.0 0.0 0.0 0.0 0.0 0.0 0.0 0.0 0.0 0.0 0.0 0.0 0.0 0.0 0.045062604097745734 0.5880652057144079 0.0 0.0 0.0 0.0 0.0
a1r68balqjp644
bruce springsteen has made one hundred and sixty million dollars and he stands fourth and police stood fifth by making one hundred and twenty six million dollars
0.2844313934248782 0.26295663434143596 0.0 0.0 0.256203984089808 0.0 0.0 0.39936676051331604 0.1472540799707099 0.0 0.14077902515461838 0.29336332145513333 0.0 0.0 0.0 0.0 0.18706839974161638 0.0 0.0 0.0 0.0 0.08796008368993871 0.14469950682878052 0.0 0.0 0.0 0.0 0.0 0.0 0.0 0.0 0.0 0.0 0.0 0.4168412644339131 0.0 0.0 0.0 0.0 0.07602954140486012 0.21711079355599483 0.44453458063338225 0.2660448420799193 0.27948578629063664 0.2731209619600196 0.09242441708894251 0.24744884416150315 0.23443410761195171 0.0 0.0 0.0 0.0 0.0 0.0 0.0 0.0 0.0 0.0 0.0 0.0 0.0 0.0 0.0 0.0 0.0 0.0 0.0 0.0 0.0 0.0 0.0
akim9ymeza9pc
bruce springsteen finished fourth with 160000000 and the police stood in fifth place with 126000000
0.5119765081647808 0.4733219418145847 0.0 0.06865538016377874 0.46116717136165436 0.0 0.0 0.0 0.06626433598681945 0.028432039455303555 0.25340224527831307 0.52805397861924 0.3133847269432338 0.0 0.0 0.0 0.0 0.0 0.0 0.0 0.0 0.0 0.0 0.0 0.0 0.0 0.0 0.0 0.0 0.0 0.0 0.0 0.0 0.0 0.0 0.0 0.0 0.0 0.0 0.0 0.0 0.0 0.0 0.0 0.49161773152803534 0.0 0.0 0.0 0.0 0.0 0.0 0.0 0.0 0.0 0.0 0.0 0.0 0.0 0.0 0.0 0.0 0.0 0.0 0.30212050471468416 0.0 0.0 0.44540791949070563 0.6879136634724647 0.6879136634724647 0.0 0.0
a227cwgbxgw4yh
the puppy and the children play nonstop until their mother calls them all in
0.0 0.0 0.0 0.07355933588976293 0.0 0.0 0.0 0.0 0.07099750284302085 0.06092579883279333 0.0 0.0 0.0 0.0 0.0 0.0 0.0 0.0 0.0 0.0 0.0 0.0 0.0 0.0 0.0 0.0 0.0 0.0 0.21265864998027212 0.0 0.0 0.0 0.0 0.0 0.0 0.0 0.0 0.0 0.0 0.0 0.0 0.0 0.0 0.0 0.0 0.0 0.0 0.0 0.5595570215927836 0.3103496671584078 0.3916016460811066 0.5595570215927836 0.3241401025924744 0.3968950726635153 0.47179520609876163 0.24371072667417265 0.22451537417591064 0.0 0.0 0.0 0.0 0.0 0.0 0.0 0.0 0.0 0.0 0.0 0.0 0.0 0.0
a34erkopmv5x3c
the puppy and the children play nonstop until the mother calls them all in
0.0 0.0 0.0 0.07355933588976293 0.0 0.0 0.0 0.0 0.07099750284302085 0.09138869824919 0.0 0.0 0.0 0.0 0.0 0.0 0.0 0.0 0.0 0.0 0.0 0.0 0.0 0.0 0.0 0.0 0.0 0.0 0.0 0.0 0.0 0.0 0.0 0.0 0.0 0.0 0.0 0.0 0.0 0.0 0.0 0.0 0.0 0.0 0.0 0.0 0.0 0.0 0.5595570215927836 0.3103496671584078 0.3916016460811066 0.5595570215927836 0.3241401025924744 0.3968950726635153 0.47179520609876163 0.24371072667417265 0.22451537417591064 0.0 0.0 0.0 0.0 0.0 0.0 0.0 0.0 0.0 0.0 0.0 0.0 0.0 0.0
a2190f96xfy41l
the puppy and the children play nonstop until the mother calls them all in to play
0.0 0.0 0.0 0.06436441890354257 0.0 0.0 0.0 0.0 0.06212281498764324 0.07996511096804125 0.0 0.0 0.0 0.0 0.0 0.0 0.0 0.0 0.0 0.0 0.0 0.0 0.0 0.0 0.0 0.0 0.0 0.0 0.0 0.0 0.0 0.0 0.0 0.0 0.0 0.0 0.0 0.0 0.0 0.0 0.0 0.0 0.0 0.0 0.0 0.0 0.0 0.0 0.48961239389368566 0.27155595876360683 0.6853028806419366 0.48961239389368566 0.2836225897684151 0.3472831885805759 0.4128208053364164 0.21324688583990106 0.1964509524039218 0.06749214435694753 0.0 0.0 0.0 0.0 0.0 0.0 0.0 0.0 0.0 0.0 0.0 0.0 0.0
arq4j4tltpbnc
bruce springsteen was number three earning 166000000 while police checked in at the 5th position earning 120600000
0.4517439777924536 0.41763700748345706 0.0 0.06057827661509889 0.0 0.8557861781604174 0.0 0.0 0.0 0.02508709363703255 0.22359021642204094 0.0 0.0 0.0 0.0 0.0 0.0 0.5423583919658154 0.0 0.4659299811346235 0.0 0.0 0.0 0.5423583919658154 0.0 0.3239129762773267 0.0 0.0 0.0 0.0 0.0 0.1292834665290666 0.23602527441993856 0.0 0.0 0.0 0.18221175611202794 0.26785375584130156 0.0 0.0 0.0 0.0 0.0 0.0 0.0 0.0 0.0 0.0 0.0 0.0 0.0 0.0 0.0 0.0 0.0 0.0 0.0 0.0 0.0 0.0 0.0 0.0 0.0 0.0 0.0 0.0 0.0 0.0 0.0 0.27205722431083945 0.4846625535533609
