pakistan is at the final stages now standing on its last leg in phase steps verge of break up stage breaking falling apart
pakistan is at the final stages now
0.3368119266005144 0.18668793126208946 0.44251426484349643 0.06092579883279333 0.998071491701681 1.0970925174959587 0.48943761584498313 0.0 0.0 0.0 0.0 0.0 0.0 0.0 0.0 0.0 0.0 0.0 0.0 0.0 0.0 0.0 0.0
pakistan is now standing on its last leg
0.2947104357754501 0.16335193985432828 0.0 0.0 0.0 0.0 0.42825791386436024 0.8418982517038576 0.2341259702969754 0.41422787029676383 0.5062010835475886 1.2898381190108714 0.0 0.0 0.0 0.0 0.0 0.0 0.0 0.0 0.0 0.0 0.0
pakistan is in the last stages now
0.3368119266005144 0.18668793126208946 0.0 0.06092579883279333 0.0 1.0970925174959587 0.48943761584498313 0.0 0.0 0.0 0.578515524054387 0.0 0.14711867177952587 0.0 0.0 0.0 0.0 0.0 0.0 0.0 0.0 0.0 0.0
pakistan is now in the last phase
0.3368119266005144 0.18668793126208946 0.0 0.06092579883279333 0.0 0.0 0.48943761584498313 0.0 0.0 0.0 0.578515524054387 0.0 0.14711867177952587 1.039168930623364 0.0 0.0 0.0 0.0 0.0 0.0 0.0 0.0 0.0
a3sw1e5d0b9v9a
pakistan is now in the last stages
0.3368119266005144 0.18668793126208946 0.0 0.06092579883279333 0.0 1.0970925174959587 0.48943761584498313 0.0 0.0 0.0 0.578515524054387 0.0 0.14711867177952587 0.0 0.0 0.0 0.0 0.0 0.0 0.0 0.0 0.0 0.0
a353ocl6lm6m4o
pakistan is now in last steps
0.39294724770060013 0.2178025864724377 0.0 0.0 0.0 0.0 0.571010551819147 0.0 0.0 0.0 0.6749347780634515 0.0 0.17163845040944684 0.0 0.8506281990796642 0.0 0.0 0.0 0.0 0.0 0.0 0.0 0.0
a2de039cxxjuga
pakistan is on the verge of break up
0.2947104357754501 0.16335193985432828 0.0 0.05331007397869417 0.0 0.0 0.0 0.0 0.2341259702969754 0.0 0.0 0.0 0.0 0.0 0.0 1.0465993503789572 0.10499272282472728 0.805937992647385 0.5381237245055212 0.0 0.0 0.0 0.0
a3u16uhguaktzs
pakistan is now in its last stages
0.3368119266005144 0.18668793126208946 0.0 0.0 0.0 1.0970925174959587 0.48943761584498313 0.0 0.0 0.4734032803391587 0.578515524054387 0.0 0.14711867177952587 0.0 0.0 0.0 0.0 0.0 0.0 0.0 0.0 0.0 0.0
a1h645fgjr2vnq
pakistan is in its last stage
0.39294724770060013 0.2178025864724377 0.0 0.0 0.0 0.0 0.0 0.0 0.0 0.5523038270623518 0.6749347780634515 0.0 0.17163845040944684 0.0 0.0 0.0 0.0 0.0 0.0 1.127226148432926 0.0 0.0 0.0
a31ikb373dzonk
pakistan is in its final stages
0.39294724770060013 0.2178025864724377 0.0 0.0 1.1644167403186279 1.279941270411952 0.0 0.0 0.0 0.5523038270623518 0.0 0.0 0.17163845040944684 0.0 0.0 0.0 0.0 0.0 0.0 0.0 0.0 0.0 0.0
a6tw9zegog7ph
pakistan is now in the last stages
0.3368119266005144 0.18668793126208946 0.0 0.06092579883279333 0.0 1.0970925174959587 0.48943761584498313 0.0 0.0 0.0 0.578515524054387 0.0 0.14711867177952587 0.0 0.0 0.0 0.0 0.0 0.0 0.0 0.0 0.0 0.0
aesg4iu5tk1ba
pakistan is now in last steps
0.39294724770060013 0.2178025864724377 0.0 0.0 0.0 0.0 0.571010551819147 0.0 0.0 0.0 0.6749347780634515 0.0 0.17163845040944684 0.0 0.8506281990796642 0.0 0.0 0.0 0.0 0.0 0.0 0.0 0.0
a2miig4vdudbb6
pakistan is now in last steps
0.39294724770060013 0.2178025864724377 0.0 0.0 0.0 0.0 0.571010551819147 0.0 0.0 0.0 0.6749347780634515 0.0 0.17163845040944684 0.0 0.8506281990796642 0.0 0.0 0.0 0.0 0.0 0.0 0.0 0.0
a14wwg6nkbdwgp
pakistan is now in last steps
0.39294724770060013 0.2178025864724377 0.0 0.0 0.0 0.0 0.571010551819147 0.0 0.0 0.0 0.6749347780634515 0.0 0.17163845040944684 0.0 0.8506281990796642 0.0 0.0 0.0 0.0 0.0 0.0 0.0 0.0
a330jjzgjl7ig2
pakistan is on the verge of breaking up
0.2947104357754501 0.16335193985432828 0.0 0.05331007397869417 0.0 0.0 0.0 0.0 0.2341259702969754 0.0 0.0 0.0 0.0 0.0 0.0 1.0465993503789572 0.10499272282472728 0.0 0.5381237245055212 0.0 0.8778585107603302 0.0 0.0
a3andctf0w1pqd
pakistan is on the verge of falling apart
0.2947104357754501 0.16335193985432828 0.0 0.05331007397869417 0.0 0.0 0.0 0.0 0.2341259702969754 0.0 0.0 0.0 0.0 0.0 0.0 1.0465993503789572 0.10499272282472728 0.0 0.0 0.0 0.0 0.9285416492738507 0.696721602965465
a2u5kb76amcgh
pakistan is on the verge of break up
0.2947104357754501 0.16335193985432828 0.0 0.05331007397869417 0.0 0.0 0.0 0.0 0.2341259702969754 0.0 0.0 0.0 0.0 0.0 0.0 1.0465993503789572 0.10499272282472728 0.805937992647385 0.5381237245055212 0.0 0.0 0.0 0.0
a3ohqrf1mdq99b
pakistan is now in its last stages
0.3368119266005144 0.18668793126208946 0.0 0.0 0.0 1.0970925174959587 0.48943761584498313 0.0 0.0 0.4734032803391587 0.578515524054387 0.0 0.14711867177952587 0.0 0.0 0.0 0.0 0.0 0.0 0.0 0.0 0.0 0.0
