quetta dsp killed with four police officers policemen including cops deputy superintendent queta men qwetta the members personnel were in was among
quetta dsp killed with four police officers
0.8250585956881381 0.8755786014372208 0.5261083423429035 0.335769350296322 0.6616756565353074 0.5430048113106708 0.9703349182101155 0.0 0.0 0.0 0.0 0.0 0.0 0.0 0.0 0.0 0.0 0.0 0.0 0.0 0.0 0.0
quetta four policemen killed including dsp
0.9625683616361611 1.0215083683434243 0.6137930660667207 0.0 0.7719549326245252 0.0 0.0 1.1833048545364617 0.7923640907940462 0.0 0.0 0.0 0.0 0.0 0.0 0.0 0.0 0.0 0.0 0.0 0.0 0.0
quetta four policemen including dsp killed
0.9625683616361611 1.0215083683434243 0.6137930660667207 0.0 0.7719549326245252 0.0 0.0 1.1833048545364617 0.7923640907940462 0.0 0.0 0.0 0.0 0.0 0.0 0.0 0.0 0.0 0.0 0.0 0.0 0.0
quetta four cops including dsp deputy superintendent police killed
0.6417122410907741 0.6810055788956162 0.4091953773778138 0.0 0.5146366217496835 0.4223370754638551 0.0 0.0 0.5282427271960308 0.9676963377392078 0.7845120460072765 0.8082425015959498 0.0 0.0 0.0 0.0 0.0 0.0 0.0 0.0 0.0 0.0
a143bvgouf83je
quetta four policemen including dsp killed
0.9625683616361611 1.0215083683434243 0.6137930660667207 0.0 0.7719549326245252 0.0 0.0 1.1833048545364617 0.7923640907940462 0.0 0.0 0.0 0.0 0.0 0.0 0.0 0.0 0.0 0.0 0.0 0.0 0.0
a1sanjgoj47idf
queta including dsp four police men killed
0.0 0.8755786014372208 0.5261083423429035 0.0 0.6616756565353074 0.5430048113106708 0.0 0.0 0.6791692206806111 0.0 0.0 0.0 1.27605865585244 0.756403490177242 0.0 0.0 0.0 0.0 0.0 0.0 0.0 0.0
a3bz8b0jpubzqq
qwetta with the dsp four police members killed
0.0 0.7661312762575682 0.46034479955004054 0.2937981815092817 0.5789661994683939 0.475129209896837 0.0 0.0 0.0 0.0 0.0 0.0 0.0 0.0 1.116551323870885 0.05331007397869417 0.5971801758660681 0.0 0.0 0.0 0.0 0.0
alrghxunh1uv7
quetta dsp including four police personnel were killed
0.7219262712271208 0.7661312762575682 0.46034479955004054 0.0 0.5789661994683939 0.475129209896837 0.0 0.0 0.5942730680955347 0.0 0.0 0.0 0.0 0.0 0.0 0.0 0.0 0.8318929132446655 0.36895348652574483 0.0 0.0 0.0
a7vga4xtn363o
quetta four policemen including dsp killed
0.9625683616361611 1.0215083683434243 0.6137930660667207 0.0 0.7719549326245252 0.0 0.0 1.1833048545364617 0.7923640907940462 0.0 0.0 0.0 0.0 0.0 0.0 0.0 0.0 0.0 0.0 0.0 0.0 0.0
a3l62wt9zlhu7v
four quetta policemen killed
1.4438525424542417 0.0 0.9206895991000811 0.0 1.1579323989367878 0.0 0.0 1.7749572818046926 0.0 0.0 0.0 0.0 0.0 0.0 0.0 0.0 0.0 0.0 0.0 0.0 0.0 0.0
a6tw9zegog7ph
quetta four policemen including dsp killed
0.9625683616361611 1.0215083683434243 0.6137930660667207 0.0 0.7719549326245252 0.0 0.0 1.1833048545364617 0.7923640907940462 0.0 0.0 0.0 0.0 0.0 0.0 0.0 0.0 0.0 0.0 0.0 0.0 0.0
a291u81kgj6l9n
four police men killed
0.0 0.0 0.9206895991000811 0.0 1.1579323989367878 0.950258419793674 0.0 0.0 0.0 0.0 0.0 0.0 0.0 1.3237061078101735 0.0 0.0 0.0 0.0 0.0 0.0 0.0 0.0
a1dndzlo2d5d48
queta including dsp four police men killed
0.0 0.8755786014372208 0.5261083423429035 0.0 0.6616756565353074 0.5430048113106708 0.0 0.0 0.6791692206806111 0.0 0.0 0.0 1.27605865585244 0.756403490177242 0.0 0.0 0.0 0.0 0.0 0.0 0.0 0.0
a230hf2okthmdz
in queta including the dsp four police men killed
0.0 0.6810055788956162 0.4091953773778138 0.0 0.5146366217496835 0.4223370754638551 0.0 0.0 0.5282427271960308 0.0 0.0 0.0 0.9924900656630089 0.5883138256934104 0.0 0.04738673242550592 0.0 0.0 0.0 0.1144256336062979 0.0 0.0
a143awku99stc9
qwetta was among the four dsp police members killed
0.0 0.6810055788956162 0.4091953773778138 0.0 0.5146366217496835 0.4223370754638551 0.0 0.0 0.0 0.0 0.0 0.0 0.0 0.0 0.9924900656630089 0.04738673242550592 0.5308268229920605 0.0 0.0 0.0 0.24420210344379248 0.5467269167299131
a6tw9zegog7ph
qwetta with the dsp four police members killed
0.0 0.7661312762575682 0.46034479955004054 0.2937981815092817 0.5789661994683939 0.475129209896837 0.0 0.0 0.0 0.0 0.0 0.0 0.0 0.0 1.116551323870885 0.05331007397869417 0.5971801758660681 0.0 0.0 0.0 0.0 0.0
a230hf2okthmdz
qwetta dsp four police members killed
0.0 1.0215083683434243 0.6137930660667207 0.0 0.7719549326245252 0.6335056131957827 0.0 0.0 0.0 0.0 0.0 0.0 0.0 0.0 1.4887350984945134 0.0 0.7962402344880908 0.0 0.0 0.0 0.0 0.0
aonmraht4motn
quetta dsp including four police personnel were killed
0.7219262712271208 0.7661312762575682 0.46034479955004054 0.0 0.5789661994683939 0.475129209896837 0.0 0.0 0.5942730680955347 0.0 0.0 0.0 0.0 0.0 0.0 0.0 0.0 0.8318929132446655 0.36895348652574483 0.0 0.0 0.0
