your point makes sense and the situation bears it out comments touch our hearts circumstances are not different of view appeals conditions too seem like this whatever you say touches my heart also indicates that talk seems to be such is near situations right supporting argument words so speak for do speech from calls support
your point makes sense and the situation bears it out
0.37436291114873504 0.534889165251097 0.6605132885382663 0.6792344427470809 0.09939650398022919 0.042648059182955333 0.40941465228116114 0.9220092663418861 0.20251554370266253 0.40069701429340565 0.0 0.0 0.0 0.0 0.0 0.0 0.0 0.0 0.0 0.0 0.0 0.0 0.0 0.0 0.0 0.0 0.0 0.0 0.0 0.0 0.0 0.0 0.0 0.0 0.0 0.0 0.0 0.0 0.0 0.0 0.0 0.0 0.0 0.0 0.0 0.0 0.0 0.0 0.0 0.0 0.0 0.0 0.0 0.0 0.0
your comments touch our hearts and the circumstances are not different
0.34032991922612277 0.0 0.0 0.0 0.09036045816384472 0.03877096289359576 0.0 0.0 0.0 0.0 0.5149767819935861 0.7490239464006486 0.3046177954804624 0.5705139712956746 0.5599838062479363 0.19146695944116604 0.19460249893066942 0.47224917933488286 0.0 0.0 0.0 0.0 0.0 0.0 0.0 0.0 0.0 0.0 0.0 0.0 0.0 0.0 0.0 0.0 0.0 0.0 0.0 0.0 0.0 0.0 0.0 0.0 0.0 0.0 0.0 0.0 0.0 0.0 0.0 0.0 0.0 0.0 0.0 0.0 0.0
your point of view appeals and the conditions too seem like this
0.31196909262394584 0.4457409710425808 0.0 0.0 0.08283041998352432 0.03554004931912944 0.0 0.0 0.0 0.0 0.0 0.0 0.0 0.0 0.0 0.0 0.0 0.0 0.06999514854981818 0.4364417155918756 0.859892079340581 0.503503236089243 0.4179500036689912 0.5012199882402334 0.3146860826316805 0.14279174027900166 0.0 0.0 0.0 0.0 0.0 0.0 0.0 0.0 0.0 0.0 0.0 0.0 0.0 0.0 0.0 0.0 0.0 0.0 0.0 0.0 0.0 0.0 0.0 0.0 0.0 0.0 0.0 0.0 0.0
whatever you say touches my heart and the situation also indicates that
0.0 0.0 0.0 0.0 0.08283041998352432 0.03554004931912944 0.3411788769009676 0.0 0.0 0.0 0.0 0.0 0.0 0.0 0.0 0.0 0.0 0.0 0.0 0.0 0.0 0.0 0.0 0.0 0.0 0.0 0.45050417219590994 0.26565051014921864 0.3261230411713441 0.7257722533044059 0.33986909224301676 0.3826547670416478 0.2299287880066059 0.6461462995521196 0.10067286868831665 0.0 0.0 0.0 0.0 0.0 0.0 0.0 0.0 0.0 0.0 0.0 0.0 0.0 0.0 0.0 0.0 0.0 0.0 0.0 0.0
a3sw1e5d0b9v9a
your talk touches the heart and circumstances also seems to be such
0.31196909262394584 0.0 0.0 0.0 0.08283041998352432 0.03554004931912944 0.0 0.0 0.0 0.0 0.0 0.0 0.0 0.0 0.5133184890606083 0.0 0.0 0.0 0.0 0.0 0.0 0.0 0.0 0.0 0.0 0.0 0.0 0.0 0.0 0.7257722533044059 0.0 0.3826547670416478 0.2299287880066059 0.0 0.0 0.46894642248815227 0.4652088753077063 0.08998952580926338 0.17890191216326254 0.3284981670156953 0.0 0.0 0.0 0.0 0.0 0.0 0.0 0.0 0.0 0.0 0.0 0.0 0.0 0.0 0.0
a353ocl6lm6m4o
your talk is near to the heart and situations are also like it
0.28797147011441154 0.0 0.0 0.0 0.07645884921556091 0.0328061993715041 0.0 0.0 0.15578118746358657 0.0 0.0 0.0 0.0 0.0 0.0 0.1620105041425251 0.0 0.0 0.0 0.0 0.0 0.0 0.0 0.0 0.290479460890782 0.0 0.0 0.0 0.0 0.0 0.0 0.35321978496152107 0.21224195815994393 0.0 0.0 0.4328736207582944 0.0 0.08306725459316619 0.0 0.0 0.10052427067958664 0.3873462479499217 0.5119341004582557 0.0 0.0 0.0 0.0 0.0 0.0 0.0 0.0 0.0 0.0 0.0 0.0
a2de039cxxjuga
you are right circumstances are supporting your argument
0.4679536389359188 0.0 0.0 0.0 0.0 0.0 0.0 0.0 0.0 0.0 0.0 0.0 0.0 0.0 0.7699777335909124 0.5265341384632066 0.0 0.0 0.0 0.0 0.0 0.0 0.0 0.0 0.0 0.0 0.0 0.398475765223828 0.0 0.0 0.0 0.0 0.0 0.0 0.0 0.0 0.0 0.0 0.0 0.0 0.0 0.0 0.0 0.5923718907625936 0.7983599149203306 0.9792247877873713 0.0 0.0 0.0 0.0 0.0 0.0 0.0 0.0 0.0
a3u16uhguaktzs
your words touch the heart and the situation seems so
0.37436291114873504 0.0 0.0 0.0 0.09939650398022919 0.08529611836591067 0.40941465228116114 0.0 0.0 0.0 0.0 0.8239263410407135 0.0 0.0 0.0 0.0 0.0 0.0 0.0 0.0 0.0 0.0 0.0 0.0 0.0 0.0 0.0 0.0 0.0 0.0 0.0 0.45918572044997735 0.0 0.0 0.0 0.0 0.5582506503692476 0.0 0.0 0.0 0.0 0.0 0.0 0.0 0.0 0.0 0.5514683907353715 0.35342478894493273 0.0 0.0 0.0 0.0 0.0 0.0 0.0
a1h645fgjr2vnq
your talk touches the heart and circumstances also seems to be such
0.31196909262394584 0.0 0.0 0.0 0.08283041998352432 0.03554004931912944 0.0 0.0 0.0 0.0 0.0 0.0 0.0 0.0 0.5133184890606083 0.0 0.0 0.0 0.0 0.0 0.0 0.0 0.0 0.0 0.0 0.0 0.0 0.0 0.0 0.7257722533044059 0.0 0.3826547670416478 0.2299287880066059 0.0 0.0 0.46894642248815227 0.4652088753077063 0.08998952580926338 0.17890191216326254 0.3284981670156953 0.0 0.0 0.0 0.0 0.0 0.0 0.0 0.0 0.0 0.0 0.0 0.0 0.0 0.0 0.0
a31ikb373dzonk
your talk touches the heart and circumstances also seems to be such
0.31196909262394584 0.0 0.0 0.0 0.08283041998352432 0.03554004931912944 0.0 0.0 0.0 0.0 0.0 0.0 0.0 0.0 0.5133184890606083 0.0 0.0 0.0 0.0 0.0 0.0 0.0 0.0 0.0 0.0 0.0 0.0 0.0 0.0 0.7257722533044059 0.0 0.3826547670416478 0.2299287880066059 0.0 0.0 0.46894642248815227 0.4652088753077063 0.08998952580926338 0.17890191216326254 0.3284981670156953 0.0 0.0 0.0 0.0 0.0 0.0 0.0 0.0 0.0 0.0 0.0 0.0 0.0 0.0 0.0
a6tw9zegog7ph
your talk touches the heart
0.7487258222974701 0.0 0.0 0.0 0.0 0.08529611836591067 0.0 0.0 0.0 0.0 0.0 0.0 0.0 0.0 0.0 0.0 0.0 0.0 0.0 0.0 0.0 0.0 0.0 0.0 0.0 0.0 0.0 0.0 0.0 1.741853407930574 0.0 0.9183714408999547 0.0 0.0 0.0 1.1254714139715654 0.0 0.0 0.0 0.0 0.0 0.0 0.0 0.0 0.0 0.0 0.0 0.0 0.0 0.0 0.0 0.0 0.0 0.0 0.0
aesg4iu5tk1ba
you speak for the heart and situations do too
0.0 0.0 0.0 0.0 0.11044055997803243 0.04738673242550592 0.0 0.0 0.0 0.0 0.0 0.0 0.0 0.0 0.0 0.0 0.0 0.0 0.0 0.0 0.0 0.0 0.557266671558655 0.0 0.0 0.0 0.0 0.35420068019895823 0.0 0.0 0.0 0.5102063560555304 0.0 0.0 0.0 0.0 0.0 0.0 0.0 0.0 0.0 0.0 0.7394603673285916 0.0 0.0 0.0 0.0 0.0 0.6744677455597347 0.21452329990471278 0.35975967282179877 0.0 0.0 0.0 0.0
a2miig4vdudbb6
your talk is near to the heart and situations are also like it
0.28797147011441154 0.0 0.0 0.0 0.07645884921556091 0.0328061993715041 0.0 0.0 0.15578118746358657 0.0 0.0 0.0 0.0 0.0 0.0 0.1620105041425251 0.0 0.0 0.0 0.0 0.0 0.0 0.0 0.0 0.290479460890782 0.0 0.0 0.0 0.0 0.0 0.0 0.35321978496152107 0.21224195815994393 0.0 0.0 0.4328736207582944 0.0 0.08306725459316619 0.0 0.0 0.10052427067958664 0.3873462479499217 0.5119341004582557 0.0 0.0 0.0 0.0 0.0 0.0 0.0 0.0 0.0 0.0 0.0 0.0
a14wwg6nkbdwgp
your speech is from the heart like the situation calls for
0.34032991922612277 0.0 0.0 0.0 0.0 0.07754192578719152 0.3721951384374192 0.0 0.0 0.0 0.0 0.0 0.0 0.0 0.0 0.0 0.0 0.0 0.0 0.0 0.0 0.0 0.0 0.0 0.34329390832546963 0.0 0.0 0.0 0.0 0.0 0.0 0.417441564045434 0.0 0.0 0.0 0.0 0.0 0.0 0.0 0.0 0.11880141080314784 0.0 0.0 0.0 0.0 0.0 0.0 0.0 0.0 0.17551906355840138 0.0 0.477254613624249 0.21935405812982173 0.6004666259438785 0.0
a330jjzgjl7ig2
you are right and circumstances are supporting your argument
0.41595879016526116 0.0 0.0 0.0 0.11044055997803243 0.0 0.0 0.0 0.0 0.0 0.0 0.0 0.0 0.0 0.684424652080811 0.4680303453006281 0.0 0.0 0.0 0.0 0.0 0.0 0.0 0.0 0.0 0.0 0.0 0.35420068019895823 0.0 0.0 0.0 0.0 0.0 0.0 0.0 0.0 0.0 0.0 0.0 0.0 0.0 0.0 0.0 0.5265527917889721 0.7096532577069605 0.8704220335887745 0.0 0.0 0.0 0.0 0.0 0.0 0.0 0.0 0.0
a3andctf0w1pqd
you are right circumstances do support your argument
0.4679536389359188 0.0 0.0 0.0 0.0 0.0 0.0 0.0 0.0 0.0 0.0 0.0 0.0 0.0 0.7699777335909124 0.2632670692316033 0.0 0.0 0.0 0.0 0.0 0.0 0.0 0.0 0.0 0.0 0.0 0.398475765223828 0.0 0.0 0.0 0.0 0.0 0.0 0.0 0.0 0.0 0.0 0.0 0.0 0.0 0.0 0.0 0.5923718907625936 0.0 0.9792247877873713 0.0 0.0 0.0 0.0 0.4047296319245236 0.0 0.0 0.0 0.5909647464470142
a2u5kb76amcgh
you are right circumstances do support your argument
0.4679536389359188 0.0 0.0 0.0 0.0 0.0 0.0 0.0 0.0 0.0 0.0 0.0 0.0 0.0 0.7699777335909124 0.2632670692316033 0.0 0.0 0.0 0.0 0.0 0.0 0.0 0.0 0.0 0.0 0.0 0.398475765223828 0.0 0.0 0.0 0.0 0.0 0.0 0.0 0.0 0.0 0.0 0.0 0.0 0.0 0.0 0.0 0.5923718907625936 0.0 0.9792247877873713 0.0 0.0 0.0 0.0 0.4047296319245236 0.0 0.0 0.0 0.5909647464470142
a3ohqrf1mdq99b
your words touch the heart and the situation seems so
0.37436291114873504 0.0 0.0 0.0 0.09939650398022919 0.08529611836591067 0.40941465228116114 0.0 0.0 0.0 0.0 0.8239263410407135 0.0 0.0 0.0 0.0 0.0 0.0 0.0 0.0 0.0 0.0 0.0 0.0 0.0 0.0 0.0 0.0 0.0 0.0 0.0 0.45918572044997735 0.0 0.0 0.0 0.0 0.5582506503692476 0.0 0.0 0.0 0.0 0.0 0.0 0.0 0.0 0.0 0.5514683907353715 0.35342478894493273 0.0 0.0 0.0 0.0 0.0 0.0 0.0
