tell us what you think give your opinion please post send in let know suggestion aware me about openion inform of suggestions share
tell us what you think
1.020753838895597 0.7316259604494569 0.6164731218665254 0.6375612243581248 0.8357640799721431 0.0 0.0 0.0 0.0 0.0 0.0 0.0 0.0 0.0 0.0 0.0 0.0 0.0 0.0 0.0 0.0 0.0 0.0
give your opinion
0.0 0.0 0.0 0.0 0.0 1.4711143680108003 1.2478763704957834 1.4317524530419794 0.0 0.0 0.0 0.0 0.0 0.0 0.0 0.0 0.0 0.0 0.0 0.0 0.0 0.0 0.0
please post your opinion
0.0 0.0 0.0 0.0 0.0 0.0 0.9359072778718376 1.0738143397814846 1.3286896615353778 1.5733383153379554 0.0 0.0 0.0 0.0 0.0 0.0 0.0 0.0 0.0 0.0 0.0 0.0 0.0
send in your opinion
0.0 0.0 0.0 0.0 0.0 0.0 0.9359072778718376 1.0738143397814846 0.0 0.0 1.4334343683540998 0.25745767561417027 0.0 0.0 0.0 0.0 0.0 0.0 0.0 0.0 0.0 0.0 0.0
a1sanjgoj47idf
let us know your suggestion
0.0 0.7316259604494569 0.0 0.0 0.0 0.0 0.7487258222974701 0.0 0.0 0.0 0.0 0.0 0.9924237354829917 0.891583745724221 1.2288635364382667 0.0 0.0 0.0 0.0 0.0 0.0 0.0 0.0
a353ocl6lm6m4o
aware me about your openion
0.0 0.0 0.0 0.0 0.0 0.0 0.7487258222974701 0.0 0.0 0.0 0.0 0.0 0.0 0.0 0.0 1.1447170203904762 0.9832055140429382 0.6232087511127467 1.741853407930574 0.0 0.0 0.0 0.0
a3bz8b0jpubzqq
inform us of your opinion
0.0 0.7316259604494569 0.0 0.0 0.0 0.0 0.7487258222974701 0.8590514718251876 0.0 0.0 0.0 0.0 0.0 0.0 0.0 0.0 0.0 0.0 0.0 1.3835015140849631 0.16798835651956365 0.0 0.0
a28e6z78qj2yz6
give us your opinion
0.0 0.9145324505618212 0.0 0.0 0.0 1.1033357760081002 0.9359072778718376 1.0738143397814846 0.0 0.0 0.0 0.0 0.0 0.0 0.0 0.0 0.0 0.0 0.0 0.0 0.0 0.0 0.0
a3l62wt9zlhu7v
let us know your suggestions
0.0 0.7316259604494569 0.0 0.0 0.0 0.0 0.7487258222974701 0.0 0.0 0.0 0.0 0.0 0.9924237354829917 0.891583745724221 0.0 0.0 0.0 0.0 0.0 0.0 0.0 1.364439478124098 0.0
a2mrhza4l9w9cl
let us know your suggestions
0.0 0.7316259604494569 0.0 0.0 0.0 0.0 0.7487258222974701 0.0 0.0 0.0 0.0 0.0 0.9924237354829917 0.891583745724221 0.0 0.0 0.0 0.0 0.0 0.0 0.0 1.364439478124098 0.0
a2unp2crnrfiw8
let us know your suggestion
0.0 0.7316259604494569 0.0 0.0 0.0 0.0 0.7487258222974701 0.0 0.0 0.0 0.0 0.0 0.9924237354829917 0.891583745724221 1.2288635364382667 0.0 0.0 0.0 0.0 0.0 0.0 0.0 0.0
at8qsogdc42wo
please share your opinion
0.0 0.0 0.0 0.0 0.0 0.0 0.9359072778718376 1.0738143397814846 1.3286896615353778 0.0 0.0 0.0 0.0 0.0 0.0 0.0 0.0 0.0 0.0 0.0 0.0 0.0 1.6980861068677022
a87c5tu9lryej
inform me of your opinion
0.0 0.0 0.0 0.0 0.0 0.0 0.7487258222974701 0.8590514718251876 0.0 0.0 0.0 0.0 0.0 0.0 0.0 0.0 0.9832055140429382 0.0 0.0 1.3835015140849631 0.16798835651956365 0.0 0.0
a291u81kgj6l9n
aware me about your openion
0.0 0.0 0.0 0.0 0.0 0.0 0.7487258222974701 0.0 0.0 0.0 0.0 0.0 0.0 0.0 0.0 1.1447170203904762 0.9832055140429382 0.6232087511127467 1.741853407930574 0.0 0.0 0.0 0.0
a1kf7gs7yulm10
give us your opinion
0.0 0.9145324505618212 0.0 0.0 0.0 1.1033357760081002 0.9359072778718376 1.0738143397814846 0.0 0.0 0.0 0.0 0.0 0.0 0.0 0.0 0.0 0.0 0.0 0.0 0.0 0.0 0.0
a6tw9zegog7ph
inform us of your opinion
0.0 0.7316259604494569 0.0 0.0 0.0 0.0 0.7487258222974701 0.8590514718251876 0.0 0.0 0.0 0.0 0.0 0.0 0.0 0.0 0.0 0.0 0.0 1.3835015140849631 0.16798835651956365 0.0 0.0
a14b80scbt25dr
inform us of your opinion
0.0 0.7316259604494569 0.0 0.0 0.0 0.0 0.7487258222974701 0.8590514718251876 0.0 0.0 0.0 0.0 0.0 0.0 0.0 0.0 0.0 0.0 0.0 1.3835015140849631 0.16798835651956365 0.0 0.0
a3ohqrf1mdq99b
give us your opinion
0.0 0.9145324505618212 0.0 0.0 0.0 1.1033357760081002 0.9359072778718376 1.0738143397814846 0.0 0.0 0.0 0.0 0.0 0.0 0.0 0.0 0.0 0.0 0.0 0.0 0.0 0.0 0.0
