in 2006 she had earned 1937 million from the confession concerts year confessions tour made 193700000 193 2006s dollars her one ninety three business man travels throughout his normal day when he discovers a flaw work and fixes it goes about through nearly two hundred 193000000 continues going
in 2006 she had earned 1937 million from the confession concerts
0.09362097295060737 0.5455651671409691 0.37624439076676347 0.31465371723105273 0.6657247889575436 0.7751768620780832 0.49013193335725147 0.21935405812982173 0.03877096289359576 0.7121634820271792 0.6351364038101607 0.0 0.0 0.0 0.0 0.0 0.0 0.0 0.0 0.0 0.0 0.0 0.0 0.0 0.0 0.0 0.0 0.0 0.0 0.0 0.0 0.0 0.0 0.0 0.0 0.0 0.0 0.0 0.0 0.0 0.0 0.0 0.0 0.0 0.0 0.0 0.0 0.0
in the year 2006 in confessions tour she made 193700000
0.2059661404913362 0.600121683855066 0.4138688298434398 0.0 0.0 0.0 0.0 0.0 0.042648059182955333 0.0 0.0 0.4209457369322605 0.9625557771527026 0.512574810119676 0.3906886684377074 0.9220092663418861 0.0 0.0 0.0 0.0 0.0 0.0 0.0 0.0 0.0 0.0 0.0 0.0 0.0 0.0 0.0 0.0 0.0 0.0 0.0 0.0 0.0 0.0 0.0 0.0 0.0 0.0 0.0 0.0 0.0 0.0 0.0 0.0
she had earned 1937 million in confession concerts in 2006
0.2059661404913362 0.600121683855066 0.4138688298434398 0.346119088954158 0.732297267853298 0.8526945482858915 0.5391451266929767 0.0 0.0 0.7833798302298971 0.6986500441911767 0.0 0.0 0.0 0.0 0.0 0.0 0.0 0.0 0.0 0.0 0.0 0.0 0.0 0.0 0.0 0.0 0.0 0.0 0.0 0.0 0.0 0.0 0.0 0.0 0.0 0.0 0.0 0.0 0.0 0.0 0.0 0.0 0.0 0.0 0.0 0.0 0.0
she earned 193 million from 2006s confessions concerts
0.0 0.0 0.5173360373042998 0.0 0.9153715848166225 0.0 0.6739314083662208 0.3016118299285049 0.0 0.0 0.8733125552389709 0.0 1.2031947214408782 0.0 0.0 0.0 1.2898381190108714 1.2898381190108714 0.0 0.0 0.0 0.0 0.0 0.0 0.0 0.0 0.0 0.0 0.0 0.0 0.0 0.0 0.0 0.0 0.0 0.0 0.0 0.0 0.0 0.0 0.0 0.0 0.0 0.0 0.0 0.0 0.0 0.0
a3dd3acpmvdvca
in the year 2006 she had earned 1937 million dollars in her confession concerts
0.14711867177952587 0.42865834561076144 0.29562059274531416 0.24722792068154145 0.52306947703807 0.6090675344899225 0.3851036619235547 0.0 0.030462899416396665 0.5595570215927836 0.4990357458508405 0.3006755263801861 0.0 0.0 0.0 0.0 0.0 0.0 0.40195407641841624 0.26891225343293995 0.0 0.0 0.0 0.0 0.0 0.0 0.0 0.0 0.0 0.0 0.0 0.0 0.0 0.0 0.0 0.0 0.0 0.0 0.0 0.0 0.0 0.0 0.0 0.0 0.0 0.0 0.0 0.0
a2jtc8u7z5z9tf
in 2006 in confession concerts she made one ninety three million dollars
0.17163845040944684 0.500101403212555 0.34489069153619983 0.0 0.0 0.0 0.44928760557748054 0.0 0.0 0.6528165251915808 0.5822083701593139 0.0 0.0 0.0 0.32557389036475615 0.0 0.0 0.0 0.46894642248815227 0.0 0.24424964275049418 0.7443675492472567 0.3854144011070226 0.0 0.0 0.0 0.0 0.0 0.0 0.0 0.0 0.0 0.0 0.0 0.0 0.0 0.0 0.0 0.0 0.0 0.0 0.0 0.0 0.0 0.0 0.0 0.0 0.0
a1kpcqmdzmxxzw
the business man travels throughout his normal day when he discovers a flaw in his work and fixes it and goes about his day
0.04290961260236171 0.0 0.0 0.0 0.0 0.0 0.0 0.0 0.01777002465956472 0.0 0.0 0.0 0.0 0.0 0.0 0.0 0.0 0.0 0.0 0.0 0.0 0.0 0.0 0.21953537270155973 0.18731912735849798 0.31442150957696624 0.2500507016062775 0.33380524014813134 0.2573154260706432 0.32653729223151245 0.13572377438235553 0.09895509415118105 0.31442150957696624 0.05907847279882264 0.31442150957696624 0.1732290679329956 0.08283041998352432 0.30309093809848114 0.08438147654277606 0.2523343781269023 0.12983515648182223 0.0 0.0 0.0 0.0 0.0 0.0 0.0
a8v7wa74iohz9
in 2006 she earned 193700000 dollars through confession concerts
0.1144256336062979 0.6668018709500734 0.4598542553815998 0.0 0.8136636309481089 0.0 0.0 0.0 0.0 0.8704220335887745 0.7762778268790852 0.0 0.0 0.0 0.0 1.0244547403798734 0.0 0.0 0.6252618966508696 0.0 0.0 0.0 0.0 0.0 0.0 0.0 0.0 0.0 0.0 0.0 0.0 0.0 0.0 0.0 0.0 0.0 0.0 0.0 0.0 0.0 0.0 0.5265527917889721 0.0 0.0 0.0 0.0 0.0 0.0
adu3xkpx6ttsa
in 2006 she had earned 1937 million dollars from her confession concerts
0.08581922520472342 0.500101403212555 0.34489069153619983 0.288432574128465 0.6102477232110817 0.7105787902382429 0.44928760557748054 0.20107455328566992 0.0 0.6528165251915808 0.5822083701593139 0.0 0.0 0.0 0.0 0.0 0.0 0.0 0.46894642248815227 0.31373096233842995 0.0 0.0 0.0 0.0 0.0 0.0 0.0 0.0 0.0 0.0 0.0 0.0 0.0 0.0 0.0 0.0 0.0 0.0 0.0 0.0 0.0 0.0 0.0 0.0 0.0 0.0 0.0 0.0
a230hf2okthmdz
in the year 2006 she had earned 1937 million dollars in her confession concerts
0.14711867177952587 0.42865834561076144 0.29562059274531416 0.24722792068154145 0.52306947703807 0.6090675344899225 0.3851036619235547 0.0 0.030462899416396665 0.5595570215927836 0.4990357458508405 0.3006755263801861 0.0 0.0 0.0 0.0 0.0 0.0 0.40195407641841624 0.26891225343293995 0.0 0.0 0.0 0.0 0.0 0.0 0.0 0.0 0.0 0.0 0.0 0.0 0.0 0.0 0.0 0.0 0.0 0.0 0.0 0.0 0.0 0.0 0.0 0.0 0.0 0.0 0.0 0.0
a3qu3km3iywhif
in 2006 she earned 1937 million in her confession concerts
0.2059661404913362 0.600121683855066 0.4138688298434398 0.0 0.732297267853298 0.8526945482858915 0.5391451266929767 0.0 0.0 0.7833798302298971 0.6986500441911767 0.0 0.0 0.0 0.0 0.0 0.0 0.0 0.0 0.376477154806116 0.0 0.0 0.0 0.0 0.0 0.0 0.0 0.0 0.0 0.0 0.0 0.0 0.0 0.0 0.0 0.0 0.0 0.0 0.0 0.0 0.0 0.0 0.0 0.0 0.0 0.0 0.0 0.0
a2r89rxgevg05i
in 2006 in confession concerts she made nearly two million dollars
0.18724194590121473 0.5455651671409691 0.37624439076676347 0.0 0.0 0.0 0.49013193335725147 0.0 0.0 0.7121634820271792 0.6351364038101607 0.0 0.0 0.0 0.3551715167615522 0.0 0.0 0.0 0.5115779154416207 0.0 0.0 0.0 0.0 0.0 0.0 0.0 0.0 0.0 0.0 0.0 0.0 0.0 0.0 0.0 0.0 0.0 0.0 0.0 0.0 0.0 0.0 0.0 0.590005777781625 0.33623924959605583 0.0 0.0 0.0 0.0
a1r68balqjp644
in 2006 in confession concerts she made one hundred and ninety three million dollars
0.14711867177952587 0.42865834561076144 0.29562059274531416 0.0 0.0 0.0 0.3851036619235547 0.0 0.0 0.5595570215927836 0.4990357458508405 0.0 0.0 0.0 0.2790633345983624 0.0 0.0 0.0 0.40195407641841624 0.0 0.20935683664328072 0.63802932792622 0.3303552009488765 0.0 0.0 0.0 0.0 0.0 0.0 0.0 0.0 0.0 0.0 0.0 0.0 0.0 0.07099750284302085 0.0 0.0 0.0 0.0 0.0 0.0 0.0 0.42865834561076144 0.0 0.0 0.0
akim9ymeza9pc
in 2006 the confession concerts tour made 193000000
0.12872883780708513 0.7501521048188325 0.0 0.0 0.0 0.0 0.0 0.0 0.05331007397869417 0.9792247877873713 0.8733125552389709 0.0 0.0 0.640718512649595 0.4883608355471342 0.0 0.0 0.0 0.0 0.0 0.0 0.0 0.0 0.0 0.0 0.0 0.0 0.0 0.0 0.0 0.0 0.0 0.0 0.0 0.0 0.0 0.0 0.0 0.0 0.0 0.0 0.0 0.0 0.0 0.0 1.2898381190108714 0.0 0.0
a227cwgbxgw4yh
the business man travels throughout his normal day when he discovers a flaw in his work and fixes it and goes about his day
0.04290961260236171 0.0 0.0 0.0 0.0 0.0 0.0 0.0 0.01777002465956472 0.0 0.0 0.0 0.0 0.0 0.0 0.0 0.0 0.0 0.0 0.0 0.0 0.0 0.0 0.21953537270155973 0.18731912735849798 0.31442150957696624 0.2500507016062775 0.33380524014813134 0.2573154260706432 0.32653729223151245 0.13572377438235553 0.09895509415118105 0.31442150957696624 0.05907847279882264 0.31442150957696624 0.1732290679329956 0.08283041998352432 0.30309093809848114 0.08438147654277606 0.2523343781269023 0.12983515648182223 0.0 0.0 0.0 0.0 0.0 0.0 0.0
a34erkopmv5x3c
the business man travels throughout his normal day when he discovers a flaw in his work he fixes it and goes about his day
0.04290961260236171 0.0 0.0 0.0 0.0 0.0 0.0 0.0 0.01777002465956472 0.0 0.0 0.0 0.0 0.0 0.0 0.0 0.0 0.0 0.0 0.0 0.0 0.0 0.0 0.21953537270155973 0.18731912735849798 0.31442150957696624 0.2500507016062775 0.33380524014813134 0.2573154260706432 0.32653729223151245 0.13572377438235553 0.1979101883023621 0.31442150957696624 0.05907847279882264 0.31442150957696624 0.1732290679329956 0.04141520999176216 0.30309093809848114 0.08438147654277606 0.2523343781269023 0.12983515648182223 0.0 0.0 0.0 0.0 0.0 0.0 0.0
a2190f96xfy41l
the business man travels through his normal day when he discovers a flaw in his work he fixes it and continues going about his day
0.04119322809826724 0.0 0.0 0.0 0.0 0.0 0.0 0.0 0.017059223673182133 0.0 0.0 0.0 0.0 0.0 0.0 0.0 0.0 0.0 0.0 0.0 0.0 0.0 0.0 0.21075395779349734 0.17982636226415807 0.3018446491938876 0.0 0.3204530305422061 0.2470228090278175 0.313475800542252 0.1302948234070613 0.18999378077026763 0.3018446491938876 0.05671533388686974 0.3018446491938876 0.16629990521567578 0.03975860159209168 0.2909673005745419 0.08100621748106501 0.0 0.12464175022254934 0.18955900504402995 0.0 0.0 0.0 0.0 0.2554751727745058 0.17820295105955494
arq4j4tltpbnc
in 2006 she earned 193700000 through the confession concerts
0.1144256336062979 0.6668018709500734 0.4598542553815998 0.0 0.8136636309481089 0.0 0.0 0.0 0.04738673242550592 0.8704220335887745 0.7762778268790852 0.0 0.0 0.0 0.0 1.0244547403798734 0.0 0.0 0.0 0.0 0.0 0.0 0.0 0.0 0.0 0.0 0.0 0.0 0.0 0.0 0.0 0.0 0.0 0.0 0.0 0.0 0.0 0.0 0.0 0.0 0.0 0.5265527917889721 0.0 0.0 0.0 0.0 0.0 0.0
