are internal turmoil and separatist movements in india reflective of the indian anxiety is impatience not an indication its chaos indias disorder a reflection frustration does it indicate conflict his nervousness about separation show political war individualism shows trouble do internally opposed disturbed situation n this marks mazhar facets strife that
are internal turmoil and separatist movements in india reflective of the indian anxiety
0.1620105041425251 0.4637111931491215 0.513932214796968 0.07645884921556091 0.5595525011048883 0.5559740383637426 0.07921774634282162 0.2318089797456872 0.7937465347759208 0.06461090635367833 0.0328061993715041 0.28754352421554014 0.5374231109162898 0.0 0.0 0.0 0.0 0.0 0.0 0.0 0.0 0.0 0.0 0.0 0.0 0.0 0.0 0.0 0.0 0.0 0.0 0.0 0.0 0.0 0.0 0.0 0.0 0.0 0.0 0.0 0.0 0.0 0.0 0.0 0.0 0.0 0.0 0.0 0.0 0.0 0.0
is the indian impatience not an indication of its internal chaos and separatist movements
0.0 0.4305889650670414 0.0 0.07099750284302085 0.519584465311682 0.5162616070520467 0.0 0.0 0.0 0.05999584161412987 0.030462899416396665 0.26700470105728724 0.0 0.09334396563104473 0.737050353720498 0.15290196344552598 0.21074037612682783 0.6220905028323479 0.23670164016957934 0.5436181964989115 0.0 0.0 0.0 0.0 0.0 0.0 0.0 0.0 0.0 0.0 0.0 0.0 0.0 0.0 0.0 0.0 0.0 0.0 0.0 0.0 0.0 0.0 0.0 0.0 0.0 0.0 0.0 0.0 0.0 0.0 0.0
are indias internal disorder and separatist movements not a reflection of its frustration
0.1620105041425251 0.4637111931491215 0.0 0.07645884921556091 0.5595525011048883 0.5559740383637426 0.0 0.0 0.0 0.06461090635367833 0.0 0.0 0.0 0.0 0.0 0.16466365294133567 0.0 0.0 0.25490945864416237 0.0 0.44675734196693234 0.6440611386947429 0.1090679497824418 0.5559740383637426 0.7937465347759208 0.0 0.0 0.0 0.0 0.0 0.0 0.0 0.0 0.0 0.0 0.0 0.0 0.0 0.0 0.0 0.0 0.0 0.0 0.0 0.0 0.0 0.0 0.0 0.0 0.0 0.0
does it indicate indias internal conflict and his nervousness about separatist movements
0.0 0.502353792578215 0.0 0.08283041998352432 0.6061818761969623 0.6023052082273879 0.0 0.0 0.0 0.0 0.0 0.0 0.0 0.0 0.0 0.0 0.0 0.0 0.0 0.0 0.48398712046417675 0.0 0.0 0.0 0.0 0.34950179676606385 0.16876295308555211 0.6680099882577437 0.5095010277246671 0.2225368267654209 0.859892079340581 0.25967031296364446 0.0 0.0 0.0 0.0 0.0 0.0 0.0 0.0 0.0 0.0 0.0 0.0 0.0 0.0 0.0 0.0 0.0 0.0 0.0
a28z6a8uc4er3x
is the internal chaos and separation movements of india not the show of indias anxiety
0.0 0.401883034062572 0.0 0.06626433598681945 0.0 0.4818441665819103 0.0 0.20090111577959557 0.0 0.1119922376797091 0.05686407891060711 0.0 0.46576669612745114 0.08712103458897508 0.0 0.14270849921582424 0.0 0.0 0.0 0.5073769833989841 0.3871896963713414 0.0 0.0 0.0 0.0 0.0 0.0 0.0 0.0 0.0 0.0 0.0 0.44540791949070563 0.3247978386947107 0.0 0.0 0.0 0.0 0.0 0.0 0.0 0.0 0.0 0.0 0.0 0.0 0.0 0.0 0.0 0.0 0.0
ayowrg5s0py3f
does the internal political war and individualism shows the india is in trouble
0.0 0.4637111931491215 0.0 0.07645884921556091 0.0 0.0 0.07921774634282162 0.2318089797456872 0.0 0.0 0.0656123987430082 0.0 0.0 0.10052427067958664 0.0 0.0 0.0 0.0 0.0 0.0 0.0 0.0 0.0 0.0 0.0 0.32261704316867434 0.0 0.0 0.0 0.0 0.0 0.0 0.0 0.0 0.29003737302496907 0.2792577106261699 0.6871085069974677 0.4658480826958196 0.5672512286861946 0.0 0.0 0.0 0.0 0.0 0.0 0.0 0.0 0.0 0.0 0.0 0.0
a3dd3acpmvdvca
do the internally opposed and separatist movements of india show the disturbed situation n india
0.0 0.0 0.0 0.06626433598681945 0.4849455009575699 0.4818441665819103 0.0 0.40180223155919115 0.0 0.05599611883985455 0.05686407891060711 0.0 0.0 0.0 0.0 0.0 0.0 0.0 0.0 0.0 0.0 0.0 0.0 0.0 0.0 0.0 0.0 0.0 0.0 0.0 0.0 0.0 0.0 0.3247978386947107 0.0 0.0 0.0 0.0 0.0 0.21585580369307925 0.5414320249833834 0.499032773868717 0.5073769833989841 0.27294310152077406 0.4707072276043659 0.0 0.0 0.0 0.0 0.0 0.0
a3kwcqj39dxkt4
this marks the anxiety of the mazhar facets
0.0 0.0 0.0 0.0 0.0 0.0 0.0 0.0 0.0 0.10499272282472728 0.10662014795738833 0.0 0.8733125552389709 0.0 0.0 0.0 0.0 0.0 0.0 0.0 0.0 0.0 0.0 0.0 0.0 0.0 0.0 0.0 0.0 0.0 0.0 0.0 0.0 0.0 0.0 0.0 0.0 0.0 0.0 0.0 0.0 0.0 0.0 0.0 0.0 0.21418761041850248 1.1525115829273576 0.8196881045491761 1.2031947214408782 0.0 0.0
a230hf2okthmdz
is the internal chaos and separation movements of india not the show of indias anxiety
0.0 0.401883034062572 0.0 0.06626433598681945 0.0 0.4818441665819103 0.0 0.20090111577959557 0.0 0.1119922376797091 0.05686407891060711 0.0 0.46576669612745114 0.08712103458897508 0.0 0.14270849921582424 0.0 0.0 0.0 0.5073769833989841 0.3871896963713414 0.0 0.0 0.0 0.0 0.0 0.0 0.0 0.0 0.0 0.0 0.0 0.44540791949070563 0.3247978386947107 0.0 0.0 0.0 0.0 0.0 0.0 0.0 0.0 0.0 0.0 0.0 0.0 0.0 0.0 0.0 0.0 0.0
a143awku99stc9
does not the internal chaos and separation movements in india show indias anxiety
0.0 0.4637111931491215 0.0 0.07645884921556091 0.0 0.5559740383637426 0.07921774634282162 0.2318089797456872 0.0 0.0 0.0328061993715041 0.0 0.5374231109162898 0.0 0.0 0.16466365294133567 0.0 0.0 0.0 0.5854349808449816 0.44675734196693234 0.0 0.0 0.0 0.0 0.32261704316867434 0.0 0.0 0.0 0.0 0.0 0.0 0.513932214796968 0.37476673695543544 0.0 0.0 0.0 0.0 0.0 0.0 0.0 0.0 0.0 0.0 0.0 0.0 0.0 0.0 0.0 0.0 0.0
a26u4l29j7f862
do not the internal chaos and separation movements of india show indias anxiety
0.0 0.4637111931491215 0.0 0.07645884921556091 0.0 0.5559740383637426 0.0 0.2318089797456872 0.0 0.06461090635367833 0.0328061993715041 0.0 0.5374231109162898 0.0 0.0 0.16466365294133567 0.0 0.0 0.0 0.5854349808449816 0.44675734196693234 0.0 0.0 0.0 0.0 0.0 0.0 0.0 0.0 0.0 0.0 0.0 0.513932214796968 0.37476673695543544 0.0 0.0 0.0 0.0 0.0 0.2490643888766299 0.0 0.0 0.0 0.0 0.0 0.0 0.0 0.0 0.0 0.0 0.0
a1ezv3q6pgmqty
does the internal political strife and individualism show that india is in trouble
0.0 0.4637111931491215 0.0 0.07645884921556091 0.0 0.0 0.07921774634282162 0.2318089797456872 0.0 0.0 0.0328061993715041 0.0 0.0 0.10052427067958664 0.0 0.0 0.0 0.0 0.0 0.0 0.0 0.0 0.0 0.0 0.0 0.32261704316867434 0.0 0.0 0.0 0.0 0.0 0.0 0.0 0.37476673695543544 0.29003737302496907 0.0 0.6871085069974677 0.0 0.5672512286861946 0.0 0.0 0.0 0.0 0.0 0.0 0.0 0.0 0.0 0.0 0.7404275208866943 0.09292880186613844
a1dndzlo2d5d48
does the internal political war and individualism show that india is in trouble
0.0 0.4637111931491215 0.0 0.07645884921556091 0.0 0.0 0.07921774634282162 0.2318089797456872 0.0 0.0 0.0328061993715041 0.0 0.0 0.10052427067958664 0.0 0.0 0.0 0.0 0.0 0.0 0.0 0.0 0.0 0.0 0.0 0.32261704316867434 0.0 0.0 0.0 0.0 0.0 0.0 0.0 0.37476673695543544 0.29003737302496907 0.2792577106261699 0.6871085069974677 0.0 0.5672512286861946 0.0 0.0 0.0 0.0 0.0 0.0 0.0 0.0 0.0 0.0 0.0 0.09292880186613844
attzel5iaoiw5
does the internal political war and individualism show that india is in trouble
0.0 0.4637111931491215 0.0 0.07645884921556091 0.0 0.0 0.07921774634282162 0.2318089797456872 0.0 0.0 0.0328061993715041 0.0 0.0 0.10052427067958664 0.0 0.0 0.0 0.0 0.0 0.0 0.0 0.0 0.0 0.0 0.0 0.32261704316867434 0.0 0.0 0.0 0.0 0.0 0.0 0.0 0.37476673695543544 0.29003737302496907 0.2792577106261699 0.6871085069974677 0.0 0.5672512286861946 0.0 0.0 0.0 0.0 0.0 0.0 0.0 0.0 0.0 0.0 0.0 0.09292880186613844
ajfwu2g6a1bhs
do the internally opposed and separatist movements of india show the disturbed situation n india
0.0 0.0 0.0 0.06626433598681945 0.4849455009575699 0.4818441665819103 0.0 0.40180223155919115 0.0 0.05599611883985455 0.05686407891060711 0.0 0.0 0.0 0.0 0.0 0.0 0.0 0.0 0.0 0.0 0.0 0.0 0.0 0.0 0.0 0.0 0.0 0.0 0.0 0.0 0.0 0.0 0.3247978386947107 0.0 0.0 0.0 0.0 0.0 0.21585580369307925 0.5414320249833834 0.499032773868717 0.5073769833989841 0.27294310152077406 0.4707072276043659 0.0 0.0 0.0 0.0 0.0 0.0
a279zamy03pduy
do the internally opposed and separatist movements of india show the disturbed situation n india
0.0 0.0 0.0 0.06626433598681945 0.4849455009575699 0.4818441665819103 0.0 0.40180223155919115 0.0 0.05599611883985455 0.05686407891060711 0.0 0.0 0.0 0.0 0.0 0.0 0.0 0.0 0.0 0.0 0.0 0.0 0.0 0.0 0.0 0.0 0.0 0.0 0.0 0.0 0.0 0.0 0.3247978386947107 0.0 0.0 0.0 0.0 0.0 0.21585580369307925 0.5414320249833834 0.499032773868717 0.5073769833989841 0.27294310152077406 0.4707072276043659 0.0 0.0 0.0 0.0 0.0 0.0
a1ly3njtyw9tff
do the internally opposed and separatist movements of india show the disturbed situation in india
0.0 0.0 0.0 0.06626433598681945 0.4849455009575699 0.4818441665819103 0.06865538016377874 0.40180223155919115 0.0 0.05599611883985455 0.05686407891060711 0.0 0.0 0.0 0.0 0.0 0.0 0.0 0.0 0.0 0.0 0.0 0.0 0.0 0.0 0.0 0.0 0.0 0.0 0.0 0.0 0.0 0.0 0.3247978386947107 0.0 0.0 0.0 0.0 0.0 0.21585580369307925 0.5414320249833834 0.499032773868717 0.5073769833989841 0.27294310152077406 0.0 0.0 0.0 0.0 0.0 0.0 0.0
a1aklmhymfgmc2
this marks the anxiety of the mazhar facets
0.0 0.0 0.0 0.0 0.0 0.0 0.0 0.0 0.0 0.10499272282472728 0.10662014795738833 0.0 0.8733125552389709 0.0 0.0 0.0 0.0 0.0 0.0 0.0 0.0 0.0 0.0 0.0 0.0 0.0 0.0 0.0 0.0 0.0 0.0 0.0 0.0 0.0 0.0 0.0 0.0 0.0 0.0 0.0 0.0 0.0 0.0 0.0 0.0 0.21418761041850248 1.1525115829273576 0.8196881045491761 1.2031947214408782 0.0 0.0
