seeing the lines across first two exits i had not taken them did take due to long of traffic otherwise an exit after a huge queue over there and didnt see in that come nor previous waiting at avail lanes vehicles couldnt for when saw would have wasnt able get off from all blocking way
seeing the lines across the first two exits i had not taken them
0.5080871450294355 0.0656123987430082 0.4841040970270632 0.492821688204525 0.3015469244270587 0.28451013427358574 0.6337894931082412 0.24984468037128416 0.26624545304166003 0.16466365294133567 0.33422271847828533 0.262457705649109 0.0 0.0 0.0 0.0 0.0 0.0 0.0 0.0 0.0 0.0 0.0 0.0 0.0 0.0 0.0 0.0 0.0 0.0 0.0 0.0 0.0 0.0 0.0 0.0 0.0 0.0 0.0 0.0 0.0 0.0 0.0 0.0 0.0 0.0 0.0 0.0 0.0 0.0 0.0 0.0 0.0 0.0 0.0
i did not take the first two exits due to long lines of traffic
0.0 0.030462899416396665 0.44952523295370156 0.0 0.2800078583965545 0.2641879818254725 0.5885188150290811 0.2319986317733353 0.0 0.15290196344552598 0.0 0.0 0.28831701465649745 0.27574047633872717 0.31089701521166274 0.07713387926508289 0.34209113318396767 0.05999584161412987 0.46839320259952916 0.0 0.0 0.0 0.0 0.0 0.0 0.0 0.0 0.0 0.0 0.0 0.0 0.0 0.0 0.0 0.0 0.0 0.0 0.0 0.0 0.0 0.0 0.0 0.0 0.0 0.0 0.0 0.0 0.0 0.0 0.0 0.0 0.0 0.0 0.0 0.0
otherwise i did not take the first two exits due to lines of traffic
0.0 0.030462899416396665 0.44952523295370156 0.0 0.2800078583965545 0.2641879818254725 0.5885188150290811 0.2319986317733353 0.0 0.15290196344552598 0.0 0.0 0.28831701465649745 0.27574047633872717 0.31089701521166274 0.07713387926508289 0.0 0.05999584161412987 0.46839320259952916 0.4164334701682022 0.0 0.0 0.0 0.0 0.0 0.0 0.0 0.0 0.0 0.0 0.0 0.0 0.0 0.0 0.0 0.0 0.0 0.0 0.0 0.0 0.0 0.0 0.0 0.0 0.0 0.0 0.0 0.0 0.0 0.0 0.0 0.0 0.0 0.0 0.0
i had not taken an exit after seeing a huge queue over there
0.5080871450294355 0.0 0.0 0.0 0.0 0.0 0.0 0.24984468037128416 0.26624545304166003 0.16466365294133567 0.33422271847828533 0.0 0.0 0.0 0.0 0.0 0.0 0.0 0.0 0.0 0.22695117429042996 0.5247844146631147 0.22951715947808896 0.1090679497824418 0.5044234489533391 0.7937465347759208 0.2873304407637082 0.22030653867099767 0.0 0.0 0.0 0.0 0.0 0.0 0.0 0.0 0.0 0.0 0.0 0.0 0.0 0.0 0.0 0.0 0.0 0.0 0.0 0.0 0.0 0.0 0.0 0.0 0.0 0.0 0.0
a3hs2e871iw2fi
and i didnt see the lines in that exit
0.0 0.04738673242550592 0.6992614734835357 0.0 0.0 0.0 0.0 0.3608867605362993 0.0 0.0 0.0 0.0 0.0 0.0 0.0 0.0 0.0 0.0 0.0 0.0 0.0 0.7580219322911657 0.0 0.0 0.0 0.0 0.0 0.0 0.11044055997803243 0.7074956926117271 0.49788605610233677 0.1144256336062979 0.1342304915844222 0.0 0.0 0.0 0.0 0.0 0.0 0.0 0.0 0.0 0.0 0.0 0.0 0.0 0.0 0.0 0.0 0.0 0.0 0.0 0.0 0.0 0.0
a172x4w90uost1
i had not come across the exit first nor the long lines
0.0 0.07108009863825888 0.5244461051126518 0.5338901622215687 0.3266758347959803 0.0 0.0 0.2706650704022245 0.288432574128465 0.1783856240197803 0.0 0.0 0.0 0.0 0.0 0.0 0.39910632204796226 0.0 0.0 0.0 0.0 0.5685164492183742 0.0 0.0 0.0 0.0 0.0 0.0 0.0 0.0 0.0 0.0 0.0 0.3657596507247563 0.4299708044060368 0.0 0.0 0.0 0.0 0.0 0.0 0.0 0.0 0.0 0.0 0.0 0.0 0.0 0.0 0.0 0.0 0.0 0.0 0.0 0.0
a3dd3acpmvdvca
otherwise i had not taken the previous two exits seeing the lines waiting at them
0.44034219235884414 0.05686407891060711 0.41955688409012143 0.0 0.0 0.2465754497037743 0.5492842273604757 0.2165320563217796 0.230746059302772 0.14270849921582424 0.2896596893478473 0.22746334489589445 0.0 0.0 0.0 0.0 0.0 0.0 0.0 0.3886712388236554 0.0 0.0 0.0 0.0 0.0 0.0 0.0 0.0 0.0 0.0 0.0 0.0 0.0 0.0 0.0 0.4046806473358408 0.40097599059218675 0.206506656926965 0.0 0.0 0.0 0.0 0.0 0.0 0.0 0.0 0.0 0.0 0.0 0.0 0.0 0.0 0.0 0.0 0.0
a8v7wa74iohz9
otherwise i did not avail the first two exit due to the long lanes of vehicles
0.0 0.05331007397869417 0.0 0.0 0.2450068760969852 0.2311644840972884 0.0 0.20299880280166838 0.0 0.13378921801483523 0.0 0.0 0.25227738782443526 0.0 0.2720348883102049 0.06749214435694753 0.2993297415359717 0.05249636141236364 0.0 0.3643792863971769 0.0 0.42638733691378067 0.0 0.0 0.0 0.0 0.0 0.0 0.0 0.0 0.0 0.0 0.0 0.0 0.0 0.0 0.0 0.0 0.6449190595054357 0.6015973607204391 0.41756992452253655 0.0 0.0 0.0 0.0 0.0 0.0 0.0 0.0 0.0 0.0 0.0 0.0 0.0 0.0
a1b6zigmal4vx5
i couldnt see the traffic lines for that exit
0.0 0.04738673242550592 0.6992614734835357 0.0 0.0 0.0 0.0 0.3608867605362993 0.0 0.0 0.0 0.0 0.0 0.0 0.0 0.0 0.0 0.0 0.7286116484881565 0.0 0.0 0.7580219322911657 0.0 0.0 0.0 0.0 0.0 0.0 0.0 0.0 0.49788605610233677 0.0 0.1342304915844222 0.0 0.0 0.0 0.0 0.0 0.0 0.0 0.0 0.7845120460072765 0.21452329990471278 0.0 0.0 0.0 0.0 0.0 0.0 0.0 0.0 0.0 0.0 0.0 0.0
a230hf2okthmdz
and i didnt see the lines in that exit
0.0 0.04738673242550592 0.6992614734835357 0.0 0.0 0.0 0.0 0.3608867605362993 0.0 0.0 0.0 0.0 0.0 0.0 0.0 0.0 0.0 0.0 0.0 0.0 0.0 0.7580219322911657 0.0 0.0 0.0 0.0 0.0 0.0 0.11044055997803243 0.7074956926117271 0.49788605610233677 0.1144256336062979 0.1342304915844222 0.0 0.0 0.0 0.0 0.0 0.0 0.0 0.0 0.0 0.0 0.0 0.0 0.0 0.0 0.0 0.0 0.0 0.0 0.0 0.0 0.0 0.0
a34erkopmv5x3c
i didnt see the lines at that exit
0.0 0.05331007397869417 0.7866691576689777 0.0 0.0 0.0 0.0 0.40599760560333675 0.0 0.0 0.0 0.0 0.0 0.0 0.0 0.0 0.0 0.0 0.0 0.0 0.0 0.8527746738275613 0.0 0.0 0.0 0.0 0.0 0.0 0.0 0.7959326541881929 0.5601218131151289 0.0 0.15100930303247498 0.0 0.0 0.0 0.0 0.38719998173805936 0.0 0.0 0.0 0.0 0.0 0.0 0.0 0.0 0.0 0.0 0.0 0.0 0.0 0.0 0.0 0.0 0.0
a1kf7gs7yulm10
i had not come across the exit first nor the long lines
0.0 0.07108009863825888 0.5244461051126518 0.5338901622215687 0.3266758347959803 0.0 0.0 0.2706650704022245 0.288432574128465 0.1783856240197803 0.0 0.0 0.0 0.0 0.0 0.0 0.39910632204796226 0.0 0.0 0.0 0.0 0.5685164492183742 0.0 0.0 0.0 0.0 0.0 0.0 0.0 0.0 0.0 0.0 0.0 0.3657596507247563 0.4299708044060368 0.0 0.0 0.0 0.0 0.0 0.0 0.0 0.0 0.0 0.0 0.0 0.0 0.0 0.0 0.0 0.0 0.0 0.0 0.0 0.0
a2qxd8jqk5bvez
i had not come across the exit first nor the long lines
0.0 0.07108009863825888 0.5244461051126518 0.5338901622215687 0.3266758347959803 0.0 0.0 0.2706650704022245 0.288432574128465 0.1783856240197803 0.0 0.0 0.0 0.0 0.0 0.0 0.39910632204796226 0.0 0.0 0.0 0.0 0.5685164492183742 0.0 0.0 0.0 0.0 0.0 0.0 0.0 0.0 0.0 0.0 0.0 0.3657596507247563 0.4299708044060368 0.0 0.0 0.0 0.0 0.0 0.0 0.0 0.0 0.0 0.0 0.0 0.0 0.0 0.0 0.0 0.0 0.0 0.0 0.0 0.0
a396ko3shx4udi
i had not come across the exit first nor the long lines
0.0 0.07108009863825888 0.5244461051126518 0.5338901622215687 0.3266758347959803 0.0 0.0 0.2706650704022245 0.288432574128465 0.1783856240197803 0.0 0.0 0.0 0.0 0.0 0.0 0.39910632204796226 0.0 0.0 0.0 0.0 0.5685164492183742 0.0 0.0 0.0 0.0 0.0 0.0 0.0 0.0 0.0 0.0 0.0 0.3657596507247563 0.4299708044060368 0.0 0.0 0.0 0.0 0.0 0.0 0.0 0.0 0.0 0.0 0.0 0.0 0.0 0.0 0.0 0.0 0.0 0.0 0.0 0.0
al2rcq9eyun61
i had not taken the previous two exits seeing the lines of traffic there
0.47179520609876163 0.06092579883279333 0.44952523295370156 0.0 0.0 0.2641879818254725 0.5885188150290811 0.2319986317733353 0.24722792068154145 0.15290196344552598 0.3103496671584078 0.0 0.0 0.0 0.0 0.0 0.0 0.05999584161412987 0.46839320259952916 0.0 0.0 0.0 0.0 0.0 0.0 0.0 0.0 0.20457035733735499 0.0 0.0 0.0 0.0 0.0 0.0 0.0 0.43358640785982944 0.0 0.0 0.0 0.0 0.0 0.0 0.0 0.0 0.0 0.0 0.0 0.0 0.0 0.0 0.0 0.0 0.0 0.0 0.0
a1dndzlo2d5d48
when i saw the lines waiting at them i had not taken the previous two exits
0.0 0.05331007397869417 0.39333457883448886 0.0 0.0 0.2311644840972884 0.514953963150446 0.40599760560333675 0.21632443059634876 0.13378921801483523 0.27155595876360683 0.21324688583990106 0.0 0.0 0.0 0.0 0.0 0.0 0.0 0.0 0.0 0.0 0.0 0.0 0.0 0.0 0.0 0.0 0.0 0.0 0.0 0.0 0.0 0.0 0.0 0.37938810687735075 0.3759149911801751 0.19359999086902968 0.0 0.0 0.0 0.0 0.0 0.2035856615735333 0.4029689963236925 0.0 0.0 0.0 0.0 0.0 0.0 0.0 0.0 0.0 0.0
a291u81kgj6l9n
otherwise i would have not taken the previous two exits seeing the lines waiting at them
0.4128208053364164 0.05331007397869417 0.39333457883448886 0.0 0.0 0.2311644840972884 0.514953963150446 0.20299880280166838 0.0 0.13378921801483523 0.27155595876360683 0.21324688583990106 0.0 0.0 0.0 0.0 0.0 0.0 0.0 0.3643792863971769 0.0 0.0 0.0 0.0 0.0 0.0 0.0 0.0 0.0 0.0 0.0 0.0 0.0 0.0 0.0 0.37938810687735075 0.3759149911801751 0.19359999086902968 0.0 0.0 0.0 0.0 0.0 0.0 0.0 0.21619312802704804 0.14299812674927684 0.0 0.0 0.0 0.0 0.0 0.0 0.0 0.0
a29vl1u4i9f3pd
i wasnt able to get off from two of the exits due to all the vehicles blocking the way
0.0 0.06733904081519264 0.0 0.0 0.0 0.19466482871350602 0.43364544265300714 0.17094636025403653 0.0 0.0 0.0 0.0 0.0 0.0 0.2290820112085936 0.11367097996959584 0.0 0.04420746224199044 0.0 0.0 0.0 0.0 0.0 0.0 0.0 0.0 0.0 0.0 0.0 0.0 0.0 0.0 0.0 0.0 0.0 0.0 0.0 0.0 0.0 0.0 0.35163783117687286 0.0 0.0 0.0 0.0 0.0 0.0 0.3716109691613415 0.28530869221768734 0.22894723116324234 0.29617668788725404 0.1269944547067389 0.1654323809717236 0.5430897343203669 0.23185273402361584
