tell us what you think about this give your opinion please post on issue send in let know of comments regarding matter inform the subject do with regard
tell us what you think about this
0.7291098849254265 0.5225899717496121 0.44033794419037525 0.45540087454151773 0.596974342837245 0.4451491079376762 0.24478584047828855 0.0 0.0 0.0 0.0 0.0 0.0 0.0 0.0 0.0 0.0 0.0 0.0 0.0 0.0 0.0 0.0 0.0 0.0 0.0 0.0 0.0
give your opinion about this
0.0 0.0 0.0 0.0 0.0 0.6232087511127467 0.34270017666960395 0.8826686208064801 0.7487258222974701 0.8590514718251876 0.0 0.0 0.0 0.0 0.0 0.0 0.0 0.0 0.0 0.0 0.0 0.0 0.0 0.0 0.0 0.0 0.0 0.0
please post your opinion on this issue
0.0 0.0 0.0 0.0 0.0 0.0 0.24478584047828855 0.0 0.5348041587839072 0.6136081941608483 0.759251235163073 0.8990504659074031 0.2675725374822576 0.7122837369745145 0.0 0.0 0.0 0.0 0.0 0.0 0.0 0.0 0.0 0.0 0.0 0.0 0.0 0.0
please send in your opinion
0.0 0.0 0.0 0.0 0.0 0.0 0.0 0.0 0.7487258222974701 0.8590514718251876 1.0629517292283022 0.0 0.0 0.0 1.1467474946832799 0.2059661404913362 0.0 0.0 0.0 0.0 0.0 0.0 0.0 0.0 0.0 0.0 0.0 0.0
a1wyssw33m2fz2
let us know of your comments regarding this matter
0.0 0.40645886691636496 0.0 0.0 0.0 0.0 0.19038898703866888 0.0 0.41595879016526116 0.0 0.0 0.0 0.0 0.0 0.0 0.0 0.5513465197127732 0.49532430318012277 0.09332686473309092 0.6294160668810497 0.5958753216095233 0.5442411058682983 0.0 0.0 0.0 0.0 0.0 0.0
a3sw1e5d0b9v9a
inform us about your opinion on the subject
0.0 0.4572662252809106 0.0 0.0 0.0 0.38950546944546666 0.0 0.0 0.4679536389359188 0.5369071698907423 0.0 0.0 0.2341259702969754 0.0 0.0 0.0 0.0 0.0 0.0 0.0 0.0 0.0 0.8646884463031019 0.05331007397869417 0.8490430534338511 0.0 0.0 0.0
a3dd3acpmvdvca
let us know about your opinion on this issue
0.0 0.40645886691636496 0.0 0.0 0.0 0.3462270839515259 0.19038898703866888 0.0 0.41595879016526116 0.4772508176806598 0.0 0.0 0.20811197359731148 0.5539984620912891 0.0 0.0 0.5513465197127732 0.49532430318012277 0.0 0.0 0.0 0.0 0.0 0.0 0.0 0.0 0.0 0.0
a8v7wa74iohz9
do inform us with your opinion in this regard
0.0 0.40645886691636496 0.0 0.0 0.0 0.0 0.19038898703866888 0.0 0.41595879016526116 0.4772508176806598 0.0 0.0 0.0 0.0 0.0 0.1144256336062979 0.0 0.0 0.0 0.0 0.0 0.0 0.7686119522694239 0.0 0.0 0.35975967282179877 0.2611539391193615 0.6760664941655236
ah8lf01ktxfg0
let us know of your comments regarding this matter
0.0 0.40645886691636496 0.0 0.0 0.0 0.0 0.19038898703866888 0.0 0.41595879016526116 0.0 0.0 0.0 0.0 0.0 0.0 0.0 0.5513465197127732 0.49532430318012277 0.09332686473309092 0.6294160668810497 0.5958753216095233 0.5442411058682983 0.0 0.0 0.0 0.0 0.0 0.0
a2rcbwy8ulhnj0
let us know of your comments regarding this matter
0.0 0.40645886691636496 0.0 0.0 0.0 0.0 0.19038898703866888 0.0 0.41595879016526116 0.0 0.0 0.0 0.0 0.0 0.0 0.0 0.5513465197127732 0.49532430318012277 0.09332686473309092 0.6294160668810497 0.5958753216095233 0.5442411058682983 0.0 0.0 0.0 0.0 0.0 0.0
aa1hdtufsq32b
let us know of your comments regarding this matter
0.0 0.40645886691636496 0.0 0.0 0.0 0.0 0.19038898703866888 0.0 0.41595879016526116 0.0 0.0 0.0 0.0 0.0 0.0 0.0 0.5513465197127732 0.49532430318012277 0.09332686473309092 0.6294160668810497 0.5958753216095233 0.5442411058682983 0.0 0.0 0.0 0.0 0.0 0.0
aa1hdtufsq32b
inform us about your opinion on the subject
0.0 0.4572662252809106 0.0 0.0 0.0 0.38950546944546666 0.0 0.0 0.4679536389359188 0.5369071698907423 0.0 0.0 0.2341259702969754 0.0 0.0 0.0 0.0 0.0 0.0 0.0 0.0 0.0 0.8646884463031019 0.05331007397869417 0.8490430534338511 0.0 0.0 0.0
a1395pss402i1j
inform us about your opinion on the subject
0.0 0.4572662252809106 0.0 0.0 0.0 0.38950546944546666 0.0 0.0 0.4679536389359188 0.5369071698907423 0.0 0.0 0.2341259702969754 0.0 0.0 0.0 0.0 0.0 0.0 0.0 0.0 0.0 0.8646884463031019 0.05331007397869417 0.8490430534338511 0.0 0.0 0.0
a227cwgbxgw4yh
tell us about your opinion on the subject
0.6379711493097482 0.4572662252809106 0.0 0.0 0.0 0.38950546944546666 0.0 0.0 0.4679536389359188 0.5369071698907423 0.0 0.0 0.2341259702969754 0.0 0.0 0.0 0.0 0.0 0.0 0.0 0.0 0.0 0.0 0.05331007397869417 0.8490430534338511 0.0 0.0 0.0
a2972la74szew
let us know your opinion on this issue
0.0 0.4572662252809106 0.0 0.0 0.0 0.0 0.21418761041850248 0.0 0.4679536389359188 0.5369071698907423 0.0 0.0 0.2341259702969754 0.6232482698527002 0.0 0.0 0.6202648346768698 0.5572398410776381 0.0 0.0 0.0 0.0 0.0 0.0 0.0 0.0 0.0 0.0
a20ubr5wdkookg
let us know about your opinion on this issue
0.0 0.40645886691636496 0.0 0.0 0.0 0.3462270839515259 0.19038898703866888 0.0 0.41595879016526116 0.4772508176806598 0.0 0.0 0.20811197359731148 0.5539984620912891 0.0 0.0 0.5513465197127732 0.49532430318012277 0.0 0.0 0.0 0.0 0.0 0.0 0.0 0.0 0.0 0.0
a330jjzgjl7ig2
let us know about your opinion on this issue
0.0 0.40645886691636496 0.0 0.0 0.0 0.3462270839515259 0.19038898703866888 0.0 0.41595879016526116 0.4772508176806598 0.0 0.0 0.20811197359731148 0.5539984620912891 0.0 0.0 0.5513465197127732 0.49532430318012277 0.0 0.0 0.0 0.0 0.0 0.0 0.0 0.0 0.0 0.0
a1s6dlzld2k531
let us know what you think about this matter
0.0 0.40645886691636496 0.3424850677036252 0.35420068019895823 0.4643133777623017 0.3462270839515259 0.19038898703866888 0.0 0.0 0.0 0.0 0.0 0.0 0.0 0.0 0.0 0.5513465197127732 0.49532430318012277 0.0 0.0 0.0 0.5442411058682983 0.0 0.0 0.0 0.0 0.0 0.0
