look at that bridegroom too groom lets see now they saw the is a we have to i can
look at that bridegroom too
1.157221091786743 0.6195199707808949 0.24161488485195998 1.786482118193416 1.003080008805579 0.0 0.0 0.0 0.0 0.0 0.0 0.0 0.0 0.0 0.0 0.0 0.0 0.0 0.0
look at that bridegroom too
1.157221091786743 0.6195199707808949 0.24161488485195998 1.786482118193416 1.003080008805579 0.0 0.0 0.0 0.0 0.0 0.0 0.0 0.0 0.0 0.0 0.0 0.0 0.0 0.0
look at that bridegroom too
1.157221091786743 0.6195199707808949 0.24161488485195998 1.786482118193416 1.003080008805579 0.0 0.0 0.0 0.0 0.0 0.0 0.0 0.0 0.0 0.0 0.0 0.0 0.0 0.0
look at that bridegroom
1.4465263647334288 0.7743999634761187 0.30201860606494996 2.23310264774177 0.0 0.0 0.0 0.0 0.0 0.0 0.0 0.0 0.0 0.0 0.0 0.0 0.0 0.0 0.0
a143bvgouf83je
look at that groom
1.4465263647334288 0.7743999634761187 0.30201860606494996 0.0 0.0 2.004029964773231 0.0 0.0 0.0 0.0 0.0 0.0 0.0 0.0 0.0 0.0 0.0 0.0 0.0
a3fq8i38xt2b4z
lets see that groom
0.0 0.0 0.30201860606494996 0.0 0.0 2.004029964773231 1.9584495755747426 1.1202436262302577 0.0 0.0 0.0 0.0 0.0 0.0 0.0 0.0 0.0 0.0 0.0
a2de039cxxjuga
see that now
0.0 0.0 0.4026914747532666 0.0 0.0 0.0 0.0 1.4936581683070103 1.142021103638294 0.0 0.0 0.0 0.0 0.0 0.0 0.0 0.0 0.0 0.0
alrghxunh1uv7
they saw the groom too
0.0 0.0 0.0 0.0 1.003080008805579 1.603223971818585 0.0 0.0 0.0 0.516741751612838 1.289500788235816 0.08529611836591067 0.0 0.0 0.0 0.0 0.0 0.0 0.0
a2qxd8jqk5bvez
look at the groom
1.4465263647334288 0.7743999634761187 0.0 0.0 0.0 2.004029964773231 0.0 0.0 0.0 0.0 0.0 0.10662014795738833 0.0 0.0 0.0 0.0 0.0 0.0 0.0
aw4q48bn2x4nt
look at that groom
1.4465263647334288 0.7743999634761187 0.30201860606494996 0.0 0.0 2.004029964773231 0.0 0.0 0.0 0.0 0.0 0.0 0.0 0.0 0.0 0.0 0.0 0.0 0.0
ajfwu2g6a1bhs
look at that groom
1.4465263647334288 0.7743999634761187 0.30201860606494996 0.0 0.0 2.004029964773231 0.0 0.0 0.0 0.0 0.0 0.0 0.0 0.0 0.0 0.0 0.0 0.0 0.0
avktegthhn2vp
lets see that groom
0.0 0.0 0.30201860606494996 0.0 0.0 2.004029964773231 1.9584495755747426 1.1202436262302577 0.0 0.0 0.0 0.0 0.0 0.0 0.0 0.0 0.0 0.0 0.0
a2kixciinfgilk
now that is a groom that we have to see
0.0 0.0 0.24161488485195998 0.0 0.0 0.8016119859092925 0.0 0.4480974504921031 0.3426063310914882 0.0 0.0 0.0 0.13068155188346262 0.14178833471717434 0.306240771239629 0.22879700279884294 0.10798743097111604 0.0 0.0
al2rcq9eyun61
lets see that groom
0.0 0.0 0.30201860606494996 0.0 0.0 2.004029964773231 1.9584495755747426 1.1202436262302577 0.0 0.0 0.0 0.0 0.0 0.0 0.0 0.0 0.0 0.0 0.0
a1dndzlo2d5d48
see that now
0.0 0.0 0.4026914747532666 0.0 0.0 0.0 0.0 1.4936581683070103 1.142021103638294 0.0 0.0 0.0 0.0 0.0 0.0 0.0 0.0 0.0 0.0
a14wwg6nkbdwgp
i can see that now
0.0 0.0 0.24161488485195998 0.0 0.0 0.0 0.0 0.8961949009842062 0.6852126621829764 0.0 0.0 0.0 0.0 0.0 0.0 0.0 0.0 0.6495961689653388 0.6303334150349501
a6tw9zegog7ph
i see that now
0.0 0.0 0.30201860606494996 0.0 0.0 0.0 0.0 1.1202436262302577 0.8565158277287205 0.0 0.0 0.0 0.0 0.0 0.0 0.0 0.0 0.8119952112066735 0.0
a3ohqrf1mdq99b
they saw the groom too
0.0 0.0 0.0 0.0 1.003080008805579 1.603223971818585 0.0 0.0 0.0 0.516741751612838 1.289500788235816 0.08529611836591067 0.0 0.0 0.0 0.0 0.0 0.0 0.0
