israeli soldiers retreat from gazas ajleen neighborhood unprecedented endurance of palestinian gaza forces the ajlain area unparalleled mujahideen troops areas exceptional steadfastness mujahedeen armys ajeen mujaheddin defeat israelian ghaza ajlin areaexampleless straightness freedom fighters sf falastin province unmatched forbearance corridor stern defense put up by palestine repulse example fidelity are an palestines in is set didnt match and a
israeli soldiers retreat from gazas ajleen neighborhood unprecedented endurance of palestinian soldiers
0.33316138815303237 0.8552198577077026 0.6145221644100441 0.20107455328566992 0.5986008946798184 0.6977329002526381 0.6023052082273879 0.63422122924873 0.768341055284905 0.06999514854981818 0.42352191577141846 0.0 0.0 0.0 0.0 0.0 0.0 0.0 0.0 0.0 0.0 0.0 0.0 0.0 0.0 0.0 0.0 0.0 0.0 0.0 0.0 0.0 0.0 0.0 0.0 0.0 0.0 0.0 0.0 0.0 0.0 0.0 0.0 0.0 0.0 0.0 0.0 0.0 0.0 0.0 0.0 0.0 0.0 0.0 0.0 0.0 0.0 0.0 0.0
gaza retreat of israeli forces from the ajlain area unparalleled endurance of palestinian mujahideen
0.2855669041311706 0.0 0.5267332837800379 0.17234961710200278 0.0 0.0 0.0 0.0 0.6585780473870615 0.11999168322825975 0.3630187849469301 0.2781311377272559 0.3219688542221622 0.030462899416396665 0.687539840823359 0.3223978559407487 0.63802932792622 0.46839320259952916 0.0 0.0 0.0 0.0 0.0 0.0 0.0 0.0 0.0 0.0 0.0 0.0 0.0 0.0 0.0 0.0 0.0 0.0 0.0 0.0 0.0 0.0 0.0 0.0 0.0 0.0 0.0 0.0 0.0 0.0 0.0 0.0 0.0 0.0 0.0 0.0 0.0 0.0 0.0 0.0 0.0
retreat of israeli troops from the gaza ajleen areas exceptional steadfastness of palestinian mujahedeen
0.2855669041311706 0.0 0.5267332837800379 0.17234961710200278 0.0 0.5980567716451184 0.0 0.0 0.0 0.11999168322825975 0.3630187849469301 0.2781311377272559 0.0 0.030462899416396665 0.0 0.0 0.0 0.0 0.41329324706669396 0.35050420715942365 0.737050353720498 0.5801057410536251 0.687539840823359 0.0 0.0 0.0 0.0 0.0 0.0 0.0 0.0 0.0 0.0 0.0 0.0 0.0 0.0 0.0 0.0 0.0 0.0 0.0 0.0 0.0 0.0 0.0 0.0 0.0 0.0 0.0 0.0 0.0 0.0 0.0 0.0 0.0 0.0 0.0 0.0
israeli armys retreat from ajeen area of gaza unprecedented steadfastness of palestinian mujaheddin
0.30753358906433753 0.0 0.5672512286861946 0.185607279956003 0.0 0.0 0.0 0.5854349808449816 0.0 0.12922181270735666 0.3909433068659247 0.2995258406293525 0.0 0.0 0.0 0.34719769101311404 0.0 0.0 0.0 0.0 0.0 0.6247292595962116 0.0 0.5595525011048883 0.6092930522529693 0.6559188832968397 0.0 0.0 0.0 0.0 0.0 0.0 0.0 0.0 0.0 0.0 0.0 0.0 0.0 0.0 0.0 0.0 0.0 0.0 0.0 0.0 0.0 0.0 0.0 0.0 0.0 0.0 0.0 0.0 0.0 0.0 0.0 0.0 0.0
a353ocl6lm6m4o
the defeat of israelian from ghaza ajlin areaexampleless straightness of freedom fighters sf falastin
0.0 0.0 0.0 0.17234961710200278 0.0 0.0 0.0 0.0 0.0 0.11999168322825975 0.0 0.0 0.0 0.030462899416396665 0.0 0.0 0.0 0.0 0.0 0.0 0.0 0.0 0.0 0.0 0.0 0.0 0.4399872763376642 0.5801057410536251 0.49410768360177254 0.6585780473870615 0.687539840823359 0.63802932792622 0.40739888823183656 0.4377893007186104 0.687539840823359 0.4990357458508405 0.0 0.0 0.0 0.0 0.0 0.0 0.0 0.0 0.0 0.0 0.0 0.0 0.0 0.0 0.0 0.0 0.0 0.0 0.0 0.0 0.0 0.0 0.0
a3dd3acpmvdvca
retreat of israeli soldiers from ajleen province of gaza unmatched forbearance of palestinian soldiers
0.2855669041311706 0.733045592320888 0.5267332837800379 0.17234961710200278 0.0 0.5980567716451184 0.0 0.0 0.0 0.17998752484238964 0.3630187849469301 0.2781311377272559 0.0 0.0 0.0 0.0 0.0 0.0 0.0 0.0 0.0 0.0 0.0 0.0 0.0 0.0 0.0 0.0 0.0 0.0 0.0 0.0 0.0 0.0 0.0 0.0 0.3777333593353239 0.5980567716451184 0.5885188150290811 0.0 0.0 0.0 0.0 0.0 0.0 0.0 0.0 0.0 0.0 0.0 0.0 0.0 0.0 0.0 0.0 0.0 0.0 0.0 0.0
a172x4w90uost1
israeli troops retreat from gaza corridor stern defense put up by palestine fighters
0.30753358906433753 0.0 0.5672512286861946 0.185607279956003 0.0 0.0 0.0 0.0 0.0 0.0 0.0 0.2995258406293525 0.0 0.0 0.0 0.0 0.0 0.0 0.44508503530259347 0.0 0.0 0.0 0.0 0.0 0.0 0.0 0.0 0.0 0.0 0.0 0.0 0.0 0.0 0.4714654007738881 0.0 0.0 0.0 0.0 0.0 0.6871085069974677 0.6440611386947429 0.43429816289423573 0.40005470305155505 0.3311530612341669 0.19195840472318831 0.3699474319583841 0.0 0.0 0.0 0.0 0.0 0.0 0.0 0.0 0.0 0.0 0.0 0.0 0.0
alrghxunh1uv7
gaza israeli soldiers area of the mujahideen repulse palestinian example of fidelity
0.33316138815303237 0.4276099288538513 0.0 0.0 0.0 0.0 0.0 0.0 0.0 0.13999029709963637 0.42352191577141846 0.3244863273484652 0.0 0.03554004931912944 0.0 0.37613083193087354 0.0 0.5464587363661174 0.0 0.0 0.0 0.0 0.0 0.0 0.0 0.0 0.0 0.0 0.0 0.0 0.0 0.0 0.0 0.0 0.0 0.0 0.0 0.0 0.0 0.0 0.0 0.0 0.0 0.0 0.0 0.0 0.8021298142939188 0.4674312292312197 0.8021298142939188 0.0 0.0 0.0 0.0 0.0 0.0 0.0 0.0 0.0 0.0
a230hf2okthmdz
the defeat of israelian from ghaza ajlin are an example of freedom fighters of palestines
0.0 0.0 0.0 0.16085964262853594 0.0 0.0 0.0 0.0 0.0 0.16798835651956365 0.0 0.0 0.0 0.028432039455303555 0.0 0.0 0.0 0.0 0.0 0.0 0.0 0.0 0.0 0.0 0.0 0.0 0.4106547912484866 0.5414320249833834 0.46116717136165436 0.614672844227924 0.0 0.0 0.3802389623497141 0.4086033473373697 0.0 0.0 0.0 0.0 0.0 0.0 0.0 0.0 0.0 0.0 0.0 0.0 0.0 0.3739449833849758 0.0 0.14040910359018843 0.19669101771837263 0.5414320249833834 0.0 0.0 0.0 0.0 0.0 0.0 0.0
a9x4g4wpj27d6
the defeat of israelian from ghaza ajlin areaexampleless straightness of freedom fighters sf falastin
0.0 0.0 0.0 0.17234961710200278 0.0 0.0 0.0 0.0 0.0 0.11999168322825975 0.0 0.0 0.0 0.030462899416396665 0.0 0.0 0.0 0.0 0.0 0.0 0.0 0.0 0.0 0.0 0.0 0.0 0.4399872763376642 0.5801057410536251 0.49410768360177254 0.6585780473870615 0.687539840823359 0.63802932792622 0.40739888823183656 0.4377893007186104 0.687539840823359 0.4990357458508405 0.0 0.0 0.0 0.0 0.0 0.0 0.0 0.0 0.0 0.0 0.0 0.0 0.0 0.0 0.0 0.0 0.0 0.0 0.0 0.0 0.0 0.0 0.0
aqnkupp1lr88c
the defeat of israeli forces in ghaza is an example set by freedom fighters of palestine
0.24987104111477426 0.0 0.0 0.0 0.0 0.0 0.0 0.0 0.0 0.10499272282472728 0.0 0.0 0.2817227474443919 0.026655036989347083 0.0 0.0 0.0 0.0 0.0 0.0 0.0 0.0 0.0 0.0 0.0 0.0 0.3849888667954562 0.0 0.43234422315155097 0.0 0.0 0.0 0.356474027202857 0.3830656381287841 0.0 0.0 0.0 0.0 0.0 0.0 0.0 0.0 0.0 0.0 0.1559662038375905 0.30058228846618706 0.0 0.3505734219234148 0.0 0.0 0.18439782911097435 0.0 0.06436441890354257 0.08167596992716414 0.3718285687262468 0.0 0.0 0.0 0.0
a1c0lbe9vl3ax
retreat of israeli soldiers from ajleen province of gaza unmatched by forbearance of palestinian soldiers
0.2665291105224259 0.6841758861661621 0.49161773152803534 0.16085964262853594 0.0 0.5581863202021106 0.0 0.0 0.0 0.16798835651956365 0.33881753261713476 0.2595890618787722 0.0 0.0 0.0 0.0 0.0 0.0 0.0 0.0 0.0 0.0 0.0 0.0 0.0 0.0 0.0 0.0 0.0 0.0 0.0 0.0 0.0 0.0 0.0 0.0 0.35255113537963567 0.5581863202021106 0.5492842273604757 0.0 0.0 0.0 0.0 0.0 0.16636395076009652 0.0 0.0 0.0 0.0 0.0 0.0 0.0 0.0 0.0 0.0 0.0 0.0 0.0 0.0
air4uqnpimfcj
retreat of israeli soldiers from ajleen province of gaza unmatched forbearance of palestinian soldiers
0.2855669041311706 0.733045592320888 0.5267332837800379 0.17234961710200278 0.0 0.5980567716451184 0.0 0.0 0.0 0.17998752484238964 0.3630187849469301 0.2781311377272559 0.0 0.0 0.0 0.0 0.0 0.0 0.0 0.0 0.0 0.0 0.0 0.0 0.0 0.0 0.0 0.0 0.0 0.0 0.0 0.0 0.0 0.0 0.0 0.0 0.3777333593353239 0.5980567716451184 0.5885188150290811 0.0 0.0 0.0 0.0 0.0 0.0 0.0 0.0 0.0 0.0 0.0 0.0 0.0 0.0 0.0 0.0 0.0 0.0 0.0 0.0
a2rcbwy8ulhnj0
the retreat of israeli soldiers from ajleen province of gaza didnt match the forbearance of palestinian soldiers
0.23517274457861106 0.6036846054407312 0.4337803513482665 0.14193497878988465 0.0 0.4925173413548034 0.0 0.0 0.0 0.14822502045843852 0.2989566464268836 0.22904917224597546 0.0 0.0501741872740651 0.0 0.0 0.0 0.0 0.0 0.0 0.0 0.0 0.0 0.0 0.0 0.0 0.0 0.0 0.0 0.0 0.0 0.0 0.0 0.0 0.0 0.0 0.3110745312173256 0.0 0.4846625535533609 0.0 0.0 0.0 0.0 0.0 0.0 0.0 0.0 0.0 0.0 0.0 0.0 0.0 0.0 0.0 0.0 0.3745565431473849 0.3701972506677542 0.0 0.0
a330jjzgjl7ig2
israeli troops retreat from gaza corridor and a stern defense put up by palestine fighters
0.2665291105224259 0.0 0.49161773152803534 0.16085964262853594 0.0 0.0 0.0 0.0 0.0 0.0 0.0 0.2595890618787722 0.0 0.0 0.0 0.0 0.0 0.0 0.38574036392891436 0.0 0.0 0.0 0.0 0.0 0.0 0.0 0.0 0.0 0.0 0.0 0.0 0.0 0.0 0.4086033473373697 0.0 0.0 0.0 0.0 0.0 0.5954940393978053 0.5581863202021106 0.3763917411750043 0.3467140759780144 0.28699931973627796 0.16636395076009652 0.3206211076972662 0.0 0.0 0.0 0.0 0.0 0.0 0.0 0.0 0.0 0.0 0.0 0.06626433598681945 0.09452555647811622
a3fk32fvhmy8mz
israeli troops retreat from gaza corridor stern defense put up by palestine fighters
0.30753358906433753 0.0 0.5672512286861946 0.185607279956003 0.0 0.0 0.0 0.0 0.0 0.0 0.0 0.2995258406293525 0.0 0.0 0.0 0.0 0.0 0.0 0.44508503530259347 0.0 0.0 0.0 0.0 0.0 0.0 0.0 0.0 0.0 0.0 0.0 0.0 0.0 0.0 0.4714654007738881 0.0 0.0 0.0 0.0 0.0 0.6871085069974677 0.6440611386947429 0.43429816289423573 0.40005470305155505 0.3311530612341669 0.19195840472318831 0.3699474319583841 0.0 0.0 0.0 0.0 0.0 0.0 0.0 0.0 0.0 0.0 0.0 0.0 0.0
a262d9pq8d093q
israeli troops retreat from gaza corridor stern defense put up by palestine fighters
0.30753358906433753 0.0 0.5672512286861946 0.185607279956003 0.0 0.0 0.0 0.0 0.0 0.0 0.0 0.2995258406293525 0.0 0.0 0.0 0.0 0.0 0.0 0.44508503530259347 0.0 0.0 0.0 0.0 0.0 0.0 0.0 0.0 0.0 0.0 0.0 0.0 0.0 0.0 0.4714654007738881 0.0 0.0 0.0 0.0 0.0 0.6871085069974677 0.6440611386947429 0.43429816289423573 0.40005470305155505 0.3311530612341669 0.19195840472318831 0.3699474319583841 0.0 0.0 0.0 0.0 0.0 0.0 0.0 0.0 0.0 0.0 0.0 0.0 0.0
a3ohqrf1mdq99b
gaza israeli soldiers area of the mujahideen repulse palestinian example of fidelity
0.33316138815303237 0.4276099288538513 0.0 0.0 0.0 0.0 0.0 0.0 0.0 0.13999029709963637 0.42352191577141846 0.3244863273484652 0.0 0.03554004931912944 0.0 0.37613083193087354 0.0 0.5464587363661174 0.0 0.0 0.0 0.0 0.0 0.0 0.0 0.0 0.0 0.0 0.0 0.0 0.0 0.0 0.0 0.0 0.0 0.0 0.0 0.0 0.0 0.0 0.0 0.0 0.0 0.0 0.0 0.0 0.8021298142939188 0.4674312292312197 0.8021298142939188 0.0 0.0 0.0 0.0 0.0 0.0 0.0 0.0 0.0 0.0
