should pakistan carry out a decisive operation against the hotheaded extremist groups that are active on its land take action soil act decisively in territory terror functioning need to terrorist group fundamentalist within boundaries or not do operations extreme activists her does conduct own
should pakistan carry out a decisive operation against the hotheaded extremist groups that are active on its land
0.16634527626324658 0.13098241590020004 0.35819466339883776 0.22260945238522536 0.07877129706509685 0.375742049477642 0.29912394549757104 0.17705591342333662 0.02369336621275296 0.5732613862270539 0.29793766080476164 0.2552844361185883 0.0671152457922111 0.11700758632515702 0.3019946127500333 0.10405598679865574 0.1841012756874506 0.2941569128467052 0.0 0.0 0.0 0.0 0.0 0.0 0.0 0.0 0.0 0.0 0.0 0.0 0.0 0.0 0.0 0.0 0.0 0.0 0.0 0.0 0.0 0.0 0.0 0.0 0.0 0.0
should pakistan take a decisive action against extremist groups active on its soil
0.23032422867218758 0.18136026816950773 0.0 0.0 0.1090679497824418 0.5202582223536582 0.0 0.2451543416630815 0.0 0.0 0.41252906880659307 0.35347075770266073 0.0 0.0 0.41814638688466155 0.1440775201827541 0.25490945864416237 0.0 0.296951282210937 0.3243189505748771 0.5374231109162898 0.0 0.0 0.0 0.0 0.0 0.0 0.0 0.0 0.0 0.0 0.0 0.0 0.0 0.0 0.0 0.0 0.0 0.0 0.0 0.0 0.0 0.0 0.0
should pakistan act decisively against the active extremist groups in its territory
0.2495179143948699 0.19647362385030007 0.0 0.0 0.0 0.0 0.0 0.26558387013500495 0.03554004931912944 0.0 0.4469064912071425 0.38292665417788246 0.0 0.0 0.45299191912505 0.0 0.2761519135311759 0.0 0.0 0.0 0.0 0.4457409710425808 0.859892079340581 0.08581922520472342 0.5464587363661174 0.0 0.0 0.0 0.0 0.0 0.0 0.0 0.0 0.0 0.0 0.0 0.0 0.0 0.0 0.0 0.0 0.0 0.0 0.0
should pakistan take action against terror groups functioning on its soil
0.2722013611580399 0.21433486238214552 0.0 0.0 0.0 0.0 0.0 0.2897278583290963 0.0 0.0 0.0 0.4177381681940536 0.0 0.0 0.0 0.17027343294325484 0.30125663294310095 0.0 0.35094242443110735 0.38328603249758203 0.6351364038101607 0.0 0.0 0.0 0.0 0.5149767819935861 0.7200736072080546 0.0 0.0 0.0 0.0 0.0 0.0 0.0 0.0 0.0 0.0 0.0 0.0 0.0 0.0 0.0 0.0 0.0
a1sanjgoj47idf
should pakistan need to take action against terrorist group on its land
0.2495179143948699 0.19647362385030007 0.0 0.0 0.0 0.0 0.0 0.26558387013500495 0.0 0.0 0.0 0.0 0.0 0.0 0.0 0.1560839801979836 0.2761519135311759 0.44123536927005785 0.3216972223951817 0.35134552978945016 0.0 0.0 0.0 0.0 0.0 0.0 0.0 0.42714567509973 0.08998952580926338 0.39491459384172906 0.3624997826751337 0.0 0.0 0.0 0.0 0.0 0.0 0.0 0.0 0.0 0.0 0.0 0.0 0.0
a3dd3acpmvdvca
should pakistan take decisive action against the active fundamentalist groups within its boundaries or not
0.19961433151589592 0.15717889908024005 0.0 0.0 0.0 0.45089045937317046 0.0 0.21246709610800396 0.028432039455303555 0.0 0.0 0.30634132334230596 0.0 0.0 0.36239353530004 0.0 0.2209215308249407 0.0 0.2573577779161454 0.2810764238315601 0.0 0.0 0.0 0.0 0.0 0.0 0.0 0.0 0.0 0.0 0.0 0.4788807157438547 0.36239353530004 0.5073769833989841 0.2153530782274384 0.14270849921582424 0.0 0.0 0.0 0.0 0.0 0.0 0.0 0.0
a1wyssw33m2fz2
should pakistan do decisive operations against extreme activists on its land
0.2722013611580399 0.21433486238214552 0.0 0.0 0.0 0.6148506264179597 0.0 0.2897278583290963 0.0 0.0 0.0 0.0 0.0 0.0 0.0 0.17027343294325484 0.30125663294310095 0.4813476755673358 0.0 0.0 0.0 0.0 0.0 0.0 0.0 0.0 0.0 0.0 0.0 0.0 0.0 0.0 0.0 0.0 0.0 0.0 0.29434882321783534 0.5396980288557354 0.5771284580486227 0.680499237093705 0.0 0.0 0.0 0.0
a8v7wa74iohz9
should pakistan take decisive action against active extremist groups on her soil
0.2495179143948699 0.19647362385030007 0.0 0.0 0.0 0.563613074216463 0.0 0.26558387013500495 0.0 0.0 0.4469064912071425 0.38292665417788246 0.0 0.0 0.45299191912505 0.1560839801979836 0.0 0.0 0.3216972223951817 0.35134552978945016 0.5822083701593139 0.0 0.0 0.0 0.0 0.0 0.0 0.0 0.0 0.0 0.0 0.0 0.0 0.0 0.0 0.0 0.0 0.0 0.0 0.0 0.31373096233842995 0.0 0.0 0.0
a1dndzlo2d5d48
does pakistan need to take action against terrorist groups on its land
0.0 0.19647362385030007 0.0 0.0 0.0 0.0 0.0 0.26558387013500495 0.0 0.0 0.0 0.38292665417788246 0.0 0.0 0.0 0.1560839801979836 0.2761519135311759 0.44123536927005785 0.3216972223951817 0.35134552978945016 0.0 0.0 0.0 0.0 0.0 0.0 0.0 0.42714567509973 0.08998952580926338 0.39491459384172906 0.0 0.0 0.0 0.0 0.0 0.0 0.0 0.0 0.0 0.0 0.0 0.34950179676606385 0.0 0.0
a1g9f1kosfkijh
should pakistan need to take action against terrorist groups on its land
0.2495179143948699 0.19647362385030007 0.0 0.0 0.0 0.0 0.0 0.26558387013500495 0.0 0.0 0.0 0.38292665417788246 0.0 0.0 0.0 0.1560839801979836 0.2761519135311759 0.44123536927005785 0.3216972223951817 0.35134552978945016 0.0 0.0 0.0 0.0 0.0 0.0 0.0 0.42714567509973 0.08998952580926338 0.39491459384172906 0.0 0.0 0.0 0.0 0.0 0.0 0.0 0.0 0.0 0.0 0.0 0.0 0.0 0.0
a230hf2okthmdz
should pakistan take action against terrorist group on its land
0.2994214972738439 0.23576834862036006 0.0 0.0 0.0 0.0 0.0 0.31870064416200594 0.0 0.0 0.0 0.0 0.0 0.0 0.0 0.18730077623758032 0.33138229623741106 0.5294824431240694 0.38603666687421806 0.4216146357473402 0.0 0.0 0.0 0.0 0.0 0.0 0.0 0.0 0.0 0.47389751261007484 0.43499973921016044 0.0 0.0 0.0 0.0 0.0 0.0 0.0 0.0 0.0 0.0 0.0 0.0 0.0
au80ser2vpi2x
should pakistan take decisive action against the active fundamentalist groups within its boundaries or not
0.19961433151589592 0.15717889908024005 0.0 0.0 0.0 0.45089045937317046 0.0 0.21246709610800396 0.028432039455303555 0.0 0.0 0.30634132334230596 0.0 0.0 0.36239353530004 0.0 0.2209215308249407 0.0 0.2573577779161454 0.2810764238315601 0.0 0.0 0.0 0.0 0.0 0.0 0.0 0.0 0.0 0.0 0.0 0.4788807157438547 0.36239353530004 0.5073769833989841 0.2153530782274384 0.14270849921582424 0.0 0.0 0.0 0.0 0.0 0.0 0.0 0.0
ajfwu2g6a1bhs
should pakistan take decisive action against the active fundamentalist groups within its boundaries
0.23032422867218758 0.18136026816950773 0.0 0.0 0.0 0.5202582223536582 0.0 0.2451543416630815 0.0328061993715041 0.0 0.0 0.35347075770266073 0.0 0.0 0.41814638688466155 0.0 0.25490945864416237 0.0 0.296951282210937 0.3243189505748771 0.0 0.0 0.0 0.0 0.0 0.0 0.0 0.0 0.0 0.0 0.0 0.55255467201214 0.41814638688466155 0.5854349808449816 0.0 0.0 0.0 0.0 0.0 0.0 0.0 0.0 0.0 0.0
a2qxd8jqk5bvez
should pakistan take decisive action against the active fundamentalist groups within its boundaries
0.23032422867218758 0.18136026816950773 0.0 0.0 0.0 0.5202582223536582 0.0 0.2451543416630815 0.0328061993715041 0.0 0.0 0.35347075770266073 0.0 0.0 0.41814638688466155 0.0 0.25490945864416237 0.0 0.296951282210937 0.3243189505748771 0.0 0.0 0.0 0.0 0.0 0.0 0.0 0.0 0.0 0.0 0.0 0.55255467201214 0.41814638688466155 0.5854349808449816 0.0 0.0 0.0 0.0 0.0 0.0 0.0 0.0 0.0 0.0
a330jjzgjl7ig2
should pakistan conduct decisive operations against extreme activists on its land
0.2722013611580399 0.21433486238214552 0.0 0.0 0.0 0.6148506264179597 0.0 0.2897278583290963 0.0 0.0 0.0 0.0 0.0 0.0 0.0 0.17027343294325484 0.30125663294310095 0.4813476755673358 0.0 0.0 0.0 0.0 0.0 0.0 0.0 0.0 0.0 0.0 0.0 0.0 0.0 0.0 0.0 0.0 0.0 0.0 0.0 0.5396980288557354 0.5771284580486227 0.680499237093705 0.0 0.0 0.6454390115653428 0.0
a2u70ov2bw11tg
should pakistan carry out decisive operations against extreme activists on its own land
0.23032422867218758 0.18136026816950773 0.49596184162915996 0.308228472533389 0.0 0.5202582223536582 0.0 0.2451543416630815 0.0 0.0 0.0 0.0 0.0 0.0 0.0 0.1440775201827541 0.25490945864416237 0.40729418701851494 0.0 0.0 0.0 0.0 0.0 0.0 0.0 0.0 0.0 0.0 0.0 0.0 0.0 0.0 0.0 0.0 0.0 0.0 0.0 0.4566675628779299 0.4883394645026807 0.5758070467715964 0.0 0.0 0.0 0.3262355929798412
a2d2264qc2ln18
should pakistan do decisive operations against extreme activists on its land
0.2722013611580399 0.21433486238214552 0.0 0.0 0.0 0.6148506264179597 0.0 0.2897278583290963 0.0 0.0 0.0 0.0 0.0 0.0 0.0 0.17027343294325484 0.30125663294310095 0.4813476755673358 0.0 0.0 0.0 0.0 0.0 0.0 0.0 0.0 0.0 0.0 0.0 0.0 0.0 0.0 0.0 0.0 0.0 0.0 0.29434882321783534 0.5396980288557354 0.5771284580486227 0.680499237093705 0.0 0.0 0.0 0.0
a1rhjj60p0jwi3
should pakistan take decisive action against active extremist groups on her soil
0.2495179143948699 0.19647362385030007 0.0 0.0 0.0 0.563613074216463 0.0 0.26558387013500495 0.0 0.0 0.4469064912071425 0.38292665417788246 0.0 0.0 0.45299191912505 0.1560839801979836 0.0 0.0 0.3216972223951817 0.35134552978945016 0.5822083701593139 0.0 0.0 0.0 0.0 0.0 0.0 0.0 0.0 0.0 0.0 0.0 0.0 0.0 0.0 0.0 0.0 0.0 0.0 0.0 0.31373096233842995 0.0 0.0 0.0
