and this exposed americas reputation in area fully the secret of american strength region has revealed truth about power harmed showed america shattered confidence letter all musket was might army americans firepower weakness
and this exposed americas reputation in this area
0.12424562997528649 0.42837522083700497 0.9513318438730951 0.6862989018480837 1.015185046843844 0.12872883780708513 0.5641962478963103 0.0 0.0 0.0 0.0 0.0 0.0 0.0 0.0 0.0 0.0 0.0 0.0 0.0 0.0 0.0 0.0 0.0 0.0 0.0 0.0 0.0 0.0 0.0 0.0 0.0 0.0
this fully exposed the secret of american strength in this region
0.0 0.31154561515418544 0.6918777046349782 0.0 0.0 0.09362097295060737 0.0 0.6753030176537096 0.03877096289359576 0.5260095871757923 0.07635834387252893 0.2854690425748428 0.5705139712956746 0.4690590593520401 0.0 0.0 0.0 0.0 0.0 0.0 0.0 0.0 0.0 0.0 0.0 0.0 0.0 0.0 0.0 0.0 0.0 0.0 0.0
this has revealed the truth about american power in the area
0.0 0.15577280757709272 0.0 0.0 0.0 0.09362097295060737 0.4103245439245893 0.0 0.07754192578719152 0.0 0.0 0.2854690425748428 0.0 0.0 0.18661796526647487 0.6454390115653428 0.4819477377520042 0.28327670505124847 0.411704071017247 0.0 0.0 0.0 0.0 0.0 0.0 0.0 0.0 0.0 0.0 0.0 0.0 0.0 0.0
this has harmed americas reputation in the region
0.0 0.21418761041850248 0.0 0.6862989018480837 1.015185046843844 0.12872883780708513 0.0 0.0 0.05331007397869417 0.0 0.0 0.0 0.0 0.6449562066090552 0.25659970224140294 0.0 0.0 0.0 0.0 1.0020149823866156 0.0 0.0 0.0 0.0 0.0 0.0 0.0 0.0 0.0 0.0 0.0 0.0 0.0
a3dd3acpmvdvca
this showed the strength of america in the region
0.0 0.19038898703866888 0.0 0.0 0.0 0.1144256336062979 0.0 0.0 0.09477346485101185 0.0 0.09332686473309092 0.0 0.6972948538058245 0.5732944058747157 0.0 0.0 0.0 0.0 0.0 0.0 0.6713376481189905 0.3416086040537356 0.0 0.0 0.0 0.0 0.0 0.0 0.0 0.0 0.0 0.0 0.0
a1wyssw33m2fz2
this shattered the confidence of america in the area
0.0 0.19038898703866888 0.0 0.0 0.0 0.1144256336062979 0.5015077759078314 0.0 0.09477346485101185 0.0 0.09332686473309092 0.0 0.0 0.0 0.0 0.0 0.0 0.0 0.0 0.0 0.0 0.3416086040537356 0.8906799843436582 0.7286116484881565 0.0 0.0 0.0 0.0 0.0 0.0 0.0 0.0 0.0
alzgu09bjzsiw
in this letter all the musket of american power was exposed
0.0 0.15577280757709272 0.6918777046349782 0.0 0.0 0.09362097295060737 0.0 0.0 0.03877096289359576 0.0 0.07635834387252893 0.2854690425748428 0.0 0.0 0.0 0.0 0.0 0.0 0.411704071017247 0.0 0.0 0.0 0.0 0.0 0.5028375644822659 0.2857468398602499 0.8381902421289873 0.19980172099946658 0.0 0.0 0.0 0.0 0.0
a132zmwemnnusa
this exposed the might of the american army in the region
0.0 0.15577280757709272 0.6918777046349782 0.0 0.0 0.09362097295060737 0.0 0.0 0.11631288868078728 0.0 0.07635834387252893 0.2854690425748428 0.0 0.4690590593520401 0.0 0.0 0.0 0.0 0.0 0.0 0.0 0.0 0.0 0.0 0.0 0.0 0.0 0.0 0.5331234232575875 0.3233756530257196 0.0 0.0 0.0
ajh0yow6plss8
this showed the strength of america in the region
0.0 0.19038898703866888 0.0 0.0 0.0 0.1144256336062979 0.0 0.0 0.09477346485101185 0.0 0.09332686473309092 0.0 0.6972948538058245 0.5732944058747157 0.0 0.0 0.0 0.0 0.0 0.0 0.6713376481189905 0.3416086040537356 0.0 0.0 0.0 0.0 0.0 0.0 0.0 0.0 0.0 0.0 0.0
a6tw9zegog7ph
this showed the strength of america in the region
0.0 0.19038898703866888 0.0 0.0 0.0 0.1144256336062979 0.0 0.0 0.09477346485101185 0.0 0.09332686473309092 0.0 0.6972948538058245 0.5732944058747157 0.0 0.0 0.0 0.0 0.0 0.0 0.6713376481189905 0.3416086040537356 0.0 0.0 0.0 0.0 0.0 0.0 0.0 0.0 0.0 0.0 0.0
a3uewlcbe68lil
this showed the strength of america in the region
0.0 0.19038898703866888 0.0 0.0 0.0 0.1144256336062979 0.0 0.0 0.09477346485101185 0.0 0.09332686473309092 0.0 0.6972948538058245 0.5732944058747157 0.0 0.0 0.0 0.0 0.0 0.0 0.6713376481189905 0.3416086040537356 0.0 0.0 0.0 0.0 0.0 0.0 0.0 0.0 0.0 0.0 0.0
air4uqnpimfcj
this shattered the confidence of america in the area
0.0 0.19038898703866888 0.0 0.0 0.0 0.1144256336062979 0.5015077759078314 0.0 0.09477346485101185 0.0 0.09332686473309092 0.0 0.0 0.0 0.0 0.0 0.0 0.0 0.0 0.0 0.0 0.3416086040537356 0.8906799843436582 0.7286116484881565 0.0 0.0 0.0 0.0 0.0 0.0 0.0 0.0 0.0
al2rcq9eyun61
this shattered the confidence of americans in the area
0.0 0.19038898703866888 0.0 0.0 0.0 0.1144256336062979 0.5015077759078314 0.0 0.09477346485101185 0.0 0.09332686473309092 0.0 0.0 0.0 0.0 0.0 0.0 0.0 0.0 0.0 0.0 0.0 0.8906799843436582 0.7286116484881565 0.0 0.0 0.0 0.0 0.0 0.0 0.6242471762549505 0.0 0.0
a1wgq344wqriu5
this shattered the confidence of america in the area
0.0 0.19038898703866888 0.0 0.0 0.0 0.1144256336062979 0.5015077759078314 0.0 0.09477346485101185 0.0 0.09332686473309092 0.0 0.0 0.0 0.0 0.0 0.0 0.0 0.0 0.0 0.0 0.3416086040537356 0.8906799843436582 0.7286116484881565 0.0 0.0 0.0 0.0 0.0 0.0 0.0 0.0 0.0
a1wgq344wqriu5
in this letter all the musket of american power was exposed
0.0 0.15577280757709272 0.6918777046349782 0.0 0.0 0.09362097295060737 0.0 0.0 0.03877096289359576 0.0 0.07635834387252893 0.2854690425748428 0.0 0.0 0.0 0.0 0.0 0.0 0.411704071017247 0.0 0.0 0.0 0.0 0.0 0.5028375644822659 0.2857468398602499 0.8381902421289873 0.19980172099946658 0.0 0.0 0.0 0.0 0.0
au2ar4vob7vlv
in this letter all the firepower of american was exposed
0.0 0.17135008833480198 0.7610654750984761 0.0 0.0 0.1029830702456681 0.0 0.0 0.042648059182955333 0.0 0.08399417825978182 0.3140159468323271 0.0 0.0 0.0 0.0 0.0 0.0 0.0 0.0 0.0 0.0 0.0 0.0 0.5531213209304925 0.3143215238462749 0.0 0.21978189309941323 0.0 0.0 0.0 1.0318704952086972 0.0
a230hf2okthmdz
in this letter all the musket of american power was exposed
0.0 0.15577280757709272 0.6918777046349782 0.0 0.0 0.09362097295060737 0.0 0.0 0.03877096289359576 0.0 0.07635834387252893 0.2854690425748428 0.0 0.0 0.0 0.0 0.0 0.0 0.411704071017247 0.0 0.0 0.0 0.0 0.0 0.5028375644822659 0.2857468398602499 0.8381902421289873 0.19980172099946658 0.0 0.0 0.0 0.0 0.0
a3ohqrf1mdq99b
this exposed the weakness of the american army in the region
0.0 0.15577280757709272 0.6918777046349782 0.0 0.0 0.09362097295060737 0.0 0.0 0.11631288868078728 0.0 0.07635834387252893 0.2854690425748428 0.0 0.4690590593520401 0.0 0.0 0.0 0.0 0.0 0.0 0.0 0.0 0.0 0.0 0.0 0.0 0.0 0.0 0.0 0.3233756530257196 0.0 0.0 0.7917515490593519
