this is heartbreaking news breaking the heart into pieces has crushed my at breaks to tore with broken on heartstrings hearts are over
this is heartbreaking news
0.42837522083700497 0.32670387970865655 2.4063894428817565 1.0574150191600311 0.0 0.0 0.0 0.0 0.0 0.0 0.0 0.0 0.0 0.0 0.0 0.0 0.0 0.0 0.0 0.0 0.0 0.0 0.0
this news is breaking the heart into pieces
0.21418761041850248 0.16335193985432828 0.0 0.5287075095800156 0.8778585107603302 0.05331007397869417 0.5739821505624717 0.5752096563350936 0.9432645287308987 0.0 0.0 0.0 0.0 0.0 0.0 0.0 0.0 0.0 0.0 0.0 0.0 0.0 0.0
this news has crushed the heart
0.2855834805580033 0.0 0.0 0.7049433461066874 0.0 0.07108009863825888 0.7653095340832956 0.0 0.0 0.3421329363218706 1.292292599104239 0.0 0.0 0.0 0.0 0.0 0.0 0.0 0.0 0.0 0.0 0.0 0.0
my heart is breaking at this news
0.24478584047828855 0.18668793126208946 0.0 0.6042371538057321 1.0032668694403772 0.0 0.6559796006428248 0.0 0.0 0.0 0.0 0.5826327295594573 0.44251426484349643 0.0 0.0 0.0 0.0 0.0 0.0 0.0 0.0 0.0 0.0
a1wyssw33m2fz2
this news breaks my heart to pieces
0.24478584047828855 0.0 0.0 0.6042371538057321 0.0 0.0 0.6559796006428248 0.0 1.0780166042638843 0.0 0.0 0.5826327295594573 0.0 1.2441810056646958 0.15426775853016578 0.0 0.0 0.0 0.0 0.0 0.0 0.0 0.0
a3dd3acpmvdvca
this news tore my heart
0.34270017666960395 0.0 0.0 0.8459320153280249 0.0 0.0 0.9183714408999547 0.0 0.0 0.0 0.0 0.8156858213832402 0.0 0.0 0.0 1.786482118193416 0.0 0.0 0.0 0.0 0.0 0.0 0.0
a2dsltew8ffmbv
with this news my heart is broken
0.24478584047828855 0.18668793126208946 0.0 0.6042371538057321 0.0 0.0 0.6559796006428248 0.0 0.0 0.0 0.0 0.5826327295594573 0.0 0.0 0.0 0.0 0.335769350296322 0.9367864051990583 0.0 0.0 0.0 0.0 0.0
a8v7wa74iohz9
heart is breaking into pieces on this news
0.21418761041850248 0.16335193985432828 0.0 0.5287075095800156 0.8778585107603302 0.0 0.5739821505624717 0.5752096563350936 0.9432645287308987 0.0 0.0 0.0 0.0 0.0 0.0 0.0 0.0 0.0 0.2341259702969754 0.0 0.0 0.0 0.0
a6tw9zegog7ph
this news breaks my heart to pieces
0.24478584047828855 0.0 0.0 0.6042371538057321 0.0 0.0 0.6559796006428248 0.0 1.0780166042638843 0.0 0.0 0.5826327295594573 0.0 1.2441810056646958 0.15426775853016578 0.0 0.0 0.0 0.0 0.0 0.0 0.0 0.0
au2ar4vob7vlv
this news breaks my heart to pieces
0.24478584047828855 0.0 0.0 0.6042371538057321 0.0 0.0 0.6559796006428248 0.0 1.0780166042638843 0.0 0.0 0.5826327295594573 0.0 1.2441810056646958 0.15426775853016578 0.0 0.0 0.0 0.0 0.0 0.0 0.0 0.0
a330jjzgjl7ig2
this news breaks my heart to pieces
0.24478584047828855 0.0 0.0 0.6042371538057321 0.0 0.0 0.6559796006428248 0.0 1.0780166042638843 0.0 0.0 0.5826327295594573 0.0 1.2441810056646958 0.15426775853016578 0.0 0.0 0.0 0.0 0.0 0.0 0.0 0.0
a230hf2okthmdz
this news tore my heart
0.34270017666960395 0.0 0.0 0.8459320153280249 0.0 0.0 0.9183714408999547 0.0 0.0 0.0 0.0 0.8156858213832402 0.0 0.0 0.0 1.786482118193416 0.0 0.0 0.0 0.0 0.0 0.0 0.0
a1395pss402i1j
this news tore my heart
0.34270017666960395 0.0 0.0 0.8459320153280249 0.0 0.0 0.9183714408999547 0.0 0.0 0.0 0.0 0.8156858213832402 0.0 0.0 0.0 1.786482118193416 0.0 0.0 0.0 0.0 0.0 0.0 0.0
a6tw9zegog7ph
this news tore at my heartstrings
0.2855834805580033 0.0 0.0 0.7049433461066874 0.0 0.0 0.0 0.0 0.0 0.0 0.0 0.6797381844860335 0.5162666423174125 0.0 0.0 1.4887350984945134 0.0 0.0 0.0 1.719784158681162 0.0 0.0 0.0
a6tw9zegog7ph
with this news my heart is broken
0.24478584047828855 0.18668793126208946 0.0 0.6042371538057321 0.0 0.0 0.6559796006428248 0.0 0.0 0.0 0.0 0.5826327295594573 0.0 0.0 0.0 0.0 0.335769350296322 0.9367864051990583 0.0 0.0 0.0 0.0 0.0
a1lkw32z4tqsw7
this news breaks my heart
0.34270017666960395 0.0 0.0 0.8459320153280249 0.0 0.0 0.9183714408999547 0.0 0.0 0.0 0.0 0.8156858213832402 0.0 1.741853407930574 0.0 0.0 0.0 0.0 0.0 0.0 0.0 0.0 0.0
a330jjzgjl7ig2
with this news my heart is broken
0.24478584047828855 0.18668793126208946 0.0 0.6042371538057321 0.0 0.0 0.6559796006428248 0.0 0.0 0.0 0.0 0.5826327295594573 0.0 0.0 0.0 0.0 0.335769350296322 0.9367864051990583 0.0 0.0 0.0 0.0 0.0
a33m29k8zitb47
hearts are breaking into pieces over this news
0.21418761041850248 0.0 0.0 0.5287075095800156 0.8778585107603302 0.0 0.0 0.5752096563350936 0.9432645287308987 0.0 0.0 0.0 0.0 0.0 0.0 0.0 0.0 0.0 0.0 0.0 0.7844567105315525 0.2632670692316033 0.46691196624102577
