cruelty is after all it inflates then dissipates brutality darkness which when increases gets vanished barbarity ends stretches beyond limits injustice comes to an end abuse again if its get higher will be erased atrocity vanishes rises oppression that the more done breeds dies greater and
cruelty is cruelty after all it inflates then it dissipates
1.336223758472117 0.13068155188346262 0.29837230732151565 0.3143215238462749 0.40503108740532506 1.0318704952086972 0.34932449158316636 1.0318704952086972 0.0 0.0 0.0 0.0 0.0 0.0 0.0 0.0 0.0 0.0 0.0 0.0 0.0 0.0 0.0 0.0 0.0 0.0 0.0 0.0 0.0 0.0 0.0 0.0 0.0 0.0 0.0 0.0 0.0 0.0 0.0 0.0 0.0 0.0 0.0 0.0 0.0 0.0
brutality is darkness which when increases gets vanished
0.0 0.16335193985432828 0.0 0.0 0.0 0.0 0.0 0.0 0.8979013420197276 0.9513318438730951 0.3769418626062713 0.4071713231470666 0.8733125552389709 0.7889214708568124 1.0020149823866156 0.0 0.0 0.0 0.0 0.0 0.0 0.0 0.0 0.0 0.0 0.0 0.0 0.0 0.0 0.0 0.0 0.0 0.0 0.0 0.0 0.0 0.0 0.0 0.0 0.0 0.0 0.0 0.0 0.0 0.0 0.0
barbarity ends when it stretches beyond limits
0.0 0.0 0.0 0.0 0.2893079195752322 0.0 0.0 0.0 0.0 0.0 0.0 0.465338655025219 0.0 0.0 0.0 1.27605865585244 1.1191140431855673 1.474100707440996 1.1602114821072502 1.27605865585244 0.0 0.0 0.0 0.0 0.0 0.0 0.0 0.0 0.0 0.0 0.0 0.0 0.0 0.0 0.0 0.0 0.0 0.0 0.0 0.0 0.0 0.0 0.0 0.0 0.0 0.0
injustice is injustice after all when it increases it comes to an end
0.0 0.10052427067958664 0.22951715947808896 0.2417857875740576 0.31156237492717315 0.0 0.0 0.0 0.0 0.0 0.0 0.25056696809050255 0.5374231109162898 0.0 0.0 0.0 0.0 0.0 0.0 0.0 1.0088468979066783 0.42295564511399497 0.08306725459316619 0.22695117429042996 0.36309869177604587 0.0 0.0 0.0 0.0 0.0 0.0 0.0 0.0 0.0 0.0 0.0 0.0 0.0 0.0 0.0 0.0 0.0 0.0 0.0 0.0 0.0
a1vbzioywe4osh
abuse is again an abuse if its get higher it will be erased
0.0 0.10052427067958664 0.0 0.0 0.15578118746358657 0.0 0.0 0.0 0.0 0.0 0.0 0.0 0.0 0.0 0.0 0.0 0.0 0.0 0.0 0.0 0.0 0.0 0.0 0.22695117429042996 0.0 1.2675789862164824 0.38892421255246806 0.23222366040990844 0.25490945864416237 0.33461518400781576 0.529593672892448 0.17042409229239877 0.16514022661224234 0.6247292595962116 0.0 0.0 0.0 0.0 0.0 0.0 0.0 0.0 0.0 0.0 0.0 0.0
a33mu4sfa9v8ei
atrocity is atrocity it vanishes when it rises
0.0 0.16335193985432828 0.0 0.0 0.5062888592566563 0.0 0.0 0.0 0.0 0.0 0.0 0.4071713231470666 0.0 0.0 0.0 0.0 0.0 0.0 0.0 0.0 0.0 0.0 0.0 0.0 0.0 0.0 0.0 0.0 0.0 0.0 0.0 0.0 0.0 0.0 2.0931987007579145 1.116551323870885 1.0658681853573644 0.0 0.0 0.0 0.0 0.0 0.0 0.0 0.0 0.0
a3dd3acpmvdvca
oppression is oppression that the more its done the more it is erased
0.0 0.20104854135917327 0.0 0.0 0.15578118746358657 0.0 0.0 0.0 0.0 0.0 0.0 0.0 0.0 0.0 0.0 0.0 0.0 0.0 0.0 0.0 0.0 0.0 0.0 0.0 0.0 0.0 0.0 0.0 0.25490945864416237 0.0 0.0 0.0 0.0 0.6247292595962116 0.0 0.0 0.0 0.9919236832583199 0.09292880186613844 0.0656123987430082 0.5571801083723825 0.35397517312928833 0.0 0.0 0.0 0.0
a3u16uhguaktzs
injustice is injustice if it breeds it dies
0.0 0.16335193985432828 0.0 0.0 0.5062888592566563 0.0 0.0 0.0 0.0 0.0 0.0 0.0 0.0 0.0 0.0 0.0 0.0 0.0 0.0 0.0 1.6393762090983521 0.0 0.0 0.0 0.0 0.0 0.0 0.37736344816610123 0.0 0.0 0.0 0.0 0.0 0.0 0.0 0.0 0.0 0.0 0.0 0.0 0.0 0.0 1.2031947214408782 0.8112579444497344 0.0 0.0
a230hf2okthmdz
abuse is again an abuse if its get higher it will be erased
0.0 0.10052427067958664 0.0 0.0 0.15578118746358657 0.0 0.0 0.0 0.0 0.0 0.0 0.0 0.0 0.0 0.0 0.0 0.0 0.0 0.0 0.0 0.0 0.0 0.0 0.22695117429042996 0.0 1.2675789862164824 0.38892421255246806 0.23222366040990844 0.25490945864416237 0.33461518400781576 0.529593672892448 0.17042409229239877 0.16514022661224234 0.6247292595962116 0.0 0.0 0.0 0.0 0.0 0.0 0.0 0.0 0.0 0.0 0.0 0.0
a3edprdq0s0hp3
abuse is again an abuse if its get higher it will be erased
0.0 0.10052427067958664 0.0 0.0 0.15578118746358657 0.0 0.0 0.0 0.0 0.0 0.0 0.0 0.0 0.0 0.0 0.0 0.0 0.0 0.0 0.0 0.0 0.0 0.0 0.22695117429042996 0.0 1.2675789862164824 0.38892421255246806 0.23222366040990844 0.25490945864416237 0.33461518400781576 0.529593672892448 0.17042409229239877 0.16514022661224234 0.6247292595962116 0.0 0.0 0.0 0.0 0.0 0.0 0.0 0.0 0.0 0.0 0.0 0.0
air4uqnpimfcj
abuse is again an abuse if it gets greater then it will be erased
0.0 0.09334396563104473 0.0 0.0 0.2893079195752322 0.0 0.24951749398797599 0.0 0.0 0.0 0.0 0.0 0.0 0.45081226906103566 0.0 0.0 0.0 0.0 0.0 0.0 0.0 0.0 0.0 0.21074037612682783 0.0 1.1770376300581622 0.3611439116558632 0.215636256094915 0.0 0.0 0.0 0.15825094284294172 0.1533444961399393 0.5801057410536251 0.0 0.0 0.0 0.0 0.0 0.0 0.0 0.0 0.0 0.0 0.51308648115413 0.0
a2owo5cfm8khwy
atrocity is atrocity and it vanishes when it rises
0.0 0.14520172431495848 0.0 0.0 0.4500345415614723 0.0 0.0 0.0 0.0 0.0 0.0 0.3619300650196148 0.0 0.0 0.0 0.0 0.0 0.0 0.0 0.0 0.0 0.0 0.0 0.0 0.0 0.0 0.0 0.0 0.0 0.0 0.0 0.0 0.0 0.0 1.8606210673403685 0.9924900656630089 0.9474383869843239 0.0 0.0 0.0 0.0 0.0 0.0 0.0 0.0 0.11044055997803243
a6tw9zegog7ph
atrocity is atrocity it vanishes when it rises
0.0 0.16335193985432828 0.0 0.0 0.5062888592566563 0.0 0.0 0.0 0.0 0.0 0.0 0.4071713231470666 0.0 0.0 0.0 0.0 0.0 0.0 0.0 0.0 0.0 0.0 0.0 0.0 0.0 0.0 0.0 0.0 0.0 0.0 0.0 0.0 0.0 0.0 2.0931987007579145 1.116551323870885 1.0658681853573644 0.0 0.0 0.0 0.0 0.0 0.0 0.0 0.0 0.0
a1xh9d9a4nhg4
atrocity is atrocity it vanishes when it rises
0.0 0.16335193985432828 0.0 0.0 0.5062888592566563 0.0 0.0 0.0 0.0 0.0 0.0 0.4071713231470666 0.0 0.0 0.0 0.0 0.0 0.0 0.0 0.0 0.0 0.0 0.0 0.0 0.0 0.0 0.0 0.0 0.0 0.0 0.0 0.0 0.0 0.0 2.0931987007579145 1.116551323870885 1.0658681853573644 0.0 0.0 0.0 0.0 0.0 0.0 0.0 0.0 0.0
a2mrhza4l9w9cl
oppression is oppression the more its done the more it is erased
0.0 0.2178025864724377 0.0 0.0 0.16876295308555211 0.0 0.0 0.0 0.0 0.0 0.0 0.0 0.0 0.0 0.0 0.0 0.0 0.0 0.0 0.0 0.0 0.0 0.0 0.0 0.0 0.0 0.0 0.0 0.2761519135311759 0.0 0.0 0.0 0.0 0.6767900312292293 0.0 0.0 0.0 1.0745839901965133 0.0 0.07108009863825888 0.6036117840700811 0.3834731042233957 0.0 0.0 0.0 0.0
a38xqb9846w49n
oppression is oppression that the more its done the more it is erased
0.0 0.20104854135917327 0.0 0.0 0.15578118746358657 0.0 0.0 0.0 0.0 0.0 0.0 0.0 0.0 0.0 0.0 0.0 0.0 0.0 0.0 0.0 0.0 0.0 0.0 0.0 0.0 0.0 0.0 0.0 0.25490945864416237 0.0 0.0 0.0 0.0 0.6247292595962116 0.0 0.0 0.0 0.9919236832583199 0.09292880186613844 0.0656123987430082 0.5571801083723825 0.35397517312928833 0.0 0.0 0.0 0.0
a1wgq344wqriu5
oppression is oppression that the more its done the more it is erased
0.0 0.20104854135917327 0.0 0.0 0.15578118746358657 0.0 0.0 0.0 0.0 0.0 0.0 0.0 0.0 0.0 0.0 0.0 0.0 0.0 0.0 0.0 0.0 0.0 0.0 0.0 0.0 0.0 0.0 0.0 0.25490945864416237 0.0 0.0 0.0 0.0 0.6247292595962116 0.0 0.0 0.0 0.9919236832583199 0.09292880186613844 0.0656123987430082 0.5571801083723825 0.35397517312928833 0.0 0.0 0.0 0.0
a3ohqrf1mdq99b
injustice is injustice if it breeds it dies
0.0 0.16335193985432828 0.0 0.0 0.5062888592566563 0.0 0.0 0.0 0.0 0.0 0.0 0.0 0.0 0.0 0.0 0.0 0.0 0.0 0.0 0.0 1.6393762090983521 0.0 0.0 0.0 0.0 0.0 0.0 0.37736344816610123 0.0 0.0 0.0 0.0 0.0 0.0 0.0 0.0 0.0 0.0 0.0 0.0 0.0 0.0 1.2031947214408782 0.8112579444497344 0.0 0.0
