peace mercy and blessing be upon you assalamoalaikum wa rehamat barakatu rehma assalamu alaikum rahmatullahi barakatahu may allah bless have on of almighty assalaamu barakatuhu (greeting) assalamwalekum rehmate barkatahu the blessings with as salaamu good
peace mercy and blessing be upon you
0.5678320739943771 0.9069161483621213 0.1419950056860417 0.9835311068002606 0.3066889922798786 0.7473012309792267 0.45540087454151773 0.0 0.0 0.0 0.0 0.0 0.0 0.0 0.0 0.0 0.0 0.0 0.0 0.0 0.0 0.0 0.0 0.0 0.0 0.0 0.0 0.0 0.0 0.0 0.0 0.0 0.0 0.0 0.0
assalamoalaikum wa rehamat wa barakatu
0.0 0.0 0.0 0.0 0.0 0.0 0.0 1.9251115543054051 3.349117921212663 2.0637409904173944 1.9251115543054051 0.0 0.0 0.0 0.0 0.0 0.0 0.0 0.0 0.0 0.0 0.0 0.0 0.0 0.0 0.0 0.0 0.0 0.0 0.0 0.0 0.0 0.0 0.0 0.0
assalamoalaikum wa rehma wa barakatu
0.0 0.0 0.0 0.0 0.0 0.0 0.0 1.9251115543054051 3.349117921212663 0.0 1.9251115543054051 2.0637409904173944 0.0 0.0 0.0 0.0 0.0 0.0 0.0 0.0 0.0 0.0 0.0 0.0 0.0 0.0 0.0 0.0 0.0 0.0 0.0 0.0 0.0 0.0 0.0
assalamu alaikum wa rahmatullahi wa barakatahu
0.0 0.0 0.0 0.0 0.0 0.0 0.0 0.0 2.7909316010105525 0.0 0.0 0.0 1.719784158681162 1.4515445066088117 1.4515445066088117 1.719784158681162 0.0 0.0 0.0 0.0 0.0 0.0 0.0 0.0 0.0 0.0 0.0 0.0 0.0 0.0 0.0 0.0 0.0 0.0 0.0
a1wyssw33m2fz2
may allah bless and have mercy on you
0.0 0.7935516298168561 0.12424562997528649 0.0 0.0 0.0 0.398475765223828 0.0 0.0 0.0 0.0 0.0 0.0 0.0 0.0 0.0 0.5572398410776381 0.5608528093504317 0.8351398490450731 0.2859962534985537 0.2341259702969754 0.0 0.0 0.0 0.0 0.0 0.0 0.0 0.0 0.0 0.0 0.0 0.0 0.0 0.0
a143bvgouf83je
may peace and blessing of almighty be upon you
0.4416471686622933 0.0 0.11044055997803243 0.7649686386224249 0.23853588288435004 0.5812342907616208 0.35420068019895823 0.0 0.0 0.0 0.0 0.0 0.0 0.0 0.0 0.0 0.49532430318012277 0.0 0.0 0.0 0.0 0.09332686473309092 0.8456283056649734 0.0 0.0 0.0 0.0 0.0 0.0 0.0 0.0 0.0 0.0 0.0 0.0
a3dd3acpmvdvca
assalaamu alaikum wa rahmatullahi wa barakatuhu (greeting)
0.0 0.0 0.0 0.0 0.0 0.0 0.0 0.0 2.3922270865804736 0.0 0.0 0.0 0.0 1.2441810056646958 1.2441810056646958 0.0 0.0 0.0 0.0 0.0 0.0 0.0 0.0 1.317156094774123 1.27605865585244 1.27605865585244 0.0 0.0 0.0 0.0 0.0 0.0 0.0 0.0 0.0
a2i57ww1b3evwx
assalamwalekum rehmate barkatahu
0.0 0.0 0.0 0.0 0.0 0.0 0.0 0.0 0.0 0.0 0.0 0.0 0.0 0.0 0.0 0.0 0.0 0.0 0.0 0.0 0.0 0.0 0.0 0.0 0.0 0.0 3.439568317362324 3.439568317362324 3.439568317362324 0.0 0.0 0.0 0.0 0.0 0.0
aa1hdtufsq32b
may allah bless and have mercy on you
0.0 0.7935516298168561 0.12424562997528649 0.0 0.0 0.0 0.398475765223828 0.0 0.0 0.0 0.0 0.0 0.0 0.0 0.0 0.0 0.5572398410776381 0.5608528093504317 0.8351398490450731 0.2859962534985537 0.2341259702969754 0.0 0.0 0.0 0.0 0.0 0.0 0.0 0.0 0.0 0.0 0.0 0.0 0.0 0.0
a1g9f1kosfkijh
may allah bless and have mercy on you
0.0 0.7935516298168561 0.12424562997528649 0.0 0.0 0.0 0.398475765223828 0.0 0.0 0.0 0.0 0.0 0.0 0.0 0.0 0.0 0.5572398410776381 0.5608528093504317 0.8351398490450731 0.2859962534985537 0.2341259702969754 0.0 0.0 0.0 0.0 0.0 0.0 0.0 0.0 0.0 0.0 0.0 0.0 0.0 0.0
a1ly3njtyw9tff
may allah bless and have mercy on you
0.0 0.7935516298168561 0.12424562997528649 0.0 0.0 0.0 0.398475765223828 0.0 0.0 0.0 0.0 0.0 0.0 0.0 0.0 0.0 0.5572398410776381 0.5608528093504317 0.8351398490450731 0.2859962534985537 0.2341259702969754 0.0 0.0 0.0 0.0 0.0 0.0 0.0 0.0 0.0 0.0 0.0 0.0 0.0 0.0
a230hf2okthmdz
may peace and blessing of almighty be upon you
0.4416471686622933 0.0 0.11044055997803243 0.7649686386224249 0.23853588288435004 0.5812342907616208 0.35420068019895823 0.0 0.0 0.0 0.0 0.0 0.0 0.0 0.0 0.0 0.49532430318012277 0.0 0.0 0.0 0.0 0.09332686473309092 0.8456283056649734 0.0 0.0 0.0 0.0 0.0 0.0 0.0 0.0 0.0 0.0 0.0 0.0
a2nt3ssdwniy3p
may the peace and blessings of the almighty be upon you
0.36134768345096724 0.0 0.09036045816384472 0.0 0.19516572235992277 0.47555532880496243 0.28980055652642034 0.0 0.0 0.0 0.0 0.0 0.0 0.0 0.0 0.0 0.405265338965555 0.0 0.0 0.0 0.0 0.07635834387252893 0.6918777046349782 0.0 0.0 0.0 0.0 0.0 0.0 0.07754192578719152 0.7917515490593519 0.0 0.0 0.0 0.0
a38xv45bw5ue7r
may peace and blessing of the almighty be with you
0.39748245179606395 0.0 0.09939650398022919 0.6884717747601824 0.21468229459591504 0.0 0.3187806121790624 0.0 0.0 0.0 0.0 0.0 0.0 0.0 0.0 0.0 0.4457918728621105 0.0 0.0 0.0 0.0 0.08399417825978182 0.7610654750984761 0.0 0.0 0.0 0.0 0.0 0.0 0.042648059182955333 0.0 0.23503854520742537 0.0 0.0 0.0
al2rcq9eyun61
as salaamu alaikum wa rahmatullahi wa barakatuhu (greeting)
0.0 0.0 0.0 0.0 0.0 0.0 0.0 0.0 2.0931987007579145 0.0 0.0 0.0 0.0 1.0886583799566087 1.0886583799566087 0.0 0.0 0.0 0.0 0.0 0.0 0.0 0.0 0.0 1.116551323870885 1.116551323870885 0.0 0.0 0.0 0.0 0.0 0.0 0.32941265887914306 1.2898381190108714 0.0
a227cwgbxgw4yh
assalaamu alaikum wa rahmatullahi wa barakatuhu (greeting)
0.0 0.0 0.0 0.0 0.0 0.0 0.0 0.0 2.3922270865804736 0.0 0.0 0.0 0.0 1.2441810056646958 1.2441810056646958 0.0 0.0 0.0 0.0 0.0 0.0 0.0 0.0 1.317156094774123 1.27605865585244 1.27605865585244 0.0 0.0 0.0 0.0 0.0 0.0 0.0 0.0 0.0
a279zamy03pduy
assalaamu alaikum wa rahmatullahi wa barakatuhu (greeting)
0.0 0.0 0.0 0.0 0.0 0.0 0.0 0.0 2.3922270865804736 0.0 0.0 0.0 0.0 1.2441810056646958 1.2441810056646958 0.0 0.0 0.0 0.0 0.0 0.0 0.0 0.0 1.317156094774123 1.27605865585244 1.27605865585244 0.0 0.0 0.0 0.0 0.0 0.0 0.0 0.0 0.0
arq4j4tltpbnc
good
0.0 0.0 0.0 0.0 0.0 0.0 0.0 0.0 0.0 0.0 0.0 0.0 0.0 0.0 0.0 0.0 0.0 0.0 0.0 0.0 0.0 0.0 0.0 0.0 0.0 0.0 0.0 0.0 0.0 0.0 0.0 0.0 0.0 0.0 4.591857204499774
