and now why doesnt a condolence message come from anywhere anymore arent any messages of coming is no one sending do corner where the not there to send mourning so are disapproval nowhere condolences lastly anyone
and now why doesnt a condolence message come from anywhere anymore
0.09036045816384472 0.311460300992262 0.35237861687443384 0.5614154750632216 0.12889848610652213 0.6860105663497446 0.4379497037765676 0.3990105280633705 0.21935405812982173 0.6918777046349782 0.8120373264515528 0.0 0.0 0.0 0.0 0.0 0.0 0.0 0.0 0.0 0.0 0.0 0.0 0.0 0.0 0.0 0.0 0.0 0.0 0.0 0.0 0.0 0.0 0.0 0.0 0.0
and why arent any messages of condolence coming from anywhere now
0.09036045816384472 0.311460300992262 0.35237861687443384 0.0 0.0 0.6860105663497446 0.0 0.0 0.21935405812982173 0.6918777046349782 0.0 0.6657247889575436 0.3221217146500526 0.5531453134081556 0.07635834387252893 0.49912647407133365 0.0 0.0 0.0 0.0 0.0 0.0 0.0 0.0 0.0 0.0 0.0 0.0 0.0 0.0 0.0 0.0 0.0 0.0 0.0 0.0
why is no one sending messages of condolence now
0.0 0.38067370121276467 0.43068497617986357 0.0 0.0 0.83845735887191 0.0 0.0 0.0 0.0 0.0 0.0 0.0 0.6760664941655236 0.09332686473309092 0.0 0.14520172431495848 0.36982760573256557 0.32566619033399224 0.7614410054763605 0.0 0.0 0.0 0.0 0.0 0.0 0.0 0.0 0.0 0.0 0.0 0.0 0.0 0.0 0.0 0.0
why do no messages of condolence come from any corner
0.0 0.0 0.3876164785618772 0.0 0.0 0.754611622984719 0.0 0.4389115808697076 0.2412894639428039 0.0 0.0 0.0 0.3543338861150579 0.6084598447489712 0.08399417825978182 0.0 0.0 0.332844845159309 0.0 0.0 0.3237837055396189 0.8239263410407135 0.0 0.0 0.0 0.0 0.0 0.0 0.0 0.0 0.0 0.0 0.0 0.0 0.0 0.0
a1vbzioywe4osh
now from any where why the condolence message is not coming
0.0 0.311460300992262 0.35237861687443384 0.0 0.0 0.6860105663497446 0.4379497037765676 0.0 0.21935405812982173 0.0 0.0 0.0 0.3221217146500526 0.0 0.0 0.49912647407133365 0.11880141080314784 0.0 0.0 0.0 0.0 0.0 0.4114264857911661 0.03877096289359576 0.19460249893066942 0.0 0.0 0.0 0.0 0.0 0.0 0.0 0.0 0.0 0.0 0.0
a33mu4sfa9v8ei
and now why there is no condolence message coming from anywhere
0.09036045816384472 0.311460300992262 0.35237861687443384 0.0 0.0 0.6860105663497446 0.4379497037765676 0.0 0.21935405812982173 0.6918777046349782 0.0 0.0 0.0 0.0 0.0 0.49912647407133365 0.11880141080314784 0.3025862228720991 0.0 0.0 0.0 0.0 0.0 0.0 0.0 0.26036227297481546 0.0 0.0 0.0 0.0 0.0 0.0 0.0 0.0 0.0 0.0
a3dd3acpmvdvca
and why is there no one to send a mourning message from anywhere
0.07645884921556091 0.0 0.2981665219706748 0.0 0.1090679497824418 0.0 0.3705728262724803 0.0 0.185607279956003 0.5854349808449816 0.0 0.0 0.0 0.0 0.0 0.0 0.10052427067958664 0.2560344962763915 0.22546120869276384 0.0 0.0 0.0 0.0 0.0 0.0 0.22030653867099767 0.08306725459316619 0.4410567287243384 0.5180912318177585 0.0 0.0 0.0 0.0 0.0 0.0 0.0
a3u16uhguaktzs
so why are there no disapproval messages now
0.0 0.42825791386436024 0.4845205982023465 0.0 0.0 0.0 0.0 0.0 0.0 0.0 0.0 0.0 0.0 0.760574805936214 0.0 0.0 0.0 0.41605605644913624 0.0 0.0 0.0 0.0 0.0 0.0 0.0 0.35799812534037123 0.0 0.0 0.0 0.4417809861811659 0.2632670692316033 1.1525115829273576 0.0 0.0 0.0 0.0
a230hf2okthmdz
now from any where why the condolence message is not coming
0.0 0.311460300992262 0.35237861687443384 0.0 0.0 0.6860105663497446 0.4379497037765676 0.0 0.21935405812982173 0.0 0.0 0.0 0.3221217146500526 0.0 0.0 0.49912647407133365 0.11880141080314784 0.0 0.0 0.0 0.0 0.0 0.4114264857911661 0.03877096289359576 0.19460249893066942 0.0 0.0 0.0 0.0 0.0 0.0 0.0 0.0 0.0 0.0 0.0
a3edprdq0s0hp3
now from any where why the condolence message is not coming
0.0 0.311460300992262 0.35237861687443384 0.0 0.0 0.6860105663497446 0.4379497037765676 0.0 0.21935405812982173 0.0 0.0 0.0 0.3221217146500526 0.0 0.0 0.49912647407133365 0.11880141080314784 0.0 0.0 0.0 0.0 0.0 0.4114264857911661 0.03877096289359576 0.19460249893066942 0.0 0.0 0.0 0.0 0.0 0.0 0.0 0.0 0.0 0.0 0.0
air4uqnpimfcj
now from nowhere why are the condolences not coming
0.0 0.38067370121276467 0.43068497617986357 0.0 0.0 0.0 0.0 0.0 0.26809940438089325 0.0 0.0 0.0 0.0 0.0 0.0 0.6100434683094078 0.0 0.0 0.0 0.0 0.0 0.0 0.0 0.04738673242550592 0.23784749869304042 0.0 0.0 0.0 0.0 0.0 0.23401517265031405 0.0 1.0695064190585584 0.9474383869843239 0.0 0.0
a2owo5cfm8khwy
lastly why there is no condolence messages coming from anywhere
0.0 0.0 0.3876164785618772 0.0 0.0 0.754611622984719 0.0 0.0 0.2412894639428039 0.7610654750984761 0.0 0.0 0.0 0.6084598447489712 0.0 0.549039121478467 0.13068155188346262 0.332844845159309 0.0 0.0 0.0 0.0 0.0 0.0 0.0 0.28639850027229696 0.0 0.0 0.0 0.0 0.0 0.0 0.0 0.0 1.0318704952086972 0.0
a6tw9zegog7ph
and now why there is no condolence message coming from anywhere
0.09036045816384472 0.311460300992262 0.35237861687443384 0.0 0.0 0.6860105663497446 0.4379497037765676 0.0 0.21935405812982173 0.6918777046349782 0.0 0.0 0.0 0.0 0.0 0.49912647407133365 0.11880141080314784 0.3025862228720991 0.0 0.0 0.0 0.0 0.0 0.0 0.0 0.26036227297481546 0.0 0.0 0.0 0.0 0.0 0.0 0.0 0.0 0.0 0.0
a1xh9d9a4nhg4
and now why there is no message of condolence coming from anyone
0.08283041998352432 0.2855052759095735 0.32301373213489765 0.0 0.0 0.6288430191539325 0.4014538951285203 0.0 0.20107455328566992 0.0 0.0 0.0 0.0 0.0 0.06999514854981818 0.4575326012320558 0.10890129323621885 0.2773707042994242 0.0 0.0 0.0 0.0 0.0 0.0 0.0 0.2386654168935808 0.0 0.0 0.0 0.0 0.0 0.0 0.0 0.0 0.0 0.4697144770802293
a2mrhza4l9w9cl
and why is there no one to send a message of mourning from anywhere
0.07099750284302085 0.0 0.27686891325848373 0.0 0.10127738194083881 0.0 0.3441033386815889 0.0 0.17234961710200278 0.5436181964989115 0.0 0.0 0.0 0.0 0.05999584161412987 0.0 0.09334396563104473 0.23774631797093498 0.20935683664328072 0.0 0.0 0.0 0.0 0.0 0.0 0.20457035733735499 0.07713387926508289 0.4095526766725999 0.4810847152593472 0.0 0.0 0.0 0.0 0.0 0.0 0.0
a38xqb9846w49n
and why is there no one to send a mourning message from anywhere
0.07645884921556091 0.0 0.2981665219706748 0.0 0.1090679497824418 0.0 0.3705728262724803 0.0 0.185607279956003 0.5854349808449816 0.0 0.0 0.0 0.0 0.0 0.0 0.10052427067958664 0.2560344962763915 0.22546120869276384 0.0 0.0 0.0 0.0 0.0 0.0 0.22030653867099767 0.08306725459316619 0.4410567287243384 0.5180912318177585 0.0 0.0 0.0 0.0 0.0 0.0 0.0
a1wgq344wqriu5
and why is there no one to send a mourning message from anywhere
0.07645884921556091 0.0 0.2981665219706748 0.0 0.1090679497824418 0.0 0.3705728262724803 0.0 0.185607279956003 0.5854349808449816 0.0 0.0 0.0 0.0 0.0 0.0 0.10052427067958664 0.2560344962763915 0.22546120869276384 0.0 0.0 0.0 0.0 0.0 0.0 0.22030653867099767 0.08306725459316619 0.4410567287243384 0.5180912318177585 0.0 0.0 0.0 0.0 0.0 0.0 0.0
a3ohqrf1mdq99b
so why are there no disapproval messages now
0.0 0.42825791386436024 0.4845205982023465 0.0 0.0 0.0 0.0 0.0 0.0 0.0 0.0 0.0 0.0 0.760574805936214 0.0 0.0 0.0 0.41605605644913624 0.0 0.0 0.0 0.0 0.0 0.0 0.0 0.35799812534037123 0.0 0.0 0.0 0.4417809861811659 0.2632670692316033 1.1525115829273576 0.0 0.0 0.0 0.0
