or were they watching the show a game spectacle merely like spectators seeing film action leisurely having fun not else an goofing off
or were they watching the show
0.5383826955685961 0.4919379820343264 0.4306181263440316 1.0373933983108117 0.07108009863825888 0.8119945967367768 0.0 0.0 0.0 0.0 0.0 0.0 0.0 0.0 0.0 0.0 0.0 0.0 0.0 0.0 0.0 0.0 0.0
or they were watching a game
0.5383826955685961 0.4919379820343264 0.4306181263440316 1.0373933983108117 0.0 0.0 0.23631389119529056 0.9556229122360665 0.0 0.0 0.0 0.0 0.0 0.0 0.0 0.0 0.0 0.0 0.0 0.0 0.0 0.0 0.0
or were they watching the spectacle
0.5383826955685961 0.4919379820343264 0.4306181263440316 1.0373933983108117 0.07108009863825888 0.0 0.0 0.0 1.6042596285878377 0.0 0.0 0.0 0.0 0.0 0.0 0.0 0.0 0.0 0.0 0.0 0.0 0.0 0.0
or they were merely watching like spectators
0.4614708819159395 0.4216611274579941 0.36910125115202713 0.8891943414092671 0.0 0.0 0.0 0.0 0.0 1.0032668694403772 0.5394618559400237 1.0693559440043934 0.0 0.0 0.0 0.0 0.0 0.0 0.0 0.0 0.0 0.0 0.0
a3dd3acpmvdvca
or were they watching the show
0.5383826955685961 0.4919379820343264 0.4306181263440316 1.0373933983108117 0.07108009863825888 0.8119945967367768 0.0 0.0 0.0 0.0 0.0 0.0 0.0 0.0 0.0 0.0 0.0 0.0 0.0 0.0 0.0 0.0 0.0
a353ocl6lm6m4o
or they were seeing a film action
0.4614708819159395 0.4216611274579941 0.36910125115202713 0.0 0.0 0.0 0.20255476388167762 0.0 0.0 0.0 0.0 0.0 0.9435904121975233 1.27605865585244 0.6023066224962003 0.0 0.0 0.0 0.0 0.0 0.0 0.0 0.0
a172x4w90uost1
were they leisurely having fun or not
0.4614708819159395 0.4216611274579941 0.36910125115202713 0.0 0.0 0.0 0.0 0.0 0.0 0.0 0.0 0.0 0.0 0.0 0.0 1.317156094774123 0.7702073238471094 1.1076793706607764 0.30580392689105196 0.0 0.0 0.0 0.0
a2i57ww1b3evwx
or else having fun
0.8075740433528941 0.0 0.0 0.0 0.0 0.0 0.0 0.0 0.0 0.0 0.0 0.0 0.0 0.0 0.0 0.0 1.3478628167324416 1.9384388986563585 0.0 1.4412070151216074 0.0 0.0 0.0
a6tw9zegog7ph
or were they watching the show
0.5383826955685961 0.4919379820343264 0.4306181263440316 1.0373933983108117 0.07108009863825888 0.8119945967367768 0.0 0.0 0.0 0.0 0.0 0.0 0.0 0.0 0.0 0.0 0.0 0.0 0.0 0.0 0.0 0.0 0.0
au2ar4vob7vlv
were they watching the show
0.0 0.5903255784411917 0.516741751612838 1.244872077972974 0.08529611836591067 0.9743935160841322 0.0 0.0 0.0 0.0 0.0 0.0 0.0 0.0 0.0 0.0 0.0 0.0 0.0 0.0 0.0 0.0 0.0
aclg2ttpdpj36
or were they watching the show
0.5383826955685961 0.4919379820343264 0.4306181263440316 1.0373933983108117 0.07108009863825888 0.8119945967367768 0.0 0.0 0.0 0.0 0.0 0.0 0.0 0.0 0.0 0.0 0.0 0.0 0.0 0.0 0.0 0.0 0.0
ajcv8bvciqxhp
or they were seeing an action film
0.4614708819159395 0.4216611274579941 0.36910125115202713 0.0 0.0 0.0 0.0 0.0 0.0 0.0 0.0 0.0 0.9435904121975233 1.27605865585244 0.6023066224962003 0.0 0.0 0.0 0.0 0.0 0.42148075225365567 0.0 0.0
a1gnof24z9gaez
or they were seeing an action film
0.4614708819159395 0.4216611274579941 0.36910125115202713 0.0 0.0 0.0 0.0 0.0 0.0 0.0 0.0 0.0 0.9435904121975233 1.27605865585244 0.6023066224962003 0.0 0.0 0.0 0.0 0.0 0.42148075225365567 0.0 0.0
a2qxd8jqk5bvez
or they were seeing an action film
0.4614708819159395 0.4216611274579941 0.36910125115202713 0.0 0.0 0.0 0.0 0.0 0.0 0.0 0.0 0.0 0.9435904121975233 1.27605865585244 0.6023066224962003 0.0 0.0 0.0 0.0 0.0 0.42148075225365567 0.0 0.0
a1lcle8gy2eo0v
were they leisurely having fun or not were they leisurely having fun or not
0.4614708819159395 0.4216611274579941 0.36910125115202713 0.0 0.0 0.0 0.0 0.0 0.0 0.0 0.0 0.0 0.0 0.0 0.0 1.317156094774123 0.7702073238471094 1.1076793706607764 0.30580392689105196 0.0 0.0 0.0 0.0
al2rcq9eyun61
were they goofing off or not
0.5383826955685961 0.4919379820343264 0.4306181263440316 0.0 0.0 0.0 0.0 0.0 0.0 0.0 0.0 0.0 0.0 0.0 0.0 0.0 0.0 0.0 0.3567712480395606 0.0 0.0 1.719784158681162 0.9378928449763045
a2scjh3oqhuw2a
were they leisurely having fun
0.0 0.5903255784411917 0.516741751612838 0.0 0.0 0.0 0.0 0.0 0.0 0.0 0.0 0.0 0.0 0.0 0.0 1.8440185326837721 1.0782902533859533 1.5507511189250869 0.0 0.0 0.0 0.0 0.0
a1mmshjhu659at
or else having fun
0.8075740433528941 0.0 0.0 0.0 0.0 0.0 0.0 0.0 0.0 0.0 0.0 0.0 0.0 0.0 0.0 0.0 1.3478628167324416 1.9384388986563585 0.0 1.4412070151216074 0.0 0.0 0.0
