the tayaba center headquarters for jamaatuddawa is in mureedkay about twentyfive kilometers from lahore of located mureed ke around 25 away markazetaiba headquarter situated muridkay jamaatud dawa jamatuddawa tayyaba almost 25km near central jamaat al jamaaathud dawah taibah karachi head quaters jamatalqaeda tayiba at maridka which
the tayaba center headquarters for jamaatuddawa is in mureedkay about twentyfive kilometers from lahore
0.030462899416396665 0.6220905028323479 0.3661248643711971 0.5043291724332492 0.13790783565302964 0.49410768360177254 0.09334396563104473 0.07355933588976293 0.6220905028323479 0.2225745539688381 0.737050353720498 0.5436181964989115 0.17234961710200278 0.39047676344052523 0.0 0.0 0.0 0.0 0.0 0.0 0.0 0.0 0.0 0.0 0.0 0.0 0.0 0.0 0.0 0.0 0.0 0.0 0.0 0.0 0.0 0.0 0.0 0.0 0.0 0.0 0.0 0.0 0.0 0.0 0.0 0.0
the headquarters of jamaatuddawa is located in mureed ke around 25 kilometers away from lahore
0.028432039455303555 0.0 0.0 0.4707072276043659 0.0 0.46116717136165436 0.08712103458897508 0.06865538016377874 0.0 0.0 0.0 0.5073769833989841 0.16085964262853594 0.3644449792111569 0.05599611883985455 0.46116717136165436 0.6879136634724647 0.6879136634724647 0.3538713105327143 0.5073769833989841 0.34359459854423047 0.0 0.0 0.0 0.0 0.0 0.0 0.0 0.0 0.0 0.0 0.0 0.0 0.0 0.0 0.0 0.0 0.0 0.0 0.0 0.0 0.0 0.0 0.0 0.0 0.0
markazetaiba the headquarter of jamaatuddawa is situated in muridkay 25 about kilometers from lahore
0.030462899416396665 0.0 0.0 0.0 0.0 0.49410768360177254 0.09334396563104473 0.07355933588976293 0.0 0.2225745539688381 0.0 0.5436181964989115 0.17234961710200278 0.39047676344052523 0.05999584161412987 0.0 0.0 0.0 0.0 0.5436181964989115 0.0 0.6220905028323479 0.5538396853303882 0.5595570215927836 0.6220905028323479 0.0 0.0 0.0 0.0 0.0 0.0 0.0 0.0 0.0 0.0 0.0 0.0 0.0 0.0 0.0 0.0 0.0 0.0 0.0 0.0 0.0
the headquarters of jamaatud dawa markazetaiba is 25 kilometers from lahore
0.03877096289359576 0.0 0.0 0.6418734921877717 0.0 0.0 0.11880141080314784 0.0 0.0 0.0 0.0 0.6918777046349782 0.21935405812982173 0.49697042619703213 0.07635834387252893 0.0 0.0 0.0 0.0 0.6918777046349782 0.0 0.7917515490593519 0.0 0.0 0.0 0.7383163977046138 0.5806253926693313 0.0 0.0 0.0 0.0 0.0 0.0 0.0 0.0 0.0 0.0 0.0 0.0 0.0 0.0 0.0 0.0 0.0 0.0 0.0
a1wyssw33m2fz2
the headquarter of jamatuddawa tayyaba center is almost 25km away from lahore near mureedkay
0.030462899416396665 0.0 0.3661248643711971 0.0 0.0 0.0 0.09334396563104473 0.0 0.6220905028323479 0.0 0.0 0.0 0.17234961710200278 0.39047676344052523 0.05999584161412987 0.0 0.0 0.0 0.0 0.0 0.36813706986881833 0.0 0.5538396853303882 0.0 0.0 0.0 0.0 0.4470187101100394 0.5071306519441979 0.39217080105604785 0.6585780473870615 0.3596786588106416 0.0 0.0 0.0 0.0 0.0 0.0 0.0 0.0 0.0 0.0 0.0 0.0 0.0 0.0
a143bvgouf83je
the central headquarter of jamaat al dawa is in muridkay almost 25 kilometers away from lahore
0.026655036989347083 0.0 0.0 0.0 0.0 0.0 0.08167596992716414 0.06436441890354257 0.0 0.0 0.0 0.47566592193654755 0.15080591496425244 0.3416671680104596 0.05249636141236364 0.0 0.0 0.0 0.0 0.47566592193654755 0.32211993613521606 0.0 0.48460972466408964 0.0 0.5443291899783044 0.0 0.3991799574601653 0.0 0.0 0.34314945092404187 0.0 0.0 0.3991799574601653 0.43446307013128105 0.3643792863971769 0.0 0.0 0.0 0.0 0.0 0.0 0.0 0.0 0.0 0.0 0.0
a3dd3acpmvdvca
the central headquarters of jamaaathud dawah is in taibah about 25 kilometers from karachi
0.030462899416396665 0.0 0.0 0.5043291724332492 0.0 0.0 0.09334396563104473 0.07355933588976293 0.0 0.2225745539688381 0.0 0.5436181964989115 0.17234961710200278 0.0 0.05999584161412987 0.0 0.0 0.0 0.0 0.5436181964989115 0.0 0.0 0.0 0.0 0.0 0.0 0.0 0.0 0.0 0.0 0.0 0.0 0.45620566566876036 0.0 0.0 0.5100465086956446 0.4388798344422381 0.5595570215927836 0.3014736192800522 0.0 0.0 0.0 0.0 0.0 0.0 0.0
alrghxunh1uv7
the head quaters of jamatalqaeda is located 25 kilometers away from central tayiba lahore at maridka
0.026655036989347083 0.0 0.0 0.0 0.0 0.0 0.08167596992716414 0.0 0.0 0.0 0.0 0.47566592193654755 0.15080591496425244 0.3416671680104596 0.05249636141236364 0.43234422315155097 0.0 0.0 0.0 0.47566592193654755 0.32211993613521606 0.0 0.0 0.0 0.0 0.0 0.0 0.0 0.0 0.0 0.0 0.0 0.3991799574601653 0.0 0.0 0.0 0.0 0.0 0.0 0.3426514403209683 0.6449190595054357 0.5010074911933078 0.6015973607204391 0.19359999086902968 0.6015973607204391 0.0
a3lhs82826iskx
the headquarter of jamatuddawa tayyaba center is almost 25km away from lahore near mureedkay
0.030462899416396665 0.0 0.3661248643711971 0.0 0.0 0.0 0.09334396563104473 0.0 0.6220905028323479 0.0 0.0 0.0 0.17234961710200278 0.39047676344052523 0.05999584161412987 0.0 0.0 0.0 0.0 0.0 0.36813706986881833 0.0 0.5538396853303882 0.0 0.0 0.0 0.0 0.4470187101100394 0.5071306519441979 0.39217080105604785 0.6585780473870615 0.3596786588106416 0.0 0.0 0.0 0.0 0.0 0.0 0.0 0.0 0.0 0.0 0.0 0.0 0.0 0.0
amjejkgf6r4hk
the headquarters of jamatuddawa tayyaba center is almost 25km away from lahore which is near mureedkay
0.026655036989347083 0.0 0.3203592563247975 0.44128802587909305 0.0 0.0 0.16335193985432828 0.0 0.5443291899783044 0.0 0.0 0.0 0.15080591496425244 0.3416671680104596 0.05249636141236364 0.0 0.0 0.0 0.0 0.0 0.32211993613521606 0.0 0.0 0.0 0.0 0.0 0.0 0.39114137134628446 0.44373932045117315 0.34314945092404187 0.5762557914636788 0.3147188264593114 0.0 0.0 0.0 0.0 0.0 0.0 0.0 0.0 0.0 0.0 0.0 0.0 0.0 0.18847093130313566
a6tw9zegog7ph
the headquarter of jamatuddawa tayyaba center is almost 25 kilometers away from lahore near mureedkay
0.028432039455303555 0.0 0.341716540079784 0.0 0.0 0.0 0.08712103458897508 0.0 0.5806178026435247 0.0 0.0 0.5073769833989841 0.16085964262853594 0.3644449792111569 0.05599611883985455 0.0 0.0 0.0 0.0 0.5073769833989841 0.34359459854423047 0.0 0.5169170396416957 0.0 0.0 0.0 0.0 0.4172174627693701 0.4733219418145847 0.36602608098564465 0.0 0.3357000815565988 0.0 0.0 0.0 0.0 0.0 0.0 0.0 0.0 0.0 0.0 0.0 0.0 0.0 0.0
al9ouse16p4du
the central headquarter of jamaat al dawa is in muridkay almost 25 kilometers away from lahore
0.026655036989347083 0.0 0.0 0.0 0.0 0.0 0.08167596992716414 0.06436441890354257 0.0 0.0 0.0 0.47566592193654755 0.15080591496425244 0.3416671680104596 0.05249636141236364 0.0 0.0 0.0 0.0 0.47566592193654755 0.32211993613521606 0.0 0.48460972466408964 0.0 0.5443291899783044 0.0 0.3991799574601653 0.0 0.0 0.34314945092404187 0.0 0.0 0.3991799574601653 0.43446307013128105 0.3643792863971769 0.0 0.0 0.0 0.0 0.0 0.0 0.0 0.0 0.0 0.0 0.0
a291u81kgj6l9n
the central headquarter of jamaat al dawa is in muridkay almost 25 kilometers away from lahore
0.026655036989347083 0.0 0.0 0.0 0.0 0.0 0.08167596992716414 0.06436441890354257 0.0 0.0 0.0 0.47566592193654755 0.15080591496425244 0.3416671680104596 0.05249636141236364 0.0 0.0 0.0 0.0 0.47566592193654755 0.32211993613521606 0.0 0.48460972466408964 0.0 0.5443291899783044 0.0 0.3991799574601653 0.0 0.0 0.34314945092404187 0.0 0.0 0.3991799574601653 0.43446307013128105 0.3643792863971769 0.0 0.0 0.0 0.0 0.0 0.0 0.0 0.0 0.0 0.0 0.0
a2qxd8jqk5bvez
the central headquarter of jamaat al dawa is in muridkay almost 25 kilometers away from lahore
0.026655036989347083 0.0 0.0 0.0 0.0 0.0 0.08167596992716414 0.06436441890354257 0.0 0.0 0.0 0.47566592193654755 0.15080591496425244 0.3416671680104596 0.05249636141236364 0.0 0.0 0.0 0.0 0.47566592193654755 0.32211993613521606 0.0 0.48460972466408964 0.0 0.5443291899783044 0.0 0.3991799574601653 0.0 0.0 0.34314945092404187 0.0 0.0 0.3991799574601653 0.43446307013128105 0.3643792863971769 0.0 0.0 0.0 0.0 0.0 0.0 0.0 0.0 0.0 0.0 0.0
a330jjzgjl7ig2
the central headquarters of jamaaathud dawah is in taibah about 25 kilometers from karachi
0.030462899416396665 0.0 0.0 0.5043291724332492 0.0 0.0 0.09334396563104473 0.07355933588976293 0.0 0.2225745539688381 0.0 0.5436181964989115 0.17234961710200278 0.0 0.05999584161412987 0.0 0.0 0.0 0.0 0.5436181964989115 0.0 0.0 0.0 0.0 0.0 0.0 0.0 0.0 0.0 0.0 0.0 0.0 0.45620566566876036 0.0 0.0 0.5100465086956446 0.4388798344422381 0.5595570215927836 0.3014736192800522 0.0 0.0 0.0 0.0 0.0 0.0 0.0
awmob8jnvgesj
the central headquarters of jamaaathud dawah is in taibah about 25 kilometers from karachi
0.030462899416396665 0.0 0.0 0.5043291724332492 0.0 0.0 0.09334396563104473 0.07355933588976293 0.0 0.2225745539688381 0.0 0.5436181964989115 0.17234961710200278 0.0 0.05999584161412987 0.0 0.0 0.0 0.0 0.5436181964989115 0.0 0.0 0.0 0.0 0.0 0.0 0.0 0.0 0.0 0.0 0.0 0.0 0.45620566566876036 0.0 0.0 0.5100465086956446 0.4388798344422381 0.5595570215927836 0.3014736192800522 0.0 0.0 0.0 0.0 0.0 0.0 0.0
a6tw9zegog7ph
the central headquarters of jamaaathud dawah is in taibah about 25 kilometers from karachi
0.030462899416396665 0.0 0.0 0.5043291724332492 0.0 0.0 0.09334396563104473 0.07355933588976293 0.0 0.2225745539688381 0.0 0.5436181964989115 0.17234961710200278 0.0 0.05999584161412987 0.0 0.0 0.0 0.0 0.5436181964989115 0.0 0.0 0.0 0.0 0.0 0.0 0.0 0.0 0.0 0.0 0.0 0.0 0.45620566566876036 0.0 0.0 0.5100465086956446 0.4388798344422381 0.5595570215927836 0.3014736192800522 0.0 0.0 0.0 0.0 0.0 0.0 0.0
a3ohqrf1mdq99b
the headquarters of jamatalqaeda is located 25 kilometers away from central tayiba lahore at maridka
0.028432039455303555 0.0 0.0 0.4707072276043659 0.0 0.0 0.08712103458897508 0.0 0.0 0.0 0.0 0.5073769833989841 0.16085964262853594 0.3644449792111569 0.05599611883985455 0.46116717136165436 0.0 0.0 0.0 0.5073769833989841 0.34359459854423047 0.0 0.0 0.0 0.0 0.0 0.0 0.0 0.0 0.0 0.0 0.0 0.42579195462417635 0.0 0.0 0.0 0.0 0.0 0.0 0.0 0.0 0.5344079906061949 0.6417038514351351 0.206506656926965 0.6417038514351351 0.0
