the answer to this cannot be found in any religion or family tradition it has no justification neither nor traditions provides its allows for there is allowance of reason families baseless and roots customs need permission allow
the answer to this cannot be found in any religion or any family tradition
0.030462899416396665 0.3888219734918442 0.07713387926508289 0.12239292023914428 0.3749857678476242 0.1533444961399393 0.32963731981648353 0.07355933588976293 0.5061912658786542 0.31801692108240526 0.23073544095796975 0.3596786588106416 0.45345807418106066 0.0 0.0 0.0 0.0 0.0 0.0 0.0 0.0 0.0 0.0 0.0 0.0 0.0 0.0 0.0 0.0 0.0 0.0 0.0 0.0 0.0 0.0 0.0 0.0
it has no justification neither in any religion nor in any family tradition
0.0 0.0 0.0 0.0 0.0 0.0 0.0 0.15843549268564325 0.5451290555616276 0.34247976116566725 0.0 0.3873462479499217 0.4883394645026807 0.15578118746358657 0.1579075090716326 0.2560344962763915 0.6025998694076131 0.4136201945752051 0.39689612714403394 0.0 0.0 0.0 0.0 0.0 0.0 0.0 0.0 0.0 0.0 0.0 0.0 0.0 0.0 0.0 0.0 0.0 0.0
neither any religion nor any family traditions provides its justification
0.0 0.0 0.0 0.0 0.0 0.0 0.0 0.0 0.7086677722301158 0.4452236895153674 0.0 0.5035501223348982 0.0 0.0 0.0 0.0 0.7833798302298971 0.5377062529477666 0.5159649652872441 0.5899864344290373 0.7753755594625434 0.33138229623741106 0.0 0.0 0.0 0.0 0.0 0.0 0.0 0.0 0.0 0.0 0.0 0.0 0.0 0.0 0.0
neither any religion nor any family tradition allows for it
0.0 0.0 0.0 0.0 0.0 0.0 0.0 0.0 0.7086677722301158 0.4452236895153674 0.0 0.5035501223348982 0.6348413038534849 0.20251554370266253 0.0 0.0 0.0 0.5377062529477666 0.5159649652872441 0.0 0.0 0.0 0.7753755594625434 0.1930709699142415 0.0 0.0 0.0 0.0 0.0 0.0 0.0 0.0 0.0 0.0 0.0 0.0 0.0
a3fq8i38xt2b4z
there is no allowance of this in any religion or family traditions
0.0 0.0 0.0 0.14279174027900166 0.0 0.0 0.0 0.08581922520472342 0.2952782384292149 0.3710197412628062 0.26919134778429804 0.4196251019457485 0.0 0.0 0.0 0.2773707042994242 0.0 0.0 0.0 0.49165536202419774 0.0 0.0 0.0 0.0 0.2386654168935808 0.10890129323621885 0.6528165251915808 0.06999514854981818 0.0 0.0 0.0 0.0 0.0 0.0 0.0 0.0 0.0
ayowrg5s0py3f
there is no reason for this in any religion or in any families
0.0 0.0 0.0 0.13180776025753999 0.0 0.0 0.0 0.15843549268564325 0.5451290555616276 0.34247976116566725 0.2484843210316597 0.0 0.0 0.0 0.0 0.2560344962763915 0.0 0.0 0.0 0.0 0.0 0.0 0.0 0.1485161307032627 0.22030653867099767 0.10052427067958664 0.0 0.0 0.37088744052259764 0.5461407020937515 0.0 0.0 0.0 0.0 0.0 0.0 0.0
a3hs2e871iw2fi
its baseless and has no roots in any religion nor in family customs
0.0 0.0 0.0 0.0 0.0 0.0 0.0 0.15843549268564325 0.2725645277808138 0.34247976116566725 0.0 0.3873462479499217 0.0 0.0 0.1579075090716326 0.2560344962763915 0.0 0.0 0.39689612714403394 0.0 0.0 0.25490945864416237 0.0 0.0 0.0 0.0 0.0 0.0 0.0 0.0 0.5804704792190146 0.07645884921556091 0.5804704792190146 0.5374231109162898 0.0 0.0 0.0
a7o9tyb0xcikg
its need is neither in any religion nor in any customs
0.0 0.0 0.0 0.0 0.0 0.0 0.0 0.18724194590121473 0.6442434293001053 0.40474880865033397 0.0 0.0 0.0 0.0 0.0 0.0 0.0 0.4888238663161515 0.4690590593520401 0.0 0.0 0.30125663294310095 0.0 0.0 0.0 0.11880141080314784 0.0 0.0 0.0 0.0 0.0 0.0 0.0 0.6351364038101607 0.4659771001087964 0.0 0.0
a330jjzgjl7ig2
there is no permission for this in any religion or family traditions
0.0 0.0 0.0 0.14279174027900166 0.0 0.0 0.0 0.08581922520472342 0.2952782384292149 0.3710197412628062 0.26919134778429804 0.4196251019457485 0.0 0.0 0.0 0.2773707042994242 0.0 0.0 0.0 0.49165536202419774 0.0 0.0 0.0 0.1608924749285346 0.2386654168935808 0.10890129323621885 0.0 0.0 0.0 0.0 0.0 0.0 0.0 0.0 0.0 0.5186966991554058 0.0
a3andctf0w1pqd
no religion or family tradition allows this
0.0 0.0 0.0 0.24478584047828855 0.0 0.0 0.0 0.0 0.0 0.6360338421648105 0.4614708819159395 0.7193573176212832 0.9069161483621213 0.0 0.0 0.47549263594186997 0.0 0.0 0.0 0.0 0.0 0.0 1.1076793706607764 0.0 0.0 0.0 0.0 0.0 0.0 0.0 0.0 0.0 0.0 0.0 0.0 0.0 0.0
a2rcbwy8ulhnj0
no religion or family traditions allow this
0.0 0.0 0.0 0.24478584047828855 0.0 0.0 0.0 0.0 0.0 0.6360338421648105 0.4614708819159395 0.7193573176212832 0.0 0.0 0.0 0.47549263594186997 0.0 0.0 0.0 0.8428377634700533 0.0 0.0 0.0 0.0 0.0 0.0 0.0 0.0 0.0 0.0 0.0 0.0 0.0 0.0 0.0 0.0 0.8592342655546858
a2unp2crnrfiw8
there is no reason for this in any religion or in any families
0.0 0.0 0.0 0.13180776025753999 0.0 0.0 0.0 0.15843549268564325 0.5451290555616276 0.34247976116566725 0.2484843210316597 0.0 0.0 0.0 0.0 0.2560344962763915 0.0 0.0 0.0 0.0 0.0 0.0 0.0 0.1485161307032627 0.22030653867099767 0.10052427067958664 0.0 0.0 0.37088744052259764 0.5461407020937515 0.0 0.0 0.0 0.0 0.0 0.0 0.0
a2nowscvbop9jc
there is no reason for this in any religion or in any family
0.0 0.0 0.0 0.13180776025753999 0.0 0.0 0.0 0.15843549268564325 0.5451290555616276 0.34247976116566725 0.2484843210316597 0.3873462479499217 0.0 0.0 0.0 0.2560344962763915 0.0 0.0 0.0 0.0 0.0 0.0 0.0 0.1485161307032627 0.22030653867099767 0.10052427067958664 0.0 0.0 0.37088744052259764 0.0 0.0 0.0 0.0 0.0 0.0 0.0 0.0
aa1hdtufsq32b
there is no reason for this in any religion or in any families
0.0 0.0 0.0 0.13180776025753999 0.0 0.0 0.0 0.15843549268564325 0.5451290555616276 0.34247976116566725 0.2484843210316597 0.0 0.0 0.0 0.0 0.2560344962763915 0.0 0.0 0.0 0.0 0.0 0.0 0.0 0.1485161307032627 0.22030653867099767 0.10052427067958664 0.0 0.0 0.37088744052259764 0.5461407020937515 0.0 0.0 0.0 0.0 0.0 0.0 0.0
a3l62wt9zlhu7v
its baseless and has no roots in any religion or in family customs
0.0 0.0 0.0 0.0 0.0 0.0 0.0 0.15843549268564325 0.2725645277808138 0.34247976116566725 0.2484843210316597 0.3873462479499217 0.0 0.0 0.1579075090716326 0.2560344962763915 0.0 0.0 0.0 0.0 0.0 0.25490945864416237 0.0 0.0 0.0 0.0 0.0 0.0 0.0 0.0 0.5804704792190146 0.07645884921556091 0.5804704792190146 0.5374231109162898 0.0 0.0 0.0
a1c0lbe9vl3ax
its baseless and has no roots in any religion nor in family customs
0.0 0.0 0.0 0.0 0.0 0.0 0.0 0.15843549268564325 0.2725645277808138 0.34247976116566725 0.0 0.3873462479499217 0.0 0.0 0.1579075090716326 0.2560344962763915 0.0 0.0 0.39689612714403394 0.0 0.0 0.25490945864416237 0.0 0.0 0.0 0.0 0.0 0.0 0.0 0.0 0.5804704792190146 0.07645884921556091 0.5804704792190146 0.5374231109162898 0.0 0.0 0.0
a14b80scbt25dr
its baseless has no roots in any religion nor in family customs
0.0 0.0 0.0 0.0 0.0 0.0 0.0 0.17163845040944684 0.2952782384292149 0.3710197412628062 0.0 0.4196251019457485 0.0 0.0 0.1710664681609353 0.2773707042994242 0.0 0.0 0.4299708044060368 0.0 0.0 0.2761519135311759 0.0 0.0 0.0 0.0 0.0 0.0 0.0 0.0 0.6288430191539325 0.0 0.6288430191539325 0.5822083701593139 0.0 0.0 0.0
a3vh1yukhij6jl
its need is neither in any religion nor in any customs
0.0 0.0 0.0 0.0 0.0 0.0 0.0 0.18724194590121473 0.6442434293001053 0.40474880865033397 0.0 0.0 0.0 0.0 0.0 0.0 0.0 0.4888238663161515 0.4690590593520401 0.0 0.0 0.30125663294310095 0.0 0.0 0.0 0.11880141080314784 0.0 0.0 0.0 0.0 0.0 0.0 0.0 0.6351364038101607 0.4659771001087964 0.0 0.0
