in my view this is a right that has been granted to him by the sharia what do you think his religious say opinion according me it point of their i believe legitimate they have would be ur due religion not whats your
in my view this is a right that has been granted to him by the sharia what do you think
0.05149153512283405 0.20392145534581005 0.26186502935512534 0.08567504416740099 0.06534077594173131 0.07089416735858717 0.23694875630503742 0.060403721212989994 0.10263988089656118 0.1472351546368405 0.40080599295464625 0.05399371548555802 0.1862145746168596 0.12477296307007239 0.021324029591477667 0.3742745804015377 0.15411828046663134 0.16189185276980944 0.1593903060895312 0.20894101999303577 0.0 0.0 0.0 0.0 0.0 0.0 0.0 0.0 0.0 0.0 0.0 0.0 0.0 0.0 0.0 0.0 0.0 0.0 0.0 0.0 0.0 0.0 0.0
in my view this is his religious right what do you say
0.08581922520472342 0.33986909224301676 0.4364417155918756 0.14279174027900166 0.10890129323621885 0.0 0.39491459384172906 0.0 0.0 0.0 0.0 0.0 0.0 0.0 0.0 0.0 0.2568638007777189 0.26981975461634905 0.26565051014921864 0.0 0.2225368267654209 0.4616317882479535 0.3261230411713441 0.0 0.0 0.0 0.0 0.0 0.0 0.0 0.0 0.0 0.0 0.0 0.0 0.0 0.0 0.0 0.0 0.0 0.0 0.0 0.0
in my opinion this is his right by sharia what do you say
0.07921774634282162 0.31372531591663083 0.0 0.13180776025753999 0.10052427067958664 0.0 0.36453654816159603 0.0 0.0 0.0 0.0 0.0 0.0 0.19195840472318831 0.0 0.5758070467715964 0.23710504687174053 0.2490643888766299 0.2452158555223557 0.0 0.205418609321927 0.0 0.301036653388933 0.3304044122404568 0.0 0.0 0.0 0.0 0.0 0.0 0.0 0.0 0.0 0.0 0.0 0.0 0.0 0.0 0.0 0.0 0.0 0.0 0.0
according to me it is his sharia right what do you say
0.0 0.0 0.0 0.0 0.10890129323621885 0.0 0.39491459384172906 0.0 0.0 0.0 0.0 0.08998952580926338 0.0 0.0 0.0 0.6237909673358962 0.2568638007777189 0.26981975461634905 0.26565051014921864 0.0 0.2225368267654209 0.0 0.3261230411713441 0.0 0.2744305531207042 0.4096689641845576 0.16876295308555211 0.0 0.0 0.0 0.0 0.0 0.0 0.0 0.0 0.0 0.0 0.0 0.0 0.0 0.0 0.0 0.0
a143bvgouf83je
in my opinion this is religious right what do you say
0.09362097295060737 0.3707662824469274 0.0 0.15577280757709272 0.11880141080314784 0.0 0.4308159205546135 0.0 0.0 0.0 0.0 0.0 0.0 0.0 0.0 0.0 0.28021505539387515 0.29434882321783534 0.28980055652642034 0.0 0.0 0.5035983144523128 0.355770590368739 0.39047794173872163 0.0 0.0 0.0 0.0 0.0 0.0 0.0 0.0 0.0 0.0 0.0 0.0 0.0 0.0 0.0 0.0 0.0 0.0 0.0
a1wyssw33m2fz2
in my point of view it is their religious right what do you say
0.07355933588976293 0.29131636477972866 0.37409289907875054 0.0 0.09334396563104473 0.0 0.3384982232929106 0.0 0.0 0.0 0.0 0.0 0.0 0.0 0.0 0.0 0.22016897209518763 0.23127407538544206 0.22770043727075887 0.0 0.0 0.39568438992681726 0.2795340352897235 0.0 0.0 0.0 0.1446539597876161 0.38206368946506924 0.05999584161412987 0.21265864998027212 0.0 0.0 0.0 0.0 0.0 0.0 0.0 0.0 0.0 0.0 0.0 0.0 0.0
a3dd3acpmvdvca
i believe this is his legitimate right what do you say
0.0 0.0 0.0 0.15577280757709272 0.11880141080314784 0.0 0.4308159205546135 0.0 0.0 0.0 0.0 0.0 0.0 0.0 0.0 0.0 0.28021505539387515 0.29434882321783534 0.28980055652642034 0.0 0.24276744738045916 0.0 0.355770590368739 0.0 0.0 0.0 0.0 0.0 0.0 0.0 0.29527098589333584 0.47279192178820145 0.7490239464006486 0.0 0.0 0.0 0.0 0.0 0.0 0.0 0.0 0.0 0.0
alrghxunh1uv7
in my opinion they have the right what would be ur opinion
0.08581922520472342 0.33986909224301676 0.0 0.0 0.0 0.0 0.39491459384172906 0.0 0.0 0.0 0.0 0.0 0.0 0.0 0.03554004931912944 0.0 0.2568638007777189 0.0 0.0 0.0 0.0 0.0 0.0 0.7158762265209897 0.0 0.0 0.0 0.0 0.0 0.0 0.0 0.0 0.0 0.2153090631720158 0.1906641689990358 0.28825750403606404 0.17890191216326254 0.6461462995521196 0.0 0.0 0.0 0.0 0.0
a2bk4fasw056jr
in my opinion this is the religious right what do you say
0.08581922520472342 0.33986909224301676 0.0 0.14279174027900166 0.10890129323621885 0.0 0.39491459384172906 0.0 0.0 0.0 0.0 0.0 0.0 0.0 0.03554004931912944 0.0 0.2568638007777189 0.26981975461634905 0.26565051014921864 0.0 0.0 0.4616317882479535 0.3261230411713441 0.35793811326049485 0.0 0.0 0.0 0.0 0.0 0.0 0.0 0.0 0.0 0.0 0.0 0.0 0.0 0.0 0.0 0.0 0.0 0.0 0.0
a2qxd8jqk5bvez
in my opinion this is religious right what do you say
0.09362097295060737 0.3707662824469274 0.0 0.15577280757709272 0.11880141080314784 0.0 0.4308159205546135 0.0 0.0 0.0 0.0 0.0 0.0 0.0 0.0 0.0 0.28021505539387515 0.29434882321783534 0.28980055652642034 0.0 0.0 0.5035983144523128 0.355770590368739 0.39047794173872163 0.0 0.0 0.0 0.0 0.0 0.0 0.0 0.0 0.0 0.0 0.0 0.0 0.0 0.0 0.0 0.0 0.0 0.0 0.0
a12vqhpt0yhmis
in my opinion this is due to religion is it not
0.09362097295060737 0.3707662824469274 0.0 0.15577280757709272 0.23760282160629567 0.0 0.0 0.0 0.0 0.0 0.0 0.09817039179192368 0.0 0.0 0.0 0.0 0.0 0.0 0.0 0.0 0.0 0.0 0.0 0.39047794173872163 0.0 0.0 0.18410503972969322 0.0 0.0 0.0 0.0 0.0 0.0 0.0 0.0 0.0 0.0 0.0 0.3956871102693889 0.40474880865033397 0.19460249893066942 0.0 0.0
a1g9f1kosfkijh
in my point of view it is their religious right what do you say
0.07355933588976293 0.29131636477972866 0.37409289907875054 0.0 0.09334396563104473 0.0 0.3384982232929106 0.0 0.0 0.0 0.0 0.0 0.0 0.0 0.0 0.0 0.22016897209518763 0.23127407538544206 0.22770043727075887 0.0 0.0 0.39568438992681726 0.2795340352897235 0.0 0.0 0.0 0.1446539597876161 0.38206368946506924 0.05999584161412987 0.21265864998027212 0.0 0.0 0.0 0.0 0.0 0.0 0.0 0.0 0.0 0.0 0.0 0.0 0.0
a9x4g4wpj27d6
in my point of view it is their religious right what do you say
0.07355933588976293 0.29131636477972866 0.37409289907875054 0.0 0.09334396563104473 0.0 0.3384982232929106 0.0 0.0 0.0 0.0 0.0 0.0 0.0 0.0 0.0 0.22016897209518763 0.23127407538544206 0.22770043727075887 0.0 0.0 0.39568438992681726 0.2795340352897235 0.0 0.0 0.0 0.1446539597876161 0.38206368946506924 0.05999584161412987 0.21265864998027212 0.0 0.0 0.0 0.0 0.0 0.0 0.0 0.0 0.0 0.0 0.0 0.0 0.0
a143awku99stc9
in my point of view it is their religious right what do you say
0.07355933588976293 0.29131636477972866 0.37409289907875054 0.0 0.09334396563104473 0.0 0.3384982232929106 0.0 0.0 0.0 0.0 0.0 0.0 0.0 0.0 0.0 0.22016897209518763 0.23127407538544206 0.22770043727075887 0.0 0.0 0.39568438992681726 0.2795340352897235 0.0 0.0 0.0 0.1446539597876161 0.38206368946506924 0.05999584161412987 0.21265864998027212 0.0 0.0 0.0 0.0 0.0 0.0 0.0 0.0 0.0 0.0 0.0 0.0 0.0
a2dwqf4zhhblow
i believe this is his legitimate right what do you say
0.0 0.0 0.0 0.15577280757709272 0.11880141080314784 0.0 0.4308159205546135 0.0 0.0 0.0 0.0 0.0 0.0 0.0 0.0 0.0 0.28021505539387515 0.29434882321783534 0.28980055652642034 0.0 0.24276744738045916 0.0 0.355770590368739 0.0 0.0 0.0 0.0 0.0 0.0 0.0 0.29527098589333584 0.47279192178820145 0.7490239464006486 0.0 0.0 0.0 0.0 0.0 0.0 0.0 0.0 0.0 0.0
a87c5tu9lryej
i believe this is his legitimate right what do you say
0.0 0.0 0.0 0.15577280757709272 0.11880141080314784 0.0 0.4308159205546135 0.0 0.0 0.0 0.0 0.0 0.0 0.0 0.0 0.0 0.28021505539387515 0.29434882321783534 0.28980055652642034 0.0 0.24276744738045916 0.0 0.355770590368739 0.0 0.0 0.0 0.0 0.0 0.0 0.0 0.29527098589333584 0.47279192178820145 0.7490239464006486 0.0 0.0 0.0 0.0 0.0 0.0 0.0 0.0 0.0 0.0
a2j0215qnm7t6u
i believe this is his legitimate right what do you think
0.0 0.0 0.0 0.15577280757709272 0.11880141080314784 0.0 0.4308159205546135 0.0 0.0 0.0 0.0 0.0 0.0 0.0 0.0 0.0 0.28021505539387515 0.29434882321783534 0.28980055652642034 0.3798927636237014 0.24276744738045916 0.0 0.0 0.0 0.0 0.0 0.0 0.0 0.0 0.0 0.29527098589333584 0.47279192178820145 0.7490239464006486 0.0 0.0 0.0 0.0 0.0 0.0 0.0 0.0 0.0 0.0
arq4j4tltpbnc
in my opinion they have the right whats your opinion
0.1029830702456681 0.4078429106916201 0.0 0.0 0.0 0.0 0.47389751261007484 0.0 0.0 0.0 0.0 0.0 0.0 0.0 0.042648059182955333 0.0 0.0 0.0 0.0 0.0 0.0 0.0 0.0 0.8590514718251876 0.0 0.0 0.0 0.0 0.0 0.0 0.0 0.0 0.0 0.258370875806419 0.22879700279884294 0.0 0.0 0.0 0.0 0.0 0.0 0.6986500441911767 0.37436291114873504
