pakistan has the capability to arm or disarm itself poses this much enough ability capacity is capable of deciding issues by either dialogues arms and be armed unarmed taking up military dangerous
pakistan has the capability to arm or disarm itself
0.2619648318004001 0.2280886242145804 0.04738673242550592 0.7723787913444996 0.11998603441235117 0.831721289781195 0.3589217970457307 0.7649686386224249 0.599050140769974 0.0 0.0 0.0 0.0 0.0 0.0 0.0 0.0 0.0 0.0 0.0 0.0 0.0 0.0 0.0 0.0 0.0 0.0 0.0 0.0 0.0 0.0 0.0
pakistan poses this much capability to arm or disarm itself
0.23576834862036006 0.0 0.0 0.6951409122100497 0.10798743097111604 0.7485491608030754 0.32302961734115765 0.6884717747601824 0.5391451266929767 0.870926703965287 0.17135008833480198 0.48633838367292687 0.0 0.0 0.0 0.0 0.0 0.0 0.0 0.0 0.0 0.0 0.0 0.0 0.0 0.0 0.0 0.0 0.0 0.0 0.0 0.0
pakistan has enough ability to arm or disarm
0.2947104357754501 0.25659970224140294 0.0 0.0 0.13498428871389506 0.9356864510038443 0.40378702167644703 0.860589718450228 0.0 0.0 0.0 0.0 0.7587762137547015 0.7034196337322284 0.0 0.0 0.0 0.0 0.0 0.0 0.0 0.0 0.0 0.0 0.0 0.0 0.0 0.0 0.0 0.0 0.0 0.0
pakistan has the capacity to arm or disarm itself
0.2619648318004001 0.2280886242145804 0.04738673242550592 0.0 0.11998603441235117 0.831721289781195 0.3589217970457307 0.7649686386224249 0.599050140769974 0.0 0.0 0.0 0.0 0.0 0.8704220335887745 0.0 0.0 0.0 0.0 0.0 0.0 0.0 0.0 0.0 0.0 0.0 0.0 0.0 0.0 0.0 0.0 0.0
a3hs2e871iw2fi
pakistan is capable of deciding the issues by either dialogues or by arms
0.18136026816950773 0.0 0.0328061993715041 0.0 0.0 0.0 0.2484843210316597 0.0 0.0 0.0 0.0 0.0 0.0 0.0 0.0 0.10052427067958664 0.5559740383637426 0.06461090635367833 0.6871085069974677 0.4136201945752051 0.38391680944637663 0.4242064544118242 0.6025998694076131 0.5026550244745162 0.0 0.0 0.0 0.0 0.0 0.0 0.0 0.0
a3dd3acpmvdvca
pakistan has the ability to arm and disarm
0.2947104357754501 0.25659970224140294 0.05331007397869417 0.0 0.13498428871389506 0.9356864510038443 0.0 0.860589718450228 0.0 0.0 0.0 0.0 0.0 0.7034196337322284 0.0 0.0 0.0 0.0 0.0 0.0 0.0 0.0 0.0 0.0 0.12424562997528649 0.0 0.0 0.0 0.0 0.0 0.0 0.0
a2de039cxxjuga
pakistan has ability to arm or disarm
0.3368119266005144 0.29325680256160336 0.0 0.0 0.15426775853016578 1.0693559440043934 0.4614708819159395 0.9835311068002606 0.0 0.0 0.0 0.0 0.0 0.8039081528368325 0.0 0.0 0.0 0.0 0.0 0.0 0.0 0.0 0.0 0.0 0.0 0.0 0.0 0.0 0.0 0.0 0.0 0.0
a3u16uhguaktzs
pakistan has the ability to be armed or unarmed
0.2619648318004001 0.2280886242145804 0.04738673242550592 0.0 0.11998603441235117 0.0 0.3589217970457307 0.0 0.0 0.0 0.0 0.0 0.0 0.6252618966508696 0.0 0.0 0.0 0.0 0.0 0.0 0.0 0.0 0.0 0.0 0.0 0.23853588288435004 0.553462985820628 0.74835400151454 0.0 0.0 0.0 0.0
a6tw9zegog7ph
pakistan is capable of deciding the issues by either dialogues or by taking up arms
0.15717889908024005 0.0 0.028432039455303555 0.0 0.0 0.0 0.2153530782274384 0.0 0.0 0.0 0.0 0.0 0.0 0.0 0.0 0.08712103458897508 0.4818441665819103 0.05599611883985455 0.5954940393978053 0.3584708352985111 0.33272790152019305 0.367645593823581 0.5222532201532647 0.43563435454458066 0.0 0.0 0.0 0.0 0.31346225696136 0.28699931973627796 0.0 0.0
ayeowkx2r19vz
pakistan is capable of deciding the issues by either dialogues or by arms
0.18136026816950773 0.0 0.0328061993715041 0.0 0.0 0.0 0.2484843210316597 0.0 0.0 0.0 0.0 0.0 0.0 0.0 0.0 0.10052427067958664 0.5559740383637426 0.06461090635367833 0.6871085069974677 0.4136201945752051 0.38391680944637663 0.4242064544118242 0.6025998694076131 0.5026550244745162 0.0 0.0 0.0 0.0 0.0 0.0 0.0 0.0
a3m6cl5oao31z
pakistan is capable of deciding the issues by either dialogues or by arms
0.18136026816950773 0.0 0.0328061993715041 0.0 0.0 0.0 0.2484843210316597 0.0 0.0 0.0 0.0 0.0 0.0 0.0 0.0 0.10052427067958664 0.5559740383637426 0.06461090635367833 0.6871085069974677 0.4136201945752051 0.38391680944637663 0.4242064544118242 0.6025998694076131 0.5026550244745162 0.0 0.0 0.0 0.0 0.0 0.0 0.0 0.0
a262d9pq8d093q
pakistan has the ability to arm and disarm
0.2947104357754501 0.25659970224140294 0.05331007397869417 0.0 0.13498428871389506 0.9356864510038443 0.0 0.860589718450228 0.0 0.0 0.0 0.0 0.0 0.7034196337322284 0.0 0.0 0.0 0.0 0.0 0.0 0.0 0.0 0.0 0.0 0.12424562997528649 0.0 0.0 0.0 0.0 0.0 0.0 0.0
a227cwgbxgw4yh
pakistan has the ability to arm and disarm
0.2947104357754501 0.25659970224140294 0.05331007397869417 0.0 0.13498428871389506 0.9356864510038443 0.0 0.860589718450228 0.0 0.0 0.0 0.0 0.0 0.7034196337322284 0.0 0.0 0.0 0.0 0.0 0.0 0.0 0.0 0.0 0.0 0.12424562997528649 0.0 0.0 0.0 0.0 0.0 0.0 0.0
a2zhr3rebfem5a
pakistan has the ability to arm and disarm
0.2947104357754501 0.25659970224140294 0.05331007397869417 0.0 0.13498428871389506 0.9356864510038443 0.0 0.860589718450228 0.0 0.0 0.0 0.0 0.0 0.7034196337322284 0.0 0.0 0.0 0.0 0.0 0.0 0.0 0.0 0.0 0.0 0.12424562997528649 0.0 0.0 0.0 0.0 0.0 0.0 0.0
a3ac8dxx921q9m
pakistan has the ability to arm or disarm
0.2947104357754501 0.25659970224140294 0.05331007397869417 0.0 0.13498428871389506 0.9356864510038443 0.40378702167644703 0.860589718450228 0.0 0.0 0.0 0.0 0.0 0.7034196337322284 0.0 0.0 0.0 0.0 0.0 0.0 0.0 0.0 0.0 0.0 0.0 0.0 0.0 0.0 0.0 0.0 0.0 0.0
a230hf2okthmdz
pakistan has ability to arm or disarm
0.3368119266005144 0.29325680256160336 0.0 0.0 0.15426775853016578 1.0693559440043934 0.4614708819159395 0.9835311068002606 0.0 0.0 0.0 0.0 0.0 0.8039081528368325 0.0 0.0 0.0 0.0 0.0 0.0 0.0 0.0 0.0 0.0 0.0 0.0 0.0 0.0 0.0 0.0 0.0 0.0
a2ylf04uakyvf1
pakistan has the ability to arm or disarm itself
0.2619648318004001 0.2280886242145804 0.04738673242550592 0.0 0.11998603441235117 0.831721289781195 0.3589217970457307 0.7649686386224249 0.599050140769974 0.0 0.0 0.0 0.0 0.6252618966508696 0.0 0.0 0.0 0.0 0.0 0.0 0.0 0.0 0.0 0.0 0.0 0.0 0.0 0.0 0.0 0.0 0.0 0.0
a3kgfvvjyor2nl
pakistan military is armed and dangerous
0.39294724770060013 0.0 0.0 0.0 0.0 0.0 0.0 0.0 0.0 0.0 0.0 0.0 0.0 0.0 0.0 0.2178025864724377 0.0 0.0 0.0 0.0 0.0 0.0 0.0 0.0 0.16566083996704864 0.0 0.8301944787309421 0.0 0.0 0.0 0.7879529952626857 0.8926433869711773
