we have made entirely too much progress enough achieved succeeded a lot of development that people success progressed had the
we have made entirely too much progress
0.4374868160566129 0.3268528611412042 0.5581266691967248 1.1602114821072502 0.7164857205754135 0.6947691195327527 0.8891943414092671 0.0 0.0 0.0 0.0 0.0 0.0 0.0 0.0 0.0 0.0 0.0 0.0 0.0
we have made enough progress
0.612481542479258 0.45759400559768587 0.7813773368754148 0.0 0.0 0.0 1.244872077972974 1.2140419420075224 0.0 0.0 0.0 0.0 0.0 0.0 0.0 0.0 0.0 0.0 0.0 0.0
we have made enough progress
0.612481542479258 0.45759400559768587 0.7813773368754148 0.0 0.0 0.0 1.244872077972974 1.2140419420075224 0.0 0.0 0.0 0.0 0.0 0.0 0.0 0.0 0.0 0.0 0.0 0.0
we have achieved much progress
0.612481542479258 0.45759400559768587 0.0 0.0 0.0 0.9726767673458537 1.244872077972974 0.0 1.4548365028727095 0.0 0.0 0.0 0.0 0.0 0.0 0.0 0.0 0.0 0.0 0.0
a1wyssw33m2fz2
we have succeeded a lot
0.612481542479258 0.45759400559768587 0.0 0.0 0.0 0.0 0.0 0.0 0.0 1.647852682081427 0.28357666943434867 1.118263426674926 0.0 0.0 0.0 0.0 0.0 0.0 0.0 0.0
a143bvgouf83je
enough of development that we have made
0.4374868160566129 0.3268528611412042 0.5581266691967248 0.0 0.0 0.0 0.0 0.8671728157196589 0.0 0.0 0.0 0.0 0.11999168322825975 0.7975009290989251 0.17258206060854284 0.0 0.0 0.0 0.0 0.0
a1vbzioywe4osh
we people have achieved lot of success
0.4374868160566129 0.3268528611412042 0.0 0.0 0.0 0.0 0.0 0.0 1.039168930623364 0.0 0.0 0.7987595904820901 0.11999168322825975 0.0 0.0 0.38669465035807915 0.8755786014372208 0.0 0.0 0.0
a3u16uhguaktzs
we have progressed enough
0.7656019280990726 0.5719925069971074 0.0 0.0 0.0 0.0 0.0 1.517552427509403 0.0 0.0 0.0 0.0 0.0 0.0 0.0 0.0 0.0 1.9584495755747426 0.0 0.0
a1ih5ceu09nm63
we have succeeded a lot
0.612481542479258 0.45759400559768587 0.0 0.0 0.0 0.0 0.0 0.0 0.0 1.647852682081427 0.28357666943434867 1.118263426674926 0.0 0.0 0.0 0.0 0.0 0.0 0.0 0.0
a2lt5vxo2ls0ul
we have succeeded a lot we have had a lot of success
0.5104012853993817 0.3813283379980716 0.0 0.0 0.0 0.0 0.0 0.0 0.0 0.6866052842005946 0.23631389119529056 0.9318861888957718 0.06999514854981818 0.0 0.0 0.0 0.5107541841717121 0.0 0.288432574128465 0.0
a291u81kgj6l9n
we have succeeded a lot
0.612481542479258 0.45759400559768587 0.0 0.0 0.0 0.0 0.0 0.0 0.0 1.647852682081427 0.28357666943434867 1.118263426674926 0.0 0.0 0.0 0.0 0.0 0.0 0.0 0.0
attzel5iaoiw5
enough of development that we have made
0.4374868160566129 0.3268528611412042 0.5581266691967248 0.0 0.0 0.0 0.0 0.8671728157196589 0.0 0.0 0.0 0.0 0.11999168322825975 0.7975009290989251 0.17258206060854284 0.0 0.0 0.0 0.0 0.0
a2rcbwy8ulhnj0
enough of development that we have made
0.4374868160566129 0.3268528611412042 0.5581266691967248 0.0 0.0 0.0 0.0 0.8671728157196589 0.0 0.0 0.0 0.0 0.11999168322825975 0.7975009290989251 0.17258206060854284 0.0 0.0 0.0 0.0 0.0
a230hf2okthmdz
enough of development that we have made
0.4374868160566129 0.3268528611412042 0.5581266691967248 0.0 0.0 0.0 0.0 0.8671728157196589 0.0 0.0 0.0 0.0 0.11999168322825975 0.7975009290989251 0.17258206060854284 0.0 0.0 0.0 0.0 0.0
a2qxd8jqk5bvez
we have achieved lot of success
0.5104012853993817 0.3813283379980716 0.0 0.0 0.0 0.0 0.0 0.0 1.2123637523939246 0.0 0.0 0.9318861888957718 0.13999029709963637 0.0 0.0 0.0 1.0215083683434243 0.0 0.0 0.0
aa1hdtufsq32b
we the people have achieved a lot of success
0.3402675235995878 0.2542188919987144 0.0 0.0 0.0 0.0 0.0 0.0 0.8082425015959498 0.0 0.1575425941301937 0.6212574592638478 0.09332686473309092 0.0 0.0 0.30076250583406156 0.6810055788956162 0.0 0.0 0.04738673242550592
a6tw9zegog7ph
we have achieved a lot of success
0.4374868160566129 0.3268528611412042 0.0 0.0 0.0 0.0 0.0 0.0 1.039168930623364 0.0 0.20255476388167762 0.7987595904820901 0.11999168322825975 0.0 0.0 0.0 0.8755786014372208 0.0 0.0 0.0
a2f69lkq5jcvdg
we have progressed enough
0.7656019280990726 0.5719925069971074 0.0 0.0 0.0 0.0 0.0 1.517552427509403 0.0 0.0 0.0 0.0 0.0 0.0 0.0 0.0 0.0 1.9584495755747426 0.0 0.0
