in this respect it is not only the american public but whole world that has various expectations from obama perspective reposed different entire associated with addition to rest of pinned its hopes on him setup let alone about keeping people aside all developed for crisis are one side while expecting things form background americans rather a increased concerning situation just high say nothing and have most other
in this respect it is not only the american public but the whole world that has various expectations from obama
0.05149153512283405 0.08567504416740099 0.25914532575183546 0.10125777185133127 0.06534077594173131 0.10703137441186819 0.16829881537310512 0.042648059182955333 0.15700797341616354 0.23546165784510054 0.13058211483582488 0.23024860732888008 0.16605544845525222 0.060403721212989994 0.10263988089656118 0.30645251050302724 0.30280125375228273 0.12064473197140195 0.169951055111978 0.0 0.0 0.0 0.0 0.0 0.0 0.0 0.0 0.0 0.0 0.0 0.0 0.0 0.0 0.0 0.0 0.0 0.0 0.0 0.0 0.0 0.0 0.0 0.0 0.0 0.0 0.0 0.0 0.0 0.0 0.0 0.0 0.0 0.0 0.0 0.0 0.0 0.0 0.0 0.0 0.0 0.0 0.0 0.0 0.0 0.0 0.0 0.0
in this perspective not only the american public but the whole world has reposed different expectations in obama
0.1144256336062979 0.09519449351933444 0.0 0.0 0.0 0.11892374934652021 0.18699868374789458 0.04738673242550592 0.17445330379573729 0.2616240642723339 0.14509123870647211 0.2558317859209779 0.18450605383916913 0.0 0.1140443121072902 0.0 0.33644583750253637 0.0 0.18883450567997553 0.40683181547405445 0.5732613862270539 0.28859672070465064 0.0 0.0 0.0 0.0 0.0 0.0 0.0 0.0 0.0 0.0 0.0 0.0 0.0 0.0 0.0 0.0 0.0 0.0 0.0 0.0 0.0 0.0 0.0 0.0 0.0 0.0 0.0 0.0 0.0 0.0 0.0 0.0 0.0 0.0 0.0 0.0 0.0 0.0 0.0 0.0 0.0 0.0 0.0 0.0 0.0
in this perspective not only the american public the entire world has various expectations associated with obama
0.06057827661509889 0.10079416960870705 0.0 0.0 0.0 0.12591926401396258 0.19799860632130015 0.0501741872740651 0.18471526284254536 0.277013715111883 0.0 0.0 0.19535935112382613 0.0 0.12075280105477786 0.3605323652976791 0.35623676912033264 0.0 0.19994241777879762 0.4307630987372341 0.0 0.0 0.3530127552088624 0.3885372285519213 0.13825796776907376 0.0 0.0 0.0 0.0 0.0 0.0 0.0 0.0 0.0 0.0 0.0 0.0 0.0 0.0 0.0 0.0 0.0 0.0 0.0 0.0 0.0 0.0 0.0 0.0 0.0 0.0 0.0 0.0 0.0 0.0 0.0 0.0 0.0 0.0 0.0 0.0 0.0 0.0 0.0 0.0 0.0 0.0
in addition to the american public the rest of the world has pinned its hopes on him
0.06057827661509889 0.0 0.0 0.0 0.0 0.0 0.0 0.07526128091109764 0.18471526284254536 0.277013715111883 0.0 0.0 0.19535935112382613 0.0 0.12075280105477786 0.0 0.0 0.0 0.0 0.0 0.0 0.0 0.0 0.0 0.0 0.34921637161253466 0.06352201821830356 0.37233652385427624 0.04940834015281284 0.5254359171157106 0.19493076249259475 0.3885372285519213 0.11017692719857666 0.2190759701374819 0.0 0.0 0.0 0.0 0.0 0.0 0.0 0.0 0.0 0.0 0.0 0.0 0.0 0.0 0.0 0.0 0.0 0.0 0.0 0.0 0.0 0.0 0.0 0.0 0.0 0.0 0.0 0.0 0.0 0.0 0.0 0.0 0.0
a3dd3acpmvdvca
in this setup let alone the american public the whole world has different hopes about obama
0.06436441890354257 0.10709380520925124 0.0 0.0 0.0 0.0 0.0 0.05331007397869417 0.19625996677020444 0.29432707230637567 0.0 0.2878107591611001 0.20756931056906527 0.0 0.12829985112070147 0.0 0.0 0.0 0.21243881888997249 0.0 0.0 0.324671310792732 0.0 0.0 0.0 0.0 0.0 0.0 0.0 0.0 0.0 0.4128208053364164 0.0 0.0 0.5443291899783044 0.3101324173384349 0.3890225243665544 0.19475273472273333 0.0 0.0 0.0 0.0 0.0 0.0 0.0 0.0 0.0 0.0 0.0 0.0 0.0 0.0 0.0 0.0 0.0 0.0 0.0 0.0 0.0 0.0 0.0 0.0 0.0 0.0 0.0 0.0 0.0
a3sw1e5d0b9v9a
in this perspective keeping the american people aside all the world has developed various expectations for obama
0.06057827661509889 0.10079416960870705 0.0 0.0 0.0 0.0 0.0 0.0501741872740651 0.18471526284254536 0.0 0.0 0.0 0.19535935112382613 0.0 0.12075280105477786 0.3605323652976791 0.35623676912033264 0.0 0.19994241777879762 0.4307630987372341 0.0 0.0 0.0 0.0 0.0 0.0 0.0 0.0 0.0 0.0 0.0 0.0 0.0 0.0 0.0 0.0 0.0 0.0 0.34921637161253466 0.15922720897097375 0.4337803513482665 0.18489501402722053 0.4069122100249891 0.11357115877308324 0.0 0.0 0.0 0.0 0.0 0.0 0.0 0.0 0.0 0.0 0.0 0.0 0.0 0.0 0.0 0.0 0.0 0.0 0.0 0.0 0.0 0.0 0.0
a21xirv18up71h
in this crisis the american people are on one side while the rest of the world is expecting different things form obama
0.046810486475303684 0.07788640378854636 0.0 0.0 0.05940070540157392 0.0 0.0 0.05815644434039364 0.1427345212874214 0.0 0.0 0.0 0.15095949859568383 0.0 0.0 0.0 0.0 0.0 0.15450095919270726 0.0 0.0 0.23612458966744143 0.0 0.0 0.0 0.0 0.0 0.287714586614668 0.03817917193626447 0.0 0.0 0.0 0.08513671647162742 0.0 0.0 0.0 0.0 0.0 0.0 0.12303920693211609 0.0 0.0 0.0 0.0 0.2222436055969332 0.09573347972058302 0.13322707786390592 0.22067605213915276 0.18238316659722525 0.34907489193053237 0.24640296146072996 0.25335331016926 0.0 0.0 0.0 0.0 0.0 0.0 0.0 0.0 0.0 0.0 0.0 0.0 0.0 0.0 0.0
a3kwcqj39dxkt4
on the background the americans are rather a different people in the world
0.07921774634282162 0.0 0.0 0.0 0.0 0.0 0.0 0.09841859811451231 0.0 0.0 0.0 0.0 0.25546992070038804 0.0 0.0 0.0 0.0 0.0 0.0 0.0 0.0 0.3995954594372086 0.0 0.0 0.0 0.0 0.0 0.0 0.0 0.0 0.0 0.0 0.1440775201827541 0.0 0.0 0.0 0.0 0.0 0.0 0.208220196346658 0.0 0.0 0.0 0.0 0.0 0.1620105041425251 0.0 0.0 0.0 0.0 0.0 0.0 0.5062334872156617 0.43217112202265806 0.4169896270873892 0.1090679497824418 0.0 0.0 0.0 0.0 0.0 0.0 0.0 0.0 0.0 0.0 0.0
a219vcqzadq45w
not only the american public but the whole world has increased expectations concerning obama
0.0 0.0 0.0 0.0 0.0 0.15290196344552598 0.2404268791044359 0.06092579883279333 0.22429710488023363 0.3363737969215722 0.1865458783368927 0.3289265818984001 0.23722206922178887 0.0 0.14662840128080168 0.0 0.4325732196461182 0.0 0.24278722158854 0.0 0.0 0.0 0.0 0.0 0.0 0.0 0.0 0.0 0.0 0.0 0.0 0.0 0.0 0.0 0.0 0.0 0.0 0.0 0.0 0.0 0.0 0.0 0.0 0.0 0.0 0.0 0.0 0.0 0.0 0.0 0.0 0.0 0.0 0.0 0.0 0.0 0.35310189602877184 0.519584465311682 0.0 0.0 0.0 0.0 0.0 0.0 0.0 0.0 0.0
a2bk4fasw056jr
in this situation the whole world not just the american public has high hopes for obama
0.06436441890354257 0.10709380520925124 0.0 0.0 0.0 0.13378921801483523 0.0 0.05331007397869417 0.19625996677020444 0.29432707230637567 0.0 0.2878107591611001 0.20756931056906527 0.0 0.12829985112070147 0.0 0.0 0.0 0.21243881888997249 0.0 0.0 0.0 0.0 0.0 0.0 0.0 0.0 0.0 0.0 0.0 0.0 0.4128208053364164 0.0 0.0 0.0 0.0 0.0 0.0 0.0 0.0 0.0 0.0 0.0 0.12066935619640094 0.0 0.0 0.0 0.0 0.0 0.0 0.0 0.0 0.0 0.0 0.0 0.0 0.0 0.0 0.2558841576757257 0.2840095879089101 0.3224781033045276 0.0 0.0 0.0 0.0 0.0 0.0
a3qu3km3iywhif
in this situation the whole world to say nothing of the american public has different hopes for obama
0.05721281680314895 0.09519449351933444 0.0 0.0 0.0 0.0 0.0 0.04738673242550592 0.17445330379573729 0.2616240642723339 0.0 0.2558317859209779 0.18450605383916913 0.0 0.1140443121072902 0.0 0.0 0.0 0.18883450567997553 0.0 0.0 0.28859672070465064 0.0 0.0 0.0 0.0 0.059993017206175586 0.0 0.04666343236654546 0.0 0.0 0.3669518269657035 0.0 0.0 0.0 0.0 0.0 0.0 0.0 0.0 0.0 0.0 0.0 0.10726164995235639 0.0 0.0 0.0 0.0 0.0 0.0 0.0 0.0 0.0 0.0 0.0 0.0 0.0 0.0 0.22745258460064507 0.0 0.0 0.21741536078089607 0.30327180820696104 0.0 0.0 0.0 0.0
ajfwu2g6a1bhs
in this perspective keeping the american people aside all the world has developed various expectations for obama
0.06057827661509889 0.10079416960870705 0.0 0.0 0.0 0.0 0.0 0.0501741872740651 0.18471526284254536 0.0 0.0 0.0 0.19535935112382613 0.0 0.12075280105477786 0.3605323652976791 0.35623676912033264 0.0 0.19994241777879762 0.4307630987372341 0.0 0.0 0.0 0.0 0.0 0.0 0.0 0.0 0.0 0.0 0.0 0.0 0.0 0.0 0.0 0.0 0.0 0.0 0.34921637161253466 0.15922720897097375 0.4337803513482665 0.18489501402722053 0.4069122100249891 0.11357115877308324 0.0 0.0 0.0 0.0 0.0 0.0 0.0 0.0 0.0 0.0 0.0 0.0 0.0 0.0 0.0 0.0 0.0 0.0 0.0 0.0 0.0 0.0 0.0
au2ar4vob7vlv
world has developed various expectations for obama
0.0 0.0 0.0 0.0 0.0 0.0 0.0 0.0 0.0 0.0 0.0 0.0 0.47444413844357775 0.0 0.29325680256160336 0.8755786014372208 0.8651464392922364 0.0 0.48557444317708 0.0 0.0 0.0 0.0 0.0 0.0 0.0 0.0 0.0 0.0 0.0 0.0 0.0 0.0 0.0 0.0 0.0 0.0 0.0 0.0 0.0 0.0 0.0 0.9882153672035451 0.2758156713060593 0.0 0.0 0.0 0.0 0.0 0.0 0.0 0.0 0.0 0.0 0.0 0.0 0.0 0.0 0.0 0.0 0.0 0.0 0.0 0.0 0.0 0.0 0.0
a279zamy03pduy
in this perspective keeping the american people aside all the world has developed various expectations for obama
0.06057827661509889 0.10079416960870705 0.0 0.0 0.0 0.0 0.0 0.0501741872740651 0.18471526284254536 0.0 0.0 0.0 0.19535935112382613 0.0 0.12075280105477786 0.3605323652976791 0.35623676912033264 0.0 0.19994241777879762 0.4307630987372341 0.0 0.0 0.0 0.0 0.0 0.0 0.0 0.0 0.0 0.0 0.0 0.0 0.0 0.0 0.0 0.0 0.0 0.0 0.34921637161253466 0.15922720897097375 0.4337803513482665 0.18489501402722053 0.4069122100249891 0.11357115877308324 0.0 0.0 0.0 0.0 0.0 0.0 0.0 0.0 0.0 0.0 0.0 0.0 0.0 0.0 0.0 0.0 0.0 0.0 0.0 0.0 0.0 0.0 0.0
a227cwgbxgw4yh
in this crisis the american people and the rest of the world have different expectations of obama
0.06057827661509889 0.10079416960870705 0.0 0.0 0.0 0.0 0.0 0.07526128091109764 0.18471526284254536 0.0 0.0 0.0 0.19535935112382613 0.0 0.0 0.0 0.35623676912033264 0.0 0.19994241777879762 0.0 0.0 0.3055729983931595 0.0 0.0 0.0 0.0 0.0 0.37233652385427624 0.09881668030562568 0.0 0.0 0.0 0.0 0.0 0.0 0.0 0.0 0.0 0.0 0.15922720897097375 0.0 0.0 0.0 0.0 0.28760937194897235 0.0 0.0 0.0 0.0 0.0 0.0 0.0 0.0 0.0 0.0 0.0 0.0 0.0 0.0 0.0 0.0 0.0 0.0 0.058468531753075995 0.1345864722346135 0.0 0.0
a3qu3km3iywhif
in this crisis the american people are on one side while the rest of the world is expecting different things from obama
0.046810486475303684 0.07788640378854636 0.0 0.0 0.05940070540157392 0.0 0.0 0.05815644434039364 0.1427345212874214 0.0 0.0 0.0 0.15095949859568383 0.0 0.0 0.0 0.0 0.10967702906491086 0.15450095919270726 0.0 0.0 0.23612458966744143 0.0 0.0 0.0 0.0 0.0 0.287714586614668 0.03817917193626447 0.0 0.0 0.0 0.08513671647162742 0.0 0.0 0.0 0.0 0.0 0.0 0.12303920693211609 0.0 0.0 0.0 0.0 0.2222436055969332 0.09573347972058302 0.13322707786390592 0.22067605213915276 0.18238316659722525 0.34907489193053237 0.24640296146072996 0.0 0.0 0.0 0.0 0.0 0.0 0.0 0.0 0.0 0.0 0.0 0.0 0.0 0.0 0.0 0.0
a2zhr3rebfem5a
in this crisis the american people are on one side while the rest of the world is expecting different things from obama
0.046810486475303684 0.07788640378854636 0.0 0.0 0.05940070540157392 0.0 0.0 0.05815644434039364 0.1427345212874214 0.0 0.0 0.0 0.15095949859568383 0.0 0.0 0.0 0.0 0.10967702906491086 0.15450095919270726 0.0 0.0 0.23612458966744143 0.0 0.0 0.0 0.0 0.0 0.287714586614668 0.03817917193626447 0.0 0.0 0.0 0.08513671647162742 0.0 0.0 0.0 0.0 0.0 0.0 0.12303920693211609 0.0 0.0 0.0 0.0 0.2222436055969332 0.09573347972058302 0.13322707786390592 0.22067605213915276 0.18238316659722525 0.34907489193053237 0.24640296146072996 0.0 0.0 0.0 0.0 0.0 0.0 0.0 0.0 0.0 0.0 0.0 0.0 0.0 0.0 0.0 0.0
a3ohqrf1mdq99b
on the whole americans are different from most other people in the world
0.07921774634282162 0.0 0.0 0.0 0.0 0.0 0.0 0.0656123987430082 0.0 0.0 0.0 0.3542286266598155 0.25546992070038804 0.0 0.0 0.0 0.0 0.185607279956003 0.0 0.0 0.0 0.3995954594372086 0.0 0.0 0.0 0.0 0.0 0.0 0.0 0.0 0.0 0.0 0.1440775201827541 0.0 0.0 0.0 0.0 0.0 0.0 0.208220196346658 0.0 0.0 0.0 0.0 0.0 0.1620105041425251 0.0 0.0 0.0 0.0 0.0 0.0 0.0 0.43217112202265806 0.0 0.0 0.0 0.0 0.0 0.0 0.0 0.0 0.0 0.0 0.0 0.34907395663804935 0.25681761627116984
