may allah the holy grant these warriors more strength give fighters and god mujahedeen power infidel government them so that they can topple this taqat freedom are gifted devil mujahideen evil great should mujhahideen rule with than powerful less mujaheddin
may allah the holy grant these holy warriors more strength
0.4457918728621105 0.44868224748034535 0.042648059182955333 1.4281302243478051 0.7753755594625434 0.30115026373222326 0.9220092663418861 0.36216707044204866 0.627565368425242 0.0 0.0 0.0 0.0 0.0 0.0 0.0 0.0 0.0 0.0 0.0 0.0 0.0 0.0 0.0 0.0 0.0 0.0 0.0 0.0 0.0 0.0 0.0 0.0 0.0 0.0 0.0 0.0 0.0 0.0 0.0
may allah give these fighters more strength and
0.5572398410776381 0.5608528093504317 0.0 0.0 0.0 0.37643782966527906 0.0 0.4527088380525608 0.7844567105315525 0.5516678880040501 0.7661312762575682 0.12424562997528649 0.0 0.0 0.0 0.0 0.0 0.0 0.0 0.0 0.0 0.0 0.0 0.0 0.0 0.0 0.0 0.0 0.0 0.0 0.0 0.0 0.0 0.0 0.0 0.0 0.0 0.0 0.0 0.0
god may grant these mujahedeen more power and the infidel government
0.405265338965555 0.0 0.03877096289359576 0.0 0.7048868722386759 0.2737729670292939 0.0 0.3292427913109533 0.0 0.0 0.0 0.09036045816384472 0.4315046290826551 0.8750507065024569 0.411704071017247 0.8381902421289873 0.2722613078076958 0.0 0.0 0.0 0.0 0.0 0.0 0.0 0.0 0.0 0.0 0.0 0.0 0.0 0.0 0.0 0.0 0.0 0.0 0.0 0.0 0.0 0.0 0.0
may allah give them strength so that they can topple this government
0.3714932273850921 0.3739018729002878 0.0 0.0 0.0 0.0 0.0 0.0 0.5229711403543683 0.3677785920027001 0.0 0.0 0.0 0.0 0.0 0.0 0.24957286549038782 0.2843291811198681 0.2945206574541106 0.10067286868831665 0.2153090631720158 0.2626389229312292 0.859892079340581 0.14279174027900166 0.0 0.0 0.0 0.0 0.0 0.0 0.0 0.0 0.0 0.0 0.0 0.0 0.0 0.0 0.0 0.0
a2iouac3vzbks6
taqat
0.0 0.0 0.0 0.0 0.0 0.0 0.0 0.0 0.0 0.0 0.0 0.0 0.0 0.0 0.0 0.0 0.0 0.0 0.0 0.0 0.0 0.0 0.0 0.0 8.93241059096708 0.0 0.0 0.0 0.0 0.0 0.0 0.0 0.0 0.0 0.0 0.0 0.0 0.0 0.0 0.0
a353ocl6lm6m4o
these freedom fighters are gifted more power and the devil
0.0 0.0 0.042648059182955333 0.0 0.0 0.30115026373222326 0.0 0.36216707044204866 0.0 0.0 0.6129050210060545 0.09939650398022919 0.0 0.0 0.4528744781189717 0.0 0.0 0.0 0.0 0.0 0.0 0.0 0.0 0.0 0.0 0.5703584435245712 0.21061365538528265 0.8016119859092925 0.8016119859092925 0.0 0.0 0.0 0.0 0.0 0.0 0.0 0.0 0.0 0.0 0.0
a3dd3acpmvdvca
may allah give these mujahideen more power and the evil government
0.405265338965555 0.4078929522548594 0.03877096289359576 0.0 0.0 0.2737729670292939 0.0 0.3292427913109533 0.0 0.401213009457491 0.0 0.09036045816384472 0.0 0.0 0.411704071017247 0.0 0.2722613078076958 0.0 0.0 0.0 0.0 0.0 0.0 0.0 0.0 0.0 0.0 0.0 0.0 0.5961368033084917 0.5737610697140454 0.0 0.0 0.0 0.0 0.0 0.0 0.0 0.0 0.0
a2i57ww1b3evwx
allah the great should give this mujhahideen more power and rule
0.0 0.4078929522548594 0.03877096289359576 0.0 0.0 0.0 0.0 0.3292427913109533 0.0 0.401213009457491 0.0 0.09036045816384472 0.0 0.0 0.411704071017247 0.0 0.0 0.0 0.0 0.0 0.0 0.0 0.0 0.15577280757709272 0.0 0.0 0.0 0.0 0.0 0.0 0.0 0.4297925428705558 0.2722013611580399 0.938064086553361 0.5051391833899286 0.0 0.0 0.0 0.0 0.0
a230hf2okthmdz
taqat
0.0 0.0 0.0 0.0 0.0 0.0 0.0 0.0 0.0 0.0 0.0 0.0 0.0 0.0 0.0 0.0 0.0 0.0 0.0 0.0 0.0 0.0 0.0 0.0 8.93241059096708 0.0 0.0 0.0 0.0 0.0 0.0 0.0 0.0 0.0 0.0 0.0 0.0 0.0 0.0 0.0
a17b7qtkwfq5pq
taqat
0.0 0.0 0.0 0.0 0.0 0.0 0.0 0.0 0.0 0.0 0.0 0.0 0.0 0.0 0.0 0.0 0.0 0.0 0.0 0.0 0.0 0.0 0.0 0.0 8.93241059096708 0.0 0.0 0.0 0.0 0.0 0.0 0.0 0.0 0.0 0.0 0.0 0.0 0.0 0.0 0.0
a3edprdq0s0hp3
taqat
0.0 0.0 0.0 0.0 0.0 0.0 0.0 0.0 0.0 0.0 0.0 0.0 0.0 0.0 0.0 0.0 0.0 0.0 0.0 0.0 0.0 0.0 0.0 0.0 8.93241059096708 0.0 0.0 0.0 0.0 0.0 0.0 0.0 0.0 0.0 0.0 0.0 0.0 0.0 0.0 0.0
al2rcq9eyun61
these freedom fighters are gifted with more power than the devil
0.0 0.0 0.03877096289359576 0.0 0.0 0.2737729670292939 0.0 0.3292427913109533 0.0 0.0 0.5571863827327769 0.0 0.0 0.0 0.411704071017247 0.0 0.0 0.0 0.0 0.0 0.0 0.0 0.0 0.0 0.0 0.5185076759314283 0.19146695944116604 0.7287381690084477 0.7287381690084477 0.0 0.0 0.0 0.0 0.0 0.0 0.21367140473402307 0.3779543300356268 0.0 0.0 0.0
air4uqnpimfcj
these freedom fighters are gifted with more power and the devil
0.0 0.0 0.03877096289359576 0.0 0.0 0.2737729670292939 0.0 0.3292427913109533 0.0 0.0 0.5571863827327769 0.09036045816384472 0.0 0.0 0.411704071017247 0.0 0.0 0.0 0.0 0.0 0.0 0.0 0.0 0.0 0.0 0.5185076759314283 0.19146695944116604 0.7287381690084477 0.7287381690084477 0.0 0.0 0.0 0.0 0.0 0.0 0.21367140473402307 0.0 0.0 0.0 0.0
a6tw9zegog7ph
these freedom fighters are gifted more powerful than the devil
0.0 0.0 0.042648059182955333 0.0 0.0 0.30115026373222326 0.0 0.36216707044204866 0.0 0.0 0.6129050210060545 0.0 0.0 0.0 0.0 0.0 0.0 0.0 0.0 0.0 0.0 0.0 0.0 0.0 0.0 0.5703584435245712 0.21061365538528265 0.8016119859092925 0.8016119859092925 0.0 0.0 0.0 0.0 0.0 0.0 0.0 0.4157497630391894 0.6258261941540552 0.0 0.0
a3qu3km3iywhif
may allah give these mujahideen more power and the evil government less
0.3714932273850921 0.3739018729002878 0.03554004931912944 0.0 0.0 0.25095855311018606 0.0 0.30180589203504055 0.0 0.3677785920027001 0.0 0.08283041998352432 0.0 0.0 0.37739539843247644 0.0 0.24957286549038782 0.0 0.0 0.0 0.0 0.0 0.0 0.0 0.0 0.0 0.0 0.0 0.0 0.5464587363661174 0.5259476472378749 0.0 0.0 0.0 0.0 0.0 0.0 0.0 0.44632169348558864 0.0
a230hf2okthmdz
may allah give these mujahideen more power and the evil government
0.405265338965555 0.4078929522548594 0.03877096289359576 0.0 0.0 0.2737729670292939 0.0 0.3292427913109533 0.0 0.401213009457491 0.0 0.09036045816384472 0.0 0.0 0.411704071017247 0.0 0.2722613078076958 0.0 0.0 0.0 0.0 0.0 0.0 0.0 0.0 0.0 0.0 0.0 0.0 0.5961368033084917 0.5737610697140454 0.0 0.0 0.0 0.0 0.0 0.0 0.0 0.0 0.0
a1wdewmcsp3t61
may allah give these mujaheddin more power and the evil government
0.405265338965555 0.4078929522548594 0.03877096289359576 0.0 0.0 0.2737729670292939 0.0 0.3292427913109533 0.0 0.401213009457491 0.0 0.09036045816384472 0.0 0.0 0.411704071017247 0.0 0.2722613078076958 0.0 0.0 0.0 0.0 0.0 0.0 0.0 0.0 0.0 0.0 0.0 0.0 0.0 0.5737610697140454 0.0 0.0 0.0 0.0 0.0 0.0 0.0 0.0 0.7751768620780832
a1mmshjhu659at
allah the great should give this mujaheddin more power and rule
0.0 0.4078929522548594 0.03877096289359576 0.0 0.0 0.0 0.0 0.3292427913109533 0.0 0.401213009457491 0.0 0.09036045816384472 0.0 0.0 0.411704071017247 0.0 0.0 0.0 0.0 0.0 0.0 0.0 0.0 0.15577280757709272 0.0 0.0 0.0 0.0 0.0 0.0 0.0 0.4297925428705558 0.2722013611580399 0.0 0.5051391833899286 0.0 0.0 0.0 0.0 0.7751768620780832
