yes i got stuck in traffic on my return upon returning trapped up that rush this very jam the way back and while was caught same when coming go wedged busy street jammed it found myself heavy
yes i got stuck in traffic on my return
0.7845120460072765 0.3608867605362993 0.5447338388758389 0.7580219322911657 0.1144256336062979 0.7286116484881565 0.20811197359731148 0.4531587896573557 0.6039892255000666 0.0 0.0 0.0 0.0 0.0 0.0 0.0 0.0 0.0 0.0 0.0 0.0 0.0 0.0 0.0 0.0 0.0 0.0 0.0 0.0 0.0 0.0 0.0 0.0 0.0 0.0 0.0 0.0
upon returning i got trapped up in that rush
0.0 0.3608867605362993 0.5447338388758389 0.0 0.1144256336062979 0.0 0.0 0.0 0.0 0.5812342907616208 0.8253703549100896 0.9924900656630089 0.47833219956046324 0.1342304915844222 0.9303105336701842 0.0 0.0 0.0 0.0 0.0 0.0 0.0 0.0 0.0 0.0 0.0 0.0 0.0 0.0 0.0 0.0 0.0 0.0 0.0 0.0 0.0 0.0
yes i got stuck in this very jam on the way back
0.5883840345054574 0.2706650704022245 0.4085503791568792 0.5685164492183742 0.08581922520472342 0.0 0.1560839801979836 0.0 0.0 0.0 0.0 0.0 0.0 0.0 0.0 0.14279174027900166 0.3454099040154195 0.859892079340581 0.03554004931912944 0.3671001622040584 0.4108027685225391 0.0 0.0 0.0 0.0 0.0 0.0 0.0 0.0 0.0 0.0 0.0 0.0 0.0 0.0 0.0 0.0
and while returning i was caught in the same rush
0.0 0.3247980844826694 0.0 0.0 0.1029830702456681 0.0 0.0 0.0 0.0 0.0 0.7428333194190806 0.0 0.0 0.0 0.8372794803031658 0.0 0.0 0.0 0.042648059182955333 0.0 0.0 0.09939650398022919 0.40124296651389557 0.21978189309941323 0.5924255797414533 0.4381168747004544 0.0 0.0 0.0 0.0 0.0 0.0 0.0 0.0 0.0 0.0 0.0
a3hs2e871iw2fi
when i was returning i was stuck in traffic
0.0 0.7217735210725986 0.0 0.7580219322911657 0.1144256336062979 0.7286116484881565 0.0 0.0 0.0 0.0 0.8253703549100896 0.0 0.0 0.0 0.0 0.0 0.0 0.0 0.0 0.0 0.0 0.0 0.0 0.48840420688758496 0.0 0.0 0.3619300650196148 0.0 0.0 0.0 0.0 0.0 0.0 0.0 0.0 0.0 0.0
a172x4w90uost1
coming back i go wedged in the busy street
0.0 0.3608867605362993 0.0 0.0 0.1144256336062979 0.0 0.0 0.0 0.0 0.0 0.0 0.0 0.0 0.0 0.0 0.0 0.0 0.0 0.04738673242550592 0.0 0.5477370246967188 0.0 0.0 0.0 0.0 0.0 0.0 0.6100434683094078 0.5950955913141182 1.0695064190585584 0.7074956926117271 0.7163893267976755 0.0 0.0 0.0 0.0 0.0
a3dd3acpmvdvca
yes i got stuck in the same rush on the way back
0.5883840345054574 0.2706650704022245 0.4085503791568792 0.5685164492183742 0.08581922520472342 0.0 0.1560839801979836 0.0 0.0 0.0 0.0 0.0 0.0 0.0 0.6977329002526381 0.0 0.0 0.0 0.07108009863825888 0.3671001622040584 0.4108027685225391 0.0 0.0 0.0 0.0 0.365097395583712 0.0 0.0 0.0 0.0 0.0 0.0 0.0 0.0 0.0 0.0 0.0
a8v7wa74iohz9
yes i was jammed in it on my way back
0.7060608414065489 0.3247980844826694 0.0 0.0 0.1029830702456681 0.0 0.18730077623758032 0.4078429106916201 0.0 0.0 0.0 0.0 0.0 0.0 0.0 0.0 0.0 0.0 0.0 0.4405201946448701 0.492963322227047 0.0 0.0 0.21978189309941323 0.0 0.0 0.0 0.0 0.0 0.0 0.0 0.0 0.8239263410407135 0.20251554370266253 0.0 0.0 0.0
a1b6zigmal4vx5
on the way back i got caught in traffic
0.0 0.3608867605362993 0.5447338388758389 0.0 0.1144256336062979 0.7286116484881565 0.20811197359731148 0.0 0.0 0.0 0.0 0.0 0.0 0.0 0.0 0.0 0.0 0.0 0.04738673242550592 0.4894668829387445 0.5477370246967188 0.0 0.0 0.0 0.6582506441571703 0.0 0.0 0.0 0.0 0.0 0.0 0.0 0.0 0.0 0.0 0.0 0.0
a230hf2okthmdz
when i was returning i was stuck in traffic
0.0 0.7217735210725986 0.0 0.7580219322911657 0.1144256336062979 0.7286116484881565 0.0 0.0 0.0 0.0 0.8253703549100896 0.0 0.0 0.0 0.0 0.0 0.0 0.0 0.0 0.0 0.0 0.0 0.0 0.48840420688758496 0.0 0.0 0.3619300650196148 0.0 0.0 0.0 0.0 0.0 0.0 0.0 0.0 0.0 0.0
a34erkopmv5x3c
when i was returning i was stuck in traffic
0.0 0.7217735210725986 0.0 0.7580219322911657 0.1144256336062979 0.7286116484881565 0.0 0.0 0.0 0.0 0.8253703549100896 0.0 0.0 0.0 0.0 0.0 0.0 0.0 0.0 0.0 0.0 0.0 0.0 0.48840420688758496 0.0 0.0 0.3619300650196148 0.0 0.0 0.0 0.0 0.0 0.0 0.0 0.0 0.0 0.0
a1kf7gs7yulm10
coming back i found myself stuck in heavy traffic
0.0 0.3608867605362993 0.0 0.7580219322911657 0.1144256336062979 0.7286116484881565 0.0 0.0 0.0 0.0 0.0 0.0 0.0 0.0 0.0 0.0 0.0 0.0 0.0 0.0 0.5477370246967188 0.0 0.0 0.0 0.0 0.0 0.0 0.6100434683094078 0.0 0.0 0.0 0.0 0.0 0.0 0.5127691641589744 0.8704220335887745 0.8253703549100896
a2qxd8jqk5bvez
coming back i got wedged on the busy street
0.0 0.3608867605362993 0.5447338388758389 0.0 0.0 0.0 0.20811197359731148 0.0 0.0 0.0 0.0 0.0 0.0 0.0 0.0 0.0 0.0 0.0 0.04738673242550592 0.0 0.5477370246967188 0.0 0.0 0.0 0.0 0.0 0.0 0.6100434683094078 0.0 1.0695064190585584 0.7074956926117271 0.7163893267976755 0.0 0.0 0.0 0.0 0.0
a396ko3shx4udi
coming back i got stuck in the busy street
0.0 0.3608867605362993 0.5447338388758389 0.7580219322911657 0.1144256336062979 0.0 0.0 0.0 0.0 0.0 0.0 0.0 0.0 0.0 0.0 0.0 0.0 0.0 0.04738673242550592 0.0 0.5477370246967188 0.0 0.0 0.0 0.0 0.0 0.0 0.6100434683094078 0.0 0.0 0.7074956926117271 0.7163893267976755 0.0 0.0 0.0 0.0 0.0
al2rcq9eyun61
yes i got stuck in the same rush on the way back
0.5883840345054574 0.2706650704022245 0.4085503791568792 0.5685164492183742 0.08581922520472342 0.0 0.1560839801979836 0.0 0.0 0.0 0.0 0.0 0.0 0.0 0.6977329002526381 0.0 0.0 0.0 0.07108009863825888 0.3671001622040584 0.4108027685225391 0.0 0.0 0.0 0.0 0.365097395583712 0.0 0.0 0.0 0.0 0.0 0.0 0.0 0.0 0.0 0.0 0.0
a1dndzlo2d5d48
yes i got stuck in the same rush on the way back
0.5883840345054574 0.2706650704022245 0.4085503791568792 0.5685164492183742 0.08581922520472342 0.0 0.1560839801979836 0.0 0.0 0.0 0.0 0.0 0.0 0.0 0.6977329002526381 0.0 0.0 0.0 0.07108009863825888 0.3671001622040584 0.4108027685225391 0.0 0.0 0.0 0.0 0.365097395583712 0.0 0.0 0.0 0.0 0.0 0.0 0.0 0.0 0.0 0.0 0.0
a291u81kgj6l9n
yes i got stuck in the same rush on the way back
0.5883840345054574 0.2706650704022245 0.4085503791568792 0.5685164492183742 0.08581922520472342 0.0 0.1560839801979836 0.0 0.0 0.0 0.0 0.0 0.0 0.0 0.6977329002526381 0.0 0.0 0.0 0.07108009863825888 0.3671001622040584 0.4108027685225391 0.0 0.0 0.0 0.0 0.365097395583712 0.0 0.0 0.0 0.0 0.0 0.0 0.0 0.0 0.0 0.0 0.0
a29vl1u4i9f3pd
yes i was jammed in it on my way back
0.7060608414065489 0.3247980844826694 0.0 0.0 0.1029830702456681 0.0 0.18730077623758032 0.4078429106916201 0.0 0.0 0.0 0.0 0.0 0.0 0.0 0.0 0.0 0.0 0.0 0.4405201946448701 0.492963322227047 0.0 0.0 0.21978189309941323 0.0 0.0 0.0 0.0 0.0 0.0 0.0 0.0 0.8239263410407135 0.20251554370266253 0.0 0.0 0.0
