pakistan is working anyway to achieve the aims of europe and america always for no reason busy in pursuit submission european american objectives any case remains subservient ambitions as it fulfilling already favour europian union such following goals set by line with interests purposes favor example but
pakistan is working anyway to achieve the aims of europe and america
0.19647362385030007 0.10890129323621885 0.4549077123104415 0.5950542601449188 0.08998952580926338 0.5355737211646953 0.03554004931912944 0.6866052842005946 0.06999514854981818 0.5322399432802204 0.08283041998352432 0.2562064530403017 0.0 0.0 0.0 0.0 0.0 0.0 0.0 0.0 0.0 0.0 0.0 0.0 0.0 0.0 0.0 0.0 0.0 0.0 0.0 0.0 0.0 0.0 0.0 0.0 0.0 0.0 0.0 0.0 0.0 0.0 0.0 0.0 0.0 0.0 0.0
pakistan is always for no reason busy in pursuit of submission to the european and american objectives
0.13868726389432945 0.07687150110791918 0.0 0.0 0.06352201821830356 0.0 0.02508709363703255 0.0 0.04940834015281284 0.0 0.058468531753075995 0.0 0.3018423027203656 0.11357115877308324 0.19579108538782883 0.283619807458457 0.3745565431473849 0.06057827661509889 0.5662092806780603 0.5015850284034656 0.3038478445640701 0.18471526284254536 0.4517439777924536 0.0 0.0 0.0 0.0 0.0 0.0 0.0 0.0 0.0 0.0 0.0 0.0 0.0 0.0 0.0 0.0 0.0 0.0 0.0 0.0 0.0 0.0 0.0 0.0
pakistan in any case remains subservient to american and european ambitions
0.21433486238214552 0.0 0.0 0.0 0.09817039179192368 0.0 0.0 0.0 0.0 0.0 0.09036045816384472 0.0 0.0 0.0 0.0 0.0 0.0 0.09362097295060737 0.0 0.0 0.46958303250810834 0.2854690425748428 0.0 0.3221217146500526 0.4717096579239906 0.6418734921877717 0.8381902421289873 0.8381902421289873 0.0 0.0 0.0 0.0 0.0 0.0 0.0 0.0 0.0 0.0 0.0 0.0 0.0 0.0 0.0 0.0 0.0 0.0 0.0
as it is pakistan is busy fulfilling the objectives of america and europe
0.18136026816950773 0.20104854135917327 0.0 0.0 0.0 0.0 0.0328061993715041 0.0 0.06461090635367833 0.49129840918174195 0.07645884921556091 0.2364982643448939 0.0 0.0 0.0 0.0 0.48980471026965716 0.0 0.0 0.0 0.0 0.0 0.5907421248055162 0.0 0.0 0.0 0.0 0.0 0.20271548238716497 0.15578118746358657 0.5907421248055162 0.0 0.0 0.0 0.0 0.0 0.0 0.0 0.0 0.0 0.0 0.0 0.0 0.0 0.0 0.0 0.0
a3hs2e871iw2fi
pakistan is already in favour of europian union and america
0.23576834862036006 0.13068155188346262 0.0 0.0 0.0 0.0 0.0 0.0 0.08399417825978182 0.0 0.09939650398022919 0.3074477436483621 0.0 0.0 0.0 0.0 0.0 0.1029830702456681 0.0 0.0 0.0 0.0 0.0 0.0 0.0 0.0 0.0 0.0 0.0 0.0 0.0 0.542086515213606 0.8526945482858915 1.0318704952086972 0.5218838524262772 0.0 0.0 0.0 0.0 0.0 0.0 0.0 0.0 0.0 0.0 0.0 0.0
a3dd3acpmvdvca
as such pakistan is always following the goals set by europe and america
0.18136026816950773 0.10052427067958664 0.0 0.0 0.0 0.0 0.0328061993715041 0.0 0.0 0.49129840918174195 0.07645884921556091 0.2364982643448939 0.39471685740355505 0.0 0.0 0.0 0.0 0.0 0.0 0.0 0.0 0.0 0.0 0.0 0.0 0.0 0.0 0.0 0.20271548238716497 0.0 0.0 0.0 0.0 0.0 0.0 0.3032290772452572 0.4841040970270632 0.5202582223536582 0.45763516150922684 0.19195840472318831 0.0 0.0 0.0 0.0 0.0 0.0 0.0
a2de039cxxjuga
pakistan is always in line with european and american interests
0.23576834862036006 0.13068155188346262 0.0 0.0 0.0 0.0 0.0 0.0 0.0 0.0 0.09939650398022919 0.0 0.5131319146246216 0.0 0.0 0.0 0.0 0.1029830702456681 0.0 0.0 0.5165413357589193 0.3140159468323271 0.0 0.0 0.0 0.0 0.0 0.0 0.0 0.0 0.0 0.0 0.0 0.0 0.0 0.0 0.0 0.0 0.0 0.0 0.6114012332696005 0.23503854520742537 0.5924255797414533 0.0 0.0 0.0 0.0
a3u16uhguaktzs
pakistan is always following european and american purposes
0.2947104357754501 0.16335193985432828 0.0 0.0 0.0 0.0 0.0 0.0 0.0 0.0 0.12424562997528649 0.0 0.6414148932807769 0.0 0.0 0.0 0.0 0.0 0.0 0.0 0.645676669698649 0.39251993354040887 0.0 0.0 0.0 0.0 0.0 0.0 0.0 0.0 0.0 0.0 0.0 0.0 0.0 0.0 0.7866691576689777 0.0 0.0 0.0 0.0 0.0 0.0 0.9356864510038443 0.0 0.0 0.0
a6tw9zegog7ph
pakistan is already in favor of the european union and america
0.21433486238214552 0.11880141080314784 0.0 0.0 0.0 0.0 0.03877096289359576 0.0 0.07635834387252893 0.0 0.09036045816384472 0.27949794877123824 0.0 0.0 0.0 0.0 0.0 0.09362097295060737 0.0 0.0 0.46958303250810834 0.0 0.0 0.0 0.0 0.0 0.0 0.0 0.0 0.0 0.0 0.4928059229214599 0.0 0.0 0.47443986584207026 0.0 0.0 0.0 0.0 0.0 0.0 0.0 0.0 0.0 0.5203259183593073 0.0 0.0
ayeowkx2r19vz
pakistan is already in favor of the european union and america
0.21433486238214552 0.11880141080314784 0.0 0.0 0.0 0.0 0.03877096289359576 0.0 0.07635834387252893 0.0 0.09036045816384472 0.27949794877123824 0.0 0.0 0.0 0.0 0.0 0.09362097295060737 0.0 0.0 0.46958303250810834 0.0 0.0 0.0 0.0 0.0 0.0 0.0 0.0 0.0 0.0 0.4928059229214599 0.0 0.0 0.47443986584207026 0.0 0.0 0.0 0.0 0.0 0.0 0.0 0.0 0.0 0.5203259183593073 0.0 0.0
a3m6cl5oao31z
pakistan is already in favor of the european union and america
0.21433486238214552 0.11880141080314784 0.0 0.0 0.0 0.0 0.03877096289359576 0.0 0.07635834387252893 0.0 0.09036045816384472 0.27949794877123824 0.0 0.0 0.0 0.0 0.0 0.09362097295060737 0.0 0.0 0.46958303250810834 0.0 0.0 0.0 0.0 0.0 0.0 0.0 0.0 0.0 0.0 0.4928059229214599 0.0 0.0 0.47443986584207026 0.0 0.0 0.0 0.0 0.0 0.0 0.0 0.0 0.0 0.5203259183593073 0.0 0.0
a262d9pq8d093q
for example pakistan is always following the goals set by europe and america
0.18136026816950773 0.10052427067958664 0.0 0.0 0.0 0.0 0.0328061993715041 0.0 0.0 0.49129840918174195 0.07645884921556091 0.2364982643448939 0.39471685740355505 0.1485161307032627 0.0 0.0 0.0 0.0 0.0 0.0 0.0 0.0 0.0 0.0 0.0 0.0 0.0 0.0 0.0 0.0 0.0 0.0 0.0 0.0 0.0 0.0 0.4841040970270632 0.5202582223536582 0.45763516150922684 0.19195840472318831 0.0 0.0 0.0 0.0 0.0 0.4314749808288182 0.0
a227cwgbxgw4yh
as such pakistan is always following the goals set by europe and america
0.18136026816950773 0.10052427067958664 0.0 0.0 0.0 0.0 0.0328061993715041 0.0 0.0 0.49129840918174195 0.07645884921556091 0.2364982643448939 0.39471685740355505 0.0 0.0 0.0 0.0 0.0 0.0 0.0 0.0 0.0 0.0 0.0 0.0 0.0 0.0 0.0 0.20271548238716497 0.0 0.0 0.0 0.0 0.0 0.0 0.3032290772452572 0.4841040970270632 0.5202582223536582 0.45763516150922684 0.19195840472318831 0.0 0.0 0.0 0.0 0.0 0.0 0.0
a2zhr3rebfem5a
as such pakistan is always following the goals set by europe and america
0.18136026816950773 0.10052427067958664 0.0 0.0 0.0 0.0 0.0328061993715041 0.0 0.0 0.49129840918174195 0.07645884921556091 0.2364982643448939 0.39471685740355505 0.0 0.0 0.0 0.0 0.0 0.0 0.0 0.0 0.0 0.0 0.0 0.0 0.0 0.0 0.0 0.20271548238716497 0.0 0.0 0.0 0.0 0.0 0.0 0.3032290772452572 0.4841040970270632 0.5202582223536582 0.45763516150922684 0.19195840472318831 0.0 0.0 0.0 0.0 0.0 0.0 0.0
a3ac8dxx921q9m
pakistan is always in line with european and american interests
0.23576834862036006 0.13068155188346262 0.0 0.0 0.0 0.0 0.0 0.0 0.0 0.0 0.09939650398022919 0.0 0.5131319146246216 0.0 0.0 0.0 0.0 0.1029830702456681 0.0 0.0 0.5165413357589193 0.3140159468323271 0.0 0.0 0.0 0.0 0.0 0.0 0.0 0.0 0.0 0.0 0.0 0.0 0.0 0.0 0.0 0.0 0.0 0.0 0.6114012332696005 0.23503854520742537 0.5924255797414533 0.0 0.0 0.0 0.0
a230hf2okthmdz
pakistan is always in line with european and american interests
0.23576834862036006 0.13068155188346262 0.0 0.0 0.0 0.0 0.0 0.0 0.0 0.0 0.09939650398022919 0.0 0.5131319146246216 0.0 0.0 0.0 0.0 0.1029830702456681 0.0 0.0 0.5165413357589193 0.3140159468323271 0.0 0.0 0.0 0.0 0.0 0.0 0.0 0.0 0.0 0.0 0.0 0.0 0.0 0.0 0.0 0.0 0.0 0.0 0.6114012332696005 0.23503854520742537 0.5924255797414533 0.0 0.0 0.0 0.0
a2ylf04uakyvf1
pakistan is always in line with european and american interests
0.23576834862036006 0.13068155188346262 0.0 0.0 0.0 0.0 0.0 0.0 0.0 0.0 0.09939650398022919 0.0 0.5131319146246216 0.0 0.0 0.0 0.0 0.1029830702456681 0.0 0.0 0.5165413357589193 0.3140159468323271 0.0 0.0 0.0 0.0 0.0 0.0 0.0 0.0 0.0 0.0 0.0 0.0 0.0 0.0 0.0 0.0 0.0 0.0 0.6114012332696005 0.23503854520742537 0.5924255797414533 0.0 0.0 0.0 0.0
a3kgfvvjyor2nl
but pakistan is always following european and american purposes
0.2619648318004001 0.14520172431495848 0.0 0.0 0.0 0.0 0.0 0.0 0.0 0.0 0.11044055997803243 0.0 0.5701465718051351 0.0 0.0 0.0 0.0 0.0 0.0 0.0 0.5739348175099103 0.34890660759147457 0.0 0.0 0.0 0.0 0.0 0.0 0.0 0.0 0.0 0.0 0.0 0.0 0.0 0.0 0.6992614734835357 0.0 0.0 0.0 0.0 0.0 0.0 0.831721289781195 0.0 0.0 0.29018247741294423
