theres nothing more important than respectability is superior to respect there greater honor comes before prestige get enraged for not sensible the sake one must show constrain and think of nonviolent means if has been compromised become in name due defending
theres nothing more important than respectability
1.3535800624584586 0.909815424620883 0.6036117840700811 0.7923640907940462 0.6929162717319824 1.719784158681162 0.0 0.0 0.0 0.0 0.0 0.0 0.0 0.0 0.0 0.0 0.0 0.0 0.0 0.0 0.0 0.0 0.0 0.0 0.0 0.0 0.0 0.0 0.0 0.0 0.0 0.0 0.0 0.0 0.0 0.0 0.0 0.0 0.0 0.0 0.0
nothing is superior to respect
0.0 1.0917785095450596 0.0 0.0 0.0 0.0 0.26136310376692523 1.741853407930574 0.2159748619422321 1.0365813030073419 0.0 0.0 0.0 0.0 0.0 0.0 0.0 0.0 0.0 0.0 0.0 0.0 0.0 0.0 0.0 0.0 0.0 0.0 0.0 0.0 0.0 0.0 0.0 0.0 0.0 0.0 0.0 0.0 0.0 0.0 0.0
there is nothing greater than honor
0.0 0.909815424620883 0.0 0.0 0.6929162717319824 0.0 0.2178025864724377 0.0 0.0 0.0 0.4773308337871616 1.1972017893596367 1.0346385146522765 0.0 0.0 0.0 0.0 0.0 0.0 0.0 0.0 0.0 0.0 0.0 0.0 0.0 0.0 0.0 0.0 0.0 0.0 0.0 0.0 0.0 0.0 0.0 0.0 0.0 0.0 0.0 0.0
there is nothing greater than respect
0.0 0.909815424620883 0.0 0.0 0.6929162717319824 0.0 0.2178025864724377 0.0 0.0 0.8638177525061183 0.4773308337871616 1.1972017893596367 0.0 0.0 0.0 0.0 0.0 0.0 0.0 0.0 0.0 0.0 0.0 0.0 0.0 0.0 0.0 0.0 0.0 0.0 0.0 0.0 0.0 0.0 0.0 0.0 0.0 0.0 0.0 0.0 0.0
a1sanjgoj47idf
nothing more important than respect
0.0 1.0917785095450596 0.7243341408840973 0.9508369089528556 0.8314995260783788 0.0 0.0 0.0 0.0 1.0365813030073419 0.0 0.0 0.0 0.0 0.0 0.0 0.0 0.0 0.0 0.0 0.0 0.0 0.0 0.0 0.0 0.0 0.0 0.0 0.0 0.0 0.0 0.0 0.0 0.0 0.0 0.0 0.0 0.0 0.0 0.0 0.0
a143bvgouf83je
nothing comes before prestige
0.0 1.3647231369313246 0.0 0.0 0.0 0.0 0.0 0.0 0.0 0.0 0.0 0.0 0.0 1.3746058466204836 1.1013004866121752 2.030370093687688 0.0 0.0 0.0 0.0 0.0 0.0 0.0 0.0 0.0 0.0 0.0 0.0 0.0 0.0 0.0 0.0 0.0 0.0 0.0 0.0 0.0 0.0 0.0 0.0 0.0
a3dd3acpmvdvca
to get enraged for honor is not sensible
0.0 0.0 0.0 0.0 0.0 0.0 0.16335193985432828 0.0 0.13498428871389506 0.0 0.0 0.0 0.7759788859892074 0.0 0.0 0.0 0.5437496740127006 1.0886583799566087 0.24133871239280189 0.26757843602967046 1.029907926300892 0.0 0.0 0.0 0.0 0.0 0.0 0.0 0.0 0.0 0.0 0.0 0.0 0.0 0.0 0.0 0.0 0.0 0.0 0.0 0.0
a132zmwemnnusa
there is nothing superior to honor
0.0 0.909815424620883 0.0 0.0 0.0 0.0 0.2178025864724377 1.4515445066088117 0.17997905161852676 0.0 0.4773308337871616 0.0 1.0346385146522765 0.0 0.0 0.0 0.0 0.0 0.0 0.0 0.0 0.0 0.0 0.0 0.0 0.0 0.0 0.0 0.0 0.0 0.0 0.0 0.0 0.0 0.0 0.0 0.0 0.0 0.0 0.0 0.0
a291u81kgj6l9n
theres nothing more important than respect
1.3535800624584586 0.909815424620883 0.6036117840700811 0.7923640907940462 0.6929162717319824 0.0 0.0 0.0 0.0 0.8638177525061183 0.0 0.0 0.0 0.0 0.0 0.0 0.0 0.0 0.0 0.0 0.0 0.0 0.0 0.0 0.0 0.0 0.0 0.0 0.0 0.0 0.0 0.0 0.0 0.0 0.0 0.0 0.0 0.0 0.0 0.0 0.0
a363eba76te7vz
there is nothing more important than respect
0.0 0.7798417925321856 0.5173815292029266 0.6791692206806111 0.5939282329131278 0.0 0.18668793126208946 0.0 0.0 0.7404152164338156 0.40914071467470997 0.0 0.0 0.0 0.0 0.0 0.0 0.0 0.0 0.0 0.0 0.0 0.0 0.0 0.0 0.0 0.0 0.0 0.0 0.0 0.0 0.0 0.0 0.0 0.0 0.0 0.0 0.0 0.0 0.0 0.0
attzel5iaoiw5
there is nothing more important than respect
0.0 0.7798417925321856 0.5173815292029266 0.6791692206806111 0.5939282329131278 0.0 0.18668793126208946 0.0 0.0 0.7404152164338156 0.40914071467470997 0.0 0.0 0.0 0.0 0.0 0.0 0.0 0.0 0.0 0.0 0.0 0.0 0.0 0.0 0.0 0.0 0.0 0.0 0.0 0.0 0.0 0.0 0.0 0.0 0.0 0.0 0.0 0.0 0.0 0.0
a1nee8mf6oybf8
nothing comes before prestige
0.0 1.3647231369313246 0.0 0.0 0.0 0.0 0.0 0.0 0.0 0.0 0.0 0.0 0.0 1.3746058466204836 1.1013004866121752 2.030370093687688 0.0 0.0 0.0 0.0 0.0 0.0 0.0 0.0 0.0 0.0 0.0 0.0 0.0 0.0 0.0 0.0 0.0 0.0 0.0 0.0 0.0 0.0 0.0 0.0 0.0
a168hnbnlpz559
nothing comes before prestige nothing comes before prestige
0.0 1.3647231369313246 0.0 0.0 0.0 0.0 0.0 0.0 0.0 0.0 0.0 0.0 0.0 1.3746058466204836 1.1013004866121752 2.030370093687688 0.0 0.0 0.0 0.0 0.0 0.0 0.0 0.0 0.0 0.0 0.0 0.0 0.0 0.0 0.0 0.0 0.0 0.0 0.0 0.0 0.0 0.0 0.0 0.0 0.0
a38xqb9846w49n
nothing comes before prestige
0.0 1.3647231369313246 0.0 0.0 0.0 0.0 0.0 0.0 0.0 0.0 0.0 0.0 0.0 1.3746058466204836 1.1013004866121752 2.030370093687688 0.0 0.0 0.0 0.0 0.0 0.0 0.0 0.0 0.0 0.0 0.0 0.0 0.0 0.0 0.0 0.0 0.0 0.0 0.0 0.0 0.0 0.0 0.0 0.0 0.0
a24bjjrcqbm3mi
to get enraged for the sake honor is not sensible one must show constrain and think of nonviolent means if honor has been compromised
0.0 0.0 0.0 0.0 0.0 0.0 0.05445064661810942 0.0 0.04499476290463169 0.0 0.0 0.0 0.5173192573261383 0.0 0.0 0.0 0.18124989133756686 0.36288612665220293 0.0804462374642673 0.08919281200989015 0.3433026421002973 0.01777002465956472 0.23764935146857133 0.12212482137524709 0.216447540528488 0.2029986491841942 0.4299460396702905 0.04141520999176216 0.17411751666086314 0.03499757427490909 0.37218377462362834 0.23371561461560986 0.12578781605536707 0.08553323408046765 0.1226959621973671 0.36288612665220293 0.0 0.0 0.0 0.0 0.0
a3qu3km3iywhif
to become enraged in the name of honor is not sensible
0.0 0.0 0.0 0.0 0.0 0.0 0.11880141080314784 0.0 0.09817039179192368 0.0 0.0 0.0 0.5643482807194236 0.0 0.0 0.0 0.0 0.7917515490593519 0.0 0.19460249893066942 0.7490239464006486 0.03877096289359576 0.0 0.0 0.0 0.0 0.0 0.0 0.0 0.07635834387252893 0.0 0.0 0.0 0.0 0.0 0.0 0.38308288360654413 0.09362097295060737 0.4125419487540583 0.0 0.0
a1j0l6bld1sesr
to become enraged due to defending honor is not sensible
0.0 0.0 0.0 0.0 0.0 0.0 0.13068155188346262 0.0 0.2159748619422321 0.0 0.0 0.0 0.6207831087913659 0.0 0.0 0.0 0.0 0.870926703965287 0.0 0.21406274882373638 0.8239263410407135 0.0 0.0 0.0 0.0 0.0 0.0 0.0 0.0 0.0 0.0 0.0 0.0 0.0 0.0 0.0 0.42139117196719855 0.0 0.0 0.43525582129632784 0.6852969049287244
amd40d0gc1l4r
there is nothing superior to honor
0.0 0.909815424620883 0.0 0.0 0.0 0.0 0.2178025864724377 1.4515445066088117 0.17997905161852676 0.0 0.4773308337871616 0.0 1.0346385146522765 0.0 0.0 0.0 0.0 0.0 0.0 0.0 0.0 0.0 0.0 0.0 0.0 0.0 0.0 0.0 0.0 0.0 0.0 0.0 0.0 0.0 0.0 0.0 0.0 0.0 0.0 0.0 0.0
