he said that extremists are trying to deprive children in our area of education the want remain deprived should be local says those who like destruction devoid from it is effort region his saying areas left free sick minded people dont receive an attempting regions states uneducated recent years number chemical and herbal health supplements has greatly increased popularity a major one which human growth hormone commonly known as hgh
he said that extremists are trying to deprive children in our area of education
0.1696373042591675 0.15814296312256157 0.08629103030427142 0.3641677947863319 0.1504383252752019 0.39332289976532525 0.07713387926508289 0.6220905028323479 0.3103496671584078 0.07355933588976293 0.2393425535917919 0.3223978559407487 0.05999584161412987 0.33156793927276346 0.0 0.0 0.0 0.0 0.0 0.0 0.0 0.0 0.0 0.0 0.0 0.0 0.0 0.0 0.0 0.0 0.0 0.0 0.0 0.0 0.0 0.0 0.0 0.0 0.0 0.0 0.0 0.0 0.0 0.0 0.0 0.0 0.0 0.0 0.0 0.0 0.0 0.0 0.0 0.0 0.0 0.0 0.0 0.0 0.0 0.0 0.0 0.0 0.0 0.0 0.0 0.0 0.0 0.0 0.0 0.0
he said that the extremists want the children in our area to remain deprived of education
0.14843264122677158 0.13837509273224138 0.07550465151623749 0.3186468204380404 0.0 0.0 0.06749214435694753 0.0 0.27155595876360683 0.06436441890354257 0.20942473439281792 0.28209812394815514 0.05249636141236364 0.29012194686366805 0.05331007397869417 0.2890608008302669 0.3421573666017737 0.43665627761948544 0.0 0.0 0.0 0.0 0.0 0.0 0.0 0.0 0.0 0.0 0.0 0.0 0.0 0.0 0.0 0.0 0.0 0.0 0.0 0.0 0.0 0.0 0.0 0.0 0.0 0.0 0.0 0.0 0.0 0.0 0.0 0.0 0.0 0.0 0.0 0.0 0.0 0.0 0.0 0.0 0.0 0.0 0.0 0.0 0.0 0.0 0.0 0.0 0.0 0.0 0.0 0.0
he said that the extremists want that children of our area should be deprived of education
0.14843264122677158 0.13837509273224138 0.15100930303247498 0.3186468204380404 0.0 0.0 0.0 0.0 0.27155595876360683 0.0 0.20942473439281792 0.28209812394815514 0.10499272282472728 0.29012194686366805 0.026655036989347083 0.2890608008302669 0.0 0.43665627761948544 0.1871384357961524 0.1341764341224469 0.0 0.0 0.0 0.0 0.0 0.0 0.0 0.0 0.0 0.0 0.0 0.0 0.0 0.0 0.0 0.0 0.0 0.0 0.0 0.0 0.0 0.0 0.0 0.0 0.0 0.0 0.0 0.0 0.0 0.0 0.0 0.0 0.0 0.0 0.0 0.0 0.0 0.0 0.0 0.0 0.0 0.0 0.0 0.0 0.0 0.0 0.0 0.0 0.0 0.0
he said that the extremists want to deprive local children of education
0.1979101883023621 0.1845001236429885 0.10067286868831665 0.4248624272507205 0.0 0.0 0.08998952580926338 0.7257722533044059 0.3620746116848091 0.0 0.0 0.0 0.06999514854981818 0.38682926248489075 0.03554004931912944 0.3854144011070226 0.0 0.0 0.0 0.0 0.38513428879846384 0.0 0.0 0.0 0.0 0.0 0.0 0.0 0.0 0.0 0.0 0.0 0.0 0.0 0.0 0.0 0.0 0.0 0.0 0.0 0.0 0.0 0.0 0.0 0.0 0.0 0.0 0.0 0.0 0.0 0.0 0.0 0.0 0.0 0.0 0.0 0.0 0.0 0.0 0.0 0.0 0.0 0.0 0.0 0.0 0.0 0.0 0.0 0.0 0.0
a3bz8b0jpubzqq
he says that those who like destruction are trying to devoid the children of our area from education
0.13194012553490808 0.0 0.0671152457922111 0.0 0.11700758632515702 0.3059178109285863 0.059993017206175586 0.0 0.2413830744565394 0.0 0.1861553194602826 0.2507538879539157 0.04666343236654546 0.25788617498992716 0.02369336621275296 0.0 0.0 0.0 0.0 0.0 0.0 0.2429602413044664 0.2215112834551822 0.16355977427044588 0.20979072175445368 0.31013925020513755 0.5122273701899367 0.13404970219044662 0.0 0.0 0.0 0.0 0.0 0.0 0.0 0.0 0.0 0.0 0.0 0.0 0.0 0.0 0.0 0.0 0.0 0.0 0.0 0.0 0.0 0.0 0.0 0.0 0.0 0.0 0.0 0.0 0.0 0.0 0.0 0.0 0.0 0.0 0.0 0.0 0.0 0.0 0.0 0.0 0.0 0.0
a3dd3acpmvdvca
he said that it is the effort of the extremists that the children of our region remain deprived of education
0.11874611298141727 0.11070007418579311 0.12080744242597999 0.2549174563504323 0.0 0.0 0.0 0.0 0.21724476701088546 0.0 0.16753978751425433 0.0 0.12599126738967276 0.23209755749093444 0.063972088774433 0.0 0.27372589328141894 0.34932502209558836 0.0 0.0 0.0 0.0 0.0 0.0 0.0 0.0 0.0 0.0 0.10125777185133127 0.06534077594173131 0.31205837540906256 0.25798248264362206 0.0 0.0 0.0 0.0 0.0 0.0 0.0 0.0 0.0 0.0 0.0 0.0 0.0 0.0 0.0 0.0 0.0 0.0 0.0 0.0 0.0 0.0 0.0 0.0 0.0 0.0 0.0 0.0 0.0 0.0 0.0 0.0 0.0 0.0 0.0 0.0 0.0 0.0
a353ocl6lm6m4o
his saying is that the extremists want that the children in our areas left free from education
0.0 0.0 0.14212640285409409 0.299902889824038 0.0 0.0 0.0 0.0 0.2555820788363358 0.06057827661509889 0.197105632369711 0.0 0.0 0.27305594998933463 0.0501741872740651 0.27205722431083945 0.0 0.0 0.0 0.0 0.0 0.0 0.0 0.0 0.0 0.0 0.0 0.14193497878988465 0.0 0.07687150110791918 0.0 0.0 0.15708481889323828 0.27876324271180875 0.28865052354305476 0.30022171732223446 0.3546026771140341 0.0 0.0 0.0 0.0 0.0 0.0 0.0 0.0 0.0 0.0 0.0 0.0 0.0 0.0 0.0 0.0 0.0 0.0 0.0 0.0 0.0 0.0 0.0 0.0 0.0 0.0 0.0 0.0 0.0 0.0 0.0 0.0 0.0
a2i57ww1b3evwx
he said sick minded people are trying that our people dont receive education
0.18268632766371887 0.1703078064396817 0.09292880186613844 0.0 0.1620105041425251 0.42357850743958103 0.0 0.0 0.0 0.0 0.25775351925269896 0.0 0.0 0.35707316537066836 0.0 0.0 0.0 0.0 0.0 0.0 0.0 0.0 0.0 0.0 0.0 0.0 0.0 0.0 0.0 0.0 0.0 0.0 0.0 0.0 0.0 0.0 0.0 0.6559188832968397 0.6871085069974677 0.416440392693316 0.36395817643744005 0.5964427380481103 0.0 0.0 0.0 0.0 0.0 0.0 0.0 0.0 0.0 0.0 0.0 0.0 0.0 0.0 0.0 0.0 0.0 0.0 0.0 0.0 0.0 0.0 0.0 0.0 0.0 0.0 0.0 0.0
a2ouy7gqloca69
he says that those who like destruction are trying to deprive the children of our area from education
0.13194012553490808 0.0 0.0671152457922111 0.0 0.11700758632515702 0.3059178109285863 0.059993017206175586 0.4838481688696039 0.2413830744565394 0.0 0.1861553194602826 0.2507538879539157 0.04666343236654546 0.25788617498992716 0.02369336621275296 0.0 0.0 0.0 0.0 0.0 0.0 0.2429602413044664 0.2215112834551822 0.16355977427044588 0.20979072175445368 0.31013925020513755 0.0 0.13404970219044662 0.0 0.0 0.0 0.0 0.0 0.0 0.0 0.0 0.0 0.0 0.0 0.0 0.0 0.0 0.0 0.0 0.0 0.0 0.0 0.0 0.0 0.0 0.0 0.0 0.0 0.0 0.0 0.0 0.0 0.0 0.0 0.0 0.0 0.0 0.0 0.0 0.0 0.0 0.0 0.0 0.0 0.0
a1dndzlo2d5d48
he says that those who like destruction are trying to deprive the children of our area of an education
0.12499590840149186 0.0 0.06358286443472631 0.0 0.1108492923080435 0.28981687351129226 0.05683548998479792 0.45838247577120367 0.22867870211672153 0.0 0.17635767106763614 0.2375563149037096 0.08841492448398088 0.24431321841150994 0.022446346938397543 0.0 0.0 0.0 0.0 0.0 0.0 0.2301728601831787 0.20985279485227787 0.15495136509831714 0.19874910482000874 0.2938161317732882 0.0 0.0 0.0 0.0 0.0 0.0 0.0 0.0 0.0 0.0 0.0 0.0 0.0 0.0 0.0 0.0 0.15528238240924155 0.0 0.0 0.0 0.0 0.0 0.0 0.0 0.0 0.0 0.0 0.0 0.0 0.0 0.0 0.0 0.0 0.0 0.0 0.0 0.0 0.0 0.0 0.0 0.0 0.0 0.0 0.0
a3m4exda4ue7bp
he says that those who like destruction are trying to devoid the children of our area from education
0.13194012553490808 0.0 0.0671152457922111 0.0 0.11700758632515702 0.3059178109285863 0.059993017206175586 0.0 0.2413830744565394 0.0 0.1861553194602826 0.2507538879539157 0.04666343236654546 0.25788617498992716 0.02369336621275296 0.0 0.0 0.0 0.0 0.0 0.0 0.2429602413044664 0.2215112834551822 0.16355977427044588 0.20979072175445368 0.31013925020513755 0.5122273701899367 0.13404970219044662 0.0 0.0 0.0 0.0 0.0 0.0 0.0 0.0 0.0 0.0 0.0 0.0 0.0 0.0 0.0 0.0 0.0 0.0 0.0 0.0 0.0 0.0 0.0 0.0 0.0 0.0 0.0 0.0 0.0 0.0 0.0 0.0 0.0 0.0 0.0 0.0 0.0 0.0 0.0 0.0 0.0 0.0
a2qxd8jqk5bvez
he said that it is the effort of the extremists that the children of our region remain deprived of education
0.11874611298141727 0.11070007418579311 0.12080744242597999 0.2549174563504323 0.0 0.0 0.0 0.0 0.21724476701088546 0.0 0.16753978751425433 0.0 0.12599126738967276 0.23209755749093444 0.063972088774433 0.0 0.27372589328141894 0.34932502209558836 0.0 0.0 0.0 0.0 0.0 0.0 0.0 0.0 0.0 0.0 0.10125777185133127 0.06534077594173131 0.31205837540906256 0.25798248264362206 0.0 0.0 0.0 0.0 0.0 0.0 0.0 0.0 0.0 0.0 0.0 0.0 0.0 0.0 0.0 0.0 0.0 0.0 0.0 0.0 0.0 0.0 0.0 0.0 0.0 0.0 0.0 0.0 0.0 0.0 0.0 0.0 0.0 0.0 0.0 0.0 0.0 0.0
a1dndzlo2d5d48
he said that the extremists are attempting to deprive our regions children of education
0.1696373042591675 0.15814296312256157 0.08629103030427142 0.3641677947863319 0.1504383252752019 0.0 0.07713387926508289 0.6220905028323479 0.3103496671584078 0.0 0.2393425535917919 0.0 0.05999584161412987 0.33156793927276346 0.030462899416396665 0.0 0.0 0.0 0.0 0.0 0.0 0.0 0.0 0.0 0.0 0.0 0.0 0.0 0.0 0.0 0.0 0.0 0.0 0.0 0.0 0.0 0.0 0.0 0.0 0.0 0.0 0.0 0.0 0.687539840823359 0.45906318956973885 0.0 0.0 0.0 0.0 0.0 0.0 0.0 0.0 0.0 0.0 0.0 0.0 0.0 0.0 0.0 0.0 0.0 0.0 0.0 0.0 0.0 0.0 0.0 0.0 0.0
a3edprdq0s0hp3
he said that it is the effort of the extremists that the children of our region remain deprived of education
0.11874611298141727 0.11070007418579311 0.12080744242597999 0.2549174563504323 0.0 0.0 0.0 0.0 0.21724476701088546 0.0 0.16753978751425433 0.0 0.12599126738967276 0.23209755749093444 0.063972088774433 0.0 0.27372589328141894 0.34932502209558836 0.0 0.0 0.0 0.0 0.0 0.0 0.0 0.0 0.0 0.0 0.10125777185133127 0.06534077594173131 0.31205837540906256 0.25798248264362206 0.0 0.0 0.0 0.0 0.0 0.0 0.0 0.0 0.0 0.0 0.0 0.0 0.0 0.0 0.0 0.0 0.0 0.0 0.0 0.0 0.0 0.0 0.0 0.0 0.0 0.0 0.0 0.0 0.0 0.0 0.0 0.0 0.0 0.0 0.0 0.0 0.0 0.0
a28p76cwxeubye
he states that the extremists want that the children in our areas left free from education
0.14843264122677158 0.0 0.15100930303247498 0.3186468204380404 0.0 0.0 0.0 0.0 0.27155595876360683 0.06436441890354257 0.20942473439281792 0.0 0.0 0.29012194686366805 0.05331007397869417 0.2890608008302669 0.0 0.0 0.0 0.0 0.0 0.0 0.0 0.0 0.0 0.0 0.0 0.15080591496425244 0.0 0.0 0.0 0.0 0.0 0.0 0.3066911812644957 0.3189855746548741 0.3767653444336612 0.0 0.0 0.0 0.0 0.0 0.0 0.0 0.0 0.31284368581532396 0.0 0.0 0.0 0.0 0.0 0.0 0.0 0.0 0.0 0.0 0.0 0.0 0.0 0.0 0.0 0.0 0.0 0.0 0.0 0.0 0.0 0.0 0.0 0.0
a2unp2crnrfiw8
his saying is that the extremists want the children in our areas to be left free from education
0.0 0.0 0.0671152457922111 0.283241618167147 0.0 0.0 0.059993017206175586 0.0 0.2413830744565394 0.05721281680314895 0.1861553194602826 0.0 0.0 0.25788617498992716 0.04738673242550592 0.2569429340713484 0.0 0.0 0.0 0.11926794144217502 0.0 0.0 0.0 0.0 0.0 0.0 0.0 0.13404970219044662 0.0 0.07260086215747924 0.0 0.0 0.1483578845102806 0.26327639589448604 0.2726143833462184 0.28354273302655475 0.3349025283854766 0.0 0.0 0.0 0.0 0.0 0.0 0.0 0.0 0.0 0.0 0.0 0.0 0.0 0.0 0.0 0.0 0.0 0.0 0.0 0.0 0.0 0.0 0.0 0.0 0.0 0.0 0.0 0.0 0.0 0.0 0.0 0.0 0.0
a31ikb373dzonk
he said the extremists want the children in our areas to remain uneducated
0.18268632766371887 0.1703078064396817 0.0 0.39218070207758815 0.0 0.0 0.08306725459316619 0.0 0.33422271847828533 0.07921774634282162 0.25775351925269896 0.0 0.0 0.0 0.0656123987430082 0.35576713948340544 0.42111675889449074 0.0 0.0 0.0 0.0 0.0 0.0 0.0 0.0 0.0 0.0 0.0 0.0 0.0 0.0 0.0 0.0 0.0 0.3774660692486101 0.0 0.0 0.0 0.0 0.0 0.0 0.0 0.0 0.0 0.0 0.0 0.6025998694076131 0.0 0.0 0.0 0.0 0.0 0.0 0.0 0.0 0.0 0.0 0.0 0.0 0.0 0.0 0.0 0.0 0.0 0.0 0.0 0.0 0.0 0.0 0.0
a1mmshjhu659at
in recent years the number of chemical and herbal health supplements has greatly increased in popularity a major one of which is human growth hormone commonly known as hgh
0.0 0.0 0.0 0.0 0.0 0.0 0.0 0.0 0.0 0.07102280706597801 0.0 0.0 0.05792701948950471 0.0 0.014706227304467356 0.0 0.0 0.0 0.0 0.0 0.0 0.0 0.0 0.0 0.0 0.0 0.0 0.0 0.0 0.045062604097745734 0.0 0.0 0.0 0.0 0.0 0.0 0.0 0.0 0.0 0.0 0.0 0.0 0.0 0.0 0.0 0.0 0.0 0.19701844021030618 0.14214692497560172 0.1570177189414526 0.23853474380775225 0.03427465654490662 0.24216786503733245 0.1980687577097789 0.24216786503733245 0.07078612475624908 0.2216167122060808 0.17046298428975193 0.21463311689189207 0.04889252921281874 0.20648177971726342 0.10106881768985966 0.10398396209828174 0.15333059181419154 0.24091380834178508 0.24216786503733245 0.24482169404202656 0.1816844463737046 0.09087245762183258 0.24216786503733245
