then when asked who the enemies of religion and our homeland are answer came we citizens it was is enemy allahs code life country reply public were ordinary again this poor answered he so got civilians no translation found on 1359 its finally received in recent years number chemical herbal health supplements has greatly increased popularity a major one which human growth hormone commonly known as hgh
then when asked who the enemies of religion and our homeland are the answer came we the citizens
0.19406916199064797 0.1809650325098074 0.26081596921664624 0.16355977427044588 0.07108009863825888 0.2934306860929634 0.04666343236654546 0.2473464941752041 0.05522027998901621 0.1861553194602826 0.419228679435955 0.11700758632515702 0.3024170904936566 0.2676359300856802 0.1701337617997939 0.29716064736172054 0.0 0.0 0.0 0.0 0.0 0.0 0.0 0.0 0.0 0.0 0.0 0.0 0.0 0.0 0.0 0.0 0.0 0.0 0.0 0.0 0.0 0.0 0.0 0.0 0.0 0.0 0.0 0.0 0.0 0.0 0.0 0.0 0.0 0.0 0.0 0.0 0.0 0.0 0.0 0.0 0.0 0.0 0.0 0.0 0.0 0.0 0.0 0.0 0.0 0.0 0.0
then it was asked who is the enemy of allahs code of life and the country the reply was we the public
0.15878385981053017 0.0 0.21339488390452874 0.13382163349400117 0.07754192578719152 0.0 0.07635834387252893 0.0 0.04518022908192236 0.0 0.0 0.0 0.0 0.0 0.13920035056346775 0.0 0.09205251986484661 0.19980172099946658 0.05940070540157392 0.24848521309851607 0.3048994108837612 0.3245750509881375 0.207840989161219 0.1775857583807761 0.29913796971834555 0.21405605258645502 0.0 0.0 0.0 0.0 0.0 0.0 0.0 0.0 0.0 0.0 0.0 0.0 0.0 0.0 0.0 0.0 0.0 0.0 0.0 0.0 0.0 0.0 0.0 0.0 0.0 0.0 0.0 0.0 0.0 0.0 0.0 0.0 0.0 0.0 0.0 0.0 0.0 0.0 0.0 0.0 0.0
then it was asked who were the enemies of the religion and the country and the answer came we the ordinary citizens
0.15878385981053017 0.0 0.21339488390452874 0.13382163349400117 0.09692740723398939 0.24007965225787917 0.03817917193626447 0.20237440432516698 0.09036045816384472 0.0 0.0 0.0 0.2474321649493554 0.2189748518882838 0.13920035056346775 0.2431314387504986 0.09205251986484661 0.09990086049973329 0.0 0.0 0.0 0.0 0.0 0.1775857583807761 0.0 0.0 0.13416490419117993 0.31922127664012007 0.0 0.0 0.0 0.0 0.0 0.0 0.0 0.0 0.0 0.0 0.0 0.0 0.0 0.0 0.0 0.0 0.0 0.0 0.0 0.0 0.0 0.0 0.0 0.0 0.0 0.0 0.0 0.0 0.0 0.0 0.0 0.0 0.0 0.0 0.0 0.0 0.0 0.0 0.0
then again asked who are the enemies of religion and the country then came the answer we the citizens of this country
0.31756771962106034 0.0 0.21339488390452874 0.13382163349400117 0.07754192578719152 0.24007965225787917 0.07635834387252893 0.20237440432516698 0.04518022908192236 0.0 0.0 0.09573347972058302 0.2474321649493554 0.2189748518882838 0.13920035056346775 0.2431314387504986 0.0 0.0 0.0 0.0 0.0 0.0 0.0 0.3551715167615522 0.0 0.0 0.0 0.0 0.22981885287191295 0.07788640378854636 0.0 0.0 0.0 0.0 0.0 0.0 0.0 0.0 0.0 0.0 0.0 0.0 0.0 0.0 0.0 0.0 0.0 0.0 0.0 0.0 0.0 0.0 0.0 0.0 0.0 0.0 0.0 0.0 0.0 0.0 0.0 0.0 0.0 0.0 0.0 0.0 0.0
a3sw1e5d0b9v9a
then it was asked who are the enemies of religion and country the answer was the citizens
0.2054849950489214 0.0 0.2761580850529195 0.17318093746282504 0.07526128091109764 0.31069131468666716 0.04940834015281284 0.26189628795021613 0.058468531753075995 0.0 0.0 0.1238903855207545 0.32020633111093055 0.0 0.0 0.3146406854418218 0.11912679041333091 0.2585669330581332 0.0 0.0 0.0 0.0 0.0 0.2298168637868867 0.0 0.0 0.0 0.0 0.0 0.0 0.0 0.0 0.0 0.0 0.0 0.0 0.0 0.0 0.0 0.0 0.0 0.0 0.0 0.0 0.0 0.0 0.0 0.0 0.0 0.0 0.0 0.0 0.0 0.0 0.0 0.0 0.0 0.0 0.0 0.0 0.0 0.0 0.0 0.0 0.0 0.0 0.0
a2de039cxxjuga
who are the enemies of religion and country the poor citizens it was answered
0.0 0.0 0.0 0.21029113834771612 0.06092579883279333 0.3772680249766673 0.05999584161412987 0.31801692108240526 0.07099750284302085 0.0 0.0 0.1504383252752019 0.0 0.0 0.0 0.38206368946506924 0.1446539597876161 0.15698706649958089 0.0 0.0 0.0 0.0 0.0 0.2790633345983624 0.0 0.0 0.0 0.0 0.0 0.0 0.4032768655446475 0.5657721199491857 0.0 0.0 0.0 0.0 0.0 0.0 0.0 0.0 0.0 0.0 0.0 0.0 0.0 0.0 0.0 0.0 0.0 0.0 0.0 0.0 0.0 0.0 0.0 0.0 0.0 0.0 0.0 0.0 0.0 0.0 0.0 0.0 0.0 0.0 0.0
a3dd3acpmvdvca
he then asked who the enemies of the religion and the country were so he got the answer we civilians
0.17466224579158318 0.0 0.2347343722949816 0.1472037968434013 0.08529611836591067 0.2640876174836671 0.04199708912989091 0.2226118447576837 0.04969825199011459 0.0 0.0 0.0 0.272175381444291 0.0 0.1531203856198145 0.0 0.0 0.0 0.0 0.0 0.0 0.0 0.0 0.1953443342188537 0.0 0.0 0.14758139461029793 0.0 0.0 0.0 0.0 0.0 0.23749222596283454 0.17671239447246637 0.24513022749412752 0.30645251050302724 0.0 0.0 0.0 0.0 0.0 0.0 0.0 0.0 0.0 0.0 0.0 0.0 0.0 0.0 0.0 0.0 0.0 0.0 0.0 0.0 0.0 0.0 0.0 0.0 0.0 0.0 0.0 0.0 0.0 0.0 0.0
alrghxunh1uv7
no translation found on 1359
0.0 0.0 0.0 0.0 0.0 0.0 0.0 0.0 0.0 0.0 0.0 0.0 0.0 0.0 0.0 0.0 0.0 0.0 0.0 0.0 0.0 0.0 0.0 0.0 0.0 0.0 0.0 0.0 0.0 0.0 0.0 0.0 0.0 0.0 0.0 0.0 0.665689690318618 1.4281302243478051 0.9229844954861539 0.37460155247516064 2.0637409904173944 0.0 0.0 0.0 0.0 0.0 0.0 0.0 0.0 0.0 0.0 0.0 0.0 0.0 0.0 0.0 0.0 0.0 0.0 0.0 0.0 0.0 0.0 0.0 0.0 0.0 0.0
a2j0215qnm7t6u
then it was asked who are the enemies of religion and country the answer was the citizens
0.2054849950489214 0.0 0.2761580850529195 0.17318093746282504 0.07526128091109764 0.31069131468666716 0.04940834015281284 0.26189628795021613 0.058468531753075995 0.0 0.0 0.1238903855207545 0.32020633111093055 0.0 0.0 0.3146406854418218 0.11912679041333091 0.2585669330581332 0.0 0.0 0.0 0.0 0.0 0.2298168637868867 0.0 0.0 0.0 0.0 0.0 0.0 0.0 0.0 0.0 0.0 0.0 0.0 0.0 0.0 0.0 0.0 0.0 0.0 0.0 0.0 0.0 0.0 0.0 0.0 0.0 0.0 0.0 0.0 0.0 0.0 0.0 0.0 0.0 0.0 0.0 0.0 0.0 0.0 0.0 0.0 0.0 0.0 0.0
a2qxd8jqk5bvez
then it was asked who are the enemies of religion and country the answer was its citizens
0.2054849950489214 0.0 0.2761580850529195 0.17318093746282504 0.0501741872740651 0.31069131468666716 0.04940834015281284 0.26189628795021613 0.058468531753075995 0.0 0.0 0.1238903855207545 0.32020633111093055 0.0 0.0 0.3146406854418218 0.11912679041333091 0.2585669330581332 0.0 0.0 0.0 0.0 0.0 0.2298168637868867 0.0 0.0 0.0 0.0 0.0 0.0 0.0 0.0 0.0 0.0 0.0 0.0 0.0 0.0 0.0 0.0 0.0 0.19493076249259475 0.0 0.0 0.0 0.0 0.0 0.0 0.0 0.0 0.0 0.0 0.0 0.0 0.0 0.0 0.0 0.0 0.0 0.0 0.0 0.0 0.0 0.0 0.0 0.0 0.0
air4uqnpimfcj
then it was asked who are the enemies of religion and the country and the answer was the citizens
0.18385499557008755 0.0 0.2470888129420859 0.15495136509831714 0.08978538775359017 0.27798696577228116 0.04420746224199044 0.23432825763966705 0.10462789892655704 0.0 0.0 0.1108492923080435 0.28650040152030626 0.0 0.0 0.281520613290051 0.10658712826455922 0.23134936115727708 0.0 0.0 0.0 0.0 0.0 0.2056256149672144 0.0 0.0 0.0 0.0 0.0 0.0 0.0 0.0 0.0 0.0 0.0 0.0 0.0 0.0 0.0 0.0 0.0 0.0 0.0 0.0 0.0 0.0 0.0 0.0 0.0 0.0 0.0 0.0 0.0 0.0 0.0 0.0 0.0 0.0 0.0 0.0 0.0 0.0 0.0 0.0 0.0 0.0 0.0
a87c5tu9lryej
who are the enemies of religion and country the poor citizens
0.0 0.0 0.0 0.26764326698800234 0.07754192578719152 0.48015930451575833 0.07635834387252893 0.40474880865033397 0.09036045816384472 0.0 0.0 0.19146695944116604 0.0 0.0 0.0 0.4862628775009972 0.0 0.0 0.0 0.0 0.0 0.0 0.0 0.3551715167615522 0.0 0.0 0.0 0.0 0.0 0.0 0.5132614652386422 0.0 0.0 0.0 0.0 0.0 0.0 0.0 0.0 0.0 0.0 0.0 0.0 0.0 0.0 0.0 0.0 0.0 0.0 0.0 0.0 0.0 0.0 0.0 0.0 0.0 0.0 0.0 0.0 0.0 0.0 0.0 0.0 0.0 0.0 0.0 0.0
ak460483q91ei
who are the enemies of religion and country the poor citizens it was answered
0.0 0.0 0.0 0.21029113834771612 0.06092579883279333 0.3772680249766673 0.05999584161412987 0.31801692108240526 0.07099750284302085 0.0 0.0 0.1504383252752019 0.0 0.0 0.0 0.38206368946506924 0.1446539597876161 0.15698706649958089 0.0 0.0 0.0 0.0 0.0 0.2790633345983624 0.0 0.0 0.0 0.0 0.0 0.0 0.4032768655446475 0.5657721199491857 0.0 0.0 0.0 0.0 0.0 0.0 0.0 0.0 0.0 0.0 0.0 0.0 0.0 0.0 0.0 0.0 0.0 0.0 0.0 0.0 0.0 0.0 0.0 0.0 0.0 0.0 0.0 0.0 0.0 0.0 0.0 0.0 0.0 0.0 0.0
a1395pss402i1j
who are the enemies of religion and country the poor citizens it was answered
0.0 0.0 0.0 0.21029113834771612 0.06092579883279333 0.3772680249766673 0.05999584161412987 0.31801692108240526 0.07099750284302085 0.0 0.0 0.1504383252752019 0.0 0.0 0.0 0.38206368946506924 0.1446539597876161 0.15698706649958089 0.0 0.0 0.0 0.0 0.0 0.2790633345983624 0.0 0.0 0.0 0.0 0.0 0.0 0.4032768655446475 0.5657721199491857 0.0 0.0 0.0 0.0 0.0 0.0 0.0 0.0 0.0 0.0 0.0 0.0 0.0 0.0 0.0 0.0 0.0 0.0 0.0 0.0 0.0 0.0 0.0 0.0 0.0 0.0 0.0 0.0 0.0 0.0 0.0 0.0 0.0 0.0 0.0
a230hf2okthmdz
he then asked who the enemies of the religion and the country were so he got the answer we civilians
0.17466224579158318 0.0 0.2347343722949816 0.1472037968434013 0.08529611836591067 0.2640876174836671 0.04199708912989091 0.2226118447576837 0.04969825199011459 0.0 0.0 0.0 0.272175381444291 0.0 0.1531203856198145 0.0 0.0 0.0 0.0 0.0 0.0 0.0 0.0 0.1953443342188537 0.0 0.0 0.14758139461029793 0.0 0.0 0.0 0.0 0.0 0.23749222596283454 0.17671239447246637 0.24513022749412752 0.30645251050302724 0.0 0.0 0.0 0.0 0.0 0.0 0.0 0.0 0.0 0.0 0.0 0.0 0.0 0.0 0.0 0.0 0.0 0.0 0.0 0.0 0.0 0.0 0.0 0.0 0.0 0.0 0.0 0.0 0.0 0.0 0.0
a1lcle8gy2eo0v
he then asked who the enemies of the religion and the country were we civilians was the answer
0.19406916199064797 0.0 0.26081596921664624 0.16355977427044588 0.09477346485101185 0.2934306860929634 0.04666343236654546 0.2473464941752041 0.05522027998901621 0.0 0.0 0.0 0.3024170904936566 0.0 0.1701337617997939 0.0 0.0 0.12210105172189624 0.0 0.0 0.0 0.0 0.0 0.21704926024317076 0.0 0.0 0.1639793273447755 0.0 0.0 0.0 0.0 0.0 0.13194012553490808 0.0 0.0 0.3405027894478081 0.0 0.0 0.0 0.0 0.0 0.0 0.0 0.0 0.0 0.0 0.0 0.0 0.0 0.0 0.0 0.0 0.0 0.0 0.0 0.0 0.0 0.0 0.0 0.0 0.0 0.0 0.0 0.0 0.0 0.0 0.0
a9x4g4wpj27d6
finally he asked who the enemies of the religion and the country were he received the answer we civilians are
0.0 0.0 0.2347343722949816 0.1472037968434013 0.08529611836591067 0.2640876174836671 0.04199708912989091 0.2226118447576837 0.04969825199011459 0.0 0.0 0.10530682769264132 0.272175381444291 0.0 0.1531203856198145 0.0 0.0 0.0 0.0 0.0 0.0 0.0 0.0 0.1953443342188537 0.0 0.0 0.14758139461029793 0.0 0.0 0.0 0.0 0.0 0.23749222596283454 0.0 0.0 0.30645251050302724 0.0 0.0 0.0 0.0 0.0 0.0 0.35499145636093854 0.278688641186186 0.0 0.0 0.0 0.0 0.0 0.0 0.0 0.0 0.0 0.0 0.0 0.0 0.0 0.0 0.0 0.0 0.0 0.0 0.0 0.0 0.0 0.0 0.0
a477wg206bmm6
in recent years the number of chemical and herbal health supplements has greatly increased in popularity a major one of which is human growth hormone commonly known as hgh
0.0 0.0 0.0 0.0 0.014706227304467356 0.0 0.05792701948950471 0.0 0.03427465654490662 0.0 0.0 0.0 0.0 0.0 0.0 0.0 0.0 0.0 0.045062604097745734 0.0 0.0 0.0 0.0 0.0 0.0 0.0 0.0 0.0 0.0 0.0 0.0 0.0 0.0 0.0 0.0 0.0 0.0 0.0 0.0 0.0 0.0 0.0 0.0 0.0 0.07102280706597801 0.19701844021030618 0.14214692497560172 0.1570177189414526 0.23853474380775225 0.24216786503733245 0.1980687577097789 0.24216786503733245 0.07078612475624908 0.2216167122060808 0.17046298428975193 0.21463311689189207 0.04889252921281874 0.20648177971726342 0.10106881768985966 0.10398396209828174 0.15333059181419154 0.24091380834178508 0.24216786503733245 0.24482169404202656 0.1816844463737046 0.09087245762183258 0.24216786503733245
