what problems will war solve cannot give solution to how can provide the do gives solutions for does a our in only extreme human instances ever problem
what problems will war solve
0.6164731218665254 0.936070056550645 0.4431026399602368 0.7260700476280417 1.2169196894979424 0.0 0.0 0.0 0.0 0.0 0.0 0.0 0.0 0.0 0.0 0.0 0.0 0.0 0.0 0.0 0.0 0.0 0.0 0.0 0.0 0.0 0.0
war cannot give solution to problems
0.0 0.7800583804588709 0.0 0.6050583730233682 0.0 0.8749667916444565 0.7355571840054002 0.9394289541604586 0.17997905161852676 0.0 0.0 0.0 0.0 0.0 0.0 0.0 0.0 0.0 0.0 0.0 0.0 0.0 0.0 0.0 0.0 0.0 0.0
how can war provide solution to the problems
0.0 0.5850437853441531 0.0 0.4537937797675261 0.0 0.0 0.0 0.7045717156203439 0.13498428871389506 0.49043041924644015 0.39395838439684383 0.7330447069791829 0.05331007397869417 0.0 0.0 0.0 0.0 0.0 0.0 0.0 0.0 0.0 0.0 0.0 0.0 0.0 0.0
how can war solve problems
0.0 0.936070056550645 0.0 0.7260700476280417 1.2169196894979424 0.0 0.0 0.0 0.0 0.7846886707943043 0.6303334150349501 0.0 0.0 0.0 0.0 0.0 0.0 0.0 0.0 0.0 0.0 0.0 0.0 0.0 0.0 0.0 0.0
a143bvgouf83je
will war give solution to problems
0.0 0.7800583804588709 0.36925219996686404 0.6050583730233682 0.0 0.0 0.7355571840054002 0.9394289541604586 0.17997905161852676 0.0 0.0 0.0 0.0 0.0 0.0 0.0 0.0 0.0 0.0 0.0 0.0 0.0 0.0 0.0 0.0 0.0 0.0
a28z6a8uc4er3x
what solution will the war give
0.5137276015554378 0.0 0.36925219996686404 0.6050583730233682 0.0 0.0 0.7355571840054002 0.9394289541604586 0.0 0.0 0.0 0.0 0.07108009863825888 0.0 0.0 0.0 0.0 0.0 0.0 0.0 0.0 0.0 0.0 0.0 0.0 0.0 0.0
a3dd3acpmvdvca
what problems can war solve
0.6164731218665254 0.936070056550645 0.0 0.7260700476280417 1.2169196894979424 0.0 0.0 0.0 0.0 0.0 0.6303334150349501 0.0 0.0 0.0 0.0 0.0 0.0 0.0 0.0 0.0 0.0 0.0 0.0 0.0 0.0 0.0 0.0
a2i57ww1b3evwx
do war gives solutions for problems
0.0 0.7800583804588709 0.0 0.6050583730233682 0.0 0.0 0.0 0.0 0.0 0.0 0.0 0.0 0.0 0.5396395092326981 1.0190020554493342 1.3056330503831617 0.3217849498570692 0.0 0.0 0.0 0.0 0.0 0.0 0.0 0.0 0.0 0.0
a2190f96xfy41l
does war solve problems
0.0 1.1700875706883063 0.0 0.9075875595350522 1.521149611872428 0.0 0.0 0.0 0.0 0.0 0.0 0.0 0.0 0.0 0.0 0.0 0.0 1.0485053902981916 0.0 0.0 0.0 0.0 0.0 0.0 0.0 0.0 0.0
a1395pss402i1j
will war give a solution to our problems
0.0 0.5850437853441531 0.276939149975148 0.4537937797675261 0.0 0.0 0.5516678880040501 0.7045717156203439 0.13498428871389506 0.0 0.0 0.0 0.0 0.0 0.0 0.0 0.0 0.0 0.17723541839646792 0.41884946878563584 0.0 0.0 0.0 0.0 0.0 0.0 0.0
a24bjjrcqbm3mi
in only extreme human instances will war give solution to problems
0.0 0.42548638934120225 0.20141029089101672 0.3300318398309281 0.0 0.0 0.401213009457491 0.512415793178432 0.09817039179192368 0.0 0.0 0.0 0.0 0.0 0.0 0.0 0.0 0.0 0.0 0.0 0.09362097295060737 0.3059978461329184 0.5771284580486227 0.4042351966010504 0.7751768620780832 0.0 0.0
a6tw9zegog7ph
what solution will the war give
0.5137276015554378 0.0 0.36925219996686404 0.6050583730233682 0.0 0.0 0.7355571840054002 0.9394289541604586 0.0 0.0 0.0 0.0 0.07108009863825888 0.0 0.0 0.0 0.0 0.0 0.0 0.0 0.0 0.0 0.0 0.0 0.0 0.0 0.0
aq83oqxl7tj8n
what solution will the war give
0.5137276015554378 0.0 0.36925219996686404 0.6050583730233682 0.0 0.0 0.7355571840054002 0.9394289541604586 0.0 0.0 0.0 0.0 0.07108009863825888 0.0 0.0 0.0 0.0 0.0 0.0 0.0 0.0 0.0 0.0 0.0 0.0 0.0 0.0
a3iiehpa9ivcnu
what solution will the war give
0.5137276015554378 0.0 0.36925219996686404 0.6050583730233682 0.0 0.0 0.7355571840054002 0.9394289541604586 0.0 0.0 0.0 0.0 0.07108009863825888 0.0 0.0 0.0 0.0 0.0 0.0 0.0 0.0 0.0 0.0 0.0 0.0 0.0 0.0
a2unp2crnrfiw8
what problems can war solve
0.6164731218665254 0.936070056550645 0.0 0.7260700476280417 1.2169196894979424 0.0 0.0 0.0 0.0 0.0 0.6303334150349501 0.0 0.0 0.0 0.0 0.0 0.0 0.0 0.0 0.0 0.0 0.0 0.0 0.0 0.0 0.0 0.0
a1dndzlo2d5d48
what problems can war solve
0.6164731218665254 0.936070056550645 0.0 0.7260700476280417 1.2169196894979424 0.0 0.0 0.0 0.0 0.0 0.6303334150349501 0.0 0.0 0.0 0.0 0.0 0.0 0.0 0.0 0.0 0.0 0.0 0.0 0.0 0.0 0.0 0.0
a1ih5ceu09nm63
what problems can war solve
0.6164731218665254 0.936070056550645 0.0 0.7260700476280417 1.2169196894979424 0.0 0.0 0.0 0.0 0.0 0.6303334150349501 0.0 0.0 0.0 0.0 0.0 0.0 0.0 0.0 0.0 0.0 0.0 0.0 0.0 0.0 0.0 0.0
a1vftlon458bjk
do war gives solutions for problems does war ever provide a solution for a problem
0.0 0.3120233521835483 0.0 0.4840466984186945 0.0 0.0 0.0 0.37577158166418345 0.0 0.0 0.0 0.3909571770555642 0.0 0.21585580369307925 0.40760082217973365 0.5222532201532647 0.25742795988565537 0.2796014374128511 0.18905111295623245 0.0 0.0 0.0 0.0 0.0 0.0 0.36239353530004 0.3192850576383698
