results showed that here the have shown foreigners suggested crime rate among of involvement from it became clear there was found out indicate these were those by less than general population province
results showed that here
1.4519613613925302 1.5105097082677288 0.30201860606494996 1.09794473152914 0.0 0.0 0.0 0.0 0.0 0.0 0.0 0.0 0.0 0.0 0.0 0.0 0.0 0.0 0.0 0.0 0.0 0.0 0.0 0.0 0.0 0.0 0.0 0.0 0.0 0.0 0.0 0.0
the results have shown that here foreigners
0.8296922065100173 0.0 0.17258206060854284 0.6273969894452228 0.06092579883279333 0.3268528611412042 0.8220509658027335 0.8573166912215229 0.0 0.0 0.0 0.0 0.0 0.0 0.0 0.0 0.0 0.0 0.0 0.0 0.0 0.0 0.0 0.0 0.0 0.0 0.0 0.0 0.0 0.0 0.0 0.0
results suggested that the crime rate among the foreigners here
0.5807845445570121 0.0 0.12080744242597999 0.43917789261165596 0.08529611836591067 0.0 0.0 0.600121683855066 0.7140651121739026 0.5391451266929767 0.6129050210060545 0.4920542250569218 0.0 0.0 0.0 0.0 0.0 0.0 0.0 0.0 0.0 0.0 0.0 0.0 0.0 0.0 0.0 0.0 0.0 0.0 0.0 0.0
the results showed that the rate of involvement of foreigners
0.5807845445570121 0.6042038833070915 0.12080744242597999 0.0 0.08529611836591067 0.0 0.0 0.600121683855066 0.0 0.0 0.6129050210060545 0.0 0.16798835651956365 0.6468557350376912 0.0 0.0 0.0 0.0 0.0 0.0 0.0 0.0 0.0 0.0 0.0 0.0 0.0 0.0 0.0 0.0 0.0 0.0
a3dd3acpmvdvca
from the results it became clear that the foreigners there
0.5807845445570121 0.0 0.12080744242597999 0.0 0.08529611836591067 0.0 0.0 0.600121683855066 0.0 0.0 0.0 0.0 0.0 0.0 0.2412894639428039 0.20251554370266253 0.5391451266929767 0.4884982948532731 0.28639850027229696 0.0 0.0 0.0 0.0 0.0 0.0 0.0 0.0 0.0 0.0 0.0 0.0 0.0
a2xknsbfsj3hso
from the results it was found out that the foreigners
0.5807845445570121 0.0 0.12080744242597999 0.0 0.08529611836591067 0.0 0.0 0.600121683855066 0.0 0.0 0.0 0.0 0.0 0.0 0.2412894639428039 0.20251554370266253 0.0 0.0 0.0 0.21978189309941323 0.46149224774307696 0.40069701429340565 0.0 0.0 0.0 0.0 0.0 0.0 0.0 0.0 0.0 0.0
a143bvgouf83je
results showed that the foreigners here have
0.8296922065100173 0.8631484047244165 0.17258206060854284 0.6273969894452228 0.06092579883279333 0.3268528611412042 0.0 0.8573166912215229 0.0 0.0 0.0 0.0 0.0 0.0 0.0 0.0 0.0 0.0 0.0 0.0 0.0 0.0 0.0 0.0 0.0 0.0 0.0 0.0 0.0 0.0 0.0 0.0
a8v7wa74iohz9
results indicate that here foreigners
1.1615690891140242 0.0 0.24161488485195998 0.8783557852233119 0.0 0.0 0.0 1.200243367710132 0.0 0.0 0.0 0.0 0.0 0.0 0.0 0.0 0.0 0.0 0.0 0.0 0.0 0.0 1.603223971818585 0.0 0.0 0.0 0.0 0.0 0.0 0.0 0.0 0.0
a291u81kgj6l9n
from these results it became clear that the foreigners were there
0.5279859495972837 0.0 0.1098249476599818 0.0 0.03877096289359576 0.0 0.0 0.5455651671409691 0.0 0.0 0.0 0.0 0.0 0.0 0.21935405812982173 0.18410503972969322 0.49013193335725147 0.44408935895752105 0.26036227297481546 0.0 0.0 0.0 0.0 0.2737729670292939 0.26832980838235987 0.0 0.0 0.0 0.0 0.0 0.0 0.0
a1c0lbe9vl3ax
from the results it became clear that the foreigners there
0.5807845445570121 0.0 0.12080744242597999 0.0 0.08529611836591067 0.0 0.0 0.600121683855066 0.0 0.0 0.0 0.0 0.0 0.0 0.2412894639428039 0.20251554370266253 0.5391451266929767 0.4884982948532731 0.28639850027229696 0.0 0.0 0.0 0.0 0.0 0.0 0.0 0.0 0.0 0.0 0.0 0.0 0.0
ajfwu2g6a1bhs
from the results it became clear that the foreigners there
0.5807845445570121 0.0 0.12080744242597999 0.0 0.08529611836591067 0.0 0.0 0.600121683855066 0.0 0.0 0.0 0.0 0.0 0.0 0.2412894639428039 0.20251554370266253 0.5391451266929767 0.4884982948532731 0.28639850027229696 0.0 0.0 0.0 0.0 0.0 0.0 0.0 0.0 0.0 0.0 0.0 0.0 0.0
a1wgq344wqriu5
from the results it was found out that the foreigners
0.5807845445570121 0.0 0.12080744242597999 0.0 0.08529611836591067 0.0 0.0 0.600121683855066 0.0 0.0 0.0 0.0 0.0 0.0 0.2412894639428039 0.20251554370266253 0.0 0.0 0.0 0.21978189309941323 0.46149224774307696 0.40069701429340565 0.0 0.0 0.0 0.0 0.0 0.0 0.0 0.0 0.0 0.0
a1c0lbe9vl3ax
from the results it was found out that the foreigners
0.5807845445570121 0.0 0.12080744242597999 0.0 0.08529611836591067 0.0 0.0 0.600121683855066 0.0 0.0 0.0 0.0 0.0 0.0 0.2412894639428039 0.20251554370266253 0.0 0.0 0.0 0.21978189309941323 0.46149224774307696 0.40069701429340565 0.0 0.0 0.0 0.0 0.0 0.0 0.0 0.0 0.0 0.0
attzel5iaoiw5
from the results it was found out that the foreigners
0.5807845445570121 0.0 0.12080744242597999 0.0 0.08529611836591067 0.0 0.0 0.600121683855066 0.0 0.0 0.0 0.0 0.0 0.0 0.2412894639428039 0.20251554370266253 0.0 0.0 0.0 0.21978189309941323 0.46149224774307696 0.40069701429340565 0.0 0.0 0.0 0.0 0.0 0.0 0.0 0.0 0.0 0.0
a6tw9zegog7ph
results showed that the foreigners here have
0.8296922065100173 0.8631484047244165 0.17258206060854284 0.6273969894452228 0.06092579883279333 0.3268528611412042 0.0 0.8573166912215229 0.0 0.0 0.0 0.0 0.0 0.0 0.0 0.0 0.0 0.0 0.0 0.0 0.0 0.0 0.0 0.0 0.0 0.0 0.0 0.0 0.0 0.0 0.0 0.0
a3m6cl5oao31z
those results showed that the foreigners here have
0.7259806806962651 0.7552548541338644 0.15100930303247498 0.54897236576457 0.05331007397869417 0.2859962534985537 0.0 0.7501521048188325 0.0 0.0 0.0 0.0 0.0 0.0 0.0 0.0 0.0 0.0 0.0 0.0 0.0 0.0 0.0 0.0 0.0 0.49840038777415996 0.0 0.0 0.0 0.0 0.0 0.0
a2owo5cfm8khwy
results showed that the foreigners here have
0.8296922065100173 0.8631484047244165 0.17258206060854284 0.6273969894452228 0.06092579883279333 0.3268528611412042 0.0 0.8573166912215229 0.0 0.0 0.0 0.0 0.0 0.0 0.0 0.0 0.0 0.0 0.0 0.0 0.0 0.0 0.0 0.0 0.0 0.0 0.0 0.0 0.0 0.0 0.0 0.0
a11q9mm0b90tar
the crime rate by foreigners crime rate was less than the general population of the province
0.0 0.0 0.0 0.0 0.07996511096804125 0.0 0.0 0.37507605240941627 0.0 0.6739314083662208 0.7661312762575682 0.0 0.05249636141236364 0.0 0.0 0.0 0.0 0.0 0.0 0.13736368318713327 0.0 0.0 0.0 0.0 0.0 0.0 0.1559662038375905 0.33474127011419147 0.2598436018994934 0.30109042134639025 0.3956075565951685 0.33051668941840845
