didnt bush take too long to admit his mistakes is not late in confessing has been conceding isnt it for realize did delay accepting mistake do accept the he dont you think was delayed by acknowledge made
didnt bush take too long to admit to his mistakes
0.6367461233505544 0.39765835333658195 0.38603666687421806 0.5015400044027895 0.47892758645755473 0.2159748619422321 0.8526945482858915 0.26704419211850505 0.5474517865628379 0.0 0.0 0.0 0.0 0.0 0.0 0.0 0.0 0.0 0.0 0.0 0.0 0.0 0.0 0.0 0.0 0.0 0.0 0.0 0.0 0.0 0.0 0.0 0.0 0.0 0.0 0.0 0.0
is bush not late in confessing his mistakes
0.0 0.4970729416707274 0.0 0.0 0.0 0.0 0.0 0.33380524014813134 0.6843147332035474 0.16335193985432828 0.26757843602967046 0.9285416492738507 0.12872883780708513 1.2898381190108714 0.0 0.0 0.0 0.0 0.0 0.0 0.0 0.0 0.0 0.0 0.0 0.0 0.0 0.0 0.0 0.0 0.0 0.0 0.0 0.0 0.0 0.0 0.0
has bush not been late in conceding his mistakes
0.0 0.44184261481842435 0.0 0.0 0.0 0.0 0.0 0.2967157690205612 0.6082797628475977 0.0 0.23784749869304042 0.8253703549100896 0.1144256336062979 0.0 0.2280886242145804 0.32718923252631227 1.1465227724541078 0.0 0.0 0.0 0.0 0.0 0.0 0.0 0.0 0.0 0.0 0.0 0.0 0.0 0.0 0.0 0.0 0.0 0.0 0.0 0.0
isnt it too late for bush to realize his mistakes
0.0 0.39765835333658195 0.0 0.5015400044027895 0.0 0.10798743097111604 0.0 0.26704419211850505 0.5474517865628379 0.0 0.0 0.7428333194190806 0.0 0.0 0.0 0.0 0.0 0.6763356890597556 0.20251554370266253 0.1930709699142415 0.6763356890597556 0.0 0.0 0.0 0.0 0.0 0.0 0.0 0.0 0.0 0.0 0.0 0.0 0.0 0.0 0.0 0.0
a3dd3acpmvdvca
did bush delay accepting his mistake
0.0 0.6627639222276366 0.0 0.0 0.0 0.0 0.0 0.4450736535308418 0.0 0.0 0.0 0.0 0.0 0.0 0.0 0.0 0.0 0.0 0.0 0.0 0.0 0.6727397008651607 1.1135197987267642 1.0346385146522765 0.9979952686334399 0.0 0.0 0.0 0.0 0.0 0.0 0.0 0.0 0.0 0.0 0.0 0.0
ayowrg5s0py3f
do bush did late to accept the mistakes he did
0.0 0.39765835333658195 0.0 0.0 0.0 0.10798743097111604 0.0 0.0 0.5474517865628379 0.0 0.0 0.7428333194190806 0.0 0.0 0.0 0.0 0.0 0.0 0.0 0.0 0.0 0.8072876410381928 0.0 0.0 0.0 0.3237837055396189 0.5458892547725298 0.042648059182955333 0.23749222596283454 0.0 0.0 0.0 0.0 0.0 0.0 0.0 0.0
alzgu09bjzsiw
dont you think bush was late in accepting his mistakes
0.0 0.39765835333658195 0.0 0.0 0.0 0.0 0.0 0.26704419211850505 0.5474517865628379 0.0 0.0 0.7428333194190806 0.1029830702456681 0.0 0.0 0.0 0.0 0.0 0.0 0.0 0.0 0.0 0.0 0.6207831087913659 0.0 0.0 0.0 0.0 0.0 0.4731456293686721 0.3187806121790624 0.41788203998607154 0.21978189309941323 0.0 0.0 0.0 0.0
a28e6z78qj2yz6
has it been delayed by bush to acknowledge the mistake
0.0 0.39765835333658195 0.0 0.0 0.0 0.10798743097111604 0.0 0.0 0.0 0.0 0.0 0.0 0.0 0.0 0.20527976179312235 0.294470309273681 0.0 0.0 0.20251554370266253 0.0 0.0 0.0 0.0 0.0 0.598797161180064 0.0 0.0 0.042648059182955333 0.0 0.0 0.0 0.0 0.0 0.7610654750984761 0.24954592614014479 0.8239263410407135 0.0
ancf53mqwds6z
was it too late for bush to admit to his mistakes
0.0 0.3615075939423472 0.0 0.45594545854799046 0.0 0.19634078358384735 0.7751768620780832 0.24276744738045916 0.4976834423298527 0.0 0.0 0.6753030176537096 0.0 0.0 0.0 0.0 0.0 0.0 0.18410503972969322 0.17551906355840138 0.0 0.0 0.0 0.0 0.0 0.0 0.0 0.0 0.0 0.0 0.0 0.0 0.19980172099946658 0.0 0.0 0.0 0.0
a27uwrw5ocdcw2
did bush delay accepting his mistake
0.0 0.6627639222276366 0.0 0.0 0.0 0.0 0.0 0.4450736535308418 0.0 0.0 0.0 0.0 0.0 0.0 0.0 0.0 0.0 0.0 0.0 0.0 0.0 0.6727397008651607 1.1135197987267642 1.0346385146522765 0.9979952686334399 0.0 0.0 0.0 0.0 0.0 0.0 0.0 0.0 0.0 0.0 0.0 0.0
a2qxd8jqk5bvez
did bush delay accepting his mistakes
0.0 0.6627639222276366 0.0 0.0 0.0 0.0 0.0 0.4450736535308418 0.9124196442713965 0.0 0.0 0.0 0.0 0.0 0.0 0.0 0.0 0.0 0.0 0.0 0.0 0.6727397008651607 1.1135197987267642 1.0346385146522765 0.0 0.0 0.0 0.0 0.0 0.0 0.0 0.0 0.0 0.0 0.0 0.0 0.0
a230hf2okthmdz
was bush late to accept the mistakes he did
0.0 0.44184261481842435 0.0 0.0 0.0 0.11998603441235117 0.0 0.0 0.6082797628475977 0.0 0.0 0.8253703549100896 0.0 0.0 0.0 0.0 0.0 0.0 0.0 0.0 0.0 0.44849313391010714 0.0 0.0 0.0 0.0 0.6065436164139221 0.04738673242550592 0.26388025106981616 0.0 0.0 0.0 0.24420210344379248 0.0 0.0 0.0 0.0
a330jjzgjl7ig2
was bush too late in accepting the mistakes he made
0.0 0.39765835333658195 0.0 0.5015400044027895 0.0 0.0 0.0 0.0 0.5474517865628379 0.0 0.0 0.7428333194190806 0.1029830702456681 0.0 0.0 0.0 0.0 0.0 0.0 0.0 0.0 0.0 0.0 0.6207831087913659 0.0 0.0 0.0 0.042648059182955333 0.23749222596283454 0.0 0.0 0.0 0.21978189309941323 0.0 0.0 0.0 0.3906886684377074
a3qu3km3iywhif
was bush too late in accepting the mistakes he made
0.0 0.39765835333658195 0.0 0.5015400044027895 0.0 0.0 0.0 0.0 0.5474517865628379 0.0 0.0 0.7428333194190806 0.1029830702456681 0.0 0.0 0.0 0.0 0.0 0.0 0.0 0.0 0.0 0.0 0.6207831087913659 0.0 0.0 0.0 0.042648059182955333 0.23749222596283454 0.0 0.0 0.0 0.21978189309941323 0.0 0.0 0.0 0.3906886684377074
avktegthhn2vp
dont you think bush was late in accepting his mistakes
0.0 0.39765835333658195 0.0 0.0 0.0 0.0 0.0 0.26704419211850505 0.5474517865628379 0.0 0.0 0.7428333194190806 0.1029830702456681 0.0 0.0 0.0 0.0 0.0 0.0 0.0 0.0 0.0 0.0 0.6207831087913659 0.0 0.0 0.0 0.0 0.0 0.4731456293686721 0.3187806121790624 0.41788203998607154 0.21978189309941323 0.0 0.0 0.0 0.0
aw4q48bn2x4nt
dont you think bush was late in accepting his mistakes
0.0 0.39765835333658195 0.0 0.0 0.0 0.0 0.0 0.26704419211850505 0.5474517865628379 0.0 0.0 0.7428333194190806 0.1029830702456681 0.0 0.0 0.0 0.0 0.0 0.0 0.0 0.0 0.0 0.0 0.6207831087913659 0.0 0.0 0.0 0.0 0.0 0.4731456293686721 0.3187806121790624 0.41788203998607154 0.21978189309941323 0.0 0.0 0.0 0.0
a330jjzgjl7ig2
dont you think bush was late in accepting his mistakes
0.0 0.39765835333658195 0.0 0.0 0.0 0.0 0.0 0.26704419211850505 0.5474517865628379 0.0 0.0 0.7428333194190806 0.1029830702456681 0.0 0.0 0.0 0.0 0.0 0.0 0.0 0.0 0.0 0.0 0.6207831087913659 0.0 0.0 0.0 0.0 0.0 0.4731456293686721 0.3187806121790624 0.41788203998607154 0.21978189309941323 0.0 0.0 0.0 0.0
ao86wz7i0vqzc
has it been delayed by bush to acknowledge the mistake
0.0 0.39765835333658195 0.0 0.0 0.0 0.10798743097111604 0.0 0.0 0.0 0.0 0.0 0.0 0.0 0.0 0.20527976179312235 0.294470309273681 0.0 0.0 0.20251554370266253 0.0 0.0 0.0 0.0 0.0 0.598797161180064 0.0 0.0 0.042648059182955333 0.0 0.0 0.0 0.0 0.0 0.7610654750984761 0.24954592614014479 0.8239263410407135 0.0
