najeeburrehman saiko lahore pakistan sieko pkitn psycho najeeb ur rehman ul saico pkin najeebur rahman syco seiko
najeeburrehman saiko lahore pakistan
2.059815852601784 2.004029964773231 1.3666686720418384 0.5894208715509002 0.0 0.0 0.0 0.0 0.0 0.0 0.0 0.0 0.0 0.0 0.0 0.0 0.0
najeeburrehman sieko lahore pkitn
2.059815852601784 0.0 1.3666686720418384 0.0 2.1317363707147288 2.059815852601784 0.0 0.0 0.0 0.0 0.0 0.0 0.0 0.0 0.0 0.0 0.0
najeeburrehman psycho lahore pkitn
2.059815852601784 0.0 1.3666686720418384 0.0 0.0 2.059815852601784 1.5918653083763858 0.0 0.0 0.0 0.0 0.0 0.0 0.0 0.0 0.0 0.0
najeeburrehman saiko lahore pakistan
2.059815852601784 2.004029964773231 1.3666686720418384 0.5894208715509002 0.0 0.0 0.0 0.0 0.0 0.0 0.0 0.0 0.0 0.0 0.0 0.0 0.0
a2qlm59qc9g1uf
najeeb ur rehman psycho lahore
0.0 0.0 1.0933349376334707 0.0 0.0 0.0 1.2734922467011087 1.5359295244943423 1.5507511189250869 1.1200412161583753 0.0 0.0 0.0 0.0 0.0 0.0 0.0
a1sanjgoj47idf
najeeb ul rehman saico lahore pkin
0.0 0.0 0.9111124480278923 0.0 0.0 0.0 0.0 1.279941270411952 0.0 0.9333676801319793 1.0346385146522765 1.4887350984945134 1.3954658005052762 0.0 0.0 0.0 0.0
a3dd3acpmvdvca
najeebur rahman syco lahore
0.0 0.0 1.3666686720418384 0.0 0.0 0.0 0.0 0.0 0.0 0.0 0.0 0.0 0.0 2.030370093687688 1.5140062687614138 1.98020241982215 0.0
a2i57ww1b3evwx
najeeb ur rehman seiko lahore pkitn
0.0 0.0 0.9111124480278923 0.0 0.0 1.3732105684011893 0.0 1.279941270411952 1.292292599104239 0.9333676801319793 0.0 0.0 0.0 0.0 0.0 0.0 1.4887350984945134
a2zhr3rebfem5a
najeeb ur rehman psycho lahore
0.0 0.0 1.0933349376334707 0.0 0.0 0.0 1.2734922467011087 1.5359295244943423 1.5507511189250869 1.1200412161583753 0.0 0.0 0.0 0.0 0.0 0.0 0.0
au2ar4vob7vlv
najeeb ur rehman psycho lahore
0.0 0.0 1.0933349376334707 0.0 0.0 0.0 1.2734922467011087 1.5359295244943423 1.5507511189250869 1.1200412161583753 0.0 0.0 0.0 0.0 0.0 0.0 0.0
a3jbnhlk1t5829
najeeb ur rehman psycho lahore
0.0 0.0 1.0933349376334707 0.0 0.0 0.0 1.2734922467011087 1.5359295244943423 1.5507511189250869 1.1200412161583753 0.0 0.0 0.0 0.0 0.0 0.0 0.0
a2xfh4syr81vse
najeeb ul rehman saico lahore pkin
0.0 0.0 0.9111124480278923 0.0 0.0 0.0 0.0 1.279941270411952 0.0 0.9333676801319793 1.0346385146522765 1.4887350984945134 1.3954658005052762 0.0 0.0 0.0 0.0
a230hf2okthmdz
najeeb ul rehman saico lahore
0.0 0.0 1.0933349376334707 0.0 0.0 0.0 0.0 1.5359295244943423 0.0 1.1200412161583753 1.2415662175827318 1.786482118193416 0.0 0.0 0.0 0.0 0.0
a6tw9zegog7ph
najeeb ul rehman saico lahore pkin
0.0 0.0 0.9111124480278923 0.0 0.0 0.0 0.0 1.279941270411952 0.0 0.9333676801319793 1.0346385146522765 1.4887350984945134 1.3954658005052762 0.0 0.0 0.0 0.0
a2unp2crnrfiw8
najeebur rahman syco lahore
0.0 0.0 1.3666686720418384 0.0 0.0 0.0 0.0 0.0 0.0 0.0 0.0 0.0 0.0 2.030370093687688 1.5140062687614138 1.98020241982215 0.0
a2kyfqwkbpwvxn
najeebur rahman syco lahore
0.0 0.0 1.3666686720418384 0.0 0.0 0.0 0.0 0.0 0.0 0.0 0.0 0.0 0.0 2.030370093687688 1.5140062687614138 1.98020241982215 0.0
a2dwqf4zhhblow
najeebur rahman syco lahore
0.0 0.0 1.3666686720418384 0.0 0.0 0.0 0.0 0.0 0.0 0.0 0.0 0.0 0.0 2.030370093687688 1.5140062687614138 1.98020241982215 0.0
a3i6odkoktfoow
najeeb ur rehman seiko lahore pkitn
0.0 0.0 0.9111124480278923 0.0 0.0 1.3732105684011893 0.0 1.279941270411952 1.292292599104239 0.9333676801319793 0.0 0.0 0.0 0.0 0.0 0.0 1.4887350984945134
