by eliminating the reasons fazlullah and taliban will fall apart on their own causes be eliminated automatically if are addressed vanish root cause is ended people like finished finishing themselves finish fazalullah dissolve into nothingness terminated with die out elimintaing sources these fade disperse
by eliminating the reasons fazlullah and the taliban will fall apart on their own
0.17824709010010342 0.5100465086956446 0.06092579883279333 0.4180569166737419 0.52306947703807 0.07099750284302085 0.24768000175665913 0.15825094284294172 0.5043291724332492 0.39812663026598 0.1337862687411288 0.21265864998027212 0.3029330506241383 0.0 0.0 0.0 0.0 0.0 0.0 0.0 0.0 0.0 0.0 0.0 0.0 0.0 0.0 0.0 0.0 0.0 0.0 0.0 0.0 0.0 0.0 0.0 0.0 0.0 0.0 0.0 0.0 0.0 0.0 0.0
by eliminating the causes fazlullah and the taliban will be eliminated automatically
0.20795493845012067 0.5950542601449188 0.07108009863825888 0.0 0.6102477232110817 0.08283041998352432 0.28896000204943567 0.18462609998343202 0.0 0.0 0.0 0.0 0.0 0.5290344198779041 0.17890191216326254 0.6237909673358962 0.7105787902382429 0.0 0.0 0.0 0.0 0.0 0.0 0.0 0.0 0.0 0.0 0.0 0.0 0.0 0.0 0.0 0.0 0.0 0.0 0.0 0.0 0.0 0.0 0.0 0.0 0.0 0.0 0.0
if the causes are addressed fazlullah and the taliban will automatically vanish
0.0 0.0 0.07108009863825888 0.0 0.6102477232110817 0.08283041998352432 0.28896000204943567 0.18462609998343202 0.0 0.0 0.0 0.0 0.0 0.5290344198779041 0.0 0.0 0.7105787902382429 0.25157563211073414 0.17551137948773554 0.5852390071735535 0.6528165251915808 0.0 0.0 0.0 0.0 0.0 0.0 0.0 0.0 0.0 0.0 0.0 0.0 0.0 0.0 0.0 0.0 0.0 0.0 0.0 0.0 0.0 0.0 0.0
if the root cause is ended people like fazlullah and the taliban will be finished on their own
0.0 0.0 0.04738673242550592 0.0 0.40683181547405445 0.05522027998901621 0.19264000136629045 0.12308406665562134 0.0 0.0 0.10405598679865574 0.16540117220687833 0.23561459492988535 0.0 0.11926794144217502 0.0 0.0 0.16771708807382277 0.0 0.0 0.0 0.43521101679438723 0.2906171453808104 0.07260086215747924 0.37265483552459705 0.15038125291703078 0.20979072175445368 0.3711732662422547 0.0 0.0 0.0 0.0 0.0 0.0 0.0 0.0 0.0 0.0 0.0 0.0 0.0 0.0 0.0 0.0
a3dd3acpmvdvca
by finishing the causes fazlullah and the taliban will be finished themselves
0.20795493845012067 0.0 0.07108009863825888 0.0 0.6102477232110817 0.08283041998352432 0.28896000204943567 0.18462609998343202 0.0 0.0 0.0 0.0 0.0 0.5290344198779041 0.17890191216326254 0.0 0.0 0.0 0.0 0.0 0.0 0.0 0.0 0.0 0.0 0.0 0.0 0.5567598993633821 0.5986008946798184 0.47529870293714266 0.0 0.0 0.0 0.0 0.0 0.0 0.0 0.0 0.0 0.0 0.0 0.0 0.0 0.0
a143bvgouf83je
by eliminating the causes fazlullah and taliban will automatically finish
0.24954592614014479 0.7140651121739026 0.042648059182955333 0.0 0.732297267853298 0.09939650398022919 0.3467520024593228 0.2215513199801184 0.0 0.0 0.0 0.0 0.0 0.6348413038534849 0.0 0.0 0.8526945482858915 0.0 0.0 0.0 0.0 0.0 0.0 0.0 0.0 0.0 0.0 0.0 0.0 0.0 0.6763356890597556 0.0 0.0 0.0 0.0 0.0 0.0 0.0 0.0 0.0 0.0 0.0 0.0 0.0
a172x4w90uost1
fazalullah and taliban will dissolve into nothingness if the root causes are terminated
0.0 0.0 0.0328061993715041 0.0 0.0 0.07645884921556091 0.26673230958409444 0.17042409229239877 0.0 0.0 0.0 0.0 0.0 0.4883394645026807 0.0 0.0 0.0 0.23222366040990844 0.1620105041425251 0.0 0.0 0.6025998694076131 0.0 0.0 0.0 0.0 0.0 0.0 0.0 0.0 0.0 0.6559188832968397 0.6337894931082412 0.35397517312928833 0.6871085069974677 0.6166246045456096 0.0 0.0 0.0 0.0 0.0 0.0 0.0 0.0
a132zmwemnnusa
with the root causes addressed fazalullah and taliban will die out themselves
0.0 0.0 0.03554004931912944 0.0 0.0 0.08283041998352432 0.28896000204943567 0.18462609998343202 0.0 0.0 0.0 0.0 0.0 0.5290344198779041 0.0 0.0 0.0 0.0 0.0 0.5852390071735535 0.0 0.6528165251915808 0.0 0.0 0.0 0.0 0.0 0.0 0.0 0.47529870293714266 0.0 0.7105787902382429 0.0 0.0 0.0 0.0 0.19586545433952116 0.508266437242572 0.33391417857783806 0.0 0.0 0.0 0.0 0.0
a38xqb9846w49n
by finishing the causes fazlullah and the taliban will be finished themselves
0.20795493845012067 0.0 0.07108009863825888 0.0 0.6102477232110817 0.08283041998352432 0.28896000204943567 0.18462609998343202 0.0 0.0 0.0 0.0 0.0 0.5290344198779041 0.17890191216326254 0.0 0.0 0.0 0.0 0.0 0.0 0.0 0.0 0.0 0.0 0.0 0.0 0.5567598993633821 0.5986008946798184 0.47529870293714266 0.0 0.0 0.0 0.0 0.0 0.0 0.0 0.0 0.0 0.0 0.0 0.0 0.0 0.0
a230hf2okthmdz
by elimintaing the causes fazlullah and the taliban will be finished themselves
0.20795493845012067 0.0 0.07108009863825888 0.0 0.6102477232110817 0.08283041998352432 0.28896000204943567 0.18462609998343202 0.0 0.0 0.0 0.0 0.0 0.5290344198779041 0.17890191216326254 0.0 0.0 0.0 0.0 0.0 0.0 0.0 0.0 0.0 0.0 0.0 0.0 0.5567598993633821 0.0 0.47529870293714266 0.0 0.0 0.0 0.0 0.0 0.0 0.0 0.0 0.0 0.859892079340581 0.0 0.0 0.0 0.0
al2rcq9eyun61
by eliminating the sources fazlullah and the taliban will be finished themselves
0.20795493845012067 0.5950542601449188 0.07108009863825888 0.0 0.6102477232110817 0.08283041998352432 0.28896000204943567 0.18462609998343202 0.0 0.0 0.0 0.0 0.0 0.0 0.17890191216326254 0.0 0.0 0.0 0.0 0.0 0.0 0.0 0.0 0.0 0.0 0.0 0.0 0.5567598993633821 0.0 0.47529870293714266 0.0 0.0 0.0 0.0 0.0 0.0 0.0 0.0 0.0 0.0 0.42949324818028806 0.0 0.0 0.0
a9x4g4wpj27d6
by eliminating these causes fazlullah and the taliban will automatically fade
0.2268599328546771 0.649150101976275 0.03877096289359576 0.0 0.6657247889575436 0.09036045816384472 0.3152290931448389 0.20141029089101672 0.0 0.0 0.0 0.0 0.0 0.5771284580486227 0.0 0.0 0.7751768620780832 0.0 0.0 0.0 0.0 0.0 0.0 0.0 0.0 0.0 0.0 0.0 0.0 0.0 0.0 0.0 0.0 0.0 0.0 0.0 0.0 0.0 0.0 0.0 0.0 0.2737729670292939 0.938064086553361 0.0
a2esj6gmukae8v
by eliminating the causes fazlullah and taliban will automatically disperse
0.24954592614014479 0.7140651121739026 0.042648059182955333 0.0 0.732297267853298 0.09939650398022919 0.3467520024593228 0.2215513199801184 0.0 0.0 0.0 0.0 0.0 0.6348413038534849 0.0 0.0 0.8526945482858915 0.0 0.0 0.0 0.0 0.0 0.0 0.0 0.0 0.0 0.0 0.0 0.0 0.0 0.0 0.0 0.0 0.0 0.0 0.0 0.0 0.0 0.0 0.0 0.0 0.0 0.0 1.0318704952086972
a3qu3km3iywhif
by eliminating the causes fazlullah and taliban will automatically die out
0.2268599328546771 0.649150101976275 0.03877096289359576 0.0 0.6657247889575436 0.09036045816384472 0.3152290931448389 0.20141029089101672 0.0 0.0 0.0 0.0 0.0 0.5771284580486227 0.0 0.0 0.7751768620780832 0.0 0.0 0.0 0.0 0.0 0.0 0.0 0.0 0.0 0.0 0.0 0.0 0.0 0.0 0.0 0.0 0.0 0.0 0.0 0.0 0.5544724769918967 0.36427001299400513 0.0 0.0 0.0 0.0 0.0
a3m4exda4ue7bp
the fazalullah and taliban will dissolve into nothingness if the root causes are terminated
0.0 0.0 0.06092579883279333 0.0 0.0 0.07099750284302085 0.24768000175665913 0.15825094284294172 0.0 0.0 0.0 0.0 0.0 0.45345807418106066 0.0 0.0 0.0 0.215636256094915 0.1504383252752019 0.0 0.0 0.5595570215927836 0.0 0.0 0.0 0.0 0.0 0.0 0.0 0.0 0.0 0.6090675344899225 0.5885188150290811 0.32869123219148205 0.63802932792622 0.5725799899352089 0.0 0.0 0.0 0.0 0.0 0.0 0.0 0.0
aa1hdtufsq32b
fazalullah and the taliban will dissolve into nothingness if the root causes are terminated
0.0 0.0 0.06092579883279333 0.0 0.0 0.07099750284302085 0.24768000175665913 0.15825094284294172 0.0 0.0 0.0 0.0 0.0 0.45345807418106066 0.0 0.0 0.0 0.215636256094915 0.1504383252752019 0.0 0.0 0.5595570215927836 0.0 0.0 0.0 0.0 0.0 0.0 0.0 0.0 0.0 0.6090675344899225 0.5885188150290811 0.32869123219148205 0.63802932792622 0.5725799899352089 0.0 0.0 0.0 0.0 0.0 0.0 0.0 0.0
a2bk4fasw056jr
fazalullah and the taliban will dissolve into nothingness if their root causes are terminated
0.0 0.0 0.030462899416396665 0.0 0.0 0.07099750284302085 0.24768000175665913 0.15825094284294172 0.0 0.0 0.0 0.21265864998027212 0.0 0.45345807418106066 0.0 0.0 0.0 0.215636256094915 0.1504383252752019 0.0 0.0 0.5595570215927836 0.0 0.0 0.0 0.0 0.0 0.0 0.0 0.0 0.0 0.6090675344899225 0.5885188150290811 0.32869123219148205 0.63802932792622 0.5725799899352089 0.0 0.0 0.0 0.0 0.0 0.0 0.0 0.0
a3th8yzrzb3qx0
with the root causes addressed fazalullah and taliban will die out by themselves
0.19195840472318831 0.0 0.0328061993715041 0.0 0.0 0.07645884921556091 0.26673230958409444 0.17042409229239877 0.0 0.0 0.0 0.0 0.0 0.4883394645026807 0.0 0.0 0.0 0.0 0.0 0.540220622006357 0.0 0.6025998694076131 0.0 0.0 0.0 0.0 0.0 0.0 0.0 0.43873726424967013 0.0 0.6559188832968397 0.0 0.0 0.0 0.0 0.18079888092878876 0.4691690189931434 0.308228472533389 0.0 0.0 0.0 0.0 0.0
