we have been suffering from the mischief of both types experiencing wickedness kinds hoodlumism jet planes that fly over head produce noise even greater loudness and intensity bearing tolerating actions misbehaviour overhead noises are louder more intense than trains seeing these
we have been suffering from the mischief of both types
0.306240771239629 0.22879700279884294 0.294470309273681 0.6629825497973034 0.2412894639428039 0.042648059182955333 0.653451531816871 0.08399417825978182 0.44636330298845434 0.6735186013630861 0.0 0.0 0.0 0.0 0.0 0.0 0.0 0.0 0.0 0.0 0.0 0.0 0.0 0.0 0.0 0.0 0.0 0.0 0.0 0.0 0.0 0.0 0.0 0.0 0.0 0.0 0.0 0.0 0.0 0.0 0.0
we have been experiencing both types of wickedness
0.3828009640495363 0.2859962534985537 0.3680878865921013 0.0 0.0 0.0 0.0 0.10499272282472728 0.5579541287355679 0.8418982517038576 1.0886583799566087 1.0886583799566087 0.0 0.0 0.0 0.0 0.0 0.0 0.0 0.0 0.0 0.0 0.0 0.0 0.0 0.0 0.0 0.0 0.0 0.0 0.0 0.0 0.0 0.0 0.0 0.0 0.0 0.0 0.0 0.0 0.0
we have been suffering both kinds of hoodlumism
0.3828009640495363 0.2859962534985537 0.3680878865921013 0.8287281872466293 0.0 0.0 0.0 0.10499272282472728 0.5579541287355679 0.0 0.0 0.0 0.8527746738275613 1.1525115829273576 0.0 0.0 0.0 0.0 0.0 0.0 0.0 0.0 0.0 0.0 0.0 0.0 0.0 0.0 0.0 0.0 0.0 0.0 0.0 0.0 0.0 0.0 0.0 0.0 0.0 0.0 0.0
we have been suffering both kinds of mischief
0.3828009640495363 0.2859962534985537 0.3680878865921013 0.8287281872466293 0.0 0.0 0.8168144147710887 0.10499272282472728 0.5579541287355679 0.0 0.0 0.0 0.8527746738275613 0.0 0.0 0.0 0.0 0.0 0.0 0.0 0.0 0.0 0.0 0.0 0.0 0.0 0.0 0.0 0.0 0.0 0.0 0.0 0.0 0.0 0.0 0.0 0.0 0.0 0.0 0.0 0.0
a172x4w90uost1
the jet planes that fly over head produce noise of even greater loudness and intensity
0.0 0.0 0.0 0.0 0.0 0.028432039455303555 0.0 0.05599611883985455 0.0 0.0 0.0 0.0 0.0 0.0 0.5222532201532647 0.38942454250725095 0.08053829495065332 0.5954940393978053 0.24901971532854708 0.3654948696756995 0.4849455009575699 0.46342727480669976 0.24404626041441482 0.4788807157438547 0.614672844227924 0.06626433598681945 0.5222532201532647 0.0 0.0 0.0 0.0 0.0 0.0 0.0 0.0 0.0 0.0 0.0 0.0 0.0 0.0
a3dd3acpmvdvca
we have been bearing both types of mischief
0.3828009640495363 0.2859962534985537 0.3680878865921013 0.0 0.0 0.0 0.8168144147710887 0.10499272282472728 0.5579541287355679 0.8418982517038576 0.0 0.0 0.0 0.0 0.0 0.0 0.0 0.0 0.0 0.0 0.0 0.0 0.0 0.0 0.0 0.0 0.0 1.0465993503789572 0.0 0.0 0.0 0.0 0.0 0.0 0.0 0.0 0.0 0.0 0.0 0.0 0.0
a1wyssw33m2fz2
we have been tolerating both kinds of actions
0.3828009640495363 0.2859962534985537 0.3680878865921013 0.0 0.0 0.0 0.0 0.10499272282472728 0.5579541287355679 0.0 0.0 0.0 0.8527746738275613 0.0 0.0 0.0 0.0 0.0 0.0 0.0 0.0 0.0 0.0 0.0 0.0 0.0 0.0 0.0 1.0465993503789572 0.6294376529186227 0.0 0.0 0.0 0.0 0.0 0.0 0.0 0.0 0.0 0.0 0.0
a1u0z1mafqeh9y
we have been bearing both kinds of misbehaviour
0.3828009640495363 0.2859962534985537 0.3680878865921013 0.0 0.0 0.0 0.0 0.10499272282472728 0.5579541287355679 0.0 0.0 0.0 0.8527746738275613 0.0 0.0 0.0 0.0 0.0 0.0 0.0 0.0 0.0 0.0 0.0 0.0 0.0 0.0 1.0465993503789572 0.0 0.0 1.1525115829273576 0.0 0.0 0.0 0.0 0.0 0.0 0.0 0.0 0.0 0.0
a1f79effmkv41a
and of the jet planes that fly over head and produce noise of even greater loudness and intensity
0.0 0.0 0.0 0.0 0.0 0.02369336621275296 0.0 0.09332686473309092 0.0 0.0 0.0 0.0 0.0 0.0 0.43521101679438723 0.3245204520893758 0.0671152457922111 0.49624503283150445 0.2075164294404559 0.30457905806308294 0.4041212507979749 0.3861893956722498 0.203371883678679 0.39906726311987895 0.5122273701899367 0.16566083996704864 0.43521101679438723 0.0 0.0 0.0 0.0 0.0 0.0 0.0 0.0 0.0 0.0 0.0 0.0 0.0 0.0
a3l62wt9zlhu7v
the jet planes that fly overhead produce noises that are louder and more intense than the trains
0.0 0.0 0.0 0.0 0.0 0.0501741872740651 0.0 0.0 0.0 0.0 0.0 0.0 0.0 0.0 0.4608116648411159 0.3436098904475744 0.14212640285409409 0.5254359171157106 0.0 0.0 0.4278930890802087 0.0 0.0 0.0 0.0 0.058468531753075995 0.0 0.0 0.0 0.0 0.0 0.60698264424041 0.44768557358733885 0.1238903855207545 0.60698264424041 0.21303945320120507 0.39784452297632683 0.24455868414069967 0.41532990670973463 0.0 0.0
a230hf2okthmdz
the jet planes that fly over head produce noise of even greater loudness and intensity
0.0 0.0 0.0 0.0 0.0 0.028432039455303555 0.0 0.05599611883985455 0.0 0.0 0.0 0.0 0.0 0.0 0.5222532201532647 0.38942454250725095 0.08053829495065332 0.5954940393978053 0.24901971532854708 0.3654948696756995 0.4849455009575699 0.46342727480669976 0.24404626041441482 0.4788807157438547 0.614672844227924 0.06626433598681945 0.5222532201532647 0.0 0.0 0.0 0.0 0.0 0.0 0.0 0.0 0.0 0.0 0.0 0.0 0.0 0.0
a3qu3km3iywhif
we have been seeing both types of mischief
0.3828009640495363 0.2859962534985537 0.3680878865921013 0.0 0.0 0.0 0.8168144147710887 0.10499272282472728 0.5579541287355679 0.8418982517038576 0.0 0.0 0.0 0.0 0.0 0.0 0.0 0.0 0.0 0.0 0.0 0.0 0.0 0.0 0.0 0.0 0.0 0.0 0.0 0.0 0.0 0.0 0.0 0.0 0.0 0.0 0.0 0.0 0.0 0.8256416106728328 0.0
a38xqb9846w49n
we have been bearing both types of mischief
0.3828009640495363 0.2859962534985537 0.3680878865921013 0.0 0.0 0.0 0.8168144147710887 0.10499272282472728 0.5579541287355679 0.8418982517038576 0.0 0.0 0.0 0.0 0.0 0.0 0.0 0.0 0.0 0.0 0.0 0.0 0.0 0.0 0.0 0.0 0.0 1.0465993503789572 0.0 0.0 0.0 0.0 0.0 0.0 0.0 0.0 0.0 0.0 0.0 0.0 0.0
a1wgq344wqriu5
we have been bearing both types of mischief
0.3828009640495363 0.2859962534985537 0.3680878865921013 0.0 0.0 0.0 0.8168144147710887 0.10499272282472728 0.5579541287355679 0.8418982517038576 0.0 0.0 0.0 0.0 0.0 0.0 0.0 0.0 0.0 0.0 0.0 0.0 0.0 0.0 0.0 0.0 0.0 1.0465993503789572 0.0 0.0 0.0 0.0 0.0 0.0 0.0 0.0 0.0 0.0 0.0 0.0 0.0
au2ar4vob7vlv
we have been tolerating both kinds of actions
0.3828009640495363 0.2859962534985537 0.3680878865921013 0.0 0.0 0.0 0.0 0.10499272282472728 0.5579541287355679 0.0 0.0 0.0 0.8527746738275613 0.0 0.0 0.0 0.0 0.0 0.0 0.0 0.0 0.0 0.0 0.0 0.0 0.0 0.0 0.0 1.0465993503789572 0.6294376529186227 0.0 0.0 0.0 0.0 0.0 0.0 0.0 0.0 0.0 0.0 0.0
a230hf2okthmdz
we have been tolerating these kinds of actions
0.3828009640495363 0.2859962534985537 0.3680878865921013 0.0 0.0 0.0 0.0 0.10499272282472728 0.0 0.0 0.0 0.0 0.8527746738275613 0.0 0.0 0.0 0.0 0.0 0.0 0.0 0.0 0.0 0.0 0.0 0.0 0.0 0.0 0.0 1.0465993503789572 0.6294376529186227 0.0 0.0 0.0 0.0 0.0 0.0 0.0 0.0 0.0 0.0 0.37643782966527906
a291u81kgj6l9n
we have been tolerating both kinds of actions
0.3828009640495363 0.2859962534985537 0.3680878865921013 0.0 0.0 0.0 0.0 0.10499272282472728 0.5579541287355679 0.0 0.0 0.0 0.8527746738275613 0.0 0.0 0.0 0.0 0.0 0.0 0.0 0.0 0.0 0.0 0.0 0.0 0.0 0.0 0.0 1.0465993503789572 0.6294376529186227 0.0 0.0 0.0 0.0 0.0 0.0 0.0 0.0 0.0 0.0 0.0
amd40d0gc1l4r
we have been seeing both kinds of misbehaviour
0.3828009640495363 0.2859962534985537 0.3680878865921013 0.0 0.0 0.0 0.0 0.10499272282472728 0.5579541287355679 0.0 0.0 0.0 0.8527746738275613 0.0 0.0 0.0 0.0 0.0 0.0 0.0 0.0 0.0 0.0 0.0 0.0 0.0 0.0 0.0 0.0 0.0 1.1525115829273576 0.0 0.0 0.0 0.0 0.0 0.0 0.0 0.0 0.8256416106728328 0.0
