therefore i try to lie as little possible such tell minimum lies resort lying make the effort speak less and false that is why it always my wish can so say very least tried keep at a desire truth best of knowledge am trying about this much in opinion you should
therefore i try to lie as little as possible
0.6348371962332089 0.3608867605362993 0.6039892255000666 0.11998603441235117 0.7723787913444996 0.5856225046740321 0.6490409041787516 0.5375628920827755 0.0 0.0 0.0 0.0 0.0 0.0 0.0 0.0 0.0 0.0 0.0 0.0 0.0 0.0 0.0 0.0 0.0 0.0 0.0 0.0 0.0 0.0 0.0 0.0 0.0 0.0 0.0 0.0 0.0 0.0 0.0 0.0 0.0 0.0 0.0 0.0 0.0 0.0 0.0 0.0 0.0 0.0 0.0
as such i try to tell minimum lies
0.0 0.40599760560333675 0.679487878687575 0.13498428871389506 0.0 0.32941265887914306 0.0 0.0 0.49274725052354296 0.6379711493097482 1.116551323870885 0.8527746738275613 0.0 0.0 0.0 0.0 0.0 0.0 0.0 0.0 0.0 0.0 0.0 0.0 0.0 0.0 0.0 0.0 0.0 0.0 0.0 0.0 0.0 0.0 0.0 0.0 0.0 0.0 0.0 0.0 0.0 0.0 0.0 0.0 0.0 0.0 0.0 0.0 0.0 0.0 0.0
i therefore try to resort to lying as little as possible
0.5194122514635345 0.29527098589333584 0.4941730026818727 0.19634078358384735 0.0 0.4791456856423899 0.5310334670553423 0.43982418443136173 0.0 0.0 0.0 0.0 0.8381902421289873 0.6657247889575436 0.0 0.0 0.0 0.0 0.0 0.0 0.0 0.0 0.0 0.0 0.0 0.0 0.0 0.0 0.0 0.0 0.0 0.0 0.0 0.0 0.0 0.0 0.0 0.0 0.0 0.0 0.0 0.0 0.0 0.0 0.0 0.0 0.0 0.0 0.0 0.0 0.0
therefore i make the effort to speak less and less false
0.5194122514635345 0.29527098589333584 0.0 0.09817039179192368 0.0 0.0 0.0 0.0 0.0 0.0 0.0 0.0 0.0 0.0 0.41452756165542637 0.03877096289359576 0.5673788643801138 0.5518372463670557 0.9737927857867388 0.09036045816384472 0.6612893194875953 0.0 0.0 0.0 0.0 0.0 0.0 0.0 0.0 0.0 0.0 0.0 0.0 0.0 0.0 0.0 0.0 0.0 0.0 0.0 0.0 0.0 0.0 0.0 0.0 0.0 0.0 0.0 0.0 0.0 0.0
a3dd3acpmvdvca
that is why i try to lie as less as possible
0.0 0.29527098589333584 0.4941730026818727 0.09817039179192368 0.6319462838273179 0.4791456856423899 0.0 0.43982418443136173 0.0 0.0 0.0 0.0 0.0 0.0 0.0 0.0 0.0 0.0 0.4868963928933694 0.0 0.0 0.1098249476599818 0.11880141080314784 0.35237861687443384 0.0 0.0 0.0 0.0 0.0 0.0 0.0 0.0 0.0 0.0 0.0 0.0 0.0 0.0 0.0 0.0 0.0 0.0 0.0 0.0 0.0 0.0 0.0 0.0 0.0 0.0 0.0
alzgu09bjzsiw
it is always my wish to speak lie as less as i can
0.0 0.24984468037128416 0.0 0.08306725459316619 0.5347237786231152 0.40543096477432994 0.0 0.0 0.0 0.0 0.0 0.0 0.0 0.0 0.0 0.0 0.0 0.4669392084644317 0.41198925552515875 0.0 0.0 0.0 0.10052427067958664 0.0 0.15578118746358657 0.39471685740355505 0.31372531591663083 0.4314749808288182 0.2424359288595962 0.0 0.0 0.0 0.0 0.0 0.0 0.0 0.0 0.0 0.0 0.0 0.0 0.0 0.0 0.0 0.0 0.0 0.0 0.0 0.0 0.0 0.0
a28z6a8uc4er3x
so it is my effort to say lie the very least
0.0 0.0 0.0 0.09817039179192368 0.6319462838273179 0.0 0.0 0.0 0.0 0.0 0.0 0.0 0.0 0.0 0.0 0.03877096289359576 0.5673788643801138 0.0 0.0 0.0 0.0 0.0 0.11880141080314784 0.0 0.18410503972969322 0.0 0.3707662824469274 0.0 0.0 0.3212952626772116 0.355770590368739 0.3768108043804576 0.48075154824495775 0.0 0.0 0.0 0.0 0.0 0.0 0.0 0.0 0.0 0.0 0.0 0.0 0.0 0.0 0.0 0.0 0.0 0.0
a132zmwemnnusa
so i tried to keep the lies at a minimum
0.0 0.3247980844826694 0.0 0.10798743097111604 0.0 0.0 0.0 0.0 0.0 0.0 0.893241059096708 0.682219739062049 0.0 0.0 0.0 0.042648059182955333 0.0 0.0 0.0 0.0 0.0 0.0 0.0 0.0 0.0 0.0 0.0 0.0 0.0 0.35342478894493273 0.0 0.0 0.0 0.6681118792360585 0.5218838524262772 0.30975998539044747 0.14178833471717434 0.0 0.0 0.0 0.0 0.0 0.0 0.0 0.0 0.0 0.0 0.0 0.0 0.0 0.0
a1e4smxrh1paux
that is why i try to lie as less as possible
0.0 0.29527098589333584 0.4941730026818727 0.09817039179192368 0.6319462838273179 0.4791456856423899 0.0 0.43982418443136173 0.0 0.0 0.0 0.0 0.0 0.0 0.0 0.0 0.0 0.0 0.4868963928933694 0.0 0.0 0.1098249476599818 0.11880141080314784 0.35237861687443384 0.0 0.0 0.0 0.0 0.0 0.0 0.0 0.0 0.0 0.0 0.0 0.0 0.0 0.0 0.0 0.0 0.0 0.0 0.0 0.0 0.0 0.0 0.0 0.0 0.0 0.0 0.0
a2rcbwy8ulhnj0
that is why i try to lie as least as possible
0.0 0.29527098589333584 0.4941730026818727 0.09817039179192368 0.6319462838273179 0.4791456856423899 0.0 0.43982418443136173 0.0 0.0 0.0 0.0 0.0 0.0 0.0 0.0 0.0 0.0 0.0 0.0 0.0 0.1098249476599818 0.11880141080314784 0.35237861687443384 0.0 0.0 0.0 0.0 0.0 0.0 0.0 0.0 0.48075154824495775 0.0 0.0 0.0 0.0 0.0 0.0 0.0 0.0 0.0 0.0 0.0 0.0 0.0 0.0 0.0 0.0 0.0 0.0
a330jjzgjl7ig2
that is why i try to lie as little as possible
0.0 0.29527098589333584 0.4941730026818727 0.09817039179192368 0.6319462838273179 0.4791456856423899 0.5310334670553423 0.43982418443136173 0.0 0.0 0.0 0.0 0.0 0.0 0.0 0.0 0.0 0.0 0.0 0.0 0.0 0.1098249476599818 0.11880141080314784 0.35237861687443384 0.0 0.0 0.0 0.0 0.0 0.0 0.0 0.0 0.0 0.0 0.0 0.0 0.0 0.0 0.0 0.0 0.0 0.0 0.0 0.0 0.0 0.0 0.0 0.0 0.0 0.0 0.0
a1lkw32z4tqsw7
it is always my desire to lie as little as possible
0.0 0.0 0.0 0.09817039179192368 0.6319462838273179 0.4791456856423899 0.5310334670553423 0.43982418443136173 0.0 0.0 0.0 0.0 0.0 0.0 0.0 0.0 0.0 0.0 0.0 0.0 0.0 0.0 0.11880141080314784 0.0 0.18410503972969322 0.46648355874965597 0.3707662824469274 0.0 0.0 0.0 0.0 0.0 0.0 0.0 0.0 0.0 0.0 0.6319462838273179 0.0 0.0 0.0 0.0 0.0 0.0 0.0 0.0 0.0 0.0 0.0 0.0 0.0
a14wwg6nkbdwgp
it is always my wish to tell the truth to the best of my knowledge
0.0 0.0 0.0 0.1439832412948214 0.0 0.0 0.0 0.0 0.0 0.3402512796318657 0.0 0.0 0.0 0.0 0.0 0.05686407891060711 0.0 0.0 0.0 0.0 0.0 0.0 0.08712103458897508 0.0 0.1350103624684417 0.34208794308308105 0.5437905475888268 0.3739449833849758 0.0 0.0 0.0 0.0 0.0 0.0 0.0 0.0 0.0 0.0 0.3534283410181364 0.39413238032151454 0.05599611883985455 0.44034219235884414 0.0 0.0 0.0 0.0 0.0 0.0 0.0 0.0 0.0
au2ar4vob7vlv
it is always my wish to speak lies as little as i can
0.0 0.24984468037128416 0.0 0.08306725459316619 0.0 0.40543096477432994 0.4493360105852896 0.0 0.0 0.0 0.0 0.5247844146631147 0.0 0.0 0.0 0.0 0.0 0.4669392084644317 0.0 0.0 0.0 0.0 0.10052427067958664 0.0 0.15578118746358657 0.39471685740355505 0.31372531591663083 0.4314749808288182 0.2424359288595962 0.0 0.0 0.0 0.0 0.0 0.0 0.0 0.0 0.0 0.0 0.0 0.0 0.0 0.0 0.0 0.0 0.0 0.0 0.0 0.0 0.0 0.0
a301gnfg8w711q
so i am trying to tell the truth about this as much as is possible
0.0 0.2165320563217796 0.0 0.0719916206474107 0.0 0.35137350280441926 0.0 0.3225377352496653 0.0 0.3402512796318657 0.0 0.0 0.0 0.0 0.0 0.028432039455303555 0.0 0.0 0.0 0.0 0.0 0.0 0.08712103458897508 0.0 0.0 0.0 0.0 0.0 0.0 0.23561652596328847 0.0 0.0 0.0 0.0 0.0 0.0 0.0 0.0 0.3534283410181364 0.0 0.0 0.0 0.33846386246848853 0.3671013731143036 0.20773625037091556 0.11423339222320132 0.3242255891152846 0.0 0.0 0.0 0.0
a3c1u2evw0nuff
at the very least in my opinion you should lie
0.0 0.0 0.0 0.0 0.6951409122100497 0.0 0.0 0.0 0.0 0.0 0.0 0.0 0.0 0.0 0.0 0.042648059182955333 0.0 0.0 0.0 0.0 0.0 0.0 0.0 0.0 0.0 0.0 0.4078429106916201 0.0 0.0 0.0 0.0 0.4144918848185034 0.5288267030694536 0.0 0.0 0.30975998539044747 0.0 0.0 0.0 0.0 0.0 0.0 0.0 0.0 0.0 0.0 0.0 0.1029830702456681 0.4295257359125938 0.3187806121790624 0.2994214972738439
a12ezody9kxiim
so it is my effort to say lie the very least
0.0 0.0 0.0 0.09817039179192368 0.6319462838273179 0.0 0.0 0.0 0.0 0.0 0.0 0.0 0.0 0.0 0.0 0.03877096289359576 0.5673788643801138 0.0 0.0 0.0 0.0 0.0 0.11880141080314784 0.0 0.18410503972969322 0.0 0.3707662824469274 0.0 0.0 0.3212952626772116 0.355770590368739 0.3768108043804576 0.48075154824495775 0.0 0.0 0.0 0.0 0.0 0.0 0.0 0.0 0.0 0.0 0.0 0.0 0.0 0.0 0.0 0.0 0.0 0.0
arq4j4tltpbnc
so i tried to keep the lies to a minimum
0.0 0.3247980844826694 0.0 0.2159748619422321 0.0 0.0 0.0 0.0 0.0 0.0 0.893241059096708 0.682219739062049 0.0 0.0 0.0 0.042648059182955333 0.0 0.0 0.0 0.0 0.0 0.0 0.0 0.0 0.0 0.0 0.0 0.0 0.0 0.35342478894493273 0.0 0.0 0.0 0.6681118792360585 0.5218838524262772 0.0 0.14178833471717434 0.0 0.0 0.0 0.0 0.0 0.0 0.0 0.0 0.0 0.0 0.0 0.0 0.0 0.0
