ahmadinejad king of saudi arabia should define his stand on israels genocide in gaza the clarify viewpoint human by israel asks to make position clear over israeli concerning massacre ahmade nazad show view about killing humanity ghaza nejad stance being done must declare statement assassination clarified express views civilians president iran says ahmede a assassinations
ahmadinejad king of saudi arabia should define his stand on israels genocide in gaza
0.41484610325500865 0.35410091331268184 0.05999584161412987 0.38720465372400426 0.4315742023622082 0.2138724980527456 0.5885188150290811 0.1907458515132179 0.4388798344422381 0.1337862687411288 0.4000147200565626 0.47179520609876163 0.07355933588976293 0.2781311377272559 0.0 0.0 0.0 0.0 0.0 0.0 0.0 0.0 0.0 0.0 0.0 0.0 0.0 0.0 0.0 0.0 0.0 0.0 0.0 0.0 0.0 0.0 0.0 0.0 0.0 0.0 0.0 0.0 0.0 0.0 0.0 0.0 0.0 0.0 0.0 0.0 0.0 0.0 0.0 0.0 0.0
the king of saudi arabia should clarify his viewpoint on human genocide by israel in gaza ahmadinejad
0.34163796738647767 0.29161251684573797 0.04940834015281284 0.31887442071388583 0.3554140490041715 0.1761302925140258 0.0 0.15708481889323828 0.0 0.11017692719857666 0.0 0.3885372285519213 0.06057827661509889 0.22904917224597546 0.02508709363703255 0.43696077612887096 0.4715364622995838 0.2615639507418561 0.14679172125890871 0.197494641539812 0.0 0.0 0.0 0.0 0.0 0.0 0.0 0.0 0.0 0.0 0.0 0.0 0.0 0.0 0.0 0.0 0.0 0.0 0.0 0.0 0.0 0.0 0.0 0.0 0.0 0.0 0.0 0.0 0.0 0.0 0.0 0.0 0.0 0.0 0.0
ahmadinejad asks saudi king to make his position clear over israeli genocide in gaza
0.41484610325500865 0.35410091331268184 0.0 0.38720465372400426 0.0 0.0 0.0 0.1907458515132179 0.0 0.0 0.0 0.47179520609876163 0.07355933588976293 0.2781311377272559 0.0 0.0 0.0 0.0 0.0 0.0 0.5725799899352089 0.07713387926508289 0.32570022701497786 0.39332289976532525 0.3489273534666237 0.2668068378520147 0.2855669041311706 0.0 0.0 0.0 0.0 0.0 0.0 0.0 0.0 0.0 0.0 0.0 0.0 0.0 0.0 0.0 0.0 0.0 0.0 0.0 0.0 0.0 0.0 0.0 0.0 0.0 0.0 0.0 0.0
ahmadinejad saudi king should clarify his position concerning israeli genocide in gaza
0.48398712046417675 0.4131177321981288 0.0 0.45173876267800495 0.0 0.2495179143948699 0.0 0.2225368267654209 0.0 0.0 0.0 0.5504277404485552 0.08581922520472342 0.3244863273484652 0.0 0.6190277661825672 0.0 0.0 0.0 0.0 0.0 0.0 0.0 0.45887671639287947 0.0 0.0 0.33316138815303237 0.6061818761969623 0.0 0.0 0.0 0.0 0.0 0.0 0.0 0.0 0.0 0.0 0.0 0.0 0.0 0.0 0.0 0.0 0.0 0.0 0.0 0.0 0.0 0.0 0.0 0.0 0.0 0.0 0.0
a3dd3acpmvdvca
ahmadinejad the king of saudi arabia clarify his position on the massacre in gaza by israel
0.36299034034813255 0.3098382991485966 0.05249636141236364 0.3388040720085037 0.3776274270669322 0.0 0.0 0.16690262007406567 0.0 0.1170629851484877 0.0 0.0 0.06436441890354257 0.24336474551134893 0.05331007397869417 0.46427082463692537 0.0 0.0 0.1559662038375905 0.20983805663605024 0.0 0.0 0.0 0.3441575372946596 0.0 0.0 0.0 0.0 0.4128208053364164 0.0 0.0 0.0 0.0 0.0 0.0 0.0 0.0 0.0 0.0 0.0 0.0 0.0 0.0 0.0 0.0 0.0 0.0 0.0 0.0 0.0 0.0 0.0 0.0 0.0 0.0
a353ocl6lm6m4o
the king of saudi arabia ahmade nazad should show his view about the killing humanity by israel in ghaza
0.0 0.2609164624409235 0.04420746224199044 0.28530869221768734 0.31800204384583763 0.15759026172307572 0.0 0.1405495747992132 0.0 0.0 0.0 0.0 0.054201615918772685 0.0 0.044892693876795085 0.0 0.0 0.0 0.13133996112639199 0.1767057319040423 0.0 0.0 0.0 0.0 0.0 0.0 0.0 0.0 0.0 0.37582374324942236 0.3909649049574108 0.2564193463379295 0.2756473993211846 0.164002302924407 0.2614129904532055 0.2849173775604495 0.3640793458118324 0.0 0.0 0.0 0.0 0.0 0.0 0.0 0.0 0.0 0.0 0.0 0.0 0.0 0.0 0.0 0.0 0.0 0.0
a2yc779twnpohq
ahmade nejad saudi king should clarify his stance on the genocide being done in gaza by israel
0.0 0.29161251684573797 0.0 0.31887442071388583 0.0 0.1761302925140258 0.0 0.15708481889323828 0.0 0.11017692719857666 0.0 0.3885372285519213 0.06057827661509889 0.22904917224597546 0.02508709363703255 0.43696077612887096 0.0 0.0 0.14679172125890871 0.197494641539812 0.0 0.0 0.0 0.0 0.0 0.0 0.0 0.0 0.0 0.4200383012787662 0.0 0.0 0.0 0.0 0.0 0.0 0.0 0.40311582642866145 0.38176844444693386 0.215033662123304 0.27068689709886756 0.0 0.0 0.0 0.0 0.0 0.0 0.0 0.0 0.0 0.0 0.0 0.0 0.0 0.0
a8v7wa74iohz9
ahmadinejad king of saudi arabia must declare his statement about human assassination in gaza by israel
0.36299034034813255 0.3098382991485966 0.05249636141236364 0.3388040720085037 0.3776274270669322 0.0 0.0 0.16690262007406567 0.0 0.0 0.0 0.0 0.06436441890354257 0.24336474551134893 0.0 0.0 0.0 0.27791169766322216 0.1559662038375905 0.20983805663605024 0.0 0.0 0.0 0.0 0.0 0.0 0.0 0.0 0.0 0.0 0.0 0.0 0.0 0.19475273472273333 0.0 0.0 0.0 0.0 0.0 0.0 0.0 0.324671310792732 0.47566592193654755 0.3193261749528469 0.48961239389368566 0.0 0.0 0.0 0.0 0.0 0.0 0.0 0.0 0.0 0.0
a2sb2bw2w4t4ww
ahmadinejad saudi king must clarify position on israels gaza massacre
0.5807845445570121 0.4957412786377546 0.0 0.542086515213606 0.0 0.0 0.0 0.0 0.0 0.18730077623758032 0.5600206080791876 0.0 0.0 0.38938359281815826 0.0 0.7428333194190806 0.0 0.0 0.0 0.0 0.0 0.0 0.0 0.5506520596714554 0.0 0.0 0.0 0.0 0.6605132885382663 0.0 0.0 0.0 0.0 0.0 0.0 0.0 0.0 0.0 0.0 0.0 0.0 0.5194740972683711 0.0 0.0 0.0 0.0 0.0 0.0 0.0 0.0 0.0 0.0 0.0 0.0 0.0
a2dwqf4zhhblow
ahmadinejad the king of saudi arabia clarify his position on the massacre in gaza by israel
0.36299034034813255 0.3098382991485966 0.05249636141236364 0.3388040720085037 0.3776274270669322 0.0 0.0 0.16690262007406567 0.0 0.1170629851484877 0.0 0.0 0.06436441890354257 0.24336474551134893 0.05331007397869417 0.46427082463692537 0.0 0.0 0.1559662038375905 0.20983805663605024 0.0 0.0 0.0 0.3441575372946596 0.0 0.0 0.0 0.0 0.4128208053364164 0.0 0.0 0.0 0.0 0.0 0.0 0.0 0.0 0.0 0.0 0.0 0.0 0.0 0.0 0.0 0.0 0.0 0.0 0.0 0.0 0.0 0.0 0.0 0.0 0.0 0.0
attzel5iaoiw5
ahmadinejad the king of saudi arabia clarified his position on the massacre in gaza by israel
0.36299034034813255 0.3098382991485966 0.05249636141236364 0.3388040720085037 0.3776274270669322 0.0 0.0 0.16690262007406567 0.0 0.1170629851484877 0.0 0.0 0.06436441890354257 0.24336474551134893 0.05331007397869417 0.0 0.0 0.0 0.1559662038375905 0.20983805663605024 0.0 0.0 0.0 0.3441575372946596 0.0 0.0 0.0 0.0 0.4128208053364164 0.0 0.0 0.0 0.0 0.0 0.0 0.0 0.0 0.0 0.0 0.0 0.0 0.0 0.0 0.0 0.0 0.5010074911933078 0.0 0.0 0.0 0.0 0.0 0.0 0.0 0.0 0.0
a24bjjrcqbm3mi
the king of saudi arabia ahmade nazad should express his views on the killing of civilians by israel in ghaza
0.0 0.2478706393188773 0.08399417825978182 0.271043257606803 0.30210194165354576 0.14971074863692194 0.0 0.13352209605925253 0.0 0.09365038811879016 0.0 0.0 0.05149153512283405 0.0 0.042648059182955333 0.0 0.0 0.0 0.12477296307007239 0.16787044530884018 0.0 0.0 0.0 0.0 0.0 0.0 0.0 0.0 0.0 0.3570325560869513 0.3714166597095403 0.0 0.0 0.0 0.2483423409305452 0.0 0.3458753785212408 0.0 0.0 0.0 0.0 0.0 0.0 0.0 0.0 0.0 0.3234278675188456 0.3146676630675911 0.30645251050302724 0.0 0.0 0.0 0.0 0.0 0.0
a330jjzgjl7ig2
the king of saudi arabia ahmade nazad should show his views on the killing of humanity by israel in ghaza
0.0 0.2478706393188773 0.08399417825978182 0.271043257606803 0.30210194165354576 0.14971074863692194 0.0 0.13352209605925253 0.0 0.09365038811879016 0.0 0.0 0.05149153512283405 0.0 0.042648059182955333 0.0 0.0 0.0 0.12477296307007239 0.16787044530884018 0.0 0.0 0.0 0.0 0.0 0.0 0.0 0.0 0.0 0.3570325560869513 0.3714166597095403 0.24359837902103304 0.0 0.0 0.2483423409305452 0.27067150868242706 0.3458753785212408 0.0 0.0 0.0 0.0 0.0 0.0 0.0 0.0 0.0 0.0 0.3146676630675911 0.0 0.0 0.0 0.0 0.0 0.0 0.0
a230hf2okthmdz
the president of iran ahmadinejad should show his view about the killing of humanity by israel in ghaza
0.32265808030945115 0.0 0.09332686473309092 0.0 0.0 0.16634527626324658 0.0 0.1483578845102806 0.0 0.0 0.0 0.0 0.05721281680314895 0.0 0.04738673242550592 0.0 0.0 0.0 0.13863662563341378 0.18652271700982243 0.0 0.0 0.0 0.0 0.0 0.0 0.0 0.0 0.0 0.0 0.0 0.2706648655789256 0.2909611437279171 0.17311354197576295 0.27593593436727243 0.30074612075825224 0.38430597613471196 0.0 0.0 0.0 0.0 0.0 0.0 0.0 0.0 0.0 0.0 0.0 0.0 0.15433796796832325 0.26081596921664624 0.0 0.0 0.0 0.0
aclg2ttpdpj36
ahmade nejad saudi king should clarify his stance on the genocide being done in gaza by israel
0.0 0.29161251684573797 0.0 0.31887442071388583 0.0 0.1761302925140258 0.0 0.15708481889323828 0.0 0.11017692719857666 0.0 0.3885372285519213 0.06057827661509889 0.22904917224597546 0.02508709363703255 0.43696077612887096 0.0 0.0 0.14679172125890871 0.197494641539812 0.0 0.0 0.0 0.0 0.0 0.0 0.0 0.0 0.0 0.4200383012787662 0.0 0.0 0.0 0.0 0.0 0.0 0.0 0.40311582642866145 0.38176844444693386 0.215033662123304 0.27068689709886756 0.0 0.0 0.0 0.0 0.0 0.0 0.0 0.0 0.0 0.0 0.0 0.0 0.0 0.0
a330jjzgjl7ig2
ahmade nejad says the saudi king should clarify his stance on the genocide being done in gaza by israel
0.0 0.2609164624409235 0.0 0.28530869221768734 0.0 0.15759026172307572 0.0 0.1405495747992132 0.0 0.09857935591451596 0.0 0.347638572914877 0.054201615918772685 0.20493873306218857 0.044892693876795085 0.3909649049574108 0.0 0.0 0.13133996112639199 0.1767057319040423 0.0 0.0 0.0 0.0 0.0 0.0 0.0 0.0 0.0 0.37582374324942236 0.0 0.0 0.0 0.0 0.0 0.0 0.0 0.3606825815414339 0.3415822923998882 0.19239853979453514 0.24219353950951308 0.0 0.0 0.0 0.0 0.0 0.0 0.0 0.0 0.0 0.0 0.2301728601831787 0.0 0.0 0.0
ajfwu2g6a1bhs
ahmede nejad saudi king should clarify his stance on the gaza genocide
0.0 0.4131177321981288 0.0 0.45173876267800495 0.0 0.2495179143948699 0.0 0.2225368267654209 0.0 0.1560839801979836 0.0 0.5504277404485552 0.0 0.3244863273484652 0.03554004931912944 0.6190277661825672 0.0 0.0 0.0 0.0 0.0 0.0 0.0 0.0 0.0 0.0 0.0 0.0 0.0 0.0 0.0 0.0 0.0 0.0 0.0 0.0 0.0 0.5710807541072703 0.5408386296331563 0.0 0.0 0.0 0.0 0.0 0.0 0.0 0.0 0.0 0.0 0.0 0.0 0.0 0.5916524272682309 0.0 0.0
aslrrfy2saj4d
ahmadinejad king of saudi arabia must make a statement about israels assassinations in gaza
0.41484610325500865 0.35410091331268184 0.05999584161412987 0.38720465372400426 0.4315742023622082 0.0 0.0 0.0 0.0 0.0 0.4000147200565626 0.0 0.07355933588976293 0.2781311377272559 0.0 0.0 0.0 0.0 0.0 0.0 0.0 0.0 0.32570022701497786 0.0 0.0 0.0 0.0 0.0 0.0 0.0 0.0 0.0 0.0 0.2225745539688381 0.0 0.0 0.0 0.0 0.0 0.0 0.0 0.3710529266202651 0.0 0.3649441999461107 0.0 0.0 0.0 0.0 0.0 0.0 0.0 0.0 0.0 0.10127738194083881 0.687539840823359
