allah knows best what my intentions are rest better is in our hearts any case only god the aware of your as for all abut will remaining state intention besides there true about someone states always their
allah knows best what my intentions are
0.6409746392576362 0.759251235163073 0.8445693864032454 0.44033794419037525 0.5826327295594573 1.0032668694403772 0.3008766505504038 0.0 0.0 0.0 0.0 0.0 0.0 0.0 0.0 0.0 0.0 0.0 0.0 0.0 0.0 0.0 0.0 0.0 0.0 0.0 0.0 0.0 0.0 0.0 0.0 0.0 0.0 0.0 0.0 0.0 0.0
rest allah knows better what is in our hearts
0.4985358305337171 0.590528738460168 0.0 0.3424850677036252 0.0 0.0 0.0 0.7033023228358551 0.5467269167299131 0.14520172431495848 0.1144256336062979 0.3723106389205652 0.6972948538058245 0.0 0.0 0.0 0.0 0.0 0.0 0.0 0.0 0.0 0.0 0.0 0.0 0.0 0.0 0.0 0.0 0.0 0.0 0.0 0.0 0.0 0.0 0.0 0.0
in any case only god knows the intentions better
0.0 0.590528738460168 0.0 0.0 0.0 0.7803186762314046 0.0 0.0 0.5467269167299131 0.0 0.1144256336062979 0.0 0.0 0.3937043179056199 0.5765340263515442 0.37399736749578916 0.5273945466565784 0.04738673242550592 0.0 0.0 0.0 0.0 0.0 0.0 0.0 0.0 0.0 0.0 0.0 0.0 0.0 0.0 0.0 0.0 0.0 0.0 0.0
rest allah is aware of your intentions
0.6409746392576362 0.0 0.0 0.0 0.0 1.0032668694403772 0.0 0.9042458436460994 0.0 0.18668793126208946 0.0 0.0 0.0 0.0 0.0 0.0 0.0 0.0 0.8176550145646259 0.11999168322825975 0.5348041587839072 0.0 0.0 0.0 0.0 0.0 0.0 0.0 0.0 0.0 0.0 0.0 0.0 0.0 0.0 0.0 0.0
a3dd3acpmvdvca
as for the intentions only allah knows best
0.5608528093504317 0.6643448307676889 0.7389982131028398 0.0 0.0 0.8778585107603302 0.0 0.0 0.0 0.0 0.0 0.0 0.0 0.0 0.0 0.4207470384327628 0.0 0.05331007397869417 0.0 0.0 0.0 0.32941265887914306 0.24133871239280189 0.0 0.0 0.0 0.0 0.0 0.0 0.0 0.0 0.0 0.0 0.0 0.0 0.0 0.0
alzgu09bjzsiw
rest god knows all abut your will
0.0 0.759251235163073 0.0 0.0 0.0 0.0 0.0 0.9042458436460994 0.0 0.0 0.0 0.0 0.0 0.0 0.0 0.0 0.6780787028441723 0.0 0.0 0.0 0.5348041587839072 0.0 0.0 0.4490307483518213 1.474100707440996 0.31650188568588344 0.0 0.0 0.0 0.0 0.0 0.0 0.0 0.0 0.0 0.0 0.0
a28z6a8uc4er3x
remaining allah knows better the state of intention
0.5608528093504317 0.6643448307676889 0.0 0.0 0.0 0.0 0.0 0.0 0.6150677813211523 0.0 0.0 0.0 0.0 0.0 0.0 0.0 0.0 0.05331007397869417 0.0 0.10499272282472728 0.0 0.0 0.0 0.0 0.0 0.0 0.8566211311609055 0.55338259253265 0.9217832466150663 0.0 0.0 0.0 0.0 0.0 0.0 0.0 0.0
a132zmwemnnusa
besides allah knows what is there in the hearts
0.4985358305337171 0.590528738460168 0.0 0.3424850677036252 0.0 0.0 0.0 0.0 0.0 0.14520172431495848 0.1144256336062979 0.0 0.6972948538058245 0.0 0.0 0.0 0.0 0.04738673242550592 0.0 0.0 0.0 0.0 0.0 0.0 0.0 0.0 0.0 0.0 0.0 0.6453161606189023 0.31822055585810777 0.0 0.0 0.0 0.0 0.0 0.0
a1e4smxrh1paux
as for the intentions only allah knows best
0.5608528093504317 0.6643448307676889 0.7389982131028398 0.0 0.0 0.8778585107603302 0.0 0.0 0.0 0.0 0.0 0.0 0.0 0.0 0.0 0.4207470384327628 0.0 0.05331007397869417 0.0 0.0 0.0 0.32941265887914306 0.24133871239280189 0.0 0.0 0.0 0.0 0.0 0.0 0.0 0.0 0.0 0.0 0.0 0.0 0.0 0.0
a2rcbwy8ulhnj0
as for the intentions only allah knows best
0.5608528093504317 0.6643448307676889 0.7389982131028398 0.0 0.0 0.8778585107603302 0.0 0.0 0.0 0.0 0.0 0.0 0.0 0.0 0.0 0.4207470384327628 0.0 0.05331007397869417 0.0 0.0 0.0 0.32941265887914306 0.24133871239280189 0.0 0.0 0.0 0.0 0.0 0.0 0.0 0.0 0.0 0.0 0.0 0.0 0.0 0.0
a330jjzgjl7ig2
as for the intentions only allah knows best
0.5608528093504317 0.6643448307676889 0.7389982131028398 0.0 0.0 0.8778585107603302 0.0 0.0 0.0 0.0 0.0 0.0 0.0 0.0 0.0 0.4207470384327628 0.0 0.05331007397869417 0.0 0.0 0.0 0.32941265887914306 0.24133871239280189 0.0 0.0 0.0 0.0 0.0 0.0 0.0 0.0 0.0 0.0 0.0 0.0 0.0 0.0
a1lkw32z4tqsw7
god knows your true intentions
0.0 1.0629517292283022 0.0 0.0 0.0 1.4045736172165282 0.0 0.0 0.0 0.0 0.0 0.0 0.0 0.0 0.0 0.0 0.9493101839818412 0.0 0.0 0.0 0.7487258222974701 0.0 0.0 0.0 0.0 0.0 0.0 0.0 0.0 0.0 0.0 0.9778718646265061 0.0 0.0 0.0 0.0 0.0
a14wwg6nkbdwgp
god knows all about your will
0.0 0.8857931076902519 0.0 0.0 0.0 0.0 0.0 0.0 0.0 0.0 0.0 0.0 0.0 0.0 0.0 0.0 0.7910918199848677 0.0 0.0 0.0 0.6239381852478917 0.0 0.0 0.5238692064104581 0.0 0.36925219996686404 0.0 0.0 0.0 0.0 0.0 0.0 0.5193406259272889 0.0 0.0 0.0 0.0
au2ar4vob7vlv
god knows all about your will
0.0 0.8857931076902519 0.0 0.0 0.0 0.0 0.0 0.0 0.0 0.0 0.0 0.0 0.0 0.0 0.0 0.0 0.7910918199848677 0.0 0.0 0.0 0.6239381852478917 0.0 0.0 0.5238692064104581 0.0 0.36925219996686404 0.0 0.0 0.0 0.0 0.0 0.0 0.5193406259272889 0.0 0.0 0.0 0.0
a301gnfg8w711q
allah knows the true intentions of someone
0.6409746392576362 0.759251235163073 0.0 0.0 0.0 1.0032668694403772 0.0 0.0 0.0 0.0 0.0 0.0 0.0 0.0 0.0 0.0 0.0 0.06092579883279333 0.0 0.11999168322825975 0.0 0.0 0.0 0.0 0.0 0.0 0.0 0.0 0.0 0.0 0.0 0.6984799033046472 0.0 0.756403490177242 0.0 0.0 0.0
a3c1u2evw0nuff
allah knows the states intention
0.8973644949606907 1.0629517292283022 0.0 0.0 0.0 0.0 0.0 0.0 0.0 0.0 0.0 0.0 0.0 0.0 0.0 0.0 0.0 0.08529611836591067 0.0 0.0 0.0 0.0 0.0 0.0 0.0 0.0 0.0 0.0 1.4748531945841061 0.0 0.0 0.0 0.0 0.0 1.0010997946090368 0.0 0.0
a12ezody9kxiim
remaining allah knows better the state of intention
0.5608528093504317 0.6643448307676889 0.0 0.0 0.0 0.0 0.0 0.0 0.6150677813211523 0.0 0.0 0.0 0.0 0.0 0.0 0.0 0.0 0.05331007397869417 0.0 0.10499272282472728 0.0 0.0 0.0 0.0 0.0 0.0 0.8566211311609055 0.55338259253265 0.9217832466150663 0.0 0.0 0.0 0.0 0.0 0.0 0.0 0.0
arq4j4tltpbnc
allah always knows what is in their hearts
0.5608528093504317 0.6643448307676889 0.0 0.38529570116657835 0.0 0.0 0.0 0.0 0.0 0.16335193985432828 0.12872883780708513 0.0 0.7844567105315525 0.0 0.0 0.0 0.0 0.0 0.0 0.0 0.0 0.0 0.0 0.0 0.0 0.0 0.0 0.0 0.0 0.0 0.0 0.0 0.0 0.0 0.0 0.6414148932807769 0.3721526374654762
