i think people from our armed forces are in cahoots with them my opinion army is supporting these the personnel of collaborating has an understanding have joint view associated theses will get joined
i think people from our armed forces are in cahoots with them
0.2706650704022245 0.3482350333217263 0.22557187937554615 0.20107455328566992 0.2792329791904239 0.41509723936547105 0.3756303299258559 0.17551137948773554 0.08581922520472342 0.859892079340581 0.19586545433952116 0.2843291811198681 0.0 0.0 0.0 0.0 0.0 0.0 0.0 0.0 0.0 0.0 0.0 0.0 0.0 0.0 0.0 0.0 0.0 0.0 0.0 0.0 0.0
in my opinion our army is supporting these people
0.0 0.0 0.30076250583406156 0.0 0.3723106389205652 0.0 0.0 0.0 0.1144256336062979 0.0 0.0 0.0 0.4531587896573557 0.4772508176806598 0.39523690925365723 0.14520172431495848 0.7096532577069605 0.3346114041469147 0.0 0.0 0.0 0.0 0.0 0.0 0.0 0.0 0.0 0.0 0.0 0.0 0.0 0.0 0.0
in my opinion the personnel of our army are collaborating with them
0.0 0.0 0.0 0.0 0.2792329791904239 0.0 0.0 0.17551137948773554 0.08581922520472342 0.0 0.19586545433952116 0.2843291811198681 0.33986909224301676 0.35793811326049485 0.29642768194024294 0.0 0.0 0.0 0.03554004931912944 0.5545952754964437 0.06999514854981818 0.859892079340581 0.0 0.0 0.0 0.0 0.0 0.0 0.0 0.0 0.0 0.0 0.0
i think my army has an understanding with them
0.3608867605362993 0.4643133777623017 0.0 0.0 0.0 0.0 0.0 0.0 0.0 0.0 0.2611539391193615 0.37910557482649077 0.4531587896573557 0.0 0.39523690925365723 0.0 0.0 0.0 0.0 0.0 0.0 0.0 0.2280886242145804 0.3278183628639544 0.8253703549100896 0.0 0.0 0.0 0.0 0.0 0.0 0.0 0.0
a1wyssw33m2fz2
in my opinion people of our army are with these people
0.0 0.0 0.49215682772846436 0.0 0.3046177954804624 0.0 0.0 0.19146695944116604 0.09362097295060737 0.0 0.21367140473402307 0.0 0.3707662824469274 0.39047794173872163 0.3233756530257196 0.0 0.0 0.2737729670292939 0.0 0.0 0.07635834387252893 0.0 0.0 0.0 0.0 0.0 0.0 0.0 0.0 0.0 0.0 0.0 0.0
a3dd3acpmvdvca
i think the people of our army have joint these people
0.29527098589333584 0.3798927636237014 0.49215682772846436 0.0 0.3046177954804624 0.0 0.0 0.0 0.0 0.0 0.0 0.0 0.0 0.0 0.3233756530257196 0.0 0.0 0.2737729670292939 0.03877096289359576 0.0 0.07635834387252893 0.0 0.0 0.0 0.0 0.2079972752716754 0.5231233418744667 0.0 0.0 0.0 0.0 0.0 0.0
a28z6a8uc4er3x
in my view our army people are associated with theses people
0.0 0.0 0.49215682772846436 0.0 0.3046177954804624 0.0 0.0 0.19146695944116604 0.09362097295060737 0.0 0.21367140473402307 0.0 0.3707662824469274 0.0 0.3233756530257196 0.0 0.0 0.0 0.0 0.0 0.0 0.0 0.0 0.0 0.0 0.0 0.0 0.47611823519113705 0.6004666259438785 0.8750507065024569 0.0 0.0 0.0
alrghxunh1uv7
in my opinion our army people will get the people
0.0 0.0 0.5413725105013107 0.0 0.33507957502850866 0.0 0.0 0.0 0.1029830702456681 0.0 0.0 0.0 0.4078429106916201 0.4295257359125938 0.3557132183282915 0.0 0.0 0.0 0.042648059182955333 0.0 0.0 0.0 0.0 0.0 0.0 0.0 0.0 0.0 0.0 0.0 0.2215513199801184 0.43499973921016044 0.0
ah7pogjaytu4f
in my opinion people of our army are with these people
0.0 0.0 0.49215682772846436 0.0 0.3046177954804624 0.0 0.0 0.19146695944116604 0.09362097295060737 0.0 0.21367140473402307 0.0 0.3707662824469274 0.39047794173872163 0.3233756530257196 0.0 0.0 0.2737729670292939 0.0 0.0 0.07635834387252893 0.0 0.0 0.0 0.0 0.0 0.0 0.0 0.0 0.0 0.0 0.0 0.0
a2qxd8jqk5bvez
in my opinion people of our army are with these people
0.0 0.0 0.49215682772846436 0.0 0.3046177954804624 0.0 0.0 0.19146695944116604 0.09362097295060737 0.0 0.21367140473402307 0.0 0.3707662824469274 0.39047794173872163 0.3233756530257196 0.0 0.0 0.2737729670292939 0.0 0.0 0.07635834387252893 0.0 0.0 0.0 0.0 0.0 0.0 0.0 0.0 0.0 0.0 0.0 0.0
a6tw9zegog7ph
in my opinion people of our army are with these people
0.0 0.0 0.49215682772846436 0.0 0.3046177954804624 0.0 0.0 0.19146695944116604 0.09362097295060737 0.0 0.21367140473402307 0.0 0.3707662824469274 0.39047794173872163 0.3233756530257196 0.0 0.0 0.2737729670292939 0.0 0.0 0.07635834387252893 0.0 0.0 0.0 0.0 0.0 0.0 0.0 0.0 0.0 0.0 0.0 0.0
au2ar4vob7vlv
i think the people of our army have joined these people
0.29527098589333584 0.3798927636237014 0.49215682772846436 0.0 0.3046177954804624 0.0 0.0 0.0 0.0 0.0 0.0 0.0 0.0 0.0 0.3233756530257196 0.0 0.0 0.2737729670292939 0.03877096289359576 0.0 0.07635834387252893 0.0 0.0 0.0 0.0 0.2079972752716754 0.0 0.0 0.0 0.0 0.0 0.0 0.6174858570428008
acjl95je4qgk4
i think our army has joint these people
0.40599760560333675 0.5223525499825894 0.33835781906331924 0.0 0.41884946878563584 0.0 0.0 0.0 0.0 0.0 0.0 0.0 0.0 0.0 0.4446415229103644 0.0 0.0 0.37643782966527906 0.0 0.0 0.0 0.0 0.25659970224140294 0.0 0.0 0.0 0.7192945950773918 0.0 0.0 0.0 0.0 0.0 0.0
a2bk4fasw056jr
i think the people of our army have joined these people
0.29527098589333584 0.3798927636237014 0.49215682772846436 0.0 0.3046177954804624 0.0 0.0 0.0 0.0 0.0 0.0 0.0 0.0 0.0 0.3233756530257196 0.0 0.0 0.2737729670292939 0.03877096289359576 0.0 0.07635834387252893 0.0 0.0 0.0 0.0 0.2079972752716754 0.0 0.0 0.0 0.0 0.0 0.0 0.6174858570428008
a2rcbwy8ulhnj0
in my view our army is associated with theses people
0.0 0.0 0.27068625525065537 0.0 0.33507957502850866 0.0 0.0 0.0 0.1029830702456681 0.0 0.23503854520742537 0.0 0.4078429106916201 0.0 0.3557132183282915 0.13068155188346262 0.0 0.0 0.0 0.0 0.0 0.0 0.0 0.0 0.0 0.0 0.0 0.5237300587102507 0.6605132885382663 0.9625557771527026 0.0 0.0 0.0
a3qu3km3iywhif
in my view our army people are associated with these people
0.0 0.0 0.49215682772846436 0.0 0.3046177954804624 0.0 0.0 0.19146695944116604 0.09362097295060737 0.0 0.21367140473402307 0.0 0.3707662824469274 0.0 0.3233756530257196 0.0 0.0 0.2737729670292939 0.0 0.0 0.0 0.0 0.0 0.0 0.0 0.0 0.0 0.47611823519113705 0.6004666259438785 0.0 0.0 0.0 0.0
au2ar4vob7vlv
in my view our army people are associated with these people
0.0 0.0 0.49215682772846436 0.0 0.3046177954804624 0.0 0.0 0.19146695944116604 0.09362097295060737 0.0 0.21367140473402307 0.0 0.3707662824469274 0.0 0.3233756530257196 0.0 0.0 0.2737729670292939 0.0 0.0 0.0 0.0 0.0 0.0 0.0 0.0 0.0 0.47611823519113705 0.6004666259438785 0.0 0.0 0.0 0.0
a1rhjj60p0jwi3
in my opinion our army people will get the people
0.0 0.0 0.5413725105013107 0.0 0.33507957502850866 0.0 0.0 0.0 0.1029830702456681 0.0 0.0 0.0 0.4078429106916201 0.4295257359125938 0.3557132183282915 0.0 0.0 0.0 0.042648059182955333 0.0 0.0 0.0 0.0 0.0 0.0 0.0 0.0 0.0 0.0 0.0 0.2215513199801184 0.43499973921016044 0.0
