they say the common people are here to die for us if we were martyrs that public is only and these guys destined there i am martyred it was said lay folk our self so martyr population by default getting killed then this present pious ourselves dont have as though its considered martyrdom a their belief dying thusly
they say the common people are here to die for us if we die were martyrs
0.16148179737901186 0.24459228087850807 0.026655036989347083 0.33474127011419147 0.16917890953165962 0.13163353461580166 0.274486182882285 0.06749214435694753 0.762399655863858 0.12066935619640094 0.2286331126404553 0.18868172408305062 0.19140048202476814 0.18447674326287242 0.40041762166617656 0.0 0.0 0.0 0.0 0.0 0.0 0.0 0.0 0.0 0.0 0.0 0.0 0.0 0.0 0.0 0.0 0.0 0.0 0.0 0.0 0.0 0.0 0.0 0.0 0.0 0.0 0.0 0.0 0.0 0.0 0.0 0.0 0.0 0.0 0.0 0.0 0.0 0.0 0.0 0.0 0.0 0.0 0.0
they say that the public is only to die for us and if we die we are martyrs
0.14353937544801054 0.21741536078089607 0.02369336621275296 0.0 0.0 0.11700758632515702 0.0 0.059993017206175586 0.677688582990096 0.10726164995235639 0.20322943345818248 0.16771708807382277 0.3402675235995878 0.0 0.3559267748143792 0.0671152457922111 0.2616240642723339 0.07260086215747924 0.18699868374789458 0.05522027998901621 0.0 0.0 0.0 0.0 0.0 0.0 0.0 0.0 0.0 0.0 0.0 0.0 0.0 0.0 0.0 0.0 0.0 0.0 0.0 0.0 0.0 0.0 0.0 0.0 0.0 0.0 0.0 0.0 0.0 0.0 0.0 0.0 0.0 0.0 0.0 0.0 0.0 0.0
these guys say that the public is destined to die for us and if we die we are martyrs
0.0 0.20597244705558573 0.022446346938397543 0.0 0.0 0.1108492923080435 0.0 0.05683548998479792 0.6420207628327226 0.10161629995486395 0.1925331474866992 0.15888987291204262 0.32235870656803056 0.0 0.33719378666625394 0.06358286443472631 0.2478543766790532 0.06877976414919085 0.0 0.05231394946327852 0.1585001388064333 0.4852680349167821 0.5430897343203669 0.0 0.0 0.0 0.0 0.0 0.0 0.0 0.0 0.0 0.0 0.0 0.0 0.0 0.0 0.0 0.0 0.0 0.0 0.0 0.0 0.0 0.0 0.0 0.0 0.0 0.0 0.0 0.0 0.0 0.0 0.0 0.0 0.0 0.0 0.0
they say that people are there to die for us if i die i am martyred
0.16148179737901186 0.24459228087850807 0.0 0.0 0.16917890953165962 0.13163353461580166 0.0 0.06749214435694753 0.762399655863858 0.12066935619640094 0.2286331126404553 0.18868172408305062 0.0 0.0 0.0 0.07550465151623749 0.0 0.0 0.0 0.0 0.0 0.0 0.0 0.17899906267018562 0.40599760560333675 0.317309871064208 0.3830656381287841 0.0 0.0 0.0 0.0 0.0 0.0 0.0 0.0 0.0 0.0 0.0 0.0 0.0 0.0 0.0 0.0 0.0 0.0 0.0 0.0 0.0 0.0 0.0 0.0 0.0 0.0 0.0 0.0 0.0 0.0 0.0
a1sanjgoj47idf
it was said lay folk die for our self we die so martyr
0.0 0.0 0.0 0.0 0.0 0.0 0.0 0.0 0.9383380379862868 0.1485161307032627 0.0 0.0 0.23556982403048388 0.0 0.0 0.0 0.0 0.0 0.0 0.0 0.0 0.0 0.0 0.0 0.0 0.0 0.0 0.15578118746358657 0.16906299469185632 0.1703078064396817 0.5672512286861946 0.5758070467715964 0.25775351925269896 0.49758133464437787 0.2718652222653329 0.5026550244745162 0.0 0.0 0.0 0.0 0.0 0.0 0.0 0.0 0.0 0.0 0.0 0.0 0.0 0.0 0.0 0.0 0.0 0.0 0.0 0.0 0.0 0.0
a3fq8i38xt2b4z
they say the population is by default for getting killed for us
0.2153090631720158 0.3261230411713441 0.03554004931912944 0.0 0.0 0.0 0.0 0.0 0.0 0.3217849498570692 0.30484415018727373 0.0 0.0 0.0 0.0 0.0 0.0 0.10890129323621885 0.0 0.0 0.0 0.0 0.0 0.0 0.0 0.0 0.0 0.0 0.0 0.0 0.0 0.0 0.0 0.0 0.0 0.0 0.5274767421268913 0.20795493845012067 0.7443675492472567 0.4230798280856107 0.30689653303336034 0.0 0.0 0.0 0.0 0.0 0.0 0.0 0.0 0.0 0.0 0.0 0.0 0.0 0.0 0.0 0.0 0.0
a28z6a8uc4er3x
to say that common people are there to die for us if we die then martyr
0.0 0.24459228087850807 0.0 0.33474127011419147 0.16917890953165962 0.13163353461580166 0.0 0.13498428871389506 0.762399655863858 0.12066935619640094 0.2286331126404553 0.18868172408305062 0.19140048202476814 0.0 0.0 0.07550465151623749 0.0 0.0 0.0 0.0 0.0 0.0 0.0 0.17899906267018562 0.0 0.0 0.0 0.0 0.0 0.0 0.0 0.0 0.0 0.0 0.0 0.40840720738554437 0.0 0.0 0.0 0.0 0.0 0.21832780723947898 0.0 0.0 0.0 0.0 0.0 0.0 0.0 0.0 0.0 0.0 0.0 0.0 0.0 0.0 0.0 0.0
a2i57ww1b3evwx
they said this that people are present only to die for us if we die then are pious
0.14353937544801054 0.0 0.0 0.0 0.15038125291703078 0.23401517265031405 0.0 0.059993017206175586 0.677688582990096 0.10726164995235639 0.20322943345818248 0.16771708807382277 0.1701337617997939 0.0 0.0 0.0671152457922111 0.0 0.0 0.18699868374789458 0.0 0.0 0.0 0.0 0.0 0.0 0.0 0.0 0.0 0.0 0.12300008242865901 0.0 0.0 0.0 0.0 0.0 0.0 0.0 0.0 0.0 0.0 0.0 0.19406916199064797 0.09519449351933444 0.24797961277136352 0.47371919349216196 0.0 0.0 0.0 0.0 0.0 0.0 0.0 0.0 0.0 0.0 0.0 0.0 0.0
a1nee8mf6oybf8
it was said lay folk die for our self we die so martyr
0.0 0.0 0.0 0.0 0.0 0.0 0.0 0.0 0.9383380379862868 0.1485161307032627 0.0 0.0 0.23556982403048388 0.0 0.0 0.0 0.0 0.0 0.0 0.0 0.0 0.0 0.0 0.0 0.0 0.0 0.0 0.15578118746358657 0.16906299469185632 0.1703078064396817 0.5672512286861946 0.5758070467715964 0.25775351925269896 0.49758133464437787 0.2718652222653329 0.5026550244745162 0.0 0.0 0.0 0.0 0.0 0.0 0.0 0.0 0.0 0.0 0.0 0.0 0.0 0.0 0.0 0.0 0.0 0.0 0.0 0.0 0.0 0.0
ayeowkx2r19vz
lay folk die for ourselves so martyrs dont have to
0.0 0.0 0.0 0.0 0.0 0.0 0.0 0.10798743097111604 0.6099197246910865 0.1930709699142415 0.0 0.0 0.0 0.0 0.6406681946658825 0.0 0.0 0.0 0.0 0.0 0.0 0.0 0.0 0.0 0.0 0.0 0.0 0.0 0.0 0.0 0.7374265972920531 0.7485491608030754 0.0 0.0 0.35342478894493273 0.0 0.0 0.0 0.0 0.0 0.0 0.0 0.0 0.0 0.0 0.6426884653976344 0.4731456293686721 0.22879700279884294 0.0 0.0 0.0 0.0 0.0 0.0 0.0 0.0 0.0 0.0
a1f79effmkv41a
it was said lay folk die for our self we die so martyr
0.0 0.0 0.0 0.0 0.0 0.0 0.0 0.0 0.9383380379862868 0.1485161307032627 0.0 0.0 0.23556982403048388 0.0 0.0 0.0 0.0 0.0 0.0 0.0 0.0 0.0 0.0 0.0 0.0 0.0 0.0 0.15578118746358657 0.16906299469185632 0.1703078064396817 0.5672512286861946 0.5758070467715964 0.25775351925269896 0.49758133464437787 0.2718652222653329 0.5026550244745162 0.0 0.0 0.0 0.0 0.0 0.0 0.0 0.0 0.0 0.0 0.0 0.0 0.0 0.0 0.0 0.0 0.0 0.0 0.0 0.0 0.0 0.0
a37rlacsw4br2k
they say the population is by default for getting killed for us
0.2153090631720158 0.3261230411713441 0.03554004931912944 0.0 0.0 0.0 0.0 0.0 0.0 0.3217849498570692 0.30484415018727373 0.0 0.0 0.0 0.0 0.0 0.0 0.10890129323621885 0.0 0.0 0.0 0.0 0.0 0.0 0.0 0.0 0.0 0.0 0.0 0.0 0.0 0.0 0.0 0.0 0.0 0.0 0.5274767421268913 0.20795493845012067 0.7443675492472567 0.4230798280856107 0.30689653303336034 0.0 0.0 0.0 0.0 0.0 0.0 0.0 0.0 0.0 0.0 0.0 0.0 0.0 0.0 0.0 0.0 0.0
a267yj5zc4d1st
they say the population is by default for getting killed for us
0.2153090631720158 0.3261230411713441 0.03554004931912944 0.0 0.0 0.0 0.0 0.0 0.0 0.3217849498570692 0.30484415018727373 0.0 0.0 0.0 0.0 0.0 0.0 0.10890129323621885 0.0 0.0 0.0 0.0 0.0 0.0 0.0 0.0 0.0 0.0 0.0 0.0 0.0 0.0 0.0 0.0 0.0 0.0 0.5274767421268913 0.20795493845012067 0.7443675492472567 0.4230798280856107 0.30689653303336034 0.0 0.0 0.0 0.0 0.0 0.0 0.0 0.0 0.0 0.0 0.0 0.0 0.0 0.0 0.0 0.0 0.0
a1nfmtr7or7cu6
they say the population is getting killed for us by default
0.2348826143694718 0.355770590368739 0.03877096289359576 0.0 0.0 0.0 0.0 0.0 0.0 0.17551906355840138 0.3325572547497532 0.0 0.0 0.0 0.0 0.0 0.0 0.11880141080314784 0.0 0.0 0.0 0.0 0.0 0.0 0.0 0.0 0.0 0.0 0.0 0.0 0.0 0.0 0.0 0.0 0.0 0.0 0.575429173229336 0.2268599328546771 0.8120373264515528 0.461541630638848 0.3347962178545749 0.0 0.0 0.0 0.0 0.0 0.0 0.0 0.0 0.0 0.0 0.0 0.0 0.0 0.0 0.0 0.0 0.0
a143awku99stc9
they say that common people are there to die for us and they die as martyrs
0.3229635947580237 0.24459228087850807 0.0 0.33474127011419147 0.16917890953165962 0.13163353461580166 0.0 0.06749214435694753 0.762399655863858 0.12066935619640094 0.2286331126404553 0.0 0.0 0.0 0.40041762166617656 0.07550465151623749 0.0 0.0 0.0 0.06212281498764324 0.0 0.0 0.0 0.17899906267018562 0.0 0.0 0.0 0.0 0.0 0.0 0.0 0.0 0.0 0.0 0.0 0.0 0.0 0.0 0.0 0.0 0.0 0.0 0.0 0.0 0.0 0.0 0.0 0.0 0.16470632943957153 0.0 0.0 0.0 0.0 0.0 0.0 0.0 0.0 0.0
a2eldzaxlm8quo
though its said that the common people are there to die for us if we die its considered martyrdom
0.0 0.0 0.022446346938397543 0.2818873853593191 0.14246645013192388 0.1108492923080435 0.0 0.05683548998479792 0.6420207628327226 0.10161629995486395 0.1925331474866992 0.15888987291204262 0.16117935328401528 0.0 0.0 0.06358286443472631 0.0 0.0 0.0 0.0 0.0 0.0 0.0 0.15073605277489316 0.0 0.0 0.0 0.0 0.0 0.11652639387978221 0.0 0.0 0.0 0.0 0.0 0.0 0.0 0.0 0.0 0.0 0.0 0.0 0.0 0.0 0.0 0.0 0.0 0.0 0.0 0.29427984912498056 0.3488234697235906 0.2991566296767018 0.3451318334943899 0.0 0.0 0.0 0.0 0.0
a1g9f1kosfkijh
to say that common people are there to die for us if we die then we are a martyr
0.0 0.20597244705558573 0.0 0.2818873853593191 0.14246645013192388 0.221698584616087 0.0 0.11367097996959584 0.6420207628327226 0.10161629995486395 0.1925331474866992 0.15888987291204262 0.32235870656803056 0.0 0.0 0.06358286443472631 0.0 0.0 0.0 0.0 0.0 0.0 0.0 0.15073605277489316 0.0 0.0 0.0 0.0 0.0 0.0 0.0 0.0 0.0 0.0 0.0 0.34392185885098475 0.0 0.0 0.0 0.0 0.0 0.18385499557008755 0.0 0.0 0.0 0.0 0.0 0.0 0.0 0.0 0.0 0.0 0.0 0.0746254393248286 0.0 0.0 0.0 0.0
a290hg650rgy73
their belief was that people are present only to die for us and that dying thusly is pious
0.0 0.0 0.0 0.0 0.15038125291703078 0.11700758632515702 0.0 0.059993017206175586 0.338844291495048 0.10726164995235639 0.20322943345818248 0.0 0.0 0.0 0.0 0.1342304915844222 0.0 0.07260086215747924 0.18699868374789458 0.05522027998901621 0.0 0.0 0.0 0.0 0.0 0.0 0.0 0.0 0.12210105172189624 0.0 0.0 0.0 0.0 0.0 0.0 0.0 0.0 0.0 0.0 0.0 0.0 0.0 0.0 0.24797961277136352 0.47371919349216196 0.0 0.0 0.0 0.0 0.0 0.0 0.0 0.0 0.0 0.16540117220687833 0.3944349515121539 0.4453399921718291 0.5732613862270539
