however the ceasefire ended within only fifteen days in just 15 was over but cease fire although came to an end it when finished unfortunately lasted that broken
however the ceasefire ended within only fifteen days
0.5496408165553944 0.05331007397869417 0.6508396454663035 0.8384733799303433 0.679487878687575 0.4207470384327628 0.8689261402625621 0.563071802532738 0.0 0.0 0.0 0.0 0.0 0.0 0.0 0.0 0.0 0.0 0.0 0.0 0.0 0.0 0.0 0.0 0.0 0.0 0.0 0.0
however the ceasefire ended in just 15 days
0.5496408165553944 0.05331007397869417 0.6508396454663035 0.8384733799303433 0.0 0.0 0.0 0.563071802532738 0.12872883780708513 0.5680191758178202 0.7983599149203306 0.0 0.0 0.0 0.0 0.0 0.0 0.0 0.0 0.0 0.0 0.0 0.0 0.0 0.0 0.0 0.0 0.0
however the ceasefire ended in only fifteen days
0.5496408165553944 0.05331007397869417 0.6508396454663035 0.8384733799303433 0.0 0.4207470384327628 0.8689261402625621 0.563071802532738 0.12872883780708513 0.0 0.0 0.0 0.0 0.0 0.0 0.0 0.0 0.0 0.0 0.0 0.0 0.0 0.0 0.0 0.0 0.0 0.0 0.0
however the ceasefire was over in just 15 days
0.48856961471590615 0.04738673242550592 0.5785241293033808 0.0 0.0 0.0 0.0 0.5005082689179894 0.1144256336062979 0.5049059340602846 0.7096532577069605 0.24420210344379248 0.4150328588809118 0.0 0.0 0.0 0.0 0.0 0.0 0.0 0.0 0.0 0.0 0.0 0.0 0.0 0.0 0.0
a1wyssw33m2fz2
but the cease fire was over in only 15 days
0.0 0.042648059182955333 0.0 0.0 0.0 0.33659763074621024 0.0 0.4504574420261904 0.1029830702456681 0.0 0.6386879319362645 0.21978189309941323 0.37352957299282064 0.26116422967164976 0.6159821868727299 0.5082262989257021 0.0 0.0 0.0 0.0 0.0 0.0 0.0 0.0 0.0 0.0 0.0 0.0
a28z6a8uc4er3x
although cease fire ended in just fifteen days
0.0 0.0 0.0 0.8384733799303433 0.0 0.0 0.8689261402625621 0.563071802532738 0.12872883780708513 0.5680191758178202 0.0 0.0 0.0 0.0 0.7699777335909124 0.6352828736571277 0.6515949347732988 0.0 0.0 0.0 0.0 0.0 0.0 0.0 0.0 0.0 0.0 0.0
a3dd3acpmvdvca
however the ceasefire came to an end within 15 days
0.4397126532443155 0.042648059182955333 0.5206717163730428 0.0 0.54359030295006 0.0 0.0 0.4504574420261904 0.0 0.0 0.6386879319362645 0.0 0.0 0.0 0.0 0.0 0.0 0.4817446741542244 0.10798743097111604 0.29503652657755897 0.47202829930885964 0.0 0.0 0.0 0.0 0.0 0.0 0.0
a1aczgd5azz3r7
however it was only within 15 days when the ceasefire was finished
0.3664272110369296 0.03554004931912944 0.43389309697753564 0.0 0.45299191912505 0.28049802562184184 0.0 0.37538120168849204 0.0 0.0 0.5322399432802204 0.36630315516568873 0.0 0.0 0.0 0.0 0.0 0.0 0.0 0.0 0.0 0.16876295308555211 0.27144754876471106 0.5567598993633821 0.0 0.0 0.0 0.0
a3bnv4r3pkyf7u
but the cease fire was over in only 15 days
0.0 0.042648059182955333 0.0 0.0 0.0 0.33659763074621024 0.0 0.4504574420261904 0.1029830702456681 0.0 0.6386879319362645 0.21978189309941323 0.37352957299282064 0.26116422967164976 0.6159821868727299 0.5082262989257021 0.0 0.0 0.0 0.0 0.0 0.0 0.0 0.0 0.0 0.0 0.0 0.0
a2xon1eqohhfe4
but the cease fire was over in only 15 days
0.0 0.042648059182955333 0.0 0.0 0.0 0.33659763074621024 0.0 0.4504574420261904 0.1029830702456681 0.0 0.6386879319362645 0.21978189309941323 0.37352957299282064 0.26116422967164976 0.6159821868727299 0.5082262989257021 0.0 0.0 0.0 0.0 0.0 0.0 0.0 0.0 0.0 0.0 0.0 0.0
a9x4g4wpj27d6
unfortunately the cease fire was over in only 15 days
0.0 0.042648059182955333 0.0 0.0 0.0 0.33659763074621024 0.0 0.4504574420261904 0.1029830702456681 0.0 0.6386879319362645 0.21978189309941323 0.37352957299282064 0.0 0.6159821868727299 0.5082262989257021 0.0 0.0 0.0 0.0 0.0 0.0 0.0 0.0 0.6426884653976344 0.0 0.0 0.0
ajfwu2g6a1bhs
although the ceasefire ended in just fifteen days
0.0 0.05331007397869417 0.6508396454663035 0.8384733799303433 0.0 0.0 0.8689261402625621 0.563071802532738 0.12872883780708513 0.5680191758178202 0.0 0.0 0.0 0.0 0.0 0.0 0.6515949347732988 0.0 0.0 0.0 0.0 0.0 0.0 0.0 0.0 0.0 0.0 0.0
ac00w60nppf9z
although cease fire ended in just fifteen days
0.0 0.0 0.0 0.8384733799303433 0.0 0.0 0.8689261402625621 0.563071802532738 0.12872883780708513 0.5680191758178202 0.0 0.0 0.0 0.0 0.7699777335909124 0.6352828736571277 0.6515949347732988 0.0 0.0 0.0 0.0 0.0 0.0 0.0 0.0 0.0 0.0 0.0
a38anfvm8bgsy2
the cease fire ended in just fifteen days
0.0 0.05331007397869417 0.0 0.8384733799303433 0.0 0.0 0.8689261402625621 0.563071802532738 0.12872883780708513 0.5680191758178202 0.0 0.0 0.0 0.0 0.7699777335909124 0.6352828736571277 0.0 0.0 0.0 0.0 0.0 0.0 0.0 0.0 0.0 0.0 0.0 0.0
a3bnv4r3pkyf7u
however the ceasefire came to an end within 15 days
0.4397126532443155 0.042648059182955333 0.5206717163730428 0.0 0.54359030295006 0.0 0.0 0.4504574420261904 0.0 0.0 0.6386879319362645 0.0 0.0 0.0 0.0 0.0 0.0 0.4817446741542244 0.10798743097111604 0.29503652657755897 0.47202829930885964 0.0 0.0 0.0 0.0 0.0 0.0 0.0
a3c1u2evw0nuff
the ceasefire lasted only 15 days
0.0 0.07108009863825888 0.8677861939550713 0.0 0.0 0.5609960512436837 0.0 0.7507624033769841 0.0 0.0 1.0644798865604408 0.0 0.0 0.0 0.0 0.0 0.0 0.0 0.0 0.0 0.0 0.0 0.0 0.0 0.0 1.4211575804764858 0.0 0.0
a2u70ov2bw11tg
however the ceasefire ended within 15 days
0.6281609332061651 0.06092579883279333 0.7438167376757754 0.9582552913489638 0.7765575756429428 0.0 0.0 0.6435106314659863 0.0 0.0 0.9124113313375207 0.0 0.0 0.0 0.0 0.0 0.0 0.0 0.0 0.0 0.0 0.0 0.0 0.0 0.0 0.0 0.0 0.0
a1mmshjhu659at
however it was just within 15 days that the ceasefire was broken
0.3664272110369296 0.03554004931912944 0.43389309697753564 0.0 0.45299191912505 0.0 0.0 0.37538120168849204 0.0 0.3786794505452135 0.5322399432802204 0.36630315516568873 0.0 0.0 0.0 0.0 0.0 0.0 0.0 0.0 0.0 0.16876295308555211 0.0 0.0 0.0 0.0 0.10067286868831665 0.5464587363661174
