chinese political expert gosoi wu active in the german city of bochum says an goo sui woo bukhum guo su wei has said a analyst gu on politics who is bokhum germany gosuwe hu according to gosvi kusuay yak that pundit govsi based
chinese political expert gosoi wu active in the german city of bochum says
0.4787969530665285 0.29003737302496907 0.4726398217070257 0.7937465347759208 0.6559188832968397 0.41814638688466155 0.07921774634282162 0.0328061993715041 0.3407559225964685 0.3705728262724803 0.06461090635367833 0.6440611386947429 0.3364064879600304 0.0 0.0 0.0 0.0 0.0 0.0 0.0 0.0 0.0 0.0 0.0 0.0 0.0 0.0 0.0 0.0 0.0 0.0 0.0 0.0 0.0 0.0 0.0 0.0 0.0 0.0 0.0 0.0 0.0 0.0
an active chinese political expert in the german city bochum goo sui woo says
0.44459717070463356 0.26932041780889987 0.4388798344422381 0.0 0.0 0.3882787878214714 0.07355933588976293 0.030462899416396665 0.31641621383957785 0.3441033386815889 0.0 0.5980567716451184 0.3123774531057425 0.21074037612682783 0.737050353720498 0.4651458901654751 0.737050353720498 0.0 0.0 0.0 0.0 0.0 0.0 0.0 0.0 0.0 0.0 0.0 0.0 0.0 0.0 0.0 0.0 0.0 0.0 0.0 0.0 0.0 0.0 0.0 0.0 0.0 0.0
chinese political expert active in the german city of bukhum guo su wei wu has said
0.3890225243665544 0.23565536558278738 0.38401985513695835 0.0 0.5329340926786822 0.3397439393437875 0.06436441890354257 0.026655036989347083 0.2768641871096306 0.30109042134639025 0.05249636141236364 0.0 0.0 0.0 0.0 0.0 0.0 0.6449190595054357 0.6449190595054357 0.6449190595054357 0.6449190595054357 0.12829985112070147 0.13837509273224138 0.0 0.0 0.0 0.0 0.0 0.0 0.0 0.0 0.0 0.0 0.0 0.0 0.0 0.0 0.0 0.0 0.0 0.0 0.0 0.0
a chinese political analyst in the german city of bochum gu sui said
0.4787969530665285 0.29003737302496907 0.0 0.0 0.0 0.0 0.07921774634282162 0.0328061993715041 0.3407559225964685 0.3705728262724803 0.06461090635367833 0.6440611386947429 0.0 0.0 0.0 0.500926343255127 0.0 0.0 0.0 0.0 0.0 0.0 0.1703078064396817 0.1090679497824418 0.6092930522529693 0.7937465347759208 0.0 0.0 0.0 0.0 0.0 0.0 0.0 0.0 0.0 0.0 0.0 0.0 0.0 0.0 0.0 0.0 0.0
a3dd3acpmvdvca
expert on chinese politics who is active in bokhum germany gosuwe hu says
0.4787969530665285 0.0 0.4726398217070257 0.0 0.0 0.41814638688466155 0.07921774634282162 0.0 0.0 0.0 0.0 0.0 0.3364064879600304 0.0 0.0 0.0 0.0 0.0 0.0 0.0 0.0 0.0 0.0 0.0 0.0 0.0 0.1440775201827541 0.44344831234510995 0.22646737975907888 0.10052427067958664 0.7092378971860662 0.3858000033867611 0.6871085069974677 0.6871085069974677 0.0 0.0 0.0 0.0 0.0 0.0 0.0 0.0 0.0
amwxjmcv94h5s
according to german expert in politics gosvi
0.0 0.0 0.8777596688844762 0.0 0.0 0.0 0.14711867177952587 0.0 0.6328324276791557 0.0 0.0 0.0 0.0 0.0 0.0 0.0 0.0 0.0 0.0 0.0 0.0 0.0 0.0 0.0 0.0 0.0 0.0 0.8235468657837757 0.0 0.0 0.0 0.0 0.0 0.0 0.47045237677835006 0.15426775853016578 1.375079681646718 0.0 0.0 0.0 0.0 0.0 0.0
a143bvgouf83je
active in german city of bochum chinese political expert kusuay wu says
0.5186966991554058 0.3142071541103832 0.5120264735159444 0.0 0.7105787902382429 0.45299191912505 0.08581922520472342 0.0 0.3691522494795075 0.4014538951285203 0.06999514854981818 0.6977329002526381 0.3644403619566996 0.0 0.0 0.0 0.0 0.0 0.0 0.0 0.0 0.0 0.0 0.0 0.0 0.0 0.0 0.0 0.0 0.0 0.0 0.0 0.0 0.0 0.0 0.0 0.0 0.7443675492472567 0.0 0.0 0.0 0.0 0.0
a3kwcqj39dxkt4
yak says that the german expert is active in city politics
0.0 0.0 0.5585743347446667 0.0 0.0 0.4941730026818727 0.09362097295060737 0.03877096289359576 0.40271154488673544 0.4379497037765676 0.0 0.0 0.3975713039527632 0.0 0.0 0.0 0.0 0.0 0.0 0.0 0.0 0.0 0.0 0.0 0.0 0.0 0.0 0.524075278226039 0.0 0.11880141080314784 0.0 0.0 0.0 0.0 0.0 0.0 0.0 0.0 0.8750507065024569 0.1098249476599818 0.0 0.0 0.0
a2eldzaxlm8quo
gosuwe hu an expert on chinese politics who is active in bokhum germany says
0.44459717070463356 0.0 0.4388798344422381 0.0 0.0 0.3882787878214714 0.07355933588976293 0.0 0.0 0.0 0.0 0.0 0.3123774531057425 0.21074037612682783 0.0 0.0 0.0 0.0 0.0 0.0 0.0 0.0 0.0 0.0 0.0 0.0 0.1337862687411288 0.41177343289188784 0.21029113834771612 0.09334396563104473 0.6585780473870615 0.35824286028770674 0.63802932792622 0.63802932792622 0.0 0.0 0.0 0.0 0.0 0.0 0.0 0.0 0.0
a1kf7gs7yulm10
gosuwe hu an expert on chinese politics active in bokhum germany says
0.5186966991554058 0.0 0.5120264735159444 0.0 0.0 0.45299191912505 0.08581922520472342 0.0 0.0 0.0 0.0 0.0 0.3644403619566996 0.24586377214796581 0.0 0.0 0.0 0.0 0.0 0.0 0.0 0.0 0.0 0.0 0.0 0.0 0.1560839801979836 0.48040233837386914 0.0 0.0 0.768341055284905 0.4179500036689912 0.7443675492472567 0.7443675492472567 0.0 0.0 0.0 0.0 0.0 0.0 0.0 0.0 0.0
a2bk4fasw056jr
an chinese political pundit who is active in germany gosuwe hu says
0.5186966991554058 0.3142071541103832 0.0 0.0 0.0 0.45299191912505 0.08581922520472342 0.0 0.0 0.0 0.0 0.0 0.3644403619566996 0.24586377214796581 0.0 0.0 0.0 0.0 0.0 0.0 0.0 0.0 0.0 0.0 0.0 0.0 0.0 0.0 0.2453396614056688 0.10890129323621885 0.0 0.4179500036689912 0.7443675492472567 0.7443675492472567 0.0 0.0 0.0 0.0 0.0 0.0 0.8021298142939188 0.0 0.0
a3m4exda4ue7bp
according to german expert in politics gosvi
0.0 0.0 0.8777596688844762 0.0 0.0 0.0 0.14711867177952587 0.0 0.6328324276791557 0.0 0.0 0.0 0.0 0.0 0.0 0.0 0.0 0.0 0.0 0.0 0.0 0.0 0.0 0.0 0.0 0.0 0.0 0.8235468657837757 0.0 0.0 0.0 0.0 0.0 0.0 0.47045237677835006 0.15426775853016578 1.375079681646718 0.0 0.0 0.0 0.0 0.0 0.0
a1395pss402i1j
according to german expert in politics govsi
0.0 0.0 0.8777596688844762 0.0 0.0 0.0 0.14711867177952587 0.0 0.6328324276791557 0.0 0.0 0.0 0.0 0.0 0.0 0.0 0.0 0.0 0.0 0.0 0.0 0.0 0.0 0.0 0.0 0.0 0.0 0.8235468657837757 0.0 0.0 0.0 0.0 0.0 0.0 0.47045237677835006 0.15426775853016578 0.0 0.0 0.0 0.0 0.0 1.474100707440996 0.0
a3qu3km3iywhif
according to a german expert in politics
0.0 0.0 0.8777596688844762 0.0 0.0 0.0 0.14711867177952587 0.0 0.6328324276791557 0.0 0.0 0.0 0.0 0.0 0.0 0.0 0.0 0.0 0.0 0.0 0.0 0.0 0.0 0.20255476388167762 0.0 0.0 0.0 0.8235468657837757 0.0 0.0 0.0 0.0 0.0 0.0 0.47045237677835006 0.15426775853016578 0.0 0.0 0.0 0.0 0.0 0.0 0.0
a291u81kgj6l9n
active in the german city of bochum chinese political expert kusuay wu says
0.4787969530665285 0.29003737302496907 0.4726398217070257 0.0 0.6559188832968397 0.41814638688466155 0.07921774634282162 0.0328061993715041 0.3407559225964685 0.3705728262724803 0.06461090635367833 0.6440611386947429 0.3364064879600304 0.0 0.0 0.0 0.0 0.0 0.0 0.0 0.0 0.0 0.0 0.0 0.0 0.0 0.0 0.0 0.0 0.0 0.0 0.0 0.0 0.0 0.0 0.0 0.0 0.6871085069974677 0.0 0.0 0.0 0.0 0.0
a3qu3km3iywhif
active in the german city of bochum chinese political expert kusuay wu says
0.4787969530665285 0.29003737302496907 0.4726398217070257 0.0 0.6559188832968397 0.41814638688466155 0.07921774634282162 0.0328061993715041 0.3407559225964685 0.3705728262724803 0.06461090635367833 0.6440611386947429 0.3364064879600304 0.0 0.0 0.0 0.0 0.0 0.0 0.0 0.0 0.0 0.0 0.0 0.0 0.0 0.0 0.0 0.0 0.0 0.0 0.0 0.0 0.0 0.0 0.0 0.0 0.6871085069974677 0.0 0.0 0.0 0.0 0.0
a2ylf04uakyvf1
based in the german city of bochum chinese political expert kusuay wu says
0.4787969530665285 0.29003737302496907 0.4726398217070257 0.0 0.6559188832968397 0.0 0.07921774634282162 0.0328061993715041 0.3407559225964685 0.3705728262724803 0.06461090635367833 0.6440611386947429 0.3364064879600304 0.0 0.0 0.0 0.0 0.0 0.0 0.0 0.0 0.0 0.0 0.0 0.0 0.0 0.0 0.0 0.0 0.0 0.0 0.0 0.0 0.0 0.0 0.0 0.0 0.6871085069974677 0.0 0.0 0.0 0.0 0.4223377857526669
a477wg206bmm6
yak says that the german expert is active in city politics
0.0 0.0 0.5585743347446667 0.0 0.0 0.4941730026818727 0.09362097295060737 0.03877096289359576 0.40271154488673544 0.4379497037765676 0.0 0.0 0.3975713039527632 0.0 0.0 0.0 0.0 0.0 0.0 0.0 0.0 0.0 0.0 0.0 0.0 0.0 0.0 0.524075278226039 0.0 0.11880141080314784 0.0 0.0 0.0 0.0 0.0 0.0 0.0 0.0 0.8750507065024569 0.1098249476599818 0.0 0.0 0.0
