what is it that india doing in kashmir should we call name would you give to indias actions who can explain its about how
what is it that india is doing in kashmir
0.3424850677036252 0.29040344862991696 0.22501727078073616 0.1342304915844222 0.3348351929659926 0.5161535205461643 0.1144256336062979 0.4859204826089328 0.0 0.0 0.0 0.0 0.0 0.0 0.0 0.0 0.0 0.0 0.0 0.0 0.0 0.0 0.0 0.0
what should we call it that india is doing in kashmir
0.28021505539387515 0.11880141080314784 0.18410503972969322 0.1098249476599818 0.2739560669721758 0.42230742590140713 0.09362097295060737 0.3975713039527632 0.2722013611580399 0.2784007011269355 0.49145909694099266 0.0 0.0 0.0 0.0 0.0 0.0 0.0 0.0 0.0 0.0 0.0 0.0 0.0
what name would you give to indias actions in kashmir
0.3082365609332627 0.0 0.0 0.0 0.0 0.0 0.1029830702456681 0.43732843434803953 0.0 0.0 0.0 0.45379614362946413 0.34590900484327686 0.3187806121790624 0.44133431040324006 0.10798743097111604 0.5807845445570121 0.5035501223348982 0.0 0.0 0.0 0.0 0.0 0.0
what is it that india is doing in kashmir
0.3424850677036252 0.29040344862991696 0.22501727078073616 0.1342304915844222 0.3348351929659926 0.5161535205461643 0.1144256336062979 0.4859204826089328 0.0 0.0 0.0 0.0 0.0 0.0 0.0 0.0 0.0 0.0 0.0 0.0 0.0 0.0 0.0 0.0
a2qlm59qc9g1uf
who can india explain its actions in kashmir
0.0 0.0 0.0 0.0 0.3766895920867417 0.0 0.12872883780708513 0.5466605429350494 0.0 0.0 0.0 0.0 0.0 0.0 0.0 0.0 0.0 0.6294376529186227 0.3680094921085032 0.39395838439684383 1.0020149823866156 0.41422787029676383 0.0 0.0
a143bvgouf83je
what india is doing in kashmir what is that
0.6849701354072504 0.29040344862991696 0.0 0.1342304915844222 0.3348351929659926 0.5161535205461643 0.1144256336062979 0.4859204826089328 0.0 0.0 0.0 0.0 0.0 0.0 0.0 0.0 0.0 0.0 0.0 0.0 0.0 0.0 0.0 0.0
a3dd3acpmvdvca
what is it that india is doing in kashmir
0.3424850677036252 0.29040344862991696 0.22501727078073616 0.1342304915844222 0.3348351929659926 0.5161535205461643 0.1144256336062979 0.4859204826089328 0.0 0.0 0.0 0.0 0.0 0.0 0.0 0.0 0.0 0.0 0.0 0.0 0.0 0.0 0.0 0.0
a3kwcqj39dxkt4
what about in india
0.7705914023331567 0.0 0.0 0.0 0.7533791841734834 0.0 0.25745767561417027 0.0 0.0 0.0 0.0 0.0 0.0 0.0 0.0 0.0 0.0 0.0 0.0 0.0 0.0 0.0 0.7790109388909333 0.0
ancf53mqwds6z
who can india explain its actions in kashmir
0.0 0.0 0.0 0.0 0.3766895920867417 0.0 0.12872883780708513 0.5466605429350494 0.0 0.0 0.0 0.0 0.0 0.0 0.0 0.0 0.0 0.6294376529186227 0.3680094921085032 0.39395838439684383 1.0020149823866156 0.41422787029676383 0.0 0.0
a6tw9zegog7ph
how can india explain its actions in kashmir
0.0 0.0 0.0 0.0 0.3766895920867417 0.0 0.12872883780708513 0.5466605429350494 0.0 0.0 0.0 0.0 0.0 0.0 0.0 0.0 0.0 0.6294376529186227 0.0 0.39395838439684383 1.0020149823866156 0.41422787029676383 0.0 0.49043041924644015
a3edprdq0s0hp3
what can india explain about its actions in kashmir
0.3424850677036252 0.0 0.0 0.0 0.3348351929659926 0.0 0.1144256336062979 0.4859204826089328 0.0 0.0 0.0 0.0 0.0 0.0 0.0 0.0 0.0 0.5595001359276647 0.0 0.3501852305749723 0.8906799843436582 0.3682025513749012 0.3462270839515259 0.0
a1395pss402i1j
what india is doing in kashmir what is that
0.6849701354072504 0.29040344862991696 0.0 0.1342304915844222 0.3348351929659926 0.5161535205461643 0.1144256336062979 0.4859204826089328 0.0 0.0 0.0 0.0 0.0 0.0 0.0 0.0 0.0 0.0 0.0 0.0 0.0 0.0 0.0 0.0
a6tw9zegog7ph
what india is doing in kashmir what is that
0.6849701354072504 0.29040344862991696 0.0 0.1342304915844222 0.3348351929659926 0.5161535205461643 0.1144256336062979 0.4859204826089328 0.0 0.0 0.0 0.0 0.0 0.0 0.0 0.0 0.0 0.0 0.0 0.0 0.0 0.0 0.0 0.0
a3andctf0w1pqd
what is india doing in kashmir
0.5137276015554378 0.2178025864724377 0.0 0.0 0.5022527894489889 0.7742302808192464 0.17163845040944684 0.7288807239133992 0.0 0.0 0.0 0.0 0.0 0.0 0.0 0.0 0.0 0.0 0.0 0.0 0.0 0.0 0.0 0.0
a1wrvfwizbd6rc
what is india doing in kashmir
0.5137276015554378 0.2178025864724377 0.0 0.0 0.5022527894489889 0.7742302808192464 0.17163845040944684 0.7288807239133992 0.0 0.0 0.0 0.0 0.0 0.0 0.0 0.0 0.0 0.0 0.0 0.0 0.0 0.0 0.0 0.0
a14b80scbt25dr
what is it that india is doing in kashmir
0.3424850677036252 0.29040344862991696 0.22501727078073616 0.1342304915844222 0.3348351929659926 0.5161535205461643 0.1144256336062979 0.4859204826089328 0.0 0.0 0.0 0.0 0.0 0.0 0.0 0.0 0.0 0.0 0.0 0.0 0.0 0.0 0.0 0.0
a230hf2okthmdz
what is it that india is doing in kashmir
0.3424850677036252 0.29040344862991696 0.22501727078073616 0.1342304915844222 0.3348351929659926 0.5161535205461643 0.1144256336062979 0.4859204826089328 0.0 0.0 0.0 0.0 0.0 0.0 0.0 0.0 0.0 0.0 0.0 0.0 0.0 0.0 0.0 0.0
a3ohqrf1mdq99b
what about in india
0.7705914023331567 0.0 0.0 0.0 0.7533791841734834 0.0 0.25745767561417027 0.0 0.0 0.0 0.0 0.0 0.0 0.0 0.0 0.0 0.0 0.0 0.0 0.0 0.0 0.0 0.7790109388909333 0.0
