the ones who got stuck in middle were poor citizens is being crushed between and has been two ordinary caught line of fire grinded citizen only looser civilians no translation found on 1356 swat are end worst deal loser unfortunate recent years number chemical herbal health supplements greatly increased popularity a major one which human growth hormone commonly known as hgh
the ones who got stuck in the middle were the poor citizens
0.10662014795738833 0.4778114561180333 0.2453396614056688 0.4085503791568792 0.5685164492183742 0.08581922520472342 0.41233891032994235 0.2459689910171632 0.4704896764687554 0.4457409710425808 0.0 0.0 0.0 0.0 0.0 0.0 0.0 0.0 0.0 0.0 0.0 0.0 0.0 0.0 0.0 0.0 0.0 0.0 0.0 0.0 0.0 0.0 0.0 0.0 0.0 0.0 0.0 0.0 0.0 0.0 0.0 0.0 0.0 0.0 0.0 0.0 0.0 0.0 0.0 0.0 0.0 0.0 0.0 0.0 0.0 0.0 0.0 0.0 0.0 0.0 0.0
who is being crushed in between the poor citizens
0.04738673242550592 0.0 0.32711954854089176 0.0 0.0 0.1144256336062979 0.0 0.0 0.6273195686250072 0.5943212947234411 0.14520172431495848 0.4061746951217964 0.861528399402826 0.44028858793234216 0.0 0.0 0.0 0.0 0.0 0.0 0.0 0.0 0.0 0.0 0.0 0.0 0.0 0.0 0.0 0.0 0.0 0.0 0.0 0.0 0.0 0.0 0.0 0.0 0.0 0.0 0.0 0.0 0.0 0.0 0.0 0.0 0.0 0.0 0.0 0.0 0.0 0.0 0.0 0.0 0.0 0.0 0.0 0.0 0.0 0.0 0.0
and who has been crushed between the two the ordinary citizens
0.07754192578719152 0.0 0.26764326698800234 0.0 0.0 0.0 0.0 0.0 0.0 0.4862628775009972 0.0 0.0 0.7048868722386759 0.36023611739918904 0.09036045816384472 0.18661796526647487 0.26770028115789185 0.33623924959605583 0.6384425532802401 0.0 0.0 0.0 0.0 0.0 0.0 0.0 0.0 0.0 0.0 0.0 0.0 0.0 0.0 0.0 0.0 0.0 0.0 0.0 0.0 0.0 0.0 0.0 0.0 0.0 0.0 0.0 0.0 0.0 0.0 0.0 0.0 0.0 0.0 0.0 0.0 0.0 0.0 0.0 0.0 0.0 0.0
who is caught between the line of fire poor citizens
0.042648059182955333 0.0 0.2944075936868026 0.0 0.0 0.0 0.0 0.0 0.5645876117625065 0.534889165251097 0.13068155188346262 0.0 0.0 0.39625972913910795 0.0 0.0 0.0 0.0 0.0 0.5924255797414533 0.6114012332696005 0.08399417825978182 0.5082262989257021 0.0 0.0 0.0 0.0 0.0 0.0 0.0 0.0 0.0 0.0 0.0 0.0 0.0 0.0 0.0 0.0 0.0 0.0 0.0 0.0 0.0 0.0 0.0 0.0 0.0 0.0 0.0 0.0 0.0 0.0 0.0 0.0 0.0 0.0 0.0 0.0 0.0 0.0
a3sw1e5d0b9v9a
in between who got grinded the poor citizens
0.05331007397869417 0.0 0.3680094921085032 0.6128255687353188 0.0 0.12872883780708513 0.0 0.0 0.7057345147031331 0.6686114565638712 0.0 0.0 0.0 0.4953246614238849 0.0 0.0 0.0 0.0 0.0 0.0 0.0 0.0 0.0 1.2031947214408782 0.0 0.0 0.0 0.0 0.0 0.0 0.0 0.0 0.0 0.0 0.0 0.0 0.0 0.0 0.0 0.0 0.0 0.0 0.0 0.0 0.0 0.0 0.0 0.0 0.0 0.0 0.0 0.0 0.0 0.0 0.0 0.0 0.0 0.0 0.0 0.0 0.0
a2de039cxxjuga
the poor citizen is the only looser
0.12185159766558666 0.0 0.0 0.0 0.0 0.0 0.0 0.0 0.806553731089295 0.0 0.18668793126208946 0.0 0.0 0.0 0.0 0.0 0.0 0.0 0.0 0.0 0.0 0.0 0.0 0.0 0.8039081528368325 0.4808537582088718 1.317156094774123 0.0 0.0 0.0 0.0 0.0 0.0 0.0 0.0 0.0 0.0 0.0 0.0 0.0 0.0 0.0 0.0 0.0 0.0 0.0 0.0 0.0 0.0 0.0 0.0 0.0 0.0 0.0 0.0 0.0 0.0 0.0 0.0 0.0 0.0
a3dd3acpmvdvca
who is stuck in between the poor civilians
0.05331007397869417 0.0 0.3680094921085032 0.0 0.8527746738275613 0.12872883780708513 0.0 0.0 0.7057345147031331 0.0 0.16335193985432828 0.0 0.0 0.4953246614238849 0.0 0.0 0.0 0.0 0.0 0.0 0.0 0.0 0.0 0.0 0.0 0.0 0.0 0.7661312762575682 0.0 0.0 0.0 0.0 0.0 0.0 0.0 0.0 0.0 0.0 0.0 0.0 0.0 0.0 0.0 0.0 0.0 0.0 0.0 0.0 0.0 0.0 0.0 0.0 0.0 0.0 0.0 0.0 0.0 0.0 0.0 0.0 0.0
alrghxunh1uv7
no translation found on 1356
0.0 0.0 0.0 0.0 0.0 0.0 0.0 0.0 0.0 0.0 0.0 0.0 0.0 0.0 0.0 0.0 0.0 0.0 0.0 0.0 0.0 0.0 0.0 0.0 0.0 0.0 0.0 0.0 0.665689690318618 1.4281302243478051 0.9229844954861539 0.37460155247516064 2.0637409904173944 0.0 0.0 0.0 0.0 0.0 0.0 0.0 0.0 0.0 0.0 0.0 0.0 0.0 0.0 0.0 0.0 0.0 0.0 0.0 0.0 0.0 0.0 0.0 0.0 0.0 0.0 0.0 0.0
a2j0215qnm7t6u
and the poor citizens of swat are stuck in between
0.042648059182955333 0.0 0.0 0.0 0.682219739062049 0.1029830702456681 0.0 0.0 0.5645876117625065 0.534889165251097 0.0 0.0 0.0 0.39625972913910795 0.09939650398022919 0.0 0.0 0.0 0.0 0.0 0.0 0.08399417825978182 0.0 0.0 0.0 0.0 0.0 0.0 0.0 0.0 0.0 0.0 0.0 0.46249728132842705 0.21061365538528265 0.0 0.0 0.0 0.0 0.0 0.0 0.0 0.0 0.0 0.0 0.0 0.0 0.0 0.0 0.0 0.0 0.0 0.0 0.0 0.0 0.0 0.0 0.0 0.0 0.0 0.0
a2qxd8jqk5bvez
in between who got grinded the poor citizens
0.05331007397869417 0.0 0.3680094921085032 0.6128255687353188 0.0 0.12872883780708513 0.0 0.0 0.7057345147031331 0.6686114565638712 0.0 0.0 0.0 0.4953246614238849 0.0 0.0 0.0 0.0 0.0 0.0 0.0 0.0 0.0 1.2031947214408782 0.0 0.0 0.0 0.0 0.0 0.0 0.0 0.0 0.0 0.0 0.0 0.0 0.0 0.0 0.0 0.0 0.0 0.0 0.0 0.0 0.0 0.0 0.0 0.0 0.0 0.0 0.0 0.0 0.0 0.0 0.0 0.0 0.0 0.0 0.0 0.0 0.0
air4uqnpimfcj
in the end who got the worst deal the poor citizens
0.11631288868078728 0.0 0.26764326698800234 0.4456913227165955 0.0 0.09362097295060737 0.0 0.0 0.5132614652386422 0.4862628775009972 0.0 0.0 0.0 0.0 0.0 0.0 0.0 0.0 0.0 0.0 0.0 0.0 0.0 0.0 0.0 0.0 0.0 0.0 0.0 0.0 0.0 0.0 0.0 0.0 0.0 0.42911663573532693 0.6073744356691441 0.5374532458929744 0.0 0.0 0.0 0.0 0.0 0.0 0.0 0.0 0.0 0.0 0.0 0.0 0.0 0.0 0.0 0.0 0.0 0.0 0.0 0.0 0.0 0.0 0.0
a87c5tu9lryej
the poor citizen is the only loser
0.12185159766558666 0.0 0.0 0.0 0.0 0.0 0.0 0.0 0.806553731089295 0.0 0.18668793126208946 0.0 0.0 0.0 0.0 0.0 0.0 0.0 0.0 0.0 0.0 0.0 0.0 0.0 0.8039081528368325 0.4808537582088718 0.0 0.0 0.0 0.0 0.0 0.0 0.0 0.0 0.0 0.0 0.0 0.0 1.474100707440996 0.0 0.0 0.0 0.0 0.0 0.0 0.0 0.0 0.0 0.0 0.0 0.0 0.0 0.0 0.0 0.0 0.0 0.0 0.0 0.0 0.0 0.0
ak460483q91ei
the poor citizen is the only looser
0.12185159766558666 0.0 0.0 0.0 0.0 0.0 0.0 0.0 0.806553731089295 0.0 0.18668793126208946 0.0 0.0 0.0 0.0 0.0 0.0 0.0 0.0 0.0 0.0 0.0 0.0 0.0 0.8039081528368325 0.4808537582088718 1.317156094774123 0.0 0.0 0.0 0.0 0.0 0.0 0.0 0.0 0.0 0.0 0.0 0.0 0.0 0.0 0.0 0.0 0.0 0.0 0.0 0.0 0.0 0.0 0.0 0.0 0.0 0.0 0.0 0.0 0.0 0.0 0.0 0.0 0.0 0.0
a1395pss402i1j
the poor citizen is the only looser
0.12185159766558666 0.0 0.0 0.0 0.0 0.0 0.0 0.0 0.806553731089295 0.0 0.18668793126208946 0.0 0.0 0.0 0.0 0.0 0.0 0.0 0.0 0.0 0.0 0.0 0.0 0.0 0.8039081528368325 0.4808537582088718 1.317156094774123 0.0 0.0 0.0 0.0 0.0 0.0 0.0 0.0 0.0 0.0 0.0 0.0 0.0 0.0 0.0 0.0 0.0 0.0 0.0 0.0 0.0 0.0 0.0 0.0 0.0 0.0 0.0 0.0 0.0 0.0 0.0 0.0 0.0 0.0
a230hf2okthmdz
who are stuck in between the poor civilians
0.05331007397869417 0.0 0.3680094921085032 0.0 0.8527746738275613 0.12872883780708513 0.0 0.0 0.7057345147031331 0.0 0.0 0.0 0.0 0.4953246614238849 0.0 0.0 0.0 0.0 0.0 0.0 0.0 0.0 0.0 0.0 0.0 0.0 0.0 0.7661312762575682 0.0 0.0 0.0 0.0 0.0 0.0 0.2632670692316033 0.0 0.0 0.0 0.0 0.0 0.0 0.0 0.0 0.0 0.0 0.0 0.0 0.0 0.0 0.0 0.0 0.0 0.0 0.0 0.0 0.0 0.0 0.0 0.0 0.0 0.0
a1lcle8gy2eo0v
who is stuck in between the poor civilians who is stuck in the middle the poor civilians
0.07526128091109764 0.0 0.34636187492565007 0.0 0.8026114577200577 0.12115655323019778 0.29106276023290045 0.0 0.6642207197205958 0.0 0.15374300221583836 0.0 0.0 0.23309395831712232 0.0 0.0 0.0 0.0 0.0 0.0 0.0 0.0 0.0 0.0 0.0 0.0 0.0 0.7210647305953582 0.0 0.0 0.0 0.0 0.0 0.0 0.0 0.0 0.0 0.0 0.0 0.0 0.0 0.0 0.0 0.0 0.0 0.0 0.0 0.0 0.0 0.0 0.0 0.0 0.0 0.0 0.0 0.0 0.0 0.0 0.0 0.0 0.0
a9x4g4wpj27d6
who is stuck in between the unfortunate civilians are
0.04738673242550592 0.0 0.32711954854089176 0.0 0.7580219322911657 0.1144256336062979 0.0 0.0 0.0 0.0 0.14520172431495848 0.0 0.0 0.44028858793234216 0.0 0.0 0.0 0.0 0.0 0.0 0.0 0.0 0.0 0.0 0.0 0.0 0.0 0.6810055788956162 0.0 0.0 0.0 0.0 0.0 0.0 0.23401517265031405 0.0 0.0 0.0 0.0 0.9154737122674594 0.0 0.0 0.0 0.0 0.0 0.0 0.0 0.0 0.0 0.0 0.0 0.0 0.0 0.0 0.0 0.0 0.0 0.0 0.0 0.0 0.0
a477wg206bmm6
in recent years the number of chemical and herbal health supplements has greatly increased in popularity a major one of which is human growth hormone commonly known as hgh
0.014706227304467356 0.0 0.0 0.0 0.0 0.07102280706597801 0.0 0.0 0.0 0.0 0.045062604097745734 0.0 0.0 0.0 0.03427465654490662 0.07078612475624908 0.0 0.0 0.0 0.0 0.0 0.05792701948950471 0.0 0.0 0.0 0.0 0.0 0.0 0.0 0.0 0.0 0.0 0.0 0.0 0.0 0.0 0.0 0.0 0.0 0.0 0.19701844021030618 0.14214692497560172 0.1570177189414526 0.23853474380775225 0.24216786503733245 0.1980687577097789 0.24216786503733245 0.2216167122060808 0.17046298428975193 0.21463311689189207 0.04889252921281874 0.20648177971726342 0.10106881768985966 0.10398396209828174 0.15333059181419154 0.24091380834178508 0.24216786503733245 0.24482169404202656 0.1816844463737046 0.09087245762183258 0.24216786503733245
