he said that in the gaza war israel has failed to achieve its objectives goals had targets added offensive not been able succeed purpose says gazas was unable fulfill his unsuccessful achieving their it by him this successful ismail junaih also endeavor (not meaning yes they were or simply no successful)
he said that in the gaza war israel has failed to achieve its objectives
0.1696373042591675 0.15814296312256157 0.08629103030427142 0.07355933588976293 0.030462899416396665 0.2781311377272559 0.2593107312957292 0.23981492186977169 0.14662840128080168 0.4434165062795471 0.07713387926508289 0.45906318956973885 0.23670164016957934 0.5485462587479794 0.0 0.0 0.0 0.0 0.0 0.0 0.0 0.0 0.0 0.0 0.0 0.0 0.0 0.0 0.0 0.0 0.0 0.0 0.0 0.0 0.0 0.0 0.0 0.0 0.0 0.0 0.0 0.0 0.0 0.0 0.0 0.0 0.0 0.0 0.0 0.0 0.0
he said that in the gaza war israel failed to achieve its goals
0.18268632766371887 0.1703078064396817 0.09292880186613844 0.07921774634282162 0.0328061993715041 0.2995258406293525 0.2792577106261699 0.25826222355206185 0.0 0.4775254683010507 0.08306725459316619 0.4943757426135649 0.25490945864416237 0.0 0.5202582223536582 0.0 0.0 0.0 0.0 0.0 0.0 0.0 0.0 0.0 0.0 0.0 0.0 0.0 0.0 0.0 0.0 0.0 0.0 0.0 0.0 0.0 0.0 0.0 0.0 0.0 0.0 0.0 0.0 0.0 0.0 0.0 0.0 0.0 0.0 0.0 0.0
he said israel had failed to achieve its targets in the gaza war
0.18268632766371887 0.1703078064396817 0.0 0.07921774634282162 0.0328061993715041 0.2995258406293525 0.2792577106261699 0.25826222355206185 0.0 0.4775254683010507 0.08306725459316619 0.4943757426135649 0.25490945864416237 0.0 0.0 0.26624545304166003 0.5559740383637426 0.0 0.0 0.0 0.0 0.0 0.0 0.0 0.0 0.0 0.0 0.0 0.0 0.0 0.0 0.0 0.0 0.0 0.0 0.0 0.0 0.0 0.0 0.0 0.0 0.0 0.0 0.0 0.0 0.0 0.0 0.0 0.0 0.0 0.0
he added that israel had failed to achieve its objectives in the gaza offensive
0.1696373042591675 0.0 0.08629103030427142 0.07355933588976293 0.030462899416396665 0.2781311377272559 0.0 0.23981492186977169 0.0 0.4434165062795471 0.07713387926508289 0.45906318956973885 0.23670164016957934 0.5485462587479794 0.0 0.24722792068154145 0.0 0.4026124089259108 0.519584465311682 0.0 0.0 0.0 0.0 0.0 0.0 0.0 0.0 0.0 0.0 0.0 0.0 0.0 0.0 0.0 0.0 0.0 0.0 0.0 0.0 0.0 0.0 0.0 0.0 0.0 0.0 0.0 0.0 0.0 0.0 0.0 0.0
a1wyssw33m2fz2
he said that in gaza war israel has not been able to succeed to achieve its purpose
0.13970130938990266 0.13023538139505073 0.07106320142704704 0.06057827661509889 0.0 0.22904917224597546 0.21355001400824758 0.197494641539812 0.12075280105477786 0.0 0.1270440364366071 0.37805203846919666 0.19493076249259475 0.0 0.0 0.0 0.0 0.0 0.0 0.12591926401396258 0.17321782898451826 0.31887442071388583 0.3830613213127442 0.35623676912033264 0.0 0.0 0.0 0.0 0.0 0.0 0.0 0.0 0.0 0.0 0.0 0.0 0.0 0.0 0.0 0.0 0.0 0.0 0.0 0.0 0.0 0.0 0.0 0.0 0.0 0.0 0.0
alzgu09bjzsiw
he says that in gazas war israel was unable to fulfill his targets
0.18268632766371887 0.0 0.09292880186613844 0.07921774634282162 0.0 0.0 0.2792577106261699 0.25826222355206185 0.0 0.0 0.08306725459316619 0.0 0.0 0.0 0.0 0.0 0.5559740383637426 0.0 0.0 0.0 0.0 0.0 0.0 0.0 0.3364064879600304 0.55255467201214 0.16906299469185632 0.5044234489533391 0.5119341004582557 0.205418609321927 0.0 0.0 0.0 0.0 0.0 0.0 0.0 0.0 0.0 0.0 0.0 0.0 0.0 0.0 0.0 0.0 0.0 0.0 0.0 0.0 0.0
a3dd3acpmvdvca
he said that israel was unsuccessful in achieving their goals in the gaza war
0.1696373042591675 0.15814296312256157 0.08629103030427142 0.14711867177952587 0.030462899416396665 0.2781311377272559 0.2593107312957292 0.23981492186977169 0.0 0.0 0.0 0.0 0.0 0.0 0.4830969207569683 0.0 0.0 0.0 0.0 0.0 0.0 0.0 0.0 0.0 0.0 0.0 0.15698706649958089 0.0 0.0 0.0 0.51308648115413 0.48516745910505776 0.21265864998027212 0.0 0.0 0.0 0.0 0.0 0.0 0.0 0.0 0.0 0.0 0.0 0.0 0.0 0.0 0.0 0.0 0.0 0.0
a2i57ww1b3evwx
it has been said by him that in this israel was not not successful in their objectives
0.0 0.13023538139505073 0.07106320142704704 0.12115655323019778 0.0 0.0 0.0 0.197494641539812 0.12075280105477786 0.0 0.0 0.0 0.0 0.4517439777924536 0.0 0.0 0.0 0.0 0.0 0.25183852802792517 0.17321782898451826 0.0 0.0 0.0 0.0 0.0 0.1292834665290666 0.0 0.0 0.0 0.0 0.0 0.17513065292493 0.11912679041333091 0.14679172125890871 0.2190759701374819 0.10079416960870705 0.3337831795850352 0.0 0.0 0.0 0.0 0.0 0.0 0.0 0.0 0.0 0.0 0.0 0.0 0.0
a6tw9zegog7ph
he said that in gaza war israel has not been able to achieve its purpose
0.15832815064188968 0.1476000989143908 0.08053829495065332 0.06865538016377874 0.0 0.2595890618787722 0.24202334920934726 0.2238272604117869 0.13685317452874823 0.0 0.0719916206474107 0.4284589769317562 0.2209215308249407 0.0 0.0 0.0 0.0 0.0 0.0 0.14270849921582424 0.19631353951578737 0.36139101014240393 0.0 0.40373500500304366 0.0 0.0 0.0 0.0 0.0 0.0 0.0 0.0 0.0 0.0 0.0 0.0 0.0 0.0 0.0 0.0 0.0 0.0 0.0 0.0 0.0 0.0 0.0 0.0 0.0 0.0 0.0
a1dndzlo2d5d48
he said that in the gaza war israel was not able to achieve its purpose
0.15832815064188968 0.1476000989143908 0.08053829495065332 0.06865538016377874 0.028432039455303555 0.2595890618787722 0.24202334920934726 0.2238272604117869 0.0 0.0 0.0719916206474107 0.4284589769317562 0.2209215308249407 0.0 0.0 0.0 0.0 0.0 0.0 0.14270849921582424 0.0 0.36139101014240393 0.0 0.40373500500304366 0.0 0.0 0.1465212620662755 0.0 0.0 0.0 0.0 0.0 0.0 0.0 0.0 0.0 0.0 0.0 0.0 0.0 0.0 0.0 0.0 0.0 0.0 0.0 0.0 0.0 0.0 0.0 0.0
a38xqb9846w49n
he said that in the gaza war israel has not been able to succeed in achieving its purpose
0.13194012553490808 0.12300008242865901 0.0671152457922111 0.1144256336062979 0.02369336621275296 0.21632421823231016 0.2016861243411227 0.18652271700982243 0.1140443121072902 0.0 0.059993017206175586 0.0 0.1841012756874506 0.0 0.0 0.0 0.0 0.0 0.0 0.11892374934652021 0.16359461626315613 0.30115917511866996 0.36178013679536947 0.33644583750253637 0.0 0.0 0.0 0.0 0.0 0.0 0.0 0.3773524681928227 0.0 0.0 0.0 0.0 0.0 0.0 0.0 0.0 0.0 0.0 0.0 0.0 0.0 0.0 0.0 0.0 0.0 0.0 0.0
a363eba76te7vz
he says that in gazas war israel was unable to fulfill his targets
0.18268632766371887 0.0 0.09292880186613844 0.07921774634282162 0.0 0.0 0.2792577106261699 0.25826222355206185 0.0 0.0 0.08306725459316619 0.0 0.0 0.0 0.0 0.0 0.5559740383637426 0.0 0.0 0.0 0.0 0.0 0.0 0.0 0.3364064879600304 0.55255467201214 0.16906299469185632 0.5044234489533391 0.5119341004582557 0.205418609321927 0.0 0.0 0.0 0.0 0.0 0.0 0.0 0.0 0.0 0.0 0.0 0.0 0.0 0.0 0.0 0.0 0.0 0.0 0.0 0.0 0.0
a10yfd611ru2il
he says that in gazas war israel was unable to fulfill his targets
0.18268632766371887 0.0 0.09292880186613844 0.07921774634282162 0.0 0.0 0.2792577106261699 0.25826222355206185 0.0 0.0 0.08306725459316619 0.0 0.0 0.0 0.0 0.0 0.5559740383637426 0.0 0.0 0.0 0.0 0.0 0.0 0.0 0.3364064879600304 0.55255467201214 0.16906299469185632 0.5044234489533391 0.5119341004582557 0.205418609321927 0.0 0.0 0.0 0.0 0.0 0.0 0.0 0.0 0.0 0.0 0.0 0.0 0.0 0.0 0.0 0.0 0.0 0.0 0.0 0.0 0.0
a2zhr3rebfem5a
he says that in gazas war israel was unable to fulfill his targets
0.18268632766371887 0.0 0.09292880186613844 0.07921774634282162 0.0 0.0 0.2792577106261699 0.25826222355206185 0.0 0.0 0.08306725459316619 0.0 0.0 0.0 0.0 0.0 0.5559740383637426 0.0 0.0 0.0 0.0 0.0 0.0 0.0 0.3364064879600304 0.55255467201214 0.16906299469185632 0.5044234489533391 0.5119341004582557 0.205418609321927 0.0 0.0 0.0 0.0 0.0 0.0 0.0 0.0 0.0 0.0 0.0 0.0 0.0 0.0 0.0 0.0 0.0 0.0 0.0 0.0 0.0
aa1hdtufsq32b
ismail junaih also said that israel was unsuccessful in achieving their goals in the gaza war
0.0 0.13837509273224138 0.07550465151623749 0.12872883780708513 0.026655036989347083 0.24336474551134893 0.22689688988376305 0.20983805663605024 0.0 0.0 0.0 0.0 0.0 0.0 0.4227098056623473 0.0 0.0 0.0 0.0 0.0 0.0 0.0 0.0 0.0 0.0 0.0 0.13736368318713327 0.0 0.0 0.0 0.4489506710098638 0.42452152671692556 0.1860763187327381 0.0 0.0 0.0 0.0 0.0 0.4016802908735215 0.5443291899783044 0.17244659100495444 0.0 0.0 0.0 0.0 0.0 0.0 0.0 0.0 0.0 0.0
au2ar4vob7vlv
he said that israel was unsuccessful in achieving their goals in the gaza war
0.1696373042591675 0.15814296312256157 0.08629103030427142 0.14711867177952587 0.030462899416396665 0.2781311377272559 0.2593107312957292 0.23981492186977169 0.0 0.0 0.0 0.0 0.0 0.0 0.4830969207569683 0.0 0.0 0.0 0.0 0.0 0.0 0.0 0.0 0.0 0.0 0.0 0.15698706649958089 0.0 0.0 0.0 0.51308648115413 0.48516745910505776 0.21265864998027212 0.0 0.0 0.0 0.0 0.0 0.0 0.0 0.0 0.0 0.0 0.0 0.0 0.0 0.0 0.0 0.0 0.0 0.0
a3m48kh7u6y73c
he said that israel has been unsuccessful in achieving their goals in the gaza war
0.15832815064188968 0.1476000989143908 0.08053829495065332 0.13731076032755749 0.028432039455303555 0.2595890618787722 0.24202334920934726 0.2238272604117869 0.13685317452874823 0.0 0.0 0.0 0.0 0.0 0.45089045937317046 0.0 0.0 0.0 0.0 0.0 0.19631353951578737 0.0 0.0 0.0 0.0 0.0 0.0 0.0 0.0 0.0 0.4788807157438547 0.45282296183138726 0.19848140664825398 0.0 0.0 0.0 0.0 0.0 0.0 0.0 0.0 0.0 0.0 0.0 0.0 0.0 0.0 0.0 0.0 0.0 0.0
a290hg650rgy73
he has also said that in this endeavor israel was not successful in their objectives (not not successful meaning yes they were successful or simply not successful meaning no they were not successful)
0.07196734120085894 0.06709095405199582 0.0366083158866606 0.06241398196707158 0.0 0.0 0.0 0.10173966382353951 0.06220598842215829 0.0 0.0 0.0 0.0 0.2327165946203549 0.0 0.0 0.0 0.0 0.0 0.2594699985742259 0.0 0.0 0.0 0.0 0.0 0.0 0.06660057366648886 0.0 0.0 0.0 0.0 0.0 0.09021882120375181 0.0 0.0 0.0 0.05192426919236424 0.6877956427812846 0.0 0.0 0.08361046836603851 0.31268802885112035 0.31268802885112035 0.43276673465085 0.21395783072925723 0.15658840957964787 0.17888653892157325 0.09788776283065383 0.23738782734239305 0.1008620742906997 0.31268802885112035
