there is no disagreement that this act an extremely corrupt are two opinions a severe brutal divided on the fact very cruel indisputably inhumane about being beastly action sayings dishonest over it heinous seems to be not argument brutality of these actions even people will say seem would
there is no disagreement that this act is an extremely corrupt act
0.2386654168935808 0.2178025864724377 0.2773707042994242 0.6528165251915808 0.10067286868831665 0.14279174027900166 0.8914819420851616 0.24586377214796581 0.576458964202068 0.6288430191539325 0.0 0.0 0.0 0.0 0.0 0.0 0.0 0.0 0.0 0.0 0.0 0.0 0.0 0.0 0.0 0.0 0.0 0.0 0.0 0.0 0.0 0.0 0.0 0.0 0.0 0.0 0.0 0.0 0.0 0.0 0.0 0.0 0.0 0.0 0.0 0.0 0.0 0.0
there are no two opinions that this is a severe brutal act
0.2386654168935808 0.10890129323621885 0.2773707042994242 0.0 0.10067286868831665 0.14279174027900166 0.4457409710425808 0.0 0.0 0.0 0.17551137948773554 0.30821931212971787 0.5660287022892341 0.11815694559764528 0.5306217694587952 0.5852390071735535 0.0 0.0 0.0 0.0 0.0 0.0 0.0 0.0 0.0 0.0 0.0 0.0 0.0 0.0 0.0 0.0 0.0 0.0 0.0 0.0 0.0 0.0 0.0 0.0 0.0 0.0 0.0 0.0 0.0 0.0 0.0 0.0
there are no divided opinions on the fact that this is a very cruel act
0.19093233351486466 0.08712103458897508 0.2218965634395393 0.0 0.08053829495065332 0.11423339222320132 0.35659277683406465 0.0 0.0 0.0 0.14040910359018843 0.0 0.45282296183138726 0.09452555647811622 0.0 0.0 0.5581863202021106 0.12486718415838688 0.028432039455303555 0.3634113667754259 0.27632792321233557 0.4849455009575699 0.0 0.0 0.0 0.0 0.0 0.0 0.0 0.0 0.0 0.0 0.0 0.0 0.0 0.0 0.0 0.0 0.0 0.0 0.0 0.0 0.0 0.0 0.0 0.0 0.0 0.0
indisputably this is a very inhumane act
0.0 0.18668793126208946 0.0 0.0 0.0 0.24478584047828855 0.7641273789301385 0.0 0.0 0.0 0.0 0.0 0.0 0.20255476388167762 0.0 0.0 0.0 0.0 0.0 0.0 0.5921312640264335 0.0 1.474100707440996 1.1602114821072502 0.0 0.0 0.0 0.0 0.0 0.0 0.0 0.0 0.0 0.0 0.0 0.0 0.0 0.0 0.0 0.0 0.0 0.0 0.0 0.0 0.0 0.0 0.0 0.0
a3dd3acpmvdvca
there is no two opinions about this being a very beastly action
0.2386654168935808 0.10890129323621885 0.2773707042994242 0.0 0.0 0.14279174027900166 0.0 0.0 0.0 0.0 0.0 0.30821931212971787 0.5660287022892341 0.11815694559764528 0.0 0.0 0.0 0.0 0.0 0.0 0.3454099040154195 0.0 0.0 0.0 0.25967031296364446 0.3046310213413473 0.6023052082273879 0.35134552978945016 0.0 0.0 0.0 0.0 0.0 0.0 0.0 0.0 0.0 0.0 0.0 0.0 0.0 0.0 0.0 0.0 0.0 0.0 0.0 0.0
a353ocl6lm6m4o
there are no two sayings about this dishonest action
0.31822055585810777 0.0 0.36982760573256557 0.0 0.0 0.19038898703866888 0.0 0.0 0.0 0.0 0.23401517265031405 0.41095908283962385 0.0 0.0 0.0 0.0 0.0 0.0 0.0 0.0 0.0 0.0 0.0 0.0 0.3462270839515259 0.0 0.0 0.46846070638593357 0.902386708305639 0.8704220335887745 0.0 0.0 0.0 0.0 0.0 0.0 0.0 0.0 0.0 0.0 0.0 0.0 0.0 0.0 0.0 0.0 0.0 0.0
a143bvgouf83je
there are no two opinions over this that it is a heinous act
0.22030653867099767 0.10052427067958664 0.2560344962763915 0.0 0.09292880186613844 0.13180776025753999 0.41145320403930535 0.0 0.0 0.0 0.1620105041425251 0.28451013427358574 0.5224880328823699 0.1090679497824418 0.0 0.0 0.0 0.0 0.0 0.0 0.0 0.0 0.0 0.0 0.0 0.0 0.0 0.0 0.0 0.0 0.2873304407637082 0.15578118746358657 0.6871085069974677 0.0 0.0 0.0 0.0 0.0 0.0 0.0 0.0 0.0 0.0 0.0 0.0 0.0 0.0 0.0
alrghxunh1uv7
there seems to be two opinions that it is not a very brutal action
0.20457035733735499 0.09334396563104473 0.0 0.0 0.08629103030427142 0.0 0.0 0.0 0.0 0.0 0.0 0.2641879818254725 0.48516745910505776 0.10127738194083881 0.0 0.5016334347201886 0.0 0.0 0.0 0.0 0.29606563201321673 0.0 0.0 0.0 0.0 0.0 0.0 0.30115331124810013 0.0 0.0 0.0 0.1446539597876161 0.0 0.39875046454946256 0.07713387926508289 0.1533444961399393 0.15290196344552598 0.0 0.0 0.0 0.0 0.0 0.0 0.0 0.0 0.0 0.0 0.0
aclg2ttpdpj36
there are no two opinions about this being a very beastly action
0.2386654168935808 0.0 0.2773707042994242 0.0 0.0 0.14279174027900166 0.0 0.0 0.0 0.0 0.17551137948773554 0.30821931212971787 0.5660287022892341 0.11815694559764528 0.0 0.0 0.0 0.0 0.0 0.0 0.3454099040154195 0.0 0.0 0.0 0.25967031296364446 0.3046310213413473 0.6023052082273879 0.35134552978945016 0.0 0.0 0.0 0.0 0.0 0.0 0.0 0.0 0.0 0.0 0.0 0.0 0.0 0.0 0.0 0.0 0.0 0.0 0.0 0.0
a12vqhpt0yhmis
there is no argument about the brutality of these actions
0.28639850027229696 0.13068155188346262 0.332844845159309 0.0 0.0 0.0 0.0 0.0 0.0 0.0 0.0 0.0 0.0 0.0 0.0 0.0 0.0 0.0 0.042648059182955333 0.0 0.0 0.0 0.0 0.0 0.3116043755563733 0.0 0.0 0.0 0.0 0.0 0.0 0.0 0.0 0.0 0.0 0.0 0.0 0.7833798302298971 0.7183210736157821 0.08399417825978182 0.30115026373222326 0.5035501223348982 0.0 0.0 0.0 0.0 0.0 0.0
a230hf2okthmdz
there is no two opinions about this being a very beastly action
0.2386654168935808 0.10890129323621885 0.2773707042994242 0.0 0.0 0.14279174027900166 0.0 0.0 0.0 0.0 0.0 0.30821931212971787 0.5660287022892341 0.11815694559764528 0.0 0.0 0.0 0.0 0.0 0.0 0.3454099040154195 0.0 0.0 0.0 0.25967031296364446 0.3046310213413473 0.6023052082273879 0.35134552978945016 0.0 0.0 0.0 0.0 0.0 0.0 0.0 0.0 0.0 0.0 0.0 0.0 0.0 0.0 0.0 0.0 0.0 0.0 0.0 0.0
a3m4exda4ue7bp
there are no two sayings about this dishonest action
0.31822055585810777 0.0 0.36982760573256557 0.0 0.0 0.19038898703866888 0.0 0.0 0.0 0.0 0.23401517265031405 0.41095908283962385 0.0 0.0 0.0 0.0 0.0 0.0 0.0 0.0 0.0 0.0 0.0 0.0 0.3462270839515259 0.0 0.0 0.46846070638593357 0.902386708305639 0.8704220335887745 0.0 0.0 0.0 0.0 0.0 0.0 0.0 0.0 0.0 0.0 0.0 0.0 0.0 0.0 0.0 0.0 0.0 0.0
a1c0lbe9vl3ax
there are no two sayings about this dishonest action
0.31822055585810777 0.0 0.36982760573256557 0.0 0.0 0.19038898703866888 0.0 0.0 0.0 0.0 0.23401517265031405 0.41095908283962385 0.0 0.0 0.0 0.0 0.0 0.0 0.0 0.0 0.0 0.0 0.0 0.0 0.3462270839515259 0.0 0.0 0.46846070638593357 0.902386708305639 0.8704220335887745 0.0 0.0 0.0 0.0 0.0 0.0 0.0 0.0 0.0 0.0 0.0 0.0 0.0 0.0 0.0 0.0 0.0 0.0
a3odrygim0wb3t
there are not two opinions about this dishonest action
0.31822055585810777 0.0 0.0 0.0 0.0 0.19038898703866888 0.0 0.0 0.0 0.0 0.23401517265031405 0.41095908283962385 0.7547049363856454 0.0 0.0 0.0 0.0 0.0 0.0 0.0 0.0 0.0 0.0 0.0 0.3462270839515259 0.0 0.0 0.46846070638593357 0.0 0.8704220335887745 0.0 0.0 0.0 0.0 0.0 0.0 0.23784749869304042 0.0 0.0 0.0 0.0 0.0 0.0 0.0 0.0 0.0 0.0 0.0
air4uqnpimfcj
there are no two opinions over this that it is a heinous act
0.22030653867099767 0.10052427067958664 0.2560344962763915 0.0 0.09292880186613844 0.13180776025753999 0.41145320403930535 0.0 0.0 0.0 0.1620105041425251 0.28451013427358574 0.5224880328823699 0.1090679497824418 0.0 0.0 0.0 0.0 0.0 0.0 0.0 0.0 0.0 0.0 0.0 0.0 0.0 0.0 0.0 0.0 0.2873304407637082 0.15578118746358657 0.6871085069974677 0.0 0.0 0.0 0.0 0.0 0.0 0.0 0.0 0.0 0.0 0.0 0.0 0.0 0.0 0.0
a3lhs82826iskx
there are no two opinions over this it is a heinous act
0.2386654168935808 0.10890129323621885 0.2773707042994242 0.0 0.0 0.14279174027900166 0.4457409710425808 0.0 0.0 0.0 0.17551137948773554 0.30821931212971787 0.5660287022892341 0.11815694559764528 0.0 0.0 0.0 0.0 0.0 0.0 0.0 0.0 0.0 0.0 0.0 0.0 0.0 0.0 0.0 0.0 0.31127464416068384 0.16876295308555211 0.7443675492472567 0.0 0.0 0.0 0.0 0.0 0.0 0.0 0.0 0.0 0.0 0.0 0.0 0.0 0.0 0.0
a1wbj6xrjzuu1m
there are not even two people that will say that this is not a heinous act
0.17899906267018562 0.08167596992716414 0.0 0.0 0.15100930303247498 0.10709380520925124 0.3343057282819356 0.0 0.0 0.0 0.13163353461580166 0.2311644840972884 0.0 0.08861770919823396 0.0 0.0 0.0 0.0 0.0 0.0 0.0 0.0 0.0 0.0 0.0 0.0 0.0 0.0 0.0 0.0 0.0 0.0 0.5582756619354425 0.0 0.0 0.0 0.26757843602967046 0.0 0.0 0.0 0.0 0.0 0.2287933691385139 0.16917890953165962 0.138469574987574 0.24459228087850807 0.0 0.0
a3ohqrf1mdq99b
there seem to be two opinions that this would not a brutal action
0.22030653867099767 0.0 0.0 0.0 0.09292880186613844 0.13180776025753999 0.0 0.0 0.0 0.0 0.0 0.28451013427358574 0.5224880328823699 0.1090679497824418 0.0 0.540220622006357 0.0 0.0 0.0 0.0 0.0 0.0 0.0 0.0 0.0 0.0 0.0 0.3243189505748771 0.0 0.0 0.0 0.0 0.0 0.0 0.08306725459316619 0.16514022661224234 0.16466365294133567 0.0 0.0 0.0 0.0 0.0 0.0 0.0 0.0 0.0 0.46266460452944624 0.2660838498794437
