this is a way for them to appear be martyrs clearly an excuse claim big reward marginal effort sheer cheating just eyewash the get ones name entered in list of by getting painted its like writing your amongst shaheeds putting color on yourself what called credit nothing it painting red counted martyred
this is a way for them to appear to be martyrs
0.15577280757709272 0.11880141080314784 0.12889848610652213 0.40047290422260917 0.17551906355840138 0.31017728849440157 0.19634078358384735 0.6753030176537096 0.19516572235992277 0.5824256315144386 0.0 0.0 0.0 0.0 0.0 0.0 0.0 0.0 0.0 0.0 0.0 0.0 0.0 0.0 0.0 0.0 0.0 0.0 0.0 0.0 0.0 0.0 0.0 0.0 0.0 0.0 0.0 0.0 0.0 0.0 0.0 0.0 0.0 0.0 0.0 0.0 0.0 0.0 0.0 0.0 0.0 0.0
this is clearly an excuse to claim a big reward for a marginal effort
0.12239292023914428 0.09334396563104473 0.20255476388167762 0.0 0.13790783565302964 0.0 0.07713387926508289 0.0 0.0 0.0 0.44225504050299136 0.21074037612682783 0.51308648115413 0.4095526766725999 0.38562314473277465 0.5980567716451184 0.737050353720498 0.44579767915580365 0.0 0.0 0.0 0.0 0.0 0.0 0.0 0.0 0.0 0.0 0.0 0.0 0.0 0.0 0.0 0.0 0.0 0.0 0.0 0.0 0.0 0.0 0.0 0.0 0.0 0.0 0.0 0.0 0.0 0.0 0.0 0.0 0.0 0.0
this is sheer cheating
0.42837522083700497 0.32670387970865655 0.0 0.0 0.0 0.0 0.0 0.0 0.0 0.0 0.0 0.0 0.0 0.0 0.0 0.0 0.0 0.0 2.4063894428817565 1.9584495755747426 0.0 0.0 0.0 0.0 0.0 0.0 0.0 0.0 0.0 0.0 0.0 0.0 0.0 0.0 0.0 0.0 0.0 0.0 0.0 0.0 0.0 0.0 0.0 0.0 0.0 0.0 0.0 0.0 0.0 0.0 0.0 0.0
this is just eyewash
0.42837522083700497 0.32670387970865655 0.0 0.0 0.0 0.0 0.0 0.0 0.0 0.0 0.0 0.0 0.0 0.0 0.0 0.0 0.0 0.0 0.0 0.0 1.1360383516356405 2.579676238021743 0.0 0.0 0.0 0.0 0.0 0.0 0.0 0.0 0.0 0.0 0.0 0.0 0.0 0.0 0.0 0.0 0.0 0.0 0.0 0.0 0.0 0.0 0.0 0.0 0.0 0.0 0.0 0.0 0.0 0.0
a3sw1e5d0b9v9a
this is the way to get ones name entered in the list of martyrs by just getting painted
0.09519449351933444 0.07260086215747924 0.0 0.24473344146937226 0.0 0.0 0.059993017206175586 0.0 0.0 0.3559267748143792 0.0 0.0 0.0 0.0 0.0 0.0 0.0 0.0 0.0 0.0 0.2524529670301423 0.0 0.04738673242550592 0.2416665217834225 0.3185409707453555 0.2521089686830356 0.38430597613471196 0.05721281680314895 0.30074612075825224 0.04666343236654546 0.13863662563341378 0.28205321872374045 0.4041212507979749 0.0 0.0 0.0 0.0 0.0 0.0 0.0 0.0 0.0 0.0 0.0 0.0 0.0 0.0 0.0 0.0 0.0 0.0 0.0
a143bvgouf83je
its just like writing your name amongst shaheeds by just putting color on yourself
0.0 0.0 0.0 0.0 0.0 0.0 0.0 0.0 0.0 0.0 0.0 0.0 0.0 0.0 0.0 0.0 0.0 0.0 0.0 0.0 0.6491647723632231 0.0 0.0 0.0 0.0 0.3241401025924744 0.0 0.0 0.0 0.0 0.17824709010010342 0.0 0.0 0.23670164016957934 0.26973092797001186 0.40810962614991997 0.2674020793919536 0.46839320259952916 0.6090675344899225 0.45762013904705895 0.45762013904705895 0.1337862687411288 0.52306947703807 0.0 0.0 0.0 0.0 0.0 0.0 0.0 0.0 0.0
a1wyssw33m2fz2
this is what is called getting credit for nothing
0.19038898703866888 0.29040344862991696 0.0 0.0 0.21452329990471278 0.0 0.0 0.0 0.0 0.0 0.0 0.0 0.0 0.0 0.0 0.0 0.0 0.0 0.0 0.0 0.0 0.0 0.0 0.0 0.0 0.0 0.0 0.0 0.0 0.0 0.0 0.5641064374474809 0.0 0.0 0.0 0.0 0.0 0.0 0.0 0.0 0.0 0.0 0.0 0.3424850677036252 0.5325835569950208 0.6682933176536445 0.6065436164139221 0.0 0.0 0.0 0.0 0.0
a8v7wa74iohz9
it is like painting red to be counted amongst martyred
0.0 0.13068155188346262 0.0 0.0 0.0 0.0 0.10798743097111604 0.0 0.21468229459591504 0.0 0.0 0.0 0.0 0.0 0.0 0.0 0.0 0.0 0.0 0.0 0.0 0.0 0.0 0.0 0.0 0.0 0.0 0.0 0.0 0.0 0.0 0.0 0.0 0.0 0.3776232991580166 0.0 0.0 0.6557504836393409 0.0 0.0 0.0 0.0 0.0 0.0 0.0 0.0 0.0 0.20251554370266253 0.9625557771527026 0.6629825497973034 0.8526945482858915 0.6129050210060545
a291u81kgj6l9n
this is the way to get ones name entered in the list of martyrs by just getting painted
0.09519449351933444 0.07260086215747924 0.0 0.24473344146937226 0.0 0.0 0.059993017206175586 0.0 0.0 0.3559267748143792 0.0 0.0 0.0 0.0 0.0 0.0 0.0 0.0 0.0 0.0 0.2524529670301423 0.0 0.04738673242550592 0.2416665217834225 0.3185409707453555 0.2521089686830356 0.38430597613471196 0.05721281680314895 0.30074612075825224 0.04666343236654546 0.13863662563341378 0.28205321872374045 0.4041212507979749 0.0 0.0 0.0 0.0 0.0 0.0 0.0 0.0 0.0 0.0 0.0 0.0 0.0 0.0 0.0 0.0 0.0 0.0 0.0
a3edprdq0s0hp3
this is the way to get ones name entered in the list of martyrs by just getting painted
0.09519449351933444 0.07260086215747924 0.0 0.24473344146937226 0.0 0.0 0.059993017206175586 0.0 0.0 0.3559267748143792 0.0 0.0 0.0 0.0 0.0 0.0 0.0 0.0 0.0 0.0 0.2524529670301423 0.0 0.04738673242550592 0.2416665217834225 0.3185409707453555 0.2521089686830356 0.38430597613471196 0.05721281680314895 0.30074612075825224 0.04666343236654546 0.13863662563341378 0.28205321872374045 0.4041212507979749 0.0 0.0 0.0 0.0 0.0 0.0 0.0 0.0 0.0 0.0 0.0 0.0 0.0 0.0 0.0 0.0 0.0 0.0 0.0
a2dwqf4zhhblow
this is the way to get ones name entered in the list of martyrs by just getting painted
0.09519449351933444 0.07260086215747924 0.0 0.24473344146937226 0.0 0.0 0.059993017206175586 0.0 0.0 0.3559267748143792 0.0 0.0 0.0 0.0 0.0 0.0 0.0 0.0 0.0 0.0 0.2524529670301423 0.0 0.04738673242550592 0.2416665217834225 0.3185409707453555 0.2521089686830356 0.38430597613471196 0.05721281680314895 0.30074612075825224 0.04666343236654546 0.13863662563341378 0.28205321872374045 0.4041212507979749 0.0 0.0 0.0 0.0 0.0 0.0 0.0 0.0 0.0 0.0 0.0 0.0 0.0 0.0 0.0 0.0 0.0 0.0 0.0
a6tw9zegog7ph
its just like writing your name amongst shaheeds by just putting color on yourself
0.0 0.0 0.0 0.0 0.0 0.0 0.0 0.0 0.0 0.0 0.0 0.0 0.0 0.0 0.0 0.0 0.0 0.0 0.0 0.0 0.6491647723632231 0.0 0.0 0.0 0.0 0.3241401025924744 0.0 0.0 0.0 0.0 0.17824709010010342 0.0 0.0 0.23670164016957934 0.26973092797001186 0.40810962614991997 0.2674020793919536 0.46839320259952916 0.6090675344899225 0.45762013904705895 0.45762013904705895 0.1337862687411288 0.52306947703807 0.0 0.0 0.0 0.0 0.0 0.0 0.0 0.0 0.0
a2mrhza4l9w9cl
its just like writing your name amongst shaheeds by just putting color on yourself
0.0 0.0 0.0 0.0 0.0 0.0 0.0 0.0 0.0 0.0 0.0 0.0 0.0 0.0 0.0 0.0 0.0 0.0 0.0 0.0 0.6491647723632231 0.0 0.0 0.0 0.0 0.3241401025924744 0.0 0.0 0.0 0.0 0.17824709010010342 0.0 0.0 0.23670164016957934 0.26973092797001186 0.40810962614991997 0.2674020793919536 0.46839320259952916 0.6090675344899225 0.45762013904705895 0.45762013904705895 0.1337862687411288 0.52306947703807 0.0 0.0 0.0 0.0 0.0 0.0 0.0 0.0 0.0
a17ezclrdz3xmg
its just like writing your name amongst shaheeds by just putting color on yourself
0.0 0.0 0.0 0.0 0.0 0.0 0.0 0.0 0.0 0.0 0.0 0.0 0.0 0.0 0.0 0.0 0.0 0.0 0.0 0.0 0.6491647723632231 0.0 0.0 0.0 0.0 0.3241401025924744 0.0 0.0 0.0 0.0 0.17824709010010342 0.0 0.0 0.23670164016957934 0.26973092797001186 0.40810962614991997 0.2674020793919536 0.46839320259952916 0.6090675344899225 0.45762013904705895 0.45762013904705895 0.1337862687411288 0.52306947703807 0.0 0.0 0.0 0.0 0.0 0.0 0.0 0.0 0.0
ayeowkx2r19vz
this is called getting credit for nothing
0.24478584047828855 0.18668793126208946 0.0 0.0 0.2758156713060593 0.0 0.0 0.0 0.0 0.0 0.0 0.0 0.0 0.0 0.0 0.0 0.0 0.0 0.0 0.0 0.0 0.0 0.0 0.0 0.0 0.0 0.0 0.0 0.0 0.0 0.0 0.7252797052896183 0.0 0.0 0.0 0.0 0.0 0.0 0.0 0.0 0.0 0.0 0.0 0.0 0.6847502875650268 0.8592342655546858 0.7798417925321856 0.0 0.0 0.0 0.0 0.0
a21146bd3quzea
this is what is called getting credit for nothing
0.19038898703866888 0.29040344862991696 0.0 0.0 0.21452329990471278 0.0 0.0 0.0 0.0 0.0 0.0 0.0 0.0 0.0 0.0 0.0 0.0 0.0 0.0 0.0 0.0 0.0 0.0 0.0 0.0 0.0 0.0 0.0 0.0 0.0 0.0 0.5641064374474809 0.0 0.0 0.0 0.0 0.0 0.0 0.0 0.0 0.0 0.0 0.0 0.3424850677036252 0.5325835569950208 0.6682933176536445 0.6065436164139221 0.0 0.0 0.0 0.0 0.0
a3p6go9selqo1z
this is what is called getting credit for nothing
0.19038898703866888 0.29040344862991696 0.0 0.0 0.21452329990471278 0.0 0.0 0.0 0.0 0.0 0.0 0.0 0.0 0.0 0.0 0.0 0.0 0.0 0.0 0.0 0.0 0.0 0.0 0.0 0.0 0.0 0.0 0.0 0.0 0.0 0.0 0.5641064374474809 0.0 0.0 0.0 0.0 0.0 0.0 0.0 0.0 0.0 0.0 0.0 0.3424850677036252 0.5325835569950208 0.6682933176536445 0.6065436164139221 0.0 0.0 0.0 0.0 0.0
ao86wz7i0vqzc
it is like painting red to be counted amongst martyred
0.0 0.13068155188346262 0.0 0.0 0.0 0.0 0.10798743097111604 0.0 0.21468229459591504 0.0 0.0 0.0 0.0 0.0 0.0 0.0 0.0 0.0 0.0 0.0 0.0 0.0 0.0 0.0 0.0 0.0 0.0 0.0 0.0 0.0 0.0 0.0 0.0 0.0 0.3776232991580166 0.0 0.0 0.6557504836393409 0.0 0.0 0.0 0.0 0.0 0.0 0.0 0.0 0.0 0.20251554370266253 0.9625557771527026 0.6629825497973034 0.8526945482858915 0.6129050210060545
