tell us what you think give your opinion inform of send in please provide suggestion share with suggestions about
tell us what you think
1.020753838895597 0.7316259604494569 0.6164731218665254 0.6375612243581248 0.8357640799721431 0.0 0.0 0.0 0.0 0.0 0.0 0.0 0.0 0.0 0.0 0.0 0.0 0.0 0.0
give us your opinion
0.0 0.9145324505618212 0.0 0.0 0.0 1.1033357760081002 0.9359072778718376 1.0738143397814846 0.0 0.0 0.0 0.0 0.0 0.0 0.0 0.0 0.0 0.0 0.0
inform us of your opinion
0.0 0.7316259604494569 0.0 0.0 0.0 0.0 0.7487258222974701 0.8590514718251876 1.3835015140849631 0.16798835651956365 0.0 0.0 0.0 0.0 0.0 0.0 0.0 0.0 0.0
send in your opinion
0.0 0.0 0.0 0.0 0.0 0.0 0.9359072778718376 1.0738143397814846 0.0 0.0 1.4334343683540998 0.25745767561417027 0.0 0.0 0.0 0.0 0.0 0.0 0.0
ayowrg5s0py3f
please provide us your suggestion
0.0 0.7316259604494569 0.0 0.0 0.0 0.0 0.7487258222974701 0.0 0.0 0.0 0.0 0.0 1.0629517292283022 1.1728715311666926 1.2288635364382667 0.0 0.0 0.0 0.0
a2xknsbfsj3hso
share your opinion with us
0.0 0.7316259604494569 0.0 0.0 0.0 0.0 0.7487258222974701 0.8590514718251876 0.0 0.0 0.0 0.0 0.0 0.0 0.0 1.3584688854941618 0.47007709041485074 0.0 0.0
a1wyssw33m2fz2
please inform us with your suggestions
0.0 0.6096883003745475 0.0 0.0 0.0 0.0 0.6239381852478917 0.0 1.152917928404136 0.0 0.0 0.0 0.8857931076902519 0.0 0.0 0.0 0.3917309086790423 1.1370328984367484 0.0
a2i57ww1b3evwx
tell us about your opinion
1.020753838895597 0.7316259604494569 0.0 0.0 0.0 0.0 0.7487258222974701 0.8590514718251876 0.0 0.0 0.0 0.0 0.0 0.0 0.0 0.0 0.0 0.0 0.6232087511127467
aa1hdtufsq32b
please provide us your suggestion
0.0 0.7316259604494569 0.0 0.0 0.0 0.0 0.7487258222974701 0.0 0.0 0.0 0.0 0.0 1.0629517292283022 1.1728715311666926 1.2288635364382667 0.0 0.0 0.0 0.0
a3m4exda4ue7bp
please provide us with your suggestion
0.0 0.6096883003745475 0.0 0.0 0.0 0.0 0.6239381852478917 0.0 0.0 0.0 0.0 0.0 0.8857931076902519 0.9773929426389105 1.0240529470318889 0.0 0.3917309086790423 0.0 0.0
a2nowscvbop9jc
please provide us with your suggestion
0.0 0.6096883003745475 0.0 0.0 0.0 0.0 0.6239381852478917 0.0 0.0 0.0 0.0 0.0 0.8857931076902519 0.9773929426389105 1.0240529470318889 0.0 0.3917309086790423 0.0 0.0
a1wrvfwizbd6rc
share your opinion with us
0.0 0.7316259604494569 0.0 0.0 0.0 0.0 0.7487258222974701 0.8590514718251876 0.0 0.0 0.0 0.0 0.0 0.0 0.0 1.3584688854941618 0.47007709041485074 0.0 0.0
a28sepseqw8vw
share your opinion with us
0.0 0.7316259604494569 0.0 0.0 0.0 0.0 0.7487258222974701 0.8590514718251876 0.0 0.0 0.0 0.0 0.0 0.0 0.0 1.3584688854941618 0.47007709041485074 0.0 0.0
a1dndzlo2d5d48
share your opinion with us
0.0 0.7316259604494569 0.0 0.0 0.0 0.0 0.7487258222974701 0.8590514718251876 0.0 0.0 0.0 0.0 0.0 0.0 0.0 1.3584688854941618 0.47007709041485074 0.0 0.0
a980evuaw8ya7
please inform us with your suggestions
0.0 0.6096883003745475 0.0 0.0 0.0 0.0 0.6239381852478917 0.0 1.152917928404136 0.0 0.0 0.0 0.8857931076902519 0.0 0.0 0.0 0.3917309086790423 1.1370328984367484 0.0
ajh0yow6plss8
please tell us of your suggestions
0.8506281990796642 0.6096883003745475 0.0 0.0 0.0 0.0 0.6239381852478917 0.0 0.0 0.13999029709963637 0.0 0.0 0.8857931076902519 0.0 0.0 0.0 0.0 1.1370328984367484 0.0
ajfwu2g6a1bhs
please inform us with your suggestions
0.0 0.6096883003745475 0.0 0.0 0.0 0.0 0.6239381852478917 0.0 1.152917928404136 0.0 0.0 0.0 0.8857931076902519 0.0 0.0 0.0 0.3917309086790423 1.1370328984367484 0.0
a3kgfvvjyor2nl
tell us about your opinion
1.020753838895597 0.7316259604494569 0.0 0.0 0.0 0.0 0.7487258222974701 0.8590514718251876 0.0 0.0 0.0 0.0 0.0 0.0 0.0 0.0 0.0 0.0 0.6232087511127467
