then suddenly the situation changed and talibans bad behavior was exposed circumstances evil agenda started coming to light sins of taliban began surface all a sudden actions became clear scenario activities came into works appear there were changes by which when act
then suddenly the situation changed and the talibans bad behavior was exposed
0.29110374298597197 0.5950542601449188 0.07108009863825888 0.3411788769009676 0.4936879831178777 0.08283041998352432 0.4623350273017755 0.4659430944478859 0.5244461051126518 0.18315157758284437 0.63422122924873 0.0 0.0 0.0 0.0 0.0 0.0 0.0 0.0 0.0 0.0 0.0 0.0 0.0 0.0 0.0 0.0 0.0 0.0 0.0 0.0 0.0 0.0 0.0 0.0 0.0 0.0 0.0 0.0 0.0 0.0 0.0
then suddenly the circumstances changed and the talibans evil agenda started coming to light
0.24951749398797599 0.5100465086956446 0.06092579883279333 0.0 0.4231611283867523 0.07099750284302085 0.3962871662586647 0.0 0.0 0.0 0.0 0.4399872763376642 0.45081226906103566 0.6220905028323479 0.33330112655845145 0.39217080105604785 0.07713387926508289 0.4434165062795471 0.0 0.0 0.0 0.0 0.0 0.0 0.0 0.0 0.0 0.0 0.0 0.0 0.0 0.0 0.0 0.0 0.0 0.0 0.0 0.0 0.0 0.0 0.0 0.0
then the situation changed and the sins of taliban began to surface
0.29110374298597197 0.0 0.07108009863825888 0.3411788769009676 0.4936879831178777 0.08283041998352432 0.0 0.0 0.0 0.0 0.0 0.0 0.0 0.0 0.0 0.0 0.08998952580926338 0.0 0.7257722533044059 0.06999514854981818 0.28896000204943567 0.5229711403543683 0.639970635205976 0.0 0.0 0.0 0.0 0.0 0.0 0.0 0.0 0.0 0.0 0.0 0.0 0.0 0.0 0.0 0.0 0.0 0.0 0.0
all of a sudden the situation changed and all of the actions of the taliban became clear
0.0 0.0 0.07526128091109764 0.240832148400683 0.3484856351420313 0.058468531753075995 0.0 0.0 0.0 0.0 0.0 0.0 0.0 0.0 0.0 0.0 0.0 0.0 0.0 0.14822502045843852 0.2039717661525428 0.0 0.0 0.36979002805444106 0.08340490277480843 0.40311582642866145 0.296205954314646 0.3171441921723392 0.2873519381489842 0.0 0.0 0.0 0.0 0.0 0.0 0.0 0.0 0.0 0.0 0.0 0.0 0.0
a21xirv18up71h
then suddenly the scenario changed and the activities of the taliban came into light
0.24951749398797599 0.5100465086956446 0.09138869824919 0.0 0.4231611283867523 0.07099750284302085 0.0 0.0 0.0 0.0 0.0 0.0 0.0 0.0 0.0 0.0 0.0 0.4434165062795471 0.0 0.05999584161412987 0.24768000175665913 0.0 0.0 0.0 0.0 0.0 0.0 0.0 0.0 0.5436181964989115 0.37409289907875054 0.3441033386815889 0.32869123219148205 0.0 0.0 0.0 0.0 0.0 0.0 0.0 0.0 0.0
a3dd3acpmvdvca
then suddenly the situation changed and talibans works came to light
0.31756771962106034 0.649150101976275 0.03877096289359576 0.3721951384374192 0.5385687088558666 0.09036045816384472 0.5043654843292097 0.0 0.0 0.0 0.0 0.0 0.0 0.0 0.0 0.0 0.09817039179192368 0.5643482807194236 0.0 0.0 0.0 0.0 0.0 0.0 0.0 0.0 0.0 0.0 0.0 0.0 0.0 0.4379497037765676 0.0 0.6612893194875953 0.0 0.0 0.0 0.0 0.0 0.0 0.0 0.0
a28z6a8uc4er3x
then suddenly situation changed actions of taliban began to appear
0.34932449158316636 0.7140651121739026 0.0 0.40941465228116114 0.5924255797414533 0.0 0.0 0.0 0.0 0.0 0.0 0.0 0.0 0.0 0.0 0.0 0.10798743097111604 0.0 0.0 0.08399417825978182 0.3467520024593228 0.627565368425242 0.0 0.0 0.0 0.0 0.5035501223348982 0.0 0.0 0.0 0.0 0.0 0.0 0.0 0.7428333194190806 0.0 0.0 0.0 0.0 0.0 0.0 0.0
a2i57ww1b3evwx
then there were sudden changes by which the activities of taliban came to light
0.24951749398797599 0.0 0.030462899416396665 0.0 0.0 0.0 0.0 0.0 0.0 0.0 0.0 0.0 0.0 0.0 0.0 0.0 0.07713387926508289 0.4434165062795471 0.0 0.05999584161412987 0.24768000175665913 0.0 0.0 0.0 0.0 0.4894977892348032 0.0 0.0 0.0 0.0 0.37409289907875054 0.3441033386815889 0.0 0.0 0.0 0.20457035733735499 0.21083056372899706 0.41484610325500865 0.17824709010010342 0.21539535006072646 0.0 0.0
a1dndzlo2d5d48
then suddenly the scenario changed and the activities of the taliban came to light
0.24951749398797599 0.5100465086956446 0.09138869824919 0.0 0.4231611283867523 0.07099750284302085 0.0 0.0 0.0 0.0 0.0 0.0 0.0 0.0 0.0 0.0 0.07713387926508289 0.4434165062795471 0.0 0.05999584161412987 0.24768000175665913 0.0 0.0 0.0 0.0 0.0 0.0 0.0 0.0 0.5436181964989115 0.37409289907875054 0.3441033386815889 0.0 0.0 0.0 0.0 0.0 0.0 0.0 0.0 0.0 0.0
a2vjscdqr23qkd
suddenly the scenario changed and the activities of the taliban came into light
0.0 0.5492808555183866 0.09841859811451231 0.0 0.45571198441650246 0.07645884921556091 0.0 0.0 0.0 0.0 0.0 0.0 0.0 0.0 0.0 0.0 0.0 0.4775254683010507 0.0 0.06461090635367833 0.26673230958409444 0.0 0.0 0.0 0.0 0.0 0.0 0.0 0.0 0.5854349808449816 0.4028692759309621 0.3705728262724803 0.35397517312928833 0.0 0.0 0.0 0.0 0.0 0.0 0.0 0.0 0.0
a2972la74szew
suddenly the scenario changed and the talibans activities came into the light
0.0 0.5950542601449188 0.10662014795738833 0.0 0.4936879831178777 0.08283041998352432 0.4623350273017755 0.0 0.0 0.0 0.0 0.0 0.0 0.0 0.0 0.0 0.0 0.5173192573261383 0.0 0.0 0.0 0.0 0.0 0.0 0.0 0.0 0.0 0.0 0.0 0.63422122924873 0.4364417155918756 0.4014538951285203 0.3834731042233957 0.0 0.0 0.0 0.0 0.0 0.0 0.0 0.0 0.0
a1y31d6dedacyj
then suddenly the situation changed when talibans works came to light
0.31756771962106034 0.649150101976275 0.03877096289359576 0.3721951384374192 0.5385687088558666 0.0 0.5043654843292097 0.0 0.0 0.0 0.0 0.0 0.0 0.0 0.0 0.0 0.09817039179192368 0.5643482807194236 0.0 0.0 0.0 0.0 0.0 0.0 0.0 0.0 0.0 0.0 0.0 0.0 0.0 0.4379497037765676 0.0 0.6612893194875953 0.0 0.0 0.0 0.0 0.0 0.0 0.2961245986524121 0.0
au2ar4vob7vlv
then suddenly the situation changed and the talibans works came to light
0.29110374298597197 0.5950542601449188 0.07108009863825888 0.3411788769009676 0.4936879831178777 0.08283041998352432 0.4623350273017755 0.0 0.0 0.0 0.0 0.0 0.0 0.0 0.0 0.0 0.08998952580926338 0.5173192573261383 0.0 0.0 0.0 0.0 0.0 0.0 0.0 0.0 0.0 0.0 0.0 0.0 0.0 0.4014538951285203 0.0 0.6061818761969623 0.0 0.0 0.0 0.0 0.0 0.0 0.0 0.0
a6tw9zegog7ph
then suddenly the situation changed and the talibans works came to light
0.29110374298597197 0.5950542601449188 0.07108009863825888 0.3411788769009676 0.4936879831178777 0.08283041998352432 0.4623350273017755 0.0 0.0 0.0 0.0 0.0 0.0 0.0 0.0 0.0 0.08998952580926338 0.5173192573261383 0.0 0.0 0.0 0.0 0.0 0.0 0.0 0.0 0.0 0.0 0.0 0.0 0.0 0.4014538951285203 0.0 0.6061818761969623 0.0 0.0 0.0 0.0 0.0 0.0 0.0 0.0
a1wrvfwizbd6rc
suddenly the situation changed and the taliban began to act
0.0 0.7140651121739026 0.08529611836591067 0.40941465228116114 0.5924255797414533 0.09939650398022919 0.0 0.0 0.0 0.0 0.0 0.0 0.0 0.0 0.0 0.0 0.10798743097111604 0.0 0.0 0.0 0.3467520024593228 0.627565368425242 0.0 0.0 0.0 0.0 0.0 0.0 0.0 0.0 0.0 0.0 0.0 0.0 0.0 0.0 0.0 0.0 0.0 0.0 0.0 0.534889165251097
a6tw9zegog7ph
then suddenly the situation changed and the actions of the taliban began to appear
0.24951749398797599 0.5100465086956446 0.09138869824919 0.29243903734368654 0.4231611283867523 0.07099750284302085 0.0 0.0 0.0 0.0 0.0 0.0 0.0 0.0 0.0 0.0 0.07713387926508289 0.0 0.0 0.05999584161412987 0.24768000175665913 0.4482609774466014 0.0 0.0 0.0 0.0 0.3596786588106416 0.0 0.0 0.0 0.0 0.0 0.0 0.0 0.5305952281564862 0.0 0.0 0.0 0.0 0.0 0.0 0.0
au2ar4vob7vlv
then suddenly the situation changed and actions of the taliban began to appear
0.26871114737166646 0.5492808555183866 0.0656123987430082 0.3149343479085855 0.45571198441650246 0.07645884921556091 0.0 0.0 0.0 0.0 0.0 0.0 0.0 0.0 0.0 0.0 0.08306725459316619 0.0 0.0 0.06461090635367833 0.26673230958409444 0.48274259109634 0.0 0.0 0.0 0.0 0.3873462479499217 0.0 0.0 0.0 0.0 0.0 0.0 0.0 0.5714102457069851 0.0 0.0 0.0 0.0 0.0 0.0 0.0
amd40d0gc1l4r
then there were sudden changes by which the activities of the taliban came to light
0.23288299438877758 0.0 0.05686407891060711 0.0 0.0 0.0 0.0 0.0 0.0 0.0 0.0 0.0 0.0 0.0 0.0 0.0 0.0719916206474107 0.41385540586091063 0.0 0.05599611883985455 0.2311680016395485 0.0 0.0 0.0 0.0 0.4568646032858163 0.0 0.0 0.0 0.0 0.3491533724735005 0.3211631161028163 0.0 0.0 0.0 0.19093233351486466 0.19677519281373057 0.3871896963713414 0.16636395076009652 0.20103566005667803 0.0 0.0
