every age has seen wars and bloodshed have been taking place in blood flowing during all these times there battles were fought was era war as well shed of history spilled time are being is running
every age has seen wars and every age has seen bloodshed
0.7702701894019135 0.8296295888181924 0.37323593053294973 1.0683733991993916 0.5788601121368676 0.09036045816384472 0.5806253926693313 0.0 0.0 0.0 0.0 0.0 0.0 0.0 0.0 0.0 0.0 0.0 0.0 0.0 0.0 0.0 0.0 0.0 0.0 0.0 0.0 0.0 0.0 0.0 0.0 0.0 0.0 0.0 0.0 0.0
wars have been taking place in every age and blood has been flowing during all these times
0.24920506127708966 0.2684095728529446 0.12075280105477786 0.0 0.3745565431473849 0.058468531753075995 0.0 0.1345864722346135 0.3464356579690365 0.27658434437767054 0.2665769159247213 0.06057827661509889 0.2740719256663147 0.4846625535533609 0.23138297371113206 0.18489501402722053 0.17714721396013133 0.3378819984460934 0.0 0.0 0.0 0.0 0.0 0.0 0.0 0.0 0.0 0.0 0.0 0.0 0.0 0.0 0.0 0.0 0.0 0.0
there have been wars and bloodshed in every age
0.47072067130116935 0.5069958598333398 0.0 0.0 0.7074956926117271 0.11044055997803243 0.7096532577069605 0.2542188919987144 0.32718923252631227 0.0 0.0 0.1144256336062979 0.0 0.0 0.0 0.0 0.0 0.0 0.31822055585810777 0.0 0.0 0.0 0.0 0.0 0.0 0.0 0.0 0.0 0.0 0.0 0.0 0.0 0.0 0.0 0.0 0.0
battles were fought in every age and there was bloodshed
0.42364860417105243 0.4562962738500058 0.0 0.0 0.0 0.09939650398022919 0.6386879319362645 0.0 0.0 0.0 0.0 0.1029830702456681 0.0 0.0 0.0 0.0 0.0 0.0 0.28639850027229696 0.893241059096708 0.29516278922059586 0.6406681946658825 0.21978189309941323 0.0 0.0 0.0 0.0 0.0 0.0 0.0 0.0 0.0 0.0 0.0 0.0 0.0
a1hb5veh552cys
every era has seen war as well as blood shed
0.42364860417105243 0.0 0.20527976179312235 0.5876053695596654 0.0 0.0 0.0 0.0 0.0 0.0 0.0 0.0 0.465922273632735 0.0 0.0 0.0 0.0 0.0 0.0 0.0 0.0 0.0 0.0 0.6144317682191334 0.36303502381402086 0.5270602542066289 0.44927048447065204 0.6792344427470809 0.0 0.0 0.0 0.0 0.0 0.0 0.0 0.0
a2de039cxxjuga
there were wars and bloodshed in every era of history
0.42364860417105243 0.0 0.0 0.0 0.6367461233505544 0.09939650398022919 0.6386879319362645 0.0 0.0 0.0 0.0 0.1029830702456681 0.0 0.0 0.0 0.0 0.0 0.0 0.28639850027229696 0.0 0.29516278922059586 0.0 0.0 0.6144317682191334 0.0 0.0 0.0 0.0 0.08399417825978182 0.49115331806268514 0.0 0.0 0.0 0.0 0.0 0.0
a3dd3acpmvdvca
in every age wars have been fought and blood has been spilled
0.353040503475877 0.38024689487500485 0.1710664681609353 0.0 0.5306217694587952 0.08283041998352432 0.0 0.1906641689990358 0.4907838487894684 0.0 0.0 0.08581922520472342 0.3882685613606125 0.0 0.0 0.0 0.0 0.0 0.0 0.0 0.0 0.5338901622215687 0.0 0.0 0.0 0.0 0.0 0.0 0.0 0.0 0.5916524272682309 0.0 0.0 0.0 0.0 0.0
alrghxunh1uv7
in every time and are being wars and every time blood is running
0.6517670833400806 0.0 0.0 0.0 0.48980471026965716 0.15291769843112182 0.0 0.0 0.0 0.0 0.0 0.07921774634282162 0.3584017489482577 0.0 0.0 0.0 0.0 0.0 0.0 0.0 0.0 0.0 0.0 0.0 0.0 0.0 0.0 0.0 0.0 0.0 0.0 0.5856860957603451 0.1620105041425251 0.28119786585355133 0.10052427067958664 0.4841040970270632
avktegthhn2vp
every era has seen war as well as bloodshed
0.47072067130116935 0.0 0.2280886242145804 0.6528948550662949 0.0 0.0 0.7096532577069605 0.0 0.0 0.0 0.0 0.0 0.0 0.0 0.0 0.0 0.0 0.0 0.0 0.0 0.0 0.0 0.0 0.682701964687926 0.4033722486822454 0.5856225046740321 0.4991894271896134 0.0 0.0 0.0 0.0 0.0 0.0 0.0 0.0 0.0
a2dwqf4zhhblow
every era has seen war as well as blood shed
0.42364860417105243 0.0 0.20527976179312235 0.5876053695596654 0.0 0.0 0.0 0.0 0.0 0.0 0.0 0.0 0.465922273632735 0.0 0.0 0.0 0.0 0.0 0.0 0.0 0.0 0.0 0.0 0.6144317682191334 0.36303502381402086 0.5270602542066289 0.44927048447065204 0.6792344427470809 0.0 0.0 0.0 0.0 0.0 0.0 0.0 0.0
a3a4p6bwfe7hfn
every era has seen war as well as blood shed
0.42364860417105243 0.0 0.20527976179312235 0.5876053695596654 0.0 0.0 0.0 0.0 0.0 0.0 0.0 0.0 0.465922273632735 0.0 0.0 0.0 0.0 0.0 0.0 0.0 0.0 0.0 0.0 0.6144317682191334 0.36303502381402086 0.5270602542066289 0.44927048447065204 0.6792344427470809 0.0 0.0 0.0 0.0 0.0 0.0 0.0 0.0
a3m6cl5oao31z
there were wars and bloodshed in every era of history
0.42364860417105243 0.0 0.0 0.0 0.6367461233505544 0.09939650398022919 0.6386879319362645 0.0 0.0 0.0 0.0 0.1029830702456681 0.0 0.0 0.0 0.0 0.0 0.0 0.28639850027229696 0.0 0.29516278922059586 0.0 0.0 0.6144317682191334 0.0 0.0 0.0 0.0 0.08399417825978182 0.49115331806268514 0.0 0.0 0.0 0.0 0.0 0.0
al2rcq9eyun61
there were wars and bloodshed in every era of history
0.42364860417105243 0.0 0.0 0.0 0.6367461233505544 0.09939650398022919 0.6386879319362645 0.0 0.0 0.0 0.0 0.1029830702456681 0.0 0.0 0.0 0.0 0.0 0.0 0.28639850027229696 0.0 0.29516278922059586 0.0 0.0 0.6144317682191334 0.0 0.0 0.0 0.0 0.08399417825978182 0.49115331806268514 0.0 0.0 0.0 0.0 0.0 0.0
a3bnv4r3pkyf7u
there were wars and bloodshed in every era of history
0.42364860417105243 0.0 0.0 0.0 0.6367461233505544 0.09939650398022919 0.6386879319362645 0.0 0.0 0.0 0.0 0.1029830702456681 0.0 0.0 0.0 0.0 0.0 0.0 0.28639850027229696 0.0 0.29516278922059586 0.0 0.0 0.6144317682191334 0.0 0.0 0.0 0.0 0.08399417825978182 0.49115331806268514 0.0 0.0 0.0 0.0 0.0 0.0
a2qxd8jqk5bvez
in every age wars have been fought and blood has been spilled
0.353040503475877 0.38024689487500485 0.1710664681609353 0.0 0.5306217694587952 0.08283041998352432 0.0 0.1906641689990358 0.4907838487894684 0.0 0.0 0.08581922520472342 0.3882685613606125 0.0 0.0 0.0 0.0 0.0 0.0 0.0 0.0 0.5338901622215687 0.0 0.0 0.0 0.0 0.0 0.0 0.0 0.0 0.5916524272682309 0.0 0.0 0.0 0.0 0.0
a3m6cl5oao31z
in every age wars have been fought and blood has been spilled
0.353040503475877 0.38024689487500485 0.1710664681609353 0.0 0.5306217694587952 0.08283041998352432 0.0 0.1906641689990358 0.4907838487894684 0.0 0.0 0.08581922520472342 0.3882685613606125 0.0 0.0 0.0 0.0 0.0 0.0 0.0 0.0 0.5338901622215687 0.0 0.0 0.0 0.0 0.0 0.0 0.0 0.0 0.5916524272682309 0.0 0.0 0.0 0.0 0.0
a6mpnb4h7l9bs
in every age wars have been fought and blood has been spilled
0.353040503475877 0.38024689487500485 0.1710664681609353 0.0 0.5306217694587952 0.08283041998352432 0.0 0.1906641689990358 0.4907838487894684 0.0 0.0 0.08581922520472342 0.3882685613606125 0.0 0.0 0.0 0.0 0.0 0.0 0.0 0.0 0.5338901622215687 0.0 0.0 0.0 0.0 0.0 0.0 0.0 0.0 0.5916524272682309 0.0 0.0 0.0 0.0 0.0
a477wg206bmm6
in every time and are being wars and every time blood is running
0.6517670833400806 0.0 0.0 0.0 0.48980471026965716 0.15291769843112182 0.0 0.0 0.0 0.0 0.0 0.07921774634282162 0.3584017489482577 0.0 0.0 0.0 0.0 0.0 0.0 0.0 0.0 0.0 0.0 0.0 0.0 0.0 0.0 0.0 0.0 0.0 0.0 0.5856860957603451 0.1620105041425251 0.28119786585355133 0.10052427067958664 0.4841040970270632
