extraordinary steps are being taken for the oathtaking ceremony inauguration arrangements made swearingin unprecedented security measures have been extra normal oath taking unusual of ordinary preparations on way special cermony swearing in progress underway
extraordinary steps are being taken for the oathtaking ceremony
0.8704220335887745 0.5670854660531095 0.23401517265031405 0.4061746951217964 0.4827661489130788 0.21452329990471278 0.04738673242550592 0.902386708305639 0.6082797628475977 0.0 0.0 0.0 0.0 0.0 0.0 0.0 0.0 0.0 0.0 0.0 0.0 0.0 0.0 0.0 0.0 0.0 0.0 0.0 0.0 0.0 0.0 0.0 0.0 0.0
extraordinary steps are being taken for the inauguration ceremony
0.8704220335887745 0.5670854660531095 0.23401517265031405 0.4061746951217964 0.4827661489130788 0.21452329990471278 0.04738673242550592 0.0 0.6082797628475977 0.8800899643654 0.0 0.0 0.0 0.0 0.0 0.0 0.0 0.0 0.0 0.0 0.0 0.0 0.0 0.0 0.0 0.0 0.0 0.0 0.0 0.0 0.0 0.0 0.0 0.0
extraordinary arrangements are being made for the swearingin ceremony
0.8704220335887745 0.0 0.23401517265031405 0.4061746951217964 0.0 0.21452329990471278 0.04738673242550592 0.0 0.6082797628475977 0.0 0.7012635296504999 0.4340985204863415 0.902386708305639 0.0 0.0 0.0 0.0 0.0 0.0 0.0 0.0 0.0 0.0 0.0 0.0 0.0 0.0 0.0 0.0 0.0 0.0 0.0 0.0 0.0
unprecedented security measures have been taken for the inauguration ceremony
0.0 0.0 0.0 0.0 0.43448953402177093 0.1930709699142415 0.042648059182955333 0.0 0.5474517865628379 0.79208096792886 0.0 0.0 0.0 0.7610654750984761 0.3906886684377074 0.6605132885382663 0.22879700279884294 0.294470309273681 0.0 0.0 0.0 0.0 0.0 0.0 0.0 0.0 0.0 0.0 0.0 0.0 0.0 0.0 0.0 0.0
a3dd3acpmvdvca
extra normal steps are being taken for the oath taking ceremony
0.0 0.46397901767981686 0.19146695944116604 0.3323247505541971 0.3949904854743372 0.17551906355840138 0.03877096289359576 0.0 0.4976834423298527 0.0 0.0 0.0 0.0 0.0 0.0 0.0 0.0 0.0 0.6753030176537096 0.5614154750632216 0.4537117075724899 0.4274485322200363 0.0 0.0 0.0 0.0 0.0 0.0 0.0 0.0 0.0 0.0 0.0 0.0
a1wyssw33m2fz2
unusual steps are being taken for the ceremony of the oath taking
0.0 0.4253140995398321 0.17551137948773554 0.3046310213413473 0.3620746116848091 0.1608924749285346 0.07108009863825888 0.0 0.4562098221356983 0.0 0.0 0.0 0.0 0.0 0.0 0.0 0.0 0.0 0.0 0.0 0.4159023986081158 0.39182782120169996 0.6767900312292293 0.06999514854981818 0.0 0.0 0.0 0.0 0.0 0.0 0.0 0.0 0.0 0.0
a21xirv18up71h
extra ordinary preparations are on the way for the oath taking ceremony
0.0 0.0 0.17551137948773554 0.0 0.0 0.1608924749285346 0.07108009863825888 0.0 0.4562098221356983 0.0 0.0 0.0 0.0 0.0 0.0 0.0 0.0 0.0 0.6190277661825672 0.0 0.4159023986081158 0.39182782120169996 0.0 0.0 0.5852390071735535 0.5710807541072703 0.1560839801979836 0.3671001622040584 0.0 0.0 0.0 0.0 0.0 0.0
a1is07hajk7bzr
special arrangements have been made for the oath taking cermony
0.0 0.0 0.0 0.0 0.0 0.1930709699142415 0.042648059182955333 0.0 0.0 0.0 0.6311371766854499 0.3906886684377074 0.0 0.0 0.0 0.0 0.22879700279884294 0.294470309273681 0.0 0.0 0.4990828783297389 0.47019338544204 0.0 0.0 0.0 0.0 0.0 0.0 0.5818895281756705 1.0318704952086972 0.0 0.0 0.0 0.0
a3edprdq0s0hp3
extra normal steps are being taken for the oath taking ceremony
0.0 0.46397901767981686 0.19146695944116604 0.3323247505541971 0.3949904854743372 0.17551906355840138 0.03877096289359576 0.0 0.4976834423298527 0.0 0.0 0.0 0.0 0.0 0.0 0.0 0.0 0.0 0.6753030176537096 0.5614154750632216 0.4537117075724899 0.4274485322200363 0.0 0.0 0.0 0.0 0.0 0.0 0.0 0.0 0.0 0.0 0.0 0.0
ajfwu2g6a1bhs
extra normal steps are being taken for the oath taking ceremony
0.0 0.46397901767981686 0.19146695944116604 0.3323247505541971 0.3949904854743372 0.17551906355840138 0.03877096289359576 0.0 0.4976834423298527 0.0 0.0 0.0 0.0 0.0 0.0 0.0 0.0 0.0 0.6753030176537096 0.5614154750632216 0.4537117075724899 0.4274485322200363 0.0 0.0 0.0 0.0 0.0 0.0 0.0 0.0 0.0 0.0 0.0 0.0
a6tw9zegog7ph
extraordinary steps are being taken for the swearingin ceremony
0.8704220335887745 0.5670854660531095 0.23401517265031405 0.4061746951217964 0.4827661489130788 0.21452329990471278 0.04738673242550592 0.0 0.6082797628475977 0.0 0.0 0.0 0.902386708305639 0.0 0.0 0.0 0.0 0.0 0.0 0.0 0.0 0.0 0.0 0.0 0.0 0.0 0.0 0.0 0.0 0.0 0.0 0.0 0.0 0.0
a2unp2crnrfiw8
unusual steps are being taken for the ceremony of the oath taking
0.0 0.4253140995398321 0.17551137948773554 0.3046310213413473 0.3620746116848091 0.1608924749285346 0.07108009863825888 0.0 0.4562098221356983 0.0 0.0 0.0 0.0 0.0 0.0 0.0 0.0 0.0 0.0 0.0 0.4159023986081158 0.39182782120169996 0.6767900312292293 0.06999514854981818 0.0 0.0 0.0 0.0 0.0 0.0 0.0 0.0 0.0 0.0
a1ly3njtyw9tff
unusual steps are being taken for the ceremony of the oath taking
0.0 0.4253140995398321 0.17551137948773554 0.3046310213413473 0.3620746116848091 0.1608924749285346 0.07108009863825888 0.0 0.4562098221356983 0.0 0.0 0.0 0.0 0.0 0.0 0.0 0.0 0.0 0.0 0.0 0.4159023986081158 0.39182782120169996 0.6767900312292293 0.06999514854981818 0.0 0.0 0.0 0.0 0.0 0.0 0.0 0.0 0.0 0.0
a6tw9zegog7ph
unusual steps are being taken for the swearing in ceremony
0.0 0.5103769194477985 0.21061365538528265 0.3655572256096168 0.43448953402177093 0.1930709699142415 0.042648059182955333 0.0 0.5474517865628379 0.0 0.0 0.0 0.0 0.0 0.0 0.0 0.0 0.0 0.0 0.0 0.0 0.0 0.8121480374750751 0.0 0.0 0.0 0.0 0.0 0.0 0.0 0.8526945482858915 0.1029830702456681 0.0 0.0
ajh0yow6plss8
extraordinary preparations are on the way for the oath taking ceremony
0.7121634820271792 0.0 0.19146695944116604 0.0 0.0 0.17551906355840138 0.07754192578719152 0.0 0.4976834423298527 0.0 0.0 0.0 0.0 0.0 0.0 0.0 0.0 0.0 0.0 0.0 0.4537117075724899 0.4274485322200363 0.0 0.0 0.0 0.6229971862988404 0.17027343294325484 0.40047290422260917 0.0 0.0 0.0 0.0 0.0 0.0
ajcv8bvciqxhp
extraordinary preparations are in progress for the oath taking ceremony
0.7833798302298971 0.0 0.21061365538528265 0.0 0.0 0.1930709699142415 0.042648059182955333 0.0 0.5474517865628379 0.0 0.0 0.0 0.0 0.0 0.0 0.0 0.0 0.0 0.0 0.0 0.4990828783297389 0.47019338544204 0.0 0.0 0.0 0.6852969049287244 0.0 0.0 0.0 0.0 0.0 0.1029830702456681 0.622436038986487 0.0
a2zhr3rebfem5a
extra ordinary preparations are underway for the oath taking ceremony
0.0 0.0 0.21061365538528265 0.0 0.0 0.1930709699142415 0.042648059182955333 0.0 0.5474517865628379 0.0 0.0 0.0 0.0 0.0 0.0 0.0 0.0 0.0 0.7428333194190806 0.0 0.4990828783297389 0.47019338544204 0.0 0.0 0.7022868086082641 0.6852969049287244 0.0 0.0 0.0 0.0 0.0 0.0 0.0 0.8016119859092925
a3ohqrf1mdq99b
special arrangements have been made for the inauguration
0.0 0.0 0.0 0.0 0.0 0.24133871239280189 0.05331007397869417 0.0 0.0 0.990101209911075 0.7889214708568124 0.4883608355471342 0.0 0.0 0.0 0.0 0.2859962534985537 0.3680878865921013 0.0 0.0 0.0 0.0 0.0 0.0 0.0 0.0 0.0 0.0 0.7273619102195882 0.0 0.0 0.0 0.0 0.0
