moreover while working to remove the differences among other muslims it will work complete its (the foundation of islamic commonwealth) partially completed mission but also carry forward his unaccomplished (of establishment a muslim by removing incomplete (to set up an mediating settle amongst as well and achieve establishing commonwealth addressing more over resolving conflicts (islamic common wealth establishment) give plunge uncompleted rather forming joint nation) be advanced still between eradicating formation wealth) carried eliminating accomplish (establishment establishments) cause trouble nation instead compiled
moreover while working to remove the differences among other muslims it will work to complete its (the foundation of the islamic commonwealth) partially completed mission
0.26620573223829297 0.16049718660555823 0.21835570190901193 0.08638994477689284 0.2416815533228366 0.03411844734636427 0.2489744155945948 0.19682169002276872 0.1335451604610083 0.15422701980665202 0.08100621748106501 0.08862052799204737 0.16629990521567578 0.217436121180024 0.13255291849496442 0.3018446491938876 0.3071859048988685 0.03359767130391273 0.20570220878052567 0.3688037065367544 0.3688037065367544 0.27805636488401986 0.2531888362209078 0.0 0.0 0.0 0.0 0.0 0.0 0.0 0.0 0.0 0.0 0.0 0.0 0.0 0.0 0.0 0.0 0.0 0.0 0.0 0.0 0.0 0.0 0.0 0.0 0.0 0.0 0.0 0.0 0.0 0.0 0.0 0.0 0.0 0.0 0.0 0.0 0.0 0.0 0.0 0.0 0.0 0.0 0.0 0.0 0.0 0.0 0.0 0.0 0.0 0.0 0.0 0.0 0.0 0.0 0.0 0.0 0.0 0.0 0.0
but also carry forward his unaccomplished mission (of establishment of a muslim commonwealth) by removing the differences among other muslims
0.0 0.0 0.0 0.0 0.0 0.021324029591477667 0.3112180194932435 0.2460271125284609 0.16693145057626038 0.19278377475831504 0.0 0.0 0.0 0.0 0.0 0.0 0.0 0.04199708912989091 0.0 0.46100463317094303 0.0 0.0 0.3164860452761348 0.13058211483582488 0.13795727280396355 0.322375197058954 0.3381678445298778 0.13352209605925253 0.5159352476043486 0.40080599295464625 0.3411098695310245 0.07089416735858717 0.20621497804911493 0.12477296307007239 0.3112180194932435 0.0 0.0 0.0 0.0 0.0 0.0 0.0 0.0 0.0 0.0 0.0 0.0 0.0 0.0 0.0 0.0 0.0 0.0 0.0 0.0 0.0 0.0 0.0 0.0 0.0 0.0 0.0 0.0 0.0 0.0 0.0 0.0 0.0 0.0 0.0 0.0 0.0 0.0 0.0 0.0 0.0 0.0 0.0 0.0 0.0 0.0 0.0
but also carry forward his incomplete mission (to set up an islamic commonwealth) by mediating to settle the differences amongst other muslims as well
0.0 0.0 0.0 0.04499476290463169 0.0 0.01777002465956472 0.2593483495777029 0.0 0.13910954214688365 0.1606531456319292 0.0 0.0 0.0 0.0 0.0 0.0 0.0 0.0 0.2142731341463809 0.3841705276424525 0.0 0.0 0.26373837106344566 0.10881842902985407 0.11496439400330295 0.2686459975491283 0.2818065371082315 0.11126841338271044 0.0 0.0 0.0 0.0 0.0 0.10397746922506033 0.0 0.3433026421002973 0.3841705276424525 0.24788571248416455 0.17937457483517372 0.12293188607398291 0.4299460396702905 0.3118954836679481 0.2732293681830587 0.10980421962638102 0.18719603519610503 0.0 0.0 0.0 0.0 0.0 0.0 0.0 0.0 0.0 0.0 0.0 0.0 0.0 0.0 0.0 0.0 0.0 0.0 0.0 0.0 0.0 0.0 0.0 0.0 0.0 0.0 0.0 0.0 0.0 0.0 0.0 0.0 0.0 0.0 0.0 0.0 0.0
and to achieve the incomplete mission of establishing an islamic commonwealth addressing the differences among muslims
0.0 0.0 0.0 0.06749214435694753 0.0 0.05331007397869417 0.3890225243665544 0.3075338906605761 0.0 0.2409797184478938 0.0 0.0 0.0 0.0 0.0 0.0 0.0 0.05249636141236364 0.32140970121957135 0.0 0.0 0.0 0.3956075565951685 0.0 0.0 0.0 0.0 0.0 0.0 0.0 0.0 0.0 0.0 0.0 0.0 0.514953963150446 0.0 0.0 0.0 0.18439782911097435 0.0 0.0 0.0 0.0 0.0 0.06212281498764324 0.4016802908735215 0.4227098056623473 0.5762557914636788 0.3657998020895242 0.0 0.0 0.0 0.0 0.0 0.0 0.0 0.0 0.0 0.0 0.0 0.0 0.0 0.0 0.0 0.0 0.0 0.0 0.0 0.0 0.0 0.0 0.0 0.0 0.0 0.0 0.0 0.0 0.0 0.0 0.0 0.0
a1sanjgoj47idf
more over by resolving muslims conflicts (islamic common wealth establishment) will give plunge to its uncompleted mission
0.0 0.0 0.0 0.06352201821830356 0.0 0.0 0.0 0.0 0.0 0.22680444089213533 0.0 0.13032430587065788 0.0 0.0 0.19493076249259475 0.0 0.0 0.0 0.0 0.0 0.0 0.0 0.37233652385427624 0.0 0.0 0.0 0.0 0.0 0.0 0.0 0.0 0.0 0.0 0.14679172125890871 0.0 0.0 0.0 0.0 0.0 0.0 0.0 0.0 0.0 0.0 0.0 0.0 0.0 0.0 0.0 0.0 0.21303945320120507 0.21972327823107096 0.4225418080092836 0.4925173413548034 0.5423583919658154 0.31505060716629785 0.4608116648411159 0.5662092806780603 0.25960841788425887 0.5423583919658154 0.5423583919658154 0.0 0.0 0.0 0.0 0.0 0.0 0.0 0.0 0.0 0.0 0.0 0.0 0.0 0.0 0.0 0.0 0.0 0.0 0.0 0.0 0.0
a3dd3acpmvdvca
rather the incomplete mission (of forming a joint islamic nation) will be advanced while still removing the differences between the muslims
0.0 0.19106807929233122 0.0 0.0 0.0 0.06092579883279333 0.29639811380308906 0.0 0.0 0.18360359500791906 0.0 0.10550062856196114 0.0 0.0 0.0 0.0 0.0 0.0 0.24488358188157816 0.0 0.0 0.0 0.3014152812153665 0.0 0.0 0.0 0.0 0.0 0.0 0.3817199932901393 0.0 0.06751825462722587 0.0 0.0 0.29639811380308906 0.39234587668605403 0.0 0.0 0.0 0.0 0.0 0.0 0.0 0.0 0.0 0.0 0.0 0.0 0.0 0.0 0.0 0.0 0.0 0.0 0.0 0.0 0.0 0.0 0.0 0.0 0.0 0.2581364358160028 0.35373015210432407 0.27401698860091117 0.491366902480332 0.10222966409329287 0.34205765410275335 0.20317218015059782 0.18869510911386092 0.0 0.0 0.0 0.0 0.0 0.0 0.0 0.0 0.0 0.0 0.0 0.0 0.0
a143bvgouf83je
also while eradicating the differences between other muslims its (the formation of islamic common wealth) mission will be carried forward
0.0 0.20062148325694779 0.0 0.0 0.0 0.021324029591477667 0.3112180194932435 0.0 0.16693145057626038 0.19278377475831504 0.0 0.1107756599900592 0.0 0.0 0.16569114811870553 0.3773058114923595 0.0 0.04199708912989091 0.2571277609756571 0.0 0.0 0.0 0.3164860452761348 0.0 0.13795727280396355 0.0 0.3381678445298778 0.0 0.0 0.0 0.0 0.0 0.0 0.0 0.0 0.0 0.0 0.0 0.0 0.0 0.0 0.0 0.0 0.0 0.0 0.0 0.0 0.0 0.0 0.0 0.0 0.0 0.0 0.0 0.0 0.2677930160913532 0.0 0.0 0.0 0.0 0.0 0.0 0.0 0.0 0.0 0.10734114729795752 0.0 0.0 0.19812986456955398 0.39168991511494855 0.3426484524643622 0.46100463317094303 0.2800103040395938 0.0 0.0 0.0 0.0 0.0 0.0 0.0 0.0 0.0
a8v7wa74iohz9
but by eliminating the differences between other muslims will accomplish its (establishment of islamic common wealth) incomplete mission
0.0 0.0 0.0 0.0 0.0 0.02369336621275296 0.3457977994369372 0.0 0.1854793895291782 0.21420419417590558 0.0 0.12308406665562134 0.0 0.0 0.1841012756874506 0.0 0.0 0.04666343236654546 0.28569751219517453 0.0 0.0 0.0 0.35165116141792757 0.14509123870647211 0.0 0.0 0.0 0.0 0.0 0.0 0.0 0.0 0.0 0.13863662563341378 0.0 0.4577368561337297 0.0 0.0 0.0 0.0 0.0 0.0 0.0 0.0 0.0 0.0 0.0 0.0 0.0 0.0 0.0 0.0 0.0 0.0 0.0 0.2975477956570591 0.0 0.0 0.0 0.0 0.0 0.0 0.0 0.0 0.0 0.0 0.0 0.0 0.22014429396617108 0.0 0.0 0.5122273701899367 0.0 0.3967028400966125 0.4158606448905975 0.5732613862270539 0.0 0.0 0.0 0.0 0.0 0.0
a291u81kgj6l9n
by resolving muslims conflicts the islamic commonwealth establishment will give plunge to its uncompleted mission
0.0 0.0 0.0 0.0719916206474107 0.0 0.028432039455303555 0.0 0.0 0.0 0.2570450330110867 0.0 0.1477008799867456 0.0 0.0 0.2209215308249407 0.0 0.0 0.0 0.34283701463420946 0.0 0.0 0.0 0.42198139370151305 0.0 0.0 0.0 0.0 0.0 0.0 0.0 0.4548131593746994 0.0 0.0 0.16636395076009652 0.0 0.0 0.0 0.0 0.0 0.0 0.0 0.0 0.0 0.0 0.0 0.0 0.0 0.0 0.614672844227924 0.0 0.0 0.0 0.4788807157438547 0.5581863202021106 0.0 0.0 0.0 0.0 0.29422287360216004 0.614672844227924 0.614672844227924 0.0 0.0 0.0 0.0 0.0 0.0 0.0 0.0 0.0 0.0 0.0 0.0 0.0 0.0 0.0 0.0 0.0 0.0 0.0 0.0 0.0
a96lt9onaw64r
more over by resolving muslims conflicts (islamic common wealth establishment) will give plunge to its uncompleted mission
0.0 0.0 0.0 0.06352201821830356 0.0 0.0 0.0 0.0 0.0 0.22680444089213533 0.0 0.13032430587065788 0.0 0.0 0.19493076249259475 0.0 0.0 0.0 0.0 0.0 0.0 0.0 0.37233652385427624 0.0 0.0 0.0 0.0 0.0 0.0 0.0 0.0 0.0 0.0 0.14679172125890871 0.0 0.0 0.0 0.0 0.0 0.0 0.0 0.0 0.0 0.0 0.0 0.0 0.0 0.0 0.0 0.0 0.21303945320120507 0.21972327823107096 0.4225418080092836 0.4925173413548034 0.5423583919658154 0.31505060716629785 0.4608116648411159 0.5662092806780603 0.25960841788425887 0.5423583919658154 0.5423583919658154 0.0 0.0 0.0 0.0 0.0 0.0 0.0 0.0 0.0 0.0 0.0 0.0 0.0 0.0 0.0 0.0 0.0 0.0 0.0 0.0 0.0
a3be22a89fb8uj
moreover by resolving muslim conflicts (islamic common wealth establishments) will cause trouble to its incomplete mission
0.41594645662233276 0.0 0.0 0.06749214435694753 0.0 0.0 0.0 0.0 0.0 0.0 0.0 0.138469574987574 0.0 0.0 0.20711393514838192 0.0 0.0 0.0 0.0 0.0 0.0 0.0 0.3956075565951685 0.0 0.0 0.0 0.0 0.0 0.0 0.0 0.0 0.0 0.25776872256139366 0.1559662038375905 0.0 0.514953963150446 0.0 0.0 0.0 0.0 0.0 0.0 0.0 0.0 0.0 0.0 0.0 0.0 0.0 0.0 0.0 0.0 0.4489506710098638 0.5232996751894786 0.5762557914636788 0.33474127011419147 0.48961239389368566 0.0 0.0 0.0 0.0 0.0 0.0 0.0 0.0 0.0 0.0 0.0 0.0 0.0 0.0 0.0 0.0 0.0 0.0 0.0 0.6449190595054357 0.3269442885534117 0.46089162330753314 0.0 0.0 0.0
a2zhr3rebfem5a
will the incomplete mission of forming a joint islamic nation be advanced while still removing the differences between the muslims
0.0 0.20062148325694779 0.0 0.0 0.0 0.063972088774433 0.3112180194932435 0.0 0.0 0.19278377475831504 0.0 0.1107756599900592 0.0 0.0 0.0 0.0 0.0 0.04199708912989091 0.2571277609756571 0.0 0.0 0.0 0.3164860452761348 0.0 0.0 0.0 0.0 0.0 0.0 0.0 0.0 0.07089416735858717 0.0 0.0 0.3112180194932435 0.41196317052035675 0.0 0.0 0.0 0.0 0.0 0.0 0.0 0.0 0.0 0.0 0.0 0.0 0.0 0.0 0.0 0.0 0.0 0.0 0.0 0.0 0.0 0.0 0.0 0.0 0.0 0.0 0.3714166597095403 0.28771783803095674 0.0 0.10734114729795752 0.35916053680789106 0.2133307891581277 0.19812986456955398 0.0 0.0 0.0 0.0 0.0 0.0 0.0 0.0 0.0 0.0 0.2377092272382139 0.0 0.0
a301gnfg8w711q
will the incomplete mission of forming a joint islamic nation will be advanced while still removing the differences between the muslims
0.0 0.19106807929233122 0.0 0.0 0.0 0.06092579883279333 0.29639811380308906 0.0 0.0 0.18360359500791906 0.0 0.2110012571239223 0.0 0.0 0.0 0.0 0.0 0.03999722774275325 0.24488358188157816 0.0 0.0 0.0 0.3014152812153665 0.0 0.0 0.0 0.0 0.0 0.0 0.0 0.0 0.06751825462722587 0.0 0.0 0.29639811380308906 0.39234587668605403 0.0 0.0 0.0 0.0 0.0 0.0 0.0 0.0 0.0 0.0 0.0 0.0 0.0 0.0 0.0 0.0 0.0 0.0 0.0 0.0 0.0 0.0 0.0 0.0 0.0 0.0 0.35373015210432407 0.27401698860091117 0.0 0.10222966409329287 0.34205765410275335 0.20317218015059782 0.18869510911386092 0.0 0.0 0.0 0.0 0.0 0.0 0.0 0.0 0.0 0.0 0.22638974022687036 0.0 0.0
acjl95je4qgk4
instead the incomplete mission of forming a joint islamic nation will be advanced while still removing the differences between the muslims
0.0 0.19106807929233122 0.0 0.0 0.0 0.06092579883279333 0.29639811380308906 0.0 0.0 0.18360359500791906 0.0 0.10550062856196114 0.0 0.0 0.0 0.0 0.0 0.03999722774275325 0.24488358188157816 0.0 0.0 0.0 0.3014152812153665 0.0 0.0 0.0 0.0 0.0 0.0 0.0 0.0 0.06751825462722587 0.0 0.0 0.29639811380308906 0.39234587668605403 0.0 0.0 0.0 0.0 0.0 0.0 0.0 0.0 0.0 0.0 0.0 0.0 0.0 0.0 0.0 0.0 0.0 0.0 0.0 0.0 0.0 0.0 0.0 0.0 0.0 0.0 0.35373015210432407 0.27401698860091117 0.0 0.10222966409329287 0.34205765410275335 0.20317218015059782 0.18869510911386092 0.0 0.0 0.0 0.0 0.0 0.0 0.0 0.0 0.0 0.0 0.22638974022687036 0.24939526605250034 0.0
a2zhr3rebfem5a
while eradicating the differences between other muslims the formation of an islamic common wealth will be carried forward
0.0 0.2229127591743864 0.0 0.0 0.0 0.04738673242550592 0.3457977994369372 0.0 0.1854793895291782 0.21420419417590558 0.0 0.12308406665562134 0.0 0.0 0.0 0.0 0.0 0.04666343236654546 0.28569751219517453 0.0 0.0 0.0 0.0 0.0 0.0 0.0 0.375742049477642 0.0 0.0 0.0 0.0 0.0 0.0 0.0 0.0 0.0 0.0 0.0 0.0 0.1639091814319772 0.0 0.0 0.0 0.0 0.0 0.0 0.0 0.0 0.0 0.0 0.0 0.0 0.0 0.0 0.0 0.2975477956570591 0.43521101679438723 0.0 0.0 0.0 0.0 0.0 0.0 0.0 0.0 0.11926794144217502 0.0 0.0 0.22014429396617108 0.43521101679438723 0.38072050273818026 0.0 0.31112256004399313 0.0 0.0 0.0 0.0 0.0 0.0 0.0 0.0 0.0
a1ly3njtyw9tff
also while eradicating the differences between other muslims its (the formation of islamic common wealth) mission will be carried forward
0.0 0.20062148325694779 0.0 0.0 0.0 0.021324029591477667 0.3112180194932435 0.0 0.16693145057626038 0.19278377475831504 0.0 0.1107756599900592 0.0 0.0 0.16569114811870553 0.3773058114923595 0.0 0.04199708912989091 0.2571277609756571 0.0 0.0 0.0 0.3164860452761348 0.0 0.13795727280396355 0.0 0.3381678445298778 0.0 0.0 0.0 0.0 0.0 0.0 0.0 0.0 0.0 0.0 0.0 0.0 0.0 0.0 0.0 0.0 0.0 0.0 0.0 0.0 0.0 0.0 0.0 0.0 0.0 0.0 0.0 0.0 0.2677930160913532 0.0 0.0 0.0 0.0 0.0 0.0 0.0 0.0 0.0 0.10734114729795752 0.0 0.0 0.19812986456955398 0.39168991511494855 0.3426484524643622 0.46100463317094303 0.2800103040395938 0.0 0.0 0.0 0.0 0.0 0.0 0.0 0.0 0.0
a2bk4fasw056jr
also while eradicating the differences between other muslims islamic common wealth will be compiled
0.0 0.2866021189384968 0.0 0.0 0.0 0.030462899416396665 0.44459717070463356 0.0 0.2384735008232291 0.2754053925118786 0.0 0.15825094284294172 0.0 0.0 0.0 0.0 0.0 0.0 0.36732537282236727 0.0 0.0 0.0 0.0 0.0 0.1970818182913765 0.0 0.0 0.0 0.0 0.0 0.0 0.0 0.0 0.0 0.0 0.0 0.0 0.0 0.0 0.0 0.0 0.0 0.0 0.0 0.0 0.0 0.0 0.0 0.0 0.0 0.0 0.0 0.0 0.0 0.0 0.38256145155907595 0.5595570215927836 0.0 0.0 0.0 0.0 0.0 0.0 0.0 0.0 0.1533444961399393 0.0 0.0 0.2830426636707914 0.5595570215927836 0.0 0.0 0.0 0.0 0.0 0.0 0.0 0.0 0.0 0.0 0.0 0.737050353720498
a14hqnh7cogdk2
by eliminating the differences among muslims it will complete its mission of establishing an islamic commonwealth
0.0 0.0 0.0 0.0 0.0 0.026655036989347083 0.3890225243665544 0.3075338906605761 0.0 0.2409797184478938 0.12657221481416409 0.138469574987574 0.0 0.3397439393437875 0.20711393514838192 0.0 0.0 0.05249636141236364 0.32140970121957135 0.0 0.0 0.0 0.3956075565951685 0.0 0.0 0.0 0.0 0.0 0.0 0.0 0.0 0.0 0.0 0.1559662038375905 0.0 0.0 0.0 0.0 0.0 0.18439782911097435 0.0 0.0 0.0 0.0 0.0 0.0 0.0 0.4227098056623473 0.5762557914636788 0.0 0.0 0.0 0.0 0.0 0.0 0.0 0.0 0.0 0.0 0.0 0.0 0.0 0.0 0.0 0.0 0.0 0.0 0.0 0.0 0.0 0.0 0.0 0.0 0.4462906951086891 0.0 0.0 0.0 0.0 0.0 0.0 0.0 0.0
