without ridding pakistan of these troublemakers national security is in danger cleaning out wicked people from the safety country will be cleansing mischiefmongers remain until we rid miscreants evil doers countrys existence jeopardy mischief mongers at risk stay extremists are not eradicated rooting evildoers pakistans pakistani eliminating to
without ridding pakistan of these troublemakers national security is in danger
0.42811210517291004 0.938064086553361 0.21433486238214552 0.07635834387252893 0.2737729670292939 0.8750507065024569 0.4114264857911661 0.3551715167615522 0.11880141080314784 0.09362097295060737 0.5363513040263975 0.0 0.0 0.0 0.0 0.0 0.0 0.0 0.0 0.0 0.0 0.0 0.0 0.0 0.0 0.0 0.0 0.0 0.0 0.0 0.0 0.0 0.0 0.0 0.0 0.0 0.0 0.0 0.0 0.0 0.0 0.0 0.0 0.0 0.0 0.0 0.0 0.0
without cleaning out these wicked people from pakistan the safety of the country will be in danger
0.277013715111883 0.0 0.13868726389432945 0.04940834015281284 0.17714721396013133 0.0 0.0 0.0 0.0 0.06057827661509889 0.34705084378178663 0.4777341396912207 0.2357041260549445 0.5423583919658154 0.15922720897097375 0.14193497878988465 0.0501741872740651 0.385735578611377 0.2298168637868867 0.13032430587065788 0.12628370270347944 0.0 0.0 0.0 0.0 0.0 0.0 0.0 0.0 0.0 0.0 0.0 0.0 0.0 0.0 0.0 0.0 0.0 0.0 0.0 0.0 0.0 0.0 0.0 0.0 0.0 0.0 0.0
without cleansing pakistan of these mischiefmongers national security will remain in danger
0.3924360964085009 0.0 0.19647362385030007 0.06999514854981818 0.25095855311018606 0.0 0.37714094530856895 0.32557389036475615 0.0 0.08581922520472342 0.49165536202419774 0.0 0.0 0.0 0.0 0.0 0.0 0.0 0.0 0.18462609998343202 0.0 0.7443675492472567 0.859892079340581 0.4562098221356983 0.0 0.0 0.0 0.0 0.0 0.0 0.0 0.0 0.0 0.0 0.0 0.0 0.0 0.0 0.0 0.0 0.0 0.0 0.0 0.0 0.0 0.0 0.0 0.0
the country will remain in danger until we rid pakistan of these miscreants
0.0 0.0 0.18136026816950773 0.06461090635367833 0.23165404902478712 0.0 0.0 0.0 0.0 0.07921774634282162 0.45383571879156714 0.0 0.0 0.0 0.0 0.0 0.0328061993715041 0.0 0.3005297449520826 0.17042409229239877 0.0 0.0 0.0 0.42111675889449074 0.34907395663804935 0.23556982403048388 0.5062334872156617 0.7092378971860662 0.0 0.0 0.0 0.0 0.0 0.0 0.0 0.0 0.0 0.0 0.0 0.0 0.0 0.0 0.0 0.0 0.0 0.0 0.0 0.0
a1wyssw33m2fz2
without cleaning pakistan from these evil doers the countrys existence will be in jeopardy
0.3363737969215722 0.0 0.1684059633002572 0.0 0.21510733123730233 0.0 0.0 0.0 0.0 0.07355933588976293 0.0 0.5801057410536251 0.0 0.0 0.0 0.17234961710200278 0.030462899416396665 0.0 0.0 0.15825094284294172 0.1533444961399393 0.0 0.0 0.0 0.0 0.0 0.0 0.0 0.45081226906103566 0.6585780473870615 0.4521229218230497 0.4872998136157493 0.6090675344899225 0.0 0.0 0.0 0.0 0.0 0.0 0.0 0.0 0.0 0.0 0.0 0.0 0.0 0.0 0.0
a3dd3acpmvdvca
without cleaning pakistan of these mischief mongers the national security will remain at risk
0.3363737969215722 0.0 0.1684059633002572 0.05999584161412987 0.21510733123730233 0.0 0.3232636674073448 0.2790633345983624 0.0 0.0 0.0 0.5801057410536251 0.0 0.0 0.0 0.0 0.030462899416396665 0.0 0.0 0.15825094284294172 0.0 0.0 0.0 0.3910369904020271 0.0 0.0 0.0 0.0 0.0 0.0 0.0 0.0 0.0 0.46675109415490784 0.5657721199491857 0.22125713242174821 0.4346141748206937 0.0 0.0 0.0 0.0 0.0 0.0 0.0 0.0 0.0 0.0 0.0
a3fq8i38xt2b4z
pakistan security will stay at risk until these extremists are not eradicated from pakistan
0.0 0.0 0.3368119266005144 0.0 0.21510733123730233 0.0 0.0 0.2790633345983624 0.0 0.0 0.0 0.0 0.0 0.0 0.0 0.17234961710200278 0.0 0.0 0.0 0.15825094284294172 0.0 0.0 0.0 0.0 0.3241401025924744 0.0 0.0 0.0 0.0 0.0 0.0 0.0 0.0 0.0 0.0 0.22125713242174821 0.4346141748206937 0.4214188817350267 0.3641677947863319 0.1504383252752019 0.15290196344552598 0.5725799899352089 0.0 0.0 0.0 0.0 0.0 0.0
a132zmwemnnusa
without rooting these miscreants out of pakistan the national security will be at risk
0.3363737969215722 0.0 0.1684059633002572 0.05999584161412987 0.21510733123730233 0.0 0.3232636674073448 0.2790633345983624 0.0 0.0 0.0 0.0 0.2862121530667183 0.0 0.0 0.0 0.030462899416396665 0.0 0.0 0.15825094284294172 0.1533444961399393 0.0 0.0 0.0 0.0 0.0 0.0 0.6585780473870615 0.0 0.0 0.0 0.0 0.0 0.0 0.0 0.22125713242174821 0.4346141748206937 0.0 0.0 0.0 0.0 0.0 0.737050353720498 0.0 0.0 0.0 0.0 0.0
a143awku99stc9
without cleaning pakistan of these evil doers the countrys existence will be in jeopardy
0.3363737969215722 0.0 0.1684059633002572 0.05999584161412987 0.21510733123730233 0.0 0.0 0.0 0.0 0.07355933588976293 0.0 0.5801057410536251 0.0 0.0 0.0 0.0 0.030462899416396665 0.0 0.0 0.15825094284294172 0.1533444961399393 0.0 0.0 0.0 0.0 0.0 0.0 0.0 0.45081226906103566 0.6585780473870615 0.4521229218230497 0.4872998136157493 0.6090675344899225 0.0 0.0 0.0 0.0 0.0 0.0 0.0 0.0 0.0 0.0 0.0 0.0 0.0 0.0 0.0
a1nee8mf6oybf8
without cleaning pakistan from these evil doers the countrys existence will be in jeopardy
0.3363737969215722 0.0 0.1684059633002572 0.0 0.21510733123730233 0.0 0.0 0.0 0.0 0.07355933588976293 0.0 0.5801057410536251 0.0 0.0 0.0 0.17234961710200278 0.030462899416396665 0.0 0.0 0.15825094284294172 0.1533444961399393 0.0 0.0 0.0 0.0 0.0 0.0 0.0 0.45081226906103566 0.6585780473870615 0.4521229218230497 0.4872998136157493 0.6090675344899225 0.0 0.0 0.0 0.0 0.0 0.0 0.0 0.0 0.0 0.0 0.0 0.0 0.0 0.0 0.0
a1c0lbe9vl3ax
without cleaning pakistan from these evildoers the countrys existence will be in jeopardy
0.36224870437707773 0.0 0.18136026816950773 0.0 0.23165404902478712 0.0 0.0 0.0 0.0 0.07921774634282162 0.0 0.6247292595962116 0.0 0.0 0.0 0.185607279956003 0.0328061993715041 0.0 0.0 0.17042409229239877 0.16514022661224234 0.0 0.0 0.0 0.0 0.0 0.0 0.0 0.0 0.0 0.48690160811713046 0.5247844146631147 0.6559188832968397 0.0 0.0 0.0 0.0 0.0 0.0 0.0 0.0 0.0 0.0 0.7404275208866943 0.0 0.0 0.0 0.0
a2unp2crnrfiw8
without cleaning pakistan of these mischief mongers the national security will remain at risk
0.3363737969215722 0.0 0.1684059633002572 0.05999584161412987 0.21510733123730233 0.0 0.3232636674073448 0.2790633345983624 0.0 0.0 0.0 0.5801057410536251 0.0 0.0 0.0 0.0 0.030462899416396665 0.0 0.0 0.15825094284294172 0.0 0.0 0.0 0.3910369904020271 0.0 0.0 0.0 0.0 0.0 0.0 0.0 0.0 0.0 0.46675109415490784 0.5657721199491857 0.22125713242174821 0.4346141748206937 0.0 0.0 0.0 0.0 0.0 0.0 0.0 0.0 0.0 0.0 0.0
a2rcbwy8ulhnj0
without cleaning pakistan of these mischief mongers the national security will remain at risk
0.3363737969215722 0.0 0.1684059633002572 0.05999584161412987 0.21510733123730233 0.0 0.3232636674073448 0.2790633345983624 0.0 0.0 0.0 0.5801057410536251 0.0 0.0 0.0 0.0 0.030462899416396665 0.0 0.0 0.15825094284294172 0.0 0.0 0.0 0.3910369904020271 0.0 0.0 0.0 0.0 0.0 0.0 0.0 0.0 0.0 0.46675109415490784 0.5657721199491857 0.22125713242174821 0.4346141748206937 0.0 0.0 0.0 0.0 0.0 0.0 0.0 0.0 0.0 0.0 0.0
a1e4smxrh1paux
without cleaning pakistan of these mischief mongers the national security will remain at risk
0.3363737969215722 0.0 0.1684059633002572 0.05999584161412987 0.21510733123730233 0.0 0.3232636674073448 0.2790633345983624 0.0 0.0 0.0 0.5801057410536251 0.0 0.0 0.0 0.0 0.030462899416396665 0.0 0.0 0.15825094284294172 0.0 0.0 0.0 0.3910369904020271 0.0 0.0 0.0 0.0 0.0 0.0 0.0 0.0 0.0 0.46675109415490784 0.5657721199491857 0.22125713242174821 0.4346141748206937 0.0 0.0 0.0 0.0 0.0 0.0 0.0 0.0 0.0 0.0 0.0
a1kf7gs7yulm10
pakistans security will be at risk until these extremists are eradicated from pakistan
0.0 0.0 0.18136026816950773 0.0 0.23165404902478712 0.0 0.0 0.3005297449520826 0.0 0.0 0.0 0.0 0.0 0.0 0.0 0.185607279956003 0.0 0.0 0.0 0.17042409229239877 0.16514022661224234 0.0 0.0 0.0 0.34907395663804935 0.0 0.0 0.0 0.0 0.0 0.0 0.0 0.0 0.0 0.0 0.23827691183880575 0.46804603442228554 0.0 0.39218070207758815 0.1620105041425251 0.0 0.6166246045456096 0.0 0.0 0.38813118411717107 0.0 0.0 0.0
a16w65rrfhr02y
pakistan security will stay at risk until these extremists are eradicated from pakistan
0.0 0.0 0.36272053633901546 0.0 0.23165404902478712 0.0 0.0 0.3005297449520826 0.0 0.0 0.0 0.0 0.0 0.0 0.0 0.185607279956003 0.0 0.0 0.0 0.17042409229239877 0.0 0.0 0.0 0.0 0.34907395663804935 0.0 0.0 0.0 0.0 0.0 0.0 0.0 0.0 0.0 0.0 0.23827691183880575 0.46804603442228554 0.45383571879156714 0.39218070207758815 0.1620105041425251 0.0 0.6166246045456096 0.0 0.0 0.0 0.0 0.0 0.0
ay9joh7iihjwe
pakistani security will remain at risk until these extremists are eradicated from the country
0.0 0.0 0.0 0.0 0.21510733123730233 0.0 0.0 0.2790633345983624 0.0 0.0 0.0 0.0 0.0 0.0 0.0 0.17234961710200278 0.030462899416396665 0.0 0.2790633345983624 0.15825094284294172 0.0 0.0 0.0 0.3910369904020271 0.3241401025924744 0.0 0.0 0.0 0.0 0.0 0.0 0.0 0.0 0.0 0.0 0.22125713242174821 0.4346141748206937 0.0 0.3641677947863319 0.1504383252752019 0.0 0.5725799899352089 0.0 0.0 0.0 0.26286694020860357 0.0 0.0
a3i6odkoktfoow
without eliminating these miscreants out of pakistan the national security will remain to be at risk
0.29432707230637567 0.0 0.14735521788772504 0.05249636141236364 0.18821891483263953 0.0 0.2828557089814267 0.2441804177735671 0.0 0.0 0.0 0.0 0.25043563393337853 0.0 0.0 0.0 0.026655036989347083 0.0 0.0 0.138469574987574 0.1341764341224469 0.0 0.0 0.3421573666017737 0.0 0.0 0.0 0.5762557914636788 0.0 0.0 0.0 0.0 0.0 0.0 0.0 0.19359999086902968 0.380287402968107 0.0 0.0 0.0 0.0 0.0 0.0 0.0 0.0 0.0 0.4462906951086891 0.06749214435694753
