ammar of course faithful ones omar believer women believers with belief ammaar ofcourse faith umar believing some replaces in policewomen sister there are people who place more responsibility on than policemen
ammar of course faithful ones
1.6745589606063316 0.16798835651956365 1.3973000883823534 1.647852682081427 1.1467474946832799 0.0 0.0 0.0 0.0 0.0 0.0 0.0 0.0 0.0 0.0 0.0 0.0 0.0 0.0 0.0 0.0 0.0 0.0 0.0 0.0 0.0 0.0 0.0 0.0 0.0 0.0
omar of course believer women
0.0 0.16798835651956365 1.3973000883823534 0.0 0.0 1.3415574078885493 1.8440185326837721 0.9069759539514466 0.0 0.0 0.0 0.0 0.0 0.0 0.0 0.0 0.0 0.0 0.0 0.0 0.0 0.0 0.0 0.0 0.0 0.0 0.0 0.0 0.0 0.0 0.0
ammar of course believers
2.0931987007579145 0.20998544564945457 1.7466251104779418 0.0 0.0 0.0 0.0 0.0 1.8865290574617974 0.0 0.0 0.0 0.0 0.0 0.0 0.0 0.0 0.0 0.0 0.0 0.0 0.0 0.0 0.0 0.0 0.0 0.0 0.0 0.0 0.0 0.0
ammar of course women with belief
1.3954658005052762 0.13999029709963637 1.1644167403186279 0.0 0.0 0.0 0.0 0.7558132949595389 0.0 0.3917309086790423 1.1833048545364617 0.0 0.0 0.0 0.0 0.0 0.0 0.0 0.0 0.0 0.0 0.0 0.0 0.0 0.0 0.0 0.0 0.0 0.0 0.0 0.0
a3hs2e871iw2fi
ammaar ofcourse with faith
0.0 0.0 0.0 0.0 0.0 0.0 0.0 0.0 0.0 0.5875963630185634 0.0 2.23310264774177 2.23310264774177 1.6016704866647062 0.0 0.0 0.0 0.0 0.0 0.0 0.0 0.0 0.0 0.0 0.0 0.0 0.0 0.0 0.0 0.0 0.0
a172x4w90uost1
umar ofcourse faithful
0.0 0.0 0.0 2.7464211368023785 0.0 0.0 0.0 0.0 0.0 0.0 0.0 0.0 2.9774701969890267 0.0 2.380217040579675 0.0 0.0 0.0 0.0 0.0 0.0 0.0 0.0 0.0 0.0 0.0 0.0 0.0 0.0 0.0 0.0
a3dd3acpmvdvca
ammar of course believing women
1.6745589606063316 0.16798835651956365 1.3973000883823534 0.0 0.0 0.0 0.0 0.9069759539514466 0.0 0.0 0.0 0.0 0.0 0.0 0.0 1.647852682081427 0.0 0.0 0.0 0.0 0.0 0.0 0.0 0.0 0.0 0.0 0.0 0.0 0.0 0.0 0.0
a1aczgd5azz3r7
of course some replaces faith in policewomen
0.0 0.11999168322825975 0.998071491701681 0.0 0.0 0.0 0.0 0.0 0.0 0.0 0.0 0.0 0.0 0.9152402780941179 0.0 0.0 0.5680833619094028 1.474100707440996 0.14711867177952587 1.375079681646718 0.0 0.0 0.0 0.0 0.0 0.0 0.0 0.0 0.0 0.0 0.0
a1b6zigmal4vx5
ammaar of course with faith
0.0 0.16798835651956365 1.3973000883823534 0.0 0.0 0.0 0.0 0.0 0.0 0.47007709041485074 0.0 1.786482118193416 0.0 1.281336389331765 0.0 0.0 0.0 0.0 0.0 0.0 0.0 0.0 0.0 0.0 0.0 0.0 0.0 0.0 0.0 0.0 0.0
a230hf2okthmdz
ammaar ofcourse with faith
0.0 0.0 0.0 0.0 0.0 0.0 0.0 0.0 0.0 0.5875963630185634 0.0 2.23310264774177 2.23310264774177 1.6016704866647062 0.0 0.0 0.0 0.0 0.0 0.0 0.0 0.0 0.0 0.0 0.0 0.0 0.0 0.0 0.0 0.0 0.0
a34erkopmv5x3c
ammaar of course with faith
0.0 0.16798835651956365 1.3973000883823534 0.0 0.0 0.0 0.0 0.0 0.0 0.47007709041485074 0.0 1.786482118193416 0.0 1.281336389331765 0.0 0.0 0.0 0.0 0.0 0.0 0.0 0.0 0.0 0.0 0.0 0.0 0.0 0.0 0.0 0.0 0.0
a1kf7gs7yulm10
umar of course faithful
0.0 0.20998544564945457 1.7466251104779418 2.059815852601784 0.0 0.0 0.0 0.0 0.0 0.0 0.0 0.0 0.0 0.0 1.7851627804347563 0.0 0.0 0.0 0.0 0.0 0.0 0.0 0.0 0.0 0.0 0.0 0.0 0.0 0.0 0.0 0.0
a2qxd8jqk5bvez
umar of course faithful
0.0 0.20998544564945457 1.7466251104779418 2.059815852601784 0.0 0.0 0.0 0.0 0.0 0.0 0.0 0.0 0.0 0.0 1.7851627804347563 0.0 0.0 0.0 0.0 0.0 0.0 0.0 0.0 0.0 0.0 0.0 0.0 0.0 0.0 0.0 0.0
a396ko3shx4udi
umar ofcourse sister
0.0 0.0 0.0 0.0 0.0 0.0 0.0 0.0 0.0 0.0 0.0 0.0 2.9774701969890267 0.0 2.380217040579675 0.0 0.0 0.0 0.0 0.0 2.495163869343585 0.0 0.0 0.0 0.0 0.0 0.0 0.0 0.0 0.0 0.0
al2rcq9eyun61
ammar of course believing women
1.6745589606063316 0.16798835651956365 1.3973000883823534 0.0 0.0 0.0 0.0 0.9069759539514466 0.0 0.0 0.0 0.0 0.0 0.0 0.0 1.647852682081427 0.0 0.0 0.0 0.0 0.0 0.0 0.0 0.0 0.0 0.0 0.0 0.0 0.0 0.0 0.0
a1dndzlo2d5d48
ammar of course believing women
1.6745589606063316 0.16798835651956365 1.3973000883823534 0.0 0.0 0.0 0.0 0.9069759539514466 0.0 0.0 0.0 0.0 0.0 0.0 0.0 1.647852682081427 0.0 0.0 0.0 0.0 0.0 0.0 0.0 0.0 0.0 0.0 0.0 0.0 0.0 0.0 0.0
a291u81kgj6l9n
ammar of course believing women
1.6745589606063316 0.16798835651956365 1.3973000883823534 0.0 0.0 0.0 0.0 0.9069759539514466 0.0 0.0 0.0 0.0 0.0 0.0 0.0 1.647852682081427 0.0 0.0 0.0 0.0 0.0 0.0 0.0 0.0 0.0 0.0 0.0 0.0 0.0 0.0 0.0
a29vl1u4i9f3pd
there are some people who place more responsibility on policewomen than policemen
0.0 0.0 0.0 0.0 0.0 0.0 0.0 0.0 0.0 0.0 0.0 0.0 0.0 0.0 0.0 0.0 0.3313819611138183 0.0 0.0 0.8021298142939188 0.0 0.2386654168935808 0.17551137948773554 0.22557187937554615 0.2453396614056688 0.3776506308933552 0.30180589203504055 0.4385382622282219 0.1560839801979836 0.3464581358659912 0.5916524272682309
