rocket fire from lebanon also counterbombing firing too counter bombing rockets fired bombardment in retaliation retaliatory answer give back bombarding and response bring fires
rocket fire from lebanon also counterbombing
0.9873759662357554 0.8470438315428369 0.40214910657133984 0.9304177506154127 0.4598575760132118 1.719784158681162 0.0 0.0 0.0 0.0 0.0 0.0 0.0 0.0 0.0 0.0 0.0 0.0 0.0 0.0 0.0 0.0 0.0 0.0
rocket firing from lebanon too counter bombing
0.8463222567735046 0.0 0.34469923420400556 0.7975009290989251 0.0 0.0 0.8940374202200788 0.7164857205754135 1.0611904563129724 0.8573166912215229 0.0 0.0 0.0 0.0 0.0 0.0 0.0 0.0 0.0 0.0 0.0 0.0 0.0 0.0
rockets fired from lebanon also bombardment in retaliation
0.0 0.0 0.3016118299285049 0.6978133129615595 0.34489318200990887 0.0 0.0 0.0 0.0 0.0 0.7468624412791609 0.712948054405714 0.9432645287308987 0.12872883780708513 0.9432645287308987 0.0 0.0 0.0 0.0 0.0 0.0 0.0 0.0 0.0
rockets fired from lebanon bombing in retaliation
0.0 0.0 0.34469923420400556 0.7975009290989251 0.0 0.0 0.0 0.0 0.0 0.8573166912215229 0.8535570757476124 0.8147977764636731 0.0 0.14711867177952587 1.0780166042638843 0.0 0.0 0.0 0.0 0.0 0.0 0.0 0.0 0.0
a3fq8i38xt2b4z
rocket firing from lebanon retaliatory bombardment
0.9873759662357554 0.0 0.40214910657133984 0.9304177506154127 0.0 0.0 1.0430436569234252 0.0 0.0 0.0 0.0 0.0 1.257686038307865 0.0 0.0 1.4887350984945134 0.0 0.0 0.0 0.0 0.0 0.0 0.0 0.0
a143bvgouf83je
rockets fired from lebanon bombing in answer
0.0 0.0 0.34469923420400556 0.7975009290989251 0.0 0.0 0.0 0.0 0.0 0.8573166912215229 0.8535570757476124 0.8147977764636731 0.0 0.14711867177952587 0.0 0.0 0.7776439469836884 0.0 0.0 0.0 0.0 0.0 0.0 0.0
a1sanjgoj47idf
rockets fired from lebanon give fire back bombarding
0.0 0.6352828736571277 0.3016118299285049 0.6978133129615595 0.0 0.0 0.0 0.0 0.0 0.0 0.7468624412791609 0.712948054405714 0.0 0.0 0.0 0.0 0.0 0.5516678880040501 0.6162041527838087 0.959955952808964 0.0 0.0 0.0 0.0
a3u16uhguaktzs
rocket fire from lebanon too and bombing in response
0.6582506441571703 0.5646958876952246 0.26809940438089325 0.6202785004102751 0.0 0.0 0.0 0.557266671558655 0.0 0.6668018709500734 0.0 0.0 0.0 0.1144256336062979 0.0 0.0 0.0 0.0 0.0 0.0 0.11044055997803243 0.6490409041787516 0.0 0.0
awmob8jnvgesj
rockets fired from lebanon retaliatory bombardment
0.0 0.0 0.40214910657133984 0.9304177506154127 0.0 0.0 0.0 0.0 0.0 0.0 0.9958165883722145 0.9505974058742853 1.257686038307865 0.0 0.0 1.4887350984945134 0.0 0.0 0.0 0.0 0.0 0.0 0.0 0.0
a363eba76te7vz
rocket firing from lebanon retaliatory bombardment
0.9873759662357554 0.0 0.40214910657133984 0.9304177506154127 0.0 0.0 1.0430436569234252 0.0 0.0 0.0 0.0 0.0 1.257686038307865 0.0 0.0 1.4887350984945134 0.0 0.0 0.0 0.0 0.0 0.0 0.0 0.0
a230hf2okthmdz
rocket firing from lebanon retaliatory bombardment
0.9873759662357554 0.0 0.40214910657133984 0.9304177506154127 0.0 0.0 1.0430436569234252 0.0 0.0 0.0 0.0 0.0 1.257686038307865 0.0 0.0 1.4887350984945134 0.0 0.0 0.0 0.0 0.0 0.0 0.0 0.0
a1nee8mf6oybf8
rockets fired from lebanon
0.0 0.0 0.6032236598570098 1.395626625923119 0.0 0.0 0.0 0.0 0.0 0.0 1.4937248825583218 1.425896108811428 0.0 0.0 0.0 0.0 0.0 0.0 0.0 0.0 0.0 0.0 0.0 0.0
a1dndzlo2d5d48
rockets fired from lebanon bring bombardment in retaliation
0.0 0.0 0.3016118299285049 0.6978133129615595 0.0 0.0 0.0 0.0 0.0 0.0 0.7468624412791609 0.712948054405714 0.9432645287308987 0.12872883780708513 0.9432645287308987 0.0 0.0 0.0 0.0 0.0 0.0 0.0 0.6703597368107137 0.0
a330jjzgjl7ig2
rockets fired from lebanon bombing in answer lebanon fires rockets in response
0.0 0.0 0.20107455328566992 0.9304177506154127 0.0 0.0 0.0 0.0 0.0 0.500101403212555 0.9958165883722145 0.47529870293714266 0.0 0.17163845040944684 0.0 0.0 0.4536256357404849 0.0 0.0 0.0 0.0 0.4867806781340637 0.0 0.6977329002526381
a2vjscdqr23qkd
rockets fired from lebanon lebanon fires back
0.0 0.0 0.34469923420400556 1.5950018581978502 0.0 0.0 0.0 0.0 0.0 0.0 0.8535570757476124 0.8147977764636731 0.0 0.0 0.0 0.0 0.0 0.0 0.70423331746721 0.0 0.0 0.0 0.0 1.1961135432902368
a2d2264qc2ln18
rockets fired from lebanon give fire back bombarding
0.0 0.6352828736571277 0.3016118299285049 0.6978133129615595 0.0 0.0 0.0 0.0 0.0 0.0 0.7468624412791609 0.712948054405714 0.0 0.0 0.0 0.0 0.0 0.5516678880040501 0.6162041527838087 0.959955952808964 0.0 0.0 0.0 0.0
a3fk32fvhmy8mz
rockets fired from lebanon give fire back bombarding
0.0 0.6352828736571277 0.3016118299285049 0.6978133129615595 0.0 0.0 0.0 0.0 0.0 0.0 0.7468624412791609 0.712948054405714 0.0 0.0 0.0 0.0 0.0 0.5516678880040501 0.6162041527838087 0.959955952808964 0.0 0.0 0.0 0.0
a2f69lkq5jcvdg
rocket fire from lebanon too and bombing in response
0.6582506441571703 0.5646958876952246 0.26809940438089325 0.6202785004102751 0.0 0.0 0.0 0.557266671558655 0.0 0.6668018709500734 0.0 0.0 0.0 0.1144256336062979 0.0 0.0 0.0 0.0 0.0 0.0 0.11044055997803243 0.6490409041787516 0.0 0.0
