what happened at the farm forum on happen form to how do i fill out has
what happened at the farm
0.6164731218665254 1.0474601174205014 0.6195199707808949 0.08529611836591067 1.4455324997457308 0.0 0.0 0.0 0.0 0.0 0.0 0.0 0.0 0.0 0.0 0.0
what happened at the forum
0.6164731218665254 1.0474601174205014 0.6195199707808949 0.08529611836591067 0.0 1.13874642776054 0.0 0.0 0.0 0.0 0.0 0.0 0.0 0.0 0.0 0.0
what happened on the forum
0.6164731218665254 1.0474601174205014 0.0 0.08529611836591067 0.0 1.13874642776054 0.37460155247516064 0.0 0.0 0.0 0.0 0.0 0.0 0.0 0.0 0.0
what happened on the forum
0.6164731218665254 1.0474601174205014 0.0 0.08529611836591067 0.0 1.13874642776054 0.37460155247516064 0.0 0.0 0.0 0.0 0.0 0.0 0.0 0.0 0.0
a1sanjgoj47idf
what happen on form
0.7705914023331567 0.0 0.0 0.0 0.0 0.0 0.4682519405939508 1.500304209637665 1.39344320593093 0.0 0.0 0.0 0.0 0.0 0.0 0.0
a143bvgouf83je
what happened on the forum
0.6164731218665254 1.0474601174205014 0.0 0.08529611836591067 0.0 1.13874642776054 0.37460155247516064 0.0 0.0 0.0 0.0 0.0 0.0 0.0 0.0 0.0
a1wyssw33m2fz2
what happened on the forum
0.6164731218665254 1.0474601174205014 0.0 0.08529611836591067 0.0 1.13874642776054 0.37460155247516064 0.0 0.0 0.0 0.0 0.0 0.0 0.0 0.0 0.0
a1aczgd5azz3r7
what happened to the forum
0.6164731218665254 1.0474601174205014 0.0 0.08529611836591067 0.0 1.13874642776054 0.0 0.0 0.0 0.2159748619422321 0.0 0.0 0.0 0.0 0.0 0.0
au2ar4vob7vlv
what happened on the form
0.6164731218665254 1.0474601174205014 0.0 0.08529611836591067 0.0 0.0 0.37460155247516064 0.0 1.114754564744744 0.0 0.0 0.0 0.0 0.0 0.0 0.0
a3andctf0w1pqd
what happened on the form
0.6164731218665254 1.0474601174205014 0.0 0.08529611836591067 0.0 0.0 0.37460155247516064 0.0 1.114754564744744 0.0 0.0 0.0 0.0 0.0 0.0 0.0
a31ikb373dzonk
how do i fill out the form
0.0 0.0 0.0 0.06092579883279333 0.0 0.0 0.0 0.0 0.79625326053196 0.0 0.5604919077102173 0.4625481507708841 0.4639972635466706 1.1602114821072502 0.5724243061334366 0.0
a6tw9zegog7ph
what happened on the forum
0.6164731218665254 1.0474601174205014 0.0 0.08529611836591067 0.0 1.13874642776054 0.37460155247516064 0.0 0.0 0.0 0.0 0.0 0.0 0.0 0.0 0.0
a2qxd8jqk5bvez
what happened on the forum
0.6164731218665254 1.0474601174205014 0.0 0.08529611836591067 0.0 1.13874642776054 0.37460155247516064 0.0 0.0 0.0 0.0 0.0 0.0 0.0 0.0 0.0
a3l62wt9zlhu7v
what happened on the forum
0.6164731218665254 1.0474601174205014 0.0 0.08529611836591067 0.0 1.13874642776054 0.37460155247516064 0.0 0.0 0.0 0.0 0.0 0.0 0.0 0.0 0.0
a3of46tb7y6sbp
what happened on the forum
0.6164731218665254 1.0474601174205014 0.0 0.08529611836591067 0.0 1.13874642776054 0.37460155247516064 0.0 0.0 0.0 0.0 0.0 0.0 0.0 0.0 0.0
a291u81kgj6l9n
what happened on the forum
0.6164731218665254 1.0474601174205014 0.0 0.08529611836591067 0.0 1.13874642776054 0.37460155247516064 0.0 0.0 0.0 0.0 0.0 0.0 0.0 0.0 0.0
air4uqnpimfcj
what happened on the forum
0.6164731218665254 1.0474601174205014 0.0 0.08529611836591067 0.0 1.13874642776054 0.37460155247516064 0.0 0.0 0.0 0.0 0.0 0.0 0.0 0.0 0.0
a1aklmhymfgmc2
what has happened to the forum
0.5137276015554378 0.8728834311837512 0.0 0.07108009863825888 0.0 0.9489553564671166 0.0 0.0 0.0 0.17997905161852676 0.0 0.0 0.0 0.0 0.0 0.3421329363218706
