while it makes the use of credit cards easy is also easier for law enforcement agencies to keep track your personal life where card facilitates you becomes a source improving grip upon private on one hand and other tightens enforcing using allows lawenforcement organizations monitor bring ease gives better control over there are certain comforts by getting know more about although users have facility but their under as facilities this has firmer get debit forms ecommerce gone long way towards streamlinging modern however convience does price tag all its own trades away anomiyity old fashioned paper currency giving unprecendented access civilian finiancial records lives can
while it makes the use of credit cards easy it is also easier for law enforcement agencies to keep track of your personal life
0.16718456938078982 0.16876295308555211 0.2752138702242776 0.01777002465956472 0.2071498925570626 0.06999514854981818 0.2506099941201167 0.25865962866306913 0.23485723854011464 0.05445064661810942 0.11496439400330295 0.30115260411369393 0.0804462374642673 0.19105681979955105 0.28301435114461704 0.21745160517761553 0.04499476290463169 0.21745160517761553 0.28301435114461704 0.15598454631197292 0.288229482101034 0.1905209067311174 0.0 0.0 0.0 0.0 0.0 0.0 0.0 0.0 0.0 0.0 0.0 0.0 0.0 0.0 0.0 0.0 0.0 0.0 0.0 0.0 0.0 0.0 0.0 0.0 0.0 0.0 0.0 0.0 0.0 0.0 0.0 0.0 0.0 0.0 0.0 0.0 0.0 0.0 0.0 0.0 0.0 0.0 0.0 0.0 0.0 0.0 0.0 0.0 0.0 0.0 0.0 0.0 0.0 0.0 0.0 0.0 0.0 0.0 0.0 0.0 0.0 0.0 0.0 0.0 0.0 0.0 0.0 0.0 0.0 0.0 0.0 0.0 0.0 0.0 0.0 0.0 0.0 0.0 0.0 0.0 0.0 0.0 0.0
where the use of credit card facilitates you it also becomes a source of improving the grip of law enforcement agencies upon your private life
0.0 0.08100621748106501 0.0 0.03411844734636427 0.1988638968547801 0.1007930139117382 0.24058559435531204 0.0 0.0 0.0 0.11036581824317084 0.0 0.0 0.183414547007569 0.27169377709883236 0.2087535409705109 0.0 0.0 0.0 0.149745164459494 0.0 0.1829000704618727 0.18102765374811308 0.2470228090278175 0.3483706815861148 0.12751224487162496 0.25469844934022173 0.05671533388686974 0.3044261900393904 0.385022310861081 0.27053427562390225 0.20924434467418349 0.285626044869561 0.0 0.0 0.0 0.0 0.0 0.0 0.0 0.0 0.0 0.0 0.0 0.0 0.0 0.0 0.0 0.0 0.0 0.0 0.0 0.0 0.0 0.0 0.0 0.0 0.0 0.0 0.0 0.0 0.0 0.0 0.0 0.0 0.0 0.0 0.0 0.0 0.0 0.0 0.0 0.0 0.0 0.0 0.0 0.0 0.0 0.0 0.0 0.0 0.0 0.0 0.0 0.0 0.0 0.0 0.0 0.0 0.0 0.0 0.0 0.0 0.0 0.0 0.0 0.0 0.0 0.0 0.0 0.0 0.0 0.0 0.0 0.0
on the one hand credit card makes life easy for you and on the other hand it tightens the grip of the law enforcing agencies on your private life
0.0 0.0698329461043664 0.22776320294422975 0.058824909217869426 0.0 0.028963509744752355 0.2074013744442345 0.0 0.19436461120561213 0.0 0.0 0.0 0.06657619652215224 0.15811598879962846 0.0 0.1799599491125094 0.0 0.0 0.0 0.1290906590168052 0.0 0.3153449490721943 0.0 0.21295069743777373 0.0 0.10992434902726289 0.0 0.0 0.0 0.0 0.23321920312405367 0.0 0.24622934902548363 0.19375942369404864 0.10106881768985966 0.3082331153200077 0.03427465654490662 0.11512513832845543 0.35581741214093004 0.28411253139334947 0.0 0.0 0.0 0.0 0.0 0.0 0.0 0.0 0.0 0.0 0.0 0.0 0.0 0.0 0.0 0.0 0.0 0.0 0.0 0.0 0.0 0.0 0.0 0.0 0.0 0.0 0.0 0.0 0.0 0.0 0.0 0.0 0.0 0.0 0.0 0.0 0.0 0.0 0.0 0.0 0.0 0.0 0.0 0.0 0.0 0.0 0.0 0.0 0.0 0.0 0.0 0.0 0.0 0.0 0.0 0.0 0.0 0.0 0.0 0.0 0.0 0.0 0.0 0.0 0.0
while using a credit card makes your life easier it also allows lawenforcement organizations to monitor your personal life
0.21118050869152397 0.10658712826455922 0.347638572914877 0.0 0.0 0.0 0.316559992572779 0.0 0.0 0.0 0.145218181898909 0.38040328940677126 0.0 0.0 0.0 0.0 0.05683548998479792 0.0 0.0 0.39406622226182636 0.3640793458118324 0.481315974899665 0.0 0.3250300118787073 0.0 0.0 0.0 0.0746254393248286 0.0 0.0 0.0 0.0 0.0 0.0 0.0 0.0 0.0 0.0 0.0 0.0 0.27435576200981 0.40809239971712813 0.5066083037645803 0.2639684233698892 0.4219010452154171 0.0 0.0 0.0 0.0 0.0 0.0 0.0 0.0 0.0 0.0 0.0 0.0 0.0 0.0 0.0 0.0 0.0 0.0 0.0 0.0 0.0 0.0 0.0 0.0 0.0 0.0 0.0 0.0 0.0 0.0 0.0 0.0 0.0 0.0 0.0 0.0 0.0 0.0 0.0 0.0 0.0 0.0 0.0 0.0 0.0 0.0 0.0 0.0 0.0 0.0 0.0 0.0 0.0 0.0 0.0 0.0 0.0 0.0 0.0 0.0
a143bvgouf83je
where use of credit card bring ease to life it also gives better control to law enforcement agencies over your private life
0.0 0.09205251986484661 0.0 0.0 0.225981700971341 0.03817917193626447 0.2733927208583091 0.0 0.0 0.0 0.12541570254905776 0.0 0.0 0.20842562159951025 0.3087429285214004 0.23721993292103513 0.09817039179192368 0.0 0.0 0.17016495961306138 0.0 0.415681978322438 0.20571324289558304 0.2807077375316108 0.0 0.0 0.0 0.0 0.0 0.0 0.0 0.0 0.3245750509881375 0.0 0.0 0.0 0.0 0.0 0.0 0.0 0.0 0.0 0.0 0.0 0.0 0.2437671770220777 0.3745119732003243 0.277909651486182 0.22366101138950992 0.2257657644823138 0.1697861695421912 0.0 0.0 0.0 0.0 0.0 0.0 0.0 0.0 0.0 0.0 0.0 0.0 0.0 0.0 0.0 0.0 0.0 0.0 0.0 0.0 0.0 0.0 0.0 0.0 0.0 0.0 0.0 0.0 0.0 0.0 0.0 0.0 0.0 0.0 0.0 0.0 0.0 0.0 0.0 0.0 0.0 0.0 0.0 0.0 0.0 0.0 0.0 0.0 0.0 0.0 0.0 0.0 0.0 0.0
a3fq8i38xt2b4z
where there are certain comforts by the use of credit cards on the other hand law enforcement agencies are also getting to know more about you
0.0 0.0 0.0 0.0328061993715041 0.19121528543728855 0.032305453176839166 0.23133230226472312 0.23876273415052535 0.0 0.0 0.10612097907997196 0.0 0.0 0.17636014135343175 0.26124401644118495 0.20072455862549127 0.041533627296583095 0.0 0.0 0.0 0.0 0.0 0.17406505168087796 0.0 0.0 0.12260792776117785 0.0 0.0 0.0 0.0 0.0 0.0 0.0 0.07203876009137705 0.0 0.1718992373900043 0.0 0.12840880813558492 0.0 0.0 0.0 0.0 0.0 0.0 0.0 0.0 0.0 0.0 0.0 0.0 0.0 0.11015326933549884 0.1620105041425251 0.24564920459087097 0.3546189485930331 0.09597920236159416 0.19526761296258954 0.17145841263927328 0.13929502709309563 0.11984783675245128 0.0 0.0 0.0 0.0 0.0 0.0 0.0 0.0 0.0 0.0 0.0 0.0 0.0 0.0 0.0 0.0 0.0 0.0 0.0 0.0 0.0 0.0 0.0 0.0 0.0 0.0 0.0 0.0 0.0 0.0 0.0 0.0 0.0 0.0 0.0 0.0 0.0 0.0 0.0 0.0 0.0 0.0 0.0 0.0 0.0
a2de039cxxjuga
although credit card users have facility but their personal life is under more control of law enforcement agencies
0.0 0.0 0.0 0.0 0.0 0.04666343236654546 0.33414665882682226 0.0 0.0 0.07260086215747924 0.0 0.0 0.0 0.2547424263994014 0.3773524681928227 0.28993547357015403 0.0 0.0 0.0 0.0 0.38430597613471196 0.2540278756414899 0.0 0.3430872347608577 0.0 0.0 0.0 0.0 0.0 0.0 0.0 0.0 0.0 0.0 0.0 0.0 0.0 0.0 0.0 0.0 0.0 0.0 0.0 0.0 0.0 0.0 0.0 0.0 0.0 0.27593593436727243 0.0 0.0 0.0 0.0 0.0 0.0 0.0 0.0 0.20120392802336035 0.0 0.28959774878813277 0.40683181547405445 0.1271094459993572 0.430764199701413 0.14509123870647211 0.16540117220687833 0.24383976714983754 0.0 0.0 0.0 0.0 0.0 0.0 0.0 0.0 0.0 0.0 0.0 0.0 0.0 0.0 0.0 0.0 0.0 0.0 0.0 0.0 0.0 0.0 0.0 0.0 0.0 0.0 0.0 0.0 0.0 0.0 0.0 0.0 0.0 0.0 0.0 0.0 0.0 0.0
a8v7wa74iohz9
as you have facilities for using credit cards but by this law enforcement agencies has also firmer grip on your private life
0.0 0.0 0.0 0.0 0.0 0.0 0.2733927208583091 0.2821741403597118 0.0 0.0 0.12541570254905776 0.0 0.08775953177920069 0.20842562159951025 0.3087429285214004 0.23721993292103513 0.0 0.0 0.0 0.17016495961306138 0.0 0.207840989161219 0.0 0.0 0.0 0.14490027826321017 0.0 0.0 0.0 0.0 0.30742531320897987 0.0 0.3245750509881375 0.08513671647162742 0.0 0.0 0.0 0.0 0.0 0.0 0.2369436126448359 0.0 0.0 0.0 0.0 0.0 0.0 0.0 0.0 0.0 0.0 0.0 0.0 0.0 0.0 0.11342996642733855 0.0 0.0 0.0 0.0 0.0 0.0 0.1039986376358377 0.0 0.11871101348711353 0.0 0.0 0.11978642141059748 0.3745119732003243 0.07788640378854636 0.09330898263323743 0.43752535325122843 0.0 0.0 0.0 0.0 0.0 0.0 0.0 0.0 0.0 0.0 0.0 0.0 0.0 0.0 0.0 0.0 0.0 0.0 0.0 0.0 0.0 0.0 0.0 0.0 0.0 0.0 0.0 0.0 0.0 0.0 0.0 0.0 0.0
a2qxd8jqk5bvez
where use of credit cards bring ease to life it also gives better control to law enforcement agencies over your private life
0.0 0.09205251986484661 0.0 0.0 0.225981700971341 0.03817917193626447 0.2733927208583091 0.2821741403597118 0.0 0.0 0.12541570254905776 0.0 0.0 0.20842562159951025 0.3087429285214004 0.23721993292103513 0.09817039179192368 0.0 0.0 0.17016495961306138 0.0 0.415681978322438 0.20571324289558304 0.0 0.0 0.0 0.0 0.0 0.0 0.0 0.0 0.0 0.3245750509881375 0.0 0.0 0.0 0.0 0.0 0.0 0.0 0.0 0.0 0.0 0.0 0.0 0.2437671770220777 0.3745119732003243 0.277909651486182 0.22366101138950992 0.2257657644823138 0.1697861695421912 0.0 0.0 0.0 0.0 0.0 0.0 0.0 0.0 0.0 0.0 0.0 0.0 0.0 0.0 0.0 0.0 0.0 0.0 0.0 0.0 0.0 0.0 0.0 0.0 0.0 0.0 0.0 0.0 0.0 0.0 0.0 0.0 0.0 0.0 0.0 0.0 0.0 0.0 0.0 0.0 0.0 0.0 0.0 0.0 0.0 0.0 0.0 0.0 0.0 0.0 0.0 0.0 0.0 0.0
aw4q48bn2x4nt
where use of credit cards bring ease to life it also gives better control to law enforcement agencies over your private life
0.0 0.09205251986484661 0.0 0.0 0.225981700971341 0.03817917193626447 0.2733927208583091 0.2821741403597118 0.0 0.0 0.12541570254905776 0.0 0.0 0.20842562159951025 0.3087429285214004 0.23721993292103513 0.09817039179192368 0.0 0.0 0.17016495961306138 0.0 0.415681978322438 0.20571324289558304 0.0 0.0 0.0 0.0 0.0 0.0 0.0 0.0 0.0 0.3245750509881375 0.0 0.0 0.0 0.0 0.0 0.0 0.0 0.0 0.0 0.0 0.0 0.0 0.2437671770220777 0.3745119732003243 0.277909651486182 0.22366101138950992 0.2257657644823138 0.1697861695421912 0.0 0.0 0.0 0.0 0.0 0.0 0.0 0.0 0.0 0.0 0.0 0.0 0.0 0.0 0.0 0.0 0.0 0.0 0.0 0.0 0.0 0.0 0.0 0.0 0.0 0.0 0.0 0.0 0.0 0.0 0.0 0.0 0.0 0.0 0.0 0.0 0.0 0.0 0.0 0.0 0.0 0.0 0.0 0.0 0.0 0.0 0.0 0.0 0.0 0.0 0.0 0.0 0.0 0.0
ajfwu2g6a1bhs
while use of credit card bring ease to life it also gives better control to law enforcement agencies over your private life
0.18238316659722525 0.09205251986484661 0.0 0.0 0.225981700971341 0.03817917193626447 0.2733927208583091 0.0 0.0 0.0 0.12541570254905776 0.0 0.0 0.20842562159951025 0.3087429285214004 0.23721993292103513 0.09817039179192368 0.0 0.0 0.17016495961306138 0.0 0.415681978322438 0.0 0.2807077375316108 0.0 0.0 0.0 0.0 0.0 0.0 0.0 0.0 0.3245750509881375 0.0 0.0 0.0 0.0 0.0 0.0 0.0 0.0 0.0 0.0 0.0 0.0 0.2437671770220777 0.3745119732003243 0.277909651486182 0.22366101138950992 0.2257657644823138 0.1697861695421912 0.0 0.0 0.0 0.0 0.0 0.0 0.0 0.0 0.0 0.0 0.0 0.0 0.0 0.0 0.0 0.0 0.0 0.0 0.0 0.0 0.0 0.0 0.0 0.0 0.0 0.0 0.0 0.0 0.0 0.0 0.0 0.0 0.0 0.0 0.0 0.0 0.0 0.0 0.0 0.0 0.0 0.0 0.0 0.0 0.0 0.0 0.0 0.0 0.0 0.0 0.0 0.0 0.0 0.0
avktegthhn2vp
where there are certain comforts by the use of credit cards this allows law enforcement agencies to get to know more about you
0.0 0.0 0.0 0.018542634427371883 0.21615640962476096 0.036519207939035576 0.26150608082099136 0.26990569947450693 0.0 0.0 0.0 0.0 0.0 0.19936363805170546 0.29531932293351343 0.2269060227940336 0.093902113887927 0.0 0.0 0.0 0.0 0.0 0.19676918885664466 0.0 0.0 0.13860026616480975 0.0 0.0 0.0 0.0 0.0 0.0 0.0 0.0 0.0 0.0 0.0 0.0 0.0 0.0 0.0 0.3371198084619754 0.0 0.0 0.0 0.0 0.0 0.0 0.0 0.0 0.0 0.12452108707491173 0.09157115451534029 0.27769040518968025 0.4008735940616896 0.10849822875658469 0.0 0.19382255341830892 0.15746394367045594 0.1354801632853797 0.0 0.0 0.0 0.0 0.0 0.0 0.0 0.0 0.0 0.07450003840643564 0.0 0.0 0.18913032139572195 0.0 0.0 0.0 0.0 0.0 0.0 0.0 0.0 0.0 0.0 0.0 0.0 0.0 0.0 0.0 0.0 0.0 0.0 0.0 0.0 0.0 0.0 0.0 0.0 0.0 0.0 0.0 0.0 0.0 0.0 0.0 0.0
a2kixciinfgilk
credit cards debit cards and other forms of ecommerce have gone a long way towards streamlinging modern life however this convience does have a price tag all its own their use trades away the anomiyity of old fashioned paper currency giving modern law agencies unprecendented and easy access to civilian finiancial records
0.0 0.0 0.0 0.008201549842876025 0.09560764271864428 0.032305453176839166 0.11566615113236156 0.23876273415052535 0.10839564855697599 0.0 0.0 0.0 0.0 0.08818007067671588 0.0 0.10036227931274563 0.020766813648291547 0.0 0.0 0.0 0.0 0.08793272618359264 0.0 0.0 0.0 0.0 0.0 0.0545339748912209 0.0 0.0 0.0 0.0 0.0 0.0 0.0 0.0 0.038229424607780456 0.06420440406779246 0.0 0.0 0.0 0.0 0.0 0.0 0.0 0.0 0.0 0.0 0.0 0.0 0.0 0.0 0.0 0.0 0.0 0.0 0.0 0.0 0.0 0.0 0.0 0.0 0.08799884723032421 0.0 0.0 0.05725425191776557 0.0 0.0 0.0 0.032951940064384996 0.0 0.0 0.0 0.1984366336939802 0.14511761980475366 0.18510688022167357 0.11592779828728038 0.09210145893414513 0.0847154220470904 0.09723105313811702 0.1984366336939802 0.2246680052926448 0.08456012562390683 0.1984366336939802 0.08065426079216859 0.13062200822059247 0.18510688022167357 0.0604464468935144 0.06372736466104059 0.0815588982449603 0.1584473732770603 0.0991138265031434 0.1984366336939802 0.10144768913784084 0.1541561511364024 0.14768553120137906 0.13302899173893876 0.10120113743728197 0.1984366336939802 0.13988812527622208 0.13062200822059247 0.1984366336939802 0.13653517552343788 0.0 0.0
al2rcq9eyun61
where there are certain comforts by the use of credit cards on the other hand law enforcement agencies are also getting to know more about you
0.0 0.0 0.0 0.0328061993715041 0.19121528543728855 0.032305453176839166 0.23133230226472312 0.23876273415052535 0.0 0.0 0.10612097907997196 0.0 0.0 0.17636014135343175 0.26124401644118495 0.20072455862549127 0.041533627296583095 0.0 0.0 0.0 0.0 0.0 0.17406505168087796 0.0 0.0 0.12260792776117785 0.0 0.0 0.0 0.0 0.0 0.0 0.0 0.07203876009137705 0.0 0.1718992373900043 0.0 0.12840880813558492 0.0 0.0 0.0 0.0 0.0 0.0 0.0 0.0 0.0 0.0 0.0 0.0 0.0 0.11015326933549884 0.1620105041425251 0.24564920459087097 0.3546189485930331 0.09597920236159416 0.19526761296258954 0.17145841263927328 0.13929502709309563 0.11984783675245128 0.0 0.0 0.0 0.0 0.0 0.0 0.0 0.0 0.0 0.0 0.0 0.0 0.0 0.0 0.0 0.0 0.0 0.0 0.0 0.0 0.0 0.0 0.0 0.0 0.0 0.0 0.0 0.0 0.0 0.0 0.0 0.0 0.0 0.0 0.0 0.0 0.0 0.0 0.0 0.0 0.0 0.0 0.0 0.0 0.0
a1dndzlo2d5d48
although credit card users have facility but their personal life is under more control of law enforcement agencies
0.0 0.0 0.0 0.0 0.0 0.04666343236654546 0.33414665882682226 0.0 0.0 0.07260086215747924 0.0 0.0 0.0 0.2547424263994014 0.3773524681928227 0.28993547357015403 0.0 0.0 0.0 0.0 0.38430597613471196 0.2540278756414899 0.0 0.3430872347608577 0.0 0.0 0.0 0.0 0.0 0.0 0.0 0.0 0.0 0.0 0.0 0.0 0.0 0.0 0.0 0.0 0.0 0.0 0.0 0.0 0.0 0.0 0.0 0.0 0.0 0.27593593436727243 0.0 0.0 0.0 0.0 0.0 0.0 0.0 0.0 0.20120392802336035 0.0 0.28959774878813277 0.40683181547405445 0.1271094459993572 0.430764199701413 0.14509123870647211 0.16540117220687833 0.24383976714983754 0.0 0.0 0.0 0.0 0.0 0.0 0.0 0.0 0.0 0.0 0.0 0.0 0.0 0.0 0.0 0.0 0.0 0.0 0.0 0.0 0.0 0.0 0.0 0.0 0.0 0.0 0.0 0.0 0.0 0.0 0.0 0.0 0.0 0.0 0.0 0.0 0.0 0.0
a14wwg6nkbdwgp
although credit card users have facility but their personal life is under more control of law enforcement agencies
0.0 0.0 0.0 0.0 0.0 0.04666343236654546 0.33414665882682226 0.0 0.0 0.07260086215747924 0.0 0.0 0.0 0.2547424263994014 0.3773524681928227 0.28993547357015403 0.0 0.0 0.0 0.0 0.38430597613471196 0.2540278756414899 0.0 0.3430872347608577 0.0 0.0 0.0 0.0 0.0 0.0 0.0 0.0 0.0 0.0 0.0 0.0 0.0 0.0 0.0 0.0 0.0 0.0 0.0 0.0 0.0 0.0 0.0 0.0 0.0 0.27593593436727243 0.0 0.0 0.0 0.0 0.0 0.0 0.0 0.0 0.20120392802336035 0.0 0.28959774878813277 0.40683181547405445 0.1271094459993572 0.430764199701413 0.14509123870647211 0.16540117220687833 0.24383976714983754 0.0 0.0 0.0 0.0 0.0 0.0 0.0 0.0 0.0 0.0 0.0 0.0 0.0 0.0 0.0 0.0 0.0 0.0 0.0 0.0 0.0 0.0 0.0 0.0 0.0 0.0 0.0 0.0 0.0 0.0 0.0 0.0 0.0 0.0 0.0 0.0 0.0 0.0
a6tw9zegog7ph
although credit card users personal lives are under more control of law enforcement agencies
0.0 0.0 0.0 0.0 0.0 0.05999584161412987 0.4296171327773429 0.0 0.0 0.0 0.0 0.0 0.0 0.3275259767992304 0.48516745910505776 0.3727741803044838 0.0 0.0 0.0 0.0 0.49410768360177254 0.0 0.0 0.44111215897824557 0.0 0.0 0.0 0.0 0.0 0.0 0.0 0.0 0.0 0.0 0.0 0.0 0.0 0.0 0.0 0.0 0.0 0.0 0.0 0.0 0.0 0.0 0.0 0.0 0.0 0.3547747727579217 0.0 0.0 0.1504383252752019 0.0 0.0 0.0 0.0 0.0 0.2586907646014633 0.0 0.3723399627275993 0.52306947703807 0.0 0.0 0.0 0.0 0.31350827204979115 0.0 0.0 0.0 0.0 0.0 0.0 0.0 0.0 0.0 0.0 0.0 0.0 0.0 0.0 0.0 0.0 0.0 0.0 0.0 0.0 0.0 0.0 0.0 0.0 0.0 0.0 0.0 0.0 0.0 0.0 0.0 0.0 0.0 0.0 0.0 0.0 0.4214188817350267 0.0
a3ohqrf1mdq99b
you can use credit cards but this gives law enforcement agencies a firmer grip on your private life
0.0 0.0 0.0 0.0 0.2761998567427501 0.0 0.33414665882682226 0.3448795048840922 0.0 0.0 0.0 0.0 0.0 0.2547424263994014 0.3773524681928227 0.28993547357015403 0.0 0.0 0.0 0.20797939508263058 0.0 0.2540278756414899 0.0 0.0 0.0 0.17710034009947911 0.0 0.07877129706509685 0.0 0.0 0.375742049477642 0.0 0.3967028400966125 0.10405598679865574 0.0 0.0 0.0 0.0 0.0 0.0 0.0 0.0 0.0 0.0 0.0 0.0 0.0 0.3396673518164447 0.0 0.0 0.0 0.0 0.0 0.0 0.0 0.0 0.0 0.0 0.0 0.0 0.0 0.0 0.0 0.0 0.14509123870647211 0.0 0.0 0.0 0.0 0.09519449351933444 0.0 0.5347532095292792 0.0 0.0 0.0 0.0 0.0 0.0 0.0 0.0 0.0 0.0 0.0 0.0 0.0 0.0 0.0 0.0 0.0 0.0 0.0 0.0 0.0 0.0 0.0 0.0 0.0 0.0 0.0 0.0 0.0 0.0 0.0 0.0 0.17509261528748615
