is there a chance of surgical strike or an allout war the possibility strikes fullfledged fullscale do you expect to see full scale fledge any situation immediate wars fledged maybe are situations that will result in
is there a chance of a surgical strike or an allout war
0.10890129323621885 0.2386654168935808 0.23631389119529056 0.48217545491114294 0.06999514854981818 0.6288430191539325 0.46093443410874374 0.26919134778429804 0.24586377214796581 0.859892079340581 0.3025291865116841 0.0 0.0 0.0 0.0 0.0 0.0 0.0 0.0 0.0 0.0 0.0 0.0 0.0 0.0 0.0 0.0 0.0 0.0 0.0 0.0 0.0 0.0 0.0 0.0 0.0
is there the possibility of surgical strikes or a fullfledged war
0.11880141080314784 0.26036227297481546 0.12889848610652213 0.0 0.07635834387252893 0.6860105663497446 0.0 0.2936632884919615 0.0 0.0 0.3300318398309281 0.03877096289359576 0.5880506682160829 0.6097988217675224 0.7751768620780832 0.0 0.0 0.0 0.0 0.0 0.0 0.0 0.0 0.0 0.0 0.0 0.0 0.0 0.0 0.0 0.0 0.0 0.0 0.0 0.0 0.0
is there a chance of surgical strikes or a fullscale war
0.11880141080314784 0.26036227297481546 0.25779697221304426 0.5260095871757923 0.07635834387252893 0.6860105663497446 0.0 0.2936632884919615 0.0 0.0 0.3300318398309281 0.0 0.0 0.6097988217675224 0.0 0.938064086553361 0.0 0.0 0.0 0.0 0.0 0.0 0.0 0.0 0.0 0.0 0.0 0.0 0.0 0.0 0.0 0.0 0.0 0.0 0.0 0.0
do you expect to see a surgical strike or a full scale war
0.0 0.0 0.2181358995648836 0.0 0.0 0.5804704792190146 0.4254779391773019 0.2484843210316597 0.0 0.0 0.2792577106261699 0.0 0.0 0.0 0.0 0.0 0.2490643888766299 0.2452158555223557 0.49129840918174195 0.08306725459316619 0.344690346532387 0.46804603442228554 0.5202582223536582 0.0 0.0 0.0 0.0 0.0 0.0 0.0 0.0 0.0 0.0 0.0 0.0 0.0
a143bvgouf83je
is there a chance of surgical strikes or a full fledge war
0.10890129323621885 0.2386654168935808 0.23631389119529056 0.48217545491114294 0.06999514854981818 0.6288430191539325 0.0 0.26919134778429804 0.0 0.0 0.3025291865116841 0.0 0.0 0.5589822532868955 0.0 0.0 0.0 0.0 0.0 0.0 0.0 0.5070498706241426 0.0 0.859892079340581 0.0 0.0 0.0 0.0 0.0 0.0 0.0 0.0 0.0 0.0 0.0 0.0
a3sw1e5d0b9v9a
is there a chance of surgical strike or full scale war
0.11880141080314784 0.26036227297481546 0.12889848610652213 0.5260095871757923 0.07635834387252893 0.6860105663497446 0.5028375644822659 0.2936632884919615 0.0 0.0 0.3300318398309281 0.0 0.0 0.0 0.0 0.0 0.0 0.0 0.0 0.0 0.0 0.5531453134081556 0.6148506264179597 0.0 0.0 0.0 0.0 0.0 0.0 0.0 0.0 0.0 0.0 0.0 0.0 0.0
a2xknsbfsj3hso
is there any chance of a surgical strike or a fullfledged war
0.10890129323621885 0.2386654168935808 0.23631389119529056 0.48217545491114294 0.06999514854981818 0.6288430191539325 0.46093443410874374 0.26919134778429804 0.0 0.0 0.3025291865116841 0.0 0.0 0.0 0.7105787902382429 0.0 0.0 0.0 0.0 0.0 0.0 0.0 0.0 0.0 0.2952782384292149 0.0 0.0 0.0 0.0 0.0 0.0 0.0 0.0 0.0 0.0 0.0
a2i57ww1b3evwx
is there any situation of immediate wars
0.18668793126208946 0.40914071467470997 0.0 0.0 0.11999168322825975 0.0 0.0 0.0 0.0 0.0 0.0 0.0 0.0 0.0 0.0 0.0 0.0 0.0 0.0 0.0 0.0 0.0 0.0 0.0 0.5061912658786542 0.5848780746873731 0.8498938713742784 0.9096373190722205 0.0 0.0 0.0 0.0 0.0 0.0 0.0 0.0
a2bk4fasw056jr
is there a chance of surgical strikes or a fullfledged war
0.11880141080314784 0.26036227297481546 0.25779697221304426 0.5260095871757923 0.07635834387252893 0.6860105663497446 0.0 0.2936632884919615 0.0 0.0 0.3300318398309281 0.0 0.0 0.6097988217675224 0.7751768620780832 0.0 0.0 0.0 0.0 0.0 0.0 0.0 0.0 0.0 0.0 0.0 0.0 0.0 0.0 0.0 0.0 0.0 0.0 0.0 0.0 0.0
a2m2x4nfhzuqky
is there a chance of surgical strikes or a full fledged war
0.10890129323621885 0.2386654168935808 0.23631389119529056 0.48217545491114294 0.06999514854981818 0.6288430191539325 0.0 0.26919134778429804 0.0 0.0 0.3025291865116841 0.0 0.0 0.5589822532868955 0.0 0.0 0.0 0.0 0.0 0.0 0.0 0.5070498706241426 0.0 0.0 0.0 0.0 0.0 0.0 0.8021298142939188 0.0 0.0 0.0 0.0 0.0 0.0 0.0
a2eldzaxlm8quo
is there a chance of surgical strikes or full fledged war
0.11880141080314784 0.26036227297481546 0.12889848610652213 0.5260095871757923 0.07635834387252893 0.6860105663497446 0.0 0.2936632884919615 0.0 0.0 0.3300318398309281 0.0 0.0 0.6097988217675224 0.0 0.0 0.0 0.0 0.0 0.0 0.0 0.5531453134081556 0.0 0.0 0.0 0.0 0.0 0.0 0.8750507065024569 0.0 0.0 0.0 0.0 0.0 0.0 0.0
a28p76cwxeubye
is there a chance of surgical strike or full scale war
0.11880141080314784 0.26036227297481546 0.12889848610652213 0.5260095871757923 0.07635834387252893 0.6860105663497446 0.5028375644822659 0.2936632884919615 0.0 0.0 0.3300318398309281 0.0 0.0 0.0 0.0 0.0 0.0 0.0 0.0 0.0 0.0 0.5531453134081556 0.6148506264179597 0.0 0.0 0.0 0.0 0.0 0.0 0.0 0.0 0.0 0.0 0.0 0.0 0.0
aamtsedqycrki
is there a chance of a surgical strike or full scale war
0.10890129323621885 0.2386654168935808 0.23631389119529056 0.48217545491114294 0.06999514854981818 0.6288430191539325 0.46093443410874374 0.26919134778429804 0.0 0.0 0.3025291865116841 0.0 0.0 0.0 0.0 0.0 0.0 0.0 0.0 0.0 0.0 0.5070498706241426 0.563613074216463 0.0 0.0 0.0 0.0 0.0 0.0 0.0 0.0 0.0 0.0 0.0 0.0 0.0
a6tw9zegog7ph
is there a chance of surgical strike or full scale war
0.11880141080314784 0.26036227297481546 0.12889848610652213 0.5260095871757923 0.07635834387252893 0.6860105663497446 0.5028375644822659 0.2936632884919615 0.0 0.0 0.3300318398309281 0.0 0.0 0.0 0.0 0.0 0.0 0.0 0.0 0.0 0.0 0.5531453134081556 0.6148506264179597 0.0 0.0 0.0 0.0 0.0 0.0 0.0 0.0 0.0 0.0 0.0 0.0 0.0
a19b522xqflysa
is there any chance of a surgical strike or a fullfledged war
0.10890129323621885 0.2386654168935808 0.23631389119529056 0.48217545491114294 0.06999514854981818 0.6288430191539325 0.46093443410874374 0.26919134778429804 0.0 0.0 0.3025291865116841 0.0 0.0 0.0 0.7105787902382429 0.0 0.0 0.0 0.0 0.0 0.0 0.0 0.0 0.0 0.2952782384292149 0.0 0.0 0.0 0.0 0.0 0.0 0.0 0.0 0.0 0.0 0.0
a1t89pp77tkbc7
is there any chance of a surgical strike or maybe a fullfledged war
0.10052427067958664 0.22030653867099767 0.2181358995648836 0.44508503530259347 0.06461090635367833 0.5804704792190146 0.4254779391773019 0.2484843210316597 0.0 0.0 0.2792577106261699 0.0 0.0 0.0 0.6559188832968397 0.0 0.0 0.0 0.0 0.0 0.0 0.0 0.0 0.0 0.2725645277808138 0.0 0.0 0.0 0.0 0.5633055906563831 0.0 0.0 0.0 0.0 0.0 0.0
a37rlacsw4br2k
is there any chance of a surgical strike or a fullfledged war
0.10890129323621885 0.2386654168935808 0.23631389119529056 0.48217545491114294 0.06999514854981818 0.6288430191539325 0.46093443410874374 0.26919134778429804 0.0 0.0 0.3025291865116841 0.0 0.0 0.0 0.7105787902382429 0.0 0.0 0.0 0.0 0.0 0.0 0.0 0.0 0.0 0.2952782384292149 0.0 0.0 0.0 0.0 0.0 0.0 0.0 0.0 0.0 0.0 0.0
a31ocn4mnhuq6w
is there any situation of immediate wars are there any situations that will result in an immediate war
0.07260086215747924 0.31822055585810777 0.0 0.0 0.04666343236654546 0.0 0.0 0.0 0.1639091814319772 0.0 0.2016861243411227 0.0 0.0 0.0 0.0 0.0 0.0 0.0 0.0 0.0 0.0 0.0 0.0 0.0 0.3937043179056199 0.22745258460064507 0.6610285666244388 0.35374784630586353 0.0 0.0 0.11700758632515702 0.3697301836642958 0.0671152457922111 0.12308406665562134 0.28354273302655475 0.05721281680314895
