we will carry on the tradition of our elders too repeat forefathers shall custom also traditions ancestors again establish old follow are doomed to reestablish then continue
we will carry on the tradition of our elders
0.3402675235995878 0.24616813331124268 0.7163893267976755 0.20811197359731148 0.04738673242550592 0.7053792265038721 0.09332686473309092 0.3723106389205652 0.7649686386224249 0.0 0.0 0.0 0.0 0.0 0.0 0.0 0.0 0.0 0.0 0.0 0.0 0.0 0.0 0.0 0.0 0.0 0.0
we too will repeat the tradition of forefathers
0.3828009640495363 0.276939149975148 0.0 0.0 0.05331007397869417 0.7935516298168561 0.10499272282472728 0.0 0.0 0.6269250055034868 0.8825760517581861 1.2031947214408782 0.0 0.0 0.0 0.0 0.0 0.0 0.0 0.0 0.0 0.0 0.0 0.0 0.0 0.0 0.0
we shall repeat the custom of our forefathers
0.3828009640495363 0.0 0.0 0.0 0.05331007397869417 0.0 0.10499272282472728 0.41884946878563584 0.0 0.0 0.8825760517581861 1.2031947214408782 0.7552548541338644 1.0020149823866156 0.0 0.0 0.0 0.0 0.0 0.0 0.0 0.0 0.0 0.0 0.0 0.0 0.0
we will also repeat the traditions of our ancestors
0.3402675235995878 0.24616813331124268 0.0 0.0 0.04738673242550592 0.0 0.09332686473309092 0.3723106389205652 0.0 0.0 0.7845120460072765 0.0 0.0 0.0 0.3065717173421412 0.6555404826989304 0.8704220335887745 0.0 0.0 0.0 0.0 0.0 0.0 0.0 0.0 0.0 0.0
a3dd3acpmvdvca
we will also repeat the traditions of the elders
0.3402675235995878 0.24616813331124268 0.0 0.0 0.09477346485101185 0.0 0.09332686473309092 0.0 0.7649686386224249 0.0 0.7845120460072765 0.0 0.0 0.0 0.3065717173421412 0.6555404826989304 0.0 0.0 0.0 0.0 0.0 0.0 0.0 0.0 0.0 0.0 0.0
alzgu09bjzsiw
we will again establish the old traditions
0.4374868160566129 0.31650188568588344 0.0 0.0 0.06092579883279333 0.0 0.0 0.0 0.0 0.0 0.0 0.0 0.0 0.0 0.0 0.8428377634700533 0.0 0.7222878233117264 1.0200930173912892 0.7536114050239605 0.0 0.0 0.0 0.0 0.0 0.0 0.0
a143bvgouf83je
we will also repeat our elders traditions
0.4374868160566129 0.31650188568588344 0.0 0.0 0.0 0.0 0.0 0.4786851071835838 0.9835311068002606 0.0 1.0086583448664983 0.0 0.0 0.0 0.394163636582753 0.8428377634700533 0.0 0.0 0.0 0.0 0.0 0.0 0.0 0.0 0.0 0.0 0.0
a8v7wa74iohz9
we also will follow our ancestors
0.5104012853993817 0.36925219996686404 0.0 0.0 0.0 0.0 0.0 0.5584659583808478 0.0 0.0 0.0 0.0 0.0 0.0 0.4598575760132118 0.0 1.3056330503831617 0.0 0.0 0.0 1.0890858863614516 0.0 0.0 0.0 0.0 0.0 0.0
a2nowscvbop9jc
we will also repeat the traditions of the elders
0.3402675235995878 0.24616813331124268 0.0 0.0 0.09477346485101185 0.0 0.09332686473309092 0.0 0.7649686386224249 0.0 0.7845120460072765 0.0 0.0 0.0 0.3065717173421412 0.6555404826989304 0.0 0.0 0.0 0.0 0.0 0.0 0.0 0.0 0.0 0.0 0.0
a6tw9zegog7ph
we will also repeat the traditions of the elders
0.3402675235995878 0.24616813331124268 0.0 0.0 0.09477346485101185 0.0 0.09332686473309092 0.0 0.7649686386224249 0.0 0.7845120460072765 0.0 0.0 0.0 0.3065717173421412 0.6555404826989304 0.0 0.0 0.0 0.0 0.0 0.0 0.0 0.0 0.0 0.0 0.0
a31ikb373dzonk
we are doomed to repeat the traditions of our elders
0.306240771239629 0.0 0.0 0.0 0.042648059182955333 0.0 0.08399417825978182 0.33507957502850866 0.6884717747601824 0.0 0.7060608414065489 0.0 0.0 0.0 0.0 0.5899864344290373 0.0 0.0 0.0 0.0 0.0 0.21061365538528265 0.9625557771527026 0.10798743097111604 0.0 0.0 0.0
a2zx6h9mgq4i8a
we will reestablish the old traditions
0.5104012853993817 0.36925219996686404 0.0 0.0 0.07108009863825888 0.0 0.0 0.0 0.0 0.0 0.0 0.0 0.0 0.0 0.0 0.9833107240483955 0.0 0.0 0.0 0.8792133058612873 0.0 0.0 0.0 0.0 1.719784158681162 0.0 0.0
a2qxd8jqk5bvez
we will again establish the old traditions
0.4374868160566129 0.31650188568588344 0.0 0.0 0.06092579883279333 0.0 0.0 0.0 0.0 0.0 0.0 0.0 0.0 0.0 0.0 0.8428377634700533 0.0 0.7222878233117264 1.0200930173912892 0.7536114050239605 0.0 0.0 0.0 0.0 0.0 0.0 0.0
aa1hdtufsq32b
we will then again establish the old traditions
0.3828009640495363 0.276939149975148 0.0 0.0 0.05331007397869417 0.0 0.0 0.0 0.0 0.0 0.0 0.0 0.0 0.0 0.0 0.7374830430362966 0.0 0.6320018453977606 0.8925813902173781 0.6594099793959655 0.0 0.0 0.0 0.0 0.0 0.43665561447895795 0.0
a2dwqf4zhhblow
we will also repeat our elders traditions
0.4374868160566129 0.31650188568588344 0.0 0.0 0.0 0.0 0.0 0.4786851071835838 0.9835311068002606 0.0 1.0086583448664983 0.0 0.0 0.0 0.394163636582753 0.8428377634700533 0.0 0.0 0.0 0.0 0.0 0.0 0.0 0.0 0.0 0.0 0.0
a3w129h6a0hk4d
we will also repeat our elders traditions
0.4374868160566129 0.31650188568588344 0.0 0.0 0.0 0.0 0.0 0.4786851071835838 0.9835311068002606 0.0 1.0086583448664983 0.0 0.0 0.0 0.394163636582753 0.8428377634700533 0.0 0.0 0.0 0.0 0.0 0.0 0.0 0.0 0.0 0.0 0.0
a3gqim9zsgtut2
we shall also continue the traditions of our elders
0.3402675235995878 0.0 0.0 0.0 0.04738673242550592 0.0 0.09332686473309092 0.3723106389205652 0.7649686386224249 0.0 0.0 0.0 0.6713376481189905 0.0 0.3065717173421412 0.6555404826989304 0.0 0.0 0.0 0.0 0.0 0.0 0.0 0.0 0.0 0.0 0.565288481692487
amd40d0gc1l4r
we will also follow our ancestors
0.5104012853993817 0.36925219996686404 0.0 0.0 0.0 0.0 0.0 0.5584659583808478 0.0 0.0 0.0 0.0 0.0 0.0 0.4598575760132118 0.0 1.3056330503831617 0.0 0.0 0.0 1.0890858863614516 0.0 0.0 0.0 0.0 0.0 0.0
