this pipeline runs toward the sui plant goes towards supplied gas to was going soui pipe line is directed affected led ran leads
this pipeline runs toward the sui plant
0.24478584047828855 0.7744093074480085 1.1076793706607764 0.9471179282818621 0.06092579883279333 0.9302917803309502 0.9069161483621213 0.0 0.0 0.0 0.0 0.0 0.0 0.0 0.0 0.0 0.0 0.0 0.0 0.0 0.0 0.0 0.0
this pipeline goes towards sui plant
0.2855834805580033 0.9034775253560099 0.0 0.0 0.0 1.0853404103861084 1.0580688397558082 1.0093375125076092 0.8426691271970141 0.0 0.0 0.0 0.0 0.0 0.0 0.0 0.0 0.0 0.0 0.0 0.0 0.0 0.0
this pipeline goes towards the sui plant
0.24478584047828855 0.7744093074480085 0.0 0.0 0.06092579883279333 0.9302917803309502 0.9069161483621213 0.8651464392922364 0.7222878233117264 0.0 0.0 0.0 0.0 0.0 0.0 0.0 0.0 0.0 0.0 0.0 0.0 0.0 0.0
the pipeline supplied gas to the sui plant
0.0 0.6776081440170074 0.0 0.0 0.10662014795738833 0.8140053077895814 0.7935516298168561 0.0 0.0 0.9432645287308987 0.6042385023245395 0.13498428871389506 0.0 0.0 0.0 0.0 0.0 0.0 0.0 0.0 0.0 0.0 0.0
a3dd3acpmvdvca
this pipeline was going towards soui plant
0.24478584047828855 0.7744093074480085 0.0 0.0 0.0 0.0 0.9069161483621213 0.0 0.7222878233117264 0.0 0.0 0.0 0.31397413299916177 0.6364391109269819 1.1770376300581622 0.0 0.0 0.0 0.0 0.0 0.0 0.0 0.0
a143bvgouf83je
this pipeline goes towards the sui plant
0.24478584047828855 0.7744093074480085 0.0 0.0 0.06092579883279333 0.9302917803309502 0.9069161483621213 0.8651464392922364 0.7222878233117264 0.0 0.0 0.0 0.0 0.0 0.0 0.0 0.0 0.0 0.0 0.0 0.0 0.0 0.0
a1wyssw33m2fz2
this pipe line goes towards the sui plant
0.21418761041850248 0.0 0.0 0.0 0.05331007397869417 0.8140053077895814 0.7935516298168561 0.7570031343807069 0.6320018453977606 0.0 0.0 0.0 0.0 0.0 0.0 0.8256416106728328 0.7642515415870006 0.0 0.0 0.0 0.0 0.0 0.0
a8v7wa74iohz9
this pipeline is directed towards sui plant
0.24478584047828855 0.7744093074480085 0.0 0.0 0.0 0.9302917803309502 0.9069161483621213 0.0 0.7222878233117264 0.0 0.0 0.0 0.0 0.0 0.0 0.0 0.0 0.18668793126208946 1.0780166042638843 0.0 0.0 0.0 0.0
a143awku99stc9
the affected pipeline led to soui plant
0.0 0.7744093074480085 0.0 0.0 0.06092579883279333 0.0 0.9069161483621213 0.0 0.0 0.0 0.0 0.15426775853016578 0.0 0.0 1.1770376300581622 0.0 0.0 0.0 0.0 0.7937901453270306 1.0032668694403772 0.0 0.0
a1gz3k4hrjy6da
this pipeline ran towards soui plant
0.2855834805580033 0.9034775253560099 0.0 0.0 0.0 0.0 1.0580688397558082 0.0 0.8426691271970141 0.0 0.0 0.0 0.0 0.0 1.3732105684011893 0.0 0.0 0.0 0.0 0.0 0.0 1.2380555323651343 0.0
a1nee8mf6oybf8
this pipeline was going towards soui plant
0.24478584047828855 0.7744093074480085 0.0 0.0 0.0 0.0 0.9069161483621213 0.0 0.7222878233117264 0.0 0.0 0.0 0.31397413299916177 0.6364391109269819 1.1770376300581622 0.0 0.0 0.0 0.0 0.0 0.0 0.0 0.0
a291u81kgj6l9n
this pipeline goes towards the sui plant
0.24478584047828855 0.7744093074480085 0.0 0.0 0.06092579883279333 0.9302917803309502 0.9069161483621213 0.8651464392922364 0.7222878233117264 0.0 0.0 0.0 0.0 0.0 0.0 0.0 0.0 0.0 0.0 0.0 0.0 0.0 0.0
ayeowkx2r19vz
this pipeline goes towards the sui plant
0.24478584047828855 0.7744093074480085 0.0 0.0 0.06092579883279333 0.9302917803309502 0.9069161483621213 0.8651464392922364 0.7222878233117264 0.0 0.0 0.0 0.0 0.0 0.0 0.0 0.0 0.0 0.0 0.0 0.0 0.0 0.0
aw4q48bn2x4nt
this pipeline goes towards the sui plant
0.24478584047828855 0.7744093074480085 0.0 0.0 0.06092579883279333 0.9302917803309502 0.9069161483621213 0.8651464392922364 0.7222878233117264 0.0 0.0 0.0 0.0 0.0 0.0 0.0 0.0 0.0 0.0 0.0 0.0 0.0 0.0
a3be22a89fb8uj
this pipe line goes towards the sui plant
0.21418761041850248 0.0 0.0 0.0 0.05331007397869417 0.8140053077895814 0.7935516298168561 0.7570031343807069 0.6320018453977606 0.0 0.0 0.0 0.0 0.0 0.0 0.8256416106728328 0.7642515415870006 0.0 0.0 0.0 0.0 0.0 0.0
ancf53mqwds6z
this pipe line leads to the sui plant
0.21418761041850248 0.0 0.0 0.0 0.05331007397869417 0.8140053077895814 0.7935516298168561 0.0 0.0 0.0 0.0 0.13498428871389506 0.0 0.0 0.0 0.8256416106728328 0.7642515415870006 0.0 0.0 0.0 0.0 0.0 1.0465993503789572
al2rcq9eyun61
this pipeline runs towards the sui plant
0.24478584047828855 0.7744093074480085 1.1076793706607764 0.0 0.06092579883279333 0.9302917803309502 0.9069161483621213 0.0 0.7222878233117264 0.0 0.0 0.0 0.0 0.0 0.0 0.0 0.0 0.0 0.0 0.0 0.0 0.0 0.0
a1mmshjhu659at
this pipeline was directed towards sui plant
0.24478584047828855 0.7744093074480085 0.0 0.0 0.0 0.9302917803309502 0.9069161483621213 0.0 0.7222878233117264 0.0 0.0 0.0 0.31397413299916177 0.0 0.0 0.0 0.0 0.0 1.0780166042638843 0.0 0.0 0.0 0.0
