even though france has completed its sixmonth presidential term although already tenure six month but of presidency 6 period despite expired months whereas is over the fact that frances 6month ended this he doing so
even though france has completed its sixmonth presidential term
0.406743767357358 0.6212574592638478 0.651595295092607 0.2280886242145804 0.7723787913444996 0.3682025513749012 0.9924900656630089 0.6555404826989304 0.6744677455597347 0.0 0.0 0.0 0.0 0.0 0.0 0.0 0.0 0.0 0.0 0.0 0.0 0.0 0.0 0.0 0.0 0.0 0.0 0.0 0.0 0.0 0.0 0.0 0.0 0.0 0.0
although france has already completed its sixmonth presidential tenure
0.0 0.0 0.651595295092607 0.2280886242145804 0.7723787913444996 0.3682025513749012 0.9924900656630089 0.6555404826989304 0.0 0.5791954975762655 0.6023183502373399 0.7453096710491941 0.0 0.0 0.0 0.0 0.0 0.0 0.0 0.0 0.0 0.0 0.0 0.0 0.0 0.0 0.0 0.0 0.0 0.0 0.0 0.0 0.0 0.0 0.0
although france has already completed its six month term
0.0 0.0 0.651595295092607 0.2280886242145804 0.7723787913444996 0.3682025513749012 0.0 0.0 0.6744677455597347 0.5791954975762655 0.6023183502373399 0.0 0.7033023228358551 0.651595295092607 0.0 0.0 0.0 0.0 0.0 0.0 0.0 0.0 0.0 0.0 0.0 0.0 0.0 0.0 0.0 0.0 0.0 0.0 0.0 0.0 0.0
but france has already completed its sixmonth term of presidency
0.0 0.0 0.5864357655833463 0.20527976179312235 0.6951409122100497 0.33138229623741106 0.893241059096708 0.0 0.6070209710037612 0.0 0.542086515213606 0.0 0.0 0.0 0.26116422967164976 0.08399417825978182 0.5924255797414533 0.0 0.0 0.0 0.0 0.0 0.0 0.0 0.0 0.0 0.0 0.0 0.0 0.0 0.0 0.0 0.0 0.0 0.0
a3dd3acpmvdvca
though france has completed its 6 month presidency period
0.0 0.6212574592638478 0.651595295092607 0.2280886242145804 0.7723787913444996 0.3682025513749012 0.0 0.0 0.0 0.0 0.0 0.0 0.0 0.651595295092607 0.0 0.0 0.6582506441571703 0.733903653931407 0.751484098955284 0.0 0.0 0.0 0.0 0.0 0.0 0.0 0.0 0.0 0.0 0.0 0.0 0.0 0.0 0.0 0.0
a3fq8i38xt2b4z
despite france has expired its 6 months presidential term
0.0 0.0 0.651595295092607 0.2280886242145804 0.0 0.3682025513749012 0.0 0.6555404826989304 0.6744677455597347 0.0 0.0 0.0 0.0 0.0 0.0 0.0 0.0 0.733903653931407 0.0 0.5617794181313428 0.9924900656630089 0.6405364511651589 0.0 0.0 0.0 0.0 0.0 0.0 0.0 0.0 0.0 0.0 0.0 0.0 0.0
a143bvgouf83je
whereas france has completed its presidential tenure of six months
0.0 0.0 0.5864357655833463 0.20527976179312235 0.6951409122100497 0.33138229623741106 0.0 0.5899864344290373 0.0 0.0 0.0 0.6707787039442746 0.6329720905522696 0.0 0.0 0.08399417825978182 0.0 0.0 0.0 0.0 0.0 0.576482806048643 0.542086515213606 0.0 0.0 0.0 0.0 0.0 0.0 0.0 0.0 0.0 0.0 0.0 0.0
a8v7wa74iohz9
although 6 months presidency tenure of france is over
0.0 0.0 0.651595295092607 0.0 0.0 0.0 0.0 0.0 0.0 0.5791954975762655 0.0 0.7453096710491941 0.0 0.0 0.0 0.09332686473309092 0.6582506441571703 0.733903653931407 0.0 0.0 0.0 0.6405364511651589 0.0 0.14520172431495848 0.4150328588809118 0.0 0.0 0.0 0.0 0.0 0.0 0.0 0.0 0.0 0.0
a19b522xqflysa
though france has completed its six month presidency period
0.0 0.6212574592638478 0.651595295092607 0.2280886242145804 0.7723787913444996 0.3682025513749012 0.0 0.0 0.0 0.0 0.0 0.0 0.7033023228358551 0.651595295092607 0.0 0.0 0.6582506441571703 0.0 0.751484098955284 0.0 0.0 0.0 0.0 0.0 0.0 0.0 0.0 0.0 0.0 0.0 0.0 0.0 0.0 0.0 0.0
a230hf2okthmdz
though france has completed its 6 month presidency period
0.0 0.6212574592638478 0.651595295092607 0.2280886242145804 0.7723787913444996 0.3682025513749012 0.0 0.0 0.0 0.0 0.0 0.0 0.0 0.651595295092607 0.0 0.0 0.6582506441571703 0.733903653931407 0.751484098955284 0.0 0.0 0.0 0.0 0.0 0.0 0.0 0.0 0.0 0.0 0.0 0.0 0.0 0.0 0.0 0.0
a3odrygim0wb3t
france has completed its 6 month presidency period
0.0 0.0 0.7330447069791829 0.25659970224140294 0.8689261402625621 0.41422787029676383 0.0 0.0 0.0 0.0 0.0 0.0 0.0 0.7330447069791829 0.0 0.0 0.7405319746768165 0.8256416106728328 0.8454196113246946 0.0 0.0 0.0 0.0 0.0 0.0 0.0 0.0 0.0 0.0 0.0 0.0 0.0 0.0 0.0 0.0
a1yt9st6aq0bsp
despite the fact that frances 6month presidential term has ended
0.0 0.0 0.0 0.20527976179312235 0.0 0.0 0.0 0.5899864344290373 0.6070209710037612 0.0 0.0 0.0 0.0 0.0 0.0 0.0 0.0 0.0 0.0 0.5056014763182085 0.0 0.0 0.0 0.0 0.0 0.042648059182955333 0.5451170501631388 0.12080744242597999 0.8372794803031658 1.0318704952086972 0.6707787039442746 0.0 0.0 0.0 0.0
au2ar4vob7vlv
this is despite the fact that france has expired its 6 month presidential term
0.0 0.0 0.41888268970239023 0.14662840128080168 0.0 0.23670164016957934 0.0 0.4214188817350267 0.43358640785982944 0.0 0.0 0.0 0.0 0.41888268970239023 0.0 0.0 0.0 0.47179520609876163 0.0 0.3611439116558632 0.63802932792622 0.0 0.0 0.09334396563104473 0.0 0.030462899416396665 0.3893693215450992 0.08629103030427142 0.0 0.0 0.0 0.12239292023914428 0.0 0.0 0.0
al2rcq9eyun61
this is despite the fact that frances 6 month presidential term has expired
0.0 0.0 0.0 0.1579075090716326 0.0 0.0 0.0 0.45383571879156714 0.4669392084644317 0.0 0.0 0.0 0.0 0.4511044350641126 0.0 0.0 0.0 0.5080871450294355 0.0 0.38892421255246806 0.6871085069974677 0.0 0.0 0.10052427067958664 0.0 0.0328061993715041 0.4193208078177991 0.09292880186613844 0.6440611386947429 0.0 0.0 0.13180776025753999 0.0 0.0 0.0
au2ar4vob7vlv
france has completed its presidential tenure of six months
0.0 0.0 0.651595295092607 0.2280886242145804 0.7723787913444996 0.3682025513749012 0.0 0.6555404826989304 0.0 0.0 0.0 0.7453096710491941 0.7033023228358551 0.0 0.0 0.09332686473309092 0.0 0.0 0.0 0.0 0.0 0.6405364511651589 0.0 0.0 0.0 0.0 0.0 0.0 0.0 0.0 0.0 0.0 0.0 0.0 0.0
a279zamy03pduy
whereas france has completed its presidential tenure of six months
0.0 0.0 0.5864357655833463 0.20527976179312235 0.6951409122100497 0.33138229623741106 0.0 0.5899864344290373 0.0 0.0 0.0 0.6707787039442746 0.6329720905522696 0.0 0.0 0.08399417825978182 0.0 0.0 0.0 0.0 0.0 0.576482806048643 0.542086515213606 0.0 0.0 0.0 0.0 0.0 0.0 0.0 0.0 0.0 0.0 0.0 0.0
a2sb2bw2w4t4ww
he is doing so despite the fact that france has completed its sixmonth presidential tenure
0.0 0.0 0.3909571770555642 0.13685317452874823 0.46342727480669976 0.2209215308249407 0.5954940393978053 0.3933242896193582 0.0 0.0 0.0 0.44718580262951646 0.0 0.0 0.0 0.0 0.0 0.0 0.0 0.33706765087880564 0.0 0.0 0.0 0.08712103458897508 0.0 0.028432039455303555 0.3634113667754259 0.08053829495065332 0.0 0.0 0.0 0.0 0.15832815064188968 0.30969211232769855 0.23561652596328847
a3i6odkoktfoow
although the 6 months tenure of presidency of france is over
0.0 0.0 0.5331234232575875 0.0 0.0 0.0 0.0 0.0 0.0 0.4738872252896718 0.0 0.6097988217675224 0.0 0.0 0.0 0.15271668774505787 0.5385687088558666 0.6004666259438785 0.0 0.0 0.0 0.524075278226039 0.0 0.11880141080314784 0.3395723390843824 0.03877096289359576 0.0 0.0 0.0 0.0 0.0 0.0 0.0 0.0 0.0
