social networking websites like orkut facebook and myspace rank highest in terms of popularity web sites eg are rated first such as top ranked my space on the chart orket face book have accepting level comes tear when compared according to at acceptance orcet come tier mysspace accepted by many now achieved an initial a high most popular
social networking websites like orkut facebook and myspace rank highest in terms of popularity
0.4000147200565626 0.4990357458508405 0.49410768360177254 0.26973092797001186 0.5595570215927836 0.4917655534001303 0.07099750284302085 0.5485462587479794 0.687539840823359 0.5980567716451184 0.07355933588976293 0.5016334347201886 0.05999584161412987 0.44459717070463356 0.0 0.0 0.0 0.0 0.0 0.0 0.0 0.0 0.0 0.0 0.0 0.0 0.0 0.0 0.0 0.0 0.0 0.0 0.0 0.0 0.0 0.0 0.0 0.0 0.0 0.0 0.0 0.0 0.0 0.0 0.0 0.0 0.0 0.0 0.0 0.0 0.0 0.0 0.0 0.0 0.0 0.0 0.0 0.0
social networking web sites eg orkut facebook and myspace are rated first in terms of popularity
0.35001288004949227 0.43665627761948544 0.0 0.0 0.48961239389368566 0.430294859225114 0.06212281498764324 0.479977976404482 0.0 0.0 0.06436441890354257 0.4389292553801651 0.05249636141236364 0.3890225243665544 0.507592523421922 0.4283105655804528 0.5762557914636788 0.13163353461580166 0.6449190595054357 0.2450068760969852 0.0 0.0 0.0 0.0 0.0 0.0 0.0 0.0 0.0 0.0 0.0 0.0 0.0 0.0 0.0 0.0 0.0 0.0 0.0 0.0 0.0 0.0 0.0 0.0 0.0 0.0 0.0 0.0 0.0 0.0 0.0 0.0 0.0 0.0 0.0 0.0 0.0 0.0
social networking websites such as orkut facebook and myspace are top ranked websites in terms of popularity
0.3294238871054045 0.41097061423010395 0.8138244200499782 0.0 0.4608116648411159 0.40498339691775437 0.058468531753075995 0.4517439777924536 0.0 0.0 0.06057827661509889 0.41310988741662596 0.04940834015281284 0.3661388464626394 0.0 0.0 0.0 0.1238903855207545 0.0 0.0 0.23188105906990256 0.1550177218254791 0.39147901799748963 0.5015850284034656 0.0 0.0 0.0 0.0 0.0 0.0 0.0 0.0 0.0 0.0 0.0 0.0 0.0 0.0 0.0 0.0 0.0 0.0 0.0 0.0 0.0 0.0 0.0 0.0 0.0 0.0 0.0 0.0 0.0 0.0 0.0 0.0 0.0 0.0
social networking websites like orkut facebook and my space are on top in the popularity chart
0.35001288004949227 0.43665627761948544 0.43234422315155097 0.2360145619737604 0.48961239389368566 0.430294859225114 0.06212281498764324 0.0 0.0 0.0 0.06436441890354257 0.0 0.0 0.3890225243665544 0.0 0.0 0.0 0.13163353461580166 0.0 0.0 0.0 0.0 0.41594645662233276 0.0 0.25490181918226257 0.46427082463692537 0.1170629851484877 0.026655036989347083 0.6449190595054357 0.0 0.0 0.0 0.0 0.0 0.0 0.0 0.0 0.0 0.0 0.0 0.0 0.0 0.0 0.0 0.0 0.0 0.0 0.0 0.0 0.0 0.0 0.0 0.0 0.0 0.0 0.0 0.0 0.0
a353ocl6lm6m4o
social networking websites like orket face book and my space have the first accepting level
0.3733470720527918 0.46576669612745114 0.46116717136165436 0.2517488661053444 0.0 0.0 0.06626433598681945 0.0 0.0 0.0 0.0 0.0 0.0 0.0 0.0 0.0 0.0 0.0 0.0 0.2613406678367842 0.0 0.0 0.0 0.0 0.2718952737944134 0.49522221294605373 0.0 0.028432039455303555 0.0 0.5954940393978053 0.3211631161028163 0.45089045937317046 0.15253133519922862 0.41385540586091063 0.4117046817130292 0.0 0.0 0.0 0.0 0.0 0.0 0.0 0.0 0.0 0.0 0.0 0.0 0.0 0.0 0.0 0.0 0.0 0.0 0.0 0.0 0.0 0.0 0.0
a3fq8i38xt2b4z
social networking sites like orkut facebook and my space comes in first tear when compared according to popularity
0.31112256004399313 0.3881389134395426 0.0 0.20979072175445368 0.43521101679438723 0.38248431931121246 0.05522027998901621 0.0 0.0 0.0 0.05721281680314895 0.0 0.0 0.3457977994369372 0.0 0.38072050273818026 0.0 0.0 0.0 0.21778388986398686 0.0 0.0 0.0 0.0 0.22657939482867784 0.4126851774550448 0.0 0.0 0.0 0.0 0.0 0.0 0.0 0.0 0.0 0.305467965915663 0.5122273701899367 0.1809650325098074 0.3486474269029122 0.18295370208046946 0.059993017206175586 0.0 0.0 0.0 0.0 0.0 0.0 0.0 0.0 0.0 0.0 0.0 0.0 0.0 0.0 0.0 0.0 0.0
a3dd3acpmvdvca
social networking sites like orkut facebook and myspace are at first level of acceptance
0.4000147200565626 0.4990357458508405 0.0 0.26973092797001186 0.5595570215927836 0.4917655534001303 0.07099750284302085 0.5485462587479794 0.0 0.0 0.0 0.0 0.05999584161412987 0.0 0.0 0.4894977892348032 0.0 0.1504383252752019 0.0 0.2800078583965545 0.0 0.0 0.0 0.0 0.0 0.0 0.0 0.0 0.0 0.0 0.0 0.0 0.0 0.0 0.44111215897824557 0.0 0.0 0.0 0.0 0.0 0.0 0.22125713242174821 0.5538396853303882 0.0 0.0 0.0 0.0 0.0 0.0 0.0 0.0 0.0 0.0 0.0 0.0 0.0 0.0 0.0
a8v7wa74iohz9
social networking websites like orcet facebook and myspace are ranked first in popularity
0.43078508313783664 0.5374231109162898 0.532115966955755 0.290479460890782 0.0 0.529593672892448 0.07645884921556091 0.5907421248055162 0.0 0.0 0.07921774634282162 0.0 0.0 0.4787969530665285 0.0 0.0 0.0 0.1620105041425251 0.0 0.3015469244270587 0.0 0.0 0.0 0.6559188832968397 0.0 0.0 0.0 0.0 0.0 0.0 0.0 0.0 0.0 0.0 0.0 0.0 0.0 0.0 0.0 0.0 0.0 0.0 0.0 0.7404275208866943 0.0 0.0 0.0 0.0 0.0 0.0 0.0 0.0 0.0 0.0 0.0 0.0 0.0 0.0
a6tw9zegog7ph
social networking websites like orket facebook and myspace have the first accepting level
0.43078508313783664 0.5374231109162898 0.532115966955755 0.290479460890782 0.0 0.529593672892448 0.07645884921556091 0.5907421248055162 0.0 0.0 0.0 0.0 0.0 0.0 0.0 0.0 0.0 0.0 0.0 0.3015469244270587 0.0 0.0 0.0 0.0 0.0 0.0 0.0 0.0328061993715041 0.0 0.6871085069974677 0.0 0.0 0.17599769446064842 0.4775254683010507 0.4750438635150337 0.0 0.0 0.0 0.0 0.0 0.0 0.0 0.0 0.0 0.0 0.0 0.0 0.0 0.0 0.0 0.0 0.0 0.0 0.0 0.0 0.0 0.0 0.0
attzel5iaoiw5
social networking websites like orket facebook and myspace have the first accepting level
0.43078508313783664 0.5374231109162898 0.532115966955755 0.290479460890782 0.0 0.529593672892448 0.07645884921556091 0.5907421248055162 0.0 0.0 0.0 0.0 0.0 0.0 0.0 0.0 0.0 0.0 0.0 0.3015469244270587 0.0 0.0 0.0 0.0 0.0 0.0 0.0 0.0328061993715041 0.0 0.6871085069974677 0.0 0.0 0.17599769446064842 0.4775254683010507 0.4750438635150337 0.0 0.0 0.0 0.0 0.0 0.0 0.0 0.0 0.0 0.0 0.0 0.0 0.0 0.0 0.0 0.0 0.0 0.0 0.0 0.0 0.0 0.0 0.0
a1395pss402i1j
social networking websites like orket facebook and myspace have the first accepting level
0.43078508313783664 0.5374231109162898 0.532115966955755 0.290479460890782 0.0 0.529593672892448 0.07645884921556091 0.5907421248055162 0.0 0.0 0.0 0.0 0.0 0.0 0.0 0.0 0.0 0.0 0.0 0.3015469244270587 0.0 0.0 0.0 0.0 0.0 0.0 0.0 0.0328061993715041 0.0 0.6871085069974677 0.0 0.0 0.17599769446064842 0.4775254683010507 0.4750438635150337 0.0 0.0 0.0 0.0 0.0 0.0 0.0 0.0 0.0 0.0 0.0 0.0 0.0 0.0 0.0 0.0 0.0 0.0 0.0 0.0 0.0 0.0 0.0
a3lhs82826iskx
social networking sites like orkut facebook and myspace come in first tier when compared according to popularity
0.3294238871054045 0.41097061423010395 0.0 0.22213135244589213 0.4608116648411159 0.40498339691775437 0.058468531753075995 0.4517439777924536 0.0 0.0 0.06057827661509889 0.0 0.0 0.3661388464626394 0.0 0.40311582642866145 0.0 0.0 0.0 0.2305947069148096 0.0 0.0 0.0 0.0 0.0 0.0 0.0 0.0 0.0 0.0 0.0 0.0 0.0 0.0 0.0 0.0 0.0 0.191610034422149 0.36915609907367175 0.1937156845557912 0.06352201821830356 0.0 0.0 0.0 0.25818328286453385 0.5662092806780603 0.0 0.0 0.0 0.0 0.0 0.0 0.0 0.0 0.0 0.0 0.0 0.0
a291u81kgj6l9n
social networking sites like orkut facebook and mysspace comes are first tier compared according to popularity
0.35001288004949227 0.43665627761948544 0.0 0.2360145619737604 0.48961239389368566 0.430294859225114 0.06212281498764324 0.0 0.0 0.0 0.0 0.0 0.0 0.3890225243665544 0.0 0.4283105655804528 0.0 0.13163353461580166 0.0 0.2450068760969852 0.0 0.0 0.0 0.0 0.0 0.0 0.0 0.0 0.0 0.0 0.0 0.0 0.0 0.0 0.0 0.3436514616551209 0.0 0.0 0.39222835526577626 0.20582291484052814 0.06749214435694753 0.0 0.0 0.0 0.0 0.6015973607204391 0.6449190595054357 0.0 0.0 0.0 0.0 0.0 0.0 0.0 0.0 0.0 0.0 0.0
a1395pss402i1j
social networking sites like orkut facebook and myspace comes in first tear when compared according to popularity
0.3294238871054045 0.41097061423010395 0.0 0.22213135244589213 0.4608116648411159 0.40498339691775437 0.058468531753075995 0.4517439777924536 0.0 0.0 0.06057827661509889 0.0 0.0 0.3661388464626394 0.0 0.40311582642866145 0.0 0.0 0.0 0.2305947069148096 0.0 0.0 0.0 0.0 0.0 0.0 0.0 0.0 0.0 0.0 0.0 0.0 0.0 0.0 0.0 0.32343666979305497 0.5423583919658154 0.191610034422149 0.36915609907367175 0.1937156845557912 0.06352201821830356 0.0 0.0 0.0 0.0 0.0 0.0 0.0 0.0 0.0 0.0 0.0 0.0 0.0 0.0 0.0 0.0 0.0
a9x4g4wpj27d6
social networking sites like orkut facebook and myspace are accepted by many now
0.43078508313783664 0.5374231109162898 0.0 0.290479460890782 0.6025998694076131 0.529593672892448 0.07645884921556091 0.5907421248055162 0.0 0.0 0.0 0.0 0.0 0.0 0.0 0.5271514653297881 0.0 0.1620105041425251 0.0 0.0 0.0 0.0 0.0 0.0 0.0 0.0 0.0 0.0 0.0 0.0 0.0 0.0 0.0 0.0 0.0 0.0 0.0 0.0 0.0 0.0 0.0 0.0 0.0 0.0 0.0 0.0 0.0 0.396016996696063 0.19195840472318831 0.30231873434933393 0.2635433316088371 0.0 0.0 0.0 0.0 0.0 0.0 0.0
a2eldzaxlm8quo
social networking sites such as orkut facebook and myspace have achieved an initial level of acceptance
0.35001288004949227 0.43665627761948544 0.0 0.0 0.48961239389368566 0.430294859225114 0.06212281498764324 0.479977976404482 0.0 0.0 0.0 0.0 0.05249636141236364 0.0 0.0 0.4283105655804528 0.0 0.0 0.0 0.0 0.24637362526177148 0.16470632943957153 0.0 0.0 0.0 0.0 0.0 0.0 0.0 0.0 0.0 0.0 0.14299812674927684 0.0 0.38597313910596487 0.0 0.0 0.0 0.0 0.0 0.0 0.0 0.48460972466408964 0.0 0.0 0.0 0.0 0.0 0.0 0.0 0.0 0.45463640714772174 0.18439782911097435 0.4283105655804528 0.0 0.0 0.0 0.0
a280uzceezwu2x
social networking sites like orkut facebook and myspace are at a high level of acceptance
0.3733470720527918 0.46576669612745114 0.0 0.2517488661053444 0.5222532201532647 0.45898118317345493 0.06626433598681945 0.5119765081647808 0.0 0.0 0.0 0.0 0.05599611883985455 0.0 0.0 0.4568646032858163 0.0 0.14040910359018843 0.0 0.0 0.0 0.0 0.0 0.0 0.0 0.0 0.0 0.0 0.0 0.0 0.0 0.0 0.0 0.0 0.4117046817130292 0.0 0.0 0.0 0.0 0.0 0.0 0.206506656926965 0.5169170396416957 0.0 0.0 0.0 0.0 0.0 0.0 0.0 0.0 0.0 0.0 0.0 0.09452555647811622 0.34397664352482943 0.0 0.0
a3ohqrf1mdq99b
social networking websites like orcet facebook and myspace are the most popular
0.4666838400659897 0.5822083701593139 0.576458964202068 0.3146860826316805 0.0 0.5737264789668187 0.08283041998352432 0.639970635205976 0.0 0.0 0.0 0.0 0.0 0.0 0.0 0.0 0.0 0.17551137948773554 0.0 0.0 0.0 0.0 0.0 0.0 0.0 0.0 0.0 0.03554004931912944 0.0 0.0 0.0 0.0 0.0 0.0 0.0 0.0 0.0 0.0 0.0 0.0 0.0 0.0 0.0 0.8021298142939188 0.0 0.0 0.0 0.0 0.0 0.0 0.0 0.0 0.0 0.0 0.0 0.0 0.37816345302455345 0.5660287022892341
