whether the people sell toothpaste or clean bells of a temple with skin lemon they have no concern public sells toothpowder cleans temples peels tooth powder polishes in rind let population mandir lemons scrubs takes and them should their possessions be wiping peals also demanded that dentifrice crust clearly indicates are washing it peel (probably an idiomatic expression not sure how to translate) selling
whether the people sell toothpaste or clean the bells of a temple with the skin of a lemon
0.26695978921788827 0.07108009863825888 0.15038125291703078 0.3967028400966125 0.4838481688696039 0.17946089852286534 0.3901593381157023 0.43521101679438723 0.09332686473309092 0.1575425941301937 0.4228141528324867 0.13057696955968076 0.3967028400966125 0.4228141528324867 0.0 0.0 0.0 0.0 0.0 0.0 0.0 0.0 0.0 0.0 0.0 0.0 0.0 0.0 0.0 0.0 0.0 0.0 0.0 0.0 0.0 0.0 0.0 0.0 0.0 0.0 0.0 0.0 0.0 0.0 0.0 0.0 0.0 0.0 0.0 0.0 0.0 0.0 0.0 0.0 0.0 0.0 0.0 0.0 0.0 0.0 0.0 0.0 0.0 0.0
they have no concern whether the public sells toothpowder or cleans the bells of temples with lemon peels
0.26695978921788827 0.04738673242550592 0.0 0.0 0.0 0.17946089852286534 0.0 0.43521101679438723 0.04666343236654546 0.0 0.0 0.13057696955968076 0.0 0.4228141528324867 0.14353937544801054 0.1271094459993572 0.18491380286628278 0.3697301836642958 0.2616240642723339 0.47371919349216196 0.5732613862270539 0.5732613862270539 0.4577368561337297 0.4453399921718291 0.0 0.0 0.0 0.0 0.0 0.0 0.0 0.0 0.0 0.0 0.0 0.0 0.0 0.0 0.0 0.0 0.0 0.0 0.0 0.0 0.0 0.0 0.0 0.0 0.0 0.0 0.0 0.0 0.0 0.0 0.0 0.0 0.0 0.0 0.0 0.0 0.0 0.0 0.0 0.0
whether the public sells tooth powder or polishes the bells in the temples with the rind of the lemon
0.25290927399589413 0.1122317346919877 0.0 0.0 0.0 0.17001558807429348 0.0 0.412305173805209 0.04420746224199044 0.0 0.0 0.12370449747759231 0.0 0.400560776367619 0.0 0.0 0.0 0.0 0.2478543766790532 0.44878660436099554 0.0 0.0 0.43364544265300714 0.0 0.5066083037645803 0.44878660436099554 0.5430897343203669 0.054201615918772685 0.5430897343203669 0.0 0.0 0.0 0.0 0.0 0.0 0.0 0.0 0.0 0.0 0.0 0.0 0.0 0.0 0.0 0.0 0.0 0.0 0.0 0.0 0.0 0.0 0.0 0.0 0.0 0.0 0.0 0.0 0.0 0.0 0.0 0.0 0.0 0.0 0.0
whether people sell tooth powder or clean temple bells with lemon peels
0.4004396838268324 0.0 0.22557187937554615 0.5950542601449188 0.0 0.26919134778429804 0.5852390071735535 0.6528165251915808 0.0 0.0 0.63422122924873 0.19586545433952116 0.0 0.63422122924873 0.0 0.0 0.0 0.0 0.0 0.0 0.0 0.0 0.0 0.6680099882577437 0.8021298142939188 0.7105787902382429 0.0 0.0 0.0 0.0 0.0 0.0 0.0 0.0 0.0 0.0 0.0 0.0 0.0 0.0 0.0 0.0 0.0 0.0 0.0 0.0 0.0 0.0 0.0 0.0 0.0 0.0 0.0 0.0 0.0 0.0 0.0 0.0 0.0 0.0 0.0 0.0 0.0 0.0
a21xirv18up71h
let the population sell toothpaste or clean the bells of the mandir with the peels of lemons
0.0 0.1003483745481302 0.0 0.4200383012787662 0.5123098258619335 0.19001742196538685 0.41310988741662596 0.4608116648411159 0.09881668030562568 0.0 0.0 0.13825796776907376 0.0 0.0 0.0 0.0 0.0 0.0 0.0 0.0 0.0 0.0 0.0 0.4715364622995838 0.0 0.0 0.0 0.0 0.0 0.29188933396558575 0.37233652385427624 0.5254359171157106 0.5423583919658154 0.0 0.0 0.0 0.0 0.0 0.0 0.0 0.0 0.0 0.0 0.0 0.0 0.0 0.0 0.0 0.0 0.0 0.0 0.0 0.0 0.0 0.0 0.0 0.0 0.0 0.0 0.0 0.0 0.0 0.0 0.0
a3dd3acpmvdvca
whether the public sells scrubs or takes lemon peels and scrubs the temple bells with them
0.3003297628701243 0.05331007397869417 0.0 0.0 0.0 0.20189351083822352 0.0 0.48961239389368566 0.0 0.0 0.47566592193654755 0.14689909075464086 0.0 0.47566592193654755 0.0 0.0 0.0 0.0 0.29432707230637567 0.5329340926786822 0.0 0.0 0.0 0.5010074911933078 0.0 0.0 0.0 0.0 0.0 0.0 0.0 0.0 0.0 1.116551323870885 0.37507605240941627 0.06212281498764324 0.21324688583990106 0.0 0.0 0.0 0.0 0.0 0.0 0.0 0.0 0.0 0.0 0.0 0.0 0.0 0.0 0.0 0.0 0.0 0.0 0.0 0.0 0.0 0.0 0.0 0.0 0.0 0.0 0.0
a2qlm59qc9g1uf
the people should they sell their possessions or be wiping clean the temples with lemon peals
0.0 0.05331007397869417 0.16917890953165962 0.4462906951086891 0.0 0.20189351083822352 0.4389292553801651 0.0 0.0 0.0 0.0 0.14689909075464086 0.0 0.47566592193654755 0.16148179737901186 0.0 0.0 0.0 0.0 0.0 0.0 0.0 0.514953963150446 0.0 0.0 0.0 0.0 0.0 0.0 0.0 0.0 0.0 0.0 0.0 0.0 0.0 0.0 0.1871384357961524 0.1860763187327381 0.5582756619354425 0.1341764341224469 0.5329340926786822 0.5762557914636788 0.0 0.0 0.0 0.0 0.0 0.0 0.0 0.0 0.0 0.0 0.0 0.0 0.0 0.0 0.0 0.0 0.0 0.0 0.0 0.0 0.0
alrghxunh1uv7
they also demanded that the people dentifrice or lemon with the crust temples have clearly indicates they are washing with it
0.0 0.04061719922186222 0.12889821678602637 0.0 0.0 0.15382362730531315 0.0 0.0 0.0 0.0 0.0 0.22384623353088132 0.0 0.36241213099927433 0.24606750076801806 0.10895095371373473 0.0 0.0 0.0 0.0 0.0 0.0 0.39234587668605403 0.0 0.0 0.0 0.0 0.0 0.0 0.0 0.0 0.0 0.0 0.0 0.0 0.0 0.0 0.0 0.0 0.0 0.0 0.0 0.0 0.13138787886091766 0.2877161349081388 0.05752735353618094 0.45835989388223936 0.4253528852841467 0.2948366936686609 0.36922645688692546 0.10029221685013459 0.45835989388223936 0.09643597319174406 0.0 0.0 0.0 0.0 0.0 0.0 0.0 0.0 0.0 0.0 0.0
a301gnfg8w711q
let the population sell toothpaste or clean the bells of the mandir with lemon peel
0.0 0.08529611836591067 0.0 0.476043408115935 0.5806178026435247 0.2153530782274384 0.46819120573884276 0.5222532201532647 0.05599611883985455 0.0 0.0 0.1566923634716169 0.0 0.5073769833989841 0.0 0.0 0.0 0.0 0.0 0.0 0.0 0.0 0.0 0.0 0.0 0.0 0.0 0.0 0.0 0.3308079118276639 0.42198139370151305 0.5954940393978053 0.0 0.0 0.0 0.0 0.0 0.0 0.0 0.0 0.0 0.0 0.0 0.0 0.0 0.0 0.0 0.0 0.0 0.0 0.0 0.0 0.0 0.6879136634724647 0.0 0.0 0.0 0.0 0.0 0.0 0.0 0.0 0.0 0.0
ajfwu2g6a1bhs
let the population sell toothpaste or clean the bells of the mandir with the peels of lemons
0.0 0.1003483745481302 0.0 0.4200383012787662 0.5123098258619335 0.19001742196538685 0.41310988741662596 0.4608116648411159 0.09881668030562568 0.0 0.0 0.13825796776907376 0.0 0.0 0.0 0.0 0.0 0.0 0.0 0.0 0.0 0.0 0.0 0.4715364622995838 0.0 0.0 0.0 0.0 0.0 0.29188933396558575 0.37233652385427624 0.5254359171157106 0.5423583919658154 0.0 0.0 0.0 0.0 0.0 0.0 0.0 0.0 0.0 0.0 0.0 0.0 0.0 0.0 0.0 0.0 0.0 0.0 0.0 0.0 0.0 0.0 0.0 0.0 0.0 0.0 0.0 0.0 0.0 0.0 0.0
a1yyp7540py83g
let the population sell toothpaste or clean the bells of the mandir with the peels of lemons
0.0 0.1003483745481302 0.0 0.4200383012787662 0.5123098258619335 0.19001742196538685 0.41310988741662596 0.4608116648411159 0.09881668030562568 0.0 0.0 0.13825796776907376 0.0 0.0 0.0 0.0 0.0 0.0 0.0 0.0 0.0 0.0 0.0 0.4715364622995838 0.0 0.0 0.0 0.0 0.0 0.29188933396558575 0.37233652385427624 0.5254359171157106 0.5423583919658154 0.0 0.0 0.0 0.0 0.0 0.0 0.0 0.0 0.0 0.0 0.0 0.0 0.0 0.0 0.0 0.0 0.0 0.0 0.0 0.0 0.0 0.0 0.0 0.0 0.0 0.0 0.0 0.0 0.0 0.0 0.0
a2zhr3rebfem5a
whether the public sells scrubs or takes lemon peels and scrubs the temple bells with them
0.3003297628701243 0.05331007397869417 0.0 0.0 0.0 0.20189351083822352 0.0 0.48961239389368566 0.0 0.0 0.47566592193654755 0.14689909075464086 0.0 0.47566592193654755 0.0 0.0 0.0 0.0 0.29432707230637567 0.5329340926786822 0.0 0.0 0.0 0.5010074911933078 0.0 0.0 0.0 0.0 0.0 0.0 0.0 0.0 0.0 1.116551323870885 0.37507605240941627 0.06212281498764324 0.21324688583990106 0.0 0.0 0.0 0.0 0.0 0.0 0.0 0.0 0.0 0.0 0.0 0.0 0.0 0.0 0.0 0.0 0.0 0.0 0.0 0.0 0.0 0.0 0.0 0.0 0.0 0.0 0.0
a3a4p6bwfe7hfn
whether the public sells or takes lemon peels and scrubs the temple bells with them
0.3203517470614659 0.05686407891060711 0.0 0.0 0.0 0.2153530782274384 0.0 0.5222532201532647 0.0 0.0 0.5073769833989841 0.1566923634716169 0.0 0.5073769833989841 0.0 0.0 0.0 0.0 0.3139488771268007 0.5684630321905944 0.0 0.0 0.0 0.5344079906061949 0.0 0.0 0.0 0.0 0.0 0.0 0.0 0.0 0.0 0.5954940393978053 0.400081122570044 0.06626433598681945 0.22746334489589445 0.0 0.0 0.0 0.0 0.0 0.0 0.0 0.0 0.0 0.0 0.0 0.0 0.0 0.0 0.0 0.0 0.0 0.0 0.0 0.0 0.0 0.0 0.0 0.0 0.0 0.0 0.0
aclg2ttpdpj36
whether the public sells scrubs or takes lemon peels and scrubs the temple bells with them (probably an idiomatic expression not sure how to translate)
0.19221104823687957 0.03411844734636427 0.0 0.0 0.0 0.12921184693646304 0.0 0.31335193209195883 0.0 0.0 0.3044261900393904 0.09401541808297015 0.0 0.3044261900393904 0.0 0.0 0.0 0.0 0.18836932627608044 0.3410778193143566 0.0 0.0 0.0 0.32064479436371696 0.0 0.0 0.0 0.0 0.0 0.0 0.0 0.0 0.0 0.7145928472773665 0.24004867354202641 0.03975860159209168 0.13647800693753667 0.0 0.0 0.0 0.0 0.0 0.0 0.0 0.0 0.0 0.0 0.0 0.0 0.0 0.0 0.0 0.0 0.0 0.41274819808347885 0.11801461063102359 0.41274819808347885 0.32064479436371696 0.08562509952949454 0.24396788987643458 0.15693773415886084 0.04319497238844642 0.3483706815861148 0.0
a31ikb373dzonk
the people should be selling their possessions or wiping the temples clean with lemon peels
0.0 0.05686407891060711 0.18045750350043693 0.0 0.0 0.2153530782274384 0.46819120573884276 0.0 0.0 0.0 0.0 0.1566923634716169 0.0 0.5073769833989841 0.0 0.0 0.0 0.0 0.0 0.0 0.0 0.0 0.5492842273604757 0.5344079906061949 0.0 0.0 0.0 0.0 0.0 0.0 0.0 0.0 0.0 0.0 0.0 0.0 0.0 0.19961433151589592 0.19848140664825398 0.5954940393978053 0.14312152973061001 0.5684630321905944 0.0 0.0 0.0 0.0 0.0 0.0 0.0 0.0 0.0 0.0 0.0 0.0 0.0 0.0 0.0 0.0 0.0 0.0 0.0 0.0 0.0 0.6417038514351351
a1g9f1kosfkijh
should the people sell their possessions or be wiping clean the temples with lemon peals
0.0 0.05686407891060711 0.18045750350043693 0.476043408115935 0.0 0.2153530782274384 0.46819120573884276 0.0 0.0 0.0 0.0 0.1566923634716169 0.0 0.5073769833989841 0.0 0.0 0.0 0.0 0.0 0.0 0.0 0.0 0.5492842273604757 0.0 0.0 0.0 0.0 0.0 0.0 0.0 0.0 0.0 0.0 0.0 0.0 0.0 0.0 0.19961433151589592 0.19848140664825398 0.5954940393978053 0.14312152973061001 0.5684630321905944 0.614672844227924 0.0 0.0 0.0 0.0 0.0 0.0 0.0 0.0 0.0 0.0 0.0 0.0 0.0 0.0 0.0 0.0 0.0 0.0 0.0 0.0 0.0
a28p76cwxeubye
the people should they sell their possessions or be wiping clean the temples with lemon peals
0.0 0.05331007397869417 0.16917890953165962 0.4462906951086891 0.0 0.20189351083822352 0.4389292553801651 0.0 0.0 0.0 0.0 0.14689909075464086 0.0 0.47566592193654755 0.16148179737901186 0.0 0.0 0.0 0.0 0.0 0.0 0.0 0.514953963150446 0.0 0.0 0.0 0.0 0.0 0.0 0.0 0.0 0.0 0.0 0.0 0.0 0.0 0.0 0.1871384357961524 0.1860763187327381 0.5582756619354425 0.1341764341224469 0.5329340926786822 0.5762557914636788 0.0 0.0 0.0 0.0 0.0 0.0 0.0 0.0 0.0 0.0 0.0 0.0 0.0 0.0 0.0 0.0 0.0 0.0 0.0 0.0 0.0
amd40d0gc1l4r
they also demanded that the people dentifrice or lemon with the crust temples have clearly indicates they are washing with it
0.0 0.04061719922186222 0.12889821678602637 0.0 0.0 0.15382362730531315 0.0 0.0 0.0 0.0 0.0 0.22384623353088132 0.0 0.36241213099927433 0.24606750076801806 0.10895095371373473 0.0 0.0 0.0 0.0 0.0 0.0 0.39234587668605403 0.0 0.0 0.0 0.0 0.0 0.0 0.0 0.0 0.0 0.0 0.0 0.0 0.0 0.0 0.0 0.0 0.0 0.0 0.0 0.0 0.13138787886091766 0.2877161349081388 0.05752735353618094 0.45835989388223936 0.4253528852841467 0.2948366936686609 0.36922645688692546 0.10029221685013459 0.45835989388223936 0.09643597319174406 0.0 0.0 0.0 0.0 0.0 0.0 0.0 0.0 0.0 0.0 0.0
