syja786 there will not any words to translate in this column
syja786
7.54611622984719 0.0 0.0 0.0 0.0 0.0 0.0 0.0 0.0 0.0 0.0
syja786
7.54611622984719 0.0 0.0 0.0 0.0 0.0 0.0 0.0 0.0 0.0 0.0
syja786
7.54611622984719 0.0 0.0 0.0 0.0 0.0 0.0 0.0 0.0 0.0 0.0
syja786
7.54611622984719 0.0 0.0 0.0 0.0 0.0 0.0 0.0 0.0 0.0 0.0
a3fq8i38xt2b4z
syja786
7.54611622984719 0.0 0.0 0.0 0.0 0.0 0.0 0.0 0.0 0.0 0.0
a3sw1e5d0b9v9a
syja786
7.54611622984719 0.0 0.0 0.0 0.0 0.0 0.0 0.0 0.0 0.0 0.0
a3dd3acpmvdvca
syja786
7.54611622984719 0.0 0.0 0.0 0.0 0.0 0.0 0.0 0.0 0.0 0.0
a34ce07kjic192
there will not any words to translate in this column
0.0 0.28639850027229696 0.2215513199801184 0.21406274882373638 0.3543338861150579 0.5514683907353715 0.10798743097111604 0.9625557771527026 0.1029830702456681 0.17135008833480198 0.9625557771527026
attzel5iaoiw5
syja786
7.54611622984719 0.0 0.0 0.0 0.0 0.0 0.0 0.0 0.0 0.0 0.0
a291u81kgj6l9n
syja786
7.54611622984719 0.0 0.0 0.0 0.0 0.0 0.0 0.0 0.0 0.0 0.0
a2bk4fasw056jr
syja786
7.54611622984719 0.0 0.0 0.0 0.0 0.0 0.0 0.0 0.0 0.0 0.0
a3qu3km3iywhif
syja786
7.54611622984719 0.0 0.0 0.0 0.0 0.0 0.0 0.0 0.0 0.0 0.0
au2ar4vob7vlv
syja786
7.54611622984719 0.0 0.0 0.0 0.0 0.0 0.0 0.0 0.0 0.0 0.0
a3bnv4r3pkyf7u
syja786
7.54611622984719 0.0 0.0 0.0 0.0 0.0 0.0 0.0 0.0 0.0 0.0
a6tw9zegog7ph
syja786
7.54611622984719 0.0 0.0 0.0 0.0 0.0 0.0 0.0 0.0 0.0 0.0
aclg2ttpdpj36
syja786
7.54611622984719 0.0 0.0 0.0 0.0 0.0 0.0 0.0 0.0 0.0 0.0
au2ar4vob7vlv
syja786
7.54611622984719 0.0 0.0 0.0 0.0 0.0 0.0 0.0 0.0 0.0 0.0
amd40d0gc1l4r
there will not any words to translate in this column
0.0 0.28639850027229696 0.2215513199801184 0.21406274882373638 0.3543338861150579 0.5514683907353715 0.10798743097111604 0.9625557771527026 0.1029830702456681 0.17135008833480198 0.9625557771527026
