what immediate steps would you recommend to overcome this crisis sorts of measures suggest crises will propose control immediately problem can gain over counter these problems for the short term suggestions do u have about big instantly managing take solve in are your fix
what immediate steps would you recommend to overcome this crisis
0.3082365609332627 0.5949257099619949 0.5103769194477985 0.34590900484327686 0.3187806121790624 0.893241059096708 0.10798743097111604 0.7227662498728654 0.17135008833480198 0.48893593231325305 0.0 0.0 0.0 0.0 0.0 0.0 0.0 0.0 0.0 0.0 0.0 0.0 0.0 0.0 0.0 0.0 0.0 0.0 0.0 0.0 0.0 0.0 0.0 0.0 0.0 0.0 0.0 0.0 0.0 0.0 0.0 0.0 0.0 0.0
what sorts of immediate measures would you suggest to overcome this crises
0.2568638007777189 0.4957714249683291 0.0 0.28825750403606404 0.26565051014921864 0.0 0.08998952580926338 0.6023052082273879 0.14279174027900166 0.0 0.7257722533044059 0.06999514854981818 0.5504277404485552 0.6288430191539325 0.7105787902382429 0.0 0.0 0.0 0.0 0.0 0.0 0.0 0.0 0.0 0.0 0.0 0.0 0.0 0.0 0.0 0.0 0.0 0.0 0.0 0.0 0.0 0.0 0.0 0.0 0.0 0.0 0.0 0.0 0.0
what immediate steps will you propose to control this crisis
0.3082365609332627 0.5949257099619949 0.5103769194477985 0.0 0.3187806121790624 0.0 0.10798743097111604 0.0 0.17135008833480198 0.48893593231325305 0.0 0.0 0.0 0.0 0.0 0.2215513199801184 1.0318704952086972 0.4966846818610904 0.0 0.0 0.0 0.0 0.0 0.0 0.0 0.0 0.0 0.0 0.0 0.0 0.0 0.0 0.0 0.0 0.0 0.0 0.0 0.0 0.0 0.0 0.0 0.0 0.0 0.0
what would you suggest to immediately control this problem
0.3424850677036252 0.0 0.0 0.38434333871475207 0.35420068019895823 0.0 0.11998603441235117 0.0 0.19038898703866888 0.0 0.0 0.0 0.0 0.83845735887191 0.0 0.0 0.0 0.5518718687345449 0.6713376481189905 0.5321417627306163 0.0 0.0 0.0 0.0 0.0 0.0 0.0 0.0 0.0 0.0 0.0 0.0 0.0 0.0 0.0 0.0 0.0 0.0 0.0 0.0 0.0 0.0 0.0 0.0
a3dd3acpmvdvca
what immediate steps can you suggest to gain control over this crisis
0.2568638007777189 0.4957714249683291 0.4253140995398321 0.0 0.26565051014921864 0.0 0.08998952580926338 0.0 0.14279174027900166 0.4074466102610442 0.0 0.0 0.0 0.6288430191539325 0.0 0.0 0.0 0.41390390155090867 0.0 0.0 0.2626389229312292 0.5390464458647427 0.31127464416068384 0.0 0.0 0.0 0.0 0.0 0.0 0.0 0.0 0.0 0.0 0.0 0.0 0.0 0.0 0.0 0.0 0.0 0.0 0.0 0.0 0.0
a3fq8i38xt2b4z
to counter these problems for the short term what suggestions do u have
0.23710504687174053 0.0 0.0 0.0 0.0 0.0 0.08306725459316619 0.0 0.0 0.0 0.0 0.0 0.0 0.0 0.0 0.0 0.0 0.0 0.0 0.0 0.0 0.0 0.0 0.5714102457069851 0.23165404902478712 0.3600269448271712 0.1485161307032627 0.0328061993715041 0.5119341004582557 0.4669392084644317 0.5247844146631147 0.2490643888766299 0.6440611386947429 0.17599769446064842 0.0 0.0 0.0 0.0 0.0 0.0 0.0 0.0 0.0 0.0
a353ocl6lm6m4o
what will you suggest about the control this big problem
0.3082365609332627 0.0 0.0 0.0 0.3187806121790624 0.0 0.0 0.0 0.17135008833480198 0.0 0.0 0.0 0.0 0.754611622984719 0.0 0.2215513199801184 0.0 0.4966846818610904 0.0 0.47892758645755473 0.0 0.0 0.0 0.0 0.0 0.0 0.0 0.042648059182955333 0.0 0.0 0.0 0.0 0.0 0.0 0.3116043755563733 0.5398724026258845 0.0 0.0 0.0 0.0 0.0 0.0 0.0 0.0
a8v7wa74iohz9
what steps you will instantly recommend for managing this crisis
0.3082365609332627 0.0 0.5103769194477985 0.0 0.3187806121790624 0.893241059096708 0.0 0.0 0.17135008833480198 0.48893593231325305 0.0 0.0 0.0 0.0 0.0 0.2215513199801184 0.0 0.0 0.0 0.0 0.0 0.0 0.0 0.0 0.0 0.0 0.1930709699142415 0.0 0.0 0.0 0.0 0.0 0.0 0.0 0.0 0.0 0.7485491608030754 0.8016119859092925 0.0 0.0 0.0 0.0 0.0 0.0
a1dndzlo2d5d48
what immediate steps can you suggest to gain control over this crisis
0.2568638007777189 0.4957714249683291 0.4253140995398321 0.0 0.26565051014921864 0.0 0.08998952580926338 0.0 0.14279174027900166 0.4074466102610442 0.0 0.0 0.0 0.6288430191539325 0.0 0.0 0.0 0.41390390155090867 0.0 0.0 0.2626389229312292 0.5390464458647427 0.31127464416068384 0.0 0.0 0.0 0.0 0.0 0.0 0.0 0.0 0.0 0.0 0.0 0.0 0.0 0.0 0.0 0.0 0.0 0.0 0.0 0.0 0.0
a3odrygim0wb3t
what immediate steps can you suggest to take control over this crisis
0.2568638007777189 0.4957714249683291 0.4253140995398321 0.0 0.26565051014921864 0.0 0.08998952580926338 0.0 0.14279174027900166 0.4074466102610442 0.0 0.0 0.0 0.6288430191539325 0.0 0.0 0.0 0.41390390155090867 0.0 0.0 0.2626389229312292 0.0 0.31127464416068384 0.0 0.0 0.0 0.0 0.0 0.0 0.0 0.0 0.0 0.0 0.0 0.0 0.0 0.0 0.0 0.3216972223951817 0.0 0.0 0.0 0.0 0.0
a6tw9zegog7ph
what immediate steps can you suggest to gain control over this crisis
0.2568638007777189 0.4957714249683291 0.4253140995398321 0.0 0.26565051014921864 0.0 0.08998952580926338 0.0 0.14279174027900166 0.4074466102610442 0.0 0.0 0.0 0.6288430191539325 0.0 0.0 0.0 0.41390390155090867 0.0 0.0 0.2626389229312292 0.5390464458647427 0.31127464416068384 0.0 0.0 0.0 0.0 0.0 0.0 0.0 0.0 0.0 0.0 0.0 0.0 0.0 0.0 0.0 0.0 0.0 0.0 0.0 0.0 0.0
a2scjh3oqhuw2a
to solve these problems in the short term what suggestions do you have
0.23710504687174053 0.0 0.0 0.0 0.2452158555223557 0.0 0.08306725459316619 0.0 0.0 0.0 0.0 0.0 0.0 0.0 0.0 0.0 0.0 0.0 0.0 0.0 0.0 0.0 0.0 0.0 0.23165404902478712 0.3600269448271712 0.0 0.0328061993715041 0.5119341004582557 0.4669392084644317 0.5247844146631147 0.2490643888766299 0.0 0.17599769446064842 0.0 0.0 0.0 0.0 0.0 0.46804603442228554 0.07921774634282162 0.0 0.0 0.0
a2oe085okcwole
to counter these problems for the short term what suggestions do you have
0.23710504687174053 0.0 0.0 0.0 0.2452158555223557 0.0 0.08306725459316619 0.0 0.0 0.0 0.0 0.0 0.0 0.0 0.0 0.0 0.0 0.0 0.0 0.0 0.0 0.0 0.0 0.5714102457069851 0.23165404902478712 0.3600269448271712 0.1485161307032627 0.0328061993715041 0.5119341004582557 0.4669392084644317 0.5247844146631147 0.2490643888766299 0.0 0.17599769446064842 0.0 0.0 0.0 0.0 0.0 0.0 0.0 0.0 0.0 0.0
a330jjzgjl7ig2
to counter these problems for the short term what suggestions do you have
0.23710504687174053 0.0 0.0 0.0 0.2452158555223557 0.0 0.08306725459316619 0.0 0.0 0.0 0.0 0.0 0.0 0.0 0.0 0.0 0.0 0.0 0.0 0.0 0.0 0.0 0.0 0.5714102457069851 0.23165404902478712 0.3600269448271712 0.1485161307032627 0.0328061993715041 0.5119341004582557 0.4669392084644317 0.5247844146631147 0.2490643888766299 0.0 0.17599769446064842 0.0 0.0 0.0 0.0 0.0 0.0 0.0 0.0 0.0 0.0
a2190f96xfy41l
what are your suggestions to fix these problems
0.38529570116657835 0.0 0.0 0.0 0.0 0.0 0.13498428871389506 0.0 0.0 0.0 0.0 0.0 0.0 0.0 0.0 0.0 0.0 0.0 0.0 0.0 0.0 0.0 0.0 0.0 0.37643782966527906 0.5850437853441531 0.0 0.0 0.0 0.0 0.8527746738275613 0.0 0.0 0.0 0.0 0.0 0.0 0.0 0.0 0.0 0.0 0.2632670692316033 0.4679536389359188 0.959955952808964
a3c1u2evw0nuff
what will you suggest to control this big problem
0.3424850677036252 0.0 0.0 0.0 0.35420068019895823 0.0 0.11998603441235117 0.0 0.19038898703866888 0.0 0.0 0.0 0.0 0.83845735887191 0.0 0.24616813331124268 0.0 0.5518718687345449 0.0 0.5321417627306163 0.0 0.0 0.0 0.0 0.0 0.0 0.0 0.0 0.0 0.0 0.0 0.0 0.0 0.0 0.0 0.5998582251398717 0.0 0.0 0.0 0.0 0.0 0.0 0.0 0.0
a2epq8pt6mk3tp
what will you suggest about the control in this big problem
0.28021505539387515 0.0 0.0 0.0 0.28980055652642034 0.0 0.0 0.0 0.15577280757709272 0.0 0.0 0.0 0.0 0.6860105663497446 0.0 0.20141029089101672 0.0 0.4515315289646276 0.0 0.43538871496141335 0.0 0.0 0.0 0.0 0.0 0.0 0.0 0.03877096289359576 0.0 0.0 0.0 0.0 0.0 0.0 0.28327670505124847 0.4907930932962587 0.0 0.0 0.0 0.0 0.09362097295060737 0.0 0.0 0.0
aonmraht4motn
what immediate steps would you recommend for managing this crisis
0.3082365609332627 0.5949257099619949 0.5103769194477985 0.34590900484327686 0.3187806121790624 0.893241059096708 0.0 0.0 0.17135008833480198 0.48893593231325305 0.0 0.0 0.0 0.0 0.0 0.0 0.0 0.0 0.0 0.0 0.0 0.0 0.0 0.0 0.0 0.0 0.1930709699142415 0.0 0.0 0.0 0.0 0.0 0.0 0.0 0.0 0.0 0.0 0.8016119859092925 0.0 0.0 0.0 0.0 0.0 0.0
