today it will result in fire and blood generate bestow deliver bless with give fir be forgiven blessed the world its people we forgive violence bloodshed
today it will result in fire and blood
0.5327401173572933 0.25314442962832817 0.276939149975148 0.6379711493097482 0.12872883780708513 0.6352828736571277 0.12424562997528649 0.5824028420409187 0.0 0.0 0.0 0.0 0.0 0.0 0.0 0.0 0.0 0.0 0.0 0.0 0.0 0.0 0.0 0.0 0.0 0.0
today it will generate blood and fire
0.6088458484083352 0.2893079195752322 0.31650188568588344 0.0 0.0 0.7260375698938601 0.1419950056860417 0.6656032480467643 1.218135068979845 0.0 0.0 0.0 0.0 0.0 0.0 0.0 0.0 0.0 0.0 0.0 0.0 0.0 0.0 0.0 0.0 0.0
it will bestow fire and blood today
0.6088458484083352 0.2893079195752322 0.31650188568588344 0.0 0.0 0.7260375698938601 0.1419950056860417 0.6656032480467643 0.0 1.1770376300581622 0.0 0.0 0.0 0.0 0.0 0.0 0.0 0.0 0.0 0.0 0.0 0.0 0.0 0.0 0.0 0.0
fire and blood will deliver today
0.7103201564763911 0.0 0.36925219996686404 0.0 0.0 0.8470438315428369 0.16566083996704864 0.776537122721225 0.0 0.0 1.292292599104239 0.0 0.0 0.0 0.0 0.0 0.0 0.0 0.0 0.0 0.0 0.0 0.0 0.0 0.0 0.0
a143bvgouf83je
it will bless with fire and blood
0.0 0.2893079195752322 0.31650188568588344 0.0 0.0 0.7260375698938601 0.1419950056860417 0.6656032480467643 0.0 0.0 0.0 0.9544455417657979 0.335769350296322 0.0 0.0 0.0 0.0 0.0 0.0 0.0 0.0 0.0 0.0 0.0 0.0 0.0
a28z6a8uc4er3x
today will give fire and blood
0.7103201564763911 0.0 0.36925219996686404 0.0 0.0 0.8470438315428369 0.16566083996704864 0.776537122721225 0.0 0.0 0.0 0.0 0.0 0.7355571840054002 0.0 0.0 0.0 0.0 0.0 0.0 0.0 0.0 0.0 0.0 0.0 0.0
a3dd3acpmvdvca
it will give fire and blood today
0.6088458484083352 0.2893079195752322 0.31650188568588344 0.0 0.0 0.7260375698938601 0.1419950056860417 0.6656032480467643 0.0 0.0 0.0 0.0 0.0 0.630477586290343 0.0 0.0 0.0 0.0 0.0 0.0 0.0 0.0 0.0 0.0 0.0 0.0
a2i57ww1b3evwx
fir and blood will today be forgiven
0.6088458484083352 0.0 0.31650188568588344 0.0 0.0 0.0 0.1419950056860417 0.6656032480467643 0.0 0.0 0.0 0.0 0.0 0.0 1.375079681646718 0.3066889922798786 1.1961135432902368 0.0 0.0 0.0 0.0 0.0 0.0 0.0 0.0 0.0
a2190f96xfy41l
it will bless with fire and blood
0.0 0.2893079195752322 0.31650188568588344 0.0 0.0 0.7260375698938601 0.1419950056860417 0.6656032480467643 0.0 0.0 0.0 0.9544455417657979 0.335769350296322 0.0 0.0 0.0 0.0 0.0 0.0 0.0 0.0 0.0 0.0 0.0 0.0 0.0
a1395pss402i1j
it will be blessed with fire and blood
0.0 0.25314442962832817 0.276939149975148 0.0 0.0 0.6352828736571277 0.12424562997528649 0.5824028420409187 0.0 0.0 0.0 0.0 0.2937981815092817 0.0 0.0 0.2683528682448938 0.0 1.116551323870885 0.0 0.0 0.0 0.0 0.0 0.0 0.0 0.0
a24bjjrcqbm3mi
it will bless the world and its people with fire and blood
0.0 0.16876295308555211 0.18462609998343202 0.0 0.0 0.42352191577141846 0.16566083996704864 0.3882685613606125 0.0 0.0 0.0 0.5567598993633821 0.19586545433952116 0.0 0.0 0.0 0.0 0.0 0.03554004931912944 0.2767590807587537 0.2761519135311759 0.22557187937554615 0.0 0.0 0.0 0.0
a6tw9zegog7ph
today will give fire and blood
0.7103201564763911 0.0 0.36925219996686404 0.0 0.0 0.8470438315428369 0.16566083996704864 0.776537122721225 0.0 0.0 0.0 0.0 0.0 0.7355571840054002 0.0 0.0 0.0 0.0 0.0 0.0 0.0 0.0 0.0 0.0 0.0 0.0
aq83oqxl7tj8n
today will give fire and blood
0.7103201564763911 0.0 0.36925219996686404 0.0 0.0 0.8470438315428369 0.16566083996704864 0.776537122721225 0.0 0.0 0.0 0.0 0.0 0.7355571840054002 0.0 0.0 0.0 0.0 0.0 0.0 0.0 0.0 0.0 0.0 0.0 0.0
a3iiehpa9ivcnu
today it will give fire and blood
0.6088458484083352 0.2893079195752322 0.31650188568588344 0.0 0.0 0.7260375698938601 0.1419950056860417 0.6656032480467643 0.0 0.0 0.0 0.0 0.0 0.630477586290343 0.0 0.0 0.0 0.0 0.0 0.0 0.0 0.0 0.0 0.0 0.0 0.0
a2unp2crnrfiw8
it will give fire and blood today
0.6088458484083352 0.2893079195752322 0.31650188568588344 0.0 0.0 0.7260375698938601 0.1419950056860417 0.6656032480467643 0.0 0.0 0.0 0.0 0.0 0.630477586290343 0.0 0.0 0.0 0.0 0.0 0.0 0.0 0.0 0.0 0.0 0.0 0.0
a1dndzlo2d5d48
it will give fire and blood today
0.6088458484083352 0.2893079195752322 0.31650188568588344 0.0 0.0 0.7260375698938601 0.1419950056860417 0.6656032480467643 0.0 0.0 0.0 0.0 0.0 0.630477586290343 0.0 0.0 0.0 0.0 0.0 0.0 0.0 0.0 0.0 0.0 0.0 0.0
a1ih5ceu09nm63
it will give fire and blood today
0.6088458484083352 0.2893079195752322 0.31650188568588344 0.0 0.0 0.7260375698938601 0.1419950056860417 0.6656032480467643 0.0 0.0 0.0 0.0 0.0 0.630477586290343 0.0 0.0 0.0 0.0 0.0 0.0 0.0 0.0 0.0 0.0 0.0 0.0
a1vftlon458bjk
fir and blood will today be forgiven today we will forgive the violence and bloodshed
0.5682561251811129 0.0 0.2954017599734912 0.0 0.0 0.0 0.1325286719736389 0.31061484908849 0.0 0.0 0.0 0.0 0.0 0.0 0.6417038514351351 0.14312152973061001 0.5581863202021106 0.0 0.028432039455303555 0.0 0.0 0.0 0.2041605141597527 0.5684630321905944 0.3843218706990953 0.42579195462417635
