what would you say about the honorable exprime minister benazir bhutto shaheed receiving this award being given to ex prime mohtarma on receipt of by former benzair how do feel conferred mrs benazeer pakistan will at getting past baynazir martyr minster bhuto received is your opinion an when receives think recieving martyred as a recipient he
what would you say about the honorable exprime minister benazir bhutto shaheed receiving this award
0.20549104062217513 0.23060600322885125 0.21252040811937492 0.26089843293707526 0.20773625037091556 0.028432039455303555 0.5684630321905944 0.5581863202021106 0.24404626041441482 0.2884826936652659 0.3447473650182345 0.4788807157438547 0.4284589769317562 0.11423339222320132 0.39495038649430214 0.0 0.0 0.0 0.0 0.0 0.0 0.0 0.0 0.0 0.0 0.0 0.0 0.0 0.0 0.0 0.0 0.0 0.0 0.0 0.0 0.0 0.0 0.0 0.0 0.0 0.0 0.0 0.0 0.0 0.0 0.0 0.0 0.0 0.0 0.0 0.0 0.0 0.0 0.0 0.0 0.0
what would you say about this award being given to the ex prime minister shaheed mohtarma benazir bhutto
0.1712425338518126 0.19217166935737603 0.17710034009947911 0.21741536078089607 0.17311354197576295 0.02369336621275296 0.0 0.0 0.203371883678679 0.24040224472105493 0.28728947084852874 0.39906726311987895 0.0 0.09519449351933444 0.32912532207858514 0.2030873475608982 0.2445834938599742 0.059993017206175586 0.40683181547405445 0.2322765498889298 0.5347532095292792 0.0 0.0 0.0 0.0 0.0 0.0 0.0 0.0 0.0 0.0 0.0 0.0 0.0 0.0 0.0 0.0 0.0 0.0 0.0 0.0 0.0 0.0 0.0 0.0 0.0 0.0 0.0 0.0 0.0 0.0 0.0 0.0 0.0 0.0 0.0
what would you say on receipt of this award by former prime minister benzair bhutto shaheed
0.19264785058328918 0.21619312802704804 0.199237882611914 0.24459228087850807 0.0 0.0 0.0 0.0 0.2287933691385139 0.0 0.32320065470459486 0.4489506710098638 0.0 0.10709380520925124 0.37026598733840826 0.0 0.0 0.0 0.0 0.261311118625046 0.0 0.1170629851484877 0.6449190595054357 0.05249636141236364 0.1559662038375905 0.33217241538384445 0.6449190595054357 0.0 0.0 0.0 0.0 0.0 0.0 0.0 0.0 0.0 0.0 0.0 0.0 0.0 0.0 0.0 0.0 0.0 0.0 0.0 0.0 0.0 0.0 0.0 0.0 0.0 0.0 0.0 0.0 0.0
how do you feel about this award being conferred to mrs benazeer bhutto former prime minister of pakistan
0.0 0.0 0.17710034009947911 0.0 0.17311354197576295 0.0 0.0 0.0 0.203371883678679 0.0 0.28728947084852874 0.0 0.0 0.09519449351933444 0.32912532207858514 0.2030873475608982 0.0 0.059993017206175586 0.0 0.2322765498889298 0.0 0.0 0.0 0.04666343236654546 0.0 0.295264369230084 0.0 0.21796907522064007 0.17987983641089939 0.3185409707453555 0.4838481688696039 0.4511933541528195 0.3881389134395426 0.13098241590020004 0.0 0.0 0.0 0.0 0.0 0.0 0.0 0.0 0.0 0.0 0.0 0.0 0.0 0.0 0.0 0.0 0.0 0.0 0.0 0.0 0.0 0.0
a353ocl6lm6m4o
what will you say at getting past prime minister baynazir this award
0.2568638007777189 0.0 0.26565051014921864 0.3261230411713441 0.0 0.0 0.0 0.0 0.3050578255180185 0.0 0.0 0.0 0.0 0.14279174027900166 0.4936879831178777 0.0 0.0 0.0 0.0 0.3484148248333947 0.0 0.0 0.0 0.0 0.0 0.0 0.0 0.0 0.0 0.0 0.0 0.0 0.0 0.0 0.18462609998343202 0.25813332115870624 0.4230798280856107 0.45426420846928234 0.7443675492472567 0.0 0.0 0.0 0.0 0.0 0.0 0.0 0.0 0.0 0.0 0.0 0.0 0.0 0.0 0.0 0.0 0.0
a3dd3acpmvdvca
what do you say about the former martyr prime minister benazir bhutto receiving this award
0.20549104062217513 0.0 0.21252040811937492 0.26089843293707526 0.20773625037091556 0.028432039455303555 0.0 0.0 0.24404626041441482 0.2884826936652659 0.3447473650182345 0.0 0.4284589769317562 0.11423339222320132 0.39495038649430214 0.0 0.0 0.0 0.0 0.2787318598667158 0.0 0.0 0.0 0.0 0.0 0.35431724307610074 0.0 0.0 0.21585580369307925 0.0 0.0 0.0 0.0 0.0 0.0 0.0 0.0 0.0 0.0 0.43563435454458066 0.0 0.0 0.0 0.0 0.0 0.0 0.0 0.0 0.0 0.0 0.0 0.0 0.0 0.0 0.0 0.0
a1sanjgoj47idf
what you say about exprime minster benazir bhuto martyr received this award
0.2568638007777189 0.0 0.26565051014921864 0.3261230411713441 0.25967031296364446 0.0 0.0 0.6977329002526381 0.0 0.3606033670815824 0.0 0.0 0.0 0.14279174027900166 0.4936879831178777 0.0 0.0 0.0 0.0 0.0 0.0 0.0 0.0 0.0 0.0 0.0 0.0 0.0 0.0 0.0 0.0 0.0 0.0 0.0 0.0 0.0 0.0 0.0 0.0 0.5445429431807258 0.6190277661825672 0.7443675492472567 0.46448106864364336 0.0 0.0 0.0 0.0 0.0 0.0 0.0 0.0 0.0 0.0 0.0 0.0 0.0
alrghxunh1uv7
what is your opinion on former prime minister benazir bhutto receiving an award
0.23710504687174053 0.0 0.0 0.0 0.0 0.0 0.0 0.0 0.2815918389397094 0.3328646465368453 0.39778542117488597 0.0 0.4943757426135649 0.0 0.45571198441650246 0.0 0.0 0.0 0.0 0.3216136844615951 0.0 0.1440775201827541 0.0 0.0 0.0 0.40882758816473164 0.0 0.0 0.0 0.0 0.0 0.0 0.0 0.0 0.0 0.0 0.0 0.0 0.0 0.0 0.0 0.0 0.0 0.10052427067958664 0.28797147011441154 0.3304044122404568 0.22695117429042996 0.0 0.0 0.0 0.0 0.0 0.0 0.0 0.0 0.0
a3rm9xsnd3mrj3
what will you say when past prime minister baynazir receives this award
0.2568638007777189 0.0 0.26565051014921864 0.3261230411713441 0.0 0.0 0.0 0.0 0.3050578255180185 0.0 0.0 0.0 0.0 0.14279174027900166 0.4936879831178777 0.0 0.0 0.0 0.0 0.3484148248333947 0.0 0.0 0.0 0.0 0.0 0.0 0.0 0.0 0.0 0.0 0.0 0.0 0.0 0.0 0.18462609998343202 0.0 0.0 0.45426420846928234 0.7443675492472567 0.0 0.0 0.0 0.0 0.0 0.0 0.0 0.0 0.27144754876471106 0.7443675492472567 0.0 0.0 0.0 0.0 0.0 0.0 0.0
a2rcbwy8ulhnj0
what do you think about past prime minister baynazir recieving this award
0.2568638007777189 0.0 0.26565051014921864 0.0 0.25967031296364446 0.0 0.0 0.0 0.3050578255180185 0.0 0.0 0.0 0.0 0.14279174027900166 0.4936879831178777 0.0 0.0 0.0 0.0 0.3484148248333947 0.0 0.0 0.0 0.0 0.0 0.0 0.0 0.0 0.26981975461634905 0.0 0.0 0.0 0.0 0.0 0.0 0.0 0.0 0.45426420846928234 0.7443675492472567 0.0 0.0 0.0 0.0 0.0 0.0 0.0 0.0 0.0 0.0 0.3482350333217263 0.768341055284905 0.0 0.0 0.0 0.0 0.0
al2rcq9eyun61
what will you say to former prime minister baynazir receiving this award
0.2568638007777189 0.0 0.26565051014921864 0.3261230411713441 0.0 0.0 0.0 0.0 0.3050578255180185 0.0 0.0 0.0 0.5355737211646953 0.14279174027900166 0.4936879831178777 0.0 0.0 0.08998952580926338 0.0 0.3484148248333947 0.0 0.0 0.0 0.0 0.0 0.44289655384512594 0.0 0.0 0.0 0.0 0.0 0.0 0.0 0.0 0.18462609998343202 0.0 0.0 0.0 0.7443675492472567 0.0 0.0 0.0 0.0 0.0 0.0 0.0 0.0 0.0 0.0 0.0 0.0 0.0 0.0 0.0 0.0 0.0
a3qu3km3iywhif
what do you think about the martyred former prime minister benazir bhutto receiving this award
0.20549104062217513 0.0 0.21252040811937492 0.0 0.20773625037091556 0.028432039455303555 0.0 0.0 0.24404626041441482 0.2884826936652659 0.3447473650182345 0.0 0.4284589769317562 0.11423339222320132 0.39495038649430214 0.0 0.0 0.0 0.0 0.2787318598667158 0.0 0.0 0.0 0.0 0.0 0.35431724307610074 0.0 0.0 0.21585580369307925 0.0 0.0 0.0 0.0 0.0 0.0 0.0 0.0 0.0 0.0 0.0 0.0 0.0 0.0 0.0 0.0 0.0 0.0 0.0 0.0 0.278588026657381 0.0 0.4086033473373697 0.0 0.0 0.0 0.0
a3o4xm3igw1sr2
what do you say about the former martyr prime minister benazir bhutto receiving this award
0.20549104062217513 0.0 0.21252040811937492 0.26089843293707526 0.20773625037091556 0.028432039455303555 0.0 0.0 0.24404626041441482 0.2884826936652659 0.3447473650182345 0.0 0.4284589769317562 0.11423339222320132 0.39495038649430214 0.0 0.0 0.0 0.0 0.2787318598667158 0.0 0.0 0.0 0.0 0.0 0.35431724307610074 0.0 0.0 0.21585580369307925 0.0 0.0 0.0 0.0 0.0 0.0 0.0 0.0 0.0 0.0 0.43563435454458066 0.0 0.0 0.0 0.0 0.0 0.0 0.0 0.0 0.0 0.0 0.0 0.0 0.0 0.0 0.0 0.0
ac00w60nppf9z
what do you think about the former martyr prime minister benazir bhutto receiving this award
0.20549104062217513 0.0 0.21252040811937492 0.0 0.20773625037091556 0.028432039455303555 0.0 0.0 0.24404626041441482 0.2884826936652659 0.3447473650182345 0.0 0.4284589769317562 0.11423339222320132 0.39495038649430214 0.0 0.0 0.0 0.0 0.2787318598667158 0.0 0.0 0.0 0.0 0.0 0.35431724307610074 0.0 0.0 0.21585580369307925 0.0 0.0 0.0 0.0 0.0 0.0 0.0 0.0 0.0 0.0 0.43563435454458066 0.0 0.0 0.0 0.0 0.0 0.0 0.0 0.0 0.0 0.278588026657381 0.0 0.0 0.0 0.0 0.0 0.0
aw4q48bn2x4nt
what do you think about exprime minster benazir bhuto martyr receiving this award
0.23710504687174053 0.0 0.2452158555223557 0.0 0.23969567350490256 0.0 0.0 0.6440611386947429 0.0 0.3328646465368453 0.0 0.0 0.4943757426135649 0.13180776025753999 0.45571198441650246 0.0 0.0 0.0 0.0 0.0 0.0 0.0 0.0 0.0 0.0 0.0 0.0 0.0 0.2490643888766299 0.0 0.0 0.0 0.0 0.0 0.0 0.0 0.0 0.0 0.0 0.5026550244745162 0.5714102457069851 0.6871085069974677 0.0 0.0 0.0 0.0 0.0 0.0 0.0 0.32144772306620883 0.0 0.0 0.0 0.0 0.0 0.0
a2owo5cfm8khwy
what do you think about exprime minster benazir bhuto martyr as a recipient of this award
0.19264785058328918 0.0 0.199237882611914 0.0 0.19475273472273333 0.0 0.0 0.5232996751894786 0.0 0.2704525253111868 0.0 0.0 0.0 0.10709380520925124 0.37026598733840826 0.0 0.0 0.0 0.0 0.0 0.0 0.0 0.0 0.05249636141236364 0.0 0.0 0.0 0.0 0.2023648159622618 0.0 0.0 0.0 0.0 0.0 0.0 0.0 0.0 0.0 0.0 0.40840720738554437 0.46427082463692537 0.5582756619354425 0.0 0.0 0.0 0.0 0.0 0.0 0.0 0.2611762749912947 0.0 0.0 0.16470632943957153 0.08861770919823396 0.6015973607204391 0.0
a1395pss402i1j
what you say about exprime minster benazir bhuto martyr as he received this award
0.22016897209518763 0.0 0.22770043727075887 0.2795340352897235 0.2225745539688381 0.0 0.0 0.5980567716451184 0.0 0.30908860035564206 0.0 0.0 0.0 0.12239292023914428 0.4231611283867523 0.0 0.0 0.0 0.0 0.0 0.0 0.0 0.0 0.0 0.0 0.0 0.0 0.0 0.0 0.0 0.0 0.0 0.0 0.0 0.0 0.0 0.0 0.0 0.0 0.46675109415490784 0.5305952281564862 0.63802932792622 0.39812663026598 0.0 0.0 0.0 0.0 0.0 0.0 0.0 0.0 0.0 0.18823580507379603 0.0 0.0 0.1696373042591675
amd40d0gc1l4r
what is your opinion on former prime minister benazir bhutto receiving an award
0.23710504687174053 0.0 0.0 0.0 0.0 0.0 0.0 0.0 0.2815918389397094 0.3328646465368453 0.39778542117488597 0.0 0.4943757426135649 0.0 0.45571198441650246 0.0 0.0 0.0 0.0 0.3216136844615951 0.0 0.1440775201827541 0.0 0.0 0.0 0.40882758816473164 0.0 0.0 0.0 0.0 0.0 0.0 0.0 0.0 0.0 0.0 0.0 0.0 0.0 0.0 0.0 0.0 0.0 0.10052427067958664 0.28797147011441154 0.3304044122404568 0.22695117429042996 0.0 0.0 0.0 0.0 0.0 0.0 0.0 0.0 0.0
