when he heard this the poor american laughed hysterically as accepted his defeat after listening to too much and himself out conceded hearing fell down laughing could not stop also all went then till was tired by like mads a no end of everything until americans crazy
when he heard this the poor american laughed hysterically as he accepted his defeat
0.2326693275126095 0.339274608518335 0.48516745910505776 0.12239292023914428 0.030462899416396665 0.4032768655446475 0.22429710488023363 0.5267332837800379 0.737050353720498 0.18823580507379603 0.36773006836062994 0.1907458515132179 0.4399872763376642 0.0 0.0 0.0 0.0 0.0 0.0 0.0 0.0 0.0 0.0 0.0 0.0 0.0 0.0 0.0 0.0 0.0 0.0 0.0 0.0 0.0 0.0 0.0 0.0 0.0 0.0 0.0 0.0 0.0 0.0 0.0 0.0 0.0 0.0
after listening to this the poor american laughed too much and accepted his defeat
0.0 0.0 0.0 0.12239292023914428 0.030462899416396665 0.4032768655446475 0.22429710488023363 0.5267332837800379 0.0 0.0 0.36773006836062994 0.1907458515132179 0.4399872763376642 0.21312307665822547 0.63802932792622 0.07713387926508289 0.35824286028770674 0.34738455976637633 0.07099750284302085 0.0 0.0 0.0 0.0 0.0 0.0 0.0 0.0 0.0 0.0 0.0 0.0 0.0 0.0 0.0 0.0 0.0 0.0 0.0 0.0 0.0 0.0 0.0 0.0 0.0 0.0 0.0 0.0
the poor american laughed himself out and conceded his defeat
0.0 0.0 0.0 0.0 0.042648059182955333 0.5645876117625065 0.3140159468323271 0.7374265972920531 0.0 0.0 0.0 0.26704419211850505 0.6159821868727299 0.0 0.0 0.0 0.0 0.0 0.09939650398022919 0.5582506503692476 0.40069701429340565 0.8121480374750751 0.0 0.0 0.0 0.0 0.0 0.0 0.0 0.0 0.0 0.0 0.0 0.0 0.0 0.0 0.0 0.0 0.0 0.0 0.0 0.0 0.0 0.0 0.0 0.0 0.0
hearing this the american fell down laughing and accepted his defeat
0.0 0.0 0.0 0.15577280757709272 0.03877096289359576 0.0 0.2854690425748428 0.0 0.0 0.0 0.4680200870044381 0.24276744738045916 0.5599838062479363 0.0 0.0 0.0 0.0 0.0 0.09036045816384472 0.0 0.0 0.0 0.6657247889575436 0.7048868722386759 0.4733379239754934 0.7287381690084477 0.0 0.0 0.0 0.0 0.0 0.0 0.0 0.0 0.0 0.0 0.0 0.0 0.0 0.0 0.0 0.0 0.0 0.0 0.0 0.0 0.0
a1wyssw33m2fz2
after listening to this poor american could not stop laughing and also accepted defeat
0.0 0.0 0.0 0.12239292023914428 0.0 0.4032768655446475 0.22429710488023363 0.0 0.0 0.0 0.36773006836062994 0.0 0.4399872763376642 0.21312307665822547 0.63802932792622 0.07713387926508289 0.0 0.0 0.07099750284302085 0.0 0.0 0.0 0.0 0.0 0.0 0.5725799899352089 0.30802512803465987 0.15290196344552598 0.32916270962229294 0.1970818182913765 0.0 0.0 0.0 0.0 0.0 0.0 0.0 0.0 0.0 0.0 0.0 0.0 0.0 0.0 0.0 0.0 0.0
a143bvgouf83je
after hearing all this the american went down laughing and then conceded defeat
0.0 0.0 0.0 0.13180776025753999 0.0328061993715041 0.0 0.2415507283325593 0.0 0.0 0.0 0.0 0.0 0.47383245144056146 0.22951715947808896 0.0 0.0 0.0 0.0 0.07645884921556091 0.0 0.0 0.6247292595962116 0.5633055906563831 0.0 0.4005167049023406 0.6166246045456096 0.0 0.0 0.0 0.0 0.2417857875740576 0.43078508313783664 0.26871114737166646 0.0 0.0 0.0 0.0 0.0 0.0 0.0 0.0 0.0 0.0 0.0 0.0 0.0 0.0
a3dd3acpmvdvca
hearing this the american laughed till he was tired and conceded defeat
0.0 0.1979101883023621 0.0 0.14279174027900166 0.03554004931912944 0.0 0.2616799556936059 0.6145221644100441 0.0 0.0 0.0 0.0 0.5133184890606083 0.0 0.0 0.0 0.0 0.0 0.08283041998352432 0.0 0.0 0.6767900312292293 0.6102477232110817 0.0 0.0 0.0 0.0 0.0 0.0 0.0 0.0 0.0 0.0 0.46448106864364336 0.18315157758284437 0.6866052842005946 0.0 0.0 0.0 0.0 0.0 0.0 0.0 0.0 0.0 0.0 0.0
a8v7wa74iohz9
by hearing this american laughed like mads and also accepted his defeat
0.0 0.0 0.0 0.14279174027900166 0.0 0.0 0.2616799556936059 0.6145221644100441 0.0 0.0 0.4290184130874016 0.2225368267654209 0.5133184890606083 0.0 0.0 0.0 0.0 0.0 0.08283041998352432 0.0 0.0 0.0 0.6102477232110817 0.0 0.0 0.0 0.0 0.0 0.0 0.2299287880066059 0.0 0.0 0.0 0.0 0.0 0.0 0.20795493845012067 0.3146860826316805 0.859892079340581 0.0 0.0 0.0 0.0 0.0 0.0 0.0 0.0
ajcv8bvciqxhp
after listening to this the poor american could not stop laughing and also accepted defeat
0.0 0.0 0.0 0.11423339222320132 0.028432039455303555 0.3763917411750043 0.20934396455488474 0.0 0.0 0.0 0.3432147304699213 0.0 0.4106547912484866 0.1989148715476771 0.5954940393978053 0.0719916206474107 0.0 0.0 0.06626433598681945 0.0 0.0 0.0 0.0 0.0 0.0 0.5344079906061949 0.2874901194990159 0.14270849921582424 0.3072185289808067 0.18394303040528473 0.0 0.0 0.0 0.0 0.0 0.0 0.0 0.0 0.0 0.0 0.0 0.0 0.0 0.0 0.0 0.0 0.0
a16w65rrfhr02y
after listening to this the poor american could not stop laughing and also accepted defeat
0.0 0.0 0.0 0.11423339222320132 0.028432039455303555 0.3763917411750043 0.20934396455488474 0.0 0.0 0.0 0.3432147304699213 0.0 0.4106547912484866 0.1989148715476771 0.5954940393978053 0.0719916206474107 0.0 0.0 0.06626433598681945 0.0 0.0 0.0 0.0 0.0 0.0 0.5344079906061949 0.2874901194990159 0.14270849921582424 0.3072185289808067 0.18394303040528473 0.0 0.0 0.0 0.0 0.0 0.0 0.0 0.0 0.0 0.0 0.0 0.0 0.0 0.0 0.0 0.0 0.0
a2kyfqwkbpwvxn
a poor american accepted defeat after hearing this and laughing to no end
0.0 0.0 0.0 0.13180776025753999 0.0 0.43429816289423573 0.2415507283325593 0.0 0.0 0.0 0.396016996696063 0.0 0.47383245144056146 0.22951715947808896 0.0 0.08306725459316619 0.0 0.0 0.07645884921556091 0.0 0.0 0.0 0.5633055906563831 0.0 0.0 0.6166246045456096 0.0 0.0 0.0 0.0 0.0 0.0 0.0 0.0 0.0 0.0 0.0 0.0 0.0 0.1090679497824418 0.2560344962763915 0.36309869177604587 0.0 0.0 0.0 0.0 0.0
awyd61x2s4f8p
after hearing all of this the american fell down laughing and conceded defeat
0.0 0.0 0.0 0.13180776025753999 0.0328061993715041 0.0 0.2415507283325593 0.0 0.0 0.0 0.0 0.0 0.47383245144056146 0.22951715947808896 0.0 0.0 0.0 0.0 0.07645884921556091 0.0 0.0 0.6247292595962116 0.5633055906563831 0.5964427380481103 0.4005167049023406 0.6166246045456096 0.0 0.0 0.0 0.0 0.2417857875740576 0.0 0.0 0.0 0.0 0.0 0.0 0.0 0.0 0.0 0.0 0.0 0.06461090635367833 0.0 0.0 0.0 0.0
a2bk4fasw056jr
after hearing all this the american went down laughing and then conceded defeat
0.0 0.0 0.0 0.13180776025753999 0.0328061993715041 0.0 0.2415507283325593 0.0 0.0 0.0 0.0 0.0 0.47383245144056146 0.22951715947808896 0.0 0.0 0.0 0.0 0.07645884921556091 0.0 0.0 0.6247292595962116 0.5633055906563831 0.0 0.4005167049023406 0.6166246045456096 0.0 0.0 0.0 0.0 0.2417857875740576 0.43078508313783664 0.26871114737166646 0.0 0.0 0.0 0.0 0.0 0.0 0.0 0.0 0.0 0.0 0.0 0.0 0.0 0.0
a1u6t1v9680bs9
after hearing everything the american went down laughing and then conceded defeat
0.0 0.0 0.0 0.0 0.03554004931912944 0.0 0.2616799556936059 0.0 0.0 0.0 0.0 0.0 0.5133184890606083 0.24864358943459638 0.0 0.0 0.0 0.0 0.08283041998352432 0.0 0.0 0.6767900312292293 0.6102477232110817 0.0 0.43389309697753564 0.6680099882577437 0.0 0.0 0.0 0.0 0.0 0.4666838400659897 0.29110374298597197 0.0 0.0 0.0 0.0 0.0 0.0 0.0 0.0 0.0 0.0 0.5173192573261383 0.0 0.0 0.0
a6tw9zegog7ph
hearing this the american laughed until he was tired and conceded defeat
0.0 0.1979101883023621 0.0 0.14279174027900166 0.03554004931912944 0.0 0.2616799556936059 0.6145221644100441 0.0 0.0 0.0 0.0 0.5133184890606083 0.0 0.0 0.0 0.0 0.0 0.08283041998352432 0.0 0.0 0.6767900312292293 0.6102477232110817 0.0 0.0 0.0 0.0 0.0 0.0 0.0 0.0 0.0 0.0 0.0 0.18315157758284437 0.6866052842005946 0.0 0.0 0.0 0.0 0.0 0.0 0.0 0.0 0.37816345302455345 0.0 0.0
a1nee8mf6oybf8
hearing this the american laughed till he was tired and conceded defeat
0.0 0.1979101883023621 0.0 0.14279174027900166 0.03554004931912944 0.0 0.2616799556936059 0.6145221644100441 0.0 0.0 0.0 0.0 0.5133184890606083 0.0 0.0 0.0 0.0 0.0 0.08283041998352432 0.0 0.0 0.6767900312292293 0.6102477232110817 0.0 0.0 0.0 0.0 0.0 0.0 0.0 0.0 0.0 0.0 0.46448106864364336 0.18315157758284437 0.6866052842005946 0.0 0.0 0.0 0.0 0.0 0.0 0.0 0.0 0.0 0.0 0.0
a1395pss402i1j
hearing this the american laughed until he was tired and accepted defeat
0.0 0.1979101883023621 0.0 0.14279174027900166 0.03554004931912944 0.0 0.2616799556936059 0.6145221644100441 0.0 0.0 0.4290184130874016 0.0 0.5133184890606083 0.0 0.0 0.0 0.0 0.0 0.08283041998352432 0.0 0.0 0.0 0.6102477232110817 0.0 0.0 0.0 0.0 0.0 0.0 0.0 0.0 0.0 0.0 0.0 0.18315157758284437 0.6866052842005946 0.0 0.0 0.0 0.0 0.0 0.0 0.0 0.0 0.37816345302455345 0.0 0.0
a1r2gh6o4tugpg
by hearing this americans laughed like crazy and also accepted his defeat
0.0 0.0 0.0 0.14279174027900166 0.0 0.0 0.0 0.6145221644100441 0.0 0.0 0.4290184130874016 0.2225368267654209 0.5133184890606083 0.0 0.0 0.0 0.0 0.0 0.08283041998352432 0.0 0.0 0.0 0.6102477232110817 0.0 0.0 0.0 0.0 0.0 0.0 0.2299287880066059 0.0 0.0 0.0 0.0 0.0 0.0 0.20795493845012067 0.3146860826316805 0.0 0.0 0.0 0.0 0.0 0.0 0.0 0.4681853821912129 0.7105787902382429
