wajid shamsul hassan said so far the investigators have concluded that nothing took place on pakistani soil shamsulhasan territory has not been used according to conclusions reached by as of now was a launching pad investigative report denied hasan investigation gone land in light made it is understood pak had for organizing attack shams ul result shamsulhassan stated deteremined found these attacks were planned pakistan
wajid shamsul hassan said so far the investigators have concluded that nothing took place on pakistani soil
0.3484856351420313 0.3745565431473849 0.363268836805614 0.13023538139505073 0.20789693467348982 0.2803379627744325 0.02508709363703255 0.5015850284034656 0.1345864722346135 0.4846625535533609 0.07106320142704704 0.32111132633678224 0.29078979672957683 0.2665769159247213 0.11017692719857666 0.21647865664237942 0.41097061423010395 0.0 0.0 0.0 0.0 0.0 0.0 0.0 0.0 0.0 0.0 0.0 0.0 0.0 0.0 0.0 0.0 0.0 0.0 0.0 0.0 0.0 0.0 0.0 0.0 0.0 0.0 0.0 0.0 0.0 0.0 0.0 0.0 0.0 0.0 0.0 0.0 0.0 0.0 0.0 0.0 0.0 0.0 0.0 0.0 0.0 0.0 0.0 0.0
wajid shamsulhasan said pakistani territory has not been used according to the conclusions reached by the investigators so far
0.311802936706028 0.0 0.0 0.11652639387978221 0.18601304681312247 0.25082870353501857 0.044892693876795085 0.44878660436099554 0.0 0.0 0.0 0.0 0.0 0.0 0.0 0.1936914296273921 0.0 0.43364544265300714 0.3451318334943899 0.10804197989111702 0.11266460464407177 0.15498437330193737 0.24413328121420547 0.1733245598657079 0.05683548998479792 0.4852680349167821 0.28690371061217834 0.13133996112639199 0.0 0.0 0.0 0.0 0.0 0.0 0.0 0.0 0.0 0.0 0.0 0.0 0.0 0.0 0.0 0.0 0.0 0.0 0.0 0.0 0.0 0.0 0.0 0.0 0.0 0.0 0.0 0.0 0.0 0.0 0.0 0.0 0.0 0.0 0.0 0.0 0.0
wajid shamsul hassan said as of now the investigators have concluded that pakistani territory was not used
0.3484856351420313 0.3745565431473849 0.363268836805614 0.13023538139505073 0.0 0.0 0.02508709363703255 0.5015850284034656 0.1345864722346135 0.4846625535533609 0.07106320142704704 0.0 0.0 0.0 0.0 0.21647865664237942 0.0 0.0 0.385735578611377 0.0 0.12591926401396258 0.0 0.27285484370999435 0.0 0.0 0.0 0.0 0.0 0.1550177218254791 0.04940834015281284 0.20153313593616953 0.1292834665290666 0.0 0.0 0.0 0.0 0.0 0.0 0.0 0.0 0.0 0.0 0.0 0.0 0.0 0.0 0.0 0.0 0.0 0.0 0.0 0.0 0.0 0.0 0.0 0.0 0.0 0.0 0.0 0.0 0.0 0.0 0.0 0.0 0.0
hassan said that pakistani territory was not used as a launching pad as far as the investigators have concluded
0.0 0.0 0.3250300118787073 0.11652639387978221 0.0 0.25082870353501857 0.022446346938397543 0.44878660436099554 0.12041947515728575 0.43364544265300714 0.06358286443472631 0.0 0.0 0.0 0.0 0.1936914296273921 0.0 0.0 0.3451318334943899 0.0 0.11266460464407177 0.0 0.24413328121420547 0.0 0.0 0.0 0.0 0.0 0.41610020068944387 0.0 0.0 0.11567468057863854 0.0746254393248286 0.3658636380052893 0.44878660436099554 0.0 0.0 0.0 0.0 0.0 0.0 0.0 0.0 0.0 0.0 0.0 0.0 0.0 0.0 0.0 0.0 0.0 0.0 0.0 0.0 0.0 0.0 0.0 0.0 0.0 0.0 0.0 0.0 0.0 0.0
a2de039cxxjuga
wajid shamsulhasan that investigative report denied that pakistani soil has been used
0.4936879831178777 0.0 0.0 0.0 0.0 0.0 0.0 0.0 0.0 0.0 0.2013457373766333 0.0 0.0 0.0 0.0 0.3066780969100375 0.5822083701593139 0.6866052842005946 0.0 0.1710664681609353 0.0 0.2453919243947342 0.386544361922492 0.0 0.0 0.0 0.0 0.0 0.0 0.0 0.0 0.0 0.0 0.0 0.0 0.6145221644100441 0.4290184130874016 0.5445429431807258 0.0 0.0 0.0 0.0 0.0 0.0 0.0 0.0 0.0 0.0 0.0 0.0 0.0 0.0 0.0 0.0 0.0 0.0 0.0 0.0 0.0 0.0 0.0 0.0 0.0 0.0 0.0
a3dd3acpmvdvca
wajid shamsul hasan said that as far as investigation has gone pakistani land has not been used
0.3484856351420313 0.3745565431473849 0.0 0.13023538139505073 0.0 0.2803379627744325 0.0 0.0 0.0 0.0 0.07106320142704704 0.0 0.0 0.0 0.0 0.21647865664237942 0.0 0.0 0.0 0.2415056021095557 0.12591926401396258 0.17321782898451826 0.27285484370999435 0.0 0.0 0.0 0.0 0.0 0.3100354436509582 0.0 0.0 0.0 0.0 0.0 0.0 0.0 0.0 0.0 0.3885372285519213 0.3273596918223886 0.3546026771140341 0.3114602606612173 0.0 0.0 0.0 0.0 0.0 0.0 0.0 0.0 0.0 0.0 0.0 0.0 0.0 0.0 0.0 0.0 0.0 0.0 0.0 0.0 0.0 0.0 0.0
a172x4w90uost1
wajid shamsul hassan said that in the light of investigation made so far it is understood that pak land had not been used for organizing the attack
0.2194168813857234 0.23583189753724235 0.2287248231739051 0.08200005495243934 0.1308980699796047 0.17650908767279086 0.031591154950337284 0.0 0.0 0.0 0.0894869943896148 0.0 0.0 0.0 0.0 0.0 0.0 0.0 0.0 0.0 0.0792824995643468 0.10906307750877076 0.1717974941877742 0.0 0.0 0.0 0.0 0.0 0.0 0.031108954911030304 0.0 0.0 0.0 0.0 0.0 0.0 0.0 0.0 0.0 0.20611536151780022 0.0 0.19610460856447015 0.038141877868765967 0.2299196699227281 0.14469950682878052 0.07500575692691205 0.04840057477165282 0.2694141671986499 0.25156831212854847 0.12819225516820668 0.07150776663490427 0.33083002188766963 0.14116397184081328 0.0 0.0 0.0 0.0 0.0 0.0 0.0 0.0 0.0 0.0 0.0 0.0
a8v7wa74iohz9
wajid shams ul hassan said as for as the result of investigators pakistani soil was not used
0.3484856351420313 0.0 0.363268836805614 0.13023538139505073 0.0 0.0 0.02508709363703255 0.5015850284034656 0.0 0.0 0.0 0.0 0.0 0.0 0.0 0.21647865664237942 0.41097061423010395 0.0 0.0 0.0 0.12591926401396258 0.0 0.27285484370999435 0.0 0.0 0.0 0.0 0.0 0.3100354436509582 0.04940834015281284 0.0 0.1292834665290666 0.0 0.0 0.0 0.0 0.0 0.0 0.0 0.0 0.0 0.0 0.0 0.0 0.0 0.0 0.0 0.0 0.0 0.0 0.11357115877308324 0.0 0.0 0.4307630987372341 0.3651665345831564 0.30022171732223446 0.0 0.0 0.0 0.0 0.0 0.0 0.0 0.0 0.0
a1e4smxrh1paux
wajid shamsulhasan in that investigative report denied that pakistani soil has been used
0.45571198441650246 0.0 0.0 0.0 0.0 0.0 0.0 0.0 0.0 0.0 0.1858576037322769 0.0 0.0 0.0 0.0 0.28308747407080387 0.5374231109162898 0.6337894931082412 0.0 0.1579075090716326 0.0 0.22651562251821616 0.3568101802361464 0.0 0.0 0.0 0.0 0.0 0.0 0.0 0.0 0.0 0.0 0.0 0.0 0.5672512286861946 0.396016996696063 0.5026550244745162 0.0 0.0 0.0 0.0 0.07921774634282162 0.0 0.0 0.0 0.0 0.0 0.0 0.0 0.0 0.0 0.0 0.0 0.0 0.0 0.0 0.0 0.0 0.0 0.0 0.0 0.0 0.0 0.0
a3qu3km3iywhif
wajid shamsulhasan said that the investigative report denied that pakistani soil has been used
0.4231611283867523 0.0 0.0 0.15814296312256157 0.0 0.0 0.030462899416396665 0.0 0.0 0.0 0.17258206060854284 0.0 0.0 0.0 0.0 0.26286694020860357 0.4990357458508405 0.5885188150290811 0.0 0.14662840128080168 0.0 0.21033593519548646 0.3313237387907074 0.0 0.0 0.0 0.0 0.0 0.0 0.0 0.0 0.0 0.0 0.0 0.0 0.5267332837800379 0.36773006836062994 0.46675109415490784 0.0 0.0 0.0 0.0 0.0 0.0 0.0 0.0 0.0 0.0 0.0 0.0 0.0 0.0 0.0 0.0 0.0 0.0 0.0 0.0 0.0 0.0 0.0 0.0 0.0 0.0 0.0
aa1hdtufsq32b
wajid shamsulhassan stated that the investigative report denied that pakistani soil has been used
0.4231611283867523 0.0 0.0 0.0 0.0 0.0 0.030462899416396665 0.0 0.0 0.0 0.17258206060854284 0.0 0.0 0.0 0.0 0.26286694020860357 0.4990357458508405 0.0 0.0 0.14662840128080168 0.0 0.21033593519548646 0.3313237387907074 0.0 0.0 0.0 0.0 0.0 0.0 0.0 0.0 0.0 0.0 0.0 0.0 0.5267332837800379 0.36773006836062994 0.46675109415490784 0.0 0.0 0.0 0.0 0.0 0.0 0.0 0.0 0.0 0.0 0.0 0.0 0.0 0.0 0.0 0.0 0.0 0.0 0.737050353720498 0.37147936711930113 0.0 0.0 0.0 0.0 0.0 0.0 0.0
a2aw6lkvu8o4qx
wajid shamsul hasan said that as far as the investigation has gone pakistani land has not been used
0.32912532207858514 0.35374784630586353 0.0 0.12300008242865901 0.0 0.2647636315091863 0.02369336621275296 0.0 0.0 0.0 0.0671152457922111 0.0 0.0 0.0 0.0 0.20445206460669169 0.0 0.0 0.0 0.2280886242145804 0.11892374934652021 0.16359461626315613 0.2576962412816613 0.0 0.0 0.0 0.0 0.0 0.29281125233701605 0.0 0.0 0.0 0.0 0.0 0.0 0.0 0.0 0.0 0.3669518269657035 0.30917304227670034 0.3349025283854766 0.2941569128467052 0.0 0.0 0.0 0.0 0.0 0.0 0.0 0.0 0.0 0.0 0.0 0.0 0.0 0.0 0.0 0.0 0.0 0.0 0.0 0.0 0.0 0.0 0.0
a6tw9zegog7ph
wajid shamsul hasan said that as far as the investigation has deteremined pakistani land has not been used
0.32912532207858514 0.35374784630586353 0.0 0.12300008242865901 0.0 0.2647636315091863 0.02369336621275296 0.0 0.0 0.0 0.0671152457922111 0.0 0.0 0.0 0.0 0.20445206460669169 0.0 0.0 0.0 0.2280886242145804 0.11892374934652021 0.16359461626315613 0.2576962412816613 0.0 0.0 0.0 0.0 0.0 0.29281125233701605 0.0 0.0 0.0 0.0 0.0 0.0 0.0 0.0 0.0 0.3669518269657035 0.30917304227670034 0.0 0.2941569128467052 0.0 0.0 0.0 0.0 0.0 0.0 0.0 0.0 0.0 0.0 0.0 0.0 0.0 0.0 0.0 0.0 0.5732613862270539 0.0 0.0 0.0 0.0 0.0 0.0
a3bnv4r3pkyf7u
wajid shamsul hasan said that as far as investigation has gone pakistani land has not been used
0.3484856351420313 0.3745565431473849 0.0 0.13023538139505073 0.0 0.2803379627744325 0.0 0.0 0.0 0.0 0.07106320142704704 0.0 0.0 0.0 0.0 0.21647865664237942 0.0 0.0 0.0 0.2415056021095557 0.12591926401396258 0.17321782898451826 0.27285484370999435 0.0 0.0 0.0 0.0 0.0 0.3100354436509582 0.0 0.0 0.0 0.0 0.0 0.0 0.0 0.0 0.0 0.3885372285519213 0.3273596918223886 0.3546026771140341 0.3114602606612173 0.0 0.0 0.0 0.0 0.0 0.0 0.0 0.0 0.0 0.0 0.0 0.0 0.0 0.0 0.0 0.0 0.0 0.0 0.0 0.0 0.0 0.0 0.0
a1o0h2skmao3pr
wajid shamsul hassan said that in the light of investigation made so far it is understood that pak land had not been used for organizing the attack
0.2194168813857234 0.23583189753724235 0.2287248231739051 0.08200005495243934 0.1308980699796047 0.17650908767279086 0.031591154950337284 0.0 0.0 0.0 0.0894869943896148 0.0 0.0 0.0 0.0 0.0 0.0 0.0 0.0 0.0 0.0792824995643468 0.10906307750877076 0.1717974941877742 0.0 0.0 0.0 0.0 0.0 0.0 0.031108954911030304 0.0 0.0 0.0 0.0 0.0 0.0 0.0 0.0 0.0 0.20611536151780022 0.0 0.19610460856447015 0.038141877868765967 0.2299196699227281 0.14469950682878052 0.07500575692691205 0.04840057477165282 0.2694141671986499 0.25156831212854847 0.12819225516820668 0.07150776663490427 0.33083002188766963 0.14116397184081328 0.0 0.0 0.0 0.0 0.0 0.0 0.0 0.0 0.0 0.0 0.0 0.0
a6tw9zegog7ph
wajid shamsul hassan said that in the light of investigation so far it is understood that pakistani land had not been used for organizing the attack
0.22785599220825123 0.24490235513482858 0.23752193175751685 0.08515390321984086 0.13593261113266644 0.18329789873712896 0.0328061993715041 0.0 0.0 0.0 0.09292880186613844 0.0 0.0 0.0 0.0 0.14154373703540193 0.0 0.0 0.0 0.0 0.08233182647066783 0.11325781125910808 0.1784050901180732 0.0 0.0 0.0 0.0 0.0 0.0 0.032305453176839166 0.0 0.0 0.0 0.0 0.0 0.0 0.0 0.0 0.0 0.214042875422331 0.0 0.20364709350925747 0.03960887317141081 0.23876273415052535 0.0 0.07789059373179329 0.05026213533979332 0.27977625055244415 0.0 0.13312272652083001 0.07425806535163135 0.34355425349873386 0.14659335537315227 0.0 0.0 0.0 0.0 0.0 0.0 0.0 0.0 0.0 0.0 0.0 0.0
a1udut22ydo7ta
wajid shamsul hassan said that in the light of the investigation it is understood that pak land had not been used for organizing the attack
0.23697023189658128 0.25469844934022173 0.2470228090278175 0.08856005934863448 0.0 0.0 0.0511776710195464 0.0 0.0 0.0 0.09664595394078399 0.0 0.0 0.0 0.0 0.0 0.0 0.0 0.0 0.0 0.08562509952949454 0.1177881237094724 0.18554129372279615 0.0 0.0 0.0 0.0 0.0 0.0 0.03359767130391273 0.0 0.0 0.0 0.0 0.0 0.0 0.0 0.0 0.0 0.22260459043922423 0.0 0.21179297724962776 0.04119322809826724 0.24831324351654638 0.0 0.08100621748106501 0.05227262075338505 0.2909673005745419 0.27169377709883236 0.1384476355816632 0.0772283879656966 0.35729642363868325 0.15245708958807835 0.0 0.0 0.0 0.0 0.0 0.0 0.0 0.0 0.0 0.0 0.0 0.0
a3ohqrf1mdq99b
wajid shams ul hassan said investigators have found that these attacks were not planned in pakistan
0.37026598733840826 0.0 0.38597313910596487 0.13837509273224138 0.0 0.0 0.0 0.5329340926786822 0.14299812674927684 0.0 0.07550465151623749 0.0 0.0 0.0 0.0 0.0 0.0 0.0 0.0 0.0 0.13378921801483523 0.0 0.0 0.0 0.0 0.0 0.0 0.0 0.0 0.0 0.0 0.0 0.0 0.0 0.0 0.0 0.0 0.0 0.0 0.0 0.0 0.0 0.06436441890354257 0.0 0.0 0.0 0.0 0.0 0.0 0.0 0.0 0.0 0.0 0.45768579240831125 0.3879894429946037 0.0 0.0 0.0 0.0 0.2884326548394231 0.18821891483263953 0.20369295773722423 0.18447674326287242 0.45463640714772174 0.14735521788772504
