we believe in taking action based on facts acting the going after to act reality upon actions need should real information
we believe in taking action based on facts
0.3828009640495363 0.650088892458777 0.12872883780708513 0.58774173180255 0.5270182946841753 0.6862989018480837 0.2341259702969754 0.805937992647385 0.0 0.0 0.0 0.0 0.0 0.0 0.0 0.0 0.0 0.0 0.0 0.0 0.0
we believe in acting on the facts
0.4374868160566129 0.7429587342386023 0.14711867177952587 0.0 0.0 0.0 0.2675725374822576 0.9210719915970114 1.04613895407614 0.06092579883279333 0.0 0.0 0.0 0.0 0.0 0.0 0.0 0.0 0.0 0.0 0.0
we believe in acting on facts
0.5104012853993817 0.866785189945036 0.17163845040944684 0.0 0.0 0.0 0.3121679603959672 1.0745839901965133 1.2204954464221633 0.0 0.0 0.0 0.0 0.0 0.0 0.0 0.0 0.0 0.0 0.0 0.0
we believe in going after facts
0.5104012853993817 0.866785189945036 0.17163845040944684 0.0 0.0 0.0 0.0 1.0745839901965133 0.0 0.0 0.742512296081479 0.49728717886919277 0.0 0.0 0.0 0.0 0.0 0.0 0.0 0.0 0.0
a1sanjgoj47idf
we believe to act on reality
0.5104012853993817 0.866785189945036 0.0 0.0 0.0 0.0 0.3121679603959672 0.0 0.0 0.0 0.0 0.0 0.17997905161852676 0.8914819420851616 0.9289621372872867 0.0 0.0 0.0 0.0 0.0 0.0
a3dd3acpmvdvca
we believe in acting upon facts
0.5104012853993817 0.866785189945036 0.17163845040944684 0.0 0.0 0.0 0.0 1.0745839901965133 1.2204954464221633 0.0 0.0 0.0 0.0 0.0 0.0 0.8718514361424311 0.0 0.0 0.0 0.0 0.0
a143bvgouf83je
we believe in taking action based on facts
0.3828009640495363 0.650088892458777 0.12872883780708513 0.58774173180255 0.5270182946841753 0.6862989018480837 0.2341259702969754 0.805937992647385 0.0 0.0 0.0 0.0 0.0 0.0 0.0 0.0 0.0 0.0 0.0 0.0 0.0
a8v7wa74iohz9
we believe in taking actions on facts
0.4374868160566129 0.7429587342386023 0.14711867177952587 0.6717048363457714 0.0 0.0 0.2675725374822576 0.9210719915970114 0.0 0.0 0.0 0.0 0.0 0.0 0.0 0.0 0.7193573176212832 0.0 0.0 0.0 0.0
a330jjzgjl7ig2
we believe we need to act on reality
0.7656019280990726 0.650088892458777 0.0 0.0 0.0 0.0 0.2341259702969754 0.0 0.0 0.0 0.0 0.0 0.13498428871389506 0.6686114565638712 0.696721602965465 0.0 0.0 0.640718512649595 0.0 0.0 0.0
a1g9f1kosfkijh
we believe in acting on reality
0.5104012853993817 0.866785189945036 0.17163845040944684 0.0 0.0 0.0 0.3121679603959672 0.0 1.2204954464221633 0.0 0.0 0.0 0.0 0.0 0.9289621372872867 0.0 0.0 0.0 0.0 0.0 0.0
a9x4g4wpj27d6
we believe we should act based on real information
0.6805350471991756 0.5778567932966907 0.0 0.0 0.0 0.6100434683094078 0.20811197359731148 0.0 0.0 0.0 0.0 0.0 0.0 0.5943212947234411 0.0 0.0 0.0 0.0 0.33269055252649316 0.5943212947234411 0.5389605345502044
a1g46au4nrpshg
we believe in acting upon facts
0.5104012853993817 0.866785189945036 0.17163845040944684 0.0 0.0 0.0 0.0 1.0745839901965133 1.2204954464221633 0.0 0.0 0.0 0.0 0.0 0.0 0.8718514361424311 0.0 0.0 0.0 0.0 0.0
a12ezody9kxiim
we believe in acting upon facts
0.5104012853993817 0.866785189945036 0.17163845040944684 0.0 0.0 0.0 0.0 1.0745839901965133 1.2204954464221633 0.0 0.0 0.0 0.0 0.0 0.0 0.8718514361424311 0.0 0.0 0.0 0.0 0.0
a2rcbwy8ulhnj0
we believe in acting upon facts
0.5104012853993817 0.866785189945036 0.17163845040944684 0.0 0.0 0.0 0.0 1.0745839901965133 1.2204954464221633 0.0 0.0 0.0 0.0 0.0 0.0 0.8718514361424311 0.0 0.0 0.0 0.0 0.0
a230hf2okthmdz
we believe in taking action based on facts
0.3828009640495363 0.650088892458777 0.12872883780708513 0.58774173180255 0.5270182946841753 0.6862989018480837 0.2341259702969754 0.805937992647385 0.0 0.0 0.0 0.0 0.0 0.0 0.0 0.0 0.0 0.0 0.0 0.0 0.0
a330jjzgjl7ig2
we believe in taking action based on facts
0.3828009640495363 0.650088892458777 0.12872883780708513 0.58774173180255 0.5270182946841753 0.6862989018480837 0.2341259702969754 0.805937992647385 0.0 0.0 0.0 0.0 0.0 0.0 0.0 0.0 0.0 0.0 0.0 0.0 0.0
a6tw9zegog7ph
we believe in taking action based on facts
0.3828009640495363 0.650088892458777 0.12872883780708513 0.58774173180255 0.5270182946841753 0.6862989018480837 0.2341259702969754 0.805937992647385 0.0 0.0 0.0 0.0 0.0 0.0 0.0 0.0 0.0 0.0 0.0 0.0 0.0
ao86wz7i0vqzc
we believe in taking actions on facts
0.4374868160566129 0.7429587342386023 0.14711867177952587 0.6717048363457714 0.0 0.0 0.2675725374822576 0.9210719915970114 0.0 0.0 0.0 0.0 0.0 0.0 0.0 0.0 0.7193573176212832 0.0 0.0 0.0 0.0
