we gave our lives to create it will give preserve life for its creation and save sacrificed make homeland shall sacrifice built by giving doing the same they their build live gonna protect made sacrificing her existence whatever takes are going have was of
we gave our lives to create it will give our lives to preserve it
0.21874340802830644 0.3763463532026738 0.4786851071835838 0.8428377634700533 0.15426775853016578 0.4367151666211432 0.2893079195752322 0.15825094284294172 0.3152387931451715 0.687539840823359 0.0 0.0 0.0 0.0 0.0 0.0 0.0 0.0 0.0 0.0 0.0 0.0 0.0 0.0 0.0 0.0 0.0 0.0 0.0 0.0 0.0 0.0 0.0 0.0 0.0 0.0 0.0 0.0 0.0 0.0 0.0 0.0 0.0 0.0
we gave life for its creation and will give life to save it
0.23556982403048388 0.40529607267980255 0.0 0.0 0.08306725459316619 0.0 0.15578118746358657 0.17042409229239877 0.33948793107941544 0.0 0.7034618094687412 0.1485161307032627 0.25490945864416237 0.5492808555183866 0.07645884921556091 0.4314749808288182 0.0 0.0 0.0 0.0 0.0 0.0 0.0 0.0 0.0 0.0 0.0 0.0 0.0 0.0 0.0 0.0 0.0 0.0 0.0 0.0 0.0 0.0 0.0 0.0 0.0 0.0 0.0 0.0
we sacrificed to make our homeland we shall sacrifice to save it
0.5104012853993817 0.0 0.2792329791904239 0.0 0.17997905161852676 0.0 0.16876295308555211 0.0 0.0 0.0 0.0 0.0 0.0 0.0 0.0 0.4674312292312197 0.63422122924873 0.37998359818414085 0.6288430191539325 0.503503236089243 0.500101403212555 0.0 0.0 0.0 0.0 0.0 0.0 0.0 0.0 0.0 0.0 0.0 0.0 0.0 0.0 0.0 0.0 0.0 0.0 0.0 0.0 0.0 0.0 0.0
we built it by giving life we will save it by doing the same
0.4374868160566129 0.0 0.0 0.0 0.0 0.0 0.2893079195752322 0.15825094284294172 0.0 0.0 0.32660726868191553 0.0 0.0 0.0 0.0 0.40065533934104547 0.0 0.0 0.0 0.0 0.0 0.52306947703807 0.35649418020020684 0.37588993905276163 0.33181297749396277 0.030462899416396665 0.31294062478603885 0.0 0.0 0.0 0.0 0.0 0.0 0.0 0.0 0.0 0.0 0.0 0.0 0.0 0.0 0.0 0.0 0.0
a3dd3acpmvdvca
they gave their lives to build we will give our lives to save
0.23556982403048388 0.40529607267980255 0.25775351925269896 0.9076714375831343 0.16613450918633238 0.0 0.0 0.17042409229239877 0.33948793107941544 0.0 0.0 0.0 0.0 0.0 0.0 0.4314749808288182 0.0 0.0 0.0 0.0 0.0 0.0 0.0 0.0 0.0 0.0 0.0 0.1987468275433992 0.22901700767106228 0.55255467201214 0.0 0.0 0.0 0.0 0.0 0.0 0.0 0.0 0.0 0.0 0.0 0.0 0.0 0.0
alzgu09bjzsiw
we gave live for it and we gonna protect it by giving our lives
0.4374868160566129 0.3763463532026738 0.2393425535917919 0.4214188817350267 0.0 0.0 0.2893079195752322 0.0 0.0 0.0 0.0 0.13790783565302964 0.0 0.0 0.07099750284302085 0.0 0.0 0.0 0.0 0.0 0.0 0.0 0.17824709010010342 0.37588993905276163 0.0 0.0 0.0 0.0 0.0 0.0 0.38306270674897924 0.63802932792622 0.4377893007186104 0.0 0.0 0.0 0.0 0.0 0.0 0.0 0.0 0.0 0.0 0.0
a143bvgouf83je
we made it by sacrificing lives and will save it by doing the same
0.21874340802830644 0.0 0.0 0.4214188817350267 0.0 0.0 0.2893079195752322 0.15825094284294172 0.0 0.0 0.0 0.0 0.0 0.0 0.07099750284302085 0.40065533934104547 0.0 0.0 0.0 0.0 0.0 0.0 0.35649418020020684 0.0 0.33181297749396277 0.030462899416396665 0.31294062478603885 0.0 0.0 0.0 0.0 0.0 0.0 0.2790633345983624 0.63802932792622 0.0 0.0 0.0 0.0 0.0 0.0 0.0 0.0 0.0
a8v7wa74iohz9
sacrificed for her existence and will sacrifice to save her
0.0 0.0 0.0 0.0 0.10798743097111604 0.0 0.0 0.2215513199801184 0.0 0.0 0.0 0.1930709699142415 0.0 0.0 0.09939650398022919 0.5609174750774637 0.7610654750984761 0.0 0.0 0.0 0.600121683855066 0.0 0.0 0.0 0.0 0.0 0.0 0.0 0.0 0.0 0.0 0.0 0.0 0.0 0.0 0.752954309612232 0.682219739062049 0.0 0.0 0.0 0.0 0.0 0.0 0.0
a2nowscvbop9jc
they gave their lives to build we will give our lives to save
0.23556982403048388 0.40529607267980255 0.25775351925269896 0.9076714375831343 0.16613450918633238 0.0 0.0 0.17042409229239877 0.33948793107941544 0.0 0.0 0.0 0.0 0.0 0.0 0.4314749808288182 0.0 0.0 0.0 0.0 0.0 0.0 0.0 0.0 0.0 0.0 0.0 0.1987468275433992 0.22901700767106228 0.55255467201214 0.0 0.0 0.0 0.0 0.0 0.0 0.0 0.0 0.0 0.0 0.0 0.0 0.0 0.0
a6tw9zegog7ph
they gave their lives to build we will give our lives to save
0.23556982403048388 0.40529607267980255 0.25775351925269896 0.9076714375831343 0.16613450918633238 0.0 0.0 0.17042409229239877 0.33948793107941544 0.0 0.0 0.0 0.0 0.0 0.0 0.4314749808288182 0.0 0.0 0.0 0.0 0.0 0.0 0.0 0.0 0.0 0.0 0.0 0.1987468275433992 0.22901700767106228 0.55255467201214 0.0 0.0 0.0 0.0 0.0 0.0 0.0 0.0 0.0 0.0 0.0 0.0 0.0 0.0
a31ikb373dzonk
they sacrificed their lives to build we will give our lives to save
0.23556982403048388 0.0 0.25775351925269896 0.9076714375831343 0.16613450918633238 0.0 0.0 0.17042409229239877 0.33948793107941544 0.0 0.0 0.0 0.0 0.0 0.0 0.4314749808288182 0.5854349808449816 0.0 0.0 0.0 0.0 0.0 0.0 0.0 0.0 0.0 0.0 0.1987468275433992 0.22901700767106228 0.55255467201214 0.0 0.0 0.0 0.0 0.0 0.0 0.0 0.0 0.0 0.0 0.0 0.0 0.0 0.0
a2zx6h9mgq4i8a
we live for it and will sacrifice whatever it takes to protect it
0.23556982403048388 0.0 0.0 0.0 0.08306725459316619 0.0 0.4673435623907597 0.17042409229239877 0.0 0.0 0.0 0.1485161307032627 0.0 0.0 0.07645884921556091 0.0 0.0 0.0 0.0 0.0 0.46163206450389693 0.0 0.0 0.0 0.0 0.0 0.0 0.0 0.0 0.0 0.41252906880659307 0.0 0.4714654007738881 0.0 0.0 0.0 0.0 0.41585000510391684 0.46163206450389693 0.0 0.0 0.0 0.0 0.0
a2qxd8jqk5bvez
we gave lives for it and we are going to protect it by giving our lives
0.3828009640495363 0.3293030590523396 0.20942473439281792 0.7374830430362966 0.06749214435694753 0.0 0.25314442962832817 0.0 0.0 0.0 0.0 0.12066935619640094 0.0 0.0 0.06212281498764324 0.0 0.0 0.0 0.0 0.0 0.0 0.0 0.1559662038375905 0.3289036966711664 0.0 0.0 0.0 0.0 0.0 0.0 0.0 0.0 0.3830656381287841 0.0 0.0 0.0 0.0 0.0 0.0 0.13163353461580166 0.2784421110305546 0.0 0.0 0.0
aa1hdtufsq32b
we gave life for it and we have to protect it by giving our lives
0.4083210283195054 0.35125659632249556 0.22338638335233912 0.3933242896193582 0.0719916206474107 0.0 0.2700207249368834 0.0 0.0 0.0 0.30483345076978785 0.12871397994282768 0.0 0.0 0.06626433598681945 0.0 0.0 0.0 0.0 0.0 0.0 0.0 0.16636395076009652 0.3508306097825775 0.0 0.0 0.0 0.0 0.0 0.0 0.0 0.0 0.4086033473373697 0.0 0.0 0.0 0.0 0.0 0.0 0.0 0.0 0.15253133519922862 0.0 0.0
a2dwqf4zhhblow
we made it by sacrificing lives and will save it by doing the same
0.21874340802830644 0.0 0.0 0.4214188817350267 0.0 0.0 0.2893079195752322 0.15825094284294172 0.0 0.0 0.0 0.0 0.0 0.0 0.07099750284302085 0.40065533934104547 0.0 0.0 0.0 0.0 0.0 0.0 0.35649418020020684 0.0 0.33181297749396277 0.030462899416396665 0.31294062478603885 0.0 0.0 0.0 0.0 0.0 0.0 0.2790633345983624 0.63802932792622 0.0 0.0 0.0 0.0 0.0 0.0 0.0 0.0 0.0
a3w129h6a0hk4d
we made it by sacrificing lives and will save it by doing the same
0.21874340802830644 0.0 0.0 0.4214188817350267 0.0 0.0 0.2893079195752322 0.15825094284294172 0.0 0.0 0.0 0.0 0.0 0.0 0.07099750284302085 0.40065533934104547 0.0 0.0 0.0 0.0 0.0 0.0 0.35649418020020684 0.0 0.33181297749396277 0.030462899416396665 0.31294062478603885 0.0 0.0 0.0 0.0 0.0 0.0 0.2790633345983624 0.63802932792622 0.0 0.0 0.0 0.0 0.0 0.0 0.0 0.0 0.0
a3gqim9zsgtut2
it was made by the sacrificing of lives
0.0 0.0 0.0 0.7374830430362966 0.0 0.0 0.25314442962832817 0.0 0.0 0.0 0.0 0.0 0.0 0.0 0.0 0.0 0.0 0.0 0.0 0.0 0.0 0.0 0.311932407675181 0.0 0.0 0.05331007397869417 0.0 0.0 0.0 0.0 0.0 0.0 0.0 0.4883608355471342 1.116551323870885 0.0 0.0 0.0 0.0 0.0 0.0 0.0 0.27472736637426654 0.10499272282472728
amd40d0gc1l4r
sacrificed for her existence and will sacrifice to save her
0.0 0.0 0.0 0.0 0.10798743097111604 0.0 0.0 0.2215513199801184 0.0 0.0 0.0 0.1930709699142415 0.0 0.0 0.09939650398022919 0.5609174750774637 0.7610654750984761 0.0 0.0 0.0 0.600121683855066 0.0 0.0 0.0 0.0 0.0 0.0 0.0 0.0 0.0 0.0 0.0 0.0 0.0 0.0 0.752954309612232 0.682219739062049 0.0 0.0 0.0 0.0 0.0 0.0 0.0
