the demonstrators were holding banners and signs featuring slogans against israel placards on which there protesters also posters with written them protestors carried inscribed antiisraeli having anti it strikers hold pads containing raised that spoke israeli attacks of had antiisrael held displayed
the demonstrators were holding banners and signs featuring slogans against israel
0.03877096289359576 0.7383163977046138 0.26832980838235987 0.56585094453317 0.6753030176537096 0.09036045816384472 0.649150101976275 0.938064086553361 0.5842622412705767 0.2897278583290963 0.30521899147061854 0.0 0.0 0.0 0.0 0.0 0.0 0.0 0.0 0.0 0.0 0.0 0.0 0.0 0.0 0.0 0.0 0.0 0.0 0.0 0.0 0.0 0.0 0.0 0.0 0.0 0.0 0.0 0.0 0.0 0.0 0.0
the demonstrators were holding banners and placards on which there were slogans against israel
0.030462899416396665 0.5801057410536251 0.4216611274579941 0.44459717070463356 0.5305952281564862 0.07099750284302085 0.0 0.0 0.45906318956973885 0.22764331725857567 0.23981492186977169 0.5725799899352089 0.1337862687411288 0.21539535006072646 0.20457035733735499 0.0 0.0 0.0 0.0 0.0 0.0 0.0 0.0 0.0 0.0 0.0 0.0 0.0 0.0 0.0 0.0 0.0 0.0 0.0 0.0 0.0 0.0 0.0 0.0 0.0 0.0 0.0
protesters were also holding banners and posters with slogans written on them against israel
0.0 0.0 0.21083056372899706 0.44459717070463356 0.5305952281564862 0.07099750284302085 0.0 0.0 0.45906318956973885 0.22764331725857567 0.23981492186977169 0.0 0.1337862687411288 0.0 0.0 0.52306947703807 0.1970818182913765 0.5436181964989115 0.167884675148161 0.3916016460811066 0.24371072667417265 0.0 0.0 0.0 0.0 0.0 0.0 0.0 0.0 0.0 0.0 0.0 0.0 0.0 0.0 0.0 0.0 0.0 0.0 0.0 0.0 0.0
the protestors carried banners and placards inscribed with antiisraeli slogans
0.042648059182955333 0.0 0.0 0.0 0.7428333194190806 0.09939650398022919 0.0 0.0 0.6426884653976344 0.0 0.0 0.8016119859092925 0.0 0.0 0.0 0.0 0.0 0.0 0.23503854520742537 0.0 0.0 0.8239263410407135 0.5600206080791876 1.0318704952086972 0.9625557771527026 0.0 0.0 0.0 0.0 0.0 0.0 0.0 0.0 0.0 0.0 0.0 0.0 0.0 0.0 0.0 0.0 0.0
a1wyssw33m2fz2
protesters carried banners and placards on which slogans against israel were written
0.0 0.0 0.2459689910171632 0.0 0.6190277661825672 0.08283041998352432 0.0 0.0 0.5355737211646953 0.26558387013500495 0.27978407551473367 0.6680099882577437 0.1560839801979836 0.25129457507084757 0.0 0.6102477232110817 0.0 0.0 0.0 0.45686858709462436 0.0 0.0 0.4666838400659897 0.0 0.0 0.0 0.0 0.0 0.0 0.0 0.0 0.0 0.0 0.0 0.0 0.0 0.0 0.0 0.0 0.0 0.0 0.0
a143bvgouf83je
the protesters were holding banners and placards having anti israel slogans written on it
0.030462899416396665 0.0 0.21083056372899706 0.44459717070463356 0.5305952281564862 0.07099750284302085 0.0 0.0 0.45906318956973885 0.0 0.23981492186977169 0.5725799899352089 0.1337862687411288 0.0 0.0 0.52306947703807 0.0 0.0 0.0 0.3916016460811066 0.0 0.0 0.0 0.0 0.0 0.3851036619235547 0.5071306519441979 0.1446539597876161 0.0 0.0 0.0 0.0 0.0 0.0 0.0 0.0 0.0 0.0 0.0 0.0 0.0 0.0
a353ocl6lm6m4o
the strikers hold banners and pads containing slogans against israel
0.042648059182955333 0.0 0.0 0.0 0.7428333194190806 0.09939650398022919 0.0 0.0 0.6426884653976344 0.31870064416200594 0.33574089061768037 0.0 0.0 0.0 0.0 0.0 0.0 0.0 0.0 0.0 0.0 0.0 0.0 0.0 0.0 0.0 0.0 0.0 0.870926703965287 0.7022868086082641 0.79208096792886 0.7833798302298971 0.0 0.0 0.0 0.0 0.0 0.0 0.0 0.0 0.0 0.0
a1aczgd5azz3r7
the demonstrators also raised banners and slogans against israel
0.04738673242550592 0.902386708305639 0.0 0.0 0.8253703549100896 0.11044055997803243 0.0 0.0 0.7140982948862604 0.35411182684667325 0.37304543401964485 0.0 0.0 0.0 0.0 0.0 0.3065717173421412 0.0 0.0 0.0 0.0 0.0 0.0 0.0 0.0 0.0 0.0 0.0 0.0 0.0 0.0 0.0 0.6503107592702652 0.0 0.0 0.0 0.0 0.0 0.0 0.0 0.0 0.0
a3edprdq0s0hp3
protesters carried banners and placards on which slogans against israel were written
0.0 0.0 0.2459689910171632 0.0 0.6190277661825672 0.08283041998352432 0.0 0.0 0.5355737211646953 0.26558387013500495 0.27978407551473367 0.6680099882577437 0.1560839801979836 0.25129457507084757 0.0 0.6102477232110817 0.0 0.0 0.0 0.45686858709462436 0.0 0.0 0.4666838400659897 0.0 0.0 0.0 0.0 0.0 0.0 0.0 0.0 0.0 0.0 0.0 0.0 0.0 0.0 0.0 0.0 0.0 0.0 0.0
ajh0yow6plss8
protesters carried banners and placards on which slogans against israel were written
0.0 0.0 0.2459689910171632 0.0 0.6190277661825672 0.08283041998352432 0.0 0.0 0.5355737211646953 0.26558387013500495 0.27978407551473367 0.6680099882577437 0.1560839801979836 0.25129457507084757 0.0 0.6102477232110817 0.0 0.0 0.0 0.45686858709462436 0.0 0.0 0.4666838400659897 0.0 0.0 0.0 0.0 0.0 0.0 0.0 0.0 0.0 0.0 0.0 0.0 0.0 0.0 0.0 0.0 0.0 0.0 0.0
at8qsogdc42wo
protesters carried banners and placards that spoke against the israeli attacks
0.03877096289359576 0.0 0.0 0.0 0.6753030176537096 0.09036045816384472 0.0 0.0 0.0 0.2897278583290963 0.0 0.7287381690084477 0.0 0.0 0.0 0.6657247889575436 0.0 0.0 0.0 0.0 0.0 0.0 0.5091096437083524 0.0 0.0 0.0 0.0 0.0 0.0 0.0 0.0 0.0 0.0 0.1098249476599818 0.6288643245840742 0.3634487870760353 0.2962806657995989 0.0 0.0 0.0 0.0 0.0
a2sb2bw2w4t4ww
the protesters were holding banners and placards with antiisraeli slogans on them
0.03554004931912944 0.0 0.2459689910171632 0.5186966991554058 0.6190277661825672 0.08283041998352432 0.0 0.0 0.5355737211646953 0.0 0.0 0.6680099882577437 0.1560839801979836 0.0 0.0 0.6102477232110817 0.0 0.0 0.19586545433952116 0.0 0.2843291811198681 0.0 0.0 0.0 0.8021298142939188 0.0 0.0 0.0 0.0 0.0 0.0 0.0 0.0 0.0 0.0 0.0 0.0 0.0 0.0 0.0 0.0 0.0
a2rcbwy8ulhnj0
the protesters were holding banners and placards of which had antiisrael slogans written on them
0.028432039455303555 0.0 0.19677519281373057 0.41495735932432465 0.49522221294605373 0.06626433598681945 0.0 0.0 0.4284589769317562 0.0 0.0 0.5344079906061949 0.12486718415838688 0.20103566005667803 0.0 0.4881981785688653 0.0 0.0 0.0 0.3654948696756995 0.22746334489589445 0.0 0.0 0.0 0.0 0.0 0.0 0.0 0.0 0.0 0.0 0.0 0.0 0.0 0.0 0.0 0.0 0.05599611883985455 0.230746059302772 0.6879136634724647 0.0 0.0
a279zamy03pduy
the protesters were holding banners and placards with anti israel slogans
0.03877096289359576 0.0 0.26832980838235987 0.56585094453317 0.6753030176537096 0.09036045816384472 0.0 0.0 0.5842622412705767 0.0 0.30521899147061854 0.7287381690084477 0.0 0.0 0.0 0.6657247889575436 0.0 0.0 0.21367140473402307 0.0 0.0 0.0 0.0 0.0 0.0 0.0 0.6454390115653428 0.0 0.0 0.0 0.0 0.0 0.0 0.0 0.0 0.0 0.0 0.0 0.0 0.0 0.0 0.0
a38xqb9846w49n
the strikers held banners and pads containing slogans against israel
0.042648059182955333 0.0 0.0 0.0 0.7428333194190806 0.09939650398022919 0.0 0.0 0.6426884653976344 0.31870064416200594 0.33574089061768037 0.0 0.0 0.0 0.0 0.0 0.0 0.0 0.0 0.0 0.0 0.0 0.0 0.0 0.0 0.0 0.0 0.0 0.870926703965287 0.0 0.79208096792886 0.7833798302298971 0.0 0.0 0.0 0.0 0.0 0.0 0.0 0.0 0.5237300587102507 0.0
a3edprdq0s0hp3
the strikers hold banners and pads containing slogans against israel
0.042648059182955333 0.0 0.0 0.0 0.7428333194190806 0.09939650398022919 0.0 0.0 0.6426884653976344 0.31870064416200594 0.33574089061768037 0.0 0.0 0.0 0.0 0.0 0.0 0.0 0.0 0.0 0.0 0.0 0.0 0.0 0.0 0.0 0.0 0.0 0.870926703965287 0.7022868086082641 0.79208096792886 0.7833798302298971 0.0 0.0 0.0 0.0 0.0 0.0 0.0 0.0 0.0 0.0
a19b522xqflysa
the strikers held banners and pads containing slogans against israel
0.042648059182955333 0.0 0.0 0.0 0.7428333194190806 0.09939650398022919 0.0 0.0 0.6426884653976344 0.31870064416200594 0.33574089061768037 0.0 0.0 0.0 0.0 0.0 0.0 0.0 0.0 0.0 0.0 0.0 0.0 0.0 0.0 0.0 0.0 0.0 0.870926703965287 0.0 0.79208096792886 0.7833798302298971 0.0 0.0 0.0 0.0 0.0 0.0 0.0 0.0 0.5237300587102507 0.0
a3f5rr1245milw
the demonstrators also displayed banners and slogans against israel
0.04738673242550592 0.902386708305639 0.0 0.0 0.8253703549100896 0.11044055997803243 0.0 0.0 0.7140982948862604 0.35411182684667325 0.37304543401964485 0.0 0.0 0.0 0.0 0.0 0.3065717173421412 0.0 0.0 0.0 0.0 0.0 0.0 0.0 0.0 0.0 0.0 0.0 0.0 0.0 0.0 0.0 0.0 0.0 0.0 0.0 0.0 0.0 0.0 0.0 0.0 0.8704220335887745
