these hypocritical pretensions of having a dialog will not solve any problem this issue cannot be resolved with hypocrisy dialogue tricks the settled by masquerades talks bilateral can solved through acts insincere dialogues deceit fraudulent and pointless meetings are solution to problems false cooperation or
these hypocritical pretensions of having a dialog will not solve any problem
0.25095855311018606 0.7105787902382429 0.859892079340581 0.06999514854981818 0.44928760557748054 0.11815694559764528 0.5883840345054574 0.18462609998343202 0.1783856240197803 0.5070498706241426 0.2952782384292149 0.39910632204796226 0.0 0.0 0.0 0.0 0.0 0.0 0.0 0.0 0.0 0.0 0.0 0.0 0.0 0.0 0.0 0.0 0.0 0.0 0.0 0.0 0.0 0.0 0.0 0.0 0.0 0.0 0.0 0.0 0.0 0.0 0.0 0.0 0.0
this issue cannot be resolved with hypocrisy dialogue tricks
0.0 0.0 0.0 0.0 0.0 0.0 0.0 0.0 0.0 0.0 0.0 0.0 0.19038898703866888 0.5539984620912891 0.5833111944296376 0.23853588288435004 0.7312261482004003 0.2611539391193615 0.83845735887191 0.7614410054763605 0.9474383869843239 0.0 0.0 0.0 0.0 0.0 0.0 0.0 0.0 0.0 0.0 0.0 0.0 0.0 0.0 0.0 0.0 0.0 0.0 0.0 0.0 0.0 0.0 0.0 0.0
the problem will not be settled by the hypocritical masquerades of talks
0.0 0.7105787902382429 0.0 0.06999514854981818 0.0 0.0 0.0 0.18462609998343202 0.1783856240197803 0.0 0.0 0.39910632204796226 0.0 0.0 0.0 0.17890191216326254 0.0 0.0 0.0 0.0 0.0 0.07108009863825888 0.6680099882577437 0.20795493845012067 0.859892079340581 0.4549077123104415 0.0 0.0 0.0 0.0 0.0 0.0 0.0 0.0 0.0 0.0 0.0 0.0 0.0 0.0 0.0 0.0 0.0 0.0 0.0
these hypocritical bilateral talks will not solve the problem
0.3346114041469147 0.9474383869843239 0.0 0.0 0.0 0.0 0.0 0.24616813331124268 0.23784749869304042 0.6760664941655236 0.0 0.5321417627306163 0.0 0.0 0.0 0.0 0.0 0.0 0.0 0.0 0.0 0.04738673242550592 0.0 0.0 0.0 0.6065436164139221 0.7547049363856454 0.0 0.0 0.0 0.0 0.0 0.0 0.0 0.0 0.0 0.0 0.0 0.0 0.0 0.0 0.0 0.0 0.0 0.0
a143bvgouf83je
this problem can not be solved through these acts of insincere dialogues
0.25095855311018606 0.0 0.0 0.06999514854981818 0.0 0.0 0.0 0.0 0.1783856240197803 0.0 0.0 0.39910632204796226 0.14279174027900166 0.0 0.0 0.17890191216326254 0.0 0.0 0.0 0.0 0.0 0.0 0.0 0.0 0.0 0.0 0.0 0.2626389229312292 0.5545952754964437 0.39491459384172906 0.502353792578215 0.7257722533044059 0.6528165251915808 0.0 0.0 0.0 0.0 0.0 0.0 0.0 0.0 0.0 0.0 0.0 0.0
a28z6a8uc4er3x
this problem will not solve with hypocrisy deceit
0.0 0.0 0.0 0.0 0.0 0.0 0.0 0.276939149975148 0.26757843602967046 0.760574805936214 0.0 0.5986594830719434 0.21418761041850248 0.0 0.0 0.0 0.0 0.2937981815092817 0.9432645287308987 0.0 0.0 0.0 0.0 0.0 0.0 0.0 0.0 0.0 0.0 0.0 0.0 0.0 0.0 1.116551323870885 0.0 0.0 0.0 0.0 0.0 0.0 0.0 0.0 0.0 0.0 0.0
a21xirv18up71h
these fraudulent dialogues and pointless meetings are not the solution to the problems
0.23165404902478712 0.0 0.0 0.0 0.0 0.0 0.0 0.0 0.16466365294133567 0.0 0.0 0.0 0.0 0.0 0.0 0.0 0.0 0.0 0.0 0.0 0.0 0.0656123987430082 0.0 0.0 0.0 0.0 0.0 0.0 0.0 0.0 0.0 0.0 0.6025998694076131 0.0 0.6559188832968397 0.07645884921556091 0.6871085069974677 0.5180912318177585 0.1620105041425251 0.43358259422790396 0.08306725459316619 0.3600269448271712 0.0 0.0 0.0
a3u16uhguaktzs
these false acts of cooperation will not solve the problem
0.30115026373222326 0.0 0.0 0.08399417825978182 0.0 0.0 0.0 0.2215513199801184 0.21406274882373638 0.6084598447489712 0.0 0.47892758645755473 0.0 0.0 0.0 0.0 0.0 0.0 0.0 0.0 0.0 0.042648059182955333 0.0 0.0 0.0 0.0 0.0 0.0 0.0 0.0 0.6028245510938579 0.0 0.0 0.0 0.0 0.0 0.0 0.0 0.0 0.0 0.0 0.0 0.7274182514363547 0.6763356890597556 0.0
a3w129h6a0hk4d
this problem can not be solved through these acts of insincere dialogues
0.25095855311018606 0.0 0.0 0.06999514854981818 0.0 0.0 0.0 0.0 0.1783856240197803 0.0 0.0 0.39910632204796226 0.14279174027900166 0.0 0.0 0.17890191216326254 0.0 0.0 0.0 0.0 0.0 0.0 0.0 0.0 0.0 0.0 0.0 0.2626389229312292 0.5545952754964437 0.39491459384172906 0.502353792578215 0.7257722533044059 0.6528165251915808 0.0 0.0 0.0 0.0 0.0 0.0 0.0 0.0 0.0 0.0 0.0 0.0
a2nowscvbop9jc
this problem can not be solved through these acts of insincere dialogues
0.25095855311018606 0.0 0.0 0.06999514854981818 0.0 0.0 0.0 0.0 0.1783856240197803 0.0 0.0 0.39910632204796226 0.14279174027900166 0.0 0.0 0.17890191216326254 0.0 0.0 0.0 0.0 0.0 0.0 0.0 0.0 0.0 0.0 0.0 0.2626389229312292 0.5545952754964437 0.39491459384172906 0.502353792578215 0.7257722533044059 0.6528165251915808 0.0 0.0 0.0 0.0 0.0 0.0 0.0 0.0 0.0 0.0 0.0 0.0
aw4q48bn2x4nt
this problem cannot be solved through these acts of insincere dialogues
0.2737729670292939 0.0 0.0 0.07635834387252893 0.0 0.0 0.0 0.0 0.0 0.0 0.0 0.43538871496141335 0.15577280757709272 0.0 0.477254613624249 0.19516572235992277 0.0 0.0 0.0 0.0 0.0 0.0 0.0 0.0 0.0 0.0 0.0 0.0 0.6050130278143022 0.4308159205546135 0.5480223191762345 0.7917515490593519 0.7121634820271792 0.0 0.0 0.0 0.0 0.0 0.0 0.0 0.0 0.0 0.0 0.0 0.0
a2190f96xfy41l
this problem will not be solved with hypocrisy or deceit
0.0 0.0 0.0 0.0 0.0 0.0 0.0 0.2215513199801184 0.21406274882373638 0.0 0.0 0.47892758645755473 0.17135008833480198 0.0 0.0 0.21468229459591504 0.0 0.23503854520742537 0.754611622984719 0.0 0.0 0.0 0.0 0.0 0.0 0.0 0.0 0.0 0.6655143305957324 0.0 0.0 0.0 0.0 0.893241059096708 0.0 0.0 0.0 0.0 0.0 0.0 0.0 0.0 0.0 0.0 0.32302961734115765
a12ezody9kxiim
this problem will not be solved with hypocrisy and deceit
0.0 0.0 0.0 0.0 0.0 0.0 0.0 0.2215513199801184 0.21406274882373638 0.0 0.0 0.47892758645755473 0.17135008833480198 0.0 0.0 0.21468229459591504 0.0 0.23503854520742537 0.754611622984719 0.0 0.0 0.0 0.0 0.0 0.0 0.0 0.0 0.0 0.6655143305957324 0.0 0.0 0.0 0.0 0.893241059096708 0.0 0.09939650398022919 0.0 0.0 0.0 0.0 0.0 0.0 0.0 0.0 0.0
at1mtbquif71q
this problem will not be solved with hypocritical deceit
0.0 0.9474383869843239 0.0 0.0 0.0 0.0 0.0 0.24616813331124268 0.23784749869304042 0.0 0.0 0.5321417627306163 0.19038898703866888 0.0 0.0 0.23853588288435004 0.0 0.2611539391193615 0.0 0.0 0.0 0.0 0.0 0.0 0.0 0.0 0.0 0.0 0.7394603673285916 0.0 0.0 0.0 0.0 0.9924900656630089 0.0 0.0 0.0 0.0 0.0 0.0 0.0 0.0 0.0 0.0 0.0
a1g9f1kosfkijh
these fraudulent dialogues and pointless meetings are not the solution to the problems
0.23165404902478712 0.0 0.0 0.0 0.0 0.0 0.0 0.0 0.16466365294133567 0.0 0.0 0.0 0.0 0.0 0.0 0.0 0.0 0.0 0.0 0.0 0.0 0.0656123987430082 0.0 0.0 0.0 0.0 0.0 0.0 0.0 0.0 0.0 0.0 0.6025998694076131 0.0 0.6559188832968397 0.07645884921556091 0.6871085069974677 0.5180912318177585 0.1620105041425251 0.43358259422790396 0.08306725459316619 0.3600269448271712 0.0 0.0 0.0
a3ng7x4apiv649
these fraudulent dialogues and pointless meetings are not the solution to the problems
0.23165404902478712 0.0 0.0 0.0 0.0 0.0 0.0 0.0 0.16466365294133567 0.0 0.0 0.0 0.0 0.0 0.0 0.0 0.0 0.0 0.0 0.0 0.0 0.0656123987430082 0.0 0.0 0.0 0.0 0.0 0.0 0.0 0.0 0.0 0.0 0.6025998694076131 0.0 0.6559188832968397 0.07645884921556091 0.6871085069974677 0.5180912318177585 0.1620105041425251 0.43358259422790396 0.08306725459316619 0.3600269448271712 0.0 0.0 0.0
al2rcq9eyun61
these fraudulent dialogues and pointless meetings are not the solution to the problem
0.23165404902478712 0.0 0.0 0.0 0.0 0.0 0.0 0.0 0.16466365294133567 0.0 0.0 0.36840583573658053 0.0 0.0 0.0 0.0 0.0 0.0 0.0 0.0 0.0 0.0656123987430082 0.0 0.0 0.0 0.0 0.0 0.0 0.0 0.0 0.0 0.0 0.6025998694076131 0.0 0.6559188832968397 0.07645884921556091 0.6871085069974677 0.5180912318177585 0.1620105041425251 0.43358259422790396 0.08306725459316619 0.0 0.0 0.0 0.0
a3ohqrf1mdq99b
these false acts of cooperation will not solve the problem
0.30115026373222326 0.0 0.0 0.08399417825978182 0.0 0.0 0.0 0.2215513199801184 0.21406274882373638 0.6084598447489712 0.0 0.47892758645755473 0.0 0.0 0.0 0.0 0.0 0.0 0.0 0.0 0.0 0.042648059182955333 0.0 0.0 0.0 0.0 0.0 0.0 0.0 0.0 0.6028245510938579 0.0 0.0 0.0 0.0 0.0 0.0 0.0 0.0 0.0 0.0 0.0 0.7274182514363547 0.6763356890597556 0.0
