this is the third week of israeli raids on gaza and death toll has reach almost a thousand passing through attacks number killings reached about 1000 have entered into one offensives targeting phase three in row it deaths gone close to are going from 3 weeks continue israel ghaza dead persons still israels come we risen for total continued left thousands people continuing
this is the third week of the israeli raids on gaza and the death toll has reach almost a thousand
0.08567504416740099 0.06534077594173131 0.063972088774433 0.3035104855018806 0.2670985604833198 0.04199708912989091 0.19989683289181942 0.36871329864602653 0.09365038811879016 0.19469179640907913 0.04969825199011459 0.23601414965442982 0.40607401873753757 0.10263988089656118 0.3267257659084355 0.2745195607392335 0.07089416735858717 0.3087785112847719 0.0 0.0 0.0 0.0 0.0 0.0 0.0 0.0 0.0 0.0 0.0 0.0 0.0 0.0 0.0 0.0 0.0 0.0 0.0 0.0 0.0 0.0 0.0 0.0 0.0 0.0 0.0 0.0 0.0 0.0 0.0 0.0 0.0 0.0 0.0 0.0 0.0 0.0 0.0 0.0 0.0 0.0 0.0 0.0 0.0
gaza is passing through the third week of israeli attacks and the number of killings has reached about 1000
0.0 0.06877976414919085 0.044892693876795085 0.31948472158092694 0.2811563794561261 0.08841492448398088 0.2104177188334941 0.0 0.0 0.20493873306218857 0.05231394946327852 0.0 0.0 0.10804197989111702 0.0 0.0 0.0 0.0 0.3275979152560458 0.24941974347898677 0.17153091177871516 0.23965862364748033 0.33412700202814993 0.28690371061217834 0.164002302924407 0.382851711282292 0.0 0.0 0.0 0.0 0.0 0.0 0.0 0.0 0.0 0.0 0.0 0.0 0.0 0.0 0.0 0.0 0.0 0.0 0.0 0.0 0.0 0.0 0.0 0.0 0.0 0.0 0.0 0.0 0.0 0.0 0.0 0.0 0.0 0.0 0.0 0.0 0.0
israeli attacks on gaza have entered into the third week and the death toll has reached almost one thousand
0.0 0.0 0.044892693876795085 0.31948472158092694 0.2811563794561261 0.0 0.2104177188334941 0.0 0.09857935591451596 0.20493873306218857 0.05231394946327852 0.24843594700466295 0.42744633551319744 0.10804197989111702 0.0 0.28896795867287733 0.0 0.3250300118787073 0.0 0.0 0.17153091177871516 0.0 0.0 0.28690371061217834 0.0 0.0 0.12041947515728575 0.3640793458118324 0.24219353950951308 0.15426293226347002 0.0 0.0 0.0 0.0 0.0 0.0 0.0 0.0 0.0 0.0 0.0 0.0 0.0 0.0 0.0 0.0 0.0 0.0 0.0 0.0 0.0 0.0 0.0 0.0 0.0 0.0 0.0 0.0 0.0 0.0 0.0 0.0 0.0
israeli offensives targeting gaza have entered the third phase of three in a row the death toll has reached 1000
0.0 0.0 0.042648059182955333 0.3035104855018806 0.0 0.04199708912989091 0.19989683289181942 0.0 0.0 0.19469179640907913 0.0 0.23601414965442982 0.40607401873753757 0.10263988089656118 0.0 0.0 0.07089416735858717 0.0 0.0 0.0 0.0 0.0 0.0 0.2725585250815694 0.0 0.3637091257181774 0.11439850139942147 0.3458753785212408 0.0 0.0 0.4812778885763513 0.33405593961802926 0.3637091257181774 0.23124864066421352 0.05149153512283405 0.5159352476043486 0.0 0.0 0.0 0.0 0.0 0.0 0.0 0.0 0.0 0.0 0.0 0.0 0.0 0.0 0.0 0.0 0.0 0.0 0.0 0.0 0.0 0.0 0.0 0.0 0.0 0.0 0.0
a3dd3acpmvdvca
it is the third week of israeli attacks on gaza and the number of deaths have gone close to a thousand
0.0 0.06222931042069649 0.04061719922186222 0.2890576052398863 0.2543795814126855 0.0799944554855065 0.19037793608744705 0.0 0.08919084582741921 0.18542075848483727 0.0473316685620139 0.0 0.0 0.0 0.0 0.0 0.06751825462722587 0.2940747726521637 0.0 0.0 0.15519463446645657 0.21683399282391078 0.0 0.0 0.0 0.0 0.10895095371373473 0.0 0.0 0.0 0.0 0.0 0.0 0.0 0.0 0.0 0.09643597319174406 0.34205765410275335 0.28705931004469426 0.2735235225515994 0.05142258617672193 0.0 0.0 0.0 0.0 0.0 0.0 0.0 0.0 0.0 0.0 0.0 0.0 0.0 0.0 0.0 0.0 0.0 0.0 0.0 0.0 0.0 0.0
alzgu09bjzsiw
israeli attacks are going on gaza from 3 weeks and death toll has reached to 1000
0.0 0.0 0.0 0.0 0.0 0.0 0.24987104111477426 0.0 0.1170629851484877 0.24336474551134893 0.06212281498764324 0.29501768706803727 0.507592523421922 0.12829985112070147 0.0 0.0 0.0 0.0 0.0 0.0 0.20369295773722423 0.0 0.0 0.34069815635196177 0.0 0.45463640714772174 0.0 0.0 0.0 0.0 0.0 0.0 0.0 0.0 0.0 0.0 0.0 0.0 0.0 0.0 0.06749214435694753 0.13163353461580166 0.2784421110305546 0.15080591496425244 0.3890225243665544 0.3478196725612879 0.0 0.0 0.0 0.0 0.0 0.0 0.0 0.0 0.0 0.0 0.0 0.0 0.0 0.0 0.0 0.0 0.0
a353ocl6lm6m4o
the third week is continue of israel attacks on ghaza and dead persons are about 1000
0.0 0.08167596992716414 0.026655036989347083 0.37938810687735075 0.33387320060414977 0.05249636141236364 0.0 0.0 0.1170629851484877 0.0 0.06212281498764324 0.0 0.0 0.0 0.0 0.0 0.0 0.0 0.0 0.0 0.20369295773722423 0.0 0.0 0.0 0.19475273472273333 0.45463640714772174 0.0 0.0 0.0 0.0 0.0 0.0 0.0 0.0 0.0 0.0 0.0 0.0 0.0 0.0 0.0 0.13163353461580166 0.0 0.0 0.0 0.0 0.317974770952024 0.20983805663605024 0.43234422315155097 0.2840095879089101 0.35404653762059046 0.0 0.0 0.0 0.0 0.0 0.0 0.0 0.0 0.0 0.0 0.0 0.0
a28e6z78qj2yz6
the israeli attacks on gaza still continue in the third week and the death toll have reached to one thousand
0.0 0.0 0.063972088774433 0.3035104855018806 0.2670985604833198 0.0 0.19989683289181942 0.0 0.09365038811879016 0.19469179640907913 0.04969825199011459 0.23601414965442982 0.40607401873753757 0.0 0.0 0.0 0.0 0.3087785112847719 0.0 0.0 0.16295436618977938 0.0 0.0 0.2725585250815694 0.0 0.0 0.11439850139942147 0.0 0.0 0.1465497856502965 0.0 0.0 0.0 0.0 0.05149153512283405 0.0 0.0 0.0 0.0 0.0 0.05399371548555802 0.0 0.0 0.0 0.0 0.0 0.2543798167616192 0.0 0.0 0.0 0.0 0.2133307891581277 0.0 0.0 0.0 0.0 0.0 0.0 0.0 0.0 0.0 0.0 0.0
a2qxd8jqk5bvez
it is the third week of israels attacks on gaza and the number of deaths have gone close to a thousand
0.0 0.06222931042069649 0.04061719922186222 0.2890576052398863 0.2543795814126855 0.0799944554855065 0.0 0.0 0.08919084582741921 0.18542075848483727 0.0473316685620139 0.0 0.0 0.0 0.0 0.0 0.06751825462722587 0.2940747726521637 0.0 0.0 0.15519463446645657 0.21683399282391078 0.0 0.0 0.0 0.0 0.10895095371373473 0.0 0.0 0.0 0.0 0.0 0.0 0.0 0.0 0.0 0.09643597319174406 0.34205765410275335 0.28705931004469426 0.2735235225515994 0.05142258617672193 0.0 0.0 0.0 0.0 0.0 0.0 0.0 0.0 0.0 0.0 0.0 0.2666764800377084 0.0 0.0 0.0 0.0 0.0 0.0 0.0 0.0 0.0 0.0
a330jjzgjl7ig2
it is the third week of israeli attacks on gaza and the number of deaths have come close to a thousand
0.0 0.06222931042069649 0.04061719922186222 0.2890576052398863 0.2543795814126855 0.0799944554855065 0.19037793608744705 0.0 0.08919084582741921 0.18542075848483727 0.0473316685620139 0.0 0.0 0.0 0.0 0.0 0.06751825462722587 0.2940747726521637 0.0 0.0 0.15519463446645657 0.21683399282391078 0.0 0.0 0.0 0.0 0.10895095371373473 0.0 0.0 0.0 0.0 0.0 0.0 0.0 0.0 0.0 0.09643597319174406 0.34205765410275335 0.0 0.2735235225515994 0.05142258617672193 0.0 0.0 0.0 0.0 0.0 0.0 0.0 0.0 0.0 0.0 0.0 0.0 0.20900551469986076 0.0 0.0 0.0 0.0 0.0 0.0 0.0 0.0 0.0
a1fxoxn23tdqwc
we are in the third week of israeli attacks on gaza and the number of deaths have risen to close to a thousand
0.0 0.0 0.037085268854743766 0.2639221613059831 0.23225961781158244 0.07303841587807115 0.1738233329494082 0.0 0.08143512010329579 0.16929721426876448 0.04321587129575182 0.0 0.0 0.0 0.0 0.0 0.06164710205094536 0.268503053291106 0.0 0.0 0.14169944886067773 0.19797886301313591 0.0 0.0 0.0 0.0 0.09947695773862737 0.0 0.0 0.0 0.0 0.0 0.0 0.0 0.04477524793289918 0.0 0.0 0.31231351026773135 0.0 0.24973886841667772 0.093902113887927 0.09157115451534029 0.0 0.0 0.0 0.0 0.0 0.0 0.0 0.0 0.0 0.0 0.0 0.0 0.13314816140853436 0.36403455665355033 0.0 0.0 0.0 0.0 0.0 0.0 0.0
a1yqg4gns4or
israeli attacks have gone on in gaza for 3 weeks and the death toll has reached 1000
0.0 0.0 0.02508709363703255 0.0 0.0 0.0 0.23517274457861106 0.0 0.11017692719857666 0.22904917224597546 0.058468531753075995 0.27766370547579977 0.4777341396912207 0.12075280105477786 0.0 0.0 0.0 0.0 0.0 0.0 0.19171101904679927 0.0 0.0 0.3206570883312581 0.0 0.4278930890802087 0.1345864722346135 0.0 0.0 0.0 0.0 0.0 0.0 0.0 0.06057827661509889 0.0 0.0 0.0 0.3546026771140341 0.0 0.0 0.0 0.0 0.0 0.3661388464626394 0.3273596918223886 0.0 0.0 0.0 0.0 0.0 0.0 0.0 0.0 0.0 0.0 0.11357115877308324 0.0 0.0 0.0 0.0 0.0 0.0
a2blrglxnlm1uq
israeli attacks have gone on for 3 weeks and the death toll have reached 1000
0.0 0.0 0.028432039455303555 0.0 0.0 0.0 0.2665291105224259 0.0 0.12486718415838688 0.0 0.06626433598681945 0.3146855328725731 0.5414320249833834 0.0 0.0 0.0 0.0 0.0 0.0 0.0 0.2172724882530392 0.0 0.0 0.3634113667754259 0.0 0.4849455009575699 0.30506267039845725 0.0 0.0 0.0 0.0 0.0 0.0 0.0 0.0 0.0 0.0 0.0 0.401883034062572 0.0 0.0 0.0 0.0 0.0 0.41495735932432465 0.3710076507320404 0.0 0.0 0.0 0.0 0.0 0.0 0.0 0.0 0.0 0.0 0.12871397994282768 0.0 0.0 0.0 0.0 0.0 0.0
a1395pss402i1j
israeli attacks are going on in gaza for three weeks and the death toll has reached to 1000
0.0 0.0 0.02369336621275296 0.0 0.0 0.0 0.22210759210202158 0.0 0.10405598679865574 0.21632421823231016 0.05522027998901621 0.26223794406047757 0.4511933541528195 0.1140443121072902 0.0 0.0 0.0 0.0 0.0 0.0 0.18106040687753266 0.0 0.0 0.30284280564618826 0.0 0.4041212507979749 0.0 0.0 0.0 0.0 0.0 0.0 0.0 0.2569429340713484 0.05721281680314895 0.0 0.0 0.0 0.0 0.0 0.059993017206175586 0.11700758632515702 0.2475040986938263 0.0 0.0 0.30917304227670034 0.0 0.0 0.0 0.0 0.0 0.0 0.0 0.0 0.0 0.0 0.10726164995235639 0.0 0.0 0.0 0.0 0.0 0.0
a2zhr3rebfem5a
this is the third week of israels attacks on gaza and the dead total about 1000
0.10709380520925124 0.08167596992716414 0.05331007397869417 0.37938810687735075 0.33387320060414977 0.05249636141236364 0.0 0.0 0.1170629851484877 0.24336474551134893 0.06212281498764324 0.0 0.0 0.0 0.0 0.0 0.0 0.0 0.0 0.0 0.20369295773722423 0.0 0.0 0.0 0.19475273472273333 0.45463640714772174 0.0 0.0 0.0 0.0 0.0 0.0 0.0 0.0 0.0 0.0 0.0 0.0 0.0 0.0 0.0 0.0 0.0 0.0 0.0 0.0 0.0 0.0 0.0 0.2840095879089101 0.0 0.0 0.35001288004949227 0.0 0.0 0.0 0.0 0.4070026538947907 0.0 0.0 0.0 0.0 0.0
a3bnv4r3pkyf7u
the third week of continued israeli attacks on ghaza left thousands dead
0.0 0.0 0.03554004931912944 0.505850809169801 0.44516426747219967 0.06999514854981818 0.33316138815303237 0.0 0.1560839801979836 0.0 0.0 0.0 0.0 0.0 0.0 0.0 0.0 0.0 0.0 0.0 0.271590610316299 0.0 0.0 0.0 0.0 0.0 0.0 0.0 0.0 0.0 0.0 0.0 0.0 0.0 0.0 0.0 0.0 0.0 0.0 0.0 0.0 0.0 0.0 0.0 0.0 0.0 0.0 0.0 0.576458964202068 0.3786794505452135 0.0 0.0 0.0 0.0 0.0 0.0 0.0 0.0 0.46304425144076783 0.4253140995398321 0.42352191577141846 0.0 0.0
a3ekiovcnyj9bj
the third week is continue of israel attacks on ghaza and dead persons are about 1000 about 1000 people are dead in the third week of continuing israeli attacks on gaza
0.0 0.04215533931724601 0.027514876892229246 0.3916264329056524 0.3446433038494449 0.0541897924256657 0.1289656986398835 0.0 0.12083921047585827 0.12560761058650266 0.03206338838071909 0.0 0.0 0.0 0.0 0.0 0.0 0.0 0.0 0.0 0.21026369830939276 0.0 0.0 0.0 0.20103508100411183 0.46930209770087405 0.0 0.0 0.0 0.0 0.0 0.0 0.0 0.0 0.0332203452405381 0.0 0.0 0.0 0.0 0.0 0.0 0.13587977766792428 0.0 0.0 0.0 0.0 0.16411601081394786 0.10830351310247754 0.2231454054975747 0.29317118751887494 0.18273369683643378 0.0 0.0 0.0 0.0 0.0 0.0 0.0 0.0 0.0 0.0 0.08731814685505013 0.20301139552747813
a31ocn4mnhuq6w
the israeli attacks on gaza still continue in the third week and the death toll have reached to one thousand in the third week the israeli attacks on gaza continued the death toll reached into one thousand
0.0 0.0 0.06915901489127892 0.32811944378581687 0.2887552005225079 0.0 0.21610468420737233 0.0 0.1012436628311245 0.21047761773954501 0.026863919994656538 0.255150432058843 0.4389989391757163 0.0 0.0 0.0 0.0 0.333814606794348 0.0 0.0 0.17616688236732908 0.0 0.0 0.294657864953048 0.0 0.0 0.06183702778347107 0.0 0.12436965542380402 0.15843220070302325 0.0 0.0 0.0 0.0 0.055666524457117894 0.0 0.0 0.0 0.0 0.0 0.02918579215435569 0.0 0.0 0.0 0.0 0.0 0.13750260365492928 0.0 0.0 0.0 0.0 0.11531394008547444 0.0 0.0 0.0 0.0 0.0 0.0 0.15017651398078957 0.0 0.0 0.0 0.0
