will help in investigating this matter would the investigations of case investigate into information investigation these regards one man can become a doctor knowing that others grow food makes cloths and build house for him to issue with an any make clothes may if he knows clothing or houses is needed
will help in investigating this matter
0.36925219996686404 0.7594422615511323 0.17163845040944684 1.1370328984367484 0.2855834805580033 0.8163616588024475 0.0 0.0 0.0 0.0 0.0 0.0 0.0 0.0 0.0 0.0 0.0 0.0 0.0 0.0 0.0 0.0 0.0 0.0 0.0 0.0 0.0 0.0 0.0 0.0 0.0 0.0 0.0 0.0 0.0 0.0 0.0 0.0 0.0 0.0 0.0 0.0 0.0 0.0 0.0 0.0 0.0 0.0 0.0 0.0 0.0
would help in the investigations of this case
0.0 0.5695816961633492 0.12872883780708513 0.0 0.21418761041850248 0.0 0.4323862560540961 0.05331007397869417 0.7983599149203306 0.10499272282472728 0.6486007796454871 0.0 0.0 0.0 0.0 0.0 0.0 0.0 0.0 0.0 0.0 0.0 0.0 0.0 0.0 0.0 0.0 0.0 0.0 0.0 0.0 0.0 0.0 0.0 0.0 0.0 0.0 0.0 0.0 0.0 0.0 0.0 0.0 0.0 0.0 0.0 0.0 0.0 0.0 0.0 0.0
will help investigate into this matter
0.36925219996686404 0.7594422615511323 0.0 0.0 0.2855834805580033 0.8163616588024475 0.0 0.0 0.0 0.0 0.0 1.127226148432926 0.7669462084467914 0.0 0.0 0.0 0.0 0.0 0.0 0.0 0.0 0.0 0.0 0.0 0.0 0.0 0.0 0.0 0.0 0.0 0.0 0.0 0.0 0.0 0.0 0.0 0.0 0.0 0.0 0.0 0.0 0.0 0.0 0.0 0.0 0.0 0.0 0.0 0.0 0.0 0.0
will help in investigating the matter
0.36925219996686404 0.7594422615511323 0.17163845040944684 1.1370328984367484 0.0 0.8163616588024475 0.0 0.07108009863825888 0.0 0.0 0.0 0.0 0.0 0.0 0.0 0.0 0.0 0.0 0.0 0.0 0.0 0.0 0.0 0.0 0.0 0.0 0.0 0.0 0.0 0.0 0.0 0.0 0.0 0.0 0.0 0.0 0.0 0.0 0.0 0.0 0.0 0.0 0.0 0.0 0.0 0.0 0.0 0.0 0.0 0.0 0.0
a3dd3acpmvdvca
information will help in investigation in these regards
0.276939149975148 0.5695816961633492 0.25745767561417027 0.0 0.0 0.0 0.0 0.0 0.0 0.0 0.0 0.0 0.0 0.60633060136898 0.6956393451225757 0.37643782966527906 0.7642515415870006 0.0 0.0 0.0 0.0 0.0 0.0 0.0 0.0 0.0 0.0 0.0 0.0 0.0 0.0 0.0 0.0 0.0 0.0 0.0 0.0 0.0 0.0 0.0 0.0 0.0 0.0 0.0 0.0 0.0 0.0 0.0 0.0 0.0 0.0
a172x4w90uost1
one man can become a doctor knowing that others will grow food makes cloths and build a house for him
0.1107756599900592 0.0 0.0 0.0 0.0 0.0 0.0 0.0 0.0 0.0 0.0 0.0 0.0 0.0 0.0 0.0 0.0 0.1465497856502965 0.22478295283019759 0.15758335375873753 0.21069558598359928 0.14178833471717434 0.2915034291177415 0.40607401873753757 0.060403721212989994 0.29039227227850606 0.3742745804015377 0.3411098695310245 0.33025664426913315 0.5159352476043486 0.04969825199011459 0.35916053680789106 0.23091306893481423 0.09653548495712075 0.1862145746168596 0.0 0.0 0.0 0.0 0.0 0.0 0.0 0.0 0.0 0.0 0.0 0.0 0.0 0.0 0.0 0.0
a1sanjgoj47idf
information help for to investigate this matter
0.0 0.6509505099009705 0.0 0.0 0.24478584047828855 0.6997385646878121 0.0 0.0 0.0 0.0 0.0 0.9661938415139366 0.0 0.6929492587074056 0.0 0.0 0.0 0.0 0.0 0.0 0.0 0.0 0.0 0.0 0.0 0.0 0.0 0.0 0.0 0.0 0.0 0.0 0.0 0.2758156713060593 0.0 0.15426775853016578 0.0 0.0 0.0 0.0 0.0 0.0 0.0 0.0 0.0 0.0 0.0 0.0 0.0 0.0 0.0
a1aczgd5azz3r7
the issue of help for the investigation
0.0 0.6509505099009705 0.0 0.0 0.0 0.0 0.0 0.12185159766558666 0.0 0.11999168322825975 0.0 0.0 0.0 0.0 0.7950163944258009 0.0 0.0 0.0 0.0 0.0 0.0 0.0 0.0 0.0 0.0 0.0 0.0 0.0 0.0 0.0 0.0 0.0 0.0 0.2758156713060593 0.0 0.0 0.7122837369745145 0.0 0.0 0.0 0.0 0.0 0.0 0.0 0.0 0.0 0.0 0.0 0.0 0.0 0.0
a2m2x4nfhzuqky
this information will help in investigating these regards
0.276939149975148 0.5695816961633492 0.12872883780708513 0.8527746738275613 0.21418761041850248 0.0 0.0 0.0 0.0 0.0 0.0 0.0 0.0 0.60633060136898 0.0 0.37643782966527906 0.7642515415870006 0.0 0.0 0.0 0.0 0.0 0.0 0.0 0.0 0.0 0.0 0.0 0.0 0.0 0.0 0.0 0.0 0.0 0.0 0.0 0.0 0.0 0.0 0.0 0.0 0.0 0.0 0.0 0.0 0.0 0.0 0.0 0.0 0.0 0.0
a2zhr3rebfem5a
will help with an investigation in these regards
0.276939149975148 0.5695816961633492 0.12872883780708513 0.0 0.0 0.0 0.0 0.0 0.0 0.0 0.0 0.0 0.0 0.0 0.6956393451225757 0.37643782966527906 0.7642515415870006 0.0 0.0 0.0 0.0 0.0 0.0 0.0 0.0 0.0 0.0 0.0 0.0 0.0 0.0 0.0 0.0 0.0 0.0 0.0 0.0 0.2937981815092817 0.3687956582219487 0.0 0.0 0.0 0.0 0.0 0.0 0.0 0.0 0.0 0.0 0.0 0.0
a1c0lbe9vl3ax
information will help in investigation in these regards
0.276939149975148 0.5695816961633492 0.25745767561417027 0.0 0.0 0.0 0.0 0.0 0.0 0.0 0.0 0.0 0.0 0.60633060136898 0.6956393451225757 0.37643782966527906 0.7642515415870006 0.0 0.0 0.0 0.0 0.0 0.0 0.0 0.0 0.0 0.0 0.0 0.0 0.0 0.0 0.0 0.0 0.0 0.0 0.0 0.0 0.0 0.0 0.0 0.0 0.0 0.0 0.0 0.0 0.0 0.0 0.0 0.0 0.0 0.0
a2bk4fasw056jr
any man can become a doctor knowing that others will grow food make clothes and build a house for him
0.1107756599900592 0.0 0.0 0.0 0.0 0.0 0.0 0.0 0.0 0.0 0.0 0.0 0.0 0.0 0.0 0.0 0.0 0.0 0.22478295283019759 0.15758335375873753 0.21069558598359928 0.14178833471717434 0.2915034291177415 0.40607401873753757 0.060403721212989994 0.29039227227850606 0.3742745804015377 0.3411098695310245 0.0 0.0 0.04969825199011459 0.35916053680789106 0.23091306893481423 0.09653548495712075 0.1862145746168596 0.0 0.0 0.0 0.0 0.17716694305752895 0.22799015891048452 0.446620529548354 0.0 0.0 0.0 0.0 0.0 0.0 0.0 0.0 0.0
a291u81kgj6l9n
one man can become a doctor knowing that others will grow food makes clothes and build a house for him
0.1107756599900592 0.0 0.0 0.0 0.0 0.0 0.0 0.0 0.0 0.0 0.0 0.0 0.0 0.0 0.0 0.0 0.0 0.1465497856502965 0.22478295283019759 0.15758335375873753 0.21069558598359928 0.14178833471717434 0.2915034291177415 0.40607401873753757 0.060403721212989994 0.29039227227850606 0.3742745804015377 0.3411098695310245 0.33025664426913315 0.0 0.04969825199011459 0.35916053680789106 0.23091306893481423 0.09653548495712075 0.1862145746168596 0.0 0.0 0.0 0.0 0.0 0.0 0.446620529548354 0.0 0.0 0.0 0.0 0.0 0.0 0.0 0.0 0.0
a307ah7ktmo57u
one man may become a doctor if he knows that others will grow food make clothing or build houses
0.11660595788427285 0.0 0.0 0.0 0.0 0.0 0.0 0.0 0.0 0.0 0.0 0.0 0.0 0.0 0.0 0.0 0.0 0.15426293226347002 0.23661363455810272 0.0 0.22178482735115712 0.0746254393248286 0.30684571486078055 0.0 0.06358286443472631 0.3056760760826379 0.3939732425279344 0.3590630205589732 0.0 0.0 0.0 0.37806372295567475 0.0 0.0 0.0 0.0 0.0 0.0 0.0 0.0 0.23998964095840475 0.0 0.23462730150637395 0.15888987291204262 0.12499590840149186 0.27972413927060585 0.5066083037645803 0.17001558807429348 0.3331432055538261 0.0 0.0
a2qxd8jqk5bvez
to help investigate this matter
0.0 0.9113307138613587 0.0 0.0 0.34270017666960395 0.979633990562937 0.0 0.0 0.0 0.0 0.0 1.3526713781195112 0.0 0.0 0.0 0.0 0.0 0.0 0.0 0.0 0.0 0.0 0.0 0.0 0.0 0.0 0.0 0.0 0.0 0.0 0.0 0.0 0.0 0.0 0.0 0.2159748619422321 0.0 0.0 0.0 0.0 0.0 0.0 0.0 0.0 0.0 0.0 0.0 0.0 0.0 0.0 0.0
a6tw9zegog7ph
the information will help to investigate this matter
0.276939149975148 0.5695816961633492 0.0 0.0 0.21418761041850248 0.6122712441018356 0.0 0.05331007397869417 0.0 0.0 0.0 0.8454196113246946 0.0 0.60633060136898 0.0 0.0 0.0 0.0 0.0 0.0 0.0 0.0 0.0 0.0 0.0 0.0 0.0 0.0 0.0 0.0 0.0 0.0 0.0 0.0 0.0 0.13498428871389506 0.0 0.0 0.0 0.0 0.0 0.0 0.0 0.0 0.0 0.0 0.0 0.0 0.0 0.0 0.0
a6iowpyua159p
information is needed to help investigate this matter
0.0 0.5695816961633492 0.0 0.0 0.21418761041850248 0.6122712441018356 0.0 0.0 0.0 0.0 0.0 0.8454196113246946 0.0 0.60633060136898 0.0 0.0 0.0 0.0 0.0 0.0 0.0 0.0 0.0 0.0 0.0 0.0 0.0 0.0 0.0 0.0 0.0 0.0 0.0 0.0 0.0 0.13498428871389506 0.0 0.0 0.0 0.0 0.0 0.0 0.0 0.0 0.0 0.0 0.0 0.0 0.0 0.16335193985432828 0.7822827426925689
arq4j4tltpbnc
the issue of help for the investigation
0.0 0.6509505099009705 0.0 0.0 0.0 0.0 0.0 0.12185159766558666 0.0 0.11999168322825975 0.0 0.0 0.0 0.0 0.7950163944258009 0.0 0.0 0.0 0.0 0.0 0.0 0.0 0.0 0.0 0.0 0.0 0.0 0.0 0.0 0.0 0.0 0.0 0.0 0.2758156713060593 0.0 0.0 0.7122837369745145 0.0 0.0 0.0 0.0 0.0 0.0 0.0 0.0 0.0 0.0 0.0 0.0 0.0 0.0
