its no use talking about islam in reality we only like what goes along with our traditions and customs repeating the name of brings nothing factually those things that are accordance singing songs is useless because actually according to happens by blowing trumpet whatever culture custom cultures saying from mouth does not do any thing which there rituals chanting mean anything us islamabad really same as said tourists when word significant doesnt it say
its no use talking about islam in reality we only like what goes along with our traditions and customs
0.1744117348617953 0.17518149745226788 0.2616630221773422 0.27435576200981 0.164002302924407 0.2420206934462926 0.054201615918772685 0.2933564644065116 0.16117935328401528 0.17715664776116327 0.19874910482000874 0.16222976891224353 0.31873816184450815 0.26042457494522675 0.12370449747759231 0.17635767106763614 0.3105191760152828 0.05231394946327852 0.36771054957430355 0.0 0.0 0.0 0.0 0.0 0.0 0.0 0.0 0.0 0.0 0.0 0.0 0.0 0.0 0.0 0.0 0.0 0.0 0.0 0.0 0.0 0.0 0.0 0.0 0.0 0.0 0.0 0.0 0.0 0.0 0.0 0.0 0.0 0.0 0.0 0.0 0.0 0.0 0.0 0.0 0.0 0.0 0.0 0.0 0.0 0.0 0.0 0.0 0.0 0.0 0.0 0.0 0.0 0.0 0.0
repeating the name of islam brings nothing factually we like only those things that are in accordance with our customs and traditions
0.0 0.0 0.0 0.0 0.0 0.20901787161270724 0.046810486475303684 0.0 0.13920035056346775 0.1529989230664592 0.17164695416273482 0.0 0.0 0.0 0.10683570236701154 0.1523088977402312 0.26817565201319876 0.04518022908192236 0.31756820190508034 0.4060186632257764 0.01938548144679788 0.20627097437702915 0.03817917193626447 0.34907489193053237 0.24813147944205902 0.4690320432766805 0.18123650464514907 0.24640296146072996 0.0549124738299909 0.09573347972058302 0.3129417158000829 0.0 0.0 0.0 0.0 0.0 0.0 0.0 0.0 0.0 0.0 0.0 0.0 0.0 0.0 0.0 0.0 0.0 0.0 0.0 0.0 0.0 0.0 0.0 0.0 0.0 0.0 0.0 0.0 0.0 0.0 0.0 0.0 0.0 0.0 0.0 0.0 0.0 0.0 0.0 0.0 0.0 0.0 0.0
singing the songs of islam is useless because we actually like the things that are according to our customs and traditions
0.0 0.0 0.0 0.0 0.0 0.21897110359426475 0.0 0.0 0.14582893868553765 0.0 0.1798206186466746 0.0 0.0 0.0 0.0 0.15956170239452794 0.28094592115668443 0.0473316685620139 0.33269049723389366 0.0 0.04061719922186222 0.0 0.03999722774275325 0.0 0.0 0.0 0.0 0.2581364358160028 0.05752735353618094 0.10029221685013459 0.0 0.3133826349430287 0.3294051224011817 0.06222931042069649 0.35115552252002524 0.18667190559770303 0.2697497429490213 0.15681745892611668 0.05142258617672193 0.0 0.0 0.0 0.0 0.0 0.0 0.0 0.0 0.0 0.0 0.0 0.0 0.0 0.0 0.0 0.0 0.0 0.0 0.0 0.0 0.0 0.0 0.0 0.0 0.0 0.0 0.0 0.0 0.0 0.0 0.0 0.0 0.0 0.0 0.0
nothing happens by only blowing the trumpet of islam we actually like whatever is in our culture and custom
0.0 0.0 0.0 0.0 0.0 0.2420206934462926 0.054201615918772685 0.0 0.16117935328401528 0.17715664776116327 0.19874910482000874 0.0 0.0 0.0 0.0 0.17635767106763614 0.0 0.05231394946327852 0.0 0.0 0.022446346938397543 0.0 0.04420746224199044 0.0 0.2873101340908052 0.0 0.0 0.0 0.0 0.0 0.0 0.0 0.0 0.06877976414919085 0.0 0.0 0.2981444527331288 0.0 0.0 0.3939732425279344 0.13133996112639199 0.5066083037645803 0.5430897343203669 0.28452895086057467 0.3258721351074673 0.4219010452154171 0.0 0.0 0.0 0.0 0.0 0.0 0.0 0.0 0.0 0.0 0.0 0.0 0.0 0.0 0.0 0.0 0.0 0.0 0.0 0.0 0.0 0.0 0.0 0.0 0.0 0.0 0.0 0.0
a1wyssw33m2fz2
nothing happens with singing about islam we actually like what our traditions and cultures are
0.0 0.0 0.0 0.0 0.20773625037091556 0.30655954503197064 0.0 0.0 0.2041605141597527 0.0 0.2517488661053444 0.20549104062217513 0.0 0.0 0.1566923634716169 0.22338638335233912 0.3933242896193582 0.06626433598681945 0.0 0.0 0.0 0.0 0.0 0.0 0.36392616984835324 0.0 0.0 0.0 0.0 0.14040910359018843 0.0 0.4387356889202402 0.0 0.0 0.0 0.0 0.37764964012862984 0.0 0.0 0.499032773868717 0.0 0.0 0.0 0.0 0.0 0.0 0.5684630321905944 0.0 0.0 0.0 0.0 0.0 0.0 0.0 0.0 0.0 0.0 0.0 0.0 0.0 0.0 0.0 0.0 0.0 0.0 0.0 0.0 0.0 0.0 0.0 0.0 0.0 0.0 0.0
ayowrg5s0py3f
saying islam islam from the mouth does not do any thing we like the thing which are there in rituals
0.0 0.0 0.0 0.0 0.0 0.45983931754795593 0.05149153512283405 0.0 0.1531203856198145 0.0 0.1888116495790083 0.0 0.0 0.0 0.0 0.0 0.0 0.0 0.0 0.0 0.042648059182955333 0.0 0.0 0.0 0.0 0.0 0.0 0.0 0.0 0.10530682769264132 0.0 0.0 0.0 0.0 0.0 0.0 0.0 0.0 0.0 0.0 0.0 0.0 0.0 0.0 0.0 0.0 0.0 0.23694875630503742 0.12064473197140195 0.3278752418196704 0.2097010780596383 0.10703137441186819 0.16189185276980944 0.17716694305752895 0.5268848944837433 0.15077674504250854 0.14319925013614848 0.4354633519826435 0.0 0.0 0.0 0.0 0.0 0.0 0.0 0.0 0.0 0.0 0.0 0.0 0.0 0.0 0.0 0.0
a3dd3acpmvdvca
chanting islam islam does not mean anything in reality we like only our culture and traditions
0.0 0.0 0.0 0.0 0.0 0.5747991469349449 0.06436441890354257 0.3483608014827325 0.19140048202476814 0.2103735192163814 0.2360145619737604 0.0 0.0 0.0 0.0 0.20942473439281792 0.3687415215181483 0.06212281498764324 0.0 0.0 0.0 0.0 0.0 0.0 0.0 0.0 0.0 0.0 0.0 0.0 0.0 0.0 0.0 0.0 0.0 0.0 0.0 0.0 0.0 0.0 0.0 0.0 0.0 0.0 0.3869731604401174 0.0 0.0 0.0 0.0 0.0 0.2621263475745479 0.13378921801483523 0.0 0.0 0.0 0.0 0.0 0.0 0.5582756619354425 0.41436409362331467 0.3596472975386959 0.0 0.0 0.0 0.0 0.0 0.0 0.0 0.0 0.0 0.0 0.0 0.0 0.0
a3kwcqj39dxkt4
the customs of us and islamabad are not really the same as said by the tourists
0.0 0.0 0.0 0.0 0.0 0.0 0.0 0.0 0.0 0.0 0.0 0.0 0.0 0.0 0.0 0.0 0.0 0.06212281498764324 0.43665627761948544 0.0 0.07996511096804125 0.0 0.05249636141236364 0.0 0.0 0.0 0.0 0.0 0.0 0.13163353461580166 0.0 0.0 0.0 0.0 0.0 0.0 0.0 0.0 0.0 0.0 0.1559662038375905 0.0 0.0 0.0 0.0 0.0 0.0 0.0 0.0 0.0 0.0 0.13378921801483523 0.0 0.0 0.0 0.0 0.0 0.0 0.0 0.0 0.0 0.2286331126404553 0.35001288004949227 0.3694991065514199 0.273823046687784 0.16470632943957153 0.13837509273224138 0.6015973607204391 0.0 0.0 0.0 0.0 0.0 0.0
a1wgq344wqriu5
nothing happens with the singing about islam we actually like what our traditions and cultures are
0.0 0.0 0.0 0.0 0.19475273472273333 0.28739957346747247 0.0 0.0 0.19140048202476814 0.0 0.2360145619737604 0.19264785058328918 0.0 0.0 0.14689909075464086 0.20942473439281792 0.3687415215181483 0.06212281498764324 0.0 0.0 0.026655036989347083 0.0 0.0 0.0 0.34118078423283116 0.0 0.0 0.0 0.0 0.13163353461580166 0.0 0.41131470836272516 0.0 0.0 0.0 0.0 0.35404653762059046 0.0 0.0 0.46784322550192214 0.0 0.0 0.0 0.0 0.0 0.0 0.5329340926786822 0.0 0.0 0.0 0.0 0.0 0.0 0.0 0.0 0.0 0.0 0.0 0.0 0.0 0.0 0.0 0.0 0.0 0.0 0.0 0.0 0.0 0.0 0.0 0.0 0.0 0.0 0.0
a3qu3km3iywhif
nothing happens with singing about islam we actually like what our traditions and cultures are
0.0 0.0 0.0 0.0 0.20773625037091556 0.30655954503197064 0.0 0.0 0.2041605141597527 0.0 0.2517488661053444 0.20549104062217513 0.0 0.0 0.1566923634716169 0.22338638335233912 0.3933242896193582 0.06626433598681945 0.0 0.0 0.0 0.0 0.0 0.0 0.36392616984835324 0.0 0.0 0.0 0.0 0.14040910359018843 0.0 0.4387356889202402 0.0 0.0 0.0 0.0 0.37764964012862984 0.0 0.0 0.499032773868717 0.0 0.0 0.0 0.0 0.0 0.0 0.5684630321905944 0.0 0.0 0.0 0.0 0.0 0.0 0.0 0.0 0.0 0.0 0.0 0.0 0.0 0.0 0.0 0.0 0.0 0.0 0.0 0.0 0.0 0.0 0.0 0.0 0.0 0.0 0.0
a291u81kgj6l9n
nothing happens when singing about islam we actually like our traditions and cultures
0.0 0.0 0.0 0.0 0.23969567350490256 0.3537225519599661 0.0 0.0 0.23556982403048388 0.0 0.290479460890782 0.0 0.0 0.0 0.0 0.25775351925269896 0.45383571879156714 0.07645884921556091 0.0 0.0 0.0 0.0 0.0 0.0 0.4199148113634845 0.0 0.0 0.0 0.0 0.0 0.0 0.5062334872156617 0.0 0.0 0.0 0.0 0.43574958476380365 0.0 0.0 0.5758070467715964 0.0 0.0 0.0 0.0 0.0 0.0 0.6559188832968397 0.0 0.0 0.0 0.0 0.0 0.0 0.0 0.0 0.0 0.0 0.0 0.0 0.0 0.0 0.0 0.0 0.0 0.0 0.0 0.0 0.0 0.25056696809050255 0.0 0.0 0.0 0.0 0.0
a3pcyk6q2le72a
saying islam islam from the mouth does not do any thing we like the thing which are there in rituals
0.0 0.0 0.0 0.0 0.0 0.45983931754795593 0.05149153512283405 0.0 0.1531203856198145 0.0 0.1888116495790083 0.0 0.0 0.0 0.0 0.0 0.0 0.0 0.0 0.0 0.042648059182955333 0.0 0.0 0.0 0.0 0.0 0.0 0.0 0.0 0.10530682769264132 0.0 0.0 0.0 0.0 0.0 0.0 0.0 0.0 0.0 0.0 0.0 0.0 0.0 0.0 0.0 0.0 0.0 0.23694875630503742 0.12064473197140195 0.3278752418196704 0.2097010780596383 0.10703137441186819 0.16189185276980944 0.17716694305752895 0.5268848944837433 0.15077674504250854 0.14319925013614848 0.4354633519826435 0.0 0.0 0.0 0.0 0.0 0.0 0.0 0.0 0.0 0.0 0.0 0.0 0.0 0.0 0.0 0.0
a6tw9zegog7ph
saying islam islam from the mouth does not do any thing we like the thing which are there in rituals
0.0 0.0 0.0 0.0 0.0 0.45983931754795593 0.05149153512283405 0.0 0.1531203856198145 0.0 0.1888116495790083 0.0 0.0 0.0 0.0 0.0 0.0 0.0 0.0 0.0 0.042648059182955333 0.0 0.0 0.0 0.0 0.0 0.0 0.0 0.0 0.10530682769264132 0.0 0.0 0.0 0.0 0.0 0.0 0.0 0.0 0.0 0.0 0.0 0.0 0.0 0.0 0.0 0.0 0.0 0.23694875630503742 0.12064473197140195 0.3278752418196704 0.2097010780596383 0.10703137441186819 0.16189185276980944 0.17716694305752895 0.5268848944837433 0.15077674504250854 0.14319925013614848 0.4354633519826435 0.0 0.0 0.0 0.0 0.0 0.0 0.0 0.0 0.0 0.0 0.0 0.0 0.0 0.0 0.0 0.0
aclg2ttpdpj36
saying the word islam does nothing its rituals are significant
0.33138229623741106 0.0 0.0 0.0 0.0 0.45983931754795593 0.0 0.0 0.0 0.0 0.0 0.0 0.0 0.0 0.0 0.0 0.0 0.0 0.0 0.0 0.042648059182955333 0.0 0.0 0.0 0.5458892547725298 0.0 0.0 0.0 0.0 0.21061365538528265 0.0 0.0 0.0 0.0 0.0 0.0 0.0 0.0 0.0 0.0 0.0 0.0 0.0 0.0 0.0 0.0 0.0 0.47389751261007484 0.0 0.0 0.4194021561192766 0.0 0.0 0.0 0.0 0.0 0.0 0.870926703965287 0.0 0.0 0.0 0.0 0.0 0.0 0.0 0.0 0.0 0.0 0.0 0.6852969049287244 0.7833798302298971 0.0 0.0 0.0
a2unp2crnrfiw8
islam doesnt mean anything in reality we like only our culture and traditions
0.0 0.0 0.0 0.0 0.0 0.3537225519599661 0.07921774634282162 0.4287517556710554 0.23556982403048388 0.25892125442016173 0.290479460890782 0.0 0.0 0.0 0.0 0.25775351925269896 0.45383571879156714 0.07645884921556091 0.0 0.0 0.0 0.0 0.0 0.0 0.0 0.0 0.0 0.0 0.0 0.0 0.0 0.0 0.0 0.0 0.0 0.0 0.0 0.0 0.0 0.0 0.0 0.0 0.0 0.0 0.47627465900322147 0.0 0.0 0.0 0.0 0.0 0.0 0.0 0.0 0.0 0.0 0.0 0.0 0.0 0.0 0.5099865767671565 0.4426428277399334 0.0 0.0 0.0 0.0 0.0 0.0 0.0 0.0 0.0 0.0 0.4750438635150337 0.0 0.0
a3lhs82826iskx
when chanting islam it does not mean anything in reality we only like our culture and traditions
0.0 0.0 0.0 0.0 0.0 0.27049371620468 0.06057827661509889 0.3278689896308071 0.18014163014095824 0.19799860632130015 0.22213135244589213 0.0 0.0 0.0 0.0 0.197105632369711 0.34705084378178663 0.058468531753075995 0.0 0.0 0.0 0.0 0.0 0.0 0.0 0.0 0.0 0.0 0.0 0.0 0.0 0.0 0.0 0.0 0.0 0.0 0.0 0.0 0.0 0.0 0.0 0.0 0.0 0.0 0.36421003335540464 0.0 0.0 0.0 0.0 0.0 0.24670715065839802 0.12591926401396258 0.0 0.0 0.0 0.0 0.0 0.0 0.5254359171157106 0.3899897351748844 0.3384915741540667 0.0 0.0 0.0 0.0 0.0 0.0 0.0 0.191610034422149 0.0 0.0 0.0 0.11912679041333091 0.0
air4uqnpimfcj
chanting islam islam does not mean anything in reality we like only our culture and traditions
0.0 0.0 0.0 0.0 0.0 0.5747991469349449 0.06436441890354257 0.3483608014827325 0.19140048202476814 0.2103735192163814 0.2360145619737604 0.0 0.0 0.0 0.0 0.20942473439281792 0.3687415215181483 0.06212281498764324 0.0 0.0 0.0 0.0 0.0 0.0 0.0 0.0 0.0 0.0 0.0 0.0 0.0 0.0 0.0 0.0 0.0 0.0 0.0 0.0 0.0 0.0 0.0 0.0 0.0 0.0 0.3869731604401174 0.0 0.0 0.0 0.0 0.0 0.2621263475745479 0.13378921801483523 0.0 0.0 0.0 0.0 0.0 0.0 0.5582756619354425 0.41436409362331467 0.3596472975386959 0.0 0.0 0.0 0.0 0.0 0.0 0.0 0.0 0.0 0.0 0.0 0.0 0.0
amd40d0gc1l4r
the customs of the us and islamabad are not really the same as the tourists say
0.0 0.0 0.0 0.0 0.0 0.0 0.0 0.0 0.0 0.0 0.0 0.0 0.0 0.0 0.0 0.0 0.0 0.06212281498764324 0.43665627761948544 0.0 0.10662014795738833 0.0 0.05249636141236364 0.0 0.0 0.0 0.0 0.0 0.0 0.13163353461580166 0.0 0.0 0.0 0.0 0.0 0.0 0.0 0.0 0.0 0.0 0.0 0.0 0.0 0.0 0.0 0.0 0.0 0.0 0.0 0.0 0.0 0.13378921801483523 0.0 0.0 0.0 0.0 0.0 0.0 0.0 0.0 0.0 0.2286331126404553 0.35001288004949227 0.3694991065514199 0.273823046687784 0.16470632943957153 0.0 0.6015973607204391 0.0 0.0 0.0 0.0 0.0 0.24459228087850807
