tomorrow it will result in hunger and depravation give poverty yield necessity deliver exigence need hungry despair be given cause desperation extinguish existence privation not present
tomorrow it will result in hunger and depravation
0.7866691576689777 0.25314442962832817 0.276939149975148 0.6379711493097482 0.12872883780708513 0.8689261402625621 0.12424562997528649 1.2898381190108714 0.0 0.0 0.0 0.0 0.0 0.0 0.0 0.0 0.0 0.0 0.0 0.0 0.0 0.0 0.0 0.0 0.0 0.0
tomorrow it will give hunger and poverty
0.8990504659074031 0.2893079195752322 0.31650188568588344 0.0 0.0 0.9930584460143567 0.1419950056860417 0.0 0.630477586290343 1.0200930173912892 0.0 0.0 0.0 0.0 0.0 0.0 0.0 0.0 0.0 0.0 0.0 0.0 0.0 0.0 0.0 0.0
it will yield hunger and poverty tomorrow
0.8990504659074031 0.2893079195752322 0.31650188568588344 0.0 0.0 0.9930584460143567 0.1419950056860417 0.0 0.0 1.0200930173912892 1.474100707440996 0.0 0.0 0.0 0.0 0.0 0.0 0.0 0.0 0.0 0.0 0.0 0.0 0.0 0.0 0.0
hunger and necessity will deliver tomorrow
1.0488922102253035 0.0 0.36925219996686404 0.0 0.0 1.1585681870167495 0.16566083996704864 0.0 0.0 0.0 0.0 1.292292599104239 1.292292599104239 0.0 0.0 0.0 0.0 0.0 0.0 0.0 0.0 0.0 0.0 0.0 0.0 0.0
a143bvgouf83je
will give hunger and exigence
0.0 0.0 0.4431026399602368 0.0 0.0 1.3902818244200994 0.19879300796045837 0.0 0.8826686208064801 0.0 0.0 0.0 0.0 1.9251115543054051 0.0 0.0 0.0 0.0 0.0 0.0 0.0 0.0 0.0 0.0 0.0 0.0
a28z6a8uc4er3x
tomorrow will give hunger and necessity
1.0488922102253035 0.0 0.36925219996686404 0.0 0.0 1.1585681870167495 0.16566083996704864 0.0 0.7355571840054002 0.0 0.0 1.292292599104239 0.0 0.0 0.0 0.0 0.0 0.0 0.0 0.0 0.0 0.0 0.0 0.0 0.0 0.0
a3dd3acpmvdvca
it will give hunger and need tomorrow
0.8990504659074031 0.2893079195752322 0.31650188568588344 0.0 0.0 0.9930584460143567 0.1419950056860417 0.0 0.630477586290343 0.0 0.0 0.0 0.0 0.0 0.7322497287423942 0.0 0.0 0.0 0.0 0.0 0.0 0.0 0.0 0.0 0.0 0.0
a2i57ww1b3evwx
hungry and despair will be given tomorrow
0.8990504659074031 0.0 0.31650188568588344 0.0 0.0 0.0 0.1419950056860417 0.0 0.0 0.0 0.0 0.0 0.0 0.0 0.0 1.375079681646718 1.27605865585244 0.3066889922798786 0.6289289842113622 0.0 0.0 0.0 0.0 0.0 0.0 0.0
a2190f96xfy41l
it will cause hunger and desperation
0.0 0.33752590617110423 0.36925219996686404 0.0 0.0 1.1585681870167495 0.16566083996704864 0.0 0.0 0.0 0.0 0.0 0.0 0.0 0.0 0.0 0.0 0.0 0.0 0.8718514361424311 1.719784158681162 0.0 0.0 0.0 0.0 0.0
a1395pss402i1j
it will give hunger and exigence
0.0 0.33752590617110423 0.36925219996686404 0.0 0.0 1.1585681870167495 0.16566083996704864 0.0 0.7355571840054002 0.0 0.0 0.0 0.0 1.6042596285878377 0.0 0.0 0.0 0.0 0.0 0.0 0.0 0.0 0.0 0.0 0.0 0.0
a24bjjrcqbm3mi
it will cause hunger and extinguish existence
0.0 0.2893079195752322 0.31650188568588344 0.0 0.0 0.9930584460143567 0.1419950056860417 0.0 0.0 0.0 0.0 0.0 0.0 0.0 0.0 0.0 0.0 0.0 0.0 0.7473012309792267 0.0 1.474100707440996 0.9745996272314986 0.0 0.0 0.0
a6tw9zegog7ph
tomorrow will give hunger and necessity
1.0488922102253035 0.0 0.36925219996686404 0.0 0.0 1.1585681870167495 0.16566083996704864 0.0 0.7355571840054002 0.0 0.0 1.292292599104239 0.0 0.0 0.0 0.0 0.0 0.0 0.0 0.0 0.0 0.0 0.0 0.0 0.0 0.0
aq83oqxl7tj8n
tomorrow will give hunger and necessity
1.0488922102253035 0.0 0.36925219996686404 0.0 0.0 1.1585681870167495 0.16566083996704864 0.0 0.7355571840054002 0.0 0.0 1.292292599104239 0.0 0.0 0.0 0.0 0.0 0.0 0.0 0.0 0.0 0.0 0.0 0.0 0.0 0.0
a3iiehpa9ivcnu
tomorrow it will give hunger and privation
0.8990504659074031 0.2893079195752322 0.31650188568588344 0.0 0.0 0.9930584460143567 0.1419950056860417 0.0 0.630477586290343 0.0 0.0 0.0 0.0 0.0 0.0 0.0 0.0 0.0 0.0 0.0 0.0 0.0 0.0 1.474100707440996 0.0 0.0
a2unp2crnrfiw8
it will give hunger and need tomorrow
0.8990504659074031 0.2893079195752322 0.31650188568588344 0.0 0.0 0.9930584460143567 0.1419950056860417 0.0 0.630477586290343 0.0 0.0 0.0 0.0 0.0 0.7322497287423942 0.0 0.0 0.0 0.0 0.0 0.0 0.0 0.0 0.0 0.0 0.0
a1dndzlo2d5d48
it will give hunger and need tomorrow
0.8990504659074031 0.2893079195752322 0.31650188568588344 0.0 0.0 0.9930584460143567 0.1419950056860417 0.0 0.630477586290343 0.0 0.0 0.0 0.0 0.0 0.7322497287423942 0.0 0.0 0.0 0.0 0.0 0.0 0.0 0.0 0.0 0.0 0.0
a1ih5ceu09nm63
it will give hunger and need tomorrow
0.8990504659074031 0.2893079195752322 0.31650188568588344 0.0 0.0 0.9930584460143567 0.1419950056860417 0.0 0.630477586290343 0.0 0.0 0.0 0.0 0.0 0.7322497287423942 0.0 0.0 0.0 0.0 0.0 0.0 0.0 0.0 0.0 0.0 0.0
a1vftlon458bjk
hungry and despair will be given tomorrow hunger and despair will not be present tomorrow
0.8391137681802429 0.0 0.2954017599734912 0.0 0.0 0.46342727480669976 0.1325286719736389 0.0 0.0 0.0 0.0 0.0 0.0 0.0 0.0 0.6417038514351351 1.1909880787956106 0.28624305946122003 0.293500192631969 0.0 0.0 0.0 0.0 0.0 0.14270849921582424 0.29757553532563624
