may allah protect you god take care of hafiz good bye goodbye
may allah protect you
1.1144796821552763 1.1217056187008634 1.5322625525151363 0.796951530447656 0.0 0.0 0.0 0.0 0.0 0.0 0.0 0.0
may god protect you
1.1144796821552763 0.0 1.5322625525151363 0.796951530447656 1.1866377299773014 0.0 0.0 0.0 0.0 0.0 0.0 0.0
may god take care of you
0.7429864547701842 0.0 0.0 0.5313010202984373 0.7910918199848677 0.6433944447903635 0.9085284169385647 0.13999029709963637 0.0 0.0 0.0 0.0
allah hafiz
0.0 2.2434112374017268 0.0 0.0 0.0 0.0 0.0 0.0 2.650712557636023 0.0 0.0 0.0
a1sanjgoj47idf
allah hafiz
0.0 2.2434112374017268 0.0 0.0 0.0 0.0 0.0 0.0 2.650712557636023 0.0 0.0 0.0
a3fq8i38xt2b4z
good bye
0.0 0.0 0.0 0.0 0.0 0.0 0.0 0.0 0.0 2.295928602249887 4.812778885763513 0.0
a28z6a8uc4er3x
allah hafiz
0.0 2.2434112374017268 0.0 0.0 0.0 0.0 0.0 0.0 2.650712557636023 0.0 0.0 0.0
a8v7wa74iohz9
allah hafiz
0.0 2.2434112374017268 0.0 0.0 0.0 0.0 0.0 0.0 2.650712557636023 0.0 0.0 0.0
a1nee8mf6oybf8
allah hafiz
0.0 2.2434112374017268 0.0 0.0 0.0 0.0 0.0 0.0 2.650712557636023 0.0 0.0 0.0
ayeowkx2r19vz
allah hafiz
0.0 2.2434112374017268 0.0 0.0 0.0 0.0 0.0 0.0 2.650712557636023 0.0 0.0 0.0
a1f79effmkv41a
allah hafiz
0.0 2.2434112374017268 0.0 0.0 0.0 0.0 0.0 0.0 2.650712557636023 0.0 0.0 0.0
a37rlacsw4br2k
goodbye
0.0 0.0 0.0 0.0 0.0 0.0 0.0 0.0 0.0 0.0 0.0 8.93241059096708
a267yj5zc4d1st
good bye goodbye
0.0 0.0 0.0 0.0 0.0 0.0 0.0 0.0 0.0 1.5306190681665912 3.2085192571756753 2.9774701969890267
a1nfmtr7or7cu6
goodbye
0.0 0.0 0.0 0.0 0.0 0.0 0.0 0.0 0.0 0.0 0.0 8.93241059096708
a143awku99stc9
allah hafiz
0.0 2.2434112374017268 0.0 0.0 0.0 0.0 0.0 0.0 2.650712557636023 0.0 0.0 0.0
a2eldzaxlm8quo
allah hafiz
0.0 2.2434112374017268 0.0 0.0 0.0 0.0 0.0 0.0 2.650712557636023 0.0 0.0 0.0
a1g9f1kosfkijh
allah hafiz
0.0 2.2434112374017268 0.0 0.0 0.0 0.0 0.0 0.0 2.650712557636023 0.0 0.0 0.0
a290hg650rgy73
allah hafiz
0.0 2.2434112374017268 0.0 0.0 0.0 0.0 0.0 0.0 2.650712557636023 0.0 0.0 0.0
