he told the palestinian public to take a rocksolid stand in resistance against enemy war asked people stay firm and give rockhard like concrete wall of urged palestinians put up stiff it is morally justifiable make any perfect discoveries an inventions which can be used for purpose destruction emphasized on palestine that they should as solid rock continue resist strongly firmly rooted boulder has said discovery invention see supposedly possible means strong bold resisting also hamas leader protect their country with fortified
he told the palestinian public to take a rocksolid stand in the resistance against the enemy in the war
0.12499590840149186 0.24236695508303166 0.08978538775359017 0.26748752575036955 0.2478543766790532 0.05683548998479792 0.20317719309169371 0.0746254393248286 0.5430897343203669 0.3233851411679649 0.10840323183754537 0.3202420235520901 0.16773718113789787 0.2877197204298607 0.19107106516527414 0.0 0.0 0.0 0.0 0.0 0.0 0.0 0.0 0.0 0.0 0.0 0.0 0.0 0.0 0.0 0.0 0.0 0.0 0.0 0.0 0.0 0.0 0.0 0.0 0.0 0.0 0.0 0.0 0.0 0.0 0.0 0.0 0.0 0.0 0.0 0.0 0.0 0.0 0.0 0.0 0.0 0.0 0.0 0.0 0.0 0.0 0.0 0.0 0.0 0.0 0.0 0.0 0.0 0.0 0.0 0.0 0.0 0.0 0.0 0.0 0.0 0.0 0.0 0.0 0.0 0.0 0.0
he asked the palestinian people to stay firm and give rockhard resistance to the enemy in the war
0.13194012553490808 0.0 0.07108009863825888 0.2823479438476123 0.0 0.11998603441235117 0.0 0.0 0.0 0.0 0.05721281680314895 0.3380332470827618 0.0 0.30370414934263074 0.2016861243411227 0.26081596921664624 0.15038125291703078 0.3277702413494652 0.419228679435955 0.05522027998901621 0.24518572800180005 0.5732613862270539 0.0 0.0 0.0 0.0 0.0 0.0 0.0 0.0 0.0 0.0 0.0 0.0 0.0 0.0 0.0 0.0 0.0 0.0 0.0 0.0 0.0 0.0 0.0 0.0 0.0 0.0 0.0 0.0 0.0 0.0 0.0 0.0 0.0 0.0 0.0 0.0 0.0 0.0 0.0 0.0 0.0 0.0 0.0 0.0 0.0 0.0 0.0 0.0 0.0 0.0 0.0 0.0 0.0 0.0 0.0 0.0 0.0 0.0 0.0 0.0
he asked the palestinian people to stand like a concrete wall of resistance in the war against the enemy
0.12499590840149186 0.0 0.06733904081519264 0.26748752575036955 0.0 0.05683548998479792 0.0 0.0746254393248286 0.0 0.3233851411679649 0.054201615918772685 0.3202420235520901 0.16773718113789787 0.2877197204298607 0.19107106516527414 0.2470888129420859 0.14246645013192388 0.0 0.0 0.0 0.0 0.0 0.19874910482000874 0.4219010452154171 0.3606825815414339 0.04420746224199044 0.0 0.0 0.0 0.0 0.0 0.0 0.0 0.0 0.0 0.0 0.0 0.0 0.0 0.0 0.0 0.0 0.0 0.0 0.0 0.0 0.0 0.0 0.0 0.0 0.0 0.0 0.0 0.0 0.0 0.0 0.0 0.0 0.0 0.0 0.0 0.0 0.0 0.0 0.0 0.0 0.0 0.0 0.0 0.0 0.0 0.0 0.0 0.0 0.0 0.0 0.0 0.0 0.0 0.0 0.0 0.0
he urged palestinians to put up a stiff resistance in the war against the enemy
0.15832815064188968 0.0 0.05686407891060711 0.0 0.0 0.0719916206474107 0.0 0.09452555647811622 0.0 0.0 0.06865538016377874 0.4056398964993141 0.21246709610800396 0.3644449792111569 0.24202334920934726 0.0 0.0 0.0 0.0 0.0 0.0 0.0 0.0 0.0 0.0 0.0 0.5119765081647808 0.35521815768721565 0.3467140759780144 0.28699931973627796 0.6879136634724647 0.0 0.0 0.0 0.0 0.0 0.0 0.0 0.0 0.0 0.0 0.0 0.0 0.0 0.0 0.0 0.0 0.0 0.0 0.0 0.0 0.0 0.0 0.0 0.0 0.0 0.0 0.0 0.0 0.0 0.0 0.0 0.0 0.0 0.0 0.0 0.0 0.0 0.0 0.0 0.0 0.0 0.0 0.0 0.0 0.0 0.0 0.0 0.0 0.0 0.0 0.0
a172x4w90uost1
it is morally justifiable to make any perfect discoveries an inventions which can be used for purpose of destruction
0.0 0.0 0.0 0.0 0.0 0.05683548998479792 0.0 0.0 0.0 0.0 0.0 0.0 0.0 0.0 0.0 0.0 0.0 0.0 0.0 0.0 0.0 0.0 0.0 0.0 0.0 0.04420746224199044 0.0 0.0 0.0 0.0 0.0 0.10658712826455922 0.06877976414919085 0.45838247577120367 0.4701268732087937 0.23998964095840475 0.1864915190079252 0.4168847199625579 0.40809239971712813 0.15528238240924155 0.5066083037645803 0.15871236320264057 0.16587721448288162 0.11299068136627106 0.24413328121420547 0.10161629995486395 0.31873816184450815 0.2938161317732882 0.0 0.0 0.0 0.0 0.0 0.0 0.0 0.0 0.0 0.0 0.0 0.0 0.0 0.0 0.0 0.0 0.0 0.0 0.0 0.0 0.0 0.0 0.0 0.0 0.0 0.0 0.0 0.0 0.0 0.0 0.0 0.0 0.0 0.0
a3fq8i38xt2b4z
he emphasized on the palestine people that they should be as a solid rock against the enemy and continue to resist strongly
0.10795101180128842 0.0 0.03877096289359576 0.0 0.0 0.04908519589596184 0.0 0.06444924305326107 0.0 0.0 0.0 0.0 0.14486392916454816 0.24848521309851607 0.0 0.0 0.12303920693211609 0.0 0.0 0.04518022908192236 0.0 0.0 0.0 0.0 0.0 0.0 0.0 0.0 0.0 0.0 0.0 0.0 0.0 0.0 0.0 0.0 0.0 0.0 0.0 0.0 0.0 0.0 0.0 0.09758286117996139 0.0 0.0 0.0 0.0 0.3430052831748723 0.08513671647162742 0.2186053007026815 0.0549124738299909 0.1174413071847359 0.13610068057901994 0.11978642141059748 0.3376515088268548 0.4060186632257764 0.23125437887419925 0.3430052831748723 0.32093674609388584 0.0 0.0 0.0 0.0 0.0 0.0 0.0 0.0 0.0 0.0 0.0 0.0 0.0 0.0 0.0 0.0 0.0 0.0 0.0 0.0 0.0 0.0
a3dd3acpmvdvca
he told the palestinian public to stay firmly rooted and resist the enemy like a boulder
0.14843264122677158 0.2878107591611001 0.05331007397869417 0.31764143682856383 0.29432707230637567 0.06749214435694753 0.0 0.08861770919823396 0.0 0.0 0.0 0.0 0.0 0.3416671680104596 0.0 0.0 0.0 0.3687415215181483 0.0 0.06212281498764324 0.0 0.0 0.2360145619737604 0.0 0.0 0.0 0.0 0.0 0.0 0.0 0.0 0.0 0.0 0.0 0.0 0.0 0.0 0.0 0.0 0.0 0.0 0.0 0.0 0.0 0.0 0.0 0.0 0.0 0.0 0.0 0.0 0.0 0.0 0.0 0.0 0.0 0.0 0.0 0.47163226436544936 0.0 0.507592523421922 0.514953963150446 0.5582756619354425 0.0 0.0 0.0 0.0 0.0 0.0 0.0 0.0 0.0 0.0 0.0 0.0 0.0 0.0 0.0 0.0 0.0 0.0 0.0
alrghxunh1uv7
the palestinian people he has said that the war against the enemy in a rock resistance
0.14843264122677158 0.0 0.07996511096804125 0.31764143682856383 0.0 0.0 0.0 0.08861770919823396 0.0 0.0 0.06436441890354257 0.380287402968107 0.1991879026012537 0.3416671680104596 0.22689688988376305 0.0 0.16917890953165962 0.0 0.0 0.0 0.0 0.0 0.0 0.0 0.0 0.0 0.0 0.0 0.0 0.0 0.0 0.0 0.0 0.0 0.0 0.0 0.0 0.0 0.0 0.0 0.0 0.0 0.0 0.0 0.0 0.0 0.0 0.0 0.0 0.0 0.0 0.07550465151623749 0.0 0.0 0.0 0.0 0.5582756619354425 0.0 0.0 0.0 0.0 0.0 0.0 0.12829985112070147 0.13837509273224138 0.0 0.0 0.0 0.0 0.0 0.0 0.0 0.0 0.0 0.0 0.0 0.0 0.0 0.0 0.0 0.0 0.0
air4uqnpimfcj
it is morally justifiable to make any perfect discovery of an invention to be used for the purpose of destruction
0.0 0.0 0.021324029591477667 0.0 0.0 0.10798743097111604 0.0 0.0 0.0 0.0 0.0 0.0 0.0 0.0 0.0 0.0 0.0 0.0 0.0 0.0 0.0 0.0 0.0 0.0 0.0 0.08399417825978182 0.0 0.0 0.0 0.0 0.0 0.10125777185133127 0.06534077594173131 0.4354633519826435 0.446620529548354 0.22799015891048452 0.17716694305752895 0.39604048396443 0.0 0.14751826328877948 0.0 0.0 0.0 0.10734114729795752 0.2319266171534952 0.09653548495712075 0.30280125375228273 0.2791253251846238 0.0 0.0 0.0 0.0 0.0 0.0 0.0 0.0 0.0 0.0 0.0 0.0 0.0 0.0 0.0 0.0 0.0 0.5159352476043486 0.4812778885763513 0.0 0.0 0.0 0.0 0.0 0.0 0.0 0.0 0.0 0.0 0.0 0.0 0.0 0.0 0.0
al2rcq9eyun61
it is morally justifiable to see a supposedly perfect invention a possible means of destruction
0.0 0.0 0.0 0.0 0.0 0.0719916206474107 0.0 0.18905111295623245 0.0 0.0 0.0 0.0 0.0 0.0 0.0 0.0 0.0 0.0 0.0 0.0 0.0 0.0 0.0 0.0 0.0 0.05599611883985455 0.0 0.0 0.0 0.0 0.0 0.1350103624684417 0.08712103458897508 0.5806178026435247 0.5954940393978053 0.0 0.0 0.52805397861924 0.0 0.0 0.0 0.0 0.0 0.0 0.0 0.0 0.0 0.37216710024616506 0.0 0.0 0.0 0.0 0.0 0.0 0.0 0.0 0.0 0.0 0.0 0.0 0.0 0.0 0.0 0.0 0.0 0.0 0.6417038514351351 0.29873163366140204 0.5954940393978053 0.3225377352496653 0.3739449833849758 0.0 0.0 0.0 0.0 0.0 0.0 0.0 0.0 0.0 0.0 0.0
a1gnof24z9gaez
it is morally justifiable to make any perfect discoveries an inventions which can be used for purpose of destruction
0.0 0.0 0.0 0.0 0.0 0.05683548998479792 0.0 0.0 0.0 0.0 0.0 0.0 0.0 0.0 0.0 0.0 0.0 0.0 0.0 0.0 0.0 0.0 0.0 0.0 0.0 0.04420746224199044 0.0 0.0 0.0 0.0 0.0 0.10658712826455922 0.06877976414919085 0.45838247577120367 0.4701268732087937 0.23998964095840475 0.1864915190079252 0.4168847199625579 0.40809239971712813 0.15528238240924155 0.5066083037645803 0.15871236320264057 0.16587721448288162 0.11299068136627106 0.24413328121420547 0.10161629995486395 0.31873816184450815 0.2938161317732882 0.0 0.0 0.0 0.0 0.0 0.0 0.0 0.0 0.0 0.0 0.0 0.0 0.0 0.0 0.0 0.0 0.0 0.0 0.0 0.0 0.0 0.0 0.0 0.0 0.0 0.0 0.0 0.0 0.0 0.0 0.0 0.0 0.0 0.0
a3odh4xjjxhft6
he emphasized to the palestinian people that they should continue to be strong and bold in resisting the enemy
0.12499590840149186 0.0 0.044892693876795085 0.26748752575036955 0.0 0.11367097996959584 0.0 0.0 0.0 0.0 0.054201615918772685 0.0 0.0 0.2877197204298607 0.0 0.0 0.14246645013192388 0.0 0.0 0.05231394946327852 0.0 0.0 0.0 0.0 0.0 0.0 0.0 0.0 0.0 0.0 0.0 0.0 0.0 0.0 0.0 0.0 0.0 0.0 0.0 0.0 0.0 0.0 0.0 0.11299068136627106 0.0 0.0 0.0 0.0 0.3971640120972205 0.0 0.0 0.06358286443472631 0.1359846714770626 0.15759026172307572 0.0 0.0 0.0 0.26776822817012547 0.0 0.0 0.0 0.0 0.0 0.0 0.0 0.0 0.0 0.0 0.0 0.0 0.0 0.2849173775604495 0.42744633551319744 0.5430897343203669 0.0 0.0 0.0 0.0 0.0 0.0 0.0 0.0
a3edprdq0s0hp3
he emphasized on the palestine people that they should be as a solid rock against the enemy and continue to resist strongly
0.10795101180128842 0.0 0.03877096289359576 0.0 0.0 0.04908519589596184 0.0 0.06444924305326107 0.0 0.0 0.0 0.0 0.14486392916454816 0.24848521309851607 0.0 0.0 0.12303920693211609 0.0 0.0 0.04518022908192236 0.0 0.0 0.0 0.0 0.0 0.0 0.0 0.0 0.0 0.0 0.0 0.0 0.0 0.0 0.0 0.0 0.0 0.0 0.0 0.0 0.0 0.0 0.0 0.09758286117996139 0.0 0.0 0.0 0.0 0.3430052831748723 0.08513671647162742 0.2186053007026815 0.0549124738299909 0.1174413071847359 0.13610068057901994 0.11978642141059748 0.3376515088268548 0.4060186632257764 0.23125437887419925 0.3430052831748723 0.32093674609388584 0.0 0.0 0.0 0.0 0.0 0.0 0.0 0.0 0.0 0.0 0.0 0.0 0.0 0.0 0.0 0.0 0.0 0.0 0.0 0.0 0.0 0.0
a2dwqf4zhhblow
he emphasized the palestine people should be as a solid rock against the enemy and continue to resist strongly
0.12499590840149186 0.0 0.044892693876795085 0.0 0.0 0.05683548998479792 0.0 0.0746254393248286 0.0 0.0 0.0 0.0 0.16773718113789787 0.2877197204298607 0.0 0.0 0.14246645013192388 0.0 0.0 0.05231394946327852 0.0 0.0 0.0 0.0 0.0 0.0 0.0 0.0 0.0 0.0 0.0 0.0 0.0 0.0 0.0 0.0 0.0 0.0 0.0 0.0 0.0 0.0 0.0 0.11299068136627106 0.0 0.0 0.0 0.0 0.3971640120972205 0.0 0.25312192712942067 0.0 0.0 0.15759026172307572 0.1387000668964813 0.3909649049574108 0.4701268732087937 0.26776822817012547 0.3971640120972205 0.3716109691613415 0.0 0.0 0.0 0.0 0.0 0.0 0.0 0.0 0.0 0.0 0.0 0.0 0.0 0.0 0.0 0.0 0.0 0.0 0.0 0.0 0.0 0.0
a76qws1d3e60g
he also told the palestinian public to stay firmly rooted and resist the enemy like a boulder
0.13970130938990266 0.2708807145045648 0.0501741872740651 0.2989566464268836 0.277013715111883 0.06352201821830356 0.0 0.08340490277480843 0.0 0.0 0.0 0.0 0.0 0.321569099303962 0.0 0.0 0.0 0.34705084378178663 0.0 0.058468531753075995 0.0 0.0 0.22213135244589213 0.0 0.0 0.0 0.0 0.0 0.0 0.0 0.0 0.0 0.0 0.0 0.0 0.0 0.0 0.0 0.0 0.0 0.0 0.0 0.0 0.0 0.0 0.0 0.0 0.0 0.0 0.0 0.0 0.0 0.0 0.0 0.0 0.0 0.0 0.0 0.4438891899910112 0.0 0.4777341396912207 0.4846625535533609 0.5254359171157106 0.0 0.0 0.0 0.0 0.0 0.0 0.0 0.0 0.0 0.0 0.0 0.16230267388701594 0.0 0.0 0.0 0.0 0.0 0.0 0.0
a1ly3njtyw9tff
he told the palestinian public to stay firmly rooted and resist the enemy like a boulder
0.14843264122677158 0.2878107591611001 0.05331007397869417 0.31764143682856383 0.29432707230637567 0.06749214435694753 0.0 0.08861770919823396 0.0 0.0 0.0 0.0 0.0 0.3416671680104596 0.0 0.0 0.0 0.3687415215181483 0.0 0.06212281498764324 0.0 0.0 0.2360145619737604 0.0 0.0 0.0 0.0 0.0 0.0 0.0 0.0 0.0 0.0 0.0 0.0 0.0 0.0 0.0 0.0 0.0 0.0 0.0 0.0 0.0 0.0 0.0 0.0 0.0 0.0 0.0 0.0 0.0 0.0 0.0 0.0 0.0 0.0 0.0 0.47163226436544936 0.0 0.507592523421922 0.514953963150446 0.5582756619354425 0.0 0.0 0.0 0.0 0.0 0.0 0.0 0.0 0.0 0.0 0.0 0.0 0.0 0.0 0.0 0.0 0.0 0.0 0.0
a6tw9zegog7ph
he told the palestinian public to stay firmly rooted and resist the enemy like a boulder
0.14843264122677158 0.2878107591611001 0.05331007397869417 0.31764143682856383 0.29432707230637567 0.06749214435694753 0.0 0.08861770919823396 0.0 0.0 0.0 0.0 0.0 0.3416671680104596 0.0 0.0 0.0 0.3687415215181483 0.0 0.06212281498764324 0.0 0.0 0.2360145619737604 0.0 0.0 0.0 0.0 0.0 0.0 0.0 0.0 0.0 0.0 0.0 0.0 0.0 0.0 0.0 0.0 0.0 0.0 0.0 0.0 0.0 0.0 0.0 0.0 0.0 0.0 0.0 0.0 0.0 0.0 0.0 0.0 0.0 0.0 0.0 0.47163226436544936 0.0 0.507592523421922 0.514953963150446 0.5582756619354425 0.0 0.0 0.0 0.0 0.0 0.0 0.0 0.0 0.0 0.0 0.0 0.0 0.0 0.0 0.0 0.0 0.0 0.0 0.0
a29vl1u4i9f3pd
the hamas leader said that the palestinian people should protect their country with a fortified resistance
0.0 0.0 0.05331007397869417 0.31764143682856383 0.0 0.0 0.0 0.08861770919823396 0.0 0.0 0.0 0.380287402968107 0.0 0.0 0.0 0.0 0.16917890953165962 0.0 0.0 0.0 0.0 0.0 0.0 0.0 0.0 0.0 0.0 0.0 0.0 0.0 0.0 0.0 0.0 0.0 0.0 0.0 0.0 0.0 0.0 0.0 0.0 0.0 0.0 0.0 0.0 0.0 0.0 0.0 0.0 0.0 0.0 0.07550465151623749 0.0 0.1871384357961524 0.0 0.0 0.0 0.0 0.0 0.0 0.0 0.0 0.0 0.0 0.13837509273224138 0.0 0.0 0.0 0.0 0.0 0.0 0.0 0.0 0.0 0.0 0.2677014699726384 0.27808800243457477 0.3830656381287841 0.1860763187327381 0.2441804177735671 0.14689909075464086 0.6449190595054357
