it doesnt seem to be a period of colonization colonial regime is apparently not seen the over this no time does exist era new populations system there we cant notice reign good cannot
it doesnt seem to be a period of colonization
0.22501727078073616 0.6861744695217153 0.6682933176536445 0.11998603441235117 0.23853588288435004 0.1575425941301937 0.751484098955284 0.09332686473309092 1.0695064190585584 0.0 0.0 0.0 0.0 0.0 0.0 0.0 0.0 0.0 0.0 0.0 0.0 0.0 0.0 0.0 0.0 0.0 0.0 0.0 0.0 0.0 0.0 0.0 0.0
colonial regime is apparently not seen
0.0 0.0 0.0 0.0 0.0 0.0 0.0 0.0 0.0 1.257686038307865 1.127226148432926 0.2178025864724377 1.1474529579336374 0.3567712480395606 0.9793422825994423 0.0 0.0 0.0 0.0 0.0 0.0 0.0 0.0 0.0 0.0 0.0 0.0 0.0 0.0 0.0 0.0 0.0 0.0
apparently the colonial period is over
0.0 0.0 0.0 0.0 0.0 0.0 1.127226148432926 0.0 0.0 1.257686038307865 0.0 0.2178025864724377 1.1474529579336374 0.0 0.0 0.07108009863825888 0.6225492883213677 0.0 0.0 0.0 0.0 0.0 0.0 0.0 0.0 0.0 0.0 0.0 0.0 0.0 0.0 0.0 0.0
apparently this is no time of colonization
0.0 0.0 0.0 0.0 0.0 0.0 0.0 0.11999168322825975 1.375079681646718 0.0 0.0 0.18668793126208946 0.9835311068002606 0.0 0.0 0.0 0.0 0.24478584047828855 0.47549263594186997 0.5438513746346062 0.0 0.0 0.0 0.0 0.0 0.0 0.0 0.0 0.0 0.0 0.0 0.0 0.0
a3sw1e5d0b9v9a
apparently colonial period does not seem to exist
0.0 0.0 0.7518299823603501 0.13498428871389506 0.0 0.0 0.8454196113246946 0.0 0.0 0.9432645287308987 0.0 0.0 0.860589718450228 0.26757843602967046 0.0 0.0 0.0 0.0 0.0 0.0 0.5242526951490958 0.8979013420197276 0.0 0.0 0.0 0.0 0.0 0.0 0.0 0.0 0.0 0.0 0.0
a3dd3acpmvdvca
this does not seem to be the era of new populations
0.0 0.0 0.5467854417166182 0.09817039179192368 0.19516572235992277 0.0 0.0 0.07635834387252893 0.0 0.0 0.0 0.0 0.0 0.19460249893066942 0.0 0.03877096289359576 0.0 0.15577280757709272 0.0 0.0 0.38127468738116055 0.0 0.5585743347446667 0.331285778206595 0.7490239464006486 0.0 0.0 0.0 0.0 0.0 0.0 0.0 0.0
a143bvgouf83je
the colonial system is apparently not there
0.0 0.0 0.0 0.0 0.0 0.0 0.0 0.0 0.0 1.0780166042638843 0.0 0.18668793126208946 0.9835311068002606 0.30580392689105196 0.0 0.06092579883279333 0.0 0.0 0.0 0.0 0.0 0.0 0.0 0.0 0.0 0.8592342655546858 0.40914071467470997 0.0 0.0 0.0 0.0 0.0 0.0
a2i57ww1b3evwx
we cant notice the reign of good
0.0 0.0 0.0 0.0 0.0 0.0 0.0 0.11999168322825975 0.0 0.0 0.0 0.0 0.0 0.0 0.0 0.06092579883279333 0.0 0.0 0.0 0.0 0.0 0.0 0.0 0.0 0.0 0.0 0.0 0.4374868160566129 0.7950163944258009 0.9271519365139822 0.9930584460143567 0.6559796006428248 0.0
a230hf2okthmdz
apparently colonial period does not seem to exist
0.0 0.0 0.7518299823603501 0.13498428871389506 0.0 0.0 0.8454196113246946 0.0 0.0 0.9432645287308987 0.0 0.0 0.860589718450228 0.26757843602967046 0.0 0.0 0.0 0.0 0.0 0.0 0.5242526951490958 0.8979013420197276 0.0 0.0 0.0 0.0 0.0 0.0 0.0 0.0 0.0 0.0 0.0
a1g46au4nrpshg
apparently colonial period does not seem to exist
0.0 0.0 0.7518299823603501 0.13498428871389506 0.0 0.0 0.8454196113246946 0.0 0.0 0.9432645287308987 0.0 0.0 0.860589718450228 0.26757843602967046 0.0 0.0 0.0 0.0 0.0 0.0 0.5242526951490958 0.8979013420197276 0.0 0.0 0.0 0.0 0.0 0.0 0.0 0.0 0.0 0.0 0.0
a1dndzlo2d5d48
apparently colonial period does not seem to exist
0.0 0.0 0.7518299823603501 0.13498428871389506 0.0 0.0 0.8454196113246946 0.0 0.0 0.9432645287308987 0.0 0.0 0.860589718450228 0.26757843602967046 0.0 0.0 0.0 0.0 0.0 0.0 0.5242526951490958 0.8979013420197276 0.0 0.0 0.0 0.0 0.0 0.0 0.0 0.0 0.0 0.0 0.0
a1e4smxrh1paux
this does not seem to be the era of new populations
0.0 0.0 0.5467854417166182 0.09817039179192368 0.19516572235992277 0.0 0.0 0.07635834387252893 0.0 0.0 0.0 0.0 0.0 0.19460249893066942 0.0 0.03877096289359576 0.0 0.15577280757709272 0.0 0.0 0.38127468738116055 0.0 0.5585743347446667 0.331285778206595 0.7490239464006486 0.0 0.0 0.0 0.0 0.0 0.0 0.0 0.0
a2t3mp92la6x7s
this does not seem to be the era of new populations
0.0 0.0 0.5467854417166182 0.09817039179192368 0.19516572235992277 0.0 0.0 0.07635834387252893 0.0 0.0 0.0 0.0 0.0 0.19460249893066942 0.0 0.03877096289359576 0.0 0.15577280757709272 0.0 0.0 0.38127468738116055 0.0 0.5585743347446667 0.331285778206595 0.7490239464006486 0.0 0.0 0.0 0.0 0.0 0.0 0.0 0.0
a330jjzgjl7ig2
this does not seem to be the era of new populations
0.0 0.0 0.5467854417166182 0.09817039179192368 0.19516572235992277 0.0 0.0 0.07635834387252893 0.0 0.0 0.0 0.0 0.0 0.19460249893066942 0.0 0.03877096289359576 0.0 0.15577280757709272 0.0 0.0 0.38127468738116055 0.0 0.5585743347446667 0.331285778206595 0.7490239464006486 0.0 0.0 0.0 0.0 0.0 0.0 0.0 0.0
a230hf2okthmdz
the colonial system is apparently not there
0.0 0.0 0.0 0.0 0.0 0.0 0.0 0.0 0.0 1.0780166042638843 0.0 0.18668793126208946 0.9835311068002606 0.30580392689105196 0.0 0.06092579883279333 0.0 0.0 0.0 0.0 0.0 0.0 0.0 0.0 0.0 0.8592342655546858 0.40914071467470997 0.0 0.0 0.0 0.0 0.0 0.0
a1395pss402i1j
the colonial system is apparently not there
0.0 0.0 0.0 0.0 0.0 0.0 0.0 0.0 0.0 1.0780166042638843 0.0 0.18668793126208946 0.9835311068002606 0.30580392689105196 0.0 0.06092579883279333 0.0 0.0 0.0 0.0 0.0 0.0 0.0 0.0 0.0 0.8592342655546858 0.40914071467470997 0.0 0.0 0.0 0.0 0.0 0.0
a291u81kgj6l9n
the colonial system is apparently not there
0.0 0.0 0.0 0.0 0.0 0.0 0.0 0.0 0.0 1.0780166042638843 0.0 0.18668793126208946 0.9835311068002606 0.30580392689105196 0.0 0.06092579883279333 0.0 0.0 0.0 0.0 0.0 0.0 0.0 0.0 0.0 0.8592342655546858 0.40914071467470997 0.0 0.0 0.0 0.0 0.0 0.0
a1mmshjhu659at
we cannot notice the reign of good
0.0 0.0 0.0 0.0 0.0 0.0 0.0 0.11999168322825975 0.0 0.0 0.0 0.0 0.0 0.0 0.0 0.06092579883279333 0.0 0.0 0.0 0.0 0.0 0.0 0.0 0.0 0.0 0.0 0.0 0.4374868160566129 0.0 0.9271519365139822 0.9930584460143567 0.6559796006428248 0.7499715356952484
