hindus have always had the tradition of appearing calm on surface but carrying grudges inside traditionally beads in hand and devil capuche fits an hindu been bad at hear righteous face it is a custom to murmur name rama keep dagger hidden their robes indians known be snakes grass has walking stick arm ram (hindu god)on lips that side knife mouth hit hard then start speaking sweet theres saying goes god) keeping ones are forceful begin sweettalking
hindus have always had the tradition of appearing calm on the surface but carrying grudges on the inside
0.43521101679438723 0.1271094459993572 0.28507328590256753 0.19228838275231 0.07108009863825888 0.35268961325193604 0.04666343236654546 0.5122273701899367 0.4838481688696039 0.20811197359731148 0.42664709013731733 0.14509123870647211 0.3570491474431302 0.5347532095292792 0.3901593381157023 0.0 0.0 0.0 0.0 0.0 0.0 0.0 0.0 0.0 0.0 0.0 0.0 0.0 0.0 0.0 0.0 0.0 0.0 0.0 0.0 0.0 0.0 0.0 0.0 0.0 0.0 0.0 0.0 0.0 0.0 0.0 0.0 0.0 0.0 0.0 0.0 0.0 0.0 0.0 0.0 0.0 0.0 0.0 0.0 0.0 0.0 0.0 0.0 0.0 0.0 0.0 0.0 0.0 0.0 0.0 0.0 0.0 0.0 0.0 0.0 0.0 0.0
traditionally the beads in the hand and the devil in capuche fits on an hindu
0.0 0.0 0.0 0.0 0.08529611836591067 0.0 0.0 0.0 0.0 0.12486718415838688 0.0 0.0 0.0 0.0 0.0 0.5684630321905944 0.6879136634724647 0.13731076032755749 0.29795867814267407 0.06626433598681945 0.5344079906061949 0.6879136634724647 0.6879136634724647 0.19669101771837263 0.4849455009575699 0.0 0.0 0.0 0.0 0.0 0.0 0.0 0.0 0.0 0.0 0.0 0.0 0.0 0.0 0.0 0.0 0.0 0.0 0.0 0.0 0.0 0.0 0.0 0.0 0.0 0.0 0.0 0.0 0.0 0.0 0.0 0.0 0.0 0.0 0.0 0.0 0.0 0.0 0.0 0.0 0.0 0.0 0.0 0.0 0.0 0.0 0.0 0.0 0.0 0.0 0.0 0.0
the hindu have always traditionally been bad at hear but righteous in face
0.0 0.17599769446064842 0.39471685740355505 0.0 0.0328061993715041 0.0 0.0 0.0 0.0 0.0 0.0 0.20089556128588446 0.0 0.0 0.0 0.6559188832968397 0.0 0.07921774634282162 0.0 0.0 0.0 0.0 0.0 0.0 0.5595525011048883 0.22651562251821616 0.43010131795189466 0.23827691183880575 0.5461407020937515 0.6559188832968397 0.3705728262724803 0.0 0.0 0.0 0.0 0.0 0.0 0.0 0.0 0.0 0.0 0.0 0.0 0.0 0.0 0.0 0.0 0.0 0.0 0.0 0.0 0.0 0.0 0.0 0.0 0.0 0.0 0.0 0.0 0.0 0.0 0.0 0.0 0.0 0.0 0.0 0.0 0.0 0.0 0.0 0.0 0.0 0.0 0.0 0.0 0.0 0.0
it is always a hindu custom to murmur the name of rama and keep a dagger hidden in their robes
0.0 0.0 0.2565659573123108 0.0 0.021324029591477667 0.0 0.04199708912989091 0.0 0.0 0.0 0.0 0.0 0.0 0.0 0.0 0.0 0.0 0.05149153512283405 0.0 0.04969825199011459 0.0 0.0 0.0 0.0 0.3637091257181774 0.0 0.0 0.0 0.0 0.0 0.0 0.10125777185133127 0.06534077594173131 0.14178833471717434 0.40080599295464625 0.05399371548555802 0.5159352476043486 0.22689807181473207 0.5159352476043486 0.2609419262131386 0.5159352476043486 0.38398238112358557 0.14886105498619048 0.5159352476043486 0.0 0.0 0.0 0.0 0.0 0.0 0.0 0.0 0.0 0.0 0.0 0.0 0.0 0.0 0.0 0.0 0.0 0.0 0.0 0.0 0.0 0.0 0.0 0.0 0.0 0.0 0.0 0.0 0.0 0.0 0.0 0.0 0.0
a2qlm59qc9g1uf
indians have known to be snakes in the grass
0.0 0.2542188919987144 0.0 0.0 0.04738673242550592 0.0 0.0 0.0 0.0 0.0 0.0 0.0 0.0 0.0 0.0 0.0 0.0 0.1144256336062979 0.0 0.0 0.0 0.0 0.0 0.0 0.0 0.0 0.0 0.0 0.0 0.0 0.0 0.0 0.0 0.0 0.0 0.11998603441235117 0.0 0.0 0.0 0.0 0.0 0.0 0.0 0.0 0.7235602735907389 0.5854276605374926 0.23853588288435004 0.9924900656630089 0.9924900656630089 0.0 0.0 0.0 0.0 0.0 0.0 0.0 0.0 0.0 0.0 0.0 0.0 0.0 0.0 0.0 0.0 0.0 0.0 0.0 0.0 0.0 0.0 0.0 0.0 0.0 0.0 0.0 0.0
a3fq8i38xt2b4z
it has always been hindus tradition walking stick in arm and name of ram (hindu god)on lips
0.4608116648411159 0.0 0.3018423027203656 0.0 0.0 0.3734360610902852 0.04940834015281284 0.0 0.0 0.0 0.0 0.0 0.0 0.0 0.0 0.0 0.0 0.06057827661509889 0.0 0.058468531753075995 0.0 0.0 0.0 0.0 0.0 0.17321782898451826 0.0 0.0 0.0 0.0 0.0 0.11912679041333091 0.0 0.0 0.0 0.0 0.0 0.26693890801733183 0.0 0.0 0.0 0.0 0.0 0.0 0.0 0.0 0.0 0.0 0.0 0.12075280105477786 0.45610327027208436 0.5254359171157106 0.44032303576651494 0.4846625535533609 0.5662092806780603 0.60698264424041 0.5254359171157106 0.0 0.0 0.0 0.0 0.0 0.0 0.0 0.0 0.0 0.0 0.0 0.0 0.0 0.0 0.0 0.0 0.0 0.0 0.0 0.0
a3dd3acpmvdvca
it has always been a hindu tradition that in the side is a knife and on the mouth is ram
0.0 0.0 0.2565659573123108 0.0 0.042648059182955333 0.31742065192674246 0.0 0.0 0.0 0.09365038811879016 0.0 0.0 0.0 0.0 0.0 0.0 0.0 0.05149153512283405 0.0 0.04969825199011459 0.0 0.0 0.0 0.0 0.3637091257181774 0.1472351546368405 0.0 0.0 0.0 0.0 0.0 0.10125777185133127 0.13068155188346262 0.14178833471717434 0.0 0.0 0.0 0.0 0.0 0.0 0.0 0.0 0.0 0.0 0.0 0.0 0.0 0.0 0.0 0.10263988089656118 0.0 0.0 0.0 0.41196317052035675 0.0 0.0 0.0 0.060403721212989994 0.24274365735306805 0.446620529548354 0.3278752418196704 0.0 0.0 0.0 0.0 0.0 0.0 0.0 0.0 0.0 0.0 0.0 0.0 0.0 0.0 0.0 0.0
a1u0z1mafqeh9y
hindus always hit hard and then start speaking sweet
0.8704220335887745 0.0 0.5701465718051351 0.0 0.0 0.0 0.0 0.0 0.0 0.0 0.0 0.0 0.0 0.0 0.0 0.0 0.0 0.0 0.0 0.11044055997803243 0.0 0.0 0.0 0.0 0.0 0.0 0.0 0.0 0.0 0.0 0.0 0.0 0.0 0.0 0.0 0.0 0.0 0.0 0.0 0.0 0.0 0.0 0.0 0.0 0.0 0.0 0.0 0.0 0.0 0.0 0.0 0.0 0.0 0.0 0.0 0.0 0.0 0.0 0.0 0.0 0.0 0.6744677455597347 0.6039892255000666 0.38813832398129594 0.6118356218571726 0.6031506470961352 0.9474383869843239 0.0 0.0 0.0 0.0 0.0 0.0 0.0 0.0 0.0 0.0
a1dndzlo2d5d48
indians have been known to be snakes in the grass
0.0 0.22879700279884294 0.0 0.0 0.042648059182955333 0.0 0.0 0.0 0.0 0.0 0.0 0.0 0.0 0.0 0.0 0.0 0.0 0.1029830702456681 0.0 0.0 0.0 0.0 0.0 0.0 0.0 0.294470309273681 0.0 0.0 0.0 0.0 0.0 0.0 0.0 0.0 0.0 0.10798743097111604 0.0 0.0 0.0 0.0 0.0 0.0 0.0 0.0 0.6512042462316651 0.5268848944837433 0.21468229459591504 0.893241059096708 0.893241059096708 0.0 0.0 0.0 0.0 0.0 0.0 0.0 0.0 0.0 0.0 0.0 0.0 0.0 0.0 0.0 0.0 0.0 0.0 0.0 0.0 0.0 0.0 0.0 0.0 0.0 0.0 0.0 0.0
a6tw9zegog7ph
indians have been known to be snakes in the grass
0.0 0.22879700279884294 0.0 0.0 0.042648059182955333 0.0 0.0 0.0 0.0 0.0 0.0 0.0 0.0 0.0 0.0 0.0 0.0 0.1029830702456681 0.0 0.0 0.0 0.0 0.0 0.0 0.0 0.294470309273681 0.0 0.0 0.0 0.0 0.0 0.0 0.0 0.0 0.0 0.10798743097111604 0.0 0.0 0.0 0.0 0.0 0.0 0.0 0.0 0.6512042462316651 0.5268848944837433 0.21468229459591504 0.893241059096708 0.893241059096708 0.0 0.0 0.0 0.0 0.0 0.0 0.0 0.0 0.0 0.0 0.0 0.0 0.0 0.0 0.0 0.0 0.0 0.0 0.0 0.0 0.0 0.0 0.0 0.0 0.0 0.0 0.0 0.0
a3enrl83pe9r33
indians have known to be snakes in the grass
0.0 0.2542188919987144 0.0 0.0 0.04738673242550592 0.0 0.0 0.0 0.0 0.0 0.0 0.0 0.0 0.0 0.0 0.0 0.0 0.1144256336062979 0.0 0.0 0.0 0.0 0.0 0.0 0.0 0.0 0.0 0.0 0.0 0.0 0.0 0.0 0.0 0.0 0.0 0.11998603441235117 0.0 0.0 0.0 0.0 0.0 0.0 0.0 0.0 0.7235602735907389 0.5854276605374926 0.23853588288435004 0.9924900656630089 0.9924900656630089 0.0 0.0 0.0 0.0 0.0 0.0 0.0 0.0 0.0 0.0 0.0 0.0 0.0 0.0 0.0 0.0 0.0 0.0 0.0 0.0 0.0 0.0 0.0 0.0 0.0 0.0 0.0 0.0
a3qu3km3iywhif
theres a hindu saying that goes walking stick in arm and name of ram (hindu god) on lips
0.0 0.0 0.0 0.0 0.0 0.0 0.04666343236654546 0.0 0.0 0.10405598679865574 0.0 0.0 0.0 0.0 0.0 0.0 0.0 0.05721281680314895 0.0 0.05522027998901621 0.0 0.0 0.0 0.0 0.4041212507979749 0.0 0.0 0.0 0.0 0.0 0.0 0.0 0.0 0.07877129706509685 0.0 0.0 0.0 0.2521089686830356 0.0 0.0 0.0 0.0 0.0 0.0 0.0 0.0 0.0 0.0 0.0 0.0 0.430764199701413 0.49624503283150445 0.4158606448905975 0.4577368561337297 0.5347532095292792 0.0 0.49624503283150445 0.0671152457922111 0.0 0.0 0.0 0.0 0.0 0.0 0.0 0.0 0.0 0.4511933541528195 0.26327639589448604 0.33644583750253637 0.5732613862270539 0.0 0.0 0.0 0.0 0.0 0.0
a2zx6h9mgq4i8a
it has always been a hindu tradition walking stick in arm and name of ram on lips
0.0 0.0 0.3018423027203656 0.0 0.0 0.3734360610902852 0.04940834015281284 0.0 0.0 0.11017692719857666 0.0 0.0 0.0 0.0 0.0 0.0 0.0 0.06057827661509889 0.0 0.058468531753075995 0.0 0.0 0.0 0.0 0.4278930890802087 0.17321782898451826 0.0 0.0 0.0 0.0 0.0 0.11912679041333091 0.0 0.08340490277480843 0.0 0.0 0.0 0.26693890801733183 0.0 0.0 0.0 0.0 0.0 0.0 0.0 0.0 0.0 0.0 0.0 0.12075280105477786 0.45610327027208436 0.5254359171157106 0.44032303576651494 0.4846625535533609 0.0 0.0 0.5254359171157106 0.0 0.0 0.0 0.0 0.0 0.0 0.0 0.0 0.0 0.0 0.0 0.0 0.0 0.0 0.0 0.0 0.0 0.0 0.0 0.0
a3l62wt9zlhu7v
it has always been a hindu tradition of keeping a walking stick in arm and the name of ram on ones lips
0.0 0.0 0.23324177937482798 0.0 0.01938548144679788 0.28856422902431134 0.07635834387252893 0.0 0.0 0.08513671647162742 0.0 0.0 0.0 0.0 0.0 0.0 0.0 0.046810486475303684 0.0 0.04518022908192236 0.0 0.0 0.0 0.0 0.33064465974379764 0.13385014057894593 0.0 0.0 0.0 0.0 0.0 0.09205251986484661 0.0 0.12889848610652213 0.0 0.0 0.0 0.20627097437702915 0.0 0.0 0.0 0.0 0.0 0.0 0.0 0.0 0.0 0.0 0.0 0.09330898263323743 0.3524434361193379 0.4060186632257764 0.3402496185468525 0.3745119732003243 0.0 0.0 0.4060186632257764 0.0 0.0 0.0 0.0 0.0 0.0 0.0 0.0 0.0 0.0 0.0 0.0 0.0 0.0 0.2698490144278677 0.2606244306098363 0.0 0.0 0.0 0.0
a1nee8mf6oybf8
it has always been a hindu tradition that in the side is a knife and on the mouth is ram
0.0 0.0 0.2565659573123108 0.0 0.042648059182955333 0.31742065192674246 0.0 0.0 0.0 0.09365038811879016 0.0 0.0 0.0 0.0 0.0 0.0 0.0 0.05149153512283405 0.0 0.04969825199011459 0.0 0.0 0.0 0.0 0.3637091257181774 0.1472351546368405 0.0 0.0 0.0 0.0 0.0 0.10125777185133127 0.13068155188346262 0.14178833471717434 0.0 0.0 0.0 0.0 0.0 0.0 0.0 0.0 0.0 0.0 0.0 0.0 0.0 0.0 0.0 0.10263988089656118 0.0 0.0 0.0 0.41196317052035675 0.0 0.0 0.0 0.060403721212989994 0.24274365735306805 0.446620529548354 0.3278752418196704 0.0 0.0 0.0 0.0 0.0 0.0 0.0 0.0 0.0 0.0 0.0 0.0 0.0 0.0 0.0 0.0
a301gnfg8w711q
it has always been a hindu tradition that in the side is a knife and on the mouth is a ram
0.0 0.0 0.2443485307736293 0.0 0.04061719922186222 0.30230538278737373 0.0 0.0 0.0 0.08919084582741921 0.0 0.0 0.0 0.0 0.0 0.0 0.0 0.04903955725984196 0.0 0.0473316685620139 0.0 0.0 0.0 0.0 0.34638964354112134 0.14022395679699096 0.0 0.0 0.0 0.0 0.0 0.09643597319174406 0.12445862084139298 0.20255476388167762 0.0 0.0 0.0 0.0 0.0 0.0 0.0 0.0 0.0 0.0 0.0 0.0 0.0 0.0 0.0 0.09775226752053445 0.0 0.0 0.0 0.39234587668605403 0.0 0.0 0.0 0.05752735353618094 0.2311844355743505 0.4253528852841467 0.3122621350663528 0.0 0.0 0.0 0.0 0.0 0.0 0.0 0.0 0.0 0.0 0.0 0.0 0.0 0.0 0.0 0.0
a19owlempkubdw
it has always been a hindu tradition that in the side is a knife and on the mouth is ram
0.0 0.0 0.2565659573123108 0.0 0.042648059182955333 0.31742065192674246 0.0 0.0 0.0 0.09365038811879016 0.0 0.0 0.0 0.0 0.0 0.0 0.0 0.05149153512283405 0.0 0.04969825199011459 0.0 0.0 0.0 0.0 0.3637091257181774 0.1472351546368405 0.0 0.0 0.0 0.0 0.0 0.10125777185133127 0.13068155188346262 0.14178833471717434 0.0 0.0 0.0 0.0 0.0 0.0 0.0 0.0 0.0 0.0 0.0 0.0 0.0 0.0 0.0 0.10263988089656118 0.0 0.0 0.0 0.41196317052035675 0.0 0.0 0.0 0.060403721212989994 0.24274365735306805 0.446620529548354 0.3278752418196704 0.0 0.0 0.0 0.0 0.0 0.0 0.0 0.0 0.0 0.0 0.0 0.0 0.0 0.0 0.0 0.0
a1bqbqg2gny8ay
hindus always hit hard and then start speaking sweet hindus are always forceful and then begin sweettalking
0.9216233296822318 0.0 0.6036846054407312 0.0 0.0 0.0 0.0 0.0 0.0 0.0 0.0 0.0 0.0 0.0 0.0 0.0 0.0 0.0 0.0 0.11693706350615199 0.0 0.0 0.0 0.0 0.0 0.0 0.0 0.0 0.0 0.0 0.0 0.0 0.0 0.0 0.0 0.0 0.0 0.0 0.0 0.0 0.0 0.0 0.0 0.0 0.0 0.0 0.0 0.0 0.0 0.0 0.0 0.0 0.0 0.0 0.0 0.0 0.0 0.0 0.0 0.0 0.0 0.35707115941397716 0.3197590017353294 0.4109699900978428 0.3239129762773267 0.3193150484626598 0.5015850284034656 0.0 0.0 0.0 0.0 0.0 0.0 0.1238903855207545 0.5015850284034656 0.41097061423010395 0.60698264424041
