so that no oppressed person can even think of using a weapon mass destruction like slingshot to get his rights any depressed cannot an extensively destructive the right then sufferer win victim on this earth will again catapult other about great damage causing sling shot fight for some would not be able ill obtain their aggrieved could stonebow gain own more imagine use have due should dangerous gun do you with (this is fragment we dont topicwhy or who what was action) in recent years number chemical and herbal health supplements has greatly increased popularity major one which human growth hormone commonly known as hgh
so that no oppressed person can even think of using a weapon of mass destruction like a slingshot to get his rights
0.1606476313386058 0.0549124738299909 0.15129311143604954 0.2836894321900569 0.21842164572372677 0.14325759432612503 0.16639517755528282 0.1899463818118507 0.07635834387252893 0.2369436126448359 0.12889848610652213 0.28856422902431134 0.30742531320897987 0.25375029562238527 0.17164695416273482 0.41909512106449365 0.04908519589596184 0.19772715418643658 0.12138372369022958 0.2148962714352779 0.0 0.0 0.0 0.0 0.0 0.0 0.0 0.0 0.0 0.0 0.0 0.0 0.0 0.0 0.0 0.0 0.0 0.0 0.0 0.0 0.0 0.0 0.0 0.0 0.0 0.0 0.0 0.0 0.0 0.0 0.0 0.0 0.0 0.0 0.0 0.0 0.0 0.0 0.0 0.0 0.0 0.0 0.0 0.0 0.0 0.0 0.0 0.0 0.0 0.0 0.0 0.0 0.0 0.0 0.0 0.0 0.0 0.0 0.0 0.0 0.0 0.0 0.0 0.0 0.0 0.0 0.0 0.0 0.0 0.0 0.0 0.0 0.0 0.0 0.0 0.0 0.0 0.0 0.0 0.0 0.0 0.0 0.0 0.0 0.0
so that any depressed cannot even think of using an extensively destructive weapon like the slingshot to get his right
0.17671239447246637 0.060403721212989994 0.0 0.0 0.0 0.0 0.18303469531081112 0.20894101999303577 0.04199708912989091 0.26063797390931953 0.0 0.31742065192674246 0.0 0.0 0.1888116495790083 0.46100463317094303 0.05399371548555802 0.21749986960508022 0.13352209605925253 0.0 0.17716694305752895 0.5159352476043486 0.26249003749333694 0.14751826328877948 0.4812778885763513 0.3411098695310245 0.021324029591477667 0.23694875630503742 0.0 0.0 0.0 0.0 0.0 0.0 0.0 0.0 0.0 0.0 0.0 0.0 0.0 0.0 0.0 0.0 0.0 0.0 0.0 0.0 0.0 0.0 0.0 0.0 0.0 0.0 0.0 0.0 0.0 0.0 0.0 0.0 0.0 0.0 0.0 0.0 0.0 0.0 0.0 0.0 0.0 0.0 0.0 0.0 0.0 0.0 0.0 0.0 0.0 0.0 0.0 0.0 0.0 0.0 0.0 0.0 0.0 0.0 0.0 0.0 0.0 0.0 0.0 0.0 0.0 0.0 0.0 0.0 0.0 0.0 0.0 0.0 0.0 0.0 0.0 0.0 0.0
so that then no sufferer can even think of using a weapon of mass destruction like a slingshot to win his rights
0.1606476313386058 0.0549124738299909 0.15129311143604954 0.0 0.0 0.14325759432612503 0.16639517755528282 0.1899463818118507 0.07635834387252893 0.2369436126448359 0.12889848610652213 0.28856422902431134 0.30742531320897987 0.25375029562238527 0.17164695416273482 0.41909512106449365 0.04908519589596184 0.0 0.12138372369022958 0.2148962714352779 0.0 0.0 0.0 0.0 0.0 0.0 0.0 0.0 0.15878385981053017 0.4690320432766805 0.29031269633466567 0.0 0.0 0.0 0.0 0.0 0.0 0.0 0.0 0.0 0.0 0.0 0.0 0.0 0.0 0.0 0.0 0.0 0.0 0.0 0.0 0.0 0.0 0.0 0.0 0.0 0.0 0.0 0.0 0.0 0.0 0.0 0.0 0.0 0.0 0.0 0.0 0.0 0.0 0.0 0.0 0.0 0.0 0.0 0.0 0.0 0.0 0.0 0.0 0.0 0.0 0.0 0.0 0.0 0.0 0.0 0.0 0.0 0.0 0.0 0.0 0.0 0.0 0.0 0.0 0.0 0.0 0.0 0.0 0.0 0.0 0.0 0.0 0.0 0.0
so that no victim on this earth will think again of using a weapon of mass destruction like the catapult
0.17671239447246637 0.060403721212989994 0.1664224225796545 0.0 0.0 0.0 0.0 0.20894101999303577 0.08399417825978182 0.26063797390931953 0.07089416735858717 0.31742065192674246 0.3381678445298778 0.2791253251846238 0.1888116495790083 0.0 0.0 0.0 0.0 0.0 0.0 0.0 0.0 0.0 0.0 0.0 0.021324029591477667 0.0 0.0 0.0 0.0 0.33961722137354045 0.09365038811879016 0.08567504416740099 0.34932502209558836 0.1107756599900592 0.25280073815910425 0.4812778885763513 0.0 0.0 0.0 0.0 0.0 0.0 0.0 0.0 0.0 0.0 0.0 0.0 0.0 0.0 0.0 0.0 0.0 0.0 0.0 0.0 0.0 0.0 0.0 0.0 0.0 0.0 0.0 0.0 0.0 0.0 0.0 0.0 0.0 0.0 0.0 0.0 0.0 0.0 0.0 0.0 0.0 0.0 0.0 0.0 0.0 0.0 0.0 0.0 0.0 0.0 0.0 0.0 0.0 0.0 0.0 0.0 0.0 0.0 0.0 0.0 0.0 0.0 0.0 0.0 0.0 0.0 0.0
a1wyssw33m2fz2
so that no other victim will even think about using a great damage causing weapon like a sling shot to fight for his rights
0.1472603287270553 0.050336434344158326 0.1386853521497121 0.0 0.0 0.0 0.15252891275900926 0.17411751666086314 0.0 0.2171983115910996 0.11815694559764528 0.26451720993895206 0.0 0.0 0.15734304131584026 0.0 0.04499476290463169 0.0 0.11126841338271044 0.19698824881567142 0.0 0.0 0.0 0.0 0.0 0.0 0.0 0.0 0.0 0.0 0.0 0.28301435114461704 0.0 0.0 0.0 0.09231304999171601 0.0 0.0 0.13910954214688365 0.12983515648182223 0.19698824881567142 0.30115260411369393 0.2975271300724594 0.3841705276424525 0.28554037705363516 0.2029986491841942 0.0804462374642673 0.0 0.0 0.0 0.0 0.0 0.0 0.0 0.0 0.0 0.0 0.0 0.0 0.0 0.0 0.0 0.0 0.0 0.0 0.0 0.0 0.0 0.0 0.0 0.0 0.0 0.0 0.0 0.0 0.0 0.0 0.0 0.0 0.0 0.0 0.0 0.0 0.0 0.0 0.0 0.0 0.0 0.0 0.0 0.0 0.0 0.0 0.0 0.0 0.0 0.0 0.0 0.0 0.0 0.0 0.0 0.0 0.0 0.0
a3dd3acpmvdvca
so that some oppressed person would not even be able to think about using some mass destruction weapon like ill will to obtain their right
0.1413699155779731 0.04832297697039199 0.0 0.24964670032725003 0.19221104823687957 0.0 0.1464277562486489 0.1671528159944286 0.0 0.2085103791274556 0.0 0.25393652154139396 0.27053427562390225 0.22330026014769902 0.15104931966320664 0.0 0.08638994477689284 0.0 0.0 0.0 0.0 0.0 0.0 0.0 0.0 0.0 0.0 0.18955900504402995 0.0 0.0 0.0 0.0 0.0 0.0 0.0 0.08862052799204737 0.0 0.0 0.0 0.12464175022254934 0.0 0.0 0.0 0.0 0.0 0.0 0.0 0.3181266826692655 0.13836360193731076 0.08562509952949454 0.08587291783836601 0.21683460608544236 0.2873284294463128 0.3101502237850174 0.11908884398895239 0.0 0.0 0.0 0.0 0.0 0.0 0.0 0.0 0.0 0.0 0.0 0.0 0.0 0.0 0.0 0.0 0.0 0.0 0.0 0.0 0.0 0.0 0.0 0.0 0.0 0.0 0.0 0.0 0.0 0.0 0.0 0.0 0.0 0.0 0.0 0.0 0.0 0.0 0.0 0.0 0.0 0.0 0.0 0.0 0.0 0.0 0.0 0.0 0.0 0.0
a143bvgouf83je
so that any again no aggrieved could even think about using a weapon of mass destruction like the stonebow to gain his own rights
0.1472603287270553 0.050336434344158326 0.1386853521497121 0.0 0.0 0.0 0.15252891275900926 0.17411751666086314 0.03499757427490909 0.2171983115910996 0.05907847279882264 0.26451720993895206 0.2818065371082315 0.23260443765385316 0.15734304131584026 0.0 0.04499476290463169 0.0 0.11126841338271044 0.19698824881567142 0.14763911921460746 0.0 0.0 0.0 0.0 0.0 0.01777002465956472 0.0 0.0 0.0 0.0 0.0 0.0 0.0 0.0 0.0 0.21066728179925354 0.0 0.0 0.12983515648182223 0.0 0.0 0.0 0.0 0.0 0.0 0.0 0.0 0.0 0.0 0.0 0.0 0.0 0.0 0.0 0.330033736637025 0.1796813246868849 0.37218377462362834 0.26952322293237135 0.176710946197414 0.0 0.0 0.0 0.0 0.0 0.0 0.0 0.0 0.0 0.0 0.0 0.0 0.0 0.0 0.0 0.0 0.0 0.0 0.0 0.0 0.0 0.0 0.0 0.0 0.0 0.0 0.0 0.0 0.0 0.0 0.0 0.0 0.0 0.0 0.0 0.0 0.0 0.0 0.0 0.0 0.0 0.0 0.0 0.0 0.0
a1u0z1mafqeh9y
so that no more victim can even imagine to use a weapon of mass destruction like catapult to have his due rights
0.1606476313386058 0.0549124738299909 0.15129311143604954 0.0 0.0 0.14325759432612503 0.16639517755528282 0.0 0.03817917193626447 0.0 0.06444924305326107 0.28856422902431134 0.30742531320897987 0.25375029562238527 0.17164695416273482 0.0 0.09817039179192368 0.0 0.12138372369022958 0.2148962714352779 0.0 0.0 0.0 0.0 0.0 0.0 0.0 0.0 0.0 0.0 0.0 0.3087429285214004 0.0 0.0 0.0 0.0 0.0 0.43752535325122843 0.0 0.0 0.0 0.0 0.0 0.0 0.0 0.0 0.0 0.0 0.0 0.0 0.0 0.0 0.0 0.0 0.0 0.0 0.0 0.0 0.0 0.0 0.16462139565547665 0.2844664518882069 0.225981700971341 0.1039986376358377 0.19784355513469445 0.0 0.0 0.0 0.0 0.0 0.0 0.0 0.0 0.0 0.0 0.0 0.0 0.0 0.0 0.0 0.0 0.0 0.0 0.0 0.0 0.0 0.0 0.0 0.0 0.0 0.0 0.0 0.0 0.0 0.0 0.0 0.0 0.0 0.0 0.0 0.0 0.0 0.0 0.0 0.0
ah8lf01ktxfg0
no other victim should even think about using a dangerous weapon like a sling shot to fight for his rights
0.0 0.0 0.1664224225796545 0.0 0.0 0.0 0.18303469531081112 0.20894101999303577 0.0 0.26063797390931953 0.14178833471717434 0.31742065192674246 0.0 0.0 0.1888116495790083 0.0 0.05399371548555802 0.0 0.13352209605925253 0.2363858985788057 0.0 0.0 0.0 0.0 0.0 0.0 0.0 0.0 0.0 0.0 0.0 0.33961722137354045 0.0 0.0 0.0 0.0 0.0 0.0 0.16693145057626038 0.15580218777818666 0.0 0.0 0.0 0.46100463317094303 0.3426484524643622 0.24359837902103304 0.09653548495712075 0.0 0.0 0.0 0.0 0.0 0.0 0.0 0.0 0.0 0.0 0.0 0.0 0.0 0.0 0.0 0.0 0.0 0.0 0.14971074863692194 0.2677930160913532 0.0 0.0 0.0 0.0 0.0 0.0 0.0 0.0 0.0 0.0 0.0 0.0 0.0 0.0 0.0 0.0 0.0 0.0 0.0 0.0 0.0 0.0 0.0 0.0 0.0 0.0 0.0 0.0 0.0 0.0 0.0 0.0 0.0 0.0 0.0 0.0 0.0 0.0
a1395pss402i1j
so that no other victim will even think about using a destructive weapon like a sling shot to fight for his rights
0.1606476313386058 0.0549124738299909 0.15129311143604954 0.0 0.0 0.0 0.16639517755528282 0.1899463818118507 0.0 0.2369436126448359 0.12889848610652213 0.28856422902431134 0.0 0.0 0.17164695416273482 0.0 0.04908519589596184 0.0 0.12138372369022958 0.2148962714352779 0.0 0.0 0.0 0.0 0.0 0.31009988139184047 0.0 0.0 0.0 0.0 0.0 0.3087429285214004 0.0 0.0 0.0 0.10070514544550836 0.0 0.0 0.1517558641602367 0.14163835252562423 0.0 0.0 0.0 0.41909512106449365 0.3114985931494202 0.22145307183730276 0.08775953177920069 0.0 0.0 0.0 0.0 0.0 0.0 0.0 0.0 0.0 0.0 0.0 0.0 0.0 0.0 0.0 0.0 0.0 0.0 0.0 0.0 0.0 0.0 0.0 0.0 0.0 0.0 0.0 0.0 0.0 0.0 0.0 0.0 0.0 0.0 0.0 0.0 0.0 0.0 0.0 0.0 0.0 0.0 0.0 0.0 0.0 0.0 0.0 0.0 0.0 0.0 0.0 0.0 0.0 0.0 0.0 0.0 0.0 0.0
a2blrglxnlm1uq
so that no other victim will even think about using a great damage causing weapon like a gun to fight for his rights
0.15366295171518815 0.052524974967817384 0.14471515006926478 0.0 0.0 0.0 0.1591606046180966 0.181687843472205 0.0 0.22664171644288653 0.12329420410189072 0.27601795819716735 0.0 0.0 0.16418404311218113 0.0 0.0469510569439635 0.0 0.11610617048630656 0.205552955285918 0.0 0.0 0.0 0.0 0.0 0.0 0.0 0.0 0.0 0.0 0.0 0.29531932293351343 0.0 0.0 0.0 0.09632666086092105 0.0 0.0 0.14515778310979163 0.1354801632853797 0.205552955285918 0.31424619559689804 0.31046309224952284 0.0 0.0 0.21182467740959393 0.0839438999627137 0.0 0.0 0.0 0.0 0.0 0.0 0.0 0.0 0.0 0.0 0.0 0.0 0.0 0.0 0.0 0.0 0.0 0.0 0.0 0.0 0.29405899524337203 0.0 0.0 0.0 0.0 0.0 0.0 0.0 0.0 0.0 0.0 0.0 0.0 0.0 0.0 0.0 0.0 0.0 0.0 0.0 0.0 0.0 0.0 0.0 0.0 0.0 0.0 0.0 0.0 0.0 0.0 0.0 0.0 0.0 0.0 0.0 0.0 0.0
a2bk4fasw056jr
so that some oppressed person would not even be able to think about using some mass destruction weapon like ill will to obtain their right
0.1413699155779731 0.04832297697039199 0.0 0.24964670032725003 0.19221104823687957 0.0 0.1464277562486489 0.1671528159944286 0.0 0.2085103791274556 0.0 0.25393652154139396 0.27053427562390225 0.22330026014769902 0.15104931966320664 0.0 0.08638994477689284 0.0 0.0 0.0 0.0 0.0 0.0 0.0 0.0 0.0 0.0 0.18955900504402995 0.0 0.0 0.0 0.0 0.0 0.0 0.0 0.08862052799204737 0.0 0.0 0.0 0.12464175022254934 0.0 0.0 0.0 0.0 0.0 0.0 0.0 0.3181266826692655 0.13836360193731076 0.08562509952949454 0.08587291783836601 0.21683460608544236 0.2873284294463128 0.3101502237850174 0.11908884398895239 0.0 0.0 0.0 0.0 0.0 0.0 0.0 0.0 0.0 0.0 0.0 0.0 0.0 0.0 0.0 0.0 0.0 0.0 0.0 0.0 0.0 0.0 0.0 0.0 0.0 0.0 0.0 0.0 0.0 0.0 0.0 0.0 0.0 0.0 0.0 0.0 0.0 0.0 0.0 0.0 0.0 0.0 0.0 0.0 0.0 0.0 0.0 0.0 0.0 0.0
a20ubr5wdkookg
so that some oppressed person would not even be able to think about using some weapon of mass destruction like ill will to obtain their right
0.13593261113266644 0.04646440093306922 0.0 0.24004490416081734 0.18481831561238418 0.0 0.1407959194698547 0.16072386153310442 0.032305453176839166 0.200490749161015 0.0 0.24416973225134034 0.2601291111768291 0.21471178860355675 0.145239730445391 0.0 0.08306725459316619 0.0 0.0 0.0 0.0 0.0 0.0 0.0 0.0 0.0 0.0 0.18226827408079802 0.0 0.0 0.0 0.0 0.0 0.0 0.0 0.08521204614619939 0.0 0.0 0.0 0.11984783675245128 0.0 0.0 0.0 0.0 0.0 0.0 0.0 0.30589104102813996 0.13304192493972186 0.08233182647066783 0.08257011330612117 0.2084948135436946 0.27627733600607 0.29822136902405516 0.11450850383553114 0.0 0.0 0.0 0.0 0.0 0.0 0.0 0.0 0.0 0.0 0.0 0.0 0.0 0.0 0.0 0.0 0.0 0.0 0.0 0.0 0.0 0.0 0.0 0.0 0.0 0.0 0.0 0.0 0.0 0.0 0.0 0.0 0.0 0.0 0.0 0.0 0.0 0.0 0.0 0.0 0.0 0.0 0.0 0.0 0.0 0.0 0.0 0.0 0.0 0.0
a330jjzgjl7ig2
do you think that some oppressed person would not even be able to think about using a mass destruction weapon with ill will to obtain their rights
0.0 0.0447434971948074 0.0 0.23115435215486113 0.1779731928119255 0.0 0.135581255785786 0.30954225184153444 0.0 0.1930651658587552 0.0525141980433979 0.23512640883462405 0.25049469965176135 0.20675950013675837 0.0 0.0 0.0799906896082341 0.0 0.0 0.17510066561393015 0.0 0.0 0.0 0.0 0.0 0.0 0.0 0.0 0.0 0.0 0.0 0.0 0.0 0.0 0.0 0.0820560444370809 0.0 0.0 0.0 0.11540902798384198 0.0 0.0 0.0 0.0 0.0 0.0 0.0 0.14728087160614145 0.1281144462382507 0.0792824995643468 0.07951196096145001 0.20077278341244664 0.2660448420799193 0.2871761331342753 0.11026744813791887 0.0 0.0 0.0 0.0 0.0 0.0 0.0 0.0 0.0 0.0 0.0 0.0 0.0 0.11991989094059959 0.11806689339965273 0.08705131303978718 0.0 0.0 0.0 0.0 0.0 0.0 0.0 0.0 0.0 0.0 0.0 0.0 0.0 0.0 0.0 0.0 0.0 0.0 0.0 0.0 0.0 0.0 0.0 0.0 0.0 0.0 0.0 0.0 0.0 0.0 0.0 0.0 0.0 0.0
a1c0lbe9vl3ax
so that no could again even think about using a weapon of mass destruction like the stonebow to gain his own rights (this is a fragment we dont have a topicwhy or who what was the action)
0.0955202132283602 0.03265066011512972 0.0899580662592727 0.0 0.0 0.0 0.09893767314097898 0.11294109188812744 0.022701129259400495 0.14088539130233488 0.11496351463554676 0.17157873077121213 0.18279342947560964 0.1508785541538507 0.10206035112378828 0.0 0.02918579215435569 0.0 0.07217410597797434 0.12777616139394904 0.0 0.0 0.0 0.0 0.0 0.0 0.02305300496375964 0.0 0.0 0.0 0.0 0.0 0.0 0.0 0.0 0.0 0.13664904765356986 0.0 0.0 0.08421739879901982 0.0 0.0 0.0 0.0 0.0 0.0 0.0 0.0 0.0 0.0 0.0 0.0 0.0 0.0 0.0 0.0 0.11655004844554698 0.24141650245856974 0.17482587433451113 0.11462331645237665 0.0 0.0 0.0 0.06183702778347107 0.0 0.0 0.0 0.0 0.0 0.0 0.0 0.23538559566629377 0.03531933834688179 0.2788839176239722 0.08276777601071054 0.12787719712666812 0.2788839176239722 0.08730530198409665 0.07956961991535204 0.08330717863061153 0.05940051164849006 0.2788839176239722 0.0 0.0 0.0 0.0 0.0 0.0 0.0 0.0 0.0 0.0 0.0 0.0 0.0 0.0 0.0 0.0 0.0 0.0 0.0 0.0 0.0 0.0 0.0
a19owlempkubdw
so that any again no aggrieved could even think about using a weapon of mass destruction like the stonebow to gain his own rights
0.1472603287270553 0.050336434344158326 0.1386853521497121 0.0 0.0 0.0 0.15252891275900926 0.17411751666086314 0.03499757427490909 0.2171983115910996 0.05907847279882264 0.26451720993895206 0.2818065371082315 0.23260443765385316 0.15734304131584026 0.0 0.04499476290463169 0.0 0.11126841338271044 0.19698824881567142 0.14763911921460746 0.0 0.0 0.0 0.0 0.0 0.01777002465956472 0.0 0.0 0.0 0.0 0.0 0.0 0.0 0.0 0.0 0.21066728179925354 0.0 0.0 0.12983515648182223 0.0 0.0 0.0 0.0 0.0 0.0 0.0 0.0 0.0 0.0 0.0 0.0 0.0 0.0 0.0 0.330033736637025 0.1796813246868849 0.37218377462362834 0.26952322293237135 0.176710946197414 0.0 0.0 0.0 0.0 0.0 0.0 0.0 0.0 0.0 0.0 0.0 0.0 0.0 0.0 0.0 0.0 0.0 0.0 0.0 0.0 0.0 0.0 0.0 0.0 0.0 0.0 0.0 0.0 0.0 0.0 0.0 0.0 0.0 0.0 0.0 0.0 0.0 0.0 0.0 0.0 0.0 0.0 0.0 0.0 0.0
ajfwu2g6a1bhs
so that any again no aggrieved could even think about using a weapon of mass destruction like the stonebow to gain his own rights
0.1472603287270553 0.050336434344158326 0.1386853521497121 0.0 0.0 0.0 0.15252891275900926 0.17411751666086314 0.03499757427490909 0.2171983115910996 0.05907847279882264 0.26451720993895206 0.2818065371082315 0.23260443765385316 0.15734304131584026 0.0 0.04499476290463169 0.0 0.11126841338271044 0.19698824881567142 0.14763911921460746 0.0 0.0 0.0 0.0 0.0 0.01777002465956472 0.0 0.0 0.0 0.0 0.0 0.0 0.0 0.0 0.0 0.21066728179925354 0.0 0.0 0.12983515648182223 0.0 0.0 0.0 0.0 0.0 0.0 0.0 0.0 0.0 0.0 0.0 0.0 0.0 0.0 0.0 0.330033736637025 0.1796813246868849 0.37218377462362834 0.26952322293237135 0.176710946197414 0.0 0.0 0.0 0.0 0.0 0.0 0.0 0.0 0.0 0.0 0.0 0.0 0.0 0.0 0.0 0.0 0.0 0.0 0.0 0.0 0.0 0.0 0.0 0.0 0.0 0.0 0.0 0.0 0.0 0.0 0.0 0.0 0.0 0.0 0.0 0.0 0.0 0.0 0.0 0.0 0.0 0.0 0.0 0.0 0.0
amd40d0gc1l4r
in recent years the number of chemical and herbal health supplements has greatly increased in popularity a major one of which is human growth hormone commonly known as hgh
0.0 0.0 0.0 0.0 0.0 0.0 0.0 0.0 0.05792701948950471 0.0 0.04889252921281874 0.0 0.0 0.0 0.0 0.0 0.0 0.0 0.0 0.0 0.0 0.0 0.0 0.0 0.0 0.0 0.014706227304467356 0.0 0.0 0.0 0.0 0.0 0.0 0.0 0.0 0.0 0.0 0.0 0.0 0.0 0.0 0.0 0.0 0.0 0.0 0.0 0.0 0.0 0.0 0.0 0.0 0.0 0.0 0.0 0.0 0.0 0.0 0.0 0.0 0.0 0.0 0.0 0.0 0.0 0.0 0.0 0.0 0.0 0.0 0.0 0.0 0.0 0.045062604097745734 0.0 0.0 0.0 0.0 0.0 0.0 0.0 0.0 0.0 0.07102280706597801 0.19701844021030618 0.14214692497560172 0.1570177189414526 0.23853474380775225 0.03427465654490662 0.24216786503733245 0.1980687577097789 0.24216786503733245 0.07078612475624908 0.2216167122060808 0.17046298428975193 0.21463311689189207 0.20648177971726342 0.10106881768985966 0.10398396209828174 0.15333059181419154 0.24091380834178508 0.24216786503733245 0.24482169404202656 0.1816844463737046 0.09087245762183258 0.24216786503733245
