there is no one to respond the blame and criticism constantly being leveled at a historical figure raise any voice against allegations upon an historic person defend who criticized unnecessarily nobody says anything about criticisms that are made blames laid down on figures not addressed by anyone when each every personality accused say thing over this remaining accusations of going way falsely hasnt been
there is no one to respond to the blame and criticism constantly being leveled at a historical figure
0.15911027792905388 0.07260086215747924 0.18491380286628278 0.16283309516699612 0.11998603441235117 0.4400449821827 0.02369336621275296 0.3467315282322917 0.05522027998901621 0.37265483552459705 0.4400449821827 0.2030873475608982 0.49624503283150445 0.17208888077247084 0.07877129706509685 0.3396673518164447 0.38072050273818026 0.0 0.0 0.0 0.0 0.0 0.0 0.0 0.0 0.0 0.0 0.0 0.0 0.0 0.0 0.0 0.0 0.0 0.0 0.0 0.0 0.0 0.0 0.0 0.0 0.0 0.0 0.0 0.0 0.0 0.0 0.0 0.0 0.0 0.0 0.0 0.0 0.0 0.0 0.0 0.0 0.0 0.0 0.0 0.0 0.0 0.0 0.0
there is no one to raise any voice against the criticism and allegations being leveled upon an historic person
0.15073605277489316 0.06877976414919085 0.17518149745226788 0.15426293226347002 0.05683548998479792 0.0 0.022446346938397543 0.0 0.05231394946327852 0.3530414231285656 0.0 0.19239853979453514 0.4701268732087937 0.0 0.0 0.0 0.0 0.35163783117687286 0.1864915190079252 0.2911164847002592 0.16773718113789787 0.36771054957430355 0.2753215061502414 0.15528238240924155 0.347638572914877 0.25290927399589413 0.0 0.0 0.0 0.0 0.0 0.0 0.0 0.0 0.0 0.0 0.0 0.0 0.0 0.0 0.0 0.0 0.0 0.0 0.0 0.0 0.0 0.0 0.0 0.0 0.0 0.0 0.0 0.0 0.0 0.0 0.0 0.0 0.0 0.0 0.0 0.0 0.0 0.0
there is no one to defend the historical figure who is being criticized unnecessarily
0.20457035733735499 0.18668793126208946 0.23774631797093498 0.20935683664328072 0.07713387926508289 0.0 0.030462899416396665 0.0 0.0 0.0 0.0 0.26111230400686913 0.0 0.0 0.0 0.4367151666211432 0.4894977892348032 0.0 0.0 0.0 0.0 0.0 0.0 0.0 0.0 0.0 0.42585686609981277 0.21029113834771612 0.462039810741208 0.5725799899352089 0.0 0.0 0.0 0.0 0.0 0.0 0.0 0.0 0.0 0.0 0.0 0.0 0.0 0.0 0.0 0.0 0.0 0.0 0.0 0.0 0.0 0.0 0.0 0.0 0.0 0.0 0.0 0.0 0.0 0.0 0.0 0.0 0.0 0.0
nobody says anything about the allegations and criticisms that are made about the historical person
0.0 0.0 0.0 0.0 0.0 0.0 0.05686407891060711 0.0 0.06626433598681945 0.0 0.0 0.0 0.0 0.0 0.0 0.40760082217973365 0.0 0.0 0.0 0.0 0.0 0.46576669612745114 0.0 0.0 0.0 0.3203517470614659 0.0 0.0 0.0 0.0 0.46342727480669976 0.29155228956535967 0.3836237840412756 0.4154725007418311 0.614672844227924 0.08053829495065332 0.14040910359018843 0.2604591122918049 0.0 0.0 0.0 0.0 0.0 0.0 0.0 0.0 0.0 0.0 0.0 0.0 0.0 0.0 0.0 0.0 0.0 0.0 0.0 0.0 0.0 0.0 0.0 0.0 0.0 0.0
a2qlm59qc9g1uf
the blames that are being laid down on historical figures and not addressed by anyone
0.0 0.0 0.0 0.0 0.0 0.0 0.028432039455303555 0.0 0.06626433598681945 0.0 0.0 0.24370481707307784 0.0 0.0 0.0 0.40760082217973365 0.0 0.0 0.0 0.0 0.0 0.0 0.0 0.0 0.0 0.0 0.0 0.0 0.0 0.0 0.0 0.0 0.0 0.0 0.0 0.08053829495065332 0.14040910359018843 0.0 0.4881981785688653 0.5119765081647808 0.3471144775820285 0.12486718415838688 0.4788807157438547 0.14270849921582424 0.46819120573884276 0.16636395076009652 0.37577158166418345 0.0 0.0 0.0 0.0 0.0 0.0 0.0 0.0 0.0 0.0 0.0 0.0 0.0 0.0 0.0 0.0 0.0
a143bvgouf83je
when each and every historic personality is being accused there is no one to say any thing over this
0.15073605277489316 0.1375595282983817 0.17518149745226788 0.15426293226347002 0.05683548998479792 0.0 0.0 0.0 0.05231394946327852 0.0 0.0 0.19239853979453514 0.0 0.0 0.0 0.0 0.0 0.0 0.1864915190079252 0.0 0.0 0.0 0.0 0.0 0.347638572914877 0.0 0.0 0.0 0.0 0.0 0.0 0.0 0.0 0.0 0.0 0.0 0.0 0.0 0.0 0.0 0.0 0.0 0.0 0.0 0.0 0.0 0.0 0.17144055711455436 0.27730783920197016 0.2229729495637118 0.3502707003135434 0.2971513746118455 0.20597244705558573 0.27730783920197016 0.19659451210148454 0.09018425701831684 0.0 0.0 0.0 0.0 0.0 0.0 0.0 0.0
a2llfcd7di80k3
there is no one remaining to say about the criticism and accusations of a historical personality
0.17899906267018562 0.08167596992716414 0.20802802822456812 0.18318723206287063 0.06749214435694753 0.0 0.026655036989347083 0.0 0.06212281498764324 0.41923668996517166 0.0 0.0 0.0 0.0 0.08861770919823396 0.3821257707935003 0.0 0.0 0.0 0.0 0.0 0.0 0.0 0.0 0.0 0.0 0.0 0.0 0.0 0.0 0.0 0.0 0.0 0.19475273472273333 0.0 0.0 0.0 0.0 0.0 0.0 0.0 0.0 0.0 0.0 0.0 0.0 0.0 0.0 0.0 0.0 0.41594645662233276 0.0 0.24459228087850807 0.0 0.0 0.0 0.4283105655804528 0.4128208053364164 0.05249636141236364 0.0 0.0 0.0 0.0 0.0
a3u16uhguaktzs
no one is going to say anything about the way that this historical figure is being falsely accused
0.0 0.14520172431495848 0.18491380286628278 0.16283309516699612 0.059993017206175586 0.0 0.02369336621275296 0.0 0.0 0.0 0.0 0.2030873475608982 0.0 0.0 0.0 0.3396673518164447 0.38072050273818026 0.0 0.0 0.0 0.0 0.0 0.0 0.0 0.0 0.0 0.0 0.0 0.0 0.0 0.0 0.0 0.31968648670106303 0.17311354197576295 0.0 0.0671152457922111 0.0 0.0 0.0 0.0 0.0 0.0 0.0 0.0 0.0 0.0 0.0 0.0 0.0 0.0 0.0 0.3136597843125036 0.21741536078089607 0.0 0.0 0.09519449351933444 0.0 0.0 0.0 0.2475040986938263 0.24473344146937226 0.4511933541528195 0.0 0.0
au2ar4vob7vlv
the blames that are being laid down on historical figures are not being addressed by anyone
0.0 0.0 0.0 0.0 0.0 0.0 0.026655036989347083 0.0 0.0 0.0 0.0 0.45694653201202096 0.0 0.0 0.0 0.3821257707935003 0.0 0.0 0.0 0.0 0.0 0.0 0.0 0.0 0.0 0.0 0.0 0.0 0.0 0.0 0.0 0.0 0.0 0.0 0.0 0.07550465151623749 0.2632670692316033 0.0 0.45768579240831125 0.479977976404482 0.32541982273315173 0.1170629851484877 0.4489506710098638 0.13378921801483523 0.4389292553801651 0.1559662038375905 0.35228585781017197 0.0 0.0 0.0 0.0 0.0 0.0 0.0 0.0 0.0 0.0 0.0 0.0 0.0 0.0 0.0 0.0 0.0
a2unp2crnrfiw8
the blame that is being laid down on historical figures hasnt been addressed by anyone
0.0 0.08712103458897508 0.0 0.0 0.0 0.0 0.028432039455303555 0.41607783387875 0.0 0.0 0.0 0.24370481707307784 0.0 0.0 0.0 0.40760082217973365 0.0 0.0 0.0 0.0 0.0 0.0 0.0 0.0 0.0 0.0 0.0 0.0 0.0 0.0 0.0 0.0 0.0 0.0 0.0 0.08053829495065332 0.0 0.0 0.0 0.5119765081647808 0.3471144775820285 0.12486718415838688 0.4788807157438547 0.0 0.46819120573884276 0.16636395076009652 0.37577158166418345 0.0 0.0 0.0 0.0 0.0 0.0 0.0 0.0 0.0 0.0 0.0 0.0 0.0 0.0 0.0 0.614672844227924 0.19631353951578737
a3lhs82826iskx
the blames that are being laid down on historical figures are not addressed by anyone
0.0 0.0 0.0 0.0 0.0 0.0 0.028432039455303555 0.0 0.0 0.0 0.0 0.24370481707307784 0.0 0.0 0.0 0.40760082217973365 0.0 0.0 0.0 0.0 0.0 0.0 0.0 0.0 0.0 0.0 0.0 0.0 0.0 0.0 0.0 0.0 0.0 0.0 0.0 0.08053829495065332 0.28081820718037687 0.0 0.4881981785688653 0.5119765081647808 0.3471144775820285 0.12486718415838688 0.4788807157438547 0.14270849921582424 0.46819120573884276 0.16636395076009652 0.37577158166418345 0.0 0.0 0.0 0.0 0.0 0.0 0.0 0.0 0.0 0.0 0.0 0.0 0.0 0.0 0.0 0.0 0.0
a2nowscvbop9jc
when each and every historic personality is being accused there is no one to say any thing about this
0.15073605277489316 0.1375595282983817 0.17518149745226788 0.15426293226347002 0.05683548998479792 0.0 0.0 0.0 0.05231394946327852 0.0 0.0 0.19239853979453514 0.0 0.0 0.0 0.0 0.0 0.0 0.1864915190079252 0.0 0.0 0.0 0.0 0.0 0.347638572914877 0.0 0.0 0.0 0.0 0.0 0.0 0.0 0.0 0.164002302924407 0.0 0.0 0.0 0.0 0.0 0.0 0.0 0.0 0.0 0.0 0.0 0.0 0.0 0.17144055711455436 0.27730783920197016 0.2229729495637118 0.3502707003135434 0.2971513746118455 0.20597244705558573 0.27730783920197016 0.0 0.09018425701831684 0.0 0.0 0.0 0.0 0.0 0.0 0.0 0.0
a6tw9zegog7ph
when each and every historic personality is being accused there is no one to say anything about this
0.15911027792905388 0.14520172431495848 0.18491380286628278 0.16283309516699612 0.059993017206175586 0.0 0.0 0.0 0.05522027998901621 0.0 0.0 0.2030873475608982 0.0 0.0 0.0 0.0 0.0 0.0 0.0 0.0 0.0 0.0 0.0 0.0 0.3669518269657035 0.0 0.0 0.0 0.0 0.0 0.0 0.0 0.31968648670106303 0.17311354197576295 0.0 0.0 0.0 0.0 0.0 0.0 0.0 0.0 0.0 0.0 0.0 0.0 0.0 0.1809650325098074 0.2927138302687463 0.23536033565058467 0.3697301836642958 0.3136597843125036 0.21741536078089607 0.0 0.0 0.09519449351933444 0.0 0.0 0.0 0.0 0.0 0.0 0.0 0.0
a3fk32fvhmy8mz
when each and every historic figure is being accused there is no one to say any thing over this
0.15073605277489316 0.1375595282983817 0.17518149745226788 0.15426293226347002 0.05683548998479792 0.0 0.0 0.0 0.05231394946327852 0.0 0.0 0.19239853979453514 0.0 0.0 0.0 0.0 0.3606825815414339 0.0 0.1864915190079252 0.0 0.0 0.0 0.0 0.0 0.347638572914877 0.0 0.0 0.0 0.0 0.0 0.0 0.0 0.0 0.0 0.0 0.0 0.0 0.0 0.0 0.0 0.0 0.0 0.0 0.0 0.0 0.0 0.0 0.17144055711455436 0.27730783920197016 0.2229729495637118 0.0 0.2971513746118455 0.20597244705558573 0.27730783920197016 0.19659451210148454 0.09018425701831684 0.0 0.0 0.0 0.0 0.0 0.0 0.0 0.0
a230hf2okthmdz
there is no one remaining to say about the criticism and accusations of a historical personality
0.17899906267018562 0.08167596992716414 0.20802802822456812 0.18318723206287063 0.06749214435694753 0.0 0.026655036989347083 0.0 0.06212281498764324 0.41923668996517166 0.0 0.0 0.0 0.0 0.08861770919823396 0.3821257707935003 0.0 0.0 0.0 0.0 0.0 0.0 0.0 0.0 0.0 0.0 0.0 0.0 0.0 0.0 0.0 0.0 0.0 0.19475273472273333 0.0 0.0 0.0 0.0 0.0 0.0 0.0 0.0 0.0 0.0 0.0 0.0 0.0 0.0 0.0 0.0 0.41594645662233276 0.0 0.24459228087850807 0.0 0.0 0.0 0.4283105655804528 0.4128208053364164 0.05249636141236364 0.0 0.0 0.0 0.0 0.0
a2bk4fasw056jr
there is no one remaining to say about the criticism and accusations of a historical personality
0.17899906267018562 0.08167596992716414 0.20802802822456812 0.18318723206287063 0.06749214435694753 0.0 0.026655036989347083 0.0 0.06212281498764324 0.41923668996517166 0.0 0.0 0.0 0.0 0.08861770919823396 0.3821257707935003 0.0 0.0 0.0 0.0 0.0 0.0 0.0 0.0 0.0 0.0 0.0 0.0 0.0 0.0 0.0 0.0 0.0 0.19475273472273333 0.0 0.0 0.0 0.0 0.0 0.0 0.0 0.0 0.0 0.0 0.0 0.0 0.0 0.0 0.0 0.0 0.41594645662233276 0.0 0.24459228087850807 0.0 0.0 0.0 0.4283105655804528 0.4128208053364164 0.05249636141236364 0.0 0.0 0.0 0.0 0.0
attzel5iaoiw5
there is no one remaining to say anything about the criticism and accusations of a historical personality
0.16846970604252764 0.07687150110791918 0.19579108538782883 0.17241151252976059 0.06352201821830356 0.0 0.02508709363703255 0.0 0.058468531753075995 0.39457570820251453 0.0 0.0 0.0 0.0 0.08340490277480843 0.35964778427623556 0.0 0.0 0.0 0.0 0.0 0.0 0.0 0.0 0.0 0.0 0.0 0.0 0.0 0.0 0.0 0.0 0.3384915741540667 0.18329669150374903 0.0 0.0 0.0 0.0 0.0 0.0 0.0 0.0 0.0 0.0 0.0 0.0 0.0 0.0 0.0 0.0 0.39147901799748963 0.0 0.23020449965036052 0.0 0.0 0.0 0.40311582642866145 0.3885372285519213 0.04940834015281284 0.0 0.0 0.0 0.0 0.0
a3mq8jwi317m6m
no one is going to say anything about the way that this historical figure is being falsely accused
0.0 0.14520172431495848 0.18491380286628278 0.16283309516699612 0.059993017206175586 0.0 0.02369336621275296 0.0 0.0 0.0 0.0 0.2030873475608982 0.0 0.0 0.0 0.3396673518164447 0.38072050273818026 0.0 0.0 0.0 0.0 0.0 0.0 0.0 0.0 0.0 0.0 0.0 0.0 0.0 0.0 0.0 0.31968648670106303 0.17311354197576295 0.0 0.0671152457922111 0.0 0.0 0.0 0.0 0.0 0.0 0.0 0.0 0.0 0.0 0.0 0.0 0.0 0.0 0.0 0.3136597843125036 0.21741536078089607 0.0 0.0 0.09519449351933444 0.0 0.0 0.0 0.2475040986938263 0.24473344146937226 0.4511933541528195 0.0 0.0
