many people have a lot of expectations from this one person pinned hopes on man attached great deal hope to some for about several persons are depending him high
many people have a lot of expectations from this one person
0.3572857769583037 0.24607841386423218 0.2079972752716754 0.12889848610652213 0.5083015575795119 0.07635834387252893 0.5505477340950595 0.21935405812982173 0.15577280757709272 0.26645415572781184 0.43684329144745354 0.0 0.0 0.0 0.0 0.0 0.0 0.0 0.0 0.0 0.0 0.0 0.0 0.0 0.0 0.0 0.0 0.0 0.0
many people have pinned many hopes on this person
0.8733652325647424 0.30076250583406156 0.2542188919987144 0.0 0.0 0.0 0.0 0.0 0.19038898703866888 0.0 0.5339195784357765 0.9924900656630089 0.733903653931407 0.20811197359731148 0.0 0.0 0.0 0.0 0.0 0.0 0.0 0.0 0.0 0.0 0.0 0.0 0.0 0.0 0.0
a lot many people have a lot of expectations from this man
0.3275119622117784 0.22557187937554615 0.1906641689990358 0.23631389119529056 0.9318861888957718 0.06999514854981818 0.5046687562538046 0.20107455328566992 0.14279174027900166 0.0 0.0 0.0 0.0 0.0 0.37463825471699597 0.0 0.0 0.0 0.0 0.0 0.0 0.0 0.0 0.0 0.0 0.0 0.0 0.0 0.0
many people have attached a great deal of hope to this person
0.3275119622117784 0.22557187937554615 0.1906641689990358 0.11815694559764528 0.0 0.06999514854981818 0.0 0.0 0.14279174027900166 0.0 0.4004396838268324 0.0 0.0 0.0 0.0 0.6866052842005946 0.39397649763134285 0.49266547540189315 0.4666838400659897 0.08998952580926338 0.0 0.0 0.0 0.0 0.0 0.0 0.0 0.0 0.0
a2de039cxxjuga
people have some many expectations from this man
0.4912679433176676 0.33835781906331924 0.2859962534985537 0.0 0.0 0.0 0.7570031343807069 0.3016118299285049 0.21418761041850248 0.0 0.0 0.0 0.0 0.0 0.561957382075494 0.0 0.0 0.0 0.0 0.0 0.4970729416707274 0.0 0.0 0.0 0.0 0.0 0.0 0.0 0.0
a3dd3acpmvdvca
many people have many expectations from this man
0.9825358866353352 0.33835781906331924 0.2859962534985537 0.0 0.0 0.0 0.7570031343807069 0.3016118299285049 0.21418761041850248 0.0 0.0 0.0 0.0 0.0 0.561957382075494 0.0 0.0 0.0 0.0 0.0 0.0 0.0 0.0 0.0 0.0 0.0 0.0 0.0 0.0
a1wyssw33m2fz2
many people have expectations from this one man
0.4912679433176676 0.33835781906331924 0.2859962534985537 0.0 0.0 0.0 0.7570031343807069 0.3016118299285049 0.21418761041850248 0.36637446412574126 0.0 0.0 0.0 0.0 0.561957382075494 0.0 0.0 0.0 0.0 0.0 0.0 0.0 0.0 0.0 0.0 0.0 0.0 0.0 0.0
a2i57ww1b3evwx
for one about several persons are depending on him
0.0 0.0 0.0 0.0 0.0 0.0 0.0 0.0 0.0 0.32566619033399224 0.0 0.0 0.0 0.20811197359731148 0.0 0.0 0.0 0.0 0.0 0.0 0.0 0.21452329990471278 0.3462270839515259 0.6542097948048508 0.6294160668810497 0.23401517265031405 0.9676963377392078 0.4138101658152436 0.0
a1gnof24z9gaez
many people have many expectations of this man
0.9825358866353352 0.33835781906331924 0.2859962534985537 0.0 0.0 0.10499272282472728 0.7570031343807069 0.0 0.21418761041850248 0.0 0.0 0.0 0.0 0.0 0.561957382075494 0.0 0.0 0.0 0.0 0.0 0.0 0.0 0.0 0.0 0.0 0.0 0.0 0.0 0.0
aclg2ttpdpj36
people have many expectations for this man
0.5614490780773344 0.38669465035807915 0.3268528611412042 0.0 0.0 0.0 0.8651464392922364 0.0 0.24478584047828855 0.0 0.0 0.0 0.0 0.0 0.6422370080862788 0.0 0.0 0.0 0.0 0.0 0.0 0.2758156713060593 0.0 0.0 0.0 0.0 0.0 0.0 0.0
attzel5iaoiw5
people have many expectations from this man
0.5614490780773344 0.38669465035807915 0.3268528611412042 0.0 0.0 0.0 0.8651464392922364 0.34469923420400556 0.24478584047828855 0.0 0.0 0.0 0.0 0.0 0.6422370080862788 0.0 0.0 0.0 0.0 0.0 0.0 0.0 0.0 0.0 0.0 0.0 0.0 0.0 0.0
a6tw9zegog7ph
many people have many expectations from this man
0.9825358866353352 0.33835781906331924 0.2859962534985537 0.0 0.0 0.0 0.7570031343807069 0.3016118299285049 0.21418761041850248 0.0 0.0 0.0 0.0 0.0 0.561957382075494 0.0 0.0 0.0 0.0 0.0 0.0 0.0 0.0 0.0 0.0 0.0 0.0 0.0 0.0
air4uqnpimfcj
many people have many expectations from this man
0.9825358866353352 0.33835781906331924 0.2859962534985537 0.0 0.0 0.0 0.7570031343807069 0.3016118299285049 0.21418761041850248 0.0 0.0 0.0 0.0 0.0 0.561957382075494 0.0 0.0 0.0 0.0 0.0 0.0 0.0 0.0 0.0 0.0 0.0 0.0 0.0 0.0
ao4irwzdpd1xj
many people have high expectations for this man
0.4912679433176676 0.33835781906331924 0.2859962534985537 0.0 0.0 0.0 0.7570031343807069 0.0 0.21418761041850248 0.0 0.0 0.0 0.0 0.0 0.561957382075494 0.0 0.0 0.0 0.0 0.0 0.0 0.24133871239280189 0.0 0.0 0.0 0.0 0.0 0.0 0.6449562066090552
a6tw9zegog7ph
many people have expectations from this one man
0.4912679433176676 0.33835781906331924 0.2859962534985537 0.0 0.0 0.0 0.7570031343807069 0.3016118299285049 0.21418761041850248 0.36637446412574126 0.0 0.0 0.0 0.0 0.561957382075494 0.0 0.0 0.0 0.0 0.0 0.0 0.0 0.0 0.0 0.0 0.0 0.0 0.0 0.0
a3w129h6a0hk4d
many people have expectations from this one man
0.4912679433176676 0.33835781906331924 0.2859962534985537 0.0 0.0 0.0 0.7570031343807069 0.3016118299285049 0.21418761041850248 0.36637446412574126 0.0 0.0 0.0 0.0 0.561957382075494 0.0 0.0 0.0 0.0 0.0 0.0 0.0 0.0 0.0 0.0 0.0 0.0 0.0 0.0
a2zhr3rebfem5a
many people have expectations from this one man
0.4912679433176676 0.33835781906331924 0.2859962534985537 0.0 0.0 0.0 0.7570031343807069 0.3016118299285049 0.21418761041850248 0.36637446412574126 0.0 0.0 0.0 0.0 0.561957382075494 0.0 0.0 0.0 0.0 0.0 0.0 0.0 0.0 0.0 0.0 0.0 0.0 0.0 0.0
amd40d0gc1l4r
for one about several persons are depending on him
0.0 0.0 0.0 0.0 0.0 0.0 0.0 0.0 0.0 0.32566619033399224 0.0 0.0 0.0 0.20811197359731148 0.0 0.0 0.0 0.0 0.0 0.0 0.0 0.21452329990471278 0.3462270839515259 0.6542097948048508 0.6294160668810497 0.23401517265031405 0.9676963377392078 0.4138101658152436 0.0
