and started using the lobsters pictures immediately for publicity right away had of lobster its own in advertisements instantly photos his it also to use sake they their marketing starting as means advertisement he we could have used purposes taking campaign campaigns
and started using the lobsters pictures immediately for publicity
0.11044055997803243 0.5184684190909246 0.5791954975762655 0.04738673242550592 0.8704220335887745 0.793405680193225 0.6713376481189905 0.21452329990471278 0.861528399402826 0.0 0.0 0.0 0.0 0.0 0.0 0.0 0.0 0.0 0.0 0.0 0.0 0.0 0.0 0.0 0.0 0.0 0.0 0.0 0.0 0.0 0.0 0.0 0.0 0.0 0.0 0.0 0.0 0.0 0.0 0.0 0.0 0.0
and right away had started using the pictures of the lobster for its publicity
0.07099750284302085 0.33330112655845145 0.3723399627275993 0.06092579883279333 0.0 0.5100465086956446 0.0 0.13790783565302964 0.5538396853303882 0.3384982232929106 0.36813706986881833 0.24722792068154145 0.05999584161412987 0.4180569166737419 0.23670164016957934 0.0 0.0 0.0 0.0 0.0 0.0 0.0 0.0 0.0 0.0 0.0 0.0 0.0 0.0 0.0 0.0 0.0 0.0 0.0 0.0 0.0 0.0 0.0 0.0 0.0 0.0 0.0
and had immediately started using its pictures for its own publicity
0.09036045816384472 0.42420143380166553 0.4738872252896718 0.0 0.0 0.649150101976275 0.5492762575519013 0.17551906355840138 0.7048868722386759 0.0 0.0 0.31465371723105273 0.0 0.0 0.6025132658862019 0.3855511553398124 0.0 0.0 0.0 0.0 0.0 0.0 0.0 0.0 0.0 0.0 0.0 0.0 0.0 0.0 0.0 0.0 0.0 0.0 0.0 0.0 0.0 0.0 0.0 0.0 0.0 0.0
and immediately started using pictures of the lobster in its advertisements
0.09036045816384472 0.42420143380166553 0.4738872252896718 0.03877096289359576 0.0 0.649150101976275 0.5492762575519013 0.0 0.0 0.0 0.0 0.0 0.07635834387252893 0.5320724394029442 0.30125663294310095 0.0 0.09362097295060737 0.6981497838610647 0.0 0.0 0.0 0.0 0.0 0.0 0.0 0.0 0.0 0.0 0.0 0.0 0.0 0.0 0.0 0.0 0.0 0.0 0.0 0.0 0.0 0.0 0.0 0.0
a1wyssw33m2fz2
and instantly started using the lobster photos for his publicity
0.09939650398022919 0.46662157718183206 0.5212759478186391 0.042648059182955333 0.0 0.0 0.0 0.1930709699142415 0.7753755594625434 0.0 0.0 0.0 0.0 0.5852796833432387 0.0 0.0 0.0 0.0 0.7485491608030754 0.8016119859092925 0.26704419211850505 0.0 0.0 0.0 0.0 0.0 0.0 0.0 0.0 0.0 0.0 0.0 0.0 0.0 0.0 0.0 0.0 0.0 0.0 0.0 0.0 0.0
a3dd3acpmvdvca
it also immediately started to use the pictures of the lobster for the sake of publicity
0.0 0.29163848573864504 0.0 0.07996511096804125 0.0 0.4462906951086891 0.3776274270669322 0.12066935619640094 0.48460972466408964 0.0 0.0 0.0 0.10499272282472728 0.3657998020895242 0.0 0.0 0.0 0.0 0.0 0.0 0.0 0.12657221481416409 0.17244659100495444 0.06749214435694753 0.3107248388355939 0.356474027202857 0.0 0.0 0.0 0.0 0.0 0.0 0.0 0.0 0.0 0.0 0.0 0.0 0.0 0.0 0.0 0.0
alzgu09bjzsiw
and they started lobster pictures for their marketing
0.12424562997528649 0.5832769714772901 0.0 0.0 0.0 0.8925813902173781 0.0 0.24133871239280189 0.0 0.0 0.0 0.0 0.0 0.7315996041790483 0.0 0.0 0.0 0.0 0.0 0.0 0.0 0.0 0.0 0.0 0.0 0.0 0.3229635947580237 0.3721526374654762 1.0886583799566087 0.0 0.0 0.0 0.0 0.0 0.0 0.0 0.0 0.0 0.0 0.0 0.0 0.0
a3u16uhguaktzs
and immediately starting using the lobster as means of their advertisement
0.09036045816384472 0.0 0.4738872252896718 0.03877096289359576 0.0 0.0 0.5492762575519013 0.0 0.0 0.0 0.0 0.0 0.07635834387252893 0.5320724394029442 0.0 0.0 0.0 0.0 0.0 0.0 0.0 0.0 0.0 0.0 0.0 0.0 0.0 0.27065646361125545 0.0 0.7611631639119689 0.23957284282119495 0.5099249773431488 0.7383163977046138 0.0 0.0 0.0 0.0 0.0 0.0 0.0 0.0 0.0
a17ezclrdz3xmg
instantly they started using the lobster photos for his publicity
0.0 0.46662157718183206 0.5212759478186391 0.042648059182955333 0.0 0.0 0.0 0.1930709699142415 0.7753755594625434 0.0 0.0 0.0 0.0 0.5852796833432387 0.0 0.0 0.0 0.0 0.7485491608030754 0.8016119859092925 0.26704419211850505 0.0 0.0 0.0 0.0 0.0 0.258370875806419 0.0 0.0 0.0 0.0 0.0 0.0 0.0 0.0 0.0 0.0 0.0 0.0 0.0 0.0 0.0
a2rcbwy8ulhnj0
he instantly started using the lobster photos for his publicity
0.0 0.46662157718183206 0.5212759478186391 0.042648059182955333 0.0 0.0 0.0 0.1930709699142415 0.7753755594625434 0.0 0.0 0.0 0.0 0.5852796833432387 0.0 0.0 0.0 0.0 0.7485491608030754 0.8016119859092925 0.26704419211850505 0.0 0.0 0.0 0.0 0.0 0.0 0.0 0.0 0.0 0.0 0.0 0.0 0.23749222596283454 0.0 0.0 0.0 0.0 0.0 0.0 0.0 0.0
a1dndzlo2d5d48
he instantly started using the lobster photos for his publicity
0.0 0.46662157718183206 0.5212759478186391 0.042648059182955333 0.0 0.0 0.0 0.1930709699142415 0.7753755594625434 0.0 0.0 0.0 0.0 0.5852796833432387 0.0 0.0 0.0 0.0 0.7485491608030754 0.8016119859092925 0.26704419211850505 0.0 0.0 0.0 0.0 0.0 0.0 0.0 0.0 0.0 0.0 0.0 0.0 0.23749222596283454 0.0 0.0 0.0 0.0 0.0 0.0 0.0 0.0
a330jjzgjl7ig2
we could have immediately used the pictures of the lobster for publicity purposes
0.0 0.0 0.0 0.0656123987430082 0.0 0.5492808555183866 0.46477221792853196 0.1485161307032627 0.5964427380481103 0.0 0.0 0.0 0.06461090635367833 0.45021514103326055 0.0 0.0 0.0 0.0 0.0 0.0 0.0 0.0 0.0 0.0 0.0 0.0 0.0 0.0 0.0 0.0 0.0 0.0 0.0 0.0 0.23556982403048388 0.3317193686527106 0.17599769446064842 0.3568101802361464 0.5758070467715964 0.0 0.0 0.0
a2nrt6osd133jj
it also immediately started to use the pictures of the lobster for the sake of publicity
0.0 0.29163848573864504 0.0 0.07996511096804125 0.0 0.4462906951086891 0.3776274270669322 0.12066935619640094 0.48460972466408964 0.0 0.0 0.0 0.10499272282472728 0.3657998020895242 0.0 0.0 0.0 0.0 0.0 0.0 0.0 0.12657221481416409 0.17244659100495444 0.06749214435694753 0.3107248388355939 0.356474027202857 0.0 0.0 0.0 0.0 0.0 0.0 0.0 0.0 0.0 0.0 0.0 0.0 0.0 0.0 0.0 0.0
a143awku99stc9
they started using pictures of the lobster for publicity
0.0 0.5184684190909246 0.5791954975762655 0.04738673242550592 0.0 0.793405680193225 0.0 0.21452329990471278 0.861528399402826 0.0 0.0 0.0 0.09332686473309092 0.6503107592702652 0.0 0.0 0.0 0.0 0.0 0.0 0.0 0.0 0.0 0.0 0.0 0.0 0.2870787508960211 0.0 0.0 0.0 0.0 0.0 0.0 0.0 0.0 0.0 0.0 0.0 0.0 0.0 0.0 0.0
a2u70ov2bw11tg
they started taking photos of lobsters for their marketing campaign
0.0 0.46662157718183206 0.0 0.0 0.7833798302298971 0.0 0.0 0.1930709699142415 0.0 0.0 0.0 0.0 0.08399417825978182 0.0 0.0 0.0 0.0 0.0 0.0 0.8016119859092925 0.0 0.0 0.0 0.0 0.0 0.0 0.258370875806419 0.29772210997238097 0.870926703965287 0.0 0.0 0.0 0.0 0.0 0.0 0.0 0.0 0.0 0.0 0.47019338544204 0.653451531816871 0.0
a1fnqhv04k4cvd
they started taking pictures of lobsters for marketing purposes
0.0 0.5184684190909246 0.0 0.0 0.8704220335887745 0.793405680193225 0.0 0.21452329990471278 0.0 0.0 0.0 0.0 0.09332686473309092 0.0 0.0 0.0 0.0 0.0 0.0 0.0 0.0 0.0 0.0 0.0 0.0 0.0 0.2870787508960211 0.0 0.9676963377392078 0.0 0.0 0.0 0.0 0.0 0.0 0.0 0.0 0.0 0.831721289781195 0.5224370949356 0.0 0.0
a230hf2okthmdz
and they started using lobster pictures for their marketing campaigns
0.09939650398022919 0.46662157718183206 0.5212759478186391 0.0 0.0 0.7140651121739026 0.0 0.1930709699142415 0.0 0.0 0.0 0.0 0.0 0.5852796833432387 0.0 0.0 0.0 0.0 0.0 0.0 0.0 0.0 0.0 0.0 0.0 0.0 0.258370875806419 0.29772210997238097 0.870926703965287 0.0 0.0 0.0 0.0 0.0 0.0 0.0 0.0 0.0 0.0 0.0 0.0 0.893241059096708
a1ayptb7ayz623
they immediately starting using the lobster as means of advertisement
0.0 0.0 0.5212759478186391 0.042648059182955333 0.0 0.0 0.6042038833070915 0.0 0.0 0.0 0.0 0.0 0.08399417825978182 0.5852796833432387 0.0 0.0 0.0 0.0 0.0 0.0 0.0 0.0 0.0 0.0 0.0 0.0 0.258370875806419 0.0 0.0 0.8372794803031658 0.26353012710331447 0.5609174750774637 0.8121480374750751 0.0 0.0 0.0 0.0 0.0 0.0 0.0 0.0 0.0
