as a result of destroying these educational institutions girls and boys numbering in the thousands have been deprived any access to education consequent upon destruction facility facilities students denied could not take due destroyness centres institutes lost mean seek knowledge were this their unable go school centers destroyed means obtain children an chemical herbal health supplements become much more popular recent years include hgh or human growth hormone
as a result of destroying these educational institutions girls and boys numbering in the thousands have been deprived of any access to education
0.11457831613187584 0.06164710205094536 0.2219030084555646 0.07303841587807115 0.31424619559689804 0.13093489727487967 0.25251501937261395 0.22852651822000017 0.2073751681387718 0.04321587129575182 0.2570428567314225 0.4486393457429118 0.04477524793289918 0.018542634427371883 0.2209679560546531 0.09947695773862737 0.12803056924942655 0.3037608887787725 0.154058211354373 0.3162688049723282 0.0469510569439635 0.20182396303559516 0.0 0.0 0.0 0.0 0.0 0.0 0.0 0.0 0.0 0.0 0.0 0.0 0.0 0.0 0.0 0.0 0.0 0.0 0.0 0.0 0.0 0.0 0.0 0.0 0.0 0.0 0.0 0.0 0.0 0.0 0.0 0.0 0.0 0.0 0.0 0.0 0.0 0.0 0.0 0.0 0.0 0.0 0.0 0.0 0.0 0.0
consequent upon the destruction of these educational institutions thousands of boys and girls have been deprived of the facility of education
0.0 0.0 0.0 0.159988910971013 0.0 0.14340488749153488 0.2765640688366724 0.25029094852666683 0.22712518415198815 0.0473316685620139 0.2815231288010818 0.0 0.0 0.04061719922186222 0.2420125232979534 0.10895095371373473 0.14022395679699096 0.33269049723389366 0.0 0.0 0.0 0.221045292848509 0.491366902480332 0.2491004103264089 0.265833643032975 0.36922645688692546 0.0 0.0 0.0 0.0 0.0 0.0 0.0 0.0 0.0 0.0 0.0 0.0 0.0 0.0 0.0 0.0 0.0 0.0 0.0 0.0 0.0 0.0 0.0 0.0 0.0 0.0 0.0 0.0 0.0 0.0 0.0 0.0 0.0 0.0 0.0 0.0 0.0 0.0 0.0 0.0 0.0 0.0
as a result of the destruction of these educational institutions thousands of boys and girls have been deprived of education facilities
0.12549053671586402 0.06751825462722587 0.2430366283084755 0.159988910971013 0.0 0.14340488749153488 0.2765640688366724 0.25029094852666683 0.22712518415198815 0.0473316685620139 0.2815231288010818 0.0 0.0 0.02030859961093111 0.2420125232979534 0.10895095371373473 0.14022395679699096 0.33269049723389366 0.0 0.0 0.0 0.221045292848509 0.0 0.0 0.265833643032975 0.0 0.39234587668605403 0.0 0.0 0.0 0.0 0.0 0.0 0.0 0.0 0.0 0.0 0.0 0.0 0.0 0.0 0.0 0.0 0.0 0.0 0.0 0.0 0.0 0.0 0.0 0.0 0.0 0.0 0.0 0.0 0.0 0.0 0.0 0.0 0.0 0.0 0.0 0.0 0.0 0.0 0.0 0.0 0.0
as a result thousands of students have been denied access to educational facilities
0.20271548238716497 0.1090679497824418 0.39259763034446044 0.06461090635367833 0.0 0.0 0.44675734196693234 0.0 0.0 0.0 0.0 0.0 0.0 0.0 0.3909433068659247 0.17599769446064842 0.22651562251821616 0.0 0.0 0.5595525011048883 0.08306725459316619 0.0 0.0 0.0 0.0 0.0 0.6337894931082412 0.48274259109634 0.5026550244745162 0.0 0.0 0.0 0.0 0.0 0.0 0.0 0.0 0.0 0.0 0.0 0.0 0.0 0.0 0.0 0.0 0.0 0.0 0.0 0.0 0.0 0.0 0.0 0.0 0.0 0.0 0.0 0.0 0.0 0.0 0.0 0.0 0.0 0.0 0.0 0.0 0.0 0.0 0.0
a353ocl6lm6m4o
thousands of boys and girls could not take education due to destroyness of education centres
0.0 0.0 0.0 0.1119922376797091 0.0 0.0 0.0 0.0 0.3179752578127834 0.06626433598681945 0.39413238032151454 0.0 0.0 0.0 0.33881753261713476 0.0 0.0 0.0 0.0 0.0 0.0719916206474107 0.6189268199758252 0.0 0.0 0.0 0.0 0.0 0.0 0.0 0.2874901194990159 0.14270849921582424 0.2573577779161454 0.2901705475308852 0.6879136634724647 0.5581863202021106 0.0 0.0 0.0 0.0 0.0 0.0 0.0 0.0 0.0 0.0 0.0 0.0 0.0 0.0 0.0 0.0 0.0 0.0 0.0 0.0 0.0 0.0 0.0 0.0 0.0 0.0 0.0 0.0 0.0 0.0 0.0 0.0 0.0
a2de039cxxjuga
due to destruction of these educational institutes thousands of girls and boys have lost the mean to seek knowledge
0.0 0.0 0.0 0.08841492448398088 0.0 0.1585001388064333 0.3056760760826379 0.0 0.25103309827325004 0.05231394946327852 0.3111571423590904 0.0 0.0 0.022446346938397543 0.26748752575036955 0.12041947515728575 0.0 0.0 0.0 0.0 0.11367097996959584 0.0 0.0 0.0 0.2938161317732882 0.0 0.0 0.0 0.0 0.0 0.0 0.0 0.2290820112085936 0.0 0.0 0.3217901227734739 0.31800204384583763 0.3489381841038439 0.4168847199625579 0.347638572914877 0.0 0.0 0.0 0.0 0.0 0.0 0.0 0.0 0.0 0.0 0.0 0.0 0.0 0.0 0.0 0.0 0.0 0.0 0.0 0.0 0.0 0.0 0.0 0.0 0.0 0.0 0.0 0.0
a3dd3acpmvdvca
due to the destruction of these educational institutions thousands of girls and boys were deprived of the facility of education
0.0 0.0 0.0 0.16798835651956365 0.0 0.15057513186611163 0.29039227227850606 0.2628054959530002 0.23848144335958757 0.04969825199011459 0.2955992852411359 0.0 0.0 0.042648059182955333 0.2541131494628511 0.0 0.0 0.34932502209558836 0.0 0.0 0.05399371548555802 0.23209755749093444 0.0 0.0 0.2791253251846238 0.3876877797312717 0.0 0.0 0.0 0.0 0.0 0.0 0.21762791064816392 0.0 0.0 0.0 0.0 0.0 0.0 0.0 0.14758139461029793 0.0 0.0 0.0 0.0 0.0 0.0 0.0 0.0 0.0 0.0 0.0 0.0 0.0 0.0 0.0 0.0 0.0 0.0 0.0 0.0 0.0 0.0 0.0 0.0 0.0 0.0 0.0
a2i57ww1b3evwx
due to this destruction of institutions thousands of girls and boys lost their education
0.0 0.0 0.0 0.11999168322825975 0.0 0.0 0.0 0.3754364227900003 0.34068777622798224 0.07099750284302085 0.4222846932016227 0.0 0.0 0.0 0.3630187849469301 0.0 0.0 0.0 0.0 0.0 0.07713387926508289 0.33156793927276346 0.0 0.0 0.39875046454946256 0.0 0.0 0.0 0.0 0.0 0.0 0.0 0.31089701521166274 0.0 0.0 0.0 0.4315742023622082 0.0 0.0 0.0 0.0 0.12239292023914428 0.21265864998027212 0.0 0.0 0.0 0.0 0.0 0.0 0.0 0.0 0.0 0.0 0.0 0.0 0.0 0.0 0.0 0.0 0.0 0.0 0.0 0.0 0.0 0.0 0.0 0.0 0.0
a3qu3km3iywhif
thousands of boys and girls were unable to go school due to the destruction of education centers
0.0 0.0 0.0 0.09881668030562568 0.0 0.0 0.0 0.0 0.28056640395245597 0.058468531753075995 0.3477638649895716 0.0 0.0 0.02508709363703255 0.2989566464268836 0.0 0.0 0.0 0.0 0.0 0.1270440364366071 0.27305594998933463 0.0 0.0 0.3283827355113221 0.0 0.0 0.0 0.0 0.0 0.0 0.0 0.25603283605666344 0.0 0.0 0.0 0.0 0.0 0.0 0.0 0.17362517012976228 0.0 0.0 0.385735578611377 0.31505060716629785 0.3310210041092839 0.41097061423010395 0.0 0.0 0.0 0.0 0.0 0.0 0.0 0.0 0.0 0.0 0.0 0.0 0.0 0.0 0.0 0.0 0.0 0.0 0.0 0.0 0.0
attzel5iaoiw5
thousands of boys and girls could not take education due to destroyed education centers
0.0 0.0 0.0 0.05999584161412987 0.0 0.0 0.0 0.0 0.34068777622798224 0.07099750284302085 0.4222846932016227 0.0 0.0 0.0 0.3630187849469301 0.0 0.0 0.0 0.0 0.0 0.07713387926508289 0.6631358785455269 0.0 0.0 0.0 0.0 0.0 0.0 0.0 0.30802512803465987 0.15290196344552598 0.27574047633872717 0.31089701521166274 0.0 0.0 0.0 0.0 0.0 0.0 0.0 0.0 0.0 0.0 0.0 0.0 0.0 0.4990357458508405 0.35244356352127726 0.0 0.0 0.0 0.0 0.0 0.0 0.0 0.0 0.0 0.0 0.0 0.0 0.0 0.0 0.0 0.0 0.0 0.0 0.0 0.0
a1c0lbe9vl3ax
thousands of boys and girls could not take education due to destruction of education centers
0.0 0.0 0.0 0.1119922376797091 0.0 0.0 0.0 0.0 0.3179752578127834 0.06626433598681945 0.39413238032151454 0.0 0.0 0.0 0.33881753261713476 0.0 0.0 0.0 0.0 0.0 0.0719916206474107 0.6189268199758252 0.0 0.0 0.37216710024616506 0.0 0.0 0.0 0.0 0.2874901194990159 0.14270849921582424 0.2573577779161454 0.2901705475308852 0.0 0.0 0.0 0.0 0.0 0.0 0.0 0.0 0.0 0.0 0.0 0.0 0.0 0.46576669612745114 0.0 0.0 0.0 0.0 0.0 0.0 0.0 0.0 0.0 0.0 0.0 0.0 0.0 0.0 0.0 0.0 0.0 0.0 0.0 0.0 0.0
a1395pss402i1j
due to destruction of these educational institutes thousands of girls and boys have lost the means to obtain knowledge
0.0 0.0 0.0 0.08841492448398088 0.0 0.1585001388064333 0.3056760760826379 0.0 0.25103309827325004 0.05231394946327852 0.3111571423590904 0.0 0.0 0.022446346938397543 0.26748752575036955 0.12041947515728575 0.0 0.0 0.0 0.0 0.11367097996959584 0.0 0.0 0.0 0.2938161317732882 0.0 0.0 0.0 0.0 0.0 0.0 0.0 0.2290820112085936 0.0 0.0 0.3217901227734739 0.31800204384583763 0.0 0.0 0.347638572914877 0.0 0.0 0.0 0.0 0.0 0.0 0.0 0.0 0.2952197237249809 0.40809239971712813 0.0 0.0 0.0 0.0 0.0 0.0 0.0 0.0 0.0 0.0 0.0 0.0 0.0 0.0 0.0 0.0 0.0 0.0
a12ezody9kxiim
as a result of the destruction of these educational institutes thousands of children have lost the means to seek knowledge
0.13176506355165724 0.07089416735858717 0.25518845972389925 0.12599126738967276 0.0 0.15057513186611163 0.29039227227850606 0.0 0.0 0.0 0.0 0.0 0.0 0.042648059182955333 0.2541131494628511 0.11439850139942147 0.0 0.0 0.0 0.0 0.05399371548555802 0.0 0.0 0.0 0.2791253251846238 0.0 0.0 0.0 0.0 0.0 0.0 0.0 0.0 0.0 0.0 0.30570061663480025 0.30210194165354576 0.0 0.39604048396443 0.33025664426913315 0.0 0.0 0.0 0.0 0.0 0.0 0.0 0.0 0.28045873753873185 0.0 0.21724476701088546 0.0 0.0 0.0 0.0 0.0 0.0 0.0 0.0 0.0 0.0 0.0 0.0 0.0 0.0 0.0 0.0 0.0
ajfwu2g6a1bhs
due to the destruction of these educational institutes thousands of girls and boys have lost the means to seek knowledge
0.0 0.0 0.0 0.08399417825978182 0.0 0.15057513186611163 0.29039227227850606 0.0 0.23848144335958757 0.04969825199011459 0.2955992852411359 0.0 0.0 0.042648059182955333 0.2541131494628511 0.11439850139942147 0.0 0.0 0.0 0.0 0.10798743097111604 0.0 0.0 0.0 0.2791253251846238 0.0 0.0 0.0 0.0 0.0 0.0 0.0 0.21762791064816392 0.0 0.0 0.30570061663480025 0.30210194165354576 0.0 0.39604048396443 0.33025664426913315 0.0 0.0 0.0 0.0 0.0 0.0 0.0 0.0 0.28045873753873185 0.0 0.0 0.0 0.0 0.0 0.0 0.0 0.0 0.0 0.0 0.0 0.0 0.0 0.0 0.0 0.0 0.0 0.0 0.0
a2lpbcmjd4kpdp
due to the destruction of these educational institutions thousands of girls and boys were deprived of an education
0.0 0.0 0.0 0.1399902970996364 0.0 0.16730570207345735 0.32265808030945115 0.29200610661444465 0.26497938151065287 0.05522027998901621 0.32844365026792877 0.0 0.0 0.02369336621275296 0.2823479438476123 0.0 0.0 0.3881389134395426 0.0 0.0 0.059993017206175586 0.25788617498992716 0.0 0.0 0.31013925020513755 0.0 0.0 0.0 0.0 0.0 0.0 0.0 0.241808789609071 0.0 0.0 0.0 0.0 0.0 0.0 0.0 0.1639793273447755 0.0 0.0 0.0 0.0 0.0 0.0 0.0 0.0 0.0 0.0 0.1639091814319772 0.0 0.0 0.0 0.0 0.0 0.0 0.0 0.0 0.0 0.0 0.0 0.0 0.0 0.0 0.0 0.0
a1395pss402i1j
due to the destruction of these educational institutions thousands of girls and boys were deprived of the facility of education
0.0 0.0 0.0 0.16798835651956365 0.0 0.15057513186611163 0.29039227227850606 0.2628054959530002 0.23848144335958757 0.04969825199011459 0.2955992852411359 0.0 0.0 0.042648059182955333 0.2541131494628511 0.0 0.0 0.34932502209558836 0.0 0.0 0.05399371548555802 0.23209755749093444 0.0 0.0 0.2791253251846238 0.3876877797312717 0.0 0.0 0.0 0.0 0.0 0.0 0.21762791064816392 0.0 0.0 0.0 0.0 0.0 0.0 0.0 0.14758139461029793 0.0 0.0 0.0 0.0 0.0 0.0 0.0 0.0 0.0 0.0 0.0 0.0 0.0 0.0 0.0 0.0 0.0 0.0 0.0 0.0 0.0 0.0 0.0 0.0 0.0 0.0 0.0
a2dwqf4zhhblow
due to the destruction of these institutions thousands of children were deprived of education
0.0 0.0 0.0 0.17998752484238964 0.0 0.21510733123730233 0.0 0.3754364227900003 0.0 0.0 0.0 0.0 0.0 0.030462899416396665 0.3630187849469301 0.0 0.0 0.4990357458508405 0.0 0.0 0.07713387926508289 0.33156793927276346 0.0 0.0 0.39875046454946256 0.0 0.0 0.0 0.0 0.0 0.0 0.0 0.31089701521166274 0.0 0.0 0.0 0.0 0.0 0.0 0.0 0.21083056372899706 0.0 0.0 0.0 0.0 0.0 0.0 0.0 0.0 0.0 0.3103496671584078 0.0 0.0 0.0 0.0 0.0 0.0 0.0 0.0 0.0 0.0 0.0 0.0 0.0 0.0 0.0 0.0 0.0
a3ohqrf1mdq99b
chemical and herbal health supplements have become much more popular in recent years these include hgh or human growth hormone
0.0 0.0 0.0 0.0 0.0 0.15057513186611163 0.0 0.0 0.0 0.04969825199011459 0.0 0.0 0.05149153512283405 0.0 0.0 0.11439850139942147 0.0 0.0 0.0 0.0 0.0 0.0 0.0 0.0 0.0 0.0 0.0 0.0 0.0 0.0 0.0 0.0 0.0 0.0 0.0 0.0 0.0 0.0 0.0 0.0 0.0 0.0 0.0 0.0 0.0 0.0 0.0 0.0 0.0 0.0 0.0 0.0 0.3458753785212408 0.35114340430413205 0.2871996986791794 0.35114340430413205 0.21069558598359928 0.24316919183646343 0.18108353522102433 0.33961722137354045 0.285676738304944 0.2061130412146225 0.29094476408783526 0.35114340430413205 0.16151480867057882 0.22232935813057772 0.34932502209558836 0.35114340430413205
