it is also made clear by this that the accusation leveled against taliban theyre only education of girls wrong another allegation becomes from are not correct clarifies point talibans group they disapprove alone incorrect proves one thing right aike known true condition proper to quote as women literacy public being accusations its womens
it is also made clear by this that the accusation leveled against the taliban that theyre only against the education of girls is wrong
0.08438147654277606 0.10890129323621885 0.11496439400330295 0.16278694518237807 0.2035409561888638 0.10397746922506033 0.07139587013950083 0.10067286868831665 0.05331007397869417 0.2600486461742188 0.37218377462362834 0.26558387013500495 0.14448000102471784 0.36288612665220293 0.14024901281092092 0.19341463124244537 0.03499757427490909 0.19873453613298964 0.22345324560357124 0.0 0.0 0.0 0.0 0.0 0.0 0.0 0.0 0.0 0.0 0.0 0.0 0.0 0.0 0.0 0.0 0.0 0.0 0.0 0.0 0.0 0.0 0.0 0.0 0.0 0.0 0.0 0.0 0.0 0.0 0.0 0.0 0.0 0.0
another allegation against the taliban that also becomes clear from this is that the taliban are not only against the education of girls is not correct
0.0 0.10052427067958664 0.10612097907997196 0.0 0.1878839595589512 0.0 0.06590388012876999 0.09292880186613844 0.049209299057256156 0.0 0.0 0.2451543416630815 0.26673230958409444 0.0 0.12946062721008086 0.17853658268533418 0.032305453176839166 0.18344726412275966 0.0 0.18688920915164658 0.28570512285349253 0.24490235513482858 0.0928036399780015 0.08100525207126255 0.16466365294133567 0.22691785939578357 0.0 0.0 0.0 0.0 0.0 0.0 0.0 0.0 0.0 0.0 0.0 0.0 0.0 0.0 0.0 0.0 0.0 0.0 0.0 0.0 0.0 0.0 0.0 0.0 0.0 0.0 0.0
this clarifies another point that the allegation against the talibans group that they disapprove girls education alone is incorrect
0.0 0.06877976414919085 0.0 0.0 0.0 0.0 0.09018425701831684 0.12716572886945263 0.044892693876795085 0.0 0.0 0.16773718113789787 0.0 0.0 0.0 0.24431321841150994 0.0 0.25103309827325004 0.0 0.25574312831277957 0.3909649049574108 0.0 0.0 0.0 0.0 0.0 0.4852680349167821 0.281520613290051 0.2920010698748056 0.22894723116324234 0.1359846714770626 0.4701268732087937 0.3275979152560458 0.4701268732087937 0.0 0.0 0.0 0.0 0.0 0.0 0.0 0.0 0.0 0.0 0.0 0.0 0.0 0.0 0.0 0.0 0.0 0.0 0.0
this also proves one thing that this allegation that the taliban group is only against girls education is not right
0.0 0.13068155188346262 0.13795727280396355 0.0 0.0 0.0 0.17135008833480198 0.12080744242597999 0.021324029591477667 0.0 0.0 0.15935032208100297 0.1733760012296614 0.0 0.16829881537310512 0.23209755749093444 0.0 0.23848144335958757 0.0 0.0 0.3714166597095403 0.0 0.0 0.0 0.10703137441186819 0.0 0.0 0.0 0.0 0.21749986960508022 0.0 0.0 0.0 0.0 0.3327571652978662 0.1465497856502965 0.26344244724187166 0.23694875630503742 0.0 0.0 0.0 0.0 0.0 0.0 0.0 0.0 0.0 0.0 0.0 0.0 0.0 0.0 0.0
a2iouac3vzbks6
aike
0.0 0.0 0.0 0.0 0.0 0.0 0.0 0.0 0.0 0.0 0.0 0.0 0.0 0.0 0.0 0.0 0.0 0.0 0.0 0.0 0.0 0.0 0.0 0.0 0.0 0.0 0.0 0.0 0.0 0.0 0.0 0.0 0.0 0.0 0.0 0.0 0.0 0.0 8.93241059096708 0.0 0.0 0.0 0.0 0.0 0.0 0.0 0.0 0.0 0.0 0.0 0.0 0.0 0.0
a353ocl6lm6m4o
it is also known that it is wrong that taliban are only against the education of girls
0.23825358082666181 0.15374300221583836 0.16230267388701594 0.0 0.0 0.0 0.0 0.14212640285409409 0.02508709363703255 0.0 0.0 0.18747096715412115 0.2039717661525428 0.0 0.19799860632130015 0.27305594998933463 0.04940834015281284 0.28056640395245597 0.3154634055579829 0.0 0.0 0.0 0.0 0.1238903855207545 0.0 0.0 0.0 0.0 0.0 0.0 0.0 0.0 0.0 0.0 0.0 0.0 0.0 0.0 0.0 0.3099322908727902 0.0 0.0 0.0 0.0 0.0 0.0 0.0 0.0 0.0 0.0 0.0 0.0 0.0
a3dd3acpmvdvca
another thing that becomes clear from this is that the accusation against the taliban that they are against girls education is not true
0.0 0.1136361320725762 0.0 0.0 0.21239056297968398 0.0 0.07450003840643564 0.15757492490345215 0.037085268854743766 0.27135510905135873 0.0 0.2771309949234834 0.15076174019970556 0.0 0.0 0.20182396303559516 0.0 0.2073751681387718 0.0 0.21126606251925267 0.0 0.27684614058719753 0.10490846258382779 0.09157115451534029 0.09307076035814625 0.0 0.0 0.0 0.0 0.0 0.1123351633940952 0.0 0.0 0.0 0.0 0.0 0.22908038890597537 0.0 0.0 0.0 0.21258084013619696 0.0 0.0 0.0 0.0 0.0 0.0 0.0 0.0 0.0 0.0 0.0 0.0
a2i57ww1b3evwx
from this condition it is clear that it is not proper to quote taliban as against women literacy
0.22501727078073616 0.14520172431495848 0.0 0.0 0.2713879415851517 0.0 0.09519449351933444 0.0671152457922111 0.0 0.0 0.0 0.17705591342333662 0.19264000136629045 0.0 0.0 0.0 0.0 0.0 0.0 0.0 0.0 0.0 0.13404970219044662 0.0 0.11892374934652021 0.0 0.0 0.0 0.0 0.0 0.0 0.0 0.0 0.0 0.0 0.0 0.0 0.0 0.0 0.0 0.0 0.3251553796351326 0.3683236387762797 0.059993017206175586 0.5122273701899367 0.14640562616850802 0.25193776498651294 0.47371919349216196 0.0 0.0 0.0 0.0 0.0
a230hf2okthmdz
aike
0.0 0.0 0.0 0.0 0.0 0.0 0.0 0.0 0.0 0.0 0.0 0.0 0.0 0.0 0.0 0.0 0.0 0.0 0.0 0.0 0.0 0.0 0.0 0.0 0.0 0.0 0.0 0.0 0.0 0.0 0.0 0.0 0.0 0.0 0.0 0.0 0.0 0.0 8.93241059096708 0.0 0.0 0.0 0.0 0.0 0.0 0.0 0.0 0.0 0.0 0.0 0.0 0.0 0.0
a17b7qtkwfq5pq
aike
0.0 0.0 0.0 0.0 0.0 0.0 0.0 0.0 0.0 0.0 0.0 0.0 0.0 0.0 0.0 0.0 0.0 0.0 0.0 0.0 0.0 0.0 0.0 0.0 0.0 0.0 0.0 0.0 0.0 0.0 0.0 0.0 0.0 0.0 0.0 0.0 0.0 0.0 8.93241059096708 0.0 0.0 0.0 0.0 0.0 0.0 0.0 0.0 0.0 0.0 0.0 0.0 0.0 0.0
a3edprdq0s0hp3
aike
0.0 0.0 0.0 0.0 0.0 0.0 0.0 0.0 0.0 0.0 0.0 0.0 0.0 0.0 0.0 0.0 0.0 0.0 0.0 0.0 0.0 0.0 0.0 0.0 0.0 0.0 0.0 0.0 0.0 0.0 0.0 0.0 0.0 0.0 0.0 0.0 0.0 0.0 8.93241059096708 0.0 0.0 0.0 0.0 0.0 0.0 0.0 0.0 0.0 0.0 0.0 0.0 0.0 0.0
al2rcq9eyun61
it is also incorrect that the taliban are only against the public education of girls
0.1350103624684417 0.08712103458897508 0.18394303040528473 0.0 0.0 0.0 0.0 0.08053829495065332 0.05686407891060711 0.0 0.0 0.21246709610800396 0.2311680016395485 0.0 0.2243984204974735 0.3094634099879126 0.05599611883985455 0.3179752578127834 0.0 0.0 0.0 0.0 0.0 0.14040910359018843 0.0 0.0 0.0 0.0 0.0 0.0 0.0 0.0 0.0 0.5954940393978053 0.0 0.0 0.0 0.0 0.0 0.0 0.0 0.0 0.0 0.0 0.0 0.0 0.0 0.0 0.3139488771268007 0.0 0.0 0.0 0.0
air4uqnpimfcj
it is also known that it is wrong that the taliban are only against the education of girls
0.22501727078073616 0.14520172431495848 0.1532858586710706 0.0 0.0 0.0 0.0 0.1342304915844222 0.04738673242550592 0.0 0.0 0.17705591342333662 0.19264000136629045 0.0 0.18699868374789458 0.25788617498992716 0.04666343236654546 0.26497938151065287 0.29793766080476164 0.0 0.0 0.0 0.0 0.11700758632515702 0.0 0.0 0.0 0.0 0.0 0.0 0.0 0.0 0.0 0.0 0.0 0.0 0.0 0.0 0.0 0.2927138302687463 0.0 0.0 0.0 0.0 0.0 0.0 0.0 0.0 0.0 0.0 0.0 0.0 0.0
a6tw9zegog7ph
it is also known that it is wrong that taliban are only against the education of girls
0.23825358082666181 0.15374300221583836 0.16230267388701594 0.0 0.0 0.0 0.0 0.14212640285409409 0.02508709363703255 0.0 0.0 0.18747096715412115 0.2039717661525428 0.0 0.19799860632130015 0.27305594998933463 0.04940834015281284 0.28056640395245597 0.3154634055579829 0.0 0.0 0.0 0.0 0.1238903855207545 0.0 0.0 0.0 0.0 0.0 0.0 0.0 0.0 0.0 0.0 0.0 0.0 0.0 0.0 0.0 0.3099322908727902 0.0 0.0 0.0 0.0 0.0 0.0 0.0 0.0 0.0 0.0 0.0 0.0 0.0
a3qu3km3iywhif
another thing that becomes clear from this is that the accusation of the taliban being against girls education is not true
0.0 0.12445862084139298 0.0 0.0 0.23261823564441578 0.0 0.08159528015942952 0.11505470707236189 0.04061719922186222 0.29719845277053575 0.0 0.15176221150571712 0.1651200011711061 0.0 0.0 0.221045292848509 0.03999722774275325 0.22712518415198815 0.0 0.23138663990203864 0.0 0.3032124396907402 0.11489974473466853 0.0 0.10193464229701732 0.0 0.0 0.0 0.0 0.0 0.0 0.0 0.0 0.0 0.0 0.0 0.25089756880178254 0.0 0.0 0.0 0.23282663443488238 0.0 0.0 0.0 0.0 0.0 0.0 0.0 0.0 0.17407486933791275 0.0 0.0 0.0
a230hf2okthmdz
another thing that becomes clear from this is that the accusation against the taliban that they are against girls education is not true
0.0 0.1136361320725762 0.0 0.0 0.21239056297968398 0.0 0.07450003840643564 0.15757492490345215 0.037085268854743766 0.27135510905135873 0.0 0.2771309949234834 0.15076174019970556 0.0 0.0 0.20182396303559516 0.0 0.2073751681387718 0.0 0.21126606251925267 0.0 0.27684614058719753 0.10490846258382779 0.09157115451534029 0.09307076035814625 0.0 0.0 0.0 0.0 0.0 0.1123351633940952 0.0 0.0 0.0 0.0 0.0 0.22908038890597537 0.0 0.0 0.0 0.21258084013619696 0.0 0.0 0.0 0.0 0.0 0.0 0.0 0.0 0.0 0.0 0.0 0.0
a1wdewmcsp3t61
another thing that becomes clear from this is that the accusations against the taliban that they are against girls education is not true
0.0 0.1136361320725762 0.0 0.0 0.21239056297968398 0.0 0.07450003840643564 0.15757492490345215 0.037085268854743766 0.0 0.0 0.2771309949234834 0.15076174019970556 0.0 0.0 0.20182396303559516 0.0 0.2073751681387718 0.0 0.21126606251925267 0.0 0.27684614058719753 0.10490846258382779 0.09157115451534029 0.09307076035814625 0.0 0.0 0.0 0.0 0.0 0.1123351633940952 0.0 0.0 0.0 0.0 0.0 0.22908038890597537 0.0 0.0 0.0 0.21258084013619696 0.0 0.0 0.0 0.0 0.0 0.0 0.0 0.0 0.0 0.28717969066881144 0.0 0.0
a1mmshjhu659at
it is clear from this condition that its not proper to quote taliban against womens literacy
0.12657221481416409 0.08167596992716414 0.0 0.0 0.3053114342832957 0.0 0.10709380520925124 0.07550465151623749 0.0 0.0 0.0 0.1991879026012537 0.21672000153707674 0.0 0.0 0.0 0.0 0.0 0.0 0.0 0.0 0.0 0.15080591496425244 0.0 0.13378921801483523 0.0 0.0 0.0 0.0 0.0 0.0 0.0 0.0 0.0 0.0 0.0 0.0 0.0 0.0 0.0 0.0 0.3657998020895242 0.41436409362331467 0.06749214435694753 0.5762557914636788 0.0 0.0 0.5329340926786822 0.0 0.0 0.0 0.20711393514838192 0.4462906951086891
