shagufta congratulations to you too happy eid congragulationa and mubarak as well thank greetings same in reply of shugfath good shaguftah blooming wish also i were really mubark
shagufta congratulations to you too happy eid
1.1770376300581622 1.087236392997823 0.15426775853016578 0.45540087454151773 0.7164857205754135 0.9096373190722205 0.7733471676640773 0.0 0.0 0.0 0.0 0.0 0.0 0.0 0.0 0.0 0.0 0.0 0.0 0.0 0.0 0.0 0.0 0.0 0.0 0.0 0.0 0.0
shagufta congragulationa and eid mubarak to you as well
0.9154737122674594 0.0 0.11998603441235117 0.35420068019895823 0.0 0.0 0.6014922415165045 1.1465227724541078 0.11044055997803243 0.7074956926117271 0.29281125233701605 0.4991894271896134 0.0 0.0 0.0 0.0 0.0 0.0 0.0 0.0 0.0 0.0 0.0 0.0 0.0 0.0 0.0 0.0
shagufta thank you eid greetings to you as well
0.9154737122674594 0.0 0.11998603441235117 0.7084013603979165 0.0 0.0 0.6014922415165045 0.0 0.0 0.0 0.29281125233701605 0.4991894271896134 0.7187285944863235 0.6810055788956162 0.0 0.0 0.0 0.0 0.0 0.0 0.0 0.0 0.0 0.0 0.0 0.0 0.0 0.0
shagufta well greetings eid mubarak to you too
1.029907926300892 0.0 0.13498428871389506 0.398475765223828 0.6269250055034868 0.0 0.6766787717060676 0.0 0.0 0.7959326541881929 0.0 0.5615881055883151 0.0 0.7661312762575682 0.0 0.0 0.0 0.0 0.0 0.0 0.0 0.0 0.0 0.0 0.0 0.0 0.0 0.0
a3hs2e871iw2fi
shagufta same to you in reply of eid mubarak
0.9154737122674594 0.0 0.11998603441235117 0.35420068019895823 0.0 0.0 0.6014922415165045 0.0 0.0 0.7074956926117271 0.0 0.0 0.0 0.0 0.48679652744494933 0.1144256336062979 0.7312261482004003 0.09332686473309092 0.0 0.0 0.0 0.0 0.0 0.0 0.0 0.0 0.0 0.0
a172x4w90uost1
shugfath good greetings eid mubarak to you too
0.0 0.0 0.13498428871389506 0.398475765223828 0.6269250055034868 0.0 0.6766787717060676 0.0 0.0 0.7959326541881929 0.0 0.0 0.0 0.7661312762575682 0.0 0.0 0.0 0.0 1.116551323870885 0.5739821505624717 0.0 0.0 0.0 0.0 0.0 0.0 0.0 0.0
a3dd3acpmvdvca
shaguftah well congratulations eid mubarak to you too
0.0 0.9513318438730951 0.13498428871389506 0.398475765223828 0.6269250055034868 0.0 0.6766787717060676 0.0 0.0 0.7959326541881929 0.0 0.5615881055883151 0.0 0.0 0.0 0.0 0.0 0.0 0.0 0.0 1.116551323870885 0.0 0.0 0.0 0.0 0.0 0.0 0.0
a1aczgd5azz3r7
blooming mubarak wish you also eid mubarak
0.0 0.0 0.0 0.45540087454151773 0.0 0.0 0.7733471676640773 0.0 0.0 1.819274638144441 0.0 0.0 0.0 0.0 0.0 0.0 0.0 0.0 0.0 0.0 0.0 1.2441810056646958 0.8013106786820909 0.394163636582753 0.0 0.0 0.0 0.0
a1b6zigmal4vx5
shagufta same to you in reply of eid mubarak
0.9154737122674594 0.0 0.11998603441235117 0.35420068019895823 0.0 0.0 0.6014922415165045 0.0 0.0 0.7074956926117271 0.0 0.0 0.0 0.0 0.48679652744494933 0.1144256336062979 0.7312261482004003 0.09332686473309092 0.0 0.0 0.0 0.0 0.0 0.0 0.0 0.0 0.0 0.0
a230hf2okthmdz
shagufta same to you in reply of eid mubarak
0.9154737122674594 0.0 0.11998603441235117 0.35420068019895823 0.0 0.0 0.6014922415165045 0.0 0.0 0.7074956926117271 0.0 0.0 0.0 0.0 0.48679652744494933 0.1144256336062979 0.7312261482004003 0.09332686473309092 0.0 0.0 0.0 0.0 0.0 0.0 0.0 0.0 0.0 0.0
a34erkopmv5x3c
shagufta same to you in reply of eid mubarak
0.9154737122674594 0.0 0.11998603441235117 0.35420068019895823 0.0 0.0 0.6014922415165045 0.0 0.0 0.7074956926117271 0.0 0.0 0.0 0.0 0.48679652744494933 0.1144256336062979 0.7312261482004003 0.09332686473309092 0.0 0.0 0.0 0.0 0.0 0.0 0.0 0.0 0.0 0.0
a1kf7gs7yulm10
shugfath good greetings eid mubarak to you too
0.0 0.0 0.13498428871389506 0.398475765223828 0.6269250055034868 0.0 0.6766787717060676 0.0 0.0 0.7959326541881929 0.0 0.0 0.0 0.7661312762575682 0.0 0.0 0.0 0.0 1.116551323870885 0.5739821505624717 0.0 0.0 0.0 0.0 0.0 0.0 0.0 0.0
a2qxd8jqk5bvez
shugfath good greetings eid mubarak to you too
0.0 0.0 0.13498428871389506 0.398475765223828 0.6269250055034868 0.0 0.6766787717060676 0.0 0.0 0.7959326541881929 0.0 0.0 0.0 0.7661312762575682 0.0 0.0 0.0 0.0 1.116551323870885 0.5739821505624717 0.0 0.0 0.0 0.0 0.0 0.0 0.0 0.0
a396ko3shx4udi
shugfath good greetings eid mubarak to you too
0.0 0.0 0.13498428871389506 0.398475765223828 0.6269250055034868 0.0 0.6766787717060676 0.0 0.0 0.7959326541881929 0.0 0.0 0.0 0.7661312762575682 0.0 0.0 0.0 0.0 1.116551323870885 0.5739821505624717 0.0 0.0 0.0 0.0 0.0 0.0 0.0 0.0
al2rcq9eyun61
shaguftah well congratulations eid mubarak to you too
0.0 0.9513318438730951 0.13498428871389506 0.398475765223828 0.6269250055034868 0.0 0.6766787717060676 0.0 0.0 0.7959326541881929 0.0 0.5615881055883151 0.0 0.0 0.0 0.0 0.0 0.0 0.0 0.0 1.116551323870885 0.0 0.0 0.0 0.0 0.0 0.0 0.0
a1dndzlo2d5d48
shaguftah well congratulations eid mubarak to you too
0.0 0.9513318438730951 0.13498428871389506 0.398475765223828 0.6269250055034868 0.0 0.6766787717060676 0.0 0.0 0.7959326541881929 0.0 0.5615881055883151 0.0 0.0 0.0 0.0 0.0 0.0 0.0 0.0 1.116551323870885 0.0 0.0 0.0 0.0 0.0 0.0 0.0
a291u81kgj6l9n
shaguftah well congratulations eid mubarak to you too
0.0 0.9513318438730951 0.13498428871389506 0.398475765223828 0.6269250055034868 0.0 0.6766787717060676 0.0 0.0 0.7959326541881929 0.0 0.5615881055883151 0.0 0.0 0.0 0.0 0.0 0.0 0.0 0.0 1.116551323870885 0.0 0.0 0.0 0.0 0.0 0.0 0.0
a29vl1u4i9f3pd
blooming i wish you were really eid mubark
0.0 0.0 0.0 0.398475765223828 0.0 0.0 0.6766787717060676 0.0 0.0 0.0 0.0 0.0 0.0 0.0 0.0 0.0 0.0 0.0 0.0 0.0 0.0 1.0886583799566087 0.7011468438468296 0.0 0.40599760560333675 0.36895348652574483 0.7389982131028398 1.2031947214408782
