and we are deliberating about the places where death is rampant place dancing in process of consultations dance on procrastinating debating a our heads there matter still holding meetings that doing consensus discussions opinions more risk to areas mumbai through any sources negotiating while revolving at addition consenting than other source recent years number chemical herbal health supplements has greatly increased popularity one most popular human growth hormone commonly known as hgh
and we are deliberating about the places where death is rampant
0.09036045816384472 0.2784007011269355 0.19146695944116604 0.8381902421289873 0.28327670505124847 0.03877096289359576 0.5643482807194236 0.4114264857911661 0.42911663573532693 0.11880141080314784 0.938064086553361 0.0 0.0 0.0 0.0 0.0 0.0 0.0 0.0 0.0 0.0 0.0 0.0 0.0 0.0 0.0 0.0 0.0 0.0 0.0 0.0 0.0 0.0 0.0 0.0 0.0 0.0 0.0 0.0 0.0 0.0 0.0 0.0 0.0 0.0 0.0 0.0 0.0 0.0 0.0 0.0 0.0 0.0 0.0 0.0 0.0 0.0 0.0 0.0 0.0 0.0 0.0 0.0 0.0 0.0 0.0 0.0 0.0 0.0 0.0 0.0 0.0
and about the place where death is dancing we are in the process of consultations
0.06626433598681945 0.2041605141597527 0.14040910359018843 0.0 0.20773625037091556 0.05686407891060711 0.0 0.3017127562468552 0.3146855328725731 0.08712103458897508 0.0 0.30212050471468416 0.5684630321905944 0.06865538016377874 0.4284589769317562 0.05599611883985455 0.6417038514351351 0.0 0.0 0.0 0.0 0.0 0.0 0.0 0.0 0.0 0.0 0.0 0.0 0.0 0.0 0.0 0.0 0.0 0.0 0.0 0.0 0.0 0.0 0.0 0.0 0.0 0.0 0.0 0.0 0.0 0.0 0.0 0.0 0.0 0.0 0.0 0.0 0.0 0.0 0.0 0.0 0.0 0.0 0.0 0.0 0.0 0.0 0.0 0.0 0.0 0.0 0.0 0.0 0.0 0.0 0.0
and where the dance of death is on we are procrastinating
0.09036045816384472 0.2784007011269355 0.19146695944116604 0.0 0.0 0.03877096289359576 0.0 0.4114264857911661 0.42911663573532693 0.11880141080314784 0.0 0.0 0.0 0.0 0.0 0.07635834387252893 0.0 0.7048868722386759 0.17027343294325484 0.938064086553361 0.0 0.0 0.0 0.0 0.0 0.0 0.0 0.0 0.0 0.0 0.0 0.0 0.0 0.0 0.0 0.0 0.0 0.0 0.0 0.0 0.0 0.0 0.0 0.0 0.0 0.0 0.0 0.0 0.0 0.0 0.0 0.0 0.0 0.0 0.0 0.0 0.0 0.0 0.0 0.0 0.0 0.0 0.0 0.0 0.0 0.0 0.0 0.0 0.0 0.0 0.0 0.0
and we are debating about a place where death is dancing on our heads
0.07099750284302085 0.21874340802830644 0.1504383252752019 0.0 0.2225745539688381 0.0 0.0 0.3232636674073448 0.3371630709348997 0.09334396563104473 0.0 0.32370054076573307 0.6090675344899225 0.0 0.0 0.0 0.0 0.0 0.1337862687411288 0.0 0.737050353720498 0.10127738194083881 0.2393425535917919 0.4810847152593472 0.0 0.0 0.0 0.0 0.0 0.0 0.0 0.0 0.0 0.0 0.0 0.0 0.0 0.0 0.0 0.0 0.0 0.0 0.0 0.0 0.0 0.0 0.0 0.0 0.0 0.0 0.0 0.0 0.0 0.0 0.0 0.0 0.0 0.0 0.0 0.0 0.0 0.0 0.0 0.0 0.0 0.0 0.0 0.0 0.0 0.0 0.0 0.0
a3dd3acpmvdvca
and where there is a matter of death we are still holding meetings about that
0.06626433598681945 0.2041605141597527 0.14040910359018843 0.0 0.20773625037091556 0.0 0.0 0.3017127562468552 0.3146855328725731 0.08712103458897508 0.0 0.0 0.0 0.0 0.0 0.05599611883985455 0.0 0.0 0.0 0.0 0.0 0.09452555647811622 0.0 0.0 0.19093233351486466 0.326544663520979 0.28444105221083693 0.41495735932432465 0.449012400908724 0.08053829495065332 0.0 0.0 0.0 0.0 0.0 0.0 0.0 0.0 0.0 0.0 0.0 0.0 0.0 0.0 0.0 0.0 0.0 0.0 0.0 0.0 0.0 0.0 0.0 0.0 0.0 0.0 0.0 0.0 0.0 0.0 0.0 0.0 0.0 0.0 0.0 0.0 0.0 0.0 0.0 0.0 0.0 0.0
a1wyssw33m2fz2
and where death is dancing we are doing consensus
0.11044055997803243 0.3402675235995878 0.23401517265031405 0.0 0.0 0.0 0.0 0.5028545937447586 0.5244758881209551 0.14520172431495848 0.0 0.0 0.9474383869843239 0.0 0.0 0.0 0.0 0.0 0.0 0.0 0.0 0.0 0.0 0.0 0.0 0.0 0.0 0.0 0.0 0.0 0.5161535205461643 0.8456283056649734 0.0 0.0 0.0 0.0 0.0 0.0 0.0 0.0 0.0 0.0 0.0 0.0 0.0 0.0 0.0 0.0 0.0 0.0 0.0 0.0 0.0 0.0 0.0 0.0 0.0 0.0 0.0 0.0 0.0 0.0 0.0 0.0 0.0 0.0 0.0 0.0 0.0 0.0 0.0 0.0
a2pwmdzucikw4c
there are discussions and opinions on the matter where there are more risk to death in the areas of mumbai through any sources
0.04321587129575182 0.0 0.18314230903068057 0.0 0.0 0.037085268854743766 0.0 0.19676918885664466 0.2052296953516781 0.0 0.0 0.0 0.0 0.04477524793289918 0.0 0.036519207939035576 0.0 0.0 0.08143512010329579 0.0 0.0 0.0 0.0 0.0 0.24904217414982346 0.21296391099194284 0.0 0.0 0.0 0.0 0.0 0.0 0.2893540567807532 0.29531932293351343 0.15746394367045594 0.2645477585865092 0.0469510569439635 0.2133503869666057 0.1651340793273163 0.20604239678698907 0.154058211354373 0.2240834338331938 0.0 0.0 0.0 0.0 0.0 0.0 0.0 0.0 0.0 0.0 0.0 0.0 0.0 0.0 0.0 0.0 0.0 0.0 0.0 0.0 0.0 0.0 0.0 0.0 0.0 0.0 0.0 0.0 0.0 0.0
a1u0z1mafqeh9y
and we are negotiating while death is revolving at our heads
0.09036045816384472 0.2784007011269355 0.19146695944116604 0.0 0.0 0.0 0.0 0.0 0.42911663573532693 0.11880141080314784 0.0 0.0 0.0 0.0 0.0 0.0 0.0 0.0 0.0 0.0 0.0 0.0 0.3046177954804624 0.6122896376028055 0.0 0.0 0.0 0.0 0.0 0.0 0.0 0.0 0.0 0.0 0.0 0.0 0.0 0.0 0.0 0.0 0.0 0.0 0.8381902421289873 0.3647663331944505 0.938064086553361 0.2815999867185886 0.0 0.0 0.0 0.0 0.0 0.0 0.0 0.0 0.0 0.0 0.0 0.0 0.0 0.0 0.0 0.0 0.0 0.0 0.0 0.0 0.0 0.0 0.0 0.0 0.0 0.0
aa1hdtufsq32b
in addition where there is a matter of death we are still holding meetings about that
0.0 0.19140048202476814 0.13163353461580166 0.0 0.19475273472273333 0.0 0.0 0.2828557089814267 0.29501768706803727 0.08167596992716414 0.0 0.0 0.0 0.06436441890354257 0.0 0.05249636141236364 0.0 0.0 0.0 0.0 0.0 0.08861770919823396 0.0 0.0 0.17899906267018562 0.3061356220509178 0.26666348644765964 0.3890225243665544 0.4209491258519288 0.07550465151623749 0.0 0.0 0.0 0.0 0.0 0.0 0.0 0.0 0.0 0.0 0.0 0.0 0.0 0.0 0.0 0.0 0.3710423948383181 0.0 0.0 0.0 0.0 0.0 0.0 0.0 0.0 0.0 0.0 0.0 0.0 0.0 0.0 0.0 0.0 0.0 0.0 0.0 0.0 0.0 0.0 0.0 0.0 0.0
a1zmueyrdv7lk6
and where there is a matter of death we are still holding meetings about that
0.06626433598681945 0.2041605141597527 0.14040910359018843 0.0 0.20773625037091556 0.0 0.0 0.3017127562468552 0.3146855328725731 0.08712103458897508 0.0 0.0 0.0 0.0 0.0 0.05599611883985455 0.0 0.0 0.0 0.0 0.0 0.09452555647811622 0.0 0.0 0.19093233351486466 0.326544663520979 0.28444105221083693 0.41495735932432465 0.449012400908724 0.08053829495065332 0.0 0.0 0.0 0.0 0.0 0.0 0.0 0.0 0.0 0.0 0.0 0.0 0.0 0.0 0.0 0.0 0.0 0.0 0.0 0.0 0.0 0.0 0.0 0.0 0.0 0.0 0.0 0.0 0.0 0.0 0.0 0.0 0.0 0.0 0.0 0.0 0.0 0.0 0.0 0.0 0.0 0.0
a6tw9zegog7ph
and where there is a matter of death we are still holding meetings about that
0.06626433598681945 0.2041605141597527 0.14040910359018843 0.0 0.20773625037091556 0.0 0.0 0.3017127562468552 0.3146855328725731 0.08712103458897508 0.0 0.0 0.0 0.0 0.0 0.05599611883985455 0.0 0.0 0.0 0.0 0.0 0.09452555647811622 0.0 0.0 0.19093233351486466 0.326544663520979 0.28444105221083693 0.41495735932432465 0.449012400908724 0.08053829495065332 0.0 0.0 0.0 0.0 0.0 0.0 0.0 0.0 0.0 0.0 0.0 0.0 0.0 0.0 0.0 0.0 0.0 0.0 0.0 0.0 0.0 0.0 0.0 0.0 0.0 0.0 0.0 0.0 0.0 0.0 0.0 0.0 0.0 0.0 0.0 0.0 0.0 0.0 0.0 0.0 0.0 0.0
acjl95je4qgk4
where death is dancing we are doing consensus
0.0 0.3828009640495363 0.2632670692316033 0.0 0.0 0.0 0.0 0.5657114179628534 0.5900353741360745 0.16335193985432828 0.0 0.0 1.0658681853573644 0.0 0.0 0.0 0.0 0.0 0.0 0.0 0.0 0.0 0.0 0.0 0.0 0.0 0.0 0.0 0.0 0.0 0.5806727106144348 0.9513318438730951 0.0 0.0 0.0 0.0 0.0 0.0 0.0 0.0 0.0 0.0 0.0 0.0 0.0 0.0 0.0 0.0 0.0 0.0 0.0 0.0 0.0 0.0 0.0 0.0 0.0 0.0 0.0 0.0 0.0 0.0 0.0 0.0 0.0 0.0 0.0 0.0 0.0 0.0 0.0 0.0
a230hf2okthmdz
and where death is dancing we are consenting
0.12424562997528649 0.3828009640495363 0.2632670692316033 0.0 0.0 0.0 0.0 0.5657114179628534 0.5900353741360745 0.16335193985432828 0.0 0.0 1.0658681853573644 0.0 0.0 0.0 0.0 0.0 0.0 0.0 0.0 0.0 0.0 0.0 0.0 0.0 0.0 0.0 0.0 0.0 0.0 0.0 0.0 0.0 0.0 0.0 0.0 0.0 0.0 0.0 0.0 0.0 0.0 0.0 0.0 0.0 0.0 1.2898381190108714 0.0 0.0 0.0 0.0 0.0 0.0 0.0 0.0 0.0 0.0 0.0 0.0 0.0 0.0 0.0 0.0 0.0 0.0 0.0 0.0 0.0 0.0 0.0 0.0
a14b80scbt25dr
and where death is dancing we are doing consensus
0.11044055997803243 0.3402675235995878 0.23401517265031405 0.0 0.0 0.0 0.0 0.5028545937447586 0.5244758881209551 0.14520172431495848 0.0 0.0 0.9474383869843239 0.0 0.0 0.0 0.0 0.0 0.0 0.0 0.0 0.0 0.0 0.0 0.0 0.0 0.0 0.0 0.0 0.0 0.5161535205461643 0.8456283056649734 0.0 0.0 0.0 0.0 0.0 0.0 0.0 0.0 0.0 0.0 0.0 0.0 0.0 0.0 0.0 0.0 0.0 0.0 0.0 0.0 0.0 0.0 0.0 0.0 0.0 0.0 0.0 0.0 0.0 0.0 0.0 0.0 0.0 0.0 0.0 0.0 0.0 0.0 0.0 0.0
air4uqnpimfcj
there are discussions and opinions on the matter where there are more risk to death in the areas of mumbai through any sources
0.04321587129575182 0.0 0.18314230903068057 0.0 0.0 0.037085268854743766 0.0 0.19676918885664466 0.2052296953516781 0.0 0.0 0.0 0.0 0.04477524793289918 0.0 0.036519207939035576 0.0 0.0 0.08143512010329579 0.0 0.0 0.0 0.0 0.0 0.24904217414982346 0.21296391099194284 0.0 0.0 0.0 0.0 0.0 0.0 0.2893540567807532 0.29531932293351343 0.15746394367045594 0.2645477585865092 0.0469510569439635 0.2133503869666057 0.1651340793273163 0.20604239678698907 0.154058211354373 0.2240834338331938 0.0 0.0 0.0 0.0 0.0 0.0 0.0 0.0 0.0 0.0 0.0 0.0 0.0 0.0 0.0 0.0 0.0 0.0 0.0 0.0 0.0 0.0 0.0 0.0 0.0 0.0 0.0 0.0 0.0 0.0
a1qabqi4s90bfu
there are discussions and opinions on the matter where there are more risk to death in the areas of mumbai through any sources
0.04321587129575182 0.0 0.18314230903068057 0.0 0.0 0.037085268854743766 0.0 0.19676918885664466 0.2052296953516781 0.0 0.0 0.0 0.0 0.04477524793289918 0.0 0.036519207939035576 0.0 0.0 0.08143512010329579 0.0 0.0 0.0 0.0 0.0 0.24904217414982346 0.21296391099194284 0.0 0.0 0.0 0.0 0.0 0.0 0.2893540567807532 0.29531932293351343 0.15746394367045594 0.2645477585865092 0.0469510569439635 0.2133503869666057 0.1651340793273163 0.20604239678698907 0.154058211354373 0.2240834338331938 0.0 0.0 0.0 0.0 0.0 0.0 0.0 0.0 0.0 0.0 0.0 0.0 0.0 0.0 0.0 0.0 0.0 0.0 0.0 0.0 0.0 0.0 0.0 0.0 0.0 0.0 0.0 0.0 0.0 0.0
a22s90xoln7wd2
there are discussions and opinions on the matter that mumbai is more of a risk to death than any other source
0.0473316685620139 0.0 0.10029221685013459 0.0 0.0 0.02030859961093111 0.0 0.0 0.2247753806232665 0.06222931042069649 0.0 0.0 0.0 0.0 0.0 0.03999722774275325 0.0 0.0 0.08919084582741921 0.0 0.0 0.06751825462722587 0.0 0.0 0.13638023822490333 0.23324618822927073 0.0 0.0 0.0 0.05752735353618094 0.0 0.0 0.3169115859979678 0.3234449727367052 0.17246050973430888 0.2897427832137958 0.05142258617672193 0.0 0.18086113450134642 0.0 0.1687304219595514 0.0 0.0 0.0 0.0 0.0 0.0 0.0 0.19797607763770925 0.15898233388215274 0.36241213099927433 0.0 0.0 0.0 0.0 0.0 0.0 0.0 0.0 0.0 0.0 0.0 0.0 0.0 0.0 0.0 0.0 0.0 0.0 0.0 0.0 0.0
aslrrfy2saj4d
in recent years the number of chemical and herbal health supplements has greatly increased in popularity one of the most popular is human growth hormone commonly known as hgh
0.03427465654490662 0.0 0.0 0.0 0.0 0.029412454608934713 0.0 0.0 0.0 0.045062604097745734 0.0 0.0 0.0 0.07102280706597801 0.0 0.05792701948950471 0.0 0.0 0.0 0.0 0.0 0.0 0.0 0.0 0.0 0.0 0.0 0.0 0.0 0.0 0.0 0.0 0.0 0.0 0.0 0.0 0.0 0.0 0.0 0.0 0.0 0.0 0.0 0.0 0.0 0.0 0.0 0.0 0.0 0.0 0.0 0.19701844021030618 0.14214692497560172 0.1570177189414526 0.23853474380775225 0.24216786503733245 0.1980687577097789 0.24216786503733245 0.07078612475624908 0.2216167122060808 0.17046298428975193 0.21463311689189207 0.10106881768985966 0.15648142883774627 0.23421877336106237 0.15333059181419154 0.24091380834178508 0.24216786503733245 0.24482169404202656 0.1816844463737046 0.09087245762183258 0.24216786503733245
