and one needs to cook meat by oneself on this farm including taking the skin off at has be prepared personally removal we have go that cut all skinning note is supposed help remove as well chop mutton in you yourself removing chickens prepare it too get his own done form also includes how make himself meet witout a down chicken process
and one needs to cook meat by oneself on this farm including taking the skin off
0.06212281498764324 0.18318723206287063 0.404284834398557 0.06749214435694753 0.5232996751894786 0.47566592193654755 0.1559662038375905 0.48961239389368566 0.1170629851484877 0.10709380520925124 0.4517289061705409 0.29713653404776735 0.293870865901275 0.026655036989347083 0.4462906951086891 0.3517098168661142 0.0 0.0 0.0 0.0 0.0 0.0 0.0 0.0 0.0 0.0 0.0 0.0 0.0 0.0 0.0 0.0 0.0 0.0 0.0 0.0 0.0 0.0 0.0 0.0 0.0 0.0 0.0 0.0 0.0 0.0 0.0 0.0 0.0 0.0 0.0 0.0 0.0 0.0 0.0 0.0 0.0 0.0 0.0 0.0 0.0 0.0
at this farm the meat has to be prepared personally including the skin removal
0.0 0.0 0.0 0.07713387926508289 0.0 0.5436181964989115 0.0 0.0 0.0 0.12239292023914428 0.5162616070520467 0.33958461034030557 0.0 0.06092579883279333 0.5100465086956446 0.0 0.22125713242174821 0.14662840128080168 0.1533444961399393 0.41888268970239023 0.737050353720498 0.4872998136157493 0.0 0.0 0.0 0.0 0.0 0.0 0.0 0.0 0.0 0.0 0.0 0.0 0.0 0.0 0.0 0.0 0.0 0.0 0.0 0.0 0.0 0.0 0.0 0.0 0.0 0.0 0.0 0.0 0.0 0.0 0.0 0.0 0.0 0.0 0.0 0.0 0.0 0.0 0.0 0.0
and we have to go to that farm cut all the meat including skinning
0.07099750284302085 0.0 0.0 0.15426775853016578 0.0 0.5436181964989115 0.0 0.0 0.0 0.0 0.5162616070520467 0.33958461034030557 0.0 0.030462899416396665 0.0 0.0 0.0 0.0 0.0 0.0 0.0 0.0 0.21874340802830644 0.1634264305706021 0.38256145155907595 0.08629103030427142 0.45906318956973885 0.22451537417591064 0.737050353720498 0.0 0.0 0.0 0.0 0.0 0.0 0.0 0.0 0.0 0.0 0.0 0.0 0.0 0.0 0.0 0.0 0.0 0.0 0.0 0.0 0.0 0.0 0.0 0.0 0.0 0.0 0.0 0.0 0.0 0.0 0.0 0.0 0.0
and on that note one is supposed to help to remove the skin as well as chop the mutton
0.05231394946327852 0.15426293226347002 0.0 0.11367097996959584 0.0 0.0 0.0 0.0 0.09857935591451596 0.0 0.0 0.0 0.0 0.044892693876795085 0.37582374324942236 0.0 0.0 0.0 0.0 0.0 0.0 0.0 0.0 0.0 0.0 0.06358286443472631 0.0 0.0 0.0 0.3105191760152828 0.06877976414919085 0.4041919801300901 0.23982387206877862 0.31800204384583763 0.2774001337929626 0.2364581497213958 0.44878660436099554 0.5430897343203669 0.0 0.0 0.0 0.0 0.0 0.0 0.0 0.0 0.0 0.0 0.0 0.0 0.0 0.0 0.0 0.0 0.0 0.0 0.0 0.0 0.0 0.0 0.0 0.0
a3hs2e871iw2fi
in this farm you have to cook the meat by yourself including removing the chickens skin
0.0 0.0 0.0 0.06749214435694753 0.5232996751894786 0.47566592193654755 0.1559662038375905 0.0 0.0 0.10709380520925124 0.4517289061705409 0.29713653404776735 0.0 0.05331007397869417 0.4462906951086891 0.0 0.0 0.0 0.0 0.0 0.0 0.0 0.0 0.14299812674927684 0.0 0.0 0.0 0.0 0.0 0.0 0.0 0.0 0.0 0.0 0.0 0.0 0.0 0.0 0.06436441890354257 0.199237882611914 0.45768579240831125 0.3890225243665544 0.46089162330753314 0.0 0.0 0.0 0.0 0.0 0.0 0.0 0.0 0.0 0.0 0.0 0.0 0.0 0.0 0.0 0.0 0.0 0.0 0.0
a172x4w90uost1
and prepare the meat skin it off too
0.12424562997528649 0.0 0.0 0.0 0.0 0.9513318438730951 0.0 0.0 0.0 0.0 0.0 0.0 0.0 0.05331007397869417 0.8925813902173781 0.7034196337322284 0.0 0.0 0.0 0.0 0.0 0.0 0.0 0.0 0.0 0.0 0.0 0.0 0.0 0.0 0.0 0.0 0.0 0.0 0.0 0.0 0.0 0.0 0.0 0.0 0.0 0.0 0.0 0.8490430534338511 0.25314442962832817 0.6269250055034868 0.0 0.0 0.0 0.0 0.0 0.0 0.0 0.0 0.0 0.0 0.0 0.0 0.0 0.0 0.0 0.0
a3dd3acpmvdvca
at this farm one has to get his own meat done including removing the skin
0.0 0.19539971420039534 0.0 0.0719916206474107 0.0 0.5073769833989841 0.0 0.0 0.0 0.11423339222320132 0.4818441665819103 0.3169456363176185 0.0 0.028432039455303555 0.476043408115935 0.0 0.206506656926965 0.13685317452874823 0.0 0.0 0.0 0.0 0.0 0.0 0.0 0.0 0.0 0.0 0.0 0.0 0.0 0.0 0.0 0.0 0.0 0.0 0.0 0.0 0.0 0.0 0.0 0.41495735932432465 0.0 0.0 0.0 0.0 0.289999826140107 0.17802946141233672 0.28273751391586244 0.30677848337871655 0.0 0.0 0.0 0.0 0.0 0.0 0.0 0.0 0.0 0.0 0.0 0.0
a1aczgd5azz3r7
and the form also includes how to make himself meet witout a skin down
0.07099750284302085 0.0 0.0 0.07713387926508289 0.0 0.0 0.0 0.0 0.0 0.0 0.0 0.0 0.0 0.030462899416396665 0.5100465086956446 0.0 0.0 0.0 0.0 0.0 0.0 0.0 0.0 0.0 0.0 0.0 0.0 0.0 0.0 0.0 0.0 0.0 0.0 0.0 0.0 0.0 0.0 0.0 0.0 0.0 0.0 0.0 0.0 0.0 0.0 0.0 0.0 0.0 0.0 0.0 0.39812663026598 0.1970818182913765 0.48516745910505776 0.28024595385510864 0.32570022701497786 0.39875046454946256 0.4388798344422381 0.687539840823359 0.10127738194083881 0.3719083688378877 0.0 0.0
a1b6zigmal4vx5
in this farm you have to prepare the meat yourself including removing the chickens skin
0.0 0.0 0.0 0.0719916206474107 0.0 0.5073769833989841 0.0 0.0 0.0 0.11423339222320132 0.4818441665819103 0.3169456363176185 0.0 0.05686407891060711 0.476043408115935 0.0 0.0 0.0 0.0 0.0 0.0 0.0 0.0 0.15253133519922862 0.0 0.0 0.0 0.0 0.0 0.0 0.0 0.0 0.0 0.0 0.0 0.0 0.0 0.0 0.06865538016377874 0.21252040811937492 0.4881981785688653 0.41495735932432465 0.49161773152803534 0.45282296183138726 0.0 0.0 0.0 0.0 0.0 0.0 0.0 0.0 0.0 0.0 0.0 0.0 0.0 0.0 0.0 0.0 0.0 0.0
a230hf2okthmdz
in this form you have to cook the meat by yourself including removing the chickens skin
0.0 0.0 0.0 0.06749214435694753 0.5232996751894786 0.47566592193654755 0.1559662038375905 0.0 0.0 0.10709380520925124 0.0 0.29713653404776735 0.0 0.05331007397869417 0.4462906951086891 0.0 0.0 0.0 0.0 0.0 0.0 0.0 0.0 0.14299812674927684 0.0 0.0 0.0 0.0 0.0 0.0 0.0 0.0 0.0 0.0 0.0 0.0 0.0 0.0 0.06436441890354257 0.199237882611914 0.45768579240831125 0.3890225243665544 0.46089162330753314 0.0 0.0 0.0 0.0 0.0 0.0 0.0 0.3483608014827325 0.0 0.0 0.0 0.0 0.0 0.0 0.0 0.0 0.0 0.0 0.0
a34erkopmv5x3c
at this farm you have to prepare the meat by yourself including removing the chickens skin
0.0 0.0 0.0 0.06749214435694753 0.0 0.47566592193654755 0.1559662038375905 0.0 0.0 0.10709380520925124 0.4517289061705409 0.29713653404776735 0.0 0.05331007397869417 0.4462906951086891 0.0 0.19359999086902968 0.0 0.0 0.0 0.0 0.0 0.0 0.14299812674927684 0.0 0.0 0.0 0.0 0.0 0.0 0.0 0.0 0.0 0.0 0.0 0.0 0.0 0.0 0.0 0.199237882611914 0.45768579240831125 0.3890225243665544 0.46089162330753314 0.42452152671692556 0.0 0.0 0.0 0.0 0.0 0.0 0.0 0.0 0.0 0.0 0.0 0.0 0.0 0.0 0.0 0.0 0.0 0.0
a1kf7gs7yulm10
to prepare the meat and skin the chicken too
0.11044055997803243 0.0 0.0 0.11998603441235117 0.0 0.8456283056649734 0.0 0.0 0.0 0.0 0.0 0.0 0.0 0.09477346485101185 0.793405680193225 0.0 0.0 0.0 0.0 0.0 0.0 0.0 0.0 0.0 0.0 0.0 0.0 0.0 0.0 0.0 0.0 0.0 0.0 0.0 0.0 0.0 0.0 0.0 0.0 0.0 0.0 0.0 0.0 0.7547049363856454 0.0 0.557266671558655 0.0 0.0 0.0 0.0 0.0 0.0 0.0 0.0 0.0 0.0 0.0 0.0 0.0 0.0 1.1465227724541078 0.0
a2qxd8jqk5bvez
and prepare the meat skin it too
0.1419950056860417 0.0 0.0 0.0 0.0 1.087236392997823 0.0 0.0 0.0 0.0 0.0 0.0 0.0 0.06092579883279333 1.0200930173912892 0.0 0.0 0.0 0.0 0.0 0.0 0.0 0.0 0.0 0.0 0.0 0.0 0.0 0.0 0.0 0.0 0.0 0.0 0.0 0.0 0.0 0.0 0.0 0.0 0.0 0.0 0.0 0.0 0.9703349182101155 0.2893079195752322 0.7164857205754135 0.0 0.0 0.0 0.0 0.0 0.0 0.0 0.0 0.0 0.0 0.0 0.0 0.0 0.0 0.0 0.0
a396ko3shx4udi
and prepare the meat skin it off
0.1419950056860417 0.0 0.0 0.0 0.0 1.087236392997823 0.0 0.0 0.0 0.0 0.0 0.0 0.0 0.06092579883279333 1.0200930173912892 0.8039081528368325 0.0 0.0 0.0 0.0 0.0 0.0 0.0 0.0 0.0 0.0 0.0 0.0 0.0 0.0 0.0 0.0 0.0 0.0 0.0 0.0 0.0 0.0 0.0 0.0 0.0 0.0 0.0 0.9703349182101155 0.2893079195752322 0.0 0.0 0.0 0.0 0.0 0.0 0.0 0.0 0.0 0.0 0.0 0.0 0.0 0.0 0.0 0.0 0.0
al2rcq9eyun61
at this farm one has to process his own meat including removing the skin
0.0 0.20935683664328072 0.0 0.07713387926508289 0.0 0.5436181964989115 0.0 0.0 0.0 0.12239292023914428 0.5162616070520467 0.33958461034030557 0.0 0.030462899416396665 0.5100465086956446 0.0 0.22125713242174821 0.14662840128080168 0.0 0.0 0.0 0.0 0.0 0.0 0.0 0.0 0.0 0.0 0.0 0.0 0.0 0.0 0.0 0.0 0.0 0.0 0.0 0.0 0.0 0.0 0.0 0.44459717070463356 0.0 0.0 0.0 0.0 0.0 0.1907458515132179 0.3029330506241383 0.0 0.0 0.0 0.0 0.0 0.0 0.0 0.0 0.0 0.0 0.0 0.0 0.45906318956973885
a1dndzlo2d5d48
at this farm one has to get his own meat done including removing the skin
0.0 0.19539971420039534 0.0 0.0719916206474107 0.0 0.5073769833989841 0.0 0.0 0.0 0.11423339222320132 0.4818441665819103 0.3169456363176185 0.0 0.028432039455303555 0.476043408115935 0.0 0.206506656926965 0.13685317452874823 0.0 0.0 0.0 0.0 0.0 0.0 0.0 0.0 0.0 0.0 0.0 0.0 0.0 0.0 0.0 0.0 0.0 0.0 0.0 0.0 0.0 0.0 0.0 0.41495735932432465 0.0 0.0 0.0 0.0 0.289999826140107 0.17802946141233672 0.28273751391586244 0.30677848337871655 0.0 0.0 0.0 0.0 0.0 0.0 0.0 0.0 0.0 0.0 0.0 0.0
a291u81kgj6l9n
at this farm one has to get his own meat done including removing the skin
0.0 0.19539971420039534 0.0 0.0719916206474107 0.0 0.5073769833989841 0.0 0.0 0.0 0.11423339222320132 0.4818441665819103 0.3169456363176185 0.0 0.028432039455303555 0.476043408115935 0.0 0.206506656926965 0.13685317452874823 0.0 0.0 0.0 0.0 0.0 0.0 0.0 0.0 0.0 0.0 0.0 0.0 0.0 0.0 0.0 0.0 0.0 0.0 0.0 0.0 0.0 0.0 0.0 0.41495735932432465 0.0 0.0 0.0 0.0 0.289999826140107 0.17802946141233672 0.28273751391586244 0.30677848337871655 0.0 0.0 0.0 0.0 0.0 0.0 0.0 0.0 0.0 0.0 0.0 0.0
a29vl1u4i9f3pd
and the form also includes how to make himself meet witout a skin down
0.07099750284302085 0.0 0.0 0.07713387926508289 0.0 0.0 0.0 0.0 0.0 0.0 0.0 0.0 0.0 0.030462899416396665 0.5100465086956446 0.0 0.0 0.0 0.0 0.0 0.0 0.0 0.0 0.0 0.0 0.0 0.0 0.0 0.0 0.0 0.0 0.0 0.0 0.0 0.0 0.0 0.0 0.0 0.0 0.0 0.0 0.0 0.0 0.0 0.0 0.0 0.0 0.0 0.0 0.0 0.39812663026598 0.1970818182913765 0.48516745910505776 0.28024595385510864 0.32570022701497786 0.39875046454946256 0.4388798344422381 0.687539840823359 0.10127738194083881 0.3719083688378877 0.0 0.0
