do not it because of americas pressure dont under from america american the this come during falling only in response to pressures doesnt happen fall
do not do it because of americas pressure
0.8094592638490472 0.26757843602967046 0.25314442962832817 0.4900137521939704 0.10499272282472728 0.6862989018480837 0.5996555042780906 0.0 0.0 0.0 0.0 0.0 0.0 0.0 0.0 0.0 0.0 0.0 0.0 0.0 0.0 0.0 0.0 0.0 0.0
dont do it under pressure from america
0.4625481507708841 0.0 0.2893079195752322 0.0 0.0 0.0 0.6853205763178177 0.6759223276695315 0.6270165440995823 0.34469923420400556 0.43921106235480295 0.0 0.0 0.0 0.0 0.0 0.0 0.0 0.0 0.0 0.0 0.0 0.0 0.0 0.0
dont do it under american pressure
0.5396395092326981 0.0 0.33752590617110423 0.0 0.0 0.0 0.7995406723707874 0.7885760489477868 0.7315193014495126 0.0 0.0 0.5233599113872118 0.0 0.0 0.0 0.0 0.0 0.0 0.0 0.0 0.0 0.0 0.0 0.0 0.0
not under pressure from america
0.0 0.42812549764747276 0.0 0.0 0.0 0.0 0.9594488068449449 0.0 0.8778231617394152 0.4825789278856078 0.6148954872967242 0.0 0.0 0.0 0.0 0.0 0.0 0.0 0.0 0.0 0.0 0.0 0.0 0.0 0.0
a2qlm59qc9g1uf
dont do it under the pressure of america
0.4047296319245236 0.0 0.25314442962832817 0.0 0.10499272282472728 0.0 0.5996555042780906 0.5914320367108401 0.5486394760871345 0.0 0.3843096795604526 0.0 0.05331007397869417 0.0 0.0 0.0 0.0 0.0 0.0 0.0 0.0 0.0 0.0 0.0 0.0
a143bvgouf83je
do not do it under american pressure
0.9250963015417683 0.30580392689105196 0.2893079195752322 0.0 0.0 0.0 0.6853205763178177 0.0 0.6270165440995823 0.0 0.0 0.44859420976046727 0.0 0.0 0.0 0.0 0.0 0.0 0.0 0.0 0.0 0.0 0.0 0.0 0.0
a3dd3acpmvdvca
do not do it under the pressure from america
0.7195193456435975 0.23784749869304042 0.22501727078073616 0.0 0.0 0.0 0.5330271149138582 0.0 0.4876795342996751 0.26809940438089325 0.3416086040537356 0.0 0.04738673242550592 0.0 0.0 0.0 0.0 0.0 0.0 0.0 0.0 0.0 0.0 0.0 0.0
a3kwcqj39dxkt4
this do not come during the falling
0.4625481507708841 0.30580392689105196 0.0 0.0 0.0 0.0 0.0 0.0 0.0 0.0 0.0 0.0 0.06092579883279333 0.24478584047828855 0.6270165440995823 0.5619300790127493 1.0611904563129724 0.0 0.0 0.0 0.0 0.0 0.0 0.0 0.0
ancf53mqwds6z
dont do it only in response to the pressures of the america
0.26981975461634905 0.0 0.16876295308555211 0.0 0.06999514854981818 0.0 0.0 0.3942880244738934 0.0 0.0 0.2562064530403017 0.0 0.07108009863825888 0.0 0.0 0.0 0.0 0.28049802562184184 0.08581922520472342 0.4867806781340637 0.08998952580926338 0.859892079340581 0.0 0.0 0.0
a6tw9zegog7ph
dont do it under the pressure of america
0.4047296319245236 0.0 0.25314442962832817 0.0 0.10499272282472728 0.0 0.5996555042780906 0.5914320367108401 0.5486394760871345 0.0 0.3843096795604526 0.0 0.05331007397869417 0.0 0.0 0.0 0.0 0.0 0.0 0.0 0.0 0.0 0.0 0.0 0.0
a3edprdq0s0hp3
dont do it under the pressure of america
0.4047296319245236 0.0 0.25314442962832817 0.0 0.10499272282472728 0.0 0.5996555042780906 0.5914320367108401 0.5486394760871345 0.0 0.3843096795604526 0.0 0.05331007397869417 0.0 0.0 0.0 0.0 0.0 0.0 0.0 0.0 0.0 0.0 0.0 0.0
a1395pss402i1j
do not do it under american pressure
0.9250963015417683 0.30580392689105196 0.2893079195752322 0.0 0.0 0.0 0.6853205763178177 0.0 0.6270165440995823 0.0 0.0 0.44859420976046727 0.0 0.0 0.0 0.0 0.0 0.0 0.0 0.0 0.0 0.0 0.0 0.0 0.0
a6tw9zegog7ph
do not do it under american pressure
0.9250963015417683 0.30580392689105196 0.2893079195752322 0.0 0.0 0.0 0.6853205763178177 0.0 0.6270165440995823 0.0 0.0 0.44859420976046727 0.0 0.0 0.0 0.0 0.0 0.0 0.0 0.0 0.0 0.0 0.0 0.0 0.0
a3andctf0w1pqd
do not do it under american pressure
0.9250963015417683 0.30580392689105196 0.2893079195752322 0.0 0.0 0.0 0.6853205763178177 0.0 0.6270165440995823 0.0 0.0 0.44859420976046727 0.0 0.0 0.0 0.0 0.0 0.0 0.0 0.0 0.0 0.0 0.0 0.0 0.0
a1wrvfwizbd6rc
do not do it because of american pressure
0.8094592638490472 0.26757843602967046 0.25314442962832817 0.4900137521939704 0.10499272282472728 0.0 0.5996555042780906 0.0 0.0 0.0 0.0 0.39251993354040887 0.0 0.0 0.0 0.0 0.0 0.0 0.0 0.0 0.0 0.0 0.0 0.0 0.0
a14b80scbt25dr
do not do it under the pressure from america
0.7195193456435975 0.23784749869304042 0.22501727078073616 0.0 0.0 0.0 0.5330271149138582 0.0 0.4876795342996751 0.26809940438089325 0.3416086040537356 0.0 0.04738673242550592 0.0 0.0 0.0 0.0 0.0 0.0 0.0 0.0 0.0 0.0 0.0 0.0
a230hf2okthmdz
do not do it under the pressure from america
0.7195193456435975 0.23784749869304042 0.22501727078073616 0.0 0.0 0.0 0.5330271149138582 0.0 0.4876795342996751 0.26809940438089325 0.3416086040537356 0.0 0.04738673242550592 0.0 0.0 0.0 0.0 0.0 0.0 0.0 0.0 0.0 0.0 0.0 0.0
a3ohqrf1mdq99b
this doesnt happen during the fall
0.0 0.0 0.0 0.0 0.0 0.0 0.0 0.0 0.0 0.0 0.0 0.0 0.07108009863825888 0.2855834805580033 0.0 0.6555850921815408 0.0 0.0 0.0 0.0 0.0 0.0 1.029261704282573 1.00020280642511 1.1767680690109148
