financial crisis billionaire german industrialists suicide economic industrialist commits setback of a capitalism revolution death the millionare millionaire leads to due commites
financial crisis billionaire german industrialists suicide
0.8426691271970141 0.8148932205220883 1.279941270411952 0.738304498959015 1.3535800624584586 0.893812982414285 0.0 0.0 0.0 0.0 0.0 0.0 0.0 0.0 0.0 0.0 0.0 0.0 0.0 0.0 0.0 0.0
economic crisis billionaire german industrialist commits suicide
0.0 0.6984799033046472 1.0970925174959587 0.6328324276791557 0.0 0.7661254134979585 0.7082018266253637 1.02617296230826 1.1451599798704177 0.0 0.0 0.0 0.0 0.0 0.0 0.0 0.0 0.0 0.0 0.0 0.0 0.0
economic crisis german billionaire industrialist commits suicide
0.0 0.6984799033046472 1.0970925174959587 0.6328324276791557 0.0 0.7661254134979585 0.7082018266253637 1.02617296230826 1.1451599798704177 0.0 0.0 0.0 0.0 0.0 0.0 0.0 0.0 0.0 0.0 0.0 0.0 0.0
economic crisis german billionaire commits suicide
0.0 0.8148932205220883 1.279941270411952 0.738304498959015 0.0 0.893812982414285 0.8262354643962576 0.0 1.3360199765154874 0.0 0.0 0.0 0.0 0.0 0.0 0.0 0.0 0.0 0.0 0.0 0.0 0.0
a1wyssw33m2fz2
economic setback suicide of german billionaire industrialist
0.0 0.0 1.0970925174959587 0.6328324276791557 0.0 0.7661254134979585 0.7082018266253637 1.02617296230826 0.0 1.0693559440043934 0.11999168322825975 0.0 0.0 0.0 0.0 0.0 0.0 0.0 0.0 0.0 0.0 0.0
a143bvgouf83je
financial crisis suicide of a billionaire german industrialist
0.6320018453977606 0.6111699153915663 0.959955952808964 0.5537283742192612 0.0 0.6703597368107137 0.0 0.8979013420197276 0.0 0.0 0.10499272282472728 0.17723541839646792 0.0 0.0 0.0 0.0 0.0 0.0 0.0 0.0 0.0 0.0
ayowrg5s0py3f
capitalism revolution death of the german millionare
0.0 0.0 0.0 0.6328324276791557 0.0 0.0 0.0 0.0 0.0 0.0 0.11999168322825975 0.0 1.27605865585244 0.9930584460143567 0.6743261418697994 0.06092579883279333 1.375079681646718 0.0 0.0 0.0 0.0 0.0
a8v7wa74iohz9
financial crisis german millionaire industrialists suicide
0.8426691271970141 0.8148932205220883 0.0 0.738304498959015 1.3535800624584586 0.893812982414285 0.0 0.0 0.0 0.0 0.0 0.0 0.0 0.0 0.0 0.0 0.0 1.4887350984945134 0.0 0.0 0.0 0.0
a330jjzgjl7ig2
economic setback suicide of german billionaire industrialist
0.0 0.0 1.0970925174959587 0.6328324276791557 0.0 0.7661254134979585 0.7082018266253637 1.02617296230826 0.0 1.0693559440043934 0.11999168322825975 0.0 0.0 0.0 0.0 0.0 0.0 0.0 0.0 0.0 0.0 0.0
a1lkw32z4tqsw7
economic setback leads to suicide of german billionaire
0.0 0.0 0.959955952808964 0.5537283742192612 0.0 0.6703597368107137 0.6196765982971932 0.0 0.0 0.9356864510038443 0.10499272282472728 0.0 0.0 0.0 0.0 0.0 0.0 0.0 1.0465993503789572 0.13498428871389506 0.0 0.0
a262d9pq8d093q
economic setback due to the suicide of german billionaire industrialist
0.0 0.0 0.7679647622471711 0.442982699375409 0.0 0.5362877894485709 0.4957412786377546 0.7183210736157821 0.0 0.7485491608030754 0.08399417825978182 0.0 0.0 0.0 0.0 0.042648059182955333 0.0 0.0 0.0 0.10798743097111604 0.43525582129632784 0.0
a1dndzlo2d5d48
financial crisis suicide of a billionaire german industrialist
0.6320018453977606 0.6111699153915663 0.959955952808964 0.5537283742192612 0.0 0.6703597368107137 0.0 0.8979013420197276 0.0 0.0 0.10499272282472728 0.17723541839646792 0.0 0.0 0.0 0.0 0.0 0.0 0.0 0.0 0.0 0.0
a1e4smxrh1paux
financial crisis german industrialist billionaire commites suicide
0.7222878233117264 0.6984799033046472 1.0970925174959587 0.6328324276791557 0.0 0.7661254134979585 0.0 1.02617296230826 0.0 0.0 0.0 0.0 0.0 0.0 0.0 0.0 0.0 0.0 0.0 0.0 0.0 1.474100707440996
a3ng7x4apiv649
financial crisis suicide of billionaire german industrialist
0.7222878233117264 0.6984799033046472 1.0970925174959587 0.6328324276791557 0.0 0.7661254134979585 0.0 1.02617296230826 0.0 0.0 0.11999168322825975 0.0 0.0 0.0 0.0 0.0 0.0 0.0 0.0 0.0 0.0 0.0
a18w8cd53dji9q
capitalism revolution death of german millionare
0.0 0.0 0.0 0.738304498959015 0.0 0.0 0.0 0.0 0.0 0.0 0.13999029709963637 0.0 1.4887350984945134 1.1585681870167495 0.7867138321814328 0.0 1.6042596285878377 0.0 0.0 0.0 0.0 0.0
a2u70ov2bw11tg
capitalism revolution death of the german millionaire
0.0 0.0 0.0 0.6328324276791557 0.0 0.0 0.0 0.0 0.0 0.0 0.11999168322825975 0.0 1.27605865585244 0.9930584460143567 0.6743261418697994 0.06092579883279333 0.0 1.27605865585244 0.0 0.0 0.0 0.0
a1dndzlo2d5d48
capitalism revolution death of the german millionaire
0.0 0.0 0.0 0.6328324276791557 0.0 0.0 0.0 0.0 0.0 0.0 0.11999168322825975 0.0 1.27605865585244 0.9930584460143567 0.6743261418697994 0.06092579883279333 0.0 1.27605865585244 0.0 0.0 0.0 0.0
a3ohqrf1mdq99b
financial crisis german millionaire industrialist commits suicide
0.7222878233117264 0.6984799033046472 0.0 0.6328324276791557 0.0 0.7661254134979585 0.0 1.02617296230826 1.1451599798704177 0.0 0.0 0.0 0.0 0.0 0.0 0.0 0.0 1.27605865585244 0.0 0.0 0.0 0.0
