search for girl with help of mobile phone the through assisstance missing conducted a cell by helped to find baby traced aids ends sought helps was
search for girl with help of mobile phone
0.791215113190337 0.24133871239280189 0.7983599149203306 0.2937981815092817 0.5695816961633492 0.10499272282472728 0.8318929132446655 0.7552548541338644 0.0 0.0 0.0 0.0 0.0 0.0 0.0 0.0 0.0 0.0 0.0 0.0 0.0 0.0 0.0 0.0 0.0 0.0
search for girl with the help of mobile
0.791215113190337 0.24133871239280189 0.7983599149203306 0.2937981815092817 0.5695816961633492 0.10499272282472728 0.8318929132446655 0.0 0.05331007397869417 0.0 0.0 0.0 0.0 0.0 0.0 0.0 0.0 0.0 0.0 0.0 0.0 0.0 0.0 0.0 0.0 0.0
search for girl through mobile assisstance
1.0549534842537827 0.3217849498570692 1.0644798865604408 0.0 0.0 0.0 1.1091905509928874 0.0 0.0 0.7898291876834581 1.719784158681162 0.0 0.0 0.0 0.0 0.0 0.0 0.0 0.0 0.0 0.0 0.0 0.0 0.0 0.0 0.0
search for missing girl conducted with help of mobile phone
0.6329720905522696 0.1930709699142415 0.6386879319362645 0.23503854520742537 0.45566535693067933 0.08399417825978182 0.6655143305957324 0.6042038833070915 0.0 0.0 0.0 0.8372794803031658 0.6207831087913659 0.0 0.0 0.0 0.0 0.0 0.0 0.0 0.0 0.0 0.0 0.0 0.0 0.0
a1wyssw33m2fz2
search of girl with the help of a cell phone
0.6329720905522696 0.0 0.6386879319362645 0.23503854520742537 0.45566535693067933 0.16798835651956365 0.0 0.6042038833070915 0.042648059182955333 0.0 0.0 0.0 0.0 0.14178833471717434 0.6655143305957324 0.0 0.0 0.0 0.0 0.0 0.0 0.0 0.0 0.0 0.0 0.0
a3dd3acpmvdvca
the search of a girl by mobile
0.9042458436460994 0.0 0.9124113313375207 0.0 0.0 0.11999168322825975 0.9507347579939035 0.0 0.06092579883279333 0.0 0.0 0.0 0.0 0.20255476388167762 0.0 0.35649418020020684 0.0 0.0 0.0 0.0 0.0 0.0 0.0 0.0 0.0 0.0
alzgu09bjzsiw
cell phone helped to find the baby
0.0 0.0 0.0 0.0 0.0 0.0 0.0 0.8631484047244165 0.06092579883279333 0.0 0.0 0.0 0.0 0.0 0.9507347579939035 0.0 0.9930584460143567 0.15426775853016578 0.7975009290989251 1.1315442398983715 0.0 0.0 0.0 0.0 0.0 0.0
a8v7wa74iohz9
girl traced with the help of mobile
0.0 0.0 0.9124113313375207 0.335769350296322 0.6509505099009705 0.11999168322825975 0.9507347579939035 0.0 0.06092579883279333 0.0 0.0 0.0 0.0 0.0 0.0 0.0 0.0 0.0 0.0 0.0 1.1602114821072502 0.0 0.0 0.0 0.0 0.0
a17ezclrdz3xmg
cell phone aids search for missing girl
0.9042458436460994 0.2758156713060593 0.9124113313375207 0.0 0.0 0.0 0.0 0.8631484047244165 0.0 0.0 0.0 1.1961135432902368 0.0 0.0 0.9507347579939035 0.0 0.0 0.0 0.0 0.0 0.0 1.2441810056646958 0.0 0.0 0.0 0.0
a2rcbwy8ulhnj0
search for a girl with the help of a cell phone
0.575429173229336 0.17551906355840138 0.5806253926693313 0.21367140473402307 0.41424123357334486 0.07635834387252893 0.0 0.5492762575519013 0.03877096289359576 0.0 0.0 0.0 0.0 0.25779697221304426 0.6050130278143022 0.0 0.0 0.0 0.0 0.0 0.0 0.0 0.0 0.0 0.0 0.0
a1dndzlo2d5d48
search for missing girl ends with the help of a cell phone
0.5274767421268913 0.1608924749285346 0.5322399432802204 0.19586545433952116 0.37972113077556613 0.06999514854981818 0.0 0.503503236089243 0.03554004931912944 0.0 0.0 0.6977329002526381 0.0 0.11815694559764528 0.5545952754964437 0.0 0.0 0.0 0.0 0.0 0.0 0.0 0.6528165251915808 0.0 0.0 0.0
a330jjzgjl7ig2
girl sought with help of cell phone
0.0 0.0 0.9124113313375207 0.335769350296322 0.6509505099009705 0.11999168322825975 0.0 0.8631484047244165 0.0 0.0 0.0 0.0 0.0 0.0 0.9507347579939035 0.0 0.0 0.0 0.0 0.0 0.0 0.0 0.0 1.0970925174959587 0.0 0.0
a2nrt6osd133jj
the search of a girl by mobile
0.9042458436460994 0.0 0.9124113313375207 0.0 0.0 0.11999168322825975 0.9507347579939035 0.0 0.06092579883279333 0.0 0.0 0.0 0.0 0.20255476388167762 0.0 0.35649418020020684 0.0 0.0 0.0 0.0 0.0 0.0 0.0 0.0 0.0 0.0
a143awku99stc9
mobile phone aids search for girl
1.0549534842537827 0.3217849498570692 1.0644798865604408 0.0 0.0 0.0 1.1091905509928874 1.007006472178486 0.0 0.0 0.0 0.0 0.0 0.0 0.0 0.0 0.0 0.0 0.0 0.0 0.0 1.4515445066088117 0.0 0.0 0.0 0.0
a2u70ov2bw11tg
cell phone helped to find baby
0.0 0.0 0.0 0.0 0.0 0.0 0.0 1.007006472178486 0.0 0.0 0.0 0.0 0.0 0.0 1.1091905509928874 0.0 1.1585681870167495 0.17997905161852676 0.9304177506154127 1.3201349465481 0.0 0.0 0.0 0.0 0.0 0.0
a1fnqhv04k4cvd
cell phone helps find missing baby
0.0 0.0 0.0 0.0 0.0 0.0 0.0 1.007006472178486 0.0 0.0 0.0 1.3954658005052762 0.0 0.0 1.1091905509928874 0.0 0.0 0.0 0.9304177506154127 1.3201349465481 0.0 0.0 0.0 0.0 1.1421615082145407 0.0
a230hf2okthmdz
cell phone helped to find the baby
0.0 0.0 0.0 0.0 0.0 0.0 0.0 0.8631484047244165 0.06092579883279333 0.0 0.0 0.0 0.0 0.0 0.9507347579939035 0.0 0.9930584460143567 0.15426775853016578 0.7975009290989251 1.1315442398983715 0.0 0.0 0.0 0.0 0.0 0.0
a1ayptb7ayz623
a girl was traced with the help of a mobile
0.0 0.0 0.6386879319362645 0.23503854520742537 0.45566535693067933 0.08399417825978182 0.6655143305957324 0.0 0.042648059182955333 0.0 0.0 0.0 0.0 0.28357666943434867 0.0 0.0 0.0 0.0 0.0 0.0 0.8121480374750751 0.0 0.0 0.0 0.0 0.21978189309941323
