we were considering the swati taliban group to be uncultured just because they complaining about education of women have been sawati as uncivilized who fed up with only female unwittingly kept talibani resented unnecessarily think that this are against womens is considered swat nonreligious freely which thinking these indelicate but unhappy over for no reason thought from sawat was non religious talibans related there in oppose and a sect had not opposes
we were considering the swati taliban group to be uncultured just because they were complaining about the education of women
0.1531203856198145 0.29516278922059586 0.3381678445298778 0.042648059182955333 0.3458753785212408 0.1733760012296614 0.21749986960508022 0.05399371548555802 0.10734114729795752 0.41196317052035675 0.2272076703271281 0.19600550087758817 0.1291854379032095 0.4812778885763513 0.15580218777818666 0.23209755749093444 0.04199708912989091 0.22674398848786165 0.0 0.0 0.0 0.0 0.0 0.0 0.0 0.0 0.0 0.0 0.0 0.0 0.0 0.0 0.0 0.0 0.0 0.0 0.0 0.0 0.0 0.0 0.0 0.0 0.0 0.0 0.0 0.0 0.0 0.0 0.0 0.0 0.0 0.0 0.0 0.0 0.0 0.0 0.0 0.0 0.0 0.0 0.0 0.0 0.0 0.0 0.0 0.0 0.0 0.0 0.0 0.0 0.0 0.0
we have been considering the sawati taliban group as uncivilized who were fed up with only female education
0.1701337617997939 0.1639793273447755 0.375742049477642 0.02369336621275296 0.0 0.19264000136629045 0.2416665217834225 0.0 0.0 0.0 0.0 0.0 0.0 0.0 0.0 0.25788617498992716 0.0 0.0 0.1271094459993572 0.16359461626315613 0.4651552668350921 0.14640562616850802 0.47371919349216196 0.16355977427044588 0.4400449821827 0.23916609978023162 0.13057696955968076 0.18699868374789458 0.3881389134395426 0.0 0.0 0.0 0.0 0.0 0.0 0.0 0.0 0.0 0.0 0.0 0.0 0.0 0.0 0.0 0.0 0.0 0.0 0.0 0.0 0.0 0.0 0.0 0.0 0.0 0.0 0.0 0.0 0.0 0.0 0.0 0.0 0.0 0.0 0.0 0.0 0.0 0.0 0.0 0.0 0.0 0.0 0.0
we unwittingly kept considering the swati talibani group uncivilized because they resented the education of the women
0.18014163014095824 0.0 0.39784452297632683 0.07526128091109764 0.4069122100249891 0.0 0.2558821995353885 0.0 0.0 0.0 0.0 0.2305947069148096 0.15198286812142292 0.0 0.0 0.27305594998933463 0.04940834015281284 0.2667576335151314 0.0 0.0 0.0 0.0 0.5015850284034656 0.0 0.0 0.0 0.0 0.0 0.0 0.60698264424041 0.33550496677915953 0.60698264424041 0.5662092806780603 0.0 0.0 0.0 0.0 0.0 0.0 0.0 0.0 0.0 0.0 0.0 0.0 0.0 0.0 0.0 0.0 0.0 0.0 0.0 0.0 0.0 0.0 0.0 0.0 0.0 0.0 0.0 0.0 0.0 0.0 0.0 0.0 0.0 0.0 0.0 0.0 0.0 0.0 0.0
we unnecessarily think that this swati taliban group who are against womens education is uncivilized
0.2041605141597527 0.0 0.0 0.0 0.46116717136165436 0.2311680016395485 0.289999826140107 0.0 0.0 0.0 0.0 0.0 0.0 0.0 0.0 0.3094634099879126 0.0 0.0 0.0 0.0 0.0 0.0 0.5684630321905944 0.19627172912453503 0.0 0.0 0.0 0.0 0.0 0.0 0.0 0.0 0.0 0.5344079906061949 0.278588026657381 0.08053829495065332 0.11423339222320132 0.14040910359018843 0.21246709610800396 0.476043408115935 0.08712103458897508 0.0 0.0 0.0 0.0 0.0 0.0 0.0 0.0 0.0 0.0 0.0 0.0 0.0 0.0 0.0 0.0 0.0 0.0 0.0 0.0 0.0 0.0 0.0 0.0 0.0 0.0 0.0 0.0 0.0 0.0 0.0
a1sanjgoj47idf
we considered taliban group of swat nonreligious freely which were only against women education
0.21874340802830644 0.21083056372899706 0.0 0.0 0.0 0.24768000175665913 0.3107140994358289 0.0 0.0 0.0 0.0 0.0 0.0 0.0 0.0 0.33156793927276346 0.05999584161412987 0.3239199835540881 0.0 0.0 0.0 0.0 0.0 0.0 0.0 0.0 0.0 0.2404268791044359 0.0 0.0 0.0 0.0 0.0 0.0 0.0 0.0 0.0 0.0 0.22764331725857567 0.0 0.0 0.4059982831326668 0.3303552009488765 0.63802932792622 0.63802932792622 0.21539535006072646 0.0 0.0 0.0 0.0 0.0 0.0 0.0 0.0 0.0 0.0 0.0 0.0 0.0 0.0 0.0 0.0 0.0 0.0 0.0 0.0 0.0 0.0 0.0 0.0 0.0 0.0
a143bvgouf83je
we unnecessarily kept thinking of these taliban of swat as indelicate but who were only unhappy over womens education
0.16117935328401528 0.15534883643189257 0.0 0.0 0.0 0.18250105392595936 0.0 0.0 0.0 0.0 0.0 0.0 0.0 0.0 0.0 0.24431321841150994 0.08841492448398088 0.0 0.0 0.0 0.0 0.1387000668964813 0.0 0.15495136509831714 0.0 0.0 0.0 0.17715664776116327 0.0 0.0 0.3001886544866164 0.0 0.0 0.4219010452154171 0.0 0.0 0.0 0.0 0.0 0.37582374324942236 0.0 0.0 0.24341962175180373 0.0 0.0 0.0 0.278329843720765 0.1585001388064333 0.4701268732087937 0.13745485772192093 0.42744633551319744 0.19659451210148454 0.0 0.0 0.0 0.0 0.0 0.0 0.0 0.0 0.0 0.0 0.0 0.0 0.0 0.0 0.0 0.0 0.0 0.0 0.0 0.0
a1wyssw33m2fz2
for no reason we thought that the taliban group from sawat was non religious who were only against women education
0.1531203856198145 0.14758139461029793 0.0 0.021324029591477667 0.0 0.1733760012296614 0.21749986960508022 0.0 0.0 0.0 0.0 0.0 0.0 0.0 0.0 0.23209755749093444 0.0 0.22674398848786165 0.0 0.0 0.0 0.0 0.0 0.1472037968434013 0.0 0.0 0.0 0.16829881537310512 0.0 0.0 0.0 0.0 0.0 0.0 0.0 0.060403721212989994 0.0 0.0 0.15935032208100297 0.0 0.0 0.0 0.0 0.0 0.0 0.0 0.0 0.0 0.0 0.0 0.0 0.0 0.09653548495712075 0.1664224225796545 0.24107683633968846 0.2955992852411359 0.12064473197140195 0.3458753785212408 0.10989094654970662 0.31934396596813225 0.2769790729487721 0.0 0.0 0.0 0.0 0.0 0.0 0.0 0.0 0.0 0.0 0.0
a2i57ww1b3evwx
we thought talibans as non related that there were just in oppose of education for women
0.19140048202476814 0.18447674326287242 0.0 0.0 0.0 0.0 0.0 0.0 0.0 0.0 0.2840095879089101 0.0 0.0 0.0 0.0 0.29012194686366805 0.05249636141236364 0.2834299856098271 0.0 0.0 0.0 0.16470632943957153 0.0 0.0 0.0 0.0 0.0 0.0 0.0 0.0 0.0 0.0 0.0 0.0 0.0 0.07550465151623749 0.0 0.0 0.0 0.0 0.0 0.0 0.0 0.0 0.0 0.0 0.0 0.0 0.0 0.0 0.0 0.0 0.12066935619640094 0.0 0.0 0.3694991065514199 0.0 0.0 0.0 0.3991799574601653 0.0 0.34675127047633164 0.35899962334897423 0.17899906267018562 0.06436441890354257 0.48460972466408964 0.0 0.0 0.0 0.0 0.0 0.0
au2ar4vob7vlv
we considered the taliban group of swat to be only against womens education
0.23556982403048388 0.0 0.0 0.0328061993715041 0.0 0.26673230958409444 0.33461518400781576 0.08306725459316619 0.16514022661224234 0.0 0.0 0.0 0.0 0.0 0.0 0.35707316537066836 0.06461090635367833 0.0 0.0 0.0 0.0 0.0 0.0 0.0 0.0 0.0 0.0 0.25892125442016173 0.0 0.0 0.0 0.0 0.0 0.0 0.0 0.0 0.0 0.0 0.2451543416630815 0.5492808555183866 0.0 0.43722892029671806 0.35576713948340544 0.0 0.0 0.0 0.0 0.0 0.0 0.0 0.0 0.0 0.0 0.0 0.0 0.0 0.0 0.0 0.0 0.0 0.0 0.0 0.0 0.0 0.0 0.0 0.0 0.0 0.0 0.0 0.0 0.0
a3andctf0w1pqd
we considered the taliban group of swat nonreligious and they were only against education of women
0.19140048202476814 0.18447674326287242 0.0 0.026655036989347083 0.0 0.21672000153707674 0.2718748370063503 0.0 0.0 0.0 0.0 0.0 0.16148179737901186 0.0 0.0 0.29012194686366805 0.10499272282472728 0.2834299856098271 0.0 0.0 0.0 0.0 0.0 0.0 0.0 0.0 0.0 0.2103735192163814 0.0 0.0 0.0 0.0 0.0 0.0 0.0 0.0 0.0 0.0 0.1991879026012537 0.0 0.0 0.3552484977410834 0.2890608008302669 0.5582756619354425 0.0 0.0 0.0 0.0 0.0 0.0 0.0 0.0 0.0 0.0 0.0 0.0 0.0 0.0 0.0 0.0 0.0 0.0 0.0 0.0 0.0 0.0 0.06212281498764324 0.0 0.0 0.0 0.0 0.0
a31ikb373dzonk
we considered the taliban group of swat a freely nonreligious sect against the education of women
0.19140048202476814 0.0 0.0 0.05331007397869417 0.0 0.21672000153707674 0.2718748370063503 0.0 0.0 0.0 0.0 0.0 0.0 0.0 0.0 0.29012194686366805 0.10499272282472728 0.2834299856098271 0.0 0.0 0.0 0.0 0.0 0.0 0.0 0.0 0.0 0.0 0.0 0.0 0.0 0.0 0.0 0.0 0.0 0.0 0.0 0.0 0.1991879026012537 0.0 0.0 0.3552484977410834 0.2890608008302669 0.5582756619354425 0.5582756619354425 0.0 0.0 0.0 0.0 0.0 0.0 0.0 0.0 0.0 0.0 0.0 0.0 0.0 0.0 0.0 0.0 0.0 0.0 0.0 0.0 0.0 0.0 0.08861770919823396 0.4950506049555375 0.0 0.0 0.0
a6tw9zegog7ph
we unnecessarily kept thinking of these taliban of swat as indelicate but who were only unhappy over womens education
0.16117935328401528 0.15534883643189257 0.0 0.0 0.0 0.18250105392595936 0.0 0.0 0.0 0.0 0.0 0.0 0.0 0.0 0.0 0.24431321841150994 0.08841492448398088 0.0 0.0 0.0 0.0 0.1387000668964813 0.0 0.15495136509831714 0.0 0.0 0.0 0.17715664776116327 0.0 0.0 0.3001886544866164 0.0 0.0 0.4219010452154171 0.0 0.0 0.0 0.0 0.0 0.37582374324942236 0.0 0.0 0.24341962175180373 0.0 0.0 0.0 0.278329843720765 0.1585001388064333 0.4701268732087937 0.13745485772192093 0.42744633551319744 0.19659451210148454 0.0 0.0 0.0 0.0 0.0 0.0 0.0 0.0 0.0 0.0 0.0 0.0 0.0 0.0 0.0 0.0 0.0 0.0 0.0 0.0
a2qxd8jqk5bvez
we unnecessarily kept thinking of these taliban of swat as indelicate but who were only unhappy over womens education
0.16117935328401528 0.15534883643189257 0.0 0.0 0.0 0.18250105392595936 0.0 0.0 0.0 0.0 0.0 0.0 0.0 0.0 0.0 0.24431321841150994 0.08841492448398088 0.0 0.0 0.0 0.0 0.1387000668964813 0.0 0.15495136509831714 0.0 0.0 0.0 0.17715664776116327 0.0 0.0 0.3001886544866164 0.0 0.0 0.4219010452154171 0.0 0.0 0.0 0.0 0.0 0.37582374324942236 0.0 0.0 0.24341962175180373 0.0 0.0 0.0 0.278329843720765 0.1585001388064333 0.4701268732087937 0.13745485772192093 0.42744633551319744 0.19659451210148454 0.0 0.0 0.0 0.0 0.0 0.0 0.0 0.0 0.0 0.0 0.0 0.0 0.0 0.0 0.0 0.0 0.0 0.0 0.0 0.0
a3l62wt9zlhu7v
we unnecessarily kept thinking of these taliban of swat as indelicate and were only unhappy over female education
0.1701337617997939 0.1639793273447755 0.0 0.0 0.0 0.19264000136629045 0.0 0.0 0.0 0.0 0.0 0.0 0.0 0.0 0.0 0.25788617498992716 0.09332686473309092 0.0 0.0 0.0 0.0 0.14640562616850802 0.0 0.0 0.0 0.0 0.0 0.18699868374789458 0.3881389134395426 0.0 0.3168658019580951 0.0 0.0 0.4453399921718291 0.0 0.0 0.0 0.0 0.0 0.0 0.0 0.0 0.2569429340713484 0.0 0.0 0.0 0.29379261281636304 0.16730570207345735 0.49624503283150445 0.0 0.4511933541528195 0.2075164294404559 0.0 0.0 0.0 0.0 0.0 0.0 0.0 0.0 0.0 0.0 0.0 0.0 0.0 0.0 0.05522027998901621 0.0 0.0 0.0 0.0 0.0
a3of46tb7y6sbp
for no reason had we thought that the taliban group from sawat was non religious who were only against women education
0.14582893868553765 0.14055370915266469 0.0 0.02030859961093111 0.0 0.1651200011711061 0.20714273295721927 0.0 0.0 0.0 0.0 0.0 0.0 0.0 0.0 0.221045292848509 0.0 0.2159466557027254 0.0 0.0 0.0 0.0 0.0 0.14019409223181073 0.0 0.0 0.0 0.16028458606962392 0.0 0.0 0.0 0.0 0.0 0.0 0.0 0.05752735353618094 0.0 0.0 0.15176221150571712 0.0 0.0 0.0 0.0 0.0 0.0 0.0 0.0 0.0 0.0 0.0 0.0 0.0 0.09193855710201977 0.15849754531395666 0.2295969869901795 0.2815231288010818 0.11489974473466853 0.3294051224011817 0.10465804433305392 0.30413711044584024 0.2637895932845448 0.0 0.0 0.0 0.0 0.0 0.0 0.0 0.0 0.1648186137876943 0.0 0.0
a291u81kgj6l9n
for no reason we thought that the taliban group from sawat was non religious and against education for women
0.16117935328401528 0.0 0.0 0.022446346938397543 0.0 0.18250105392595936 0.22894723116324234 0.0 0.0 0.0 0.0 0.0 0.0 0.0 0.0 0.24431321841150994 0.0 0.23867788261880174 0.0 0.0 0.0 0.0 0.0 0.0 0.0 0.0 0.0 0.0 0.0 0.0 0.0 0.0 0.0 0.0 0.0 0.06358286443472631 0.0 0.0 0.16773718113789787 0.0 0.0 0.0 0.0 0.0 0.0 0.0 0.0 0.0 0.0 0.0 0.0 0.0 0.2032325999097279 0.17518149745226788 0.2537650908838826 0.3111571423590904 0.1269944547067389 0.3640793458118324 0.11567468057863854 0.33615154312434975 0.2915569188934443 0.0 0.0 0.0 0.0 0.0 0.05231394946327852 0.0 0.0 0.0 0.0 0.0
air4uqnpimfcj
for no reason we thought that the taliban group from sawat was nonreligious who were only against female education
0.16117935328401528 0.15534883643189257 0.0 0.022446346938397543 0.0 0.18250105392595936 0.22894723116324234 0.0 0.0 0.0 0.0 0.0 0.0 0.0 0.0 0.24431321841150994 0.0 0.0 0.0 0.0 0.0 0.0 0.0 0.15495136509831714 0.0 0.0 0.0 0.17715664776116327 0.36771054957430355 0.0 0.0 0.0 0.0 0.0 0.0 0.06358286443472631 0.0 0.0 0.16773718113789787 0.0 0.0 0.0 0.0 0.4701268732087937 0.0 0.0 0.0 0.0 0.0 0.0 0.0 0.0 0.10161629995486395 0.17518149745226788 0.2537650908838826 0.3111571423590904 0.1269944547067389 0.3640793458118324 0.11567468057863854 0.0 0.0 0.0 0.0 0.0 0.0 0.0 0.0 0.0 0.0 0.0 0.0 0.0
a1aklmhymfgmc2
we are not related to the taliban taliban opposes education of women
0.25520064269969084 0.0 0.0 0.03554004931912944 0.0 0.5779200040988713 0.0 0.08998952580926338 0.0 0.0 0.0 0.0 0.0 0.0 0.0 0.38682926248489075 0.06999514854981818 0.37790664747976943 0.0 0.0 0.0 0.0 0.0 0.0 0.0 0.0 0.0 0.0 0.0 0.0 0.0 0.0 0.0 0.0 0.0 0.0 0.0 0.17551137948773554 0.0 0.0 0.0 0.0 0.0 0.0 0.0 0.0 0.0 0.0 0.0 0.0 0.0 0.0 0.0 0.0 0.0 0.0 0.0 0.0 0.0 0.0 0.0 0.0 0.47866616446529897 0.0 0.0 0.0 0.0 0.0 0.0 0.0 0.1783856240197803 0.7105787902382429
