i dont think the superpowers want to cause permanent harm pakistan in my opinion big powers bring complete damage do not absolutely destroy finish completely alot of powerful nations it is (countries) that super many a lot are who countries conflict with major believe
i dont think the superpowers want to cause permanent harm to pakistan
0.2706650704022245 0.3942880244738934 0.3482350333217263 0.03554004931912944 0.7443675492472567 0.3854144011070226 0.17997905161852676 0.43592571807121555 0.576458964202068 0.5186966991554058 0.19647362385030007 0.0 0.0 0.0 0.0 0.0 0.0 0.0 0.0 0.0 0.0 0.0 0.0 0.0 0.0 0.0 0.0 0.0 0.0 0.0 0.0 0.0 0.0 0.0 0.0 0.0 0.0 0.0 0.0 0.0 0.0 0.0 0.0 0.0
in my opinion the big powers dont want to bring complete damage to pakistan
0.0 0.33796116383476577 0.0 0.030462899416396665 0.0 0.3303552009488765 0.15426775853016578 0.0 0.0 0.0 0.1684059633002572 0.07355933588976293 0.29131636477972866 0.30680409708042417 0.38562314473277465 0.44225504050299136 0.38306270674897924 0.3882787878214714 0.5162616070520467 0.0 0.0 0.0 0.0 0.0 0.0 0.0 0.0 0.0 0.0 0.0 0.0 0.0 0.0 0.0 0.0 0.0 0.0 0.0 0.0 0.0 0.0 0.0 0.0 0.0
i think the big powers do not want to absolutely destroy pakistan
0.2706650704022245 0.0 0.3482350333217263 0.03554004931912944 0.0 0.3854144011070226 0.08998952580926338 0.0 0.0 0.0 0.19647362385030007 0.0 0.0 0.0 0.4498936688549038 0.5159642139201566 0.0 0.0 0.0 0.26981975461634905 0.1783856240197803 0.5916524272682309 0.5322399432802204 0.0 0.0 0.0 0.0 0.0 0.0 0.0 0.0 0.0 0.0 0.0 0.0 0.0 0.0 0.0 0.0 0.0 0.0 0.0 0.0 0.0
i think the superpowers do not want to finish pakistan completely
0.29527098589333584 0.0 0.3798927636237014 0.03877096289359576 0.8120373264515528 0.4204520739349337 0.09817039179192368 0.0 0.0 0.0 0.21433486238214552 0.0 0.0 0.0 0.0 0.0 0.0 0.0 0.0 0.29434882321783534 0.19460249893066942 0.0 0.0 0.6148506264179597 0.5480223191762345 0.0 0.0 0.0 0.0 0.0 0.0 0.0 0.0 0.0 0.0 0.0 0.0 0.0 0.0 0.0 0.0 0.0 0.0 0.0
a2qlm59qc9g1uf
in my opinion alot of the powerful nations do not want to bring harm to pakistan
0.0 0.0 0.0 0.026655036989347083 0.0 0.2890608008302669 0.13498428871389506 0.0 0.0 0.3890225243665544 0.14735521788772504 0.06436441890354257 0.25490181918226257 0.26845358494537114 0.0 0.0 0.33517986840535685 0.0 0.0 0.2023648159622618 0.13378921801483523 0.0 0.0 0.0 0.0 0.5582756619354425 0.05249636141236364 0.39114137134628446 0.28042640467521585 0.0 0.0 0.0 0.0 0.0 0.0 0.0 0.0 0.0 0.0 0.0 0.0 0.0 0.0 0.0
a3fq8i38xt2b4z
i think it is the big powers (countries) that want to harm pakistan
0.24984468037128416 0.0 0.32144772306620883 0.0328061993715041 0.0 0.35576713948340544 0.08306725459316619 0.0 0.0 0.4787969530665285 0.18136026816950773 0.0 0.0 0.0 0.41528646355837273 0.47627465900322147 0.0 0.0 0.0 0.0 0.0 0.0 0.0 0.0 0.0 0.0 0.0 0.0 0.0 0.15578118746358657 0.10052427067958664 0.7404275208866943 0.09292880186613844 0.0 0.0 0.0 0.0 0.0 0.0 0.0 0.0 0.0 0.0 0.0
a3dd3acpmvdvca
i think the big powers do not want to harm pakistan
0.29527098589333584 0.0 0.3798927636237014 0.03877096289359576 0.0 0.4204520739349337 0.09817039179192368 0.0 0.0 0.56585094453317 0.21433486238214552 0.0 0.0 0.0 0.4907930932962587 0.5628700515492617 0.0 0.0 0.0 0.29434882321783534 0.19460249893066942 0.0 0.0 0.0 0.0 0.0 0.0 0.0 0.0 0.0 0.0 0.0 0.0 0.0 0.0 0.0 0.0 0.0 0.0 0.0 0.0 0.0 0.0 0.0
a8v7wa74iohz9
i think super powers dont want to destroy pakistan
0.3608867605362993 0.5257173659651913 0.4643133777623017 0.0 0.0 0.5138858681426968 0.11998603441235117 0.0 0.0 0.0 0.2619648318004001 0.0 0.0 0.0 0.0 0.6879522852268755 0.0 0.0 0.0 0.0 0.0 0.0 0.7096532577069605 0.0 0.0 0.0 0.0 0.0 0.0 0.0 0.0 0.0 0.0 0.7762778268790852 0.0 0.0 0.0 0.0 0.0 0.0 0.0 0.0 0.0 0.0
a1dndzlo2d5d48
in my opinion many of the powerful nations do not want to bring harm to pakistan
0.0 0.0 0.0 0.026655036989347083 0.0 0.2890608008302669 0.13498428871389506 0.0 0.0 0.3890225243665544 0.14735521788772504 0.06436441890354257 0.25490181918226257 0.26845358494537114 0.0 0.0 0.33517986840535685 0.0 0.0 0.2023648159622618 0.13378921801483523 0.0 0.0 0.0 0.0 0.0 0.05249636141236364 0.39114137134628446 0.28042640467521585 0.0 0.0 0.0 0.0 0.0 0.2456339716588338 0.0 0.0 0.0 0.0 0.0 0.0 0.0 0.0 0.0
a6tw9zegog7ph
in my opinion a lot of the powerful nations do not want to bring harm to pakistan
0.0 0.0 0.0 0.02508709363703255 0.0 0.27205722431083945 0.1270440364366071 0.0 0.0 0.3661388464626394 0.13868726389432945 0.06057827661509889 0.2399075945244824 0.2526621975956434 0.0 0.0 0.3154634055579829 0.0 0.0 0.19046100325859935 0.12591926401396258 0.0 0.0 0.0 0.0 0.0 0.04940834015281284 0.36813305538473834 0.26393073381196785 0.0 0.0 0.0 0.0 0.0 0.0 0.08340490277480843 0.32890100784556653 0.0 0.0 0.0 0.0 0.0 0.0 0.0
a3enrl83pe9r33
in my opinion a lot of the powerful nations do not want to bring harm to pakistan
0.0 0.0 0.0 0.02508709363703255 0.0 0.27205722431083945 0.1270440364366071 0.0 0.0 0.3661388464626394 0.13868726389432945 0.06057827661509889 0.2399075945244824 0.2526621975956434 0.0 0.0 0.3154634055579829 0.0 0.0 0.19046100325859935 0.12591926401396258 0.0 0.0 0.0 0.0 0.0 0.04940834015281284 0.36813305538473834 0.26393073381196785 0.0 0.0 0.0 0.0 0.0 0.0 0.08340490277480843 0.32890100784556653 0.0 0.0 0.0 0.0 0.0 0.0 0.0
a3qu3km3iywhif
i think the big powers (countries) are who want to harm pakistan
0.2706650704022245 0.0 0.3482350333217263 0.03554004931912944 0.0 0.3854144011070226 0.08998952580926338 0.0 0.0 0.5186966991554058 0.19647362385030007 0.0 0.0 0.0 0.4498936688549038 0.5159642139201566 0.0 0.0 0.0 0.0 0.0 0.0 0.0 0.0 0.0 0.0 0.0 0.0 0.0 0.0 0.0 0.8021298142939188 0.0 0.0 0.0 0.0 0.0 0.17551137948773554 0.2453396614056688 0.0 0.0 0.0 0.0 0.0
a2zx6h9mgq4i8a
i think it is the big countries that want to harm pakistan
0.2706650704022245 0.0 0.3482350333217263 0.03554004931912944 0.0 0.3854144011070226 0.08998952580926338 0.0 0.0 0.5186966991554058 0.19647362385030007 0.0 0.0 0.0 0.4498936688549038 0.0 0.0 0.0 0.0 0.0 0.0 0.0 0.0 0.0 0.0 0.0 0.0 0.0 0.0 0.16876295308555211 0.10890129323621885 0.0 0.10067286868831665 0.0 0.0 0.0 0.0 0.0 0.0 0.3075552979922865 0.0 0.0 0.0 0.0
a3l62wt9zlhu7v
i think it is the big countries that want to harm pakistan
0.2706650704022245 0.0 0.3482350333217263 0.03554004931912944 0.0 0.3854144011070226 0.08998952580926338 0.0 0.0 0.5186966991554058 0.19647362385030007 0.0 0.0 0.0 0.4498936688549038 0.0 0.0 0.0 0.0 0.0 0.0 0.0 0.0 0.0 0.0 0.0 0.0 0.0 0.0 0.16876295308555211 0.10890129323621885 0.0 0.10067286868831665 0.0 0.0 0.0 0.0 0.0 0.0 0.3075552979922865 0.0 0.0 0.0 0.0
a1nee8mf6oybf8
i think the big powers do not want to harm pakistan
0.29527098589333584 0.0 0.3798927636237014 0.03877096289359576 0.0 0.4204520739349337 0.09817039179192368 0.0 0.0 0.56585094453317 0.21433486238214552 0.0 0.0 0.0 0.4907930932962587 0.5628700515492617 0.0 0.0 0.0 0.29434882321783534 0.19460249893066942 0.0 0.0 0.0 0.0 0.0 0.0 0.0 0.0 0.0 0.0 0.0 0.0 0.0 0.0 0.0 0.0 0.0 0.0 0.0 0.0 0.0 0.0 0.0
a301gnfg8w711q
i think the big powers do not want conflict with pakistan
0.29527098589333584 0.0 0.3798927636237014 0.03877096289359576 0.0 0.4204520739349337 0.0 0.0 0.0 0.0 0.21433486238214552 0.0 0.0 0.0 0.4907930932962587 0.5628700515492617 0.0 0.0 0.0 0.29434882321783534 0.19460249893066942 0.0 0.0 0.0 0.0 0.0 0.0 0.0 0.0 0.0 0.0 0.0 0.0 0.0 0.0 0.0 0.0 0.0 0.0 0.0 0.555819302972364 0.21367140473402307 0.0 0.0
a19owlempkubdw
i think that the major powers do not want to harm pakistan
0.2706650704022245 0.0 0.3482350333217263 0.03554004931912944 0.0 0.3854144011070226 0.08998952580926338 0.0 0.0 0.5186966991554058 0.19647362385030007 0.0 0.0 0.0 0.0 0.5159642139201566 0.0 0.0 0.0 0.26981975461634905 0.1783856240197803 0.0 0.0 0.0 0.0 0.0 0.0 0.0 0.0 0.0 0.0 0.0 0.10067286868831665 0.0 0.0 0.0 0.0 0.0 0.0 0.0 0.0 0.0 0.49899763431671995 0.0
a1bqbqg2gny8ay
i think super powers dont want to destroy pakistan i dont believe superpowers want to destroy pakistan
0.38211539350902285 0.5566419169043201 0.24581296469768912 0.0 0.5254359171157106 0.5441144486216789 0.1270440364366071 0.0 0.0 0.0 0.2773745277886589 0.0 0.0 0.0 0.0 0.36421003335540464 0.0 0.0 0.0 0.0 0.0 0.0 0.7513975669838406 0.0 0.0 0.0 0.0 0.0 0.0 0.0 0.0 0.0 0.0 0.41097061423010395 0.0 0.0 0.0 0.0 0.0 0.0 0.0 0.0 0.0 0.3059241846864833
