the outgoing president said that american must never neglect its safety retiring america be negligent in security not of us should oblivious to situation would definitely have aware at all times leaving unidentified from his has ignorant discharging her defense on exiting stray departing always alert regarding usa defence
the outgoing president said that american must never neglect its safety
0.03877096289359576 0.7048868722386759 0.2525530384936199 0.20127286215598747 0.1098249476599818 0.2854690425748428 0.47224917933488286 0.4336026242901592 0.7490239464006486 0.30125663294310095 0.5961368033084917 0.0 0.0 0.0 0.0 0.0 0.0 0.0 0.0 0.0 0.0 0.0 0.0 0.0 0.0 0.0 0.0 0.0 0.0 0.0 0.0 0.0 0.0 0.0 0.0 0.0 0.0 0.0 0.0 0.0 0.0 0.0 0.0 0.0 0.0 0.0 0.0 0.0 0.0
the retiring president said that america must never be negligent in its security
0.0328061993715041 0.0 0.2136987248792168 0.1703078064396817 0.09292880186613844 0.0 0.3995954594372086 0.3668945282455193 0.0 0.25490945864416237 0.0 0.6559188832968397 0.2364982643448939 0.16514022661224234 0.6871085069974677 0.07921774634282162 0.3005297449520826 0.0 0.0 0.0 0.0 0.0 0.0 0.0 0.0 0.0 0.0 0.0 0.0 0.0 0.0 0.0 0.0 0.0 0.0 0.0 0.0 0.0 0.0 0.0 0.0 0.0 0.0 0.0 0.0 0.0 0.0 0.0 0.0
the outgoing president said that america must not be negligent of its security
0.0328061993715041 0.5964427380481103 0.2136987248792168 0.1703078064396817 0.09292880186613844 0.0 0.3995954594372086 0.0 0.0 0.25490945864416237 0.0 0.0 0.2364982643448939 0.16514022661224234 0.6871085069974677 0.0 0.3005297449520826 0.16466365294133567 0.06461090635367833 0.0 0.0 0.0 0.0 0.0 0.0 0.0 0.0 0.0 0.0 0.0 0.0 0.0 0.0 0.0 0.0 0.0 0.0 0.0 0.0 0.0 0.0 0.0 0.0 0.0 0.0 0.0 0.0 0.0 0.0
the outgoing president said that the us should never be oblivious to its security situation
0.05686407891060711 0.5169170396416957 0.1852055615619879 0.1476000989143908 0.08053829495065332 0.0 0.0 0.3179752578127834 0.0 0.2209215308249407 0.0 0.0 0.0 0.14312152973061001 0.0 0.0 0.2604591122918049 0.0 0.0 0.243875320149819 0.19961433151589592 0.5581863202021106 0.0719916206474107 0.27294310152077406 0.0 0.0 0.0 0.0 0.0 0.0 0.0 0.0 0.0 0.0 0.0 0.0 0.0 0.0 0.0 0.0 0.0 0.0 0.0 0.0 0.0 0.0 0.0 0.0 0.0
a3dd3acpmvdvca
the outgoing president said that america would definitely have to be aware of its safety at all times
0.02369336621275296 0.430764199701413 0.15433796796832325 0.12300008242865901 0.0671152457922111 0.0 0.0 0.0 0.0 0.1841012756874506 0.36430582424407826 0.0 0.1708043020268678 0.11926794144217502 0.0 0.0 0.0 0.0 0.04666343236654546 0.0 0.0 0.0 0.059993017206175586 0.0 0.19217166935737603 0.3430872347608577 0.1271094459993572 0.3179769501084656 0.17208888077247084 0.17462306880348605 0.3191107763101993 0.0 0.0 0.0 0.0 0.0 0.0 0.0 0.0 0.0 0.0 0.0 0.0 0.0 0.0 0.0 0.0 0.0 0.0
a353ocl6lm6m4o
the leaving president said that america must not unidentified from his safety
0.03554004931912944 0.0 0.23150695195248486 0.1845001236429885 0.10067286868831665 0.0 0.432895081056976 0.0 0.0 0.0 0.5464587363661174 0.0 0.2562064530403017 0.0 0.0 0.0 0.0 0.1783856240197803 0.0 0.0 0.0 0.0 0.0 0.0 0.0 0.0 0.0 0.0 0.0 0.0 0.0 0.5390464458647427 0.5685164492183742 0.20107455328566992 0.2225368267654209 0.0 0.0 0.0 0.0 0.0 0.0 0.0 0.0 0.0 0.0 0.0 0.0 0.0 0.0
a1wyssw33m2fz2
retiring president has said that america should never be ignorant of its safety
0.0 0.0 0.2136987248792168 0.1703078064396817 0.09292880186613844 0.0 0.0 0.3668945282455193 0.0 0.25490945864416237 0.5044234489533391 0.6559188832968397 0.2364982643448939 0.16514022661224234 0.0 0.0 0.0 0.0 0.06461090635367833 0.0 0.23032422867218758 0.0 0.0 0.0 0.0 0.0 0.0 0.0 0.0 0.0 0.0 0.0 0.0 0.0 0.0 0.1579075090716326 0.513932214796968 0.0 0.0 0.0 0.0 0.0 0.0 0.0 0.0 0.0 0.0 0.0 0.0
a8v7wa74iohz9
discharging president said that america must never be negligent of her defense
0.0 0.0 0.23150695195248486 0.1845001236429885 0.10067286868831665 0.0 0.432895081056976 0.3974690722659793 0.0 0.0 0.0 0.0 0.2562064530403017 0.17890191216326254 0.7443675492472567 0.0 0.0 0.0 0.06999514854981818 0.0 0.0 0.0 0.0 0.0 0.0 0.0 0.0 0.0 0.0 0.0 0.0 0.0 0.0 0.0 0.0 0.0 0.0 0.7443675492472567 0.31373096233842995 0.4704896764687554 0.0 0.0 0.0 0.0 0.0 0.0 0.0 0.0 0.0
a32er0cmyxljd0
the outgoing president said that america would definitely have to be aware of its safety at all times
0.02369336621275296 0.430764199701413 0.15433796796832325 0.12300008242865901 0.0671152457922111 0.0 0.0 0.0 0.0 0.1841012756874506 0.36430582424407826 0.0 0.1708043020268678 0.11926794144217502 0.0 0.0 0.0 0.0 0.04666343236654546 0.0 0.0 0.0 0.059993017206175586 0.0 0.19217166935737603 0.3430872347608577 0.1271094459993572 0.3179769501084656 0.17208888077247084 0.17462306880348605 0.3191107763101993 0.0 0.0 0.0 0.0 0.0 0.0 0.0 0.0 0.0 0.0 0.0 0.0 0.0 0.0 0.0 0.0 0.0 0.0
a3m4exda4ue7bp
the outgoing president said that america would definitely have to be aware of its safety at all times
0.02369336621275296 0.430764199701413 0.15433796796832325 0.12300008242865901 0.0671152457922111 0.0 0.0 0.0 0.0 0.1841012756874506 0.36430582424407826 0.0 0.1708043020268678 0.11926794144217502 0.0 0.0 0.0 0.0 0.04666343236654546 0.0 0.0 0.0 0.059993017206175586 0.0 0.19217166935737603 0.3430872347608577 0.1271094459993572 0.3179769501084656 0.17208888077247084 0.17462306880348605 0.3191107763101993 0.0 0.0 0.0 0.0 0.0 0.0 0.0 0.0 0.0 0.0 0.0 0.0 0.0 0.0 0.0 0.0 0.0 0.0
a2u70ov2bw11tg
the outgoing president said that america would definitely have to be on the defense at all times
0.0501741872740651 0.45610327027208436 0.1634166719664599 0.13023538139505073 0.07106320142704704 0.0 0.0 0.0 0.0 0.0 0.0 0.0 0.1808516139108012 0.12628370270347944 0.0 0.0 0.0 0.0 0.0 0.0 0.0 0.0 0.06352201821830356 0.0 0.20347588520192758 0.363268836805614 0.1345864722346135 0.0 0.18221175611202794 0.18489501402722053 0.3378819984460934 0.0 0.0 0.0 0.0 0.0 0.0 0.0 0.0 0.3321103598602979 0.11017692719857666 0.0 0.0 0.0 0.0 0.0 0.0 0.0 0.0
a330jjzgjl7ig2
the exiting president said that america must not unidentified from his safety
0.03554004931912944 0.0 0.23150695195248486 0.1845001236429885 0.10067286868831665 0.0 0.432895081056976 0.0 0.0 0.0 0.5464587363661174 0.0 0.2562064530403017 0.0 0.0 0.0 0.0 0.1783856240197803 0.0 0.0 0.0 0.0 0.0 0.0 0.0 0.0 0.0 0.0 0.0 0.0 0.0 0.0 0.5685164492183742 0.20107455328566992 0.2225368267654209 0.0 0.0 0.0 0.0 0.0 0.0 0.8021298142939188 0.0 0.0 0.0 0.0 0.0 0.0 0.0
a12zj8iew88ie8
the leaving president said that america must not stray from his safety
0.03554004931912944 0.0 0.23150695195248486 0.1845001236429885 0.10067286868831665 0.0 0.432895081056976 0.0 0.0 0.0 0.5464587363661174 0.0 0.2562064530403017 0.0 0.0 0.0 0.0 0.1783856240197803 0.0 0.0 0.0 0.0 0.0 0.0 0.0 0.0 0.0 0.0 0.0 0.0 0.0 0.5390464458647427 0.0 0.20107455328566992 0.2225368267654209 0.0 0.0 0.0 0.0 0.0 0.0 0.0 0.8021298142939188 0.0 0.0 0.0 0.0 0.0 0.0
a2qv233zodzqg8
the departing president said that america must not be unidentified from his safety
0.0328061993715041 0.0 0.2136987248792168 0.1703078064396817 0.09292880186613844 0.0 0.3995954594372086 0.0 0.0 0.0 0.5044234489533391 0.0 0.2364982643448939 0.16514022661224234 0.0 0.0 0.0 0.16466365294133567 0.0 0.0 0.0 0.0 0.0 0.0 0.0 0.0 0.0 0.0 0.0 0.0 0.0 0.0 0.5247844146631147 0.185607279956003 0.205418609321927 0.0 0.0 0.0 0.0 0.0 0.0 0.0 0.0 0.7937465347759208 0.0 0.0 0.0 0.0 0.0
a1dndzlo2d5d48
the retiring president has said that america should always be on the alert regarding its safety
0.05331007397869417 0.0 0.17363021396436365 0.13837509273224138 0.07550465151623749 0.0 0.0 0.0 0.0 0.20711393514838192 0.40984405227458803 0.5329340926786822 0.1921548397802263 0.1341764341224469 0.0 0.0 0.0 0.0 0.0 0.0 0.1871384357961524 0.0 0.0 0.0 0.0 0.0 0.0 0.0 0.0 0.0 0.0 0.0 0.0 0.0 0.0 0.12829985112070147 0.0 0.0 0.0 0.0 0.1170629851484877 0.0 0.0 0.0 0.32070744664038847 0.430294859225114 0.33517986840535685 0.0 0.0
a2zhr3rebfem5a
the retiring president has said that america should never be ignorant of its safety
0.030462899416396665 0.0 0.19843453024498703 0.15814296312256157 0.08629103030427142 0.0 0.0 0.34068777622798224 0.0 0.23670164016957934 0.46839320259952916 0.6090675344899225 0.21960553117740148 0.1533444961399393 0.0 0.0 0.0 0.0 0.05999584161412987 0.0 0.2138724980527456 0.0 0.0 0.0 0.0 0.0 0.0 0.0 0.0 0.0 0.0 0.0 0.0 0.0 0.0 0.14662840128080168 0.47722277088289894 0.0 0.0 0.0 0.0 0.0 0.0 0.0 0.0 0.0 0.0 0.0 0.0
a14431riqpx72z
the retiring president has said that america should never be ignorant of its safety
0.030462899416396665 0.0 0.19843453024498703 0.15814296312256157 0.08629103030427142 0.0 0.0 0.34068777622798224 0.0 0.23670164016957934 0.46839320259952916 0.6090675344899225 0.21960553117740148 0.1533444961399393 0.0 0.0 0.0 0.0 0.05999584161412987 0.0 0.2138724980527456 0.0 0.0 0.0 0.0 0.0 0.0 0.0 0.0 0.0 0.0 0.0 0.0 0.0 0.0 0.14662840128080168 0.47722277088289894 0.0 0.0 0.0 0.0 0.0 0.0 0.0 0.0 0.0 0.0 0.0 0.0
a3i6odkoktfoow
the outgoing president said that the usa must never be negligent of her defence
0.06092579883279333 0.5538396853303882 0.19843453024498703 0.15814296312256157 0.08629103030427142 0.0 0.3710529266202651 0.34068777622798224 0.0 0.0 0.0 0.0 0.0 0.1533444961399393 0.63802932792622 0.0 0.0 0.0 0.05999584161412987 0.0 0.0 0.0 0.0 0.0 0.0 0.0 0.0 0.0 0.0 0.0 0.0 0.0 0.0 0.0 0.0 0.0 0.0 0.0 0.26891225343293995 0.0 0.0 0.0 0.0 0.0 0.0 0.0 0.0 0.44579767915580365 0.5595570215927836
