the police have advised her to go court station has seek advice of directed invoke had instructed file a lawsuit suggester contact approach consult suggested that she for should courts about subject press charges and take claim
the police have advised her to go to court
0.04738673242550592 0.4223370754638551 0.2542188919987144 0.7762778268790852 0.4183079497845733 0.23997206882470234 0.5950955913141182 0.6453161606189023 0.0 0.0 0.0 0.0 0.0 0.0 0.0 0.0 0.0 0.0 0.0 0.0 0.0 0.0 0.0 0.0 0.0 0.0 0.0 0.0 0.0 0.0 0.0 0.0 0.0 0.0 0.0 0.0 0.0
the police station has advised her to seek the advice of the court
0.09841859811451231 0.29238720609036123 0.0 0.5374231109162898 0.28959781138931995 0.08306725459316619 0.0 0.44675734196693234 0.513932214796968 0.1579075090716326 0.6092930522529693 0.5492808555183866 0.06461090635367833 0.0 0.0 0.0 0.0 0.0 0.0 0.0 0.0 0.0 0.0 0.0 0.0 0.0 0.0 0.0 0.0 0.0 0.0 0.0 0.0 0.0 0.0 0.0 0.0
the police station has directed her to invoke the court
0.08529611836591067 0.38010336791746957 0.0 0.0 0.376477154806116 0.10798743097111604 0.0 0.5807845445570121 0.6681118792360585 0.20527976179312235 0.0 0.0 0.0 0.754611622984719 0.9625557771527026 0.0 0.0 0.0 0.0 0.0 0.0 0.0 0.0 0.0 0.0 0.0 0.0 0.0 0.0 0.0 0.0 0.0 0.0 0.0 0.0 0.0 0.0
police had instructed her to file a lawsuit
0.0 0.475129209896837 0.0 0.0 0.47059644350764496 0.13498428871389506 0.0 0.0 0.0 0.0 0.0 0.0 0.0 0.0 0.0 0.4326488611926975 1.015185046843844 0.6945663771611518 0.17723541839646792 1.2031947214408782 0.0 0.0 0.0 0.0 0.0 0.0 0.0 0.0 0.0 0.0 0.0 0.0 0.0 0.0 0.0 0.0 0.0
a1wyssw33m2fz2
the police station suggester her to contact court
0.05331007397869417 0.475129209896837 0.0 0.0 0.47059644350764496 0.13498428871389506 0.0 0.7259806806962651 0.8351398490450731 0.0 0.0 0.0 0.0 0.0 0.0 0.0 0.0 0.0 0.0 0.0 1.2898381190108714 0.8778585107603302 0.0 0.0 0.0 0.0 0.0 0.0 0.0 0.0 0.0 0.0 0.0 0.0 0.0 0.0 0.0
a3sw1e5d0b9v9a
the police station advised her to approach the court
0.09477346485101185 0.4223370754638551 0.0 0.7762778268790852 0.4183079497845733 0.11998603441235117 0.0 0.6453161606189023 0.7423465324845094 0.0 0.0 0.0 0.0 0.0 0.0 0.0 0.0 0.0 0.0 0.0 0.0 0.0 0.8193628858800589 0.0 0.0 0.0 0.0 0.0 0.0 0.0 0.0 0.0 0.0 0.0 0.0 0.0 0.0
a3dd3acpmvdvca
the police station advised her to contact a court
0.04738673242550592 0.4223370754638551 0.0 0.7762778268790852 0.4183079497845733 0.11998603441235117 0.0 0.6453161606189023 0.7423465324845094 0.0 0.0 0.0 0.0 0.0 0.0 0.0 0.0 0.0 0.1575425941301937 0.0 0.0 0.7803186762314046 0.0 0.0 0.0 0.0 0.0 0.0 0.0 0.0 0.0 0.0 0.0 0.0 0.0 0.0 0.0
a8v7wa74iohz9
police has advised her to consult the court
0.05331007397869417 0.475129209896837 0.0 0.8733125552389709 0.47059644350764496 0.13498428871389506 0.0 0.7259806806962651 0.0 0.25659970224140294 0.0 0.0 0.0 0.0 0.0 0.0 0.0 0.0 0.0 0.0 0.0 0.0 0.0 1.0886583799566087 0.0 0.0 0.0 0.0 0.0 0.0 0.0 0.0 0.0 0.0 0.0 0.0 0.0
ah8lf01ktxfg0
the police station suggested that she contact the court
0.09477346485101185 0.4223370754638551 0.0 0.0 0.0 0.0 0.0 0.6453161606189023 0.7423465324845094 0.0 0.0 0.0 0.0 0.0 0.0 0.0 0.0 0.0 0.0 0.0 0.0 0.7803186762314046 0.0 0.0 0.793405680193225 0.1342304915844222 0.4598542553815998 0.0 0.0 0.0 0.0 0.0 0.0 0.0 0.0 0.0 0.0
a2rcbwy8ulhnj0
the police station suggested for her to contact a court
0.042648059182955333 0.38010336791746957 0.0 0.0 0.376477154806116 0.10798743097111604 0.0 0.5807845445570121 0.6681118792360585 0.0 0.0 0.0 0.0 0.0 0.0 0.0 0.0 0.0 0.14178833471717434 0.0 0.0 0.7022868086082641 0.0 0.0 0.7140651121739026 0.0 0.0 0.1930709699142415 0.0 0.0 0.0 0.0 0.0 0.0 0.0 0.0 0.0
aa1hdtufsq32b
the police station suggested that she should contact the court
0.08529611836591067 0.38010336791746957 0.0 0.0 0.0 0.0 0.0 0.5807845445570121 0.6681118792360585 0.0 0.0 0.0 0.0 0.0 0.0 0.0 0.0 0.0 0.0 0.0 0.0 0.7022868086082641 0.0 0.0 0.7140651121739026 0.12080744242597999 0.4138688298434398 0.0 0.2994214972738439 0.0 0.0 0.0 0.0 0.0 0.0 0.0 0.0
aa1hdtufsq32b
the police station advised her to approach the court
0.09477346485101185 0.4223370754638551 0.0 0.7762778268790852 0.4183079497845733 0.11998603441235117 0.0 0.6453161606189023 0.7423465324845094 0.0 0.0 0.0 0.0 0.0 0.0 0.0 0.0 0.0 0.0 0.0 0.0 0.0 0.8193628858800589 0.0 0.0 0.0 0.0 0.0 0.0 0.0 0.0 0.0 0.0 0.0 0.0 0.0 0.0
a1395pss402i1j
the police station advised her to approach the court
0.09477346485101185 0.4223370754638551 0.0 0.7762778268790852 0.4183079497845733 0.11998603441235117 0.0 0.6453161606189023 0.7423465324845094 0.0 0.0 0.0 0.0 0.0 0.0 0.0 0.0 0.0 0.0 0.0 0.0 0.0 0.8193628858800589 0.0 0.0 0.0 0.0 0.0 0.0 0.0 0.0 0.0 0.0 0.0 0.0 0.0 0.0
a227cwgbxgw4yh
the police station advised her to approach the courts about the subject
0.10662014795738833 0.31675280659789135 0.0 0.5822083701593139 0.31373096233842995 0.08998952580926338 0.0 0.0 0.5567598993633821 0.0 0.0 0.0 0.0 0.0 0.0 0.0 0.0 0.0 0.0 0.0 0.0 0.0 0.6145221644100441 0.0 0.0 0.0 0.0 0.0 0.0 0.66006747327405 0.25967031296364446 0.5660287022892341 0.0 0.0 0.0 0.0 0.0
a2972la74szew
the police station advised her to contact a court
0.04738673242550592 0.4223370754638551 0.0 0.7762778268790852 0.4183079497845733 0.11998603441235117 0.0 0.6453161606189023 0.7423465324845094 0.0 0.0 0.0 0.0 0.0 0.0 0.0 0.0 0.0 0.1575425941301937 0.0 0.0 0.7803186762314046 0.0 0.0 0.0 0.0 0.0 0.0 0.0 0.0 0.0 0.0 0.0 0.0 0.0 0.0 0.0
a20ubr5wdkookg
the police station advised her to contact a court
0.04738673242550592 0.4223370754638551 0.0 0.7762778268790852 0.4183079497845733 0.11998603441235117 0.0 0.6453161606189023 0.7423465324845094 0.0 0.0 0.0 0.0 0.0 0.0 0.0 0.0 0.0 0.1575425941301937 0.0 0.0 0.7803186762314046 0.0 0.0 0.0 0.0 0.0 0.0 0.0 0.0 0.0 0.0 0.0 0.0 0.0 0.0 0.0
a330jjzgjl7ig2
the police station advised her to contact a court
0.04738673242550592 0.4223370754638551 0.0 0.7762778268790852 0.4183079497845733 0.11998603441235117 0.0 0.6453161606189023 0.7423465324845094 0.0 0.0 0.0 0.0 0.0 0.0 0.0 0.0 0.0 0.1575425941301937 0.0 0.0 0.7803186762314046 0.0 0.0 0.0 0.0 0.0 0.0 0.0 0.0 0.0 0.0 0.0 0.0 0.0 0.0 0.0
a1s6dlzld2k531
the police advised her to press charges and take the claim to court
0.0656123987430082 0.29238720609036123 0.0 0.5374231109162898 0.28959781138931995 0.16613450918633238 0.0 0.44675734196693234 0.0 0.0 0.0 0.0 0.0 0.0 0.0 0.0 0.0 0.0 0.0 0.0 0.0 0.0 0.0 0.0 0.0 0.0 0.0 0.0 0.0 0.0 0.0 0.0 0.3858000033867611 0.48008980832163467 0.07645884921556091 0.296951282210937 0.4410567287243384
