like stopping the supply of petroleum to america and european countries however regretfully they for example a ban on petrol but sadly in them an embargo alas by imposing oil such as sale europe unfortunately supplies cutting sorry placing instance could stop off instead feeling feel
like stopping the supply of petroleum to america and the european countries however regretfully they
0.2517488661053444 0.43123715669179413 0.05686407891060711 0.449012400908724 0.05599611883985455 0.5684630321905944 0.0719916206474107 0.2049651624322414 0.06626433598681945 0.34436089050594615 0.24604423839382916 0.2931417688295437 0.6417038514351351 0.17224725053761264 0.0 0.0 0.0 0.0 0.0 0.0 0.0 0.0 0.0 0.0 0.0 0.0 0.0 0.0 0.0 0.0 0.0 0.0 0.0 0.0 0.0 0.0 0.0 0.0 0.0 0.0 0.0 0.0 0.0 0.0 0.0 0.0
for example a ban on petrol for european countries and america but sadly in them
0.0 0.0 0.0 0.0 0.0 0.0 0.0 0.2049651624322414 0.06626433598681945 0.34436089050594615 0.24604423839382916 0.0 0.0 0.0 0.25742795988565537 0.3739449833849758 0.09452555647811622 0.367645593823581 0.12486718415838688 0.42983359607860533 0.17410948644776653 0.5344079906061949 0.06865538016377874 0.22746334489589445 0.0 0.0 0.0 0.0 0.0 0.0 0.0 0.0 0.0 0.0 0.0 0.0 0.0 0.0 0.0 0.0 0.0 0.0 0.0 0.0 0.0 0.0
like an embargo on petrol for the european countries and america but alas
0.290479460890782 0.0 0.0328061993715041 0.0 0.0 0.0 0.0 0.2364982643448939 0.07645884921556091 0.39733948904532246 0.283897198146726 0.0 0.0 0.0 0.1485161307032627 0.0 0.0 0.0 0.1440775201827541 0.49596184162915996 0.20089556128588446 0.0 0.0 0.0 0.22695117429042996 0.6699436184348362 0.5672512286861946 0.0 0.0 0.0 0.0 0.0 0.0 0.0 0.0 0.0 0.0 0.0 0.0 0.0 0.0 0.0 0.0 0.0 0.0 0.0
for example by imposing an oil embargo on european countries and america
0.0 0.0 0.0 0.0 0.0 0.0 0.0 0.2562064530403017 0.08283041998352432 0.4304511131324327 0.3075552979922865 0.0 0.0 0.0 0.1608924749285346 0.4674312292312197 0.0 0.0 0.1560839801979836 0.0 0.0 0.0 0.0 0.0 0.24586377214796581 0.7257722533044059 0.0 0.20795493845012067 0.8021298142939188 0.6767900312292293 0.0 0.0 0.0 0.0 0.0 0.0 0.0 0.0 0.0 0.0 0.0 0.0 0.0 0.0 0.0 0.0
a3dd3acpmvdvca
such as stopping the sale of petrol to europe and america but unfortunately
0.0 0.49758133464437787 0.0328061993715041 0.0 0.06461090635367833 0.0 0.08306725459316619 0.2364982643448939 0.07645884921556091 0.0 0.0 0.0 0.0 0.0 0.0 0.0 0.0 0.0 0.0 0.49596184162915996 0.20089556128588446 0.0 0.0 0.0 0.0 0.0 0.0 0.0 0.0 0.0 0.3032290772452572 0.20271548238716497 0.6871085069974677 0.49129840918174195 0.4943757426135649 0.0 0.0 0.0 0.0 0.0 0.0 0.0 0.0 0.0 0.0 0.0
a143bvgouf83je
for example stopping the supplies of petrol to european countries and america but alas they
0.0 0.43123715669179413 0.028432039455303555 0.0 0.05599611883985455 0.0 0.0719916206474107 0.2049651624322414 0.06626433598681945 0.34436089050594615 0.24604423839382916 0.0 0.0 0.17224725053761264 0.12871397994282768 0.3739449833849758 0.0 0.0 0.0 0.42983359607860533 0.17410948644776653 0.0 0.0 0.0 0.0 0.0 0.49161773152803534 0.0 0.0 0.0 0.0 0.0 0.0 0.0 0.0 0.46819120573884276 0.0 0.0 0.0 0.0 0.0 0.0 0.0 0.0 0.0 0.0
a3sw1e5d0b9v9a
like cutting of oil supply to european countries and america but sorry for them
0.26973092797001186 0.0 0.0 0.4810847152593472 0.05999584161412987 0.0 0.07713387926508289 0.21960553117740148 0.07099750284302085 0.36895809697065657 0.26361882685053123 0.0 0.0 0.0 0.13790783565302964 0.0 0.0 0.0 0.0 0.0 0.1865458783368927 0.0 0.0 0.24371072667417265 0.0 0.0 0.0 0.0 0.0 0.5801057410536251 0.0 0.0 0.0 0.0 0.0 0.0 0.5305952281564862 0.5100465086956446 0.0 0.0 0.0 0.0 0.0 0.0 0.0 0.0
a132zmwemnnusa
like placing an embargo on the oil to european countries and america but alas they
0.2517488661053444 0.0 0.028432039455303555 0.0 0.0 0.0 0.0719916206474107 0.2049651624322414 0.06626433598681945 0.34436089050594615 0.24604423839382916 0.0 0.0 0.17224725053761264 0.0 0.0 0.0 0.0 0.12486718415838688 0.0 0.17410948644776653 0.0 0.0 0.0 0.19669101771837263 0.5806178026435247 0.49161773152803534 0.0 0.0 0.5414320249833834 0.0 0.0 0.0 0.0 0.0 0.0 0.0 0.0 0.5806178026435247 0.0 0.0 0.0 0.0 0.0 0.0 0.0
ajfwu2g6a1bhs
such as stopping the sale of petrol to europe and america but unfortunately
0.0 0.49758133464437787 0.0328061993715041 0.0 0.06461090635367833 0.0 0.08306725459316619 0.2364982643448939 0.07645884921556091 0.0 0.0 0.0 0.0 0.0 0.0 0.0 0.0 0.0 0.0 0.49596184162915996 0.20089556128588446 0.0 0.0 0.0 0.0 0.0 0.0 0.0 0.0 0.0 0.3032290772452572 0.20271548238716497 0.6871085069974677 0.49129840918174195 0.4943757426135649 0.0 0.0 0.0 0.0 0.0 0.0 0.0 0.0 0.0 0.0 0.0
a9x4g4wpj27d6
for instance they could stop the sale of oil to europe and america
0.0 0.0 0.0328061993715041 0.0 0.06461090635367833 0.0 0.08306725459316619 0.2364982643448939 0.07645884921556091 0.0 0.0 0.0 0.0 0.1987468275433992 0.1485161307032627 0.0 0.0 0.0 0.0 0.0 0.0 0.0 0.0 0.0 0.0 0.0 0.0 0.0 0.0 0.6247292595962116 0.0 0.0 0.6871085069974677 0.49129840918174195 0.0 0.0 0.0 0.0 0.0 0.5431237241588838 0.3317193686527106 0.354482918054777 0.0 0.0 0.0 0.0
a34erkopmv5x3c
such as stopping the sale of petrol to europe and america but unfortunately
0.0 0.49758133464437787 0.0328061993715041 0.0 0.06461090635367833 0.0 0.08306725459316619 0.2364982643448939 0.07645884921556091 0.0 0.0 0.0 0.0 0.0 0.0 0.0 0.0 0.0 0.0 0.49596184162915996 0.20089556128588446 0.0 0.0 0.0 0.0 0.0 0.0 0.0 0.0 0.0 0.3032290772452572 0.20271548238716497 0.6871085069974677 0.49129840918174195 0.4943757426135649 0.0 0.0 0.0 0.0 0.0 0.0 0.0 0.0 0.0 0.0 0.0
a2qxd8jqk5bvez
for example stopping the supplies of petrol to european countries and america but alas they
0.0 0.43123715669179413 0.028432039455303555 0.0 0.05599611883985455 0.0 0.0719916206474107 0.2049651624322414 0.06626433598681945 0.34436089050594615 0.24604423839382916 0.0 0.0 0.17224725053761264 0.12871397994282768 0.3739449833849758 0.0 0.0 0.0 0.42983359607860533 0.17410948644776653 0.0 0.0 0.0 0.0 0.0 0.49161773152803534 0.0 0.0 0.0 0.0 0.0 0.0 0.0 0.0 0.46819120573884276 0.0 0.0 0.0 0.0 0.0 0.0 0.0 0.0 0.0 0.0
air4uqnpimfcj
for example stopping the supplies of petrol to european countries and america but alas they
0.0 0.43123715669179413 0.028432039455303555 0.0 0.05599611883985455 0.0 0.0719916206474107 0.2049651624322414 0.06626433598681945 0.34436089050594615 0.24604423839382916 0.0 0.0 0.17224725053761264 0.12871397994282768 0.3739449833849758 0.0 0.0 0.0 0.42983359607860533 0.17410948644776653 0.0 0.0 0.0 0.0 0.0 0.49161773152803534 0.0 0.0 0.0 0.0 0.0 0.0 0.0 0.0 0.46819120573884276 0.0 0.0 0.0 0.0 0.0 0.0 0.0 0.0 0.0 0.0
a291u81kgj6l9n
for example stopping the supplies of petrol to european countries and america but alas they
0.0 0.43123715669179413 0.028432039455303555 0.0 0.05599611883985455 0.0 0.0719916206474107 0.2049651624322414 0.06626433598681945 0.34436089050594615 0.24604423839382916 0.0 0.0 0.17224725053761264 0.12871397994282768 0.3739449833849758 0.0 0.0 0.0 0.42983359607860533 0.17410948644776653 0.0 0.0 0.0 0.0 0.0 0.49161773152803534 0.0 0.0 0.0 0.0 0.0 0.0 0.0 0.0 0.46819120573884276 0.0 0.0 0.0 0.0 0.0 0.0 0.0 0.0 0.0 0.0
ah7pogjaytu4f
like cutting off the oil supply to european countries and america instead of feeling sorry for them
0.22213135244589213 0.0 0.02508709363703255 0.39618741256652124 0.04940834015281284 0.0 0.06352201821830356 0.1808516139108012 0.058468531753075995 0.3038478445640701 0.21709785740631984 0.0 0.0 0.0 0.11357115877308324 0.0 0.0 0.0 0.0 0.0 0.0 0.0 0.0 0.2007029513787304 0.0 0.0 0.0 0.0 0.0 0.4777341396912207 0.0 0.0 0.0 0.0 0.0 0.0 0.43696077612887096 0.4200383012787662 0.0 0.0 0.0 0.0 0.3310210041092839 0.3080765051236769 0.39300698778591675 0.0
a3o6ftaqnh7f62
like cutting off oil supply to european countries and america but they feel sorry for them
0.2360145619737604 0.0 0.0 0.4209491258519288 0.0 0.0 0.06749214435694753 0.1921548397802263 0.06212281498764324 0.3228383348493245 0.23066647349421485 0.0 0.0 0.16148179737901186 0.12066935619640094 0.0 0.0 0.0 0.0 0.0 0.16322764354478111 0.0 0.0 0.21324688583990106 0.0 0.0 0.0 0.0 0.0 0.507592523421922 0.0 0.0 0.0 0.0 0.0 0.0 0.46427082463692537 0.4462906951086891 0.0 0.0 0.0 0.0 0.3517098168661142 0.0 0.0 0.35835859208852494
a219vcqzadq45w
such as cutting the oil supply to european countries and america
0.0 0.0 0.03877096289359576 0.6122896376028055 0.0 0.0 0.09817039179192368 0.27949794877123824 0.09036045816384472 0.46958303250810834 0.33551487053703977 0.0 0.0 0.0 0.0 0.0 0.0 0.0 0.0 0.0 0.0 0.0 0.0 0.0 0.0 0.0 0.0 0.0 0.0 0.7383163977046138 0.35836163674439486 0.23957284282119495 0.0 0.0 0.0 0.0 0.6753030176537096 0.0 0.0 0.0 0.0 0.0 0.0 0.0 0.0 0.0
a290hg650rgy73
like placing an embargo on the oil to european countries and america but alas they
0.2517488661053444 0.0 0.028432039455303555 0.0 0.0 0.0 0.0719916206474107 0.2049651624322414 0.06626433598681945 0.34436089050594615 0.24604423839382916 0.0 0.0 0.17224725053761264 0.0 0.0 0.0 0.0 0.12486718415838688 0.0 0.17410948644776653 0.0 0.0 0.0 0.19669101771837263 0.5806178026435247 0.49161773152803534 0.0 0.0 0.5414320249833834 0.0 0.0 0.0 0.0 0.0 0.0 0.0 0.0 0.5806178026435247 0.0 0.0 0.0 0.0 0.0 0.0 0.0
