for one thing our media is as corrupt rulers like also too on the hand leaders and then fraudulent corrupted well of convening forbidden are both to gather
for one thing our media is as corrupt as our rulers
0.17551906355840138 0.26645415572781184 0.4789862677124939 0.6092355909609248 0.43013239033515643 0.11880141080314784 0.4791456856423899 0.6860105663497446 0.5051391833899286 0.0 0.0 0.0 0.0 0.0 0.0 0.0 0.0 0.0 0.0 0.0 0.0 0.0 0.0 0.0 0.0 0.0 0.0 0.0
like our rulers our media is also corrupt
0.0 0.0 0.0 0.8376989375712717 0.5914320367108401 0.16335193985432828 0.0 0.9432645287308987 0.6945663771611518 0.4720291239475208 0.34489318200990887 0.0 0.0 0.0 0.0 0.0 0.0 0.0 0.0 0.0 0.0 0.0 0.0 0.0 0.0 0.0 0.0 0.0
our media too is corrupt like our rulers
0.0 0.0 0.0 0.8376989375712717 0.5914320367108401 0.16335193985432828 0.0 0.9432645287308987 0.6945663771611518 0.4720291239475208 0.0 0.6269250055034868 0.0 0.0 0.0 0.0 0.0 0.0 0.0 0.0 0.0 0.0 0.0 0.0 0.0 0.0 0.0 0.0
on the one hand our media also is also corrupt like our leaders
0.0 0.22546120869276384 0.0 0.5155070385053979 0.36395817643744005 0.10052427067958664 0.0 0.5804704792190146 0.0 0.290479460890782 0.42448391631988786 0.0 0.1440775201827541 0.0328061993715041 0.3437984747800086 0.33865406842150275 0.0 0.0 0.0 0.0 0.0 0.0 0.0 0.0 0.0 0.0 0.0 0.0
a21xirv18up71h
and then our media is also fraudulent like our leaders
0.0 0.0 0.0 0.6701591500570173 0.4731456293686721 0.13068155188346262 0.0 0.0 0.0 0.3776232991580166 0.2759145456079271 0.0 0.0 0.0 0.0 0.44025028894795354 0.09939650398022919 0.34932449158316636 0.8526945482858915 0.0 0.0 0.0 0.0 0.0 0.0 0.0 0.0 0.0
a3dd3acpmvdvca
for one our media is also corrupted like our leaders
0.1930709699142415 0.293099571300593 0.0 0.6701591500570173 0.4731456293686721 0.13068155188346262 0.0 0.0 0.0 0.3776232991580166 0.2759145456079271 0.0 0.0 0.0 0.0 0.44025028894795354 0.0 0.0 0.0 0.8239263410407135 0.0 0.0 0.0 0.0 0.0 0.0 0.0 0.0
a2qlm59qc9g1uf
and like our leaders our media is corrupted as well
0.0 0.0 0.0 0.6701591500570173 0.4731456293686721 0.13068155188346262 0.26353012710331447 0.0 0.0 0.3776232991580166 0.0 0.0 0.0 0.0 0.0 0.44025028894795354 0.09939650398022919 0.0 0.0 0.8239263410407135 0.44927048447065204 0.0 0.0 0.0 0.0 0.0 0.0 0.0
alrghxunh1uv7
also the leaders of our media convening forbidden
0.0 0.0 0.0 0.41884946878563584 0.5914320367108401 0.0 0.0 0.0 0.0 0.0 0.34489318200990887 0.0 0.0 0.05331007397869417 0.0 0.5503128611849419 0.0 0.0 0.0 0.0 0.0 0.10499272282472728 1.2898381190108714 1.0465993503789572 0.0 0.0 0.0 0.0
a301gnfg8w711q
and then our media is also corrupt like our leaders
0.0 0.0 0.0 0.6701591500570173 0.4731456293686721 0.13068155188346262 0.0 0.754611622984719 0.0 0.3776232991580166 0.2759145456079271 0.0 0.0 0.0 0.0 0.44025028894795354 0.09939650398022919 0.34932449158316636 0.0 0.0 0.0 0.0 0.0 0.0 0.0 0.0 0.0 0.0
ajfwu2g6a1bhs
our media is also fraudulent like our leaders
0.0 0.0 0.0 0.8376989375712717 0.5914320367108401 0.16335193985432828 0.0 0.0 0.0 0.4720291239475208 0.34489318200990887 0.0 0.0 0.0 0.0 0.5503128611849419 0.0 0.0 1.0658681853573644 0.0 0.0 0.0 0.0 0.0 0.0 0.0 0.0 0.0
a1yyp7540py83g
and then our media is also corrupt like our leaders
0.0 0.0 0.0 0.6701591500570173 0.4731456293686721 0.13068155188346262 0.0 0.754611622984719 0.0 0.3776232991580166 0.2759145456079271 0.0 0.0 0.0 0.0 0.44025028894795354 0.09939650398022919 0.34932449158316636 0.0 0.0 0.0 0.0 0.0 0.0 0.0 0.0 0.0 0.0
a2zhr3rebfem5a
our media is corrupted like our leaders
0.0 0.0 0.0 0.9573702143671676 0.6759223276695315 0.18668793126208946 0.0 0.0 0.0 0.5394618559400237 0.0 0.0 0.0 0.0 0.0 0.6289289842113622 0.0 0.0 0.0 1.1770376300581622 0.0 0.0 0.0 0.0 0.0 0.0 0.0 0.0
a3a4p6bwfe7hfn
for one our media is also corrupted like our leaders
0.1930709699142415 0.293099571300593 0.0 0.6701591500570173 0.4731456293686721 0.13068155188346262 0.0 0.0 0.0 0.3776232991580166 0.2759145456079271 0.0 0.0 0.0 0.0 0.44025028894795354 0.0 0.0 0.0 0.8239263410407135 0.0 0.0 0.0 0.0 0.0 0.0 0.0 0.0
aclg2ttpdpj36
for one our media like our leaders is also corrupted
0.1930709699142415 0.293099571300593 0.0 0.6701591500570173 0.4731456293686721 0.13068155188346262 0.0 0.0 0.0 0.3776232991580166 0.2759145456079271 0.0 0.0 0.0 0.0 0.44025028894795354 0.0 0.0 0.0 0.8239263410407135 0.0 0.0 0.0 0.0 0.0 0.0 0.0 0.0
a31ikb373dzonk
our leaders and the media are both corrupt
0.0 0.0 0.0 0.41884946878563584 0.5914320367108401 0.0 0.0 0.9432645287308987 0.0 0.0 0.0 0.0 0.0 0.05331007397869417 0.0 0.5503128611849419 0.12424562997528649 0.0 0.0 0.0 0.0 0.0 0.0 0.0 0.2632670692316033 0.5579541287355679 0.0 0.0
a1g9f1kosfkijh
and like our leaders our media is corrupted as well
0.0 0.0 0.0 0.6701591500570173 0.4731456293686721 0.13068155188346262 0.26353012710331447 0.0 0.0 0.3776232991580166 0.0 0.0 0.0 0.0 0.0 0.44025028894795354 0.09939650398022919 0.0 0.0 0.8239263410407135 0.44927048447065204 0.0 0.0 0.0 0.0 0.0 0.0 0.0
a28p76cwxeubye
like our leaders our media is corrupted as well
0.0 0.0 0.0 0.7446212778411304 0.5257173659651913 0.14520172431495848 0.29281125233701605 0.0 0.0 0.41958144350890736 0.0 0.0 0.0 0.0 0.0 0.4891669877199484 0.0 0.0 0.0 0.9154737122674594 0.4991894271896134 0.0 0.0 0.0 0.0 0.0 0.0 0.0
amd40d0gc1l4r
also the leaders of the media are forbidden to gather
0.0 0.0 0.0 0.0 0.4731456293686721 0.0 0.0 0.0 0.0 0.0 0.2759145456079271 0.0 0.0 0.08529611836591067 0.0 0.44025028894795354 0.0 0.0 0.0 0.0 0.0 0.08399417825978182 0.0 0.8372794803031658 0.21061365538528265 0.0 0.10798743097111604 0.6426884653976344
