a1sanjgoj47idf
92
0.3655552228545123
93
0.05460484429795903
94
0.09281844047221342
95
0.13471766853689124
96
0.19238225665491065
97
0.1280372240278709
98
0.10010239136403914
142
0.13927409128834833
143
0.32466791547509893
144
0.09495210482798411
145
0.1391629118386566
146
0.10292123957499849
147
0.1310234163789707
148
0.17108853604910243
149
0.09545138913210204
150
0.0775678448660391
151
0.07661444841921045
191
0.2732331767917024
192
0.15619699684601282
193
0.3483155023382849
194
0.6376281516217733
195
0.12884474281452457
196
0.0896949074542835
197
0.21701345365316982
198
0.16261281165519148
199
0.12088518587788666
336
0.16886724297767589
337
0.27866207642810786
338
0.08130850857597448
339
0.1585423829466653
340
0.1462613413027904
341
0.14370105902141475
342
0.1326475916741222
343
0.1506520244639284
344
0.17879309995151985
345
0.24086036013135742
453
0.08391064408584066
562
0.1161140871623885
563
1.0
564
0.059457510140625336
565
0.14305402027350872
566
0.36116935779434495
567
0.08798954438766299
568
0.2899030824997895
569
0.19640732545025652
570
1.0
571
0.21472986052554088
749
0.3155984539112945
750
0.3321326735253164
751
0.16510139251024433
752
0.10175282441454785
753
0.18413607641872093
754
1.0
755
0.13583106526228578
756
0.10400597689005309
757
0.23660469723962815
758
0.22358841775434993
828
0.027875466810243093
829
0.08570750686779022
830
0.22490431161461755
831
0.08529786850808402
832
0.3448919378959948
833
0.1178238656198324
834
0.08407856630014854
835
0.07152701013675437
836
0.11778257320344188
837
0.1417092329814806
838
0.0687506119301397
839
0.10965934463523172
840
0.27960682295094563
841
0.09042713792226896
842
0.13614251691949472
843
0.2087641706650932
844
0.5277229002310885
845
0.23077270481952672
846
0.1830202178049544
847
0.2006122220420833
972
0.11622612205408062
973
0.24988461240673213
974
0.09920740305113712
975
0.32097341552014674
976
0.09375572291917328
977
0.3238350315786145
978
0.19333137353274532
979
0.12474386322833271
980
0.27725461176362676
981
0.2981187195260936
1032
0.07574347133041981
1033
0.1225198417202211
1034
0.21400801671041858
1035
0.11251329738544609
1036
0.0975424025545438
1037
0.20322398659546131
1038
0.21258081974748025
1039
0.056697911109760024
1040
0.10738471195135543
1041
0.12957193924762395
1108
0.06530338972871409
1109
0.08116697886877475
1110
0.08965299067111664
1111
0.08646733690050774
1112
0.22717800839395294
1113
0.13834368456410945
1114
0.2386878614672466
1115
0.2099214018134937
1116
0.07567234971522813
1353
0.15106876986783843
1354
0.14794015674776453
1355
1.0
1356
0.09263986277915476
1357
0.17026116978186878
1358
0.5946035575013605
1359
0.6025286104785454
1360
0.06442481503235467
1361
0.05688396476995797
1362
0.25230643328544017
1428
0.20335536727078896
1429
1.0
1430
0.05522397783539469
1431
0.07210537774026261
1432
0.13573088284676443
1433
0.36787944117144233
1434
0.0895187739051489
1435
0.06300714349660926
1436
0.05514464218849735
1456
0.3799178428257963
1457
0.1432314507940049
1458
0.6539966354127287
1459
0.25276372507678263
1460
0.16102307266026747
1461
0.42347267604352395
1462
0.14980800232509298
1463
0.2889369560300486
1464
0.43011500325512025
1486
0.4976093899250713
1487
0.35640264633541835
1488
0.1270331870386537
1489
0.12560135375308318
1490
1.0
1491
0.11110563624678531
1492
0.058044014179979606
1493
0.4445801275335967
1494
0.20164945583740668
1495
1.0
1496
0.040769145063517344
1497
0.18568614912222337
1498
0.17973253948640575
1499
0.11159397974684386
1500
0.1395984427653332
1501
0.388172465412544
1502
0.1489293556639543
1503
0.16544619993389978
1504
0.08796703496003365
1505
0.31226200676439475
1536
0.1270331870386537
1537
0.5718109192406814
1538
0.22685225961067904
1539
0.15727800941615358
1540
0.08913765521398126
1541
0.09652434877402245
1542
0.210721008920463
1543
0.12186359322291936
1544
0.03700195531243527
1545
0.2817060862934703
1655
0.13878112082512492
1656
0.12873184336334997
1657
0.1799107864592884
1658
0.12000047605109612
1659
0.8408964152537146
1660
1.0
1661
0.43446308617850676
1662
0.2298887619298691
1663
0.2843100023231723
1664
0.24771976691208877