a21xirv18up71h
208
0.3579692129309655
209
0.329340597116918
210
0.4988349435401652
211
0.08054496384843698
212
0.6315552371794037
213
0.36583419291165215
214
0.13292417883329388
215
0.6606328636027614
216
0.32393211943598493
433
0.27587476896182844
434
0.10471060585923148
435
0.8824969025845955
436
0.14458924666162856
437
0.6147044211934835
438
0.16620689217205015
439
0.17277609071466749
440
0.1486599636902727
441
0.1728603923209705
442
0.22722445488928128
710
0.38848389750732654
711
0.375022891676693
712
0.3014335251508215
713
0.33680338263965426
714
0.05108427493270986
715
0.31860981724759124
716
0.15732740925998417
717
0.2186976686325119
718
0.528430591041053
719
0.5262195303995968
730
0.43937095446369245
731
0.24739977342883948
732
0.1731421542866465
733
0.7234411002930288
734
0.14830451601748626
735
0.1616484994021488
736
0.3370779436476389
737
1.0
738
0.3963410285961713
739
0.37757344582840624
992
0.428260355559387
993
0.5991006173119674
994
0.11208466750961142
995
0.13841198558938936
996
0.38536959281217387
997
0.08445841376598352
998
0.24434229074248687
999
0.1253068309963331
1000
0.1838715435959792
1001
0.38274504116640956
1002
0.10489878389615431
1003
0.08408272953853009
1004
0.15619699684601282
1005
0.08839374326825923
1006
0.9200444146293233
1007
0.09551734420370553
1008
0.04368583925857939
1009
0.35655062085592515
1010
0.08160320866640118
1011
0.11309738465837758
1323
0.09652434877402245
1324
0.12264669769206943
1325
0.15674325411629858
1326
0.34572078464194106
1327
0.3207714281451771
1328
0.43683636444615426
1329
0.37991784282579627
1330
0.30934588294313714
1331
0.31222258402876674
1332
0.17965205598154216
1476
0.24623953025272613
1477
0.27560016787236363
1478
0.35120094681848707
1479
0.35556702356686953
1480
0.38503228868787126
1481
0.2007437047293536
1482
0.5683565265173782
1483
0.2764393753270045
1484
0.057259987315337754
1485
0.570282226440554
1546
0.05522397783539469
1547
0.6580370064762462
1548
0.8091067115702213
1549
0.23725104025593713
1550
0.36889397323344053
1551
0.14044736471726424
1552
0.3951500216160541
1553
0.37702935034224055
1554
0.32240322470671035
1555
0.21251407067084893