a2aktvoca80377
356
0.24597476860681833
357
0.10917032720035175
358
0.09540565565482677
359
0.2774257294068885
360
0.16725025649618713
361
0.07313114313987927
362
0.4635253372211122
363
0.11954726580677508
364
0.3385540341219398
365
0.6076795808137692
603
0.4263670841249357
604
0.23282827219151167
605
0.24047860794644352
606
0.13217947626377288
607
0.32466791547509893
608
0.41153646170404823
609
0.5383782932322524
610
0.3451013996711894
611
0.42544917022967954
612
0.46600317313099193
778
0.11735881891877266
779
0.40656173239266025
780
0.19821995933016912
781
0.5129751100255995
782
0.11068061627534383
783
0.2127092834072171
784
0.4333207865423752
785
0.07837162705814932
786
0.13155958751758784
787
0.19081654556856684
1566
0.1394120548961102
1567
0.2704018663464074
1568
0.32019118278910375
1569
0.4329193912997216
1570
1.0
1571
0.39893828284561456
1572
0.6026080978557137
1573
0.3380576487099944
1574
0.22436044101834066
1575
0.20465705230778913