a2de039cxxjuga
88
0.17893567947130334
89
0.21033177589794189
90
0.5121184083358858
91
0.2714927636059813
142
0.24846847982908804
143
0.4089601472043678
144
0.19320813030085762
145
0.10599719215684641
146
0.2042151623079924
147
0.12084660723162102
148
0.2784180503093644
149
0.09545138913210204
150
0.07378790595215932
151
0.07482368827125417
152
0.36711516392467425
153
0.04142272519153165
154
0.08910709561389636
155
0.12076217108291817
156
0.3460733745207123
157
0.14262675626112076
158
0.1429571793770199
159
0.06736007068466908
160
0.3799178428257963
161
0.08623430356638673
162
0.10163615764636477
163
0.04775321468405369
164
0.25469552982835375
165
0.060612267525834936
166
0.1535873583945781
167
0.5198178922255263
168
0.09173593973100781
169
0.11182784314171308
170
0.1761575329391578
171
0.204587248005006
172
0.08643019616048525
173
0.12320307539398619
174
0.1957196409280758
175
0.22763663665811962
176
0.9459594689067654
177
0.38195694321739065
178
0.2295748846661433
179
0.18366706645761818
180
0.3083012995502152
217
0.088345241881953
218
0.14954028068683078
219
0.5905824379944187
220
0.24138795705757488
221
0.5487141788794131
222
0.3813707100324891
223
0.14020588024971511
224
0.47820028515445046
225
0.46219511535310387
226
0.8918383006848611
227
0.23643540225079396
228
0.4333207865423752
229
0.3334477432809603
230
0.14594776733151674
231
0.1432314507940049
232
0.21555378801920327
233
0.2658382740719783
234
0.41767891399701923
235
0.24298414095592705
236
0.19656701285675962
307
0.24274588585366175
308
0.2699843576050233
309
0.11697591366575306
310
0.09995034583025918
311
0.4008179081429761
312
0.12540750798103892
313
0.02928920084900436
314
0.1061512363571509
315
0.03610892515466344
316
0.19041515696421016
327
0.448298404317079
328
0.07449715434875925
329
0.10768362100261403
330
0.08450310992782928
331
0.09103526405546067
332
0.08337049089903822
333
0.24357342701968268
334
0.082160608430956
335
0.24384183193426084
514
0.13437425820809806
515
0.1070287054943432
516
0.2877995507390193
517
0.08415306574278594
518
0.22765064061935206
519
0.010209830863991881
520
0.12192091596713041
541
0.11392161411245146
542
0.2478544551034896
543
0.32958740801763164
583
0.23302012905790254
584
0.4382097243736657
585
0.3269017659758341
586
0.21171094427657025
587
0.1551840946040037
588
0.1499583006804152
589
0.2802686822722955
590
0.07312492985659817
591
0.3814165616365676
592
0.14173621450938412
633
0.26968316819359794
634
0.38016483805426027
635
0.05106495031817267
636
0.14062237573874206
637
0.2138138743595271
638
0.1551008098503499
639
0.32795813790517186
640
0.10481802178632868
641
0.21395383671358376
642
0.22435001809660488
681
0.15339759236592007
682
0.14154106514500078
683
0.7022983632298437
684
0.2409683061844592
685
0.20803057881148912
686
0.07790854463206763
687
0.1903868163669695
688
0.28602184306800404
689
0.18993037434720417
690
0.2545984531673679
701
0.29595985994920804
702
0.04720586935333451
703
0.2936697784628212
704
0.15831529777713538
705
0.2472164948912376
706
0.12494858477289753
707
0.11731175160263997
708
0.13895297479281224
709
0.18340806392659825
759
0.7071067811865475
760
1.0
761
0.15441675910887068
762
0.020182185557543184
763
0.0981559032018385
764
0.18877921034878756
765
0.37393451148293183
766
0.16358267584886857
767
0.11039319796341984
768
0.1781573870086621
798
0.18524792383611566
799
0.11801084079709433
800
0.05107250993053209
801
1.0
802
0.30363878318765647
803
1.0
804
1.0
805
0.03141570224919383
806
0.07608634261557225
807
0.02871324564118886
868
0.20549270575251005
869
0.06045170315036036
870
0.1574444834822628
871
0.1518046879147682
872
0.06468490584192432
873
0.48109772909788073
874
0.0351816534241386
875
0.2101858809522635
876
0.3536929384748921
877
0.3196200805954159
992
0.33307758288486633
993
0.12549310621989482
994
0.12326157865917654
995
0.2947980077594584
996
0.07148072814198275
997
0.12629478608884107
998
0.10041930701506349
999
0.03980386552844083
1000
0.15191001813333468
1001
0.07332098634633769
1062
0.13134549472120793
1063
0.846481724890614
1064
0.08749496210322134
1065
0.2332717750839865
1066
0.07966506956353646
1067
0.1226821840471167
1068
0.12189826611000604
1069
0.07625464016589084
1070
0.15630752109518511
1071
0.1836849979905487
1081
0.15832196252301425
1082
0.1972587002056193
1083
0.13912311644176567
1084
0.08643019616048525
1085
0.4731989148408569
1086
0.5313746898412451
1087
0.10186807682403831
1088
0.28795153492977404
1089
0.1961251635555371
1090
0.10024215274382807
1091
0.17619287426069505
1092
0.3449643286746702
1093
0.1363613591992803
1094
0.39202366606920785
1095
0.30739407647563216
1096
1.0
1097
0.3021375397356768
1098
0.3516892303322109
1264
0.11239888268132361
1265
0.2581654000397412
1266
0.12253033263043861
1267
0.07805303233827744
1268
0.08421129382569094
1269
0.09473826754214427
1270
0.27762556481382566
1271
0.2734630363572185
1272
0.32249035951807115
1273
0.26320860966531123
1274
0.17334889155550148
1275
0.08054496384843698
1276
0.16108992769687397
1277
0.2854996909413518
1278
0.153990855655921
1279
0.5445714776024605
1280
0.3636227046500071
1281
0.29542217758002076
1282
0.10281957423311523
1283
0.03181796167946763
1304
0.09671295212582218
1305
0.12952844458301543
1306
1.0
1307
0.10870904126015786
1308
0.3586890774027759
1309
0.059725320390191294
1310
0.3469244452800384
1311
0.14535768424205484
1312
0.37709297891717664
1369
0.34125269526836094
1370
0.21200750880193509
1371
0.12993250962913874
1372
0.45349400578228477
1373
0.195346159874127
1374
0.13221501091965043
1375
0.12426791424793049
1376
0.21784744273166945
1377
0.22420022070335785
1378
0.0908879241799083
1472
0.265744838214383
1473
0.07349049826637455
1474
0.22089591134157885
1475
0.5403370523731759
1516
0.2610973062009774
1517
0.5
1518
0.04450393333713486
1519
0.28782203827474506
1520
0.07038085449922464
1521
0.5292155949706948
1522
0.8067207857557418
1523
0.1482734016730676
1524
0.259252596217665
1525
0.28117066259517454
1566
0.1513851459876605
1567
0.21473302904438255
1568
0.13462380890160208
1569
0.22381904138578573
1570
1.0
1571
0.19802689787175914
1572
0.06363592335893525
1573
0.0649129951244523
1574
0.12523051183527922
1575
0.11287879666867959
1665
0.08019347891775604
1666
0.06695699291349946
1667
0.18575057999133598
1668
0.3472771450431947
1669
0.3018720047311466
1670
0.16726587436905932
1671
0.07817610446892724
1672
0.48344927050618486
1673
0.3292844880892515
1674
0.5491004867761125