a2pwmdzucikw4c
15
0.06274655310994741
16
0.1609791748450962
17
0.13832792300068122
18
0.17827531042796255
19
0.20361437565224239
20
0.15511550090520096
21
0.2694353370737824
59
0.1377916779155736
60
0.09224761658160542
61
0.33010083098515036
62
0.26269098944241576
63
0.17483653971967814
64
0.07768562846380175
65
0.3635364256773548
66
0.10787633755371884
67
0.12092555992625888
68
0.09507244120026231
217
0.05495757364749458
218
0.25739910408053734
219
0.09767958059454733
220
0.18480565351513958
221
0.17976451428761386
222
0.13299435570305865
223
0.15552757086208568
224
0.2715197968777558
225
0.153771087079634
226
0.06204798560424897
288
0.09980099403873663
289
0.26837663158331726
290
0.2662713938435496
291
0.44500506580862076
292
0.25823077599534505
293
0.1887719053646223
294
0.08516593018819643
295
0.14611783090145075
296
0.037199102928113736
297
0.27389550536505164
298
0.14747364570390475
299
0.21397380461503235
691
0.16340836420369564
692
0.17567205239427922
693
0.06093622842419816
694
0.0871086085502398
695
0.13259061490238883
696
0.08740273296617662
697
0.07148072814198275
698
0.13522216243330465
699
0.5448364887050657
700
0.10815593729607856
1284
0.22362645147099505
1285
0.18200582936130053
1286
0.35272957127005933
1287
0.14464266232937975
1288
0.3026300230972924
1289
0.25947507140745757
1290
0.16973628531343277
1291
0.2383041256525615
1292
0.047966516412748114
1293
0.10380235015651329