a7o9tyb0xcikg
695
0.06455266723185134
696
0.27808409189140676
697
0.06585833693600902
845
0.17758538482549105
846
0.2891784933232572
847
0.14564599842063067
848
0.04415637757079401
849
0.0922646149145058
968
0.5511572511448399
969
0.14620283061554137
970
0.5277114538564166
971
0.3389020863134145
1570
1.0
1571
0.459202242773355
1572
0.18536830305456556
1622
1.0
1623
0.28177099690783586
1624
0.4000962553545161
1625
0.610025055552896
1626
0.1862755065804818
1632
0.45180100180492244
1633
0.17201874959116362
1634
0.12288887055424895
1635
0.4447361321818273
1683
0.3761895258089101