ayowrg5s0py3f
79
0.13485111859503685
80
0.07105005041577572
81
0.1729634245765596
82
0.2418862850865863
83
0.07158561577277534
84
0.27593555892450294
85
0.09267105817908805
86
0.1487333579183512
87
0.06632729312157198
376
0.11121234698968387
377
0.1239899236095509
378
0.030272532566104682
379
0.04345336846959359
380
0.14779846572873498
381
0.336467939254707
382
0.06567274736060397
383
0.0340469921601826
384
0.07220753624692286
385
0.04094684612091305
583
0.16467029855845897
584
0.12349811330887911
585
0.1291352784824437
586
0.06732650952774007
587
0.06608973813188644
588
0.04235841706161534
589
0.062338519068703926
590
0.11716679868890321
591
0.3862242902780994
592
0.14343769886313212
613
0.1660839071625199
614
0.12384901282810545
615
0.031251907639724415
616
0.049900497019368314
617
0.06079579085527916
618
0.13351377457038952
619
0.09379601158083603
620
0.26584835766658765
621
0.09720441560446862
622
0.07754086621204502
963
0.488923022434901
964
0.19881768219176266
965
0.0612957497932821
966
0.09386874991512362
967
0.45180100180492244
968
0.2545093860020286
969
0.03266804033020183
970
0.31751444361869974
971
0.21389152294607036
1418
0.06330211392731153
1419
0.19170165886111384
1420
0.11402343445211327
1421
0.06151125322227441
1422
0.05971932565563823
1423
0.18691694795754343
1424
0.10630643627589147
1425
0.23472526140972702
1426
0.036522845644001656
1427
0.07955891555490761
1526
0.2737678098181288
1527
0.2686424829558855
1528
0.09776912476128032
1529
0.07604702045223338
1530
0.39351147671151665
1531
0.14852672034924091
1532
0.34423007822013835
1533
0.3647484254140058
1534
0.059342026097604875
1535
0.1199014838091355
1556
0.05024584978301582
1557
0.0626716088651344
1558
0.1270331870386537
1559
1.0
1560
0.05256886485157954
1561
0.07104836248384662
1562
0.02715680403931929
1563
0.23521693563635526
1564
0.09669265690880863
1565
0.15728041955476021
1675
0.1961565085755886
1676
0.12223075560872526
1677
0.06632729312157198
1678
0.2136435031981171
1679
0.16437183600289074
1680
0.03558457598907998
1681
0.14432332645813734
1682
0.2691109110344471
1683
0.13176501127801424