5375.56
4358.1
1373.45
3065.61
1892.86
1386.66
8353.55
11735.4
5296.89
5049.51
2581.68
748.327
2568.66
3531.13
1009.35
3163.66
7213.99
1087.49
2474.18
3969.61
2133.67
7182.24
1362.56
6286.01
3848.8
1062.73
1594.25
2751.51
3231.62
4360.6
4515.05
1177.12
7932.32
2366.97
1519.77
2551.93
850.694
10791.1
1688.68
853.148
12330.0
1841.71
1432.83
1732.27
703.948
5264.85
3405.12
7267.1
1374.68
2348.14
1415.16
1497.49
2394.59
8257.92
2985.7
2344.78
4738.95
4042.96
3092.09
2336.64
6327.15
4064.0
2363.53
5648.4
2418.3
6805.76
30325.5
2057.87
2073.45
21065.0
1690.2
2988.69
1290.45
744.999
1257.37
5802.43
1214.03
1445.24
750.932
1506.68
4931.56
3275.51
3889.72
1853.38
1861.4
11169.5
3116.98
5054.36
1592.33
1260.13
1441.45
2403.33
4430.43
4390.32
1591.18
2794.17
3262.05
2217.08
2261.89
46.1346
2472.21
1541.79
2848.84
3037.59
5333.79
6789.04
3436.1
4348.44
2564.12
2048.4
2534.6
3671.68
1567.46
8967.61
2176.37
3910.96
1492.18
1897.32
2735.42
1370.75
3488.83
2646.52
4650.48
2017.94
3324.13
3071.25
1925.74
731.154
691.882
1191.04
2366.04
1621.3
1202.71
6529.77
2110.9
8434.93
1729.57
2855.42
8238.84
8581.42
1406.72
11816.7
3776.75
17875.7
1902.91
10522.3
6384.61
13710.7
1314.86
2578.41
33721.2
31083.6
1044.43
1013.74
4242.44
7696.05
1331.84
1585.71
769.48
4924.19
2449.16
31334.3
2099.16
1192.23
3167.78
4923.2
2107.79
625.959
1434.56
2415.08
1984.85
4424.95
3119.91
2604.73
4778.94
939.763
2622.02
5222.53
793.831
1496.74
2718.03
6790.58
2253.5
925.821
3728.14
2833.79
2732.46
2441.03
3211.42
9036.38
5307.46
4807.03
1278.44
3181.97
1653.8
2716.59
3188.33
6503.42
4805.05
4618.05
10234.4
3685.82
1319.37
3570.48
1336.47
2396.94
6427.25
5335.96
1890.21
10941.5
2690.34
2526.96
3292.13
2801.09
2347.75
3478.8
3387.7
7509.63
6881.0
1678.66
3951.41
2718.73
4686.92
6538.76
3258.23
2271.78
31734.7
2207.47
5192.87
3490.92
6759.01
5965.19
3648.08
1547.48
3257.92
2462.1
1979.53
7830.52
2115.66
2330.97
2179.81
8694.51
2438.76
4794.27
3664.03
2525.63
4364.41
2279.89
4098.62
1451.36
4436.89
643.93
2209.67
5903.45
59380.0
7234.64
3423.02
3379.1
3273.69
849.384
1060.76
1872.04
8957.44
905.901
4060.22
1404.26
11586.6
4820.69
5289.42
4251.16
4470.02
1194.24
1087.98
1578.46
947.762
1342.41
859.229
1667.22
2020.04
1306.78
507.555
1629.01
2008.21
3072.29
1090.48
3356.15
18810.5
3879.54
2655.3
2650.72
2959.15
3482.83
1077.43
6870.39
2088.37
2590.63
643.703
2682.04
3401.01
1715.13
2707.72
3328.24
2694.22
24236.7
7675.09
3235.1
372.581
8222.34
12574.6
3454.35
26637.5
13852.7
10632.6
1441.53
2621.08
3484.33
2546.69
5915.28
1748.1
3623.84
3900.12
3084.31
1964.54
2433.62
1063.22
4989.55
2763.46
4845.77
1605.32
1678.57
2806.85
3977.27
1057.38
1596.27
1351.68
946.523
1789.29
7268.2
2742.1
612.687
2795.87
1952.69
3392.23
2703.64
3465.72
2484.12
2516.45
2994.26
2666.88
4517.2
1210.88
1636.91
2181.89
6588.98
1702.81
1588.85
2267.56
837.819
2075.94
1606.54
1502.7
3068.16
1742.8
1493.37
2178.33
581.415
1283.13
2814.29
4890.53
1069.71
2180.91
823.893
2902.1
1464.61
2368.28
23975.9
3725.24
3574.61
1985.49
1021.81
2831.11
878.985
976.136
1815.26
12751.2
405.935
3147.43
2043.98
1098.74
3630.06
1270.42
3400.39
1213.31
663.899
1648.81
1721.54
4953.16
2079.22
692.884
2388.58
1467.34
1484.47
1403.53
4002.83
3652.97
5285.77
1373.69
1379.26
1841.46
2556.36
2321.21
13318.3
1035.02
1095.35
2617.6
1105.5
2601.98
1329.4
8097.7
18743.8
2310.56
1162.64
2072.25
1301.64
1380.53
2312.44
1230.55
3016.25
1296.26
1503.17
3991.51
1773.67
1021.82
2940.56
6113.04
3636.51
4610.25
2953.43
2266.5
1967.84
2894.28
5912.85
1198.87
2901.53
1905.0
583.376
1651.28
3258.3
2022.44
3461.09
1368.3
1381.33
1147.84
1816.52
1722.82
3518.15
985.887
6295.57
1438.53
1976.56
1278.9
1861.02
2755.42
2529.54
2423.07
1432.23
3410.15
1963.88
2142.38
4502.81
2351.38
4594.17
3657.83
1142.54
4652.32
2807.22
2314.61
3285.66
5016.27
783.641
4326.69
7507.01
15309.2
1552.67
1843.24
1360.94
1497.68
2822.38
2559.15
934.856
1404.18
12106.7
8355.24
2326.55
4391.67
2601.32
4602.41
1279.17
2960.34
2224.36
2184.06
762.717
2999.14
6055.52
3808.96
1707.62
2908.72
3836.58
2253.7
4393.68
2882.39
5763.73
1694.88
2090.19
4958.36
1337.6
2457.98
1528.46
5285.38
1271.04
1890.47
1224.19
566.229
3167.12
1703.13
1927.95
5774.23
4284.51
831.223
2098.81
2205.58
2126.08
774.992
5727.78
5369.97
1627.31
5306.52
12823.4
1876.61
3511.8
5897.49
3440.59
1281.91
1446.59
4314.43
3701.45
2467.29
1830.59
1983.57
2080.76
2148.72
9700.89
3055.18
1488.68
6630.45
3484.42
6026.43
2531.02
1455.48
13839.1
2425.72
3259.57
5211.78
4685.65
10838.7
1253.66
10333.1
1868.76
1312.1
23695.1
2868.94
3359.3
7665.56
1158.13
3707.72
16053.1
2972.01
2983.94
1442.11
16775.8
5236.93
1523.39
3866.57
2084.94
4409.72
2716.64
17392.6
400.523
1014.22
1002.09
1437.21
2494.07
12005.9
2903.97
2155.59
1576.73
1324.04
2720.95
2165.83
5614.7
8306.04
6574.74
4305.76
7003.01
2858.69
3590.39
1879.74
1866.5
3074.66
1356.46
1526.83
3251.1
264.17
854.717
6660.94
788.448
1047.03
2407.23
4503.05
3885.4
3075.22
1960.22
1309.08
6793.54
6650.52
4582.99
4811.66
1746.26
5981.27
3744.61
2201.69
16503.2
2330.52
4623.41
3789.26
483.813
3356.15
1816.54
2335.02
3332.93
3507.74
3378.85
6488.81
2545.98
3067.51
4592.47
9354.65
3417.69
2789.72
2311.81
3375.6
6557.37
3123.13
2756.89
4159.37
3898.93
4687.93
1205.94
1775.56
2200.15
1876.95
2248.59
755.118
1774.08
1684.92
1380.01
1036.2
5100.69
1942.01
1488.81
1048.19
18067.1
1720.44
5183.67
3826.03
1449.3
4447.58
92.5877
1509.31
2852.88
1485.84
779.717
2486.62
1449.3
3364.77
3829.1
3852.47
2339.69
1577.53
9096.84
2619.52
6232.21
3529.54
2708.4
1416.52
6836.36
2965.78
5118.59
4613.88
3721.56
8956.29
2654.3
1452.83
627.577
2865.34
5943.25
2422.46
486.795
10717.6
2130.42
2485.13
3948.73
1781.11
5453.89
10567.7
1554.96
3341.84
3667.19
3755.59
1953.74
6642.99
3181.41
848.408
2759.74
11065.1
4759.96
5884.07
2060.16
3625.41
3463.16
3483.23
2293.91
13079.8
3683.74
1866.92
596.639
2250.77
7186.83
2051.02
1686.28
1965.75
3034.82
2937.41
3158.55
3751.39
7821.89
4682.24
3418.18
8023.43
3143.91
1927.27
3473.11
1818.41
5793.68
1203.95
8561.03
2828.14
977.309
3455.08
1512.53
4984.98
1390.51
50396.1
44428.6
1026.15
1313.36
14718.8
2597.18
13125.1
4340.35
825.564
1714.69
45010.3
4026.45
5206.62
2079.17
2215.62
1749.86
1447.77
817.763
1073.35
8804.54
954.889
7756.83
1210.35
26485.5
2202.18
5160.0
19758.0
2244.65
1769.69
2984.86
3265.22
3398.27
2677.18
881.611
3647.68
5231.33
2631.31
14208.0
450781.0
3847.65
8868.43
1113.86
46.1346
6717.39
16818.1
3570.37
3390.22
5636.77
3634.4
5657.44
2978.21
1072.52
1364.18
3010.55
656.462
5861.2
3364.35
1886.5
3420.58
2381.43
2425.26
1361.64
19765.4
2373.96
8880.57
2824.72
1207.61
15791.2
1514.11
1322.6
999.78
2990.48
2266.75
6132.2
2826.22
756.571
2203.22
5731.42
2175.28
1766.23
2316.11
2171.92
5795.37
1544.88
5406.35
1896.48
1302.78
1102.11
10645.4
3342.75
4009.28
3325.83
1111.55
4772.89
3511.46
3181.17
14918.8
2693.02
8110.88
3486.03
2937.86
10416.2
831.257
13525.7
1693.96
4667.65
1294.57
2526.35
4194.43
3229.57
1660.43
2640.44
2666.73
12561.6
369.492
1354.9
1312.07
7083.71
823.947
3920.14
1870.19
2000.89
1490.64
2323.02
3875.86
2759.6
1324.86
1467.51
3928.16
6503.68
5073.36
7414.7
1400.14
1165.2
2080.57
2294.34
2022.23
2061.62
2476.76
4218.68
8573.74
14165.3
1662.03
3787.13
6156.97
4487.98
4850.4
2086.92
4106.97
2235.53
6762.08
5633.32
11325.0
492.705
1730.66
2742.5
4938.06
1740.24
3455.75
3153.53
2523.7
4386.22
3735.96
5814.95
3890.39
1640.59
6111.67
4450.21
2149.27
1814.71
5262.39
2325.75
3596.45
1934.26
3444.2
1705.3
12171.5
4496.17
2552.5
2421.14
1500.7
8408.72
21990.8
2383.94
3554.03
2059.2
2002.41
5394.5
1003.06
7715.4
1272.43
3926.26
2051.09
2434.53
1276.35
4428.33
1976.5
2908.24
2222.21
2463.83
3667.16
4428.61
2991.83
1094.63
39155.8
1839.24
2427.66
1588.14
4089.57
636.072
8179.92
7949.11
5283.65
4897.68
5714.38
4567.27
2624.18
2149.07
1487.36
6108.38
4551.03
5320.84
2846.72
5423.83
4618.15
7033.78
4136.9
6293.42
3480.75
3797.76
1920.14
1785.71
4073.25
737.795
5219.32
3826.94
1973.77
1497.02
2971.57
4443.33
805.787
7046.85
3116.32
5817.7
2442.5
4046.43
3567.83
2294.91
1012.69
2173.18
2625.58
1643.64
3935.53
889.155
2257.59
1210.64
10809.8
2035.84
1623.44
2429.49
10303.2
2341.23
5094.28
1516.14
974.353
1489.29
7678.72
3779.2
6585.96
4208.14
1614.86
1294.77
21243.9
2621.19
1909.21
2455.8
6657.44
3796.99
4405.8
3191.04
10993.0
2313.25
3113.63
1528.08
2440.68
5839.9
2601.48
3425.4
6945.87
4050.42
1556.04
2731.35
2027.52
1394.72
2663.1
5915.27
2883.7
4613.8
4109.23
2317.78
77958.6
2166.71
2280.38
10032.2
1781.98
1830.46
1997.15
1221.34
8247.78
2149.75
2264.38
2870.63
1320.93
2146.44
1156.12
1232.31
3771.22
1857.98
9327.53
1950.6
3159.07
9402.19
1205.27
2770.21
2128.27
3427.99
2119.73
3688.43
1933.36
2921.77
1310.77
1693.17
3763.02
1278.77
1118.57
1351.45
1872.06
2611.89
1127.79
4712.27
3246.87
967.712
4758.9
2302.93
1644.88
3467.28
5411.76
2251.21
1563.17
6460.66
3388.99
1805.24
1009.11
2629.92
720.81
3212.91
2192.47
1697.44
7407.34
5021.38
1661.64
3752.35
3226.96
2419.28
3110.4
5329.96
4808.46
4611.75
2138.48
3797.87
2240.78
1755.23
2274.13
1904.49
1792.27
853.984
1872.93
2514.08
2013.77
3774.81
10468.9
5568.14
7317.85
1543.34
1277.68
6541.69
2163.68
2229.44
2657.51
2387.68
2630.09
1994.9
6537.98
1630.43
2379.31
1186.37
4079.54
3949.53
712.655
3019.86
1546.5
2027.3
662.805
3522.4
2332.62
2782.3
1101.93
2113.2
1369.36
2125.41
2165.78
3102.54
2793.06
3948.9
1575.85
2246.22
1560.35
1738.2
706.303
1867.28
3023.57
3310.53
6053.29
3961.49
1844.03
4100.31
2079.8
3442.78
1235.83
1442.95
1486.89
24189.8
1453.84
1103.35
2603.78
3521.18
1518.09
1934.41
1788.77
2000.38
3391.18
3553.95
857.604
2230.25
2129.01
1629.45
4265.54
2283.02
5033.61
2900.09
1589.74
5202.94
3298.86
2061.32
5084.32
1784.89
2268.89
2646.97
4893.18
5334.33
2479.36
3652.54
1316.44
4202.96
1818.39
10362.7
4840.81
2150.06
14359.1
5751.69
1350.42
20908.6
15212.6
6956.36
1315.28
10299.8
5430.94
9196.06
3144.3
1282.15
5558.69
2859.03
757.537
4682.51
2296.85
4451.66
935.904
11438.6
1536.06
2118.5
3304.0
1406.86
3285.33
4263.1
630.615
3567.12
1262.24
5090.44
3478.32
8459.78
3750.82
997.932
1709.28
2629.55
3956.23
7688.61
2688.68
46972.8
1513.72
995.287
3626.72
2019.41
2332.68
2289.68
6533.62
2977.43
1627.94
1486.26
767.034
2060.58
1527.19
1888.73
3335.25
1302.43
2851.13
7527.55
9387.92
1354.06
3491.79
3772.58
1117.88
1096.86
8390.27
6151.13
5461.32
3071.5
2869.09
1775.56
894.743
1113.58
4760.98
13941.0
3096.1
4149.26
1763.62
4163.65
2196.99
2400.59
2093.26
2900.84
4814.64
2252.1
1355.07
1775.28
5095.85
1238.79
2676.7
7719.77
8445.8
967.52
3285.32
5651.45
3033.37
11136.1
2898.27
4713.89
4009.57
1800.25
5009.83
13118.1
1146.86
5469.4
1534.58
6489.86
7975.11
13189.6
12373.9
7243.63
73877.7
2907.25
11184.2
4842.37
27696.6
32237.0
8169.56
8999.59
21918.2
23172.6
4996.19
4228.16
10613.7
7596.34
2449.84
4105.99
139330.0
23661.0
9649.68
58907.1
2725.61
6354.14
3473.35
6793.75
1135.89
5051.06
2592.39
4712.21
1371.12
1141.98
4272.54
19749.4
2877.66
109.96
2255.6
12284.2
2635.37
4163.39
4338.35
1244.66
3932.42
2277.73
2319.3
26656.4
8161.59
5562.12
20418.3
4106.65
3174.63
1443.98
2858.99
1506.1
2294.71
4110.2
1517.54
5008.41
2114.5
15000.8
3788.85
986.174
4218.16
2940.04
1538.01
4741.4
2398.39
1988.21
1464.5
1236.99
11860.9
4549.73
9988.28
2633.01
2219.98
1616.52
2872.49
2508.69
9657.72
14658.7
4246.41
6544.39
5266.18
3783.18
25907.0
6340.2
2190.55
1484.64
3334.65
9080.94
2825.35
5198.47
3950.71
1745.91
7157.34
2100.91
2073.51
10379.7
3739.99
2497.88
4794.61
2006.5
8409.62
2421.96
3918.96
7365.8
6475.95
1305.3
4220.26
1481.72
6020.52
6300.59
2804.92
2562.05
5896.9
1691.93
3855.76
1058.69
17868.9
2886.62
3508.51
1406.85
5516.83
1943.61
3293.97
11141.0
2409.33
16642.2
8008.22
3928.14
3129.01
25282.5
6605.11
23834.3
2442.72
1760.23
4620.68
9396.41
11343.5
6772.93
6089.98
5708.69
2138.53
4311.14
4693.52
7990.05
2977.76
7771.88
5346.61
15491.8
934.482
9037.84
2813.11
7675.66
25414.9
4601.48
46.1346
70960.9
15844.8
5242.83
4576.37
18491.9
2155.47
107.33
1749.74
2209.2
8091.57
11509.6
5947.51
5183.88
2211.04
10853.7
3017.62
4207.17
2373.79
4025.71
9739.46
5775.95
17824.8
4813.08
1750.3
2691.18
4027.23
598.358
3745.83
13069.6
5282.65
2204.56
10815.2
5925.03
2926.52
3815.25
4446.58
2567.36
2705.66
2259.75
5206.79
6861.05
2979.04
9334.23
1218.46
2982.29
17117.4
3869.14
3279.85
4752.6
4873.0
5132.21
6288.41
70960.9
3567.14
3086.67
3382.88
6293.12
2847.46
2368.95
3835.24
3188.46
2719.6
9848.06
4501.08
5983.79
5552.79
3020.2
724.694
3428.87
611.475
13871.3
3023.34
2401.5
1646.55
2771.48
1490.3
805.654
1677.27
2763.35
4981.73
1452.48
1165.25
3413.87
3142.12
2567.16
3137.06
6230.05
1727.51
1948.89
2477.9
906.859
3296.54
1022.15
3228.82
1850.28
2487.22
2047.0
1491.1
2216.56
991.12
12734.1
1713.76
5264.05
1253.18
1598.46
1798.84
3144.93
2279.0
5645.68
1893.51
303.432
4590.21
2547.51
622.802
3570.65
2152.48
6475.06
1370.44
5341.77
1865.42
1255.07
3459.84
771.409
815.907
1866.42
5892.23
1566.08
2952.08
2256.7
3901.59
2362.13
10704.8
18821.7
2798.24
3432.81
3366.22
2223.11
2717.11
2261.02
1637.35
2434.82
1370.86
1420.76
4022.36
1558.73
6958.72
12862.4
11332.6
238.251
1485.74
1157.26
1487.4
4656.83
2960.33
4224.68
1978.03
714.628
8554.99
2179.85
675.331
1973.7
2862.09
1596.38
1388.24
1918.91
4736.37
1966.72
2582.34
5417.65
1216.98
2583.83
2130.03
3267.66
2117.33
2760.9
2296.94
802.894
15251.2
696.121
1397.76
2216.92
2909.4
1286.84
2690.83
2675.67
2258.95
5397.33
2637.56
5927.92
1047.11
1970.44
3036.26
17060.6
66.6628
974.268
2216.69
1651.31
988.474
2213.92
3687.97
1630.46
2275.15
3013.7
8383.55
3188.56
571.793
2876.64
3326.59
3402.77
2505.81
2503.89
6045.38
1083.15
2663.28
4620.61
5064.6
78722.0
4843.44
5998.18
3018.82
2503.85
1015.08
7436.63
8507.43
7404.09
4613.13
29430.6
7703.35
3039.48
1653.16
24558.8
5039.56
4281.31
4260.65
4574.46
5714.79
5574.69
3772.86
5218.01
4103.54
1160.57
56569.5
1436.04
11390.2
22613.5
1784.38
1077.55
7566.96
1649.71
3292.98
5077.85
1703.36
304.288
2545.67
7111.95
2258.41
4274.98
1633.66
2650.37
6716.73
2844.32
2033.21
2083.87
1236.14
1438.29
1340.5
9030.91
897.503
7162.11
5252.74
3341.88
2437.52
1990.8
3105.14
3879.91
2590.11
2535.62
1688.9
2300.06
1482.91
2513.6
2620.34
1968.1
4311.76
8059.5
3435.37
2947.74
1811.65
1908.02
3304.84
7522.05
932.941
10314.8
2667.08
3898.67
2010.26
1217.88
3101.03
3411.14
4183.18
3568.43
3083.16
6491.57
1581.2
4111.06
3463.92
2135.12
3273.49
2912.36
7861.01
2869.05
1964.22
962.553
2970.06
2332.54
9006.65
3194.13
1844.33
3607.14
637.923
847.177
3066.88
1413.14
1030.14
2865.5
7160.9
3143.08
1445.35
1452.14
1751.78
1983.22
666.499
2659.33
1935.41
1066.19
5702.23
885.349
1368.69
1874.81
2847.6
5108.62
2691.29
1797.25
1456.9
365.203
557.331
2183.0
4449.04
2252.46
1737.6
1882.19
4807.1
25619.7
1278.98
1536.82
1127.39
3006.45
719.759
3704.53
1403.15
4272.03
831.389
1690.43
894.286
2224.09
2245.66
2931.55
3982.56
3940.64
3701.65
1997.77
4388.86
2097.61
1435.82
3502.1
7135.1
1271.84
2920.75
4115.43
1846.8
2692.25
3601.84
1916.93
1759.18
36083.1
1194.01
3958.03
867.224
2473.11
1074.56
2466.65
10252.8
1570.58
1812.42
1825.18
1479.07
4382.14
3171.77
11432.2
1595.45
1078.87
1933.0
1875.29
992.484
2626.69
2023.83
1721.61
1035.25
1285.16
2962.45
452.613
1338.89
1405.46
1964.3
990.431
8577.29
2044.46
1195.67
1695.29
2929.29
3019.27
1875.28
3162.83
2026.49
1525.21
3334.26
2182.9
5463.56
1158.7
1776.21
2036.3
2165.81
2524.98
1386.97
1586.18
2198.33
1313.76
1247.62
870.276
4030.01
1522.93
1141.37
1760.96
2407.54
1419.13
1377.02
2283.19
1944.31
3008.38
2064.17
1381.14
983.947
1274.21
6122.9
2215.1
3132.8
1621.4
2822.12
7268.14
1676.54
865.939
22740.9
881.847
2331.79
2035.7
2002.45
2310.69
5789.15
3262.1
2538.15
3202.78
1084.9
3969.22
1521.62
5111.48
2093.06
1429.88
4424.57
2282.47
1753.88
4145.1
4668.85
2959.68
1030.42
3049.02
3128.88
2517.17
7993.45
1217.7
4558.02
12768.0
1974.54
3403.0
3459.84
1195.3
2035.98
1930.35
1887.08
2251.01
3753.73
847.832
5434.19
1223.42
3545.02
1129.79
1205.11
1117.39
920.506
1866.88
1927.07
2861.79
1706.67
1584.78
1364.29
1798.7
3324.75
717.769
1471.42
1165.25
1179.97
10977.0
1788.06
972.624
1997.88
3901.09
1904.88
3175.12
1008.59
1968.12
2713.95
2284.11
1240.74
969.467
2317.15
1779.76
1837.08
1396.33
1323.35
1889.32
950.777
1593.13
1547.91
1517.26
1571.3
2559.0
2677.6
3039.63
1474.21
1508.69
2288.74
1587.06
2868.09
5929.39
1824.25
2684.01
1676.87
2604.82
1532.11
3538.62
812.853
1436.21
2610.14
1634.45
2424.5
1244.56
1632.29
3915.63
1104.98
877.313
1842.55
1144.08
1941.5
1204.04
1863.68
627.234
1227.53
931.262
2239.71
2089.92
2607.55
3205.12
3227.42
1820.28
2056.99
2494.39
1016.32
1446.11
2946.61
2336.45
1179.61
1307.89
1068.65
1391.45
1566.71
2334.85
2001.6
869.533
1515.14
933.135
1149.9
2606.99
2164.3
2090.67
1264.29
1395.39
968.043
6049.53
1046.09
1710.89
2187.17
1922.24
3041.29
1677.14
2406.93
3663.07
2291.09
2810.46
1057.51
1881.95
2457.54
2974.24
1741.42
3542.37
2004.42
1719.6
1689.98
2346.04
4591.84
3447.65
11517.1
886.902
1443.32
2035.69
1463.89
3449.43
1395.01
1854.8
2162.84
2729.77
2440.95
2492.56
459.291
1392.69
2626.63
1117.33
6023.07
2040.78
1537.1
949.636
1633.31
1703.21
3106.18
2147.54
1512.07
3141.33
3598.21
1969.24
1151.71
1565.84
1879.61
1462.91
4849.2
2200.78
1046.76
2016.47
5192.18
5894.8
788.037
5456.05
3294.92
1979.45
1370.02
1993.92
1870.93
9117.24
1293.83
1562.4
672.875
2365.6
2891.69
1024.67
1527.63
2810.38
3212.75
4881.06
5093.52
3042.59
1118.89
1182.7
19126.3
6494.43
1906.36
2033.37
2117.19
1418.18
16952.1
2061.79
1393.75
741.435
1578.74
3920.42
1567.13
938.725
2514.03
1332.79
3393.75
1128.78
1528.87
2092.96
2673.62
2939.76
1244.9
1336.11
4258.1
940.389
2034.49
1433.19
1654.64
649.316
1688.77
1399.44
1632.73
979.612
1630.34
864.828
3992.38
1749.34
4038.14
4749.88
3155.82
1766.21
4192.47
2565.66
1135.77
1966.75
980.987
1990.02
2210.74
2718.43
1473.54
16772.9
1366.87
2785.12
1052.54
849.445
1829.87
880.234
2893.31
1180.93
3773.37
1008.81
979.134
1595.29
5663.13
1913.18
3407.33
2524.66
1240.27
8342.42
2102.71
3192.79
2430.78
2791.34
1411.02
1087.73
3086.54
2073.16
1403.21
978.49
863.452
1887.48
1649.87
3843.65
3689.1
2122.57
3156.05
3875.94
3293.92
1825.77
1577.95
1614.13
1147.75
2044.64
5983.05
3238.25
4119.53
3032.75
1323.86
3903.34
4678.94
3493.73
3752.6
3280.97
1326.1
13085.5
2520.91
2387.82
1872.38
2277.93
1072.38
1757.75
5102.21
3754.26
3518.15
2518.58
3044.12
1978.48
3981.51
1471.79
1447.58
1911.51
2568.28
1733.88
3999.67
1988.6
1298.46
1737.13
2629.41
3269.59
1346.62
1445.66
5803.97
1945.78
2509.87
7136.68
1691.75
5004.39
1047.64
2784.43
1477.77
4268.98
1639.84
1680.15
2059.82
2406.41
1166.49
2810.59
39921.5
2091.65
3871.25
7598.93
3306.88
11372.5
16404.7
1128.6
1531.12
4602.78
1262.19
863.198
1462.16
2582.8
2412.18
1224.33
1503.51
3330.64
2399.64
6254.56
2276.55
3033.59
2671.2
1300.54
1727.32
1693.02
1754.42
3049.65
2773.25
875.293
4466.6
1014.99
2103.9
649.285
808.474
1098.16
1739.73
2049.19
2876.88
1340.76
2095.54
4131.08
1216.06
1400.78
3236.74
1508.75
2701.83
1683.53
578.031
2085.05
1251.27
1372.33
848.093
1852.81
1483.41
1620.78
1281.92
2030.74
1265.88
3492.2
1203.66
10722.9
1425.94
1868.32
5460.37
3031.27
3640.83
1270.52
15849.1
2836.33
999.836
13102.8
1745.25
3927.74
2394.91
6746.71
5595.83
1533.09
4119.2
3952.58
3938.93
2025.4
8519.51
1977.05
2423.25
9967.68
2191.01
2011.87
1147.37
2977.43
4287.97
8595.7
2751.62
1811.72
6166.65
858.785
1773.51
2892.78
2241.34
2182.7
6078.51
2257.04
1559.62
1469.08
1910.11
2088.78
8994.01
1876.84
1220.51
10974.9
2328.25
2847.62
1770.44
640.572
2229.85
1999.17
9637.41
3651.37
6012.4
5835.63
2308.53
1733.55
3108.38
1165.51
3683.83
4921.35
2258.47
3240.24
713.114
2915.57
2781.15
1575.73
2943.04
4389.47
2759.98
1431.16
1824.19
8888.27
16699.2
4640.88
7420.98
2281.43
1358.51
3455.18
1287.67
10211.6
6732.99
942.885
2009.48
4074.79
2977.94
7425.54
1274.79
4265.34
20919.0
9738.03
2689.21
3306.68
5139.47
2568.66
4121.53
1847.01
3401.86
3187.49
3182.54
3304.73
3464.7
1291.12
5153.25
5113.25
1574.67
1256.06
1577.98
1350.69
934.591
3546.47
1214.43
5337.97
1643.22
3222.39
3245.82
1271.95
12969.1
827.745
1186.15
2893.21
4355.28
1882.02
2341.8
2364.93
2134.11
1891.97
16773.6
1134.12
5090.69
4044.34
1540.22
1723.14
1366.09
1592.82
1507.67
4078.38
3265.18
2859.81
1160.25
1123.44
1096.12
3790.44
3290.66
1564.02
1523.13
1748.59
2908.22
721.176
20676.1
8662.41
2284.04
27661.7
5089.59
1855.76
5915.8
16912.9
3449.34
3015.15
1726.66
2623.34
5987.17
1685.91
3484.83
1095.81
809.644
2325.7
1415.36
3074.99
2732.67
3144.89
2018.44
408.327
1410.17
3467.04
1568.38
1714.6
1669.05
3021.04
2420.67
952.416
1839.36
1902.91
1937.7
2489.15
3476.2
1462.31
5953.7
3918.96
4328.56
1132.88
1526.92
3025.08
2389.67
3174.58
1747.54
2901.74
2943.44
6746.86
8822.96
1464.47
1132.43
5402.1
1669.43
1922.81
5866.63
7212.35
8728.89
7517.44
1388.18
7938.82
3299.77
4087.32
2179.63
6117.76
3172.66
2383.21
6591.2
10490.6
1250.72
3498.82
1240.84
3703.93
4377.36
6940.2
4117.92
5355.41
3427.63
3446.36
3749.73
3248.11
1702.82
3503.15
2809.29
1653.79
2016.27
4553.03
5386.51
655.743
2218.54
2430.7
1675.12
3652.0
3739.82
1469.33
1707.39
799.658
1911.56
4287.51
1812.09
3062.21
1281.69
846.594
4580.47
1852.07
1385.71
5145.39
2400.36
1290.03
3947.85
1423.59
2952.92
2011.81
1820.11
1318.38
3246.78
1403.09
5494.3
4950.68
1910.76
2897.6
8470.33
3120.97
1584.62
6402.23
2413.56
14222.4
12172.2
3768.72
4032.34
1495.84
3713.96
6093.54
2368.6
2255.39
1443.2
1223.39
1971.0
1497.13
2570.07
5665.62
1212.77
3226.32
351.114
2930.64
3037.17
3498.07
7577.34
3230.63
3369.18
1378.88
46.1346
3972.09
2794.13
4573.82
5112.62
8165.68
225.788
1666.18
2105.92
2074.61
2520.46
3010.87
2235.3
5099.98
8730.82
3075.22
3828.55
2377.27
2984.23
2026.9
1903.98
2455.67
2099.19
31017.1
1025.63
2400.93
12808.0
1053.81
2349.74
8378.73
2900.08
1944.8
1399.9
2700.57
5176.34
649.858
696.53
2726.44
1155.99
2395.81
4766.47
74179.9
9043.68
8038.68
5731.89
6302.85
3379.28
1173.5
6959.03
1396.9
2075.24
3782.56
10259.5
1302.59
2128.09
7238.82
1251.21
2919.44
1349.88
7282.59
3179.9
1243.14
2452.7
8522.72
6152.42
2278.76
4272.06
27938.7
5998.06
17272.5
7013.23
9907.56
1182.14
1012.23
1226.18
403.736
3927.95
1819.18
4370.32
376.416
1309.84
1416.42
1947.06
1136.16
662.045
2783.99
794.156
3440.79
1103.36
2587.99
2460.96
987.208
1958.64
1118.54
1729.8
947.798
25289.7
887.091
3267.84
663.978
3914.98
1360.84
1358.55
1651.37
4602.33
8284.09
4339.53
22037.5
2953.82
4583.4
4172.25
1569.5
4111.98
1934.67
2366.25
35480.5
1398.49
1952.82
1006.17
1716.32
1708.32
1836.27
2183.57
9286.88
2028.84
1992.93
2607.45
6930.31
810.908
1007.38
1843.82
1980.85
2348.19
1963.54
1843.89
5443.2
3555.76
2252.29
1716.74
1476.8
2519.44
871.488
3331.13
2609.26
2073.69
685.246
3061.12
4602.26
1400.94
4042.86
9867.77
271.205
3145.37
1628.48
3869.28
1718.18
1020.09
1662.79
4006.67
2496.46
2336.15
6491.49
3285.16
2293.32
3344.01
6274.63
2315.74
10188.3
7008.81
4249.1
2202.55
10344.2
4860.32
2103.19
4455.95
3959.07
1001.97
3660.49
2027.96
3408.93
3154.95
4015.89
3563.99
5653.48
45865.6
834.74
716.53
2383.86
2064.88
968.864
3934.87
5963.6
501.854
898.441
11227.6
923.357
2123.18
70960.9
863.15
1706.45
1444.49
2321.24
1063.42
707.938
2741.26
4287.15
3559.92
25180.6
1744.79
1260.32
2324.82
991.815
3312.04
2175.91
1710.92
2205.28
1586.23
6900.91
2506.09
1982.88
1503.94
3174.39
2019.97
1985.25
2147.41
1200.44
1475.09
826.399
2930.9
2888.28
1999.28
4162.3
2530.44
1901.01
9125.93
2068.53
1613.13
1015.43
1377.34
1800.59
1753.1
10174.8
4274.2
20689.3
7288.01
3665.67
6859.26
2557.39
1395.76
1499.29
17884.4
2673.64
11860.1
4400.57
13716.7
4150.33
16277.2
9216.85
1967.16
1894.31
1292.6
1461.59
9853.34
13473.4
2011.34
1810.66
1408.36
2916.28
3491.1
2928.06
4398.73
3598.91
2079.08
9086.3
707.371
15575.1
3633.69
11906.9
7492.35
3901.19
2006.31
1622.93
1445.63
739.958
1484.17
1887.51
4880.58
955.088
2514.93
1112.03
7379.8
4032.78
1929.35
7295.83
9240.23
2962.34
11637.8
9378.03
1938.43
9835.52
37537.6
2920.91
804.029
1552.67
3678.19
