73031.2
8188.87
2035.29
2083.72
3704.41
2322.94
5276.77
17233.6
19336.0
4961.37
1981.44
766.646
1196.85
3840.98
3300.37
12393.1
3315.97
1595.42
2434.26
1245.68
2236.79
768.337
3194.94
2286.48
1003.93
3421.98
1714.7
1601.24
3515.38
543.905
4897.26
6418.93
5010.86
3224.82
3766.57
4336.07
968.578
4186.97
2003.43
3572.07
2093.34
19832.9
3551.48
1923.35
2180.66
2325.97
1442.42
5665.8
7583.62
1828.34
3279.53
4841.92
3136.92
7122.72
1431.22
2032.6
1504.35
969.406
2790.68
2728.18
3915.65
3445.69
2465.2
1005.93
1257.05
29190.5
2529.69
2903.68
1425.97
1628.33
26354.5
2334.8
2326.73
3954.44
4680.86
2268.67
21669.3
6599.22
4674.71
1177.54
1789.71
2920.38
2039.19
2439.89
2848.44
1915.27
3414.13
9845.39
1337.12
1106.64
3202.4
7266.46
2193.5
1132.26
2595.58
1695.56
9713.03
3104.81
1602.96
4622.0
5124.42
13514.0
1579.17
5294.48
8123.31
47502.8
2470.49
3620.46
2673.19
6015.25
84429.9
1345.25
958.757
2835.4
657.765
1947.05
1459.07
1707.6
2412.35
2983.41
6867.62
3708.51
1728.14
5061.38
4074.03
9461.0
1259.68
1617.35
1764.75
4570.84
4511.74
8399.7
1353.0
3199.37
886.28
13074.0
2154.77
496.921
5692.69
4129.37
6545.3
2639.02
1562.42
4149.55
2209.96
2928.64
1961.74
3141.45
25037.3
2050.51
2877.17
2104.2
2681.75
1308.52
3199.97
1118.16
3025.36
3959.36
1905.31
4579.34
2033.4
1082.49
2918.29
2391.41
4588.16
1888.15
3985.3
2536.91
3537.49
6337.1
2574.51
1651.17
1799.52
5368.51
5430.34
1848.25
1435.66
1948.19
13610.5
1932.03
3168.36
1649.14
3733.19
2184.82
955.648
999.924
1800.28
1800.95
3006.04
2777.78
700.886
4212.14
12245.9
2491.71
1705.11
1054.89
569.205
10888.8
4069.4
3332.34
853.309
7995.49
1266.1
2258.7
1518.02
1083.4
1189.1
7622.41
969.947
839.036
1846.36
1495.58
2133.14
2147.91
2064.07
3290.95
1277.71
3049.54
6481.23
22457.0
1098.79
1391.88
6108.66
769.348
1525.73
1062.46
787.116
1537.75
2869.0
1847.38
1430.34
2738.42
2711.49
747.952
1570.82
911.036
1250.18
1380.43
2279.57
2148.33
732.951
4812.02
8981.45
2134.07
2443.94
11520.2
4043.98
1208.19
4249.91
6643.64
2575.35
3003.5
3258.56
2982.94
1126.14
1039.29
10956.4
1679.56
4531.79
1923.03
12965.6
6934.26
5514.18
1298.62
583.483
1918.13
2014.71
6462.9
1450.62
3251.39
13018.3
5759.87
1647.8
6978.8
19463.2
50176.9
982.558
12352.7
986.911
4330.19
2770.27
1796.33
4491.8
2425.81
3757.3
35688.5
1949.35
1272.13
4516.1
790.994
5789.76
3554.54
2764.87
2023.73
9538.81
4824.03
2499.7
3738.08
6870.87
1904.83
4018.38
3388.77
1274.37
1321.78
2531.18
2226.13
1391.99
4199.08
1476.88
7318.47
2643.55
42338.0
6493.38
1167.12
1646.76
5322.06
2116.42
2388.37
1879.7
9297.68
1709.54
1471.92
3083.22
24961.0
2306.69
2299.61
1825.72
2974.82
4166.83
5577.05
1591.67
6362.09
4658.76
5576.58
2999.22
1011.93
554.139
3655.65
2467.4
15166.6
4995.99
21947.9
5411.23
8243.44
4127.86
4237.12
28953.3
3438.32
1725.69
6823.11
1452.06
3096.53
1958.92
4573.84
2375.03
5336.45
85745.2
11067.9
2093.03
1596.32
2793.07
2932.82
2363.65
2894.72
3207.97
6941.16
4074.56
3247.35
4071.24
6165.24
5744.81
1617.27
5293.02
5213.81
1570.51
12282.4
891.002
3218.73
46172.8
2650.01
23200.9
3836.39
22646.1
9558.84
1747.16
1805.34
1308.94
2298.24
2719.35
7303.79
1219.99
1587.88
1818.5
2334.1
3208.91
11458.4
1946.79
6500.72
5093.71
1051.66
815.972
2374.83
2400.15
44694.3
1846.9
4247.02
4145.58
4525.26
1510.01
5790.88
2949.35
2755.67
4390.59
1977.39
1195.89
118059.0
8376.84
4164.1
16984.2
7496.5
3412.14
1366.95
2732.97
1933.06
1684.39
887.453
13293.6
3385.33
2898.49
4178.91
44109.6
320.506
5473.34
364.482
2294.9
2576.68
1555.55
46.1346
17646.1
2844.13
1894.98
2189.68
7984.11
5306.45
9350.35
2835.42
2714.47
1934.23
1184.15
49075.3
7842.27
3747.89
3875.46
1336.22
17792.6
3253.47
15601.4
4028.65
1593.95
6608.74
16439.7
2152.29
5974.82
3525.98
448.636
3252.37
1276.43
2027.54
4490.0
1546.85
2959.31
1731.8
3361.61
1987.9
1722.5
1736.27
1848.16
7692.48
72361.4
3800.48
9246.15
1345.83
2903.64
6436.52
3124.06
4483.5
4284.65
998.723
543.258
1917.26
17205.0
3899.16
10536.5
2502.7
3121.94
4056.86
1205.02
1483.41
5505.61
7953.83
4881.81
6987.84
4451.33
3156.11
12450.6
25915.9
1984.63
7798.95
2093.36
56262.9
2727.47
970.534
1453.78
4058.49
1426.66
5466.56
1233.7
3020.27
1782.73
1568.92
12696.3
2176.58
1529.65
3537.71
2366.56
1334.67
1335.9
3810.22
3660.36
2503.08
1869.32
1227.32
4867.87
1030.14
3672.27
1358.52
1481.64
1336.61
3710.02
4063.96
2280.2
742.898
2145.42
2224.51
2485.66
2426.76
4755.83
34720.7
2237.08
2332.13
1685.28
1037.92
2463.91
1245.58
1381.31
1203.87
1473.78
3455.43
2064.86
2971.58
765.456
2193.48
2978.12
2029.2
1265.09
2252.64
3852.82
1711.5
528.943
2016.48
3102.65
1597.17
2671.93
1248.93
7045.24
1062.97
3435.1
3364.93
1565.08
478.418
3900.75
3641.58
59800.2
2056.62
3646.36
1193.88
1983.24
888.233
2802.7
1698.61
1461.25
691.395
2308.37
1206.55
1902.48
5098.41
1316.03
1400.96
821.537
1164.15
935.92
1598.36
2939.14
1482.61
1578.49
2678.24
1253.34
3471.14
2706.63
1553.34
2712.83
23400.5
2348.5
1687.94
1477.43
3002.85
2423.42
7529.56
1884.8
1977.72
4982.01
1583.94
4362.45
1878.39
2164.39
7075.34
6071.67
705.671
1841.68
1738.17
9746.51
1953.75
1610.39
1294.77
1319.69
2859.63
770.61
2282.98
1993.38
4309.08
2634.04
1522.32
1753.71
2356.63
2029.66
2161.87
6304.08
1468.25
33303.8
11571.1
927.385
1723.26
5746.03
1307.36
4015.44
7691.9
4856.97
1750.39
2973.25
6785.13
12786.0
16248.0
5651.68
1070.9
2142.19
25896.9
4157.51
11202.3
5835.29
2372.15
4803.09
6009.02
2491.9
3315.04
2083.61
2371.37
3173.0
4497.25
3338.92
3720.99
4031.79
5597.86
2940.44
2200.82
23639.4
8713.56
1688.74
11247.9
1801.88
2226.04
14290.9
4571.88
3574.63
2132.77
907.167
5249.05
3480.39
5983.42
1564.01
2774.65
2327.18
1381.13
767.791
7861.97
2140.37
3000.06
7672.07
6918.71
1798.15
1561.65
1194.16
7960.1
918.457
2227.1
632.835
4726.5
4182.71
2349.07
2071.43
1916.74
6228.9
5327.84
18724.9
6342.28
1109.0
7707.41
10618.4
1571.24
2121.08
7380.74
2486.06
2668.44
1367.2
1569.97
1373.24
1703.7
1995.5
2095.64
2883.01
23142.4
784.047
2032.23
1343.49
3943.42
2844.2
10905.2
1738.27
2254.88
1076.1
1277.93
1266.62
2747.1
1422.33
624.686
2044.76
2561.01
8333.9
2692.8
636.852
979.668
4688.93
3876.77
1728.0
2526.41
1069.91
5533.36
4591.33
3022.0
1626.93
7914.61
9756.58
9283.21
3149.79
1045.86
3944.97
1519.85
2024.25
1830.88
2259.36
4309.75
4466.25
1058.54
746.817
3073.53
12985.5
3268.53
1635.83
3389.66
1720.53
2017.31
2533.7
6863.38
3188.74
2918.11
2339.86
16797.1
11336.5
6611.06
2581.43
1965.23
2886.71
2672.56
2203.27
12415.6
3602.23
3257.79
1339.19
5212.92
3716.89
4232.23
4923.95
1368.0
3023.98
4784.95
1787.13
8296.38
1700.77
1773.73
2929.41
1787.7
1305.74
2611.36
40411.3
1381.53
1388.78
2450.55
1531.26
2921.72
3165.31
1775.12
948.819
1756.84
3688.15
4938.41
1636.58
2042.64
1127.7
1077.57
1421.77
4302.44
2493.94
3202.74
1426.44
1377.2
689.675
2484.85
2461.23
2363.14
779.68
1818.53
4228.0
797.628
1488.57
4902.9
7580.7
1562.37
1737.82
713.667
2676.38
2216.33
6787.87
4375.95
13830.2
981.733
7951.7
12778.3
9302.57
2323.81
759.417
4370.17
1870.43
975.777
1177.72
3115.1
703.762
4672.84
3185.51
2583.57
837.659
1848.52
3074.07
3006.56
1914.18
1676.33
7198.08
1607.38
2089.6
3156.58
3870.18
803.927
1412.94
3758.5
1913.51
4140.68
1386.67
3982.03
5322.44
1354.74
1343.18
3186.95
4135.0
2324.89
1496.3
1820.52
1952.52
2827.95
5118.91
2222.07
3410.13
2910.32
2830.91
6994.68
4141.35
2639.64
4281.77
1096.22
3679.16
2376.77
9154.72
2358.52
2985.91
4562.2
1444.57
4692.43
1545.63
2544.26
2672.39
4780.22
2163.2
4672.63
891.003
1852.25
2490.11
1275.12
1817.97
1444.88
6154.71
12983.8
3614.29
1594.99
9330.62
5262.41
4592.59
2528.34
19148.1
1481.22
473.237
584.048
502.063
1590.65
3312.85
4976.08
3147.21
3413.25
3378.43
1921.11
1888.42
753.374
1070.2
2575.2
1472.84
1042.81
7523.91
2213.02
7800.45
1765.23
5886.4
3358.24
689.702
6716.85
428.276
3757.99
7610.27
1692.81
4256.34
941.995
2000.16
9370.53
1209.85
1203.57
4626.36
1446.39
2029.57
3089.0
1839.19
3540.39
4014.13
6717.62
12132.2
6927.22
1596.9
2444.58
3889.48
1102.73
1658.35
1885.85
2358.21
2344.52
3550.11
2818.49
4475.89
3242.07
3380.7
2498.08
11751.8
1501.4
5529.42
3252.56
4773.68
26747.9
9300.88
8285.0
4511.05
1558.56
1761.72
3250.83
6684.46
1017.03
3507.84
4976.42
14365.9
7324.69
8324.13
1869.88
9270.42
18410.9
8330.37
3893.92
1176.05
3100.4
1997.98
3337.01
3523.14
2187.53
1987.07
3048.6
1503.87
1503.46
1428.87
3380.48
4125.62
2775.44
2189.01
1341.47
1424.06
31018.6
2239.76
4114.77
4332.93
11667.1
2194.61
7654.17
27529.3
4247.83
4059.9
3759.21
14644.0
3235.73
1997.15
2994.82
2451.3
1664.67
8633.81
4077.0
9305.66
2979.43
4212.52
1166.7
22898.2
12692.0
3611.5
998.226
9925.86
3740.26
13662.5
2500.99
1579.12
2343.73
6014.61
1573.3
3075.67
17718.2
16928.7
2178.17
3746.71
1478.55
2792.7
3135.48
1498.66
959.039
7027.58
2497.18
1107.41
1454.55
2486.2
2005.55
21362.5
2473.26
1387.17
1951.71
3818.47
20278.0
4868.68
1357.63
14443.7
1232.71
7816.58
9571.87
2654.53
995.854
2442.7
1292.63
11792.0
2336.3
2341.67
3935.16
12133.2
3911.42
2005.03
817.626
3806.6
1789.59
532.615
1626.89
2739.84
800.333
2909.61
1300.15
1713.66
666.968
733.167
1013.52
6763.88
4344.38
1907.37
1398.7
1125.31
1694.67
19186.1
1985.82
1173.9
2698.63
5749.45
1383.94
3225.5
1797.34
3897.26
3466.22
7228.1
3441.57
42075.5
1806.15
650.523
2399.53
1594.21
2588.16
5761.25
2530.93
2961.7
3307.08
961.379
1433.31
1120.67
3091.13
4785.99
551.48
1335.46
710.018
1299.94
30422.1
2968.86
759.386
1058.03
2031.68
1172.55
1561.35
1109.01
1476.85
5447.46
4246.29
4664.68
1893.7
2425.41
1526.19
1321.34
2681.96
394.511
1645.3
5382.92
1616.18
7786.54
2762.96
2509.29
3690.36
6534.42
1300.91
38890.9
5466.13
6414.08
1053.43
1483.38
2912.59
2507.91
4083.08
3003.46
2142.67
2189.94
1831.67
1785.76
1920.31
1847.33
1121.37
2537.29
12658.9
5408.18
435.471
3859.6
2455.0
698.695
10037.6
4396.39
1827.78
1228.92
2203.1
4895.7
44688.0
5819.82
1926.14
1700.3
14704.6
784.113
958.813
1661.94
5536.89
4119.37
3777.78
1094.54
4712.87
5198.2
3312.47
13718.5
4022.07
3930.45
3408.24
2212.13
2976.06
622.625
2627.95
42119.5
4666.63
1533.62
6836.16
3433.86
3528.68
1194.71
10735.1
9358.09
8460.15
7370.32
11178.7
2636.51
3625.03
1981.4
2857.87
10104.9
2075.76
4797.61
1195.84
3618.64
4818.09
5090.37
1483.67
9360.42
7263.42
818.802
7928.79
1659.52
7895.86
3036.1
60451.8
9017.56
3707.54
4204.85
1185.78
6818.28
96105.0
1260.26
5873.35
9015.88
2654.36
3111.87
2461.39
1278.03
9635.27
2273.09
11954.9
4513.06
6374.46
2602.96
1925.21
4089.34
9108.47
6503.65
2010.97
10462.7
31466.0
1347.12
1250.66
2600.73
5019.65
3990.72
1896.2
1825.64
2719.9
2362.79
2221.02
2931.73
6412.42
6346.87
904.598
1102.31
1275.28
1351.22
869.235
1609.2
5978.32
1236.27
575.6
10107.3
4323.85
4421.93
4189.82
1176.09
1230.93
2043.92
930.858
4138.4
5140.95
2344.9
1962.93
1214.93
1932.98
1973.48
1530.43
1871.21
1786.8
1422.93
722.521
1723.83
4491.29
7647.7
1892.93
2581.04
5844.52
4408.39
2013.24
1028.92
2217.78
1534.18
1756.09
39224.4
2290.13
1619.34
2491.82
4553.63
1949.21
2528.39
2339.26
1832.53
1445.54
1531.05
2330.15
2039.0
2278.84
2243.75
1519.87
10273.3
4358.99
1667.9
2208.36
5170.07
2247.71
3805.08
2736.25
1752.69
2580.95
766.582
999.05
1925.13
10811.4
4200.86
7801.49
1022.29
1708.94
713.244
2139.97
4902.49
1281.49
2095.19
1958.39
1517.24
2388.68
2214.28
1101.14
3407.19
2227.47
3329.72
3743.06
4132.69
7743.1
1218.4
1848.61
5692.95
2024.0
1133.98
2316.95
3028.9
3782.96
15553.9
1504.61
1265.95
3599.47
23828.1
2167.69
3513.61
1992.37
1707.39
4927.84
803.56
2532.45
2523.72
5544.56
10412.2
1344.34
929.279
6106.79
18338.5
2789.76
5219.13
650.381
3055.25
1309.81
6354.32
1674.76
12057.4
16567.2
2592.86
6440.21
7212.55
4850.91
2318.18
879.367
4850.11
4139.48
2539.1
1348.43
1690.84
6488.4
855.562
1293.15
1244.01
2455.37
3552.06
1522.8
1139.62
2368.04
6461.97
3614.33
2071.6
3888.84
2025.25
1075.35
49643.6
2119.01
1506.9
3121.34
3057.88
783.476
73192.8
3503.97
6687.94
4491.19
2276.9
5277.61
2682.72
3857.73
3967.3
1691.42
10292.7
870.653
2123.6
3351.33
2318.65
3356.32
4908.11
5280.25
909.103
3342.53
4293.57
2305.07
6366.54
1596.66
2399.02
6226.66
4019.96
1954.38
2904.44
14049.6
3793.88
2348.17
1361.77
2811.93
1799.79
2616.47
1815.75
4110.58
3021.95
1758.89
3448.91
4255.78
8560.72
3547.72
2904.08
1299.05
2247.72
1697.41
2867.99
1518.62
2171.2
2586.74
9832.95
54586.9
6834.92
2941.12
1768.84
2388.84
972.042
7981.14
2144.4
4795.61
2861.93
3991.72
3191.26
3367.02
2181.55
1245.22
2968.81
1940.12
1603.83
1585.92
916.065
893.438
1213.69
2621.53
6092.2
9221.42
1578.58
4948.08
5129.35
1647.92
1845.3
6617.36
2924.29
1226.67
1725.72
4296.14
3043.5
4592.73
3197.15
1537.47
597.816
46132.6
4271.9
3748.43
2364.6
2579.31
1466.59
648.575
2037.29
3778.55
1299.85
2025.2
13534.1
1303.79
1790.26
1336.22
1055.02
2659.6
1650.72
1618.04
12557.2
2916.79
3201.45
2308.75
2575.57
990.56
2938.38
2026.15
11337.8
8872.18
13573.7
6094.21
5400.21
3728.39
3160.12
508.632
1123.12
26185.1
1048.37
2333.91
2957.22
1592.84
3124.16
2286.95
25118.3
2581.38
2872.05
2012.5
1769.79
1934.66
2004.43
2711.54
1314.19
4621.05
1472.89
7159.37
862.586
8429.42
2087.71
1092.28
29258.9
2223.55
1196.95
1151.91
3654.73
1802.62
3008.03
9684.94
2582.06
4087.74
931.961
1537.12
3513.13
1027.06
2586.85
802.989
3925.14
5662.14
1818.82
905.496
7150.26
3834.32
1697.08
7632.28
7495.67
1548.2
1666.65
6955.52
2564.24
1765.2
2169.76
2287.38
1449.01
4368.41
2602.41
2118.5
1025.18
6163.42
3639.18
4885.32
2691.38
3321.47
3396.0
1077.13
3292.74
5214.16
4081.3
2247.83
2691.47
5731.09
1461.01
1966.18
2678.59
46893.1
20330.5
9129.0
1559.36
2013.98
3131.67
2074.91
16765.6
4857.81
3338.77
9977.92
1436.4
5327.57
2984.3
4970.04
1323.85
2940.47
1203.22
7339.51
1732.61
3171.34
8349.05
11798.0
14414.0
3457.69
2866.15
3513.16
7027.9
3165.64
1395.67
1409.92
5354.18
7295.27
3968.9
1610.36
2354.61
11531.9
6628.36
4662.54
4886.92
5849.41
5432.22
16689.1
2538.95
3435.99
3347.47
842.068
1615.79
1042.66
3373.49
4763.8
3858.39
3201.64
4516.12
4953.66
1769.38
3092.0
1554.19
4718.04
2108.53
1371.33
7837.74
31963.2
1529.31
2685.33
8171.79
3439.19
2545.72
4764.03
3492.87
3498.16
2198.24
3853.56
5849.83
6613.4
1010.37
2160.26
1834.63
1518.71
5036.43
1035.49
880.042
2083.97
1552.65
1436.06
4090.76
6052.19
7864.38
3714.13
3264.84
17776.2
6732.85
1740.42
4384.06
2244.4
1003.61
3752.56
6043.58
4952.03
6720.56
11366.3
11372.0
3872.97
3069.06
3859.0
2150.17
2912.05
10588.9
1875.26
2817.08
2590.54
4235.9
4507.35
1740.77
1755.66
23804.8
1368.43
4986.25
3257.64
8940.29
3093.0
2007.33
3450.35
21365.4
399.63
3137.73
90580.4
2596.71
8124.92
10001.5
3599.21
3584.08
5557.5
4787.62
6646.78
5558.4
2352.5
3394.09
8627.28
6081.13
38747.7
2179.4
2925.02
1013.38
4017.97
2548.6
8305.5
2214.73
1403.69
2717.03
3124.28
2206.49
2438.21
3514.23
4480.25
2157.79
733.904
93181.6
3450.38
6424.75
3512.0
8055.26
2466.78
1755.11
23921.0
8543.82
2481.89
4180.31
1236.16
9541.57
2990.7
2992.52
4257.6
2635.38
3634.68
1857.7
5438.79
6605.16
5244.9
3306.76
1504.81
1701.11
2844.19
1751.79
9065.64
2212.49
1210.35
31605.2
1449.74
1088.32
50176.9
2139.57
1881.75
7362.0
5783.62
1267.7
2679.4
9399.0
1840.99
11082.2
2397.8
2909.1
1358.27
16536.0
1538.95
1841.98
11072.0
2567.81
1304.31
1865.25
1100.03
864.796
1057.32
992.841
3634.13
1138.26
4079.17
2349.21
1982.07
1565.6
1052.35
2661.16
2351.45
971.697
1205.43
1018.25
970.683
1089.74
964.407
3239.44
643.931
2458.27
3137.75
1628.14
3390.91
37400.2
3211.4
1625.49
759.351
1486.13
1015.43
4774.34
1229.15
1488.87
1239.24
1236.87
1057.04
1506.33
3311.51
2508.5
2572.05
1526.72
1114.17
768.526
1037.27
1228.87
490.189
1377.32
4456.48
605.595
1672.04
4698.42
2188.04
1148.86
2010.17
2407.6
1366.71
5996.59
1624.21
1161.94
3813.53
4921.55
2091.65
2677.39
3491.74
1938.06
2263.97
1483.21
3075.5
2166.16
1865.09
933.73
1220.14
1127.06
666.279
2064.23
2853.26
1065.03
2466.65
3082.26
2543.59
1778.84
938.162
1101.79
1571.22
2059.28
1640.81
543.576
1020.74
1343.07
304.917
1614.37
2395.23
2223.14
2240.75
770.327
2063.92
2494.03
1223.82
7559.39
3024.45
1491.13
1161.53
2158.61
1003.88
2871.91
2100.2
2949.57
1743.12
1223.86
2215.33
324.537
4348.65
2308.38
4786.0
1927.57
8828.14
2118.87
3446.37
1587.04
8962.52
4676.91
12279.3
10601.8
6586.61
32310.5
5116.3
6958.57
1498.16
265160.0
5825.92
1350.18
12776.0
5309.19
5159.76
1348.9
13507.4
2876.56
762.982
6345.98
1195.33
1747.89
1741.99
3076.13
2837.26
917.082
1614.88
1476.41
926.158
3965.17
1567.5
1608.99
858.183
2339.37
1161.69
2059.21
2067.27
1370.25
7180.9
1457.3
3445.21
1547.46
925.368
1288.46
1196.21
4141.01
11334.1
2036.93
1374.82
823.664
1941.11
1851.99
20076.2
1364.97
2281.35
1504.33
812.608
1181.74
616.633
579.694
2027.91
1133.71
1101.5
857.856
435.254
1501.64
1396.33
2827.44
1821.45
1953.02
619.493
1846.78
2845.4
1132.2
1019.88
1445.5
2645.24
831.647
2183.08
997.418
890.606
1973.83
2790.07
1908.14
5983.04
1595.56
562.557
4261.95
1506.38
16981.9
1369.73
6999.4
1599.52
1771.09
2180.35
3386.75
1787.64
4214.17
1113.71
877.561
46.1346
4753.76
2399.49
2325.93
2019.9
1705.44
5538.79
3041.06
1122.4
6510.8
2047.05
3846.23
1148.54
2760.09
1665.74
1738.82
1845.52
2210.32
7836.97
3326.52
1805.74
955.278
6788.53
5928.08
3672.75
1341.18
1317.11
1891.51
1967.94
2766.01
4644.97
2935.84
1731.19
1328.25
1931.37
17117.8
2579.73
4409.77
1466.65
1644.56
961.736
1601.04
1949.0
4109.56
1212.3
2586.73
1449.66
10893.8
15473.7
903.054
1180.77
1167.52
6499.15
1573.67
1826.73
1448.99
5207.48
736.208
1478.68
2094.9
1403.28
1351.47
1998.09
1706.75
1398.91
659.339
1260.47
2989.99
1117.3
1186.12
3463.86
1554.08
499.303
6395.54
1447.61
1145.28
4281.9
1816.03
1250.67
1028.42
2285.25
2877.51
1742.38
1122.95
1179.65
8404.13
1446.84
2257.65
1635.14
5719.17
7633.28
1871.13
3092.5
1079.85
2613.63
1053.51
568.052
3643.55
5601.87
4509.97
802.49
1564.02
2354.96
1280.68
679.563
1877.21
3428.61
2048.36
3227.56
4708.71
2297.58
2639.7
1966.74
2124.06
2820.95
2135.2
4079.93
2909.19
2289.21
1389.54
2527.47
1888.83
10023.8
2824.12
4694.55
1739.23
1592.3
559.935
1162.02
6849.89
1476.16
964.649
2993.46
1320.26
3182.09
65013.9
1627.71
3183.03
3536.88
83266.6
2533.68
1696.89
996.354
6099.42
1485.59
1981.59
2937.99
1246.8
2541.01
1920.99
1544.64
1427.87
1688.2
18055.3
1346.36
1987.07
8596.66
2056.77
1699.83
7141.94
5506.78
1288.5
2291.45
2589.34
6018.02
2109.19
1544.05
848.973
1442.6
1847.58
1420.57
4946.22
1061.26
4113.06
9160.18
36354.6
3809.84
3246.27
2724.17
2134.62
3128.02
3456.2
1330.81
2486.86
4620.9
3129.85
1943.69
2850.71
4871.66
1298.33
1308.89
2674.34
2580.85
1114.87
2111.85
1789.78
1598.45
5107.35
3059.33
3984.93
2615.26
62155.9
1634.04
2441.88
1692.04
2137.7
1802.3
3419.26
893.352
2537.77
5050.25
2983.1
3174.93
1147.21
2794.92
1457.99
1902.76
2037.72
1518.92
1569.59
2482.32
3059.49
4645.68
3048.92
1402.19
2056.28
2009.29
2200.01
950.974
2202.52
548.783
3749.21
1258.98
803.678
1175.44
2727.06
3738.59
4515.04
2948.86
938.699
2103.34
1269.37
4017.49
1927.42
2389.96
667.565
3070.46
1177.81
4499.52
2695.9
3805.89
1195.48
727.226
1261.62
2722.77
2299.26
1321.18
1003.94
3842.6
1567.22
2015.59
5807.48
2333.09
3019.97
1615.0
442.727
4053.42
960.441
1626.05
1978.74
1806.1
1929.57
1840.32
2322.01
1153.55
2014.84
1916.87
1645.44
1957.21
2591.1
1646.08
1475.13
1782.45
3190.14
3897.03
1819.85
6617.67
2868.47
4180.62
2279.18
1102.85
3478.0
1537.86
3690.3
4125.68
4962.13
2199.39
1217.77
2711.82
2120.82
2542.21
4332.31
769.053
1298.63
1823.03
2786.16
3082.25
2143.45
2786.75
2770.43
1718.43
10540.1
2394.47
3679.26
4025.71
2927.05
953.078
3201.34
1853.05
2730.38
1951.84
1704.2
2374.85
4065.1
2172.42
7321.16
1298.28
1168.43
1607.12
3878.39
1315.39
509.706
2824.68
2034.58
1609.36
894.005
1341.61
2386.41
70960.9
19161.4
896.765
3911.39
1503.31
2713.8
3607.73
2064.85
984.522
2291.75
10774.8
5553.78
1073.45
2211.15
2618.29
1028.94
1822.04
1400.62
580.296
1124.68
1816.32
2785.55
1130.18
2694.1
1438.57
7568.09
3805.12
3248.97
1572.51
1782.81
5889.13
9218.35
2508.95
3939.22
4742.48
901.952
8146.66
1903.56
1073.19
4275.99
37877.1
11997.2
11915.3
2975.86
3928.27
5094.19
1711.23
4124.79
5630.7
3357.2
3139.15
4880.49
3447.39
4950.01
2605.99
3601.11
4768.62
1870.95
1701.4
1778.36
1460.69
1160.11
8112.62
2967.43
1417.64
945.086
3805.97
1867.42
1451.36
7673.86
3131.86
1807.52
1521.18
1914.48
2503.85
2431.65
3754.39
1965.03
2700.93
1787.77
1552.01
4502.15
550.123
7652.8
12938.7
3233.43
1454.14
7848.56
1378.77
3098.75
1344.56
2574.86
3219.0
1300.44
3495.85
2862.33
2343.05
1386.91
2447.94
1794.25
1963.05
2395.05
5729.79
3988.2
2783.39
3060.9
5449.73
3483.36
1065.85
2019.75
2758.7
1332.01
2100.85
1615.53
2489.55
1471.81
2055.15
4502.06
1878.83
2791.61
1478.59
3515.68
1466.31
2918.66
1172.34
1478.25
2905.32
1424.36
2350.7
1824.14
2115.78
459.283
3249.95
2922.47
661.256
1720.74
2099.73
4252.09
4235.1
2202.98
1094.94
900.776
8133.35
3671.2
7107.25
2166.73
2643.25
4203.13
3024.98
1569.07
1971.25
1057.79
3321.37
4644.42
2604.26
5060.97
2608.62
2158.61
1319.85
987.44
4798.97
12628.8
1845.91
2327.25
4746.09
3656.32
2951.59
8553.53
22260.7
4624.89
3422.04
424.153
3842.41
1976.49
2906.96
1298.18
1392.02
3438.55
2561.44
46.1346
2672.76
3133.02
1549.5
3551.64
1462.98
2192.08
3751.82
2100.8
2692.05
3180.47
1394.82
1153.45
3144.9
1612.84
3903.65
46.1346
2509.4
4225.48
1162.82
1966.0
2646.95
3502.8
1958.34
4122.23
1380.46
1454.96
2576.38
1161.52
4632.57
1727.33
9037.16
3636.54
3829.58
1868.27
1715.86
5612.19
1147.08
1916.44
6897.04
1421.27
2071.92
2158.92
1746.37
2026.21
14210.6
31056.7
2279.9
1507.71
1938.39
2316.15
2472.78
2827.65
3491.18
6869.95
2143.4
1133.17
7592.36
1903.56
3053.0
1957.53
2053.98
1789.55
2355.03
2616.91
1138.08
1690.54
1102.07
3601.85
3376.16
2011.58
3891.82
2596.91
8143.45
2666.44
2664.28
5727.94
1559.92
8764.09
1646.25
2495.16
1552.68
3574.85
1904.73
1624.64
1704.94
1595.37
3502.48
1018.88
728.329
1816.21
1306.35
1346.51
1406.79
2347.42
6720.37
2031.19
9534.92
12363.5
3487.35
2492.45
3006.33
2146.63
930.908
2595.51
4006.26
5265.63
3740.3
1274.97
2948.39
4110.34
2666.09
2862.88
1166.03
626.265
2819.37
2666.15
1468.83
1185.31
2424.06
1172.73
1728.9
1957.77
2689.95
1608.59
1237.46
1137.38
1317.22
1352.7
1002.11
4378.91
2474.71
1308.15
1917.04
2065.45
2425.95
1026.1
8849.99
3759.06
2244.24
4535.68
11376.5
7097.7
6199.63
2994.5
5813.91
6227.62
6215.21
10260.8
5377.47
5616.24
129446.0
3831.45
15176.9
4794.56
1483.0
31024.2
8091.39
4695.49
4868.39
1909.61
2764.65
4004.5
1179.56
2470.36
3752.71
9033.27
3146.72
7932.89
2192.74
1635.93
2638.16
1930.54
2766.38
30241.5
4439.85
1547.09
4427.44
16493.2
1633.54
1918.5
2321.88
1565.81
7837.35
6885.04
2930.22
4988.71
9080.82
10717.5
4016.72
3767.17
8507.67
2474.04
3823.29
5966.18
1755.18
5935.75
2512.51
9944.96
1281.72
10728.5
4387.0
4907.01
12435.8
5847.22
1695.06
1191.59
2849.66
2885.67
3165.25
480.631
3583.01
4504.72
2257.06
4183.22
4111.33
1957.74
2944.66
3948.57
4216.46
1066.91
1173.01
1780.18
575.88
4960.94
6564.71
2352.27
1794.77
4247.71
1015.31
1796.45
1955.66
9805.99
3571.57
1630.6
1230.37
1210.14
1932.04
4654.38
1668.24
2983.95
975.134
4256.22
1580.87
2440.25
4799.69
1062.38
925.18
3720.79
2306.34
2754.32
5527.18
1985.43
4595.05
2110.94
4557.63
1019.26
3303.44
1360.07
1447.58
5201.55
1056.57
3035.89
1939.38
3296.51
6250.89
3844.19
2799.65
3159.62
7246.78
4178.12
768.394
2128.15
4473.2
3009.88
5302.96
8976.15
7547.54
2545.55
2087.45
1592.0
7120.3
788.062
7617.24
3211.85
11326.7
938.62
6979.18
1113.39
2306.28
2266.78
8490.14
1401.51
3203.95
1893.56
37295.9
1001.5
6175.59
1557.8
4130.8
1147.73
9746.22
4607.39
2350.14
5273.33
1497.97
1849.44
46.1346
2046.85
4751.21
3992.8
2079.51
1461.07
7963.08
1686.37
10663.0
2884.7
827.086
3601.72
3034.71
5852.88
1663.08
3032.17
8446.12
3579.7
3704.64
10606.0
22439.8
4255.34
1297.34
4746.4
7207.48
1549.51
3175.08
2190.75
1621.48
3501.03
3098.05
2243.4
1110.88
16223.2
2405.77
3415.03
6396.53
1943.92
14192.8
3746.49
924.323
16488.8
3553.38
26843.9
3073.91
7064.18
2617.36
11123.5
2881.58
1665.92
4263.98
1887.18
3936.4
1688.02
378.672
3373.25
2692.3
2656.22
4950.71
1891.02
3259.27
3046.36
6478.73
1727.82
3204.36
3217.61
