131643.0
1125.06
461.846
190.764
638.097
585.166
750.08
9039.43
16112.3
2478.04
378.389
57.8426
180.653
863.954
1167.69
3042.41
836.923
296.901
988.591
174.749
499.086
289.803
844.782
227.576
181.646
2026.44
116.026
334.288
1910.47
63.1835
643.696
4499.04
791.904
1486.51
582.481
298.458
543.101
1502.06
389.765
865.871
188.557
19635.7
1491.53
244.837
621.427
881.77
287.906
1717.65
2882.87
405.131
1065.37
6101.38
1965.12
5666.26
800.477
617.764
1184.59
163.421
1447.1
1056.65
1898.56
1285.74
439.687
252.143
250.823
11763.6
1017.12
342.825
185.48
765.615
3116.43
105.966
99.3804
402.031
896.352
449.549
30471.4
1426.07
342.9
208.029
556.823
1627.18
579.873
1540.8
289.515
367.315
715.763
1127.32
502.612
772.026
838.994
1839.99
894.46
220.018
654.901
303.375
1938.96
884.277
712.201
2638.06
2055.7
5806.74
620.24
2572.98
3473.84
194860.0
141.069
1430.99
517.864
2103.16
66281.8
411.976
23.6343
931.216
121.253
485.34
148.47
363.484
140.677
895.668
3470.55
879.07
403.439
976.414
931.408
3172.52
142.001
174.952
520.852
2814.7
717.799
854.112
379.911
477.366
165.568
7069.44
434.337
38.8803
5937.41
1305.46
1844.26
307.983
80.1564
535.04
380.109
440.162
4552.5
590.741
7361.01
545.512
143.711
1129.18
772.881
217.895
240.067
853.471
1025.4
451.149
496.625
800.453
522.347
142.984
1081.43
416.157
1043.82
454.164
1664.51
1101.66
1093.54
2009.56
827.794
289.68
430.679
1779.93
1649.69
148.478
205.993
221.394
1294.44
991.236
1047.21
223.177
1202.45
686.672
103.598
294.7
695.949
280.848
1107.29
378.654
61.2837
896.727
2849.41
655.192
261.538
149.557
66.9392
2029.84
740.493
499.329
50.4805
3192.2
129.668
368.856
196.039
504.554
216.772
2849.67
316.137
120.586
812.749
116.457
214.83
739.427
95.5208
1518.67
234.548
611.923
2783.79
22678.9
130.879
613.104
1198.56
50.8366
101.108
270.288
128.029
234.584
480.175
176.751
213.901
228.53
657.458
68.246
145.069
155.28
187.917
167.143
747.858
388.261
142.768
76.9804
6033.96
598.97
1087.72
9705.43
926.029
281.679
1215.95
857.173
486.386
1098.43
810.595
1466.74
110.931
154.504
1650.4
622.346
350.75
613.769
25372.5
1705.16
1532.28
303.782
142.325
1484.41
209.818
5264.15
421.659
915.198
5410.8
1342.73
230.07
3622.71
21218.7
278701.0
365.314
5293.94
88.6448
1083.95
1339.96
1318.57
1928.42
572.88
779.399
15936.7
587.822
569.03
3980.35
92.2528
2248.74
748.145
348.143
1177.13
15655.5
2522.23
814.349
1107.57
5603.11
649.89
1442.48
900.033
383.008
411.941
1371.52
569.442
186.504
1258.01
696.403
2586.37
557.495
53049.5
5782.8
414.547
282.399
669.592
239.714
822.801
1027.6
4651.95
231.559
412.967
400.055
12344.4
689.883
327.833
355.351
732.473
2259.41
851.28
93.2336
17885.6
2008.68
968.685
1295.7
161.225
107.352
1171.6
686.371
4771.41
787.197
18400.3
1521.69
1441.01
1317.59
367.67
14991.9
1196.39
856.126
1526.04
411.134
302.628
94.1863
864.967
251.551
1792.71
148735.0
1465.87
560.771
466.926
1702.06
381.0
550.439
1903.38
1936.44
1459.6
1265.69
729.506
545.843
4440.72
3128.85
620.798
2527.61
658.881
370.939
7450.76
281.43
1009.3
27530.7
647.805
34820.6
1037.61
20427.2
1763.35
161.318
332.325
155.15
295.11
278.482
1399.25
311.636
153.1
280.55
902.729
702.315
2725.99
519.142
3063.04
1764.35
424.595
112.756
204.109
144.885
44396.0
193.492
3076.32
646.053
2660.73
77.8277
1466.18
209.315
823.994
5387.0
453.658
202.175
179467.0
8007.24
771.065
31329.6
595.109
600.468
322.483
474.681
527.998
2481.49
136.965
3509.36
1163.56
1206.13
727.637
289110.0
303.323
857.463
39.4725
443.165
119.663
965.049
46.1346
4368.87
614.467
335.284
376.754
2072.28
6343.96
3255.71
769.948
2023.65
952.501
277.56
25505.8
4628.44
2224.6
2258.9
559.394
14799.0
2136.07
4839.8
594.496
197.257
1514.33
5621.96
710.16
2303.54
1817.5
358.592
993.217
166.432
303.347
931.417
346.009
483.465
957.752
1146.88
795.924
151.866
712.563
567.485
5773.44
15094.6
1259.07
15015.0
597.697
1596.24
3511.25
760.927
1868.88
999.57
193.156
66.2065
241.065
8800.61
947.226
5950.32
746.293
854.181
1179.94
199.64
251.706
1282.25
4528.56
1765.05
2616.11
1732.13
837.392
3320.57
13305.4
326.389
1661.36
412.962
74693.4
579.384
111.593
337.295
2075.58
363.038
2501.49
493.667
2262.59
712.664
529.549
7286.64
646.072
274.055
361.177
464.927
651.327
156.936
2464.18
988.061
555.077
2116.84
376.674
597.075
327.56
1249.74
360.593
131.353
213.471
1793.48
1306.88
605.969
41.074
655.275
914.001
1811.94
783.658
2432.7
92940.9
412.587
457.883
1367.24
353.528
1077.96
336.547
255.959
92.0625
556.884
1533.92
693.492
748.721
204.843
801.537
342.831
765.836
194.68
486.951
858.938
778.758
70.6525
1080.44
641.909
256.408
537.714
510.196
2437.35
222.679
1451.01
985.685
440.352
191.919
918.476
1389.35
130718.0
238.909
1592.52
312.835
331.026
409.402
688.018
245.676
449.158
145.924
1374.84
301.222
312.57
462.954
58.5657
172.673
97.7412
565.488
169.1
392.112
1025.89
961.504
535.811
568.833
372.0
1201.23
804.016
367.59
789.928
22279.9
991.102
206.714
421.995
928.998
353.377
6285.4
361.851
352.839
5280.17
300.261
2305.53
425.812
613.297
1827.46
811.374
114.054
148.948
454.757
1490.68
588.865
154.963
355.888
326.849
756.922
177.498
877.649
357.097
834.362
1078.25
107.818
927.109
238.017
387.055
489.936
916.008
621.409
7801.52
11845.6
65.4493
408.378
1390.49
328.711
872.592
965.085
4449.53
222.491
537.773
1566.35
3769.45
54788.0
3390.64
421.709
264.2
4134.61
1196.94
3734.74
3036.56
378.577
1015.62
2723.92
1249.34
440.583
327.391
482.07
795.153
1004.62
554.093
1083.82
784.51
1874.49
465.536
606.786
10625.9
3177.97
1246.79
4381.55
222.556
334.195
22915.8
941.582
316.087
189.674
67.3668
1814.37
174.929
1206.81
181.245
502.675
406.995
123.573
98.0794
1046.62
2854.77
463.335
2478.6
5073.79
432.783
286.782
119.039
2646.28
196.858
3085.04
65.2715
399.632
1066.19
534.519
570.24
465.388
6904.88
5455.36
20243.5
1083.06
101.751
1120.27
623.106
96.6545
990.898
3203.67
616.338
793.237
138.624
326.41
124.387
191.839
402.872
256.587
578.309
15296.5
73.6938
634.612
280.499
822.142
972.461
3317.64
702.409
770.077
136.662
158.819
241.727
1081.21
416.124
304.266
390.231
363.42
8866.89
396.203
123.985
129.975
277.383
963.828
178.338
453.882
160.028
415.058
579.919
307.071
388.612
3221.42
8165.65
2806.05
412.265
92.043
558.613
216.625
481.869
175.82
112.645
1331.38
1099.39
109.973
157.472
158.972
1016.61
395.653
445.703
245.148
328.46
320.054
163.657
786.891
179.768
307.631
110.956
5628.28
5926.54
1489.23
487.412
206.435
1760.27
218.625
1527.16
4783.3
179.795
595.4
113.967
1203.17
897.043
761.091
1380.17
297.402
1061.73
415.943
220.062
3138.5
147.165
439.005
840.339
179.041
259.771
73.1895
40802.4
174.318
680.986
674.057
413.083
682.235
300.208
108.554
314.139
154.369
589.201
1133.65
160.518
663.306
105.47
232.999
165.446
4124.83
284.825
536.794
290.19
491.251
77.9751
410.725
798.553
870.864
91.6641
702.594
1129.32
242.551
444.312
1508.27
6063.04
323.713
279.815
85.4171
650.944
289.224
2328.74
909.934
1598.51
103.372
1907.66
4893.46
11968.8
904.274
151.316
761.718
230.409
150.602
421.059
493.446
62.7777
455.643
367.482
983.682
80.8114
86.1013
1097.12
412.842
443.239
369.178
2358.37
186.771
248.293
300.43
1333.31
197.53
91.2102
1982.18
379.683
586.461
343.391
334.258
1970.65
243.627
183.848
905.259
434.711
499.678
232.186
2430.54
1735.48
278.344
656.735
199.302
981.006
1044.71
611.095
2239.64
658.852
1401.07
1002.51
175.188
2043.56
381.975
810.05
1081.68
808.761
667.707
337.421
1022.36
73.4194
519.346
728.686
1135.71
563.76
879.789
69.4631
405.316
353.789
403.908
596.913
164.294
945.009
15836.2
698.659
1171.6
5972.87
1842.89
428.253
1842.18
9232.47
103.956
115.721
76.9703
156.629
188.518
646.768
2449.28
1733.01
497.903
2360.6
295.815
837.531
179.015
206.733
471.114
163.375
77.7441
3141.05
118.124
928.04
183.498
1987.09
391.038
102.048
3629.86
25.4175
2201.96
6585.33
173.578
1572.96
76.7912
1113.7
5651.84
254.584
125.215
1372.03
718.369
471.726
878.543
1211.91
200.06
1036.74
1754.47
5811.86
1395.34
593.023
636.183
1700.86
105.263
172.023
188.26
1101.34
784.759
275.733
477.327
184.765
393.463
330.5
491.531
4329.66
168.679
1980.87
539.077
196.083
11855.7
8217.74
6810.89
1208.21
252.886
241.573
1429.93
580.73
470.013
1144.05
1775.72
7834.56
2888.72
2817.33
424.314
9822.2
28825.2
5566.12
780.499
73.9332
740.568
181.569
1131.02
1027.8
180.034
405.749
854.263
329.18
255.206
374.656
592.236
1088.49
274.03
446.262
639.586
562.435
86297.9
1159.44
777.496
1275.15
3797.32
1077.91
2683.15
22103.7
2188.86
768.336
435.53
7322.04
385.683
525.727
1061.99
654.647
139.159
2695.72
978.994
2586.92
1414.51
1155.01
215.086
16245.2
5024.57
1991.26
150.765
9237.02
568.227
8498.46
202.835
244.814
832.493
1594.67
267.758
1711.57
8479.19
56483.9
227.233
1824.97
999.688
470.385
1135.58
257.774
244.352
3016.14
149.573
103.212
297.789
541.997
185.402
38485.4
259.443
147.404
262.918
1009.81
19045.1
379.482
320.438
2196.95
358.941
621.949
3229.21
285.116
124.237
846.851
204.2
8938.64
182.96
505.148
2202.41
7942.91
8291.74
324.977
59.3255
744.134
362.63
89.8678
348.03
422.518
47.0457
419.119
62.9433
238.965
95.7786
144.107
314.848
14168.7
526.745
372.96
16.5666
109.483
532.384
18978.5
289.146
165.636
826.848
762.488
135.216
6573.45
118.77
921.461
777.971
2294.33
527.573
40909.5
737.513
61.7786
167.274
224.704
198.347
2783.56
501.348
1002.45
443.0
175.498
228.252
178.159
2001.09
541.212
106.856
91.5526
101.316
81.9643
29703.5
312.67
39.2555
67.4273
2756.81
130.301
98.894
182.095
270.918
419.116
7775.07
640.162
332.14
459.563
373.24
337.02
3755.61
48.7566
335.965
1279.07
497.191
3184.34
211.118
330.516
738.615
368.355
92.3416
65158.1
1416.79
1216.1
96.289
434.838
937.534
399.158
676.661
2866.64
380.442
797.076
280.311
267.208
409.226
510.109
45.981
660.348
12342.6
800.199
97.3807
563.56
253.433
79.9293
18173.3
480.313
568.89
107.318
149.185
203.134
57484.1
3055.1
520.238
197.837
15831.2
93.0327
156.812
764.857
1836.63
396.174
773.287
194.186
1678.63
552.705
225.606
3481.43
947.709
2672.91
291.687
411.323
417.47
181.189
812.41
14993.3
1401.71
240.381
3605.24
1390.13
570.148
96.3451
3772.22
2049.37
10740.1
1037.87
6615.68
467.557
591.58
60.0807
757.396
3723.94
330.927
1110.9
148.219
298.796
1583.95
901.593
174.376
2312.55
2486.81
144.403
1660.91
425.694
1788.24
158.695
14452.3
4089.97
473.522
1318.5
252.894
4116.76
192055.0
301.37
3061.15
4887.03
413.879
900.522
395.961
286.551
3118.17
507.854
2863.96
1399.93
5140.61
312.218
393.293
1989.27
3012.07
2787.09
331.953
1950.7
23860.1
209.865
55.6209
450.911
6243.59
115.95
553.664
199.868
115.926
320.388
506.756
659.458
413.707
1273.99
100.781
267.616
157.526
136.711
48.8814
151.093
1158.04
181.551
58.066
433.481
2787.85
521.049
746.249
189.175
106.667
14.4602
98.6322
198.675
558.632
375.946
152.172
440.843
242.622
383.103
277.079
59.9153
151.746
118.484
55.0466
83.2693
140.193
2452.57
76.2352
264.833
2966.49
818.057
470.135
229.039
301.781
77.4958
151.196
99925.5
132.565
142.429
247.952
125.592
71.766
267.716
87.339
231.829
47.6322
244.124
273.31
304.998
265.28
143.334
197.884
2144.25
2337.87
109.732
747.738
349.71
621.66
313.058
708.867
58.8358
155.371
65.7212
104.354
375.026
1224.74
2018.9
284.602
64.3783
218.586
60.9324
810.394
392.636
99.1147
126.823
171.767
81.3031
181.403
235.694
233.199
718.097
182.078
134.059
323.631
190.79
663.862
125.778
255.565
3646.84
128.29
115.363
630.96
3739.69
467.309
3155.25
223.234
162.827
990.804
16501.4
364.471
1043.37
165.063
327.924
582.561
150.85
908.754
1062.9
1611.52
929.91
150.661
79.5741
1259.21
2505.05
2789.76
1613.29
76.5861
620.452
45.6405
9805.56
75.7971
2908.7
692.611
107.651
684.031
1362.93
516.451
830.821
94.9664
1565.97
1152.3
200.745
271.616
112.239
833.362
282.418
128.991
99.0144
495.633
631.165
174.674
177.18
282.23
479.73
1468.76
220.849
264.173
267.421
174.622
13937.4
354.85
133.125
395.846
277.058
45.129
7219.4
557.383
707.221
702.425
103.578
814.646
191.084
464.531
714.46
202.181
3397.05
280.295
143.557
838.928
105.712
387.999
417.683
2493.54
22.7365
115.211
1060.71
225.494
707.974
305.5
413.221
472.805
765.849
139.835
360.235
1356.84
903.722
380.408
386.407
487.456
233.225
812.527
141.85
833.816
326.5
144.362
624.857
672.644
2084.23
209.006
351.567
150.362
361.524
635.212
575.485
256.215
598.62
654.464
599.721
152055.0
1328.42
487.16
222.686
252.877
87.7358
4039.34
588.791
1289.85
610.841
577.69
571.066
620.08
677.671
131.137
728.558
338.085
256.021
186.812
157.461
540.733
140.31
283.124
3010.74
1172.93
269.75
1079.89
1486.95
363.363
206.809
1643.68
641.259
184.911
141.342
853.503
394.102
1555.95
503.928
269.895
129.987
83039.7
898.226
261.839
1083.36
1229.46
378.538
80.5892
515.714
331.839
116.946
311.647
5484.02
199.212
175.027
186.943
419.067
354.201
180.91
81.9678
6083.64
581.814
975.132
449.515
482.154
120.355
1103.11
424.244
3924.73
2693.13
12589.1
2061.01
1507.04
589.788
743.686
55.07
182.351
11833.9
633.129
757.621
289.171
156.156
517.306
881.332
28215.8
1079.51
439.165
581.056
287.776
219.621
300.315
893.641
271.177
1667.6
214.349
859.564
187.615
1629.56
99.1093
288.519
58108.3
246.242
126.297
333.748
2115.93
259.005
793.7
23294.1
405.221
4077.46
210.739
429.088
1929.88
54.0481
506.669
168.594
2625.8
4497.76
455.45
64.3487
4601.53
1381.14
177.8
4567.2
2020.42
205.96
159.826
10449.1
136.556
263.385
258.53
236.842
144.215
528.411
150.38
170.857
121.144
629.946
764.501
637.411
198.456
295.025
1244.94
200.39
413.602
970.699
1472.83
262.04
582.249
1601.77
295.027
262.556
282.569
101952.0
4369.26
1094.03
406.51
491.467
955.402
246.93
4216.36
968.893
501.828
3455.63
150.27
805.405
1118.12
544.865
241.032
259.417
237.431
2675.23
216.926
3608.81
4230.29
21327.5
5223.9
713.826
203.617
725.878
2665.36
79.7363
110.586
83.8506
642.126
701.726
761.884
94.6031
308.053
2076.44
1723.37
1168.96
1302.83
4674.32
1259.11
8338.75
319.625
1143.33
889.323
111.494
114.817
197.596
730.636
409.414
302.647
287.524
2029.9
759.227
852.571
423.965
133.285
510.427
191.446
338.857
938.927
15760.6
215.86
251.046
3339.54
665.701
448.804
518.34
719.533
1252.71
425.579
870.175
751.222
1512.52
442.116
751.682
149.025
175.928
410.948
70.1625
55.6052
736.514
261.072
103.165
1016.18
1372.29
1963.49
873.487
520.029
10861.1
2723.19
314.321
406.331
224.908
670.595
564.816
922.293
391.099
556.544
8314.24
1422.76
114.087
108.451
421.87
176.2
935.063
9534.96
334.228
586.316
244.387
254.472
438.197
281.769
488.332
5816.99
410.302
4062.99
826.105
1164.11
1456.31
234.665
136.14
5005.07
63.6512
392.066
46890.8
785.65
1371.99
1265.61
1322.66
2494.36
924.363
1113.5
1341.45
801.871
685.346
682.052
765.77
492.176
30064.6
244.888
785.647
75.8576
1006.99
205.833
1032.83
202.981
148.947
262.679
184.453
412.901
316.204
254.286
498.903
181.576
89.7441
54411.6
639.475
2434.67
865.668
3805.65
508.992
299.368
2747.21
4244.1
318.992
1398.71
183.002
3141.11
786.844
875.123
965.552
161.863
251.559
102.432
510.475
1046.55
2052.13
1149.51
327.382
349.197
1091.36
503.205
46723.7
594.893
172.74
37295.1
867.302
227.11
321816.0
452.027
256.74
1826.15
19964.9
114.744
694.871
1728.84
400.405
4104.36
449.147
754.097
256.852
51874.7
683.075
515.535
9552.99
485.354
234.023
616.472
300.055
80.827
98.5377
109.173
2066.09
250.562
2241.82
1042.68
254.368
366.362
300.869
791.909
900.724
330.818
310.795
156.511
257.764
202.539
246.579
1958.46
136.903
584.623
779.327
583.801
1485.67
16644.2
1565.95
182.185
198.549
490.139
181.416
663.144
348.995
245.162
389.247
360.295
169.723
399.836
578.327
1055.31
725.355
315.25
278.713
178.484
184.39
273.966
1512.6
225.252
1193.47
204.882
292.342
956.181
341.228
336.821
331.869
1454.74
257.678
1426.02
242.1
215.197
1821.04
2635.34
409.293
1772.11
634.293
248.5
478.353
279.973
1167.08
463.34
255.984
187.862
259.603
215.346
771.597
504.433
921.03
150.861
1469.19
1801.11
1108.17
890.806
426.015
106.511
208.054
152.688
160.905
91.9709
208.496
174.668
41.4279
195.592
443.169
706.228
740.104
109.396
177.437
638.998
335.208
16005.2
420.325
172.086
229.226
282.224
76.8306
498.922
155.117
498.487
191.243
187.708
401.579
54.3034
1916.78
325.565
728.329
952.948
2879.55
959.734
2236.55
347.284
4656.16
1544.68
12482.4
6172.32
8724.03
47026.5
5095.04
4604.48
762.372
137534.0
5560.61
511.33
6674.63
2507.61
1580.43
545.714
1728.83
318.776
169.076
1508.46
250.325
353.725
97.1034
206.532
107.013
58.9532
103.515
192.863
167.483
295.068
79.1689
112.514
197.412
217.274
74.7272
196.781
144.946
237.912
624.227
245.556
473.84
207.027
283.826
100.468
274.932
819.374
129.378
230.845
192.285
72.6473
221.202
196.717
419.515
79.7733
219.647
141.101
44.0246
61.7122
58.609
54.9108
602.224
126.718
160.185
64.0746
41.5013
250.112
217.016
463.343
153.832
428.925
103.629
179.731
409.13
58.6271
106.384
215.242
310.007
122.705
338.661
187.807
82.2167
272.536
304.765
635.378
1172.22
244.573
81.1145
1587.83
46.3871
5098.04
278.238
5338.04
126.225
251.922
369.365
126.361
328.979
721.73
255.015
83.7939
46.1346
1501.58
251.144
238.28
364.975
285.139
1403.92
1097.47
140.031
2360.72
343.34
1286.27
298.576
655.869
410.858
365.353
255.682
413.432
6638.27
997.9
370.811
375.035
2969.81
2781.74
1258.62
384.572
229.173
543.981
789.661
1092.83
1714.4
1097.07
677.715
195.166
339.862
7593.55
564.115
1141.17
496.681
876.198
232.915
418.741
1122.93
1367.84
167.396
1109.46
315.077
6080.84
8028.93
106.22
247.772
217.665
6748.44
645.088
787.871
285.979
2192.96
77.4166
976.761
493.865
233.915
211.326
577.782
616.083
268.226
63.7864
92.0387
972.59
256.272
201.083
1256.36
209.221
25.2025
8336.25
1139.62
324.187
1316.7
720.506
152.449
227.565
830.231
528.721
486.399
182.376
154.895
4478.52
402.749
324.606
666.818
5192.27
3330.86
307.843
266.392
321.145
1396.08
675.031
421.342
945.998
2237.26
1663.7
127.186
570.999
763.399
204.978
268.221
361.113
2162.1
910.383
905.333
2098.17
476.218
637.484
443.543
482.186
1599.65
392.064
1492.63
1766.0
718.264
261.092
1240.79
243.558
3912.06
1451.04
1524.02
351.362
368.56
116.85
403.748
2698.32
292.252
101.121
1305.48
336.25
796.486
98883.8
281.797
2359.86
894.295
81801.1
977.189
665.462
461.167
6076.5
319.139
370.642
544.109
337.832
262.466
327.38
401.685
270.713
277.934
15998.8
212.348
486.527
1219.93
188.689
675.855
4833.55
3276.03
159.724
502.992
274.525
1600.43
780.023
457.933
199.668
279.945
336.404
257.062
1513.38
273.073
432.005
3084.49
46654.6
1354.4
849.911
993.347
327.307
2418.02
751.101
406.67
691.777
994.975
1598.33
495.523
597.208
1807.51
348.253
879.857
377.761
709.942
410.824
548.751
338.748
913.607
2018.72
1948.97
1271.56
1559.89
51310.0
344.339
1053.28
739.343
1244.57
377.746
1143.17
506.075
819.252
1077.09
2556.71
1342.44
297.455
1857.02
751.69
261.542
279.082
248.145
220.682
1074.68
1300.38
2170.2
337.202
284.207
987.334
619.672
496.43
209.596
365.899
195.004
1194.26
248.16
92.3106
272.505
1265.09
1080.11
1738.75
772.169
118.356
759.049
156.61
788.907
584.367
368.597
143.702
962.461
77.0831
1057.95
542.143
1174.14
327.845
187.079
236.992
1240.43
184.775
369.777
173.893
1759.88
406.047
1154.62
1024.42
778.15
722.7
109.544
62.2516
1193.72
106.585
346.284
428.104
477.341
368.752
90.0099
389.236
105.399
261.751
794.628
335.005
231.752
797.131
303.824
374.68
206.796
409.813
1732.71
328.989
2523.25
1254.72
1043.56
533.82
224.424
1673.49
173.175
394.297
2101.5
1092.3
763.195
170.978
451.88
694.802
984.455
1737.75
236.781
239.422
558.888
736.625
1760.07
425.684
210.046
543.969
174.96
10031.1
764.636
9190.44
1157.43
1260.93
291.724
618.834
453.209
666.097
278.214
571.011
892.87
1207.01
676.424
3739.64
283.634
379.052
368.039
1323.08
258.941
92.6061
317.824
449.415
472.496
217.727
551.937
335.01
394142.0
6311.54
82.38
1673.39
526.152
523.645
1587.63
219.245
257.392
959.033
1927.25
588.546
478.42
661.076
1171.12
160.639
459.955
268.781
189.877
186.11
315.718
501.875
269.673
245.172
82.3044
3054.88
1151.7
1089.31
257.737
473.537
1975.92
1095.83
1005.11
1149.5
1089.29
217.239
2366.3
218.839
178.912
1117.42
16921.1
8993.24
7032.63
285.462
2152.0
1831.52
167.708
2310.37
705.839
305.793
681.574
3391.92
890.852
5100.5
941.037
1021.92
6588.01
309.42
528.531
311.57
498.929
200.388
3496.08
730.544
225.393
231.731
856.516
307.836
261.574
2199.62
2838.0
265.068
405.472
285.051
118.081
324.651
563.263
3202.74
1758.94
232.493
409.983
793.802
82.6042
2603.7
5869.89
630.385
415.783
990.428
259.865
732.446
183.605
442.557
755.655
2716.58
537.101
748.45
338.735
519.558
852.433
373.698
352.561
1850.7
6465.6
277.56
259.985
1138.39
1011.87
726.752
189.936
244.953
444.178
135.542
385.843
364.408
1106.92
294.586
886.881
1975.27
688.258
299.121
535.011
592.933
3723.88
4053.34
199.553
438.289
472.826
315.412
283.299
683.431
863.102
62.1802
617.532
311.5
60.5228
193.896
414.803
1351.65
839.87
665.397
478.358
68.7288
9066.24
458.644
1858.79
606.695
677.209
1765.92
832.955
262.362
239.093
270.066
1110.13
898.388
1122.25
1522.83
688.369
273.367
277.645
153.434
519.947
7437.07
456.623
732.041
2179.9
1580.88
879.383
8019.27
13139.7
1687.17
5102.2
273.602
956.175
494.726
838.581
471.257
223.815
1922.46
1492.06
46.1346
5089.6
493.578
583.339
615.948
214.485
363.783
1647.67
617.193
420.815
1604.53
175.64
209.268
363.233
297.23
1396.66
46.1346
494.318
1589.33
230.62
478.742
378.867
4434.38
1346.99
1187.57
298.364
198.063
192.103
164.312
1972.91
348.735
2339.0
758.417
2901.51
589.653
462.673
2174.4
126.731
529.261
2490.45
165.875
652.66
512.62
442.86
910.943
27671.2
16082.0
400.08
383.012
518.679
223.039
1178.91
390.098
394.159
3889.24
136.618
199.447
402.435
238.223
679.491
475.808
177.159
129.962
793.697
592.59
286.528
335.721
140.365
825.783
491.134
346.707
2869.79
507.83
1474.35
423.029
878.451
2316.93
266.638
773.18
387.293
346.774
252.34
1725.1
465.919
255.28
708.144
456.807
1656.69
214.6
116.194
418.413
944.743
377.816
175.141
771.824
1663.26
339.08
3570.82
5312.78
365.869
553.771
1215.97
410.641
165.772
1376.57
942.255
2593.18
1105.69
261.9
495.482
3782.04
632.919
777.595
227.616
152.637
538.284
1053.81
161.201
732.054
452.115
212.409
417.192
1449.23
1053.12
230.961
238.743
223.654
245.659
464.062
164.792
1170.13
530.353
1575.2
600.759
400.511
359.705
142.644
1018.36
1869.19
373.394
1815.34
17104.5
2244.22
3124.53
1125.4
3614.61
6249.6
654.943
3312.8
1591.65
1678.42
176457.0
273.45
10281.6
2196.01
315.761
22693.0
779.45
2470.05
773.135
130.991
943.153
1015.06
190.571
671.245
6298.18
1795.79
362.578
2411.8
368.734
539.053
380.009
430.229
795.37
45211.0
2640.47
400.63
1381.36
8092.41
347.551
621.668
262.797
357.68
18291.6
3677.1
564.465
2577.0
3715.05
3992.08
509.716
3325.93
3863.21
893.946
3812.69
3293.25
133.276
1846.42
757.093
809.968
195.583
1282.79
2277.02
1247.59
1952.79
967.682
528.282
214.658
526.478
912.391
1145.78
264.589
766.89
1015.82
706.997
2210.18
638.015
314.95
466.95
1840.41
871.824
230.307
301.111
861.072
45.6806
1179.5
6080.59
393.917
890.744
1354.48
60.2728
353.544
759.597
1661.67
1220.87
257.703
217.733
455.841
663.459
2565.88
194.705
447.289
73.1867
750.069
365.494
296.623
853.245
171.579
231.72
655.828
511.67
267.712
4127.47
557.014
2824.92
745.072
2495.37
178.68
2252.73
342.214
541.951
1555.21
87.3608
1859.14
1306.62
586.462
5655.89
1039.86
1109.67
819.991
8084.52
1949.98
342.956
449.743
1221.6
744.542
1904.95
21399.6
1448.55
418.472
616.168
1125.96
1209.14
357.888
6100.34
694.062
2566.3
179.682
2252.24
114.977
798.473
357.993
3582.69
481.95
2185.38
504.782
23522.9
189.236
1350.17
661.453
1415.44
195.787
4233.91
1448.91
499.556
1290.42
376.712
521.623
46.1346
2270.72
1244.01
2821.57
508.134
215.398
3496.74
385.696
6782.3
792.61
42.756
876.392
568.944
2069.54
756.576
660.242
6492.36
2446.54
2181.86
7198.73
22439.8
1223.66
127.384
397.645
2569.96
194.495
661.705
761.455
396.21
1184.1
1284.2
1339.5
208.802
7036.65
787.631
1832.25
4369.68
189.146
14277.4
5819.17
118.855
10228.9
1034.55
15174.2
1033.52
9503.18
1242.62
10144.1
1136.17
326.16
1743.89
409.538
410.285
645.43
53.0177
1575.46
450.62
487.991
733.531
760.773
1344.19
1477.57
1770.35
435.458
2475.15
964.036
