1256.02
1600.83
308.958
1089.31
125.757
69.7884
28836.3
5195.66
3298.86
1786.5
760.369
265.396
728.284
1873.77
389.467
1216.65
5625.89
137.151
541.302
2186.22
1258.23
2810.43
297.158
6446.73
2075.13
342.164
500.466
577.792
233.179
2630.7
866.51
330.262
5935.93
521.883
615.104
886.239
168.821
1429.06
284.616
137.747
6701.85
223.999
416.882
599.585
85.8602
958.545
309.609
581.482
160.933
328.087
581.696
242.019
337.566
4344.59
412.777
721.021
799.263
1754.83
308.618
366.902
5053.84
607.986
564.273
2759.65
1225.98
2524.43
50823.0
339.701
592.402
8365.73
402.388
426.502
179.714
409.408
294.57
970.355
1011.9
335.014
111.541
157.267
1347.08
1763.12
1209.3
1311.09
280.984
2371.88
617.893
790.357
582.606
300.236
560.262
584.703
1784.82
960.593
181.363
926.527
1711.39
914.802
865.022
46.1346
852.799
494.344
1089.7
1743.0
1382.76
5342.23
388.898
1530.44
371.181
1202.34
338.627
1614.38
220.439
9618.71
415.311
458.92
361.107
661.8
476.829
420.608
411.09
610.787
1728.17
447.642
917.274
2204.67
264.82
142.924
156.03
421.384
742.664
316.99
321.247
2355.27
981.207
3745.31
584.714
1534.1
4083.96
2920.58
449.73
3630.25
851.727
9071.3
450.776
3825.13
1839.14
2996.17
166.72
411.542
4266.01
8116.57
263.717
57.7603
3724.26
4534.29
158.9
408.732
93.3571
802.33
1069.36
32402.4
508.398
171.657
2005.03
1476.46
265.836
61.7294
233.283
463.989
147.265
1233.96
1250.6
2046.19
840.757
286.243
345.706
781.916
127.055
270.455
492.477
2276.37
366.81
169.659
2453.23
1409.49
1389.73
377.141
1668.55
1128.7
2544.32
130.126
72.1099
1013.93
274.713
555.637
824.323
3323.69
1914.88
909.205
7769.03
1215.25
203.669
1941.91
324.056
938.408
2338.08
2664.56
486.314
5552.86
764.446
1043.28
1057.26
686.561
325.845
710.265
2287.07
947.289
2264.46
887.185
1019.28
807.785
67.5111
2092.53
1696.27
486.367
203534.0
343.478
3238.87
2518.12
2705.33
2372.58
685.912
741.419
527.675
2130.77
883.134
3277.42
985.366
818.068
431.231
5490.15
620.067
1449.53
477.371
697.818
926.0
1040.87
2441.52
769.902
927.003
58.1834
591.176
3414.03
20411.8
3158.42
970.808
1827.75
1209.13
98.0051
153.825
396.833
3337.32
126.111
1324.78
241.628
9161.75
1248.45
1034.29
2094.47
1172.38
378.381
266.666
374.764
118.519
137.426
140.744
482.791
177.664
239.504
85.6126
103.814
396.346
461.281
171.441
696.289
12021.6
753.353
332.238
524.502
928.724
1077.43
224.449
6838.64
300.576
548.097
35.1181
331.934
801.758
556.168
701.098
1151.73
466.46
42564.3
5406.49
1901.85
50.2521
3778.29
7961.47
1411.96
7004.62
10725.3
4320.73
122.712
1196.61
1820.33
1017.13
2753.22
305.751
1126.85
2478.41
1115.47
374.975
273.541
92.9745
4278.84
614.208
1101.92
464.488
421.931
521.258
1202.0
410.482
753.298
310.705
87.2625
412.36
2702.49
551.754
96.2767
1010.18
451.536
547.358
389.367
874.656
697.45
553.533
1191.52
650.032
1429.33
106.438
227.222
554.213
3545.58
284.285
380.366
590.206
131.14
445.734
519.402
261.146
1223.43
659.509
660.392
1257.24
37.1258
222.253
295.707
1101.6
207.725
325.666
113.439
1000.9
543.919
841.291
6116.08
1562.81
738.073
543.167
222.039
1009.67
54.6419
141.879
861.206
22996.2
103.815
927.065
1063.93
80.5059
358.28
206.236
1748.38
182.016
40.0588
283.198
166.956
1984.31
538.038
58.347
258.964
435.555
281.032
395.623
346.545
481.163
1154.47
615.32
262.536
196.974
357.33
1394.64
9891.79
307.144
189.735
886.512
324.711
1690.02
147.81
13520.3
7736.7
1132.33
189.748
437.899
310.191
256.264
510.896
105.478
980.153
210.65
546.184
1047.42
447.896
181.295
747.901
2927.69
1492.49
1715.48
1357.95
782.977
515.481
1641.27
6018.14
341.339
921.181
458.289
74.8857
418.349
745.064
336.099
2864.77
249.616
518.801
422.312
942.697
496.967
818.322
41.4067
6146.23
300.155
589.998
222.408
534.621
1608.37
367.697
979.605
274.438
1365.51
279.851
418.588
1819.57
425.635
6173.61
1061.87
206.426
770.271
944.663
353.18
550.238
569.297
107.049
695.082
3988.92
7616.34
1148.43
509.697
311.349
180.626
1992.74
673.096
320.333
298.108
9554.41
4335.71
628.157
2348.49
644.085
2134.21
386.473
1115.16
415.87
850.457
273.389
815.939
3424.57
1174.32
256.693
718.451
783.109
790.673
2883.57
889.495
2233.38
421.048
708.049
2350.27
289.283
500.589
585.863
2108.4
327.344
512.318
209.434
110.942
704.409
581.449
690.349
2432.69
1084.21
86.2307
815.449
581.045
576.305
99.1596
2008.52
5475.23
546.524
2712.44
10777.8
423.088
914.574
924.908
236.09
213.956
45.1767
471.323
741.063
400.624
151.049
418.478
308.851
541.503
1944.33
177.162
433.19
1610.74
180.406
2516.56
1223.86
895.734
11087.8
322.305
1440.53
1743.78
2305.3
4435.82
176.318
3104.36
890.934
105.121
83957.9
1433.79
1416.81
6458.52
226.278
437.48
5042.69
496.281
1235.79
340.1
10686.9
2084.62
108.142
3433.47
687.671
1879.7
1128.68
2320.38
69.1613
205.988
152.115
180.999
793.283
9988.14
536.07
165.948
301.417
297.383
799.381
971.615
983.917
29309.0
2070.07
1366.02
2876.32
863.594
732.249
812.071
1495.9
634.902
213.882
407.426
934.034
158.803
171.304
2259.95
97.191
388.496
470.542
884.982
570.099
1101.55
484.888
225.758
3605.92
1051.85
1192.73
1188.23
473.945
1851.09
1380.02
646.779
19185.9
82.2939
1673.38
423.766
50.2788
449.077
328.384
324.781
547.176
5592.97
1818.5
2170.0
432.615
2361.33
977.717
5031.07
144.989
840.89
301.64
771.596
3809.96
1058.14
403.023
1069.28
1124.47
2189.63
208.583
407.082
366.327
382.41
755.949
54.4854
325.687
167.119
199.964
89.712
1434.64
524.883
146.344
142.275
12976.6
174.3
470.544
422.746
253.502
245.874
34.5151
338.572
708.003
204.726
53.8146
307.304
253.502
309.525
1005.97
470.54
410.103
252.752
1098.93
425.541
1514.45
1705.69
1016.17
254.593
1804.89
549.172
1577.31
755.746
2136.95
2272.26
398.571
595.371
177.357
962.947
2384.35
285.781
96.2583
2813.75
379.577
130.775
687.279
504.326
750.883
2404.32
397.004
1498.03
444.092
316.391
437.105
6161.92
69.0184
78.1414
486.19
2362.32
768.701
1173.36
602.432
186.221
336.165
460.63
244.408
8173.56
1238.98
749.553
103.335
370.109
1469.25
158.809
525.158
327.165
461.958
1486.68
1221.71
853.656
1054.94
989.371
509.723
2083.41
445.722
766.104
1018.62
863.199
5020.48
430.531
6410.23
197.35
96.2078
377.578
115.33
1834.26
187.635
61132.3
20317.8
713.953
266.165
8072.36
1134.04
19648.0
1742.7
53.2547
179.29
37106.2
635.468
2165.74
406.373
187.328
331.514
229.256
43.4364
69.7823
3355.28
187.647
5076.55
183.126
25278.1
424.921
1112.31
37810.0
673.567
909.825
551.014
1669.8
2866.37
1706.42
227.416
4259.83
1918.23
385.349
10073.3
233093.0
1378.36
2684.81
318.257
46.1346
2923.71
9640.13
426.019
999.447
1805.79
566.517
1661.92
917.892
262.177
196.185
3353.54
164.615
1496.92
1005.34
891.708
503.388
209.432
327.283
203.766
2402.89
777.52
4967.23
455.976
225.663
5399.0
140.678
699.988
80.0704
550.004
323.19
1728.39
585.724
81.1145
414.055
1785.02
536.466
836.744
1673.08
141.143
809.728
256.4
2382.07
261.392
221.32
216.816
4579.02
1174.04
1064.07
652.521
85.1757
1213.16
196.589
596.106
13202.3
574.681
2238.78
502.007
560.43
2065.37
55.0735
12367.8
601.436
665.455
382.903
319.177
904.375
577.993
92.5206
1715.79
381.594
4149.34
116.219
151.185
330.051
3920.89
73.4684
1710.38
291.355
245.525
176.617
479.278
263.366
274.113
118.602
233.204
415.471
1000.85
1168.45
2111.21
108.775
244.51
302.41
590.301
222.21
12331.1
812.737
1370.08
3187.71
16521.5
399.101
586.439
2671.1
1123.31
448.238
437.741
265.546
402.761
2159.12
812.358
4168.75
151.336
244.498
423.07
1028.95
166.764
486.136
549.981
134.335
1108.91
1343.59
1877.58
2688.02
360.787
1811.66
2122.49
317.306
279.943
1218.83
324.853
880.121
586.39
793.348
267.624
14055.3
2132.92
515.674
184.932
323.661
3789.3
22933.1
297.693
816.524
285.619
681.012
1325.9
113.122
1927.89
406.316
554.746
256.371
563.321
436.211
1569.35
309.077
486.431
891.741
284.364
968.052
1363.27
889.616
88.2576
47117.7
596.889
1024.68
49.0138
398.678
57.5617
2164.38
4719.66
660.24
2140.46
881.819
1532.12
490.632
281.193
328.94
1646.23
1845.37
636.406
560.081
971.342
1998.38
1529.21
1087.8
1654.82
491.464
1154.44
1000.06
270.868
720.272
206.878
2160.45
549.021
126.585
1051.42
944.4
808.88
256.185
1462.83
389.585
779.01
539.068
488.176
857.125
644.868
97.928
366.659
155.6
349.589
525.831
87.028
414.991
228.432
30646.8
100.588
276.755
398.057
2663.88
344.626
718.357
246.698
44.8459
80.8716
382.626
756.922
3917.36
542.013
231.35
302.404
14583.7
418.085
302.217
419.964
443.52
857.1
6923.98
693.592
4858.03
529.016
638.914
349.436
526.033
2630.85
378.887
828.943
2044.09
1588.59
245.653
947.971
666.512
161.712
877.604
1981.69
628.733
3257.89
986.882
1085.94
56229.4
56.9496
862.175
4010.21
431.718
329.761
222.984
362.455
1638.0
477.565
555.688
320.789
146.506
344.374
181.241
733.226
2193.26
559.049
1852.58
544.018
829.006
489.932
187.065
3061.92
678.493
642.401
525.078
239.853
159.013
703.777
283.704
405.97
340.266
163.811
224.38
266.926
219.848
510.865
142.8
394.242
221.7
206.419
509.067
189.08
273.963
917.487
2074.08
264.97
401.58
1642.46
982.348
756.275
128.184
433.369
387.689
524.159
315.556
194.212
3091.14
1542.6
214.509
1818.57
470.338
576.212
991.063
2324.08
3729.56
967.076
555.447
216.767
387.948
385.163
503.327
669.407
738.41
127.695
337.124
458.93
266.983
1026.09
7009.69
878.963
2402.4
119.112
171.438
854.581
206.585
574.347
538.329
467.427
519.638
165.852
1855.89
140.167
489.938
285.46
811.715
621.414
231.635
494.951
386.433
479.605
234.45
1567.51
200.526
216.49
93.9095
1160.74
183.494
859.621
585.903
569.751
663.637
305.085
292.379
131.079
300.606
182.367
54.6554
286.4
592.796
844.842
1383.51
971.678
107.814
785.528
401.445
644.672
490.006
100.404
355.178
10047.5
234.952
132.492
511.43
779.247
471.674
1170.04
572.606
1925.35
391.641
346.407
102.137
235.093
367.667
103.858
666.427
415.338
1257.14
499.412
72.8476
1074.85
1159.6
632.947
394.469
197.179
93.7381
160.119
408.566
94.4649
166.352
722.931
158.633
1011.51
448.482
2625.05
1495.88
304.165
14482.4
2314.91
162.045
2923.43
1426.3
1169.17
66.1346
2846.88
568.304
1359.93
901.43
28.0396
1544.63
394.498
149.722
531.528
523.919
234.931
107.832
2429.09
38.9638
426.957
557.274
1218.1
267.772
498.102
144.595
583.161
128.621
486.946
717.201
2334.41
1387.39
126.594
433.536
545.645
1009.08
919.876
505.714
58665.3
125.812
135.851
228.293
414.84
155.111
321.14
1271.38
923.018
185.086
139.692
47.0823
325.998
125.227
856.991
1033.69
545.966
616.058
2119.66
617.985
155.561
1062.47
539.948
131.363
228.904
2718.73
678.039
961.988
1345.36
277.225
988.091
153.386
207.055
506.604
1883.65
709.847
760.225
220.845
2048.95
317.805
683.756
271.556
364.41
2380.99
103.096
1176.29
391.982
1268.22
179.42
466.607
5335.25
4928.69
68.7034
725.547
1107.53
627.074
2591.76
158.587
1728.31
1506.28
314.925
1114.01
11682.0
151.179
948.384
441.666
1841.92
2484.62
5485.22
2574.19
2233.46
61750.2
314.861
3004.03
106.374
18205.2
18399.6
4259.07
1166.8
3465.72
8091.03
212.332
333.668
5305.31
3267.79
712.642
425.224
39822.1
6431.49
685.696
65491.9
357.351
1070.72
1338.97
1839.09
358.959
2561.32
472.454
3226.3
189.626
157.265
1080.29
3509.75
1628.88
109.96
72.5211
8279.8
886.718
1113.64
645.652
224.757
892.414
269.469
576.064
11996.3
5408.18
646.684
2288.88
902.7
242.383
346.313
332.597
109.865
139.157
940.716
290.135
2546.44
599.022
5130.31
1365.99
307.723
526.65
990.365
296.268
1626.94
137.234
369.977
315.698
30.1489
7806.82
597.854
3714.61
143.228
475.256
245.212
295.859
280.603
536.808
1536.3
508.961
831.591
793.248
768.959
12940.7
3736.51
495.429
243.977
393.264
1734.56
672.76
1647.26
2173.66
231.639
3375.51
310.743
156.262
20895.5
174.807
237.98
971.924
419.73
3072.64
334.704
590.691
585.185
823.151
125.758
515.052
174.314
1129.02
890.981
452.885
388.615
641.679
264.807
324.358
61.2335
17958.8
489.576
2109.46
137.12
773.021
238.051
593.393
2575.13
93.5077
8565.07
1127.22
2375.3
310.9
3256.4
1813.09
15374.0
645.407
319.996
929.777
3698.52
2390.17
1157.37
809.27
1295.38
451.23
862.306
926.825
2024.52
1009.85
1024.02
791.249
15101.6
139.223
8293.11
303.824
4037.8
7712.93
1719.93
46.1346
20865.4
7504.15
643.331
473.691
10575.1
177.338
107.33
154.705
179.38
2178.37
3851.14
3136.31
1638.07
193.327
2732.87
227.8
726.736
250.353
554.84
2320.21
2027.81
7345.65
633.67
997.097
124.576
1147.4
18.8411
1062.88
2660.29
1046.41
468.104
5298.85
898.993
1074.18
899.079
761.528
276.804
289.528
326.6
524.546
1532.67
722.522
5253.69
132.943
343.494
9190.48
811.945
391.629
1541.43
1592.25
1502.14
1448.39
20865.4
382.737
895.415
380.687
1339.14
342.424
173.437
2138.61
191.428
491.718
436.103
664.916
2434.5
3241.13
543.121
502.592
422.204
278.967
9769.08
296.072
174.748
112.056
81.4853
128.048
11.2293
114.121
386.761
1557.94
229.278
124.965
408.903
135.332
204.857
63.7271
1525.71
124.337
159.558
323.642
78.5912
240.624
47.7001
1189.53
302.179
455.438
127.737
77.72
269.676
75.8891
29656.5
248.343
3258.59
128.91
207.813
275.109
1511.55
424.118
692.833
182.335
17.2026
303.079
301.251
105.533
694.043
193.971
1692.36
225.08
1195.95
238.092
137.819
659.169
107.071
105.095
132.965
913.155
219.641
889.618
377.177
689.46
389.962
8577.39
38004.9
525.558
479.87
193.975
246.704
479.292
418.302
87.1495
420.367
290.456
167.204
450.788
164.897
1205.3
16664.0
2148.19
35.3382
37.9071
63.3012
90.3897
550.237
290.749
389.0
344.248
145.155
3166.43
627.572
62.1782
225.147
301.961
155.11
199.408
554.854
983.472
356.855
373.455
4599.74
93.4843
441.517
207.005
97.8666
355.756
286.453
147.896
49.9724
29728.1
118.866
127.966
297.113
576.917
73.473
210.953
577.459
199.384
396.051
559.061
1970.81
172.446
391.24
345.804
10418.1
41.2875
590.358
620.414
165.464
203.139
652.807
604.78
364.109
245.273
261.161
5157.2
453.066
130.888
675.675
959.21
370.105
421.59
437.18
1412.15
135.203
408.385
827.172
912.089
67296.2
860.513
895.45
243.971
445.833
134.542
764.033
817.674
595.011
617.574
3414.98
459.482
1124.79
268.869
2942.4
442.895
236.9
265.591
954.982
375.232
1812.77
741.608
882.022
552.096
47.019
62262.8
378.155
1014.0
759.681
147.364
71.8082
1128.39
209.156
383.175
231.365
124.228
60.4455
419.695
306.432
371.705
1930.33
864.412
306.174
2457.61
389.915
247.564
199.161
179.133
386.909
106.894
2936.19
122.412
433.639
355.015
274.263
435.586
503.253
154.411
374.21
103.604
115.81
85.7728
162.784
87.7821
336.726
392.16
255.153
624.057
5251.06
682.159
110.667
441.936
84.156
541.869
1394.62
82.7532
2503.81
216.156
1097.4
276.354
231.866
199.189
367.098
109.14
359.445
273.789
1931.33
287.401
1217.78
1441.31
790.035
348.634
952.473
5160.44
597.737
442.638
219.975
591.842
867.127
3815.37
1103.84
351.322
839.345
782.238
193.631
2145.92
249.324
331.584
531.456
2762.66
702.761
111.006
119.876
106.792
832.015
45.1168
766.62
612.305
196.545
1375.08
126.162
256.607
289.502
890.854
299.919
761.05
146.958
326.431
153.505
99.1209
631.966
754.176
563.998
722.995
673.591
1746.14
20598.3
853.921
432.63
1029.25
561.073
49.7965
2016.86
301.449
998.046
162.652
1167.27
268.011
1310.55
932.113
369.398
2665.92
2307.98
1579.69
619.92
2574.13
527.572
298.051
1435.94
1913.39
470.878
529.763
3292.86
702.736
1213.88
899.937
657.207
963.143
39962.2
214.312
1936.73
290.676
1254.94
284.313
624.778
13543.2
512.052
592.781
652.376
495.389
3454.16
1722.86
6716.13
293.119
311.243
553.679
1052.69
329.32
708.287
539.977
746.87
187.477
609.464
802.526
85.4445
379.538
452.547
670.0
93.3827
20537.7
925.677
356.266
758.965
1023.07
462.044
480.914
1559.25
549.004
495.459
1176.5
1081.97
1402.91
299.442
702.892
1119.61
1561.73
398.509
336.91
395.349
639.95
360.744
254.206
151.128
3116.06
709.838
353.879
427.565
1862.19
463.894
791.912
48.8824
453.039
2157.16
724.699
467.389
184.66
474.71
3927.61
567.575
1328.12
573.345
540.707
4078.19
599.962
376.44
4687.84
167.435
415.057
973.966
307.383
717.19
2656.66
1551.23
1325.34
1622.34
173.315
1041.09
534.027
2239.06
414.921
342.078
1983.02
317.837
579.721
1824.18
1448.22
1752.67
197.705
1988.21
639.096
1524.55
3456.51
373.981
2543.98
7505.11
572.483
1598.61
1414.1
395.624
696.038
575.957
1052.83
1287.86
506.466
114.816
3017.34
504.709
2179.11
218.782
1167.04
161.586
247.632
1097.12
487.823
4093.77
613.833
459.933
322.66
651.496
866.081
247.448
176.937
249.546
369.629
4740.79
672.978
288.464
395.019
1373.67
2263.78
2621.66
406.245
522.718
470.602
1400.57
240.432
161.794
702.133
435.871
716.762
621.105
509.34
648.564
225.44
717.793
358.136
1770.11
433.293
1105.86
1804.27
470.174
1222.36
630.621
327.307
486.51
1139.55
3286.1
339.757
939.178
236.178
677.723
357.742
1884.46
187.853
461.91
519.43
496.287
229.41
416.689
496.24
815.754
210.51
87.0712
235.939
376.816
175.065
152.466
696.986
144.964
612.447
127.378
1370.92
290.583
6358.42
2341.91
1215.85
395.815
703.476
1288.39
212.74
766.73
1461.39
1184.7
354.551
535.927
445.998
402.569
436.81
775.089
1218.82
75.1592
490.083
388.639
187.076
805.913
462.591
309.122
465.879
217.218
430.599
4022.51
420.904
183.911
815.79
545.907
997.7
563.271
900.726
1305.68
1413.25
620.609
398.449
606.093
628.509
605.376
884.854
1186.63
866.337
596.903
669.988
551.031
2267.23
661.663
3064.21
235.132
310.347
670.924
449.295
1456.27
272.484
266.242
793.22
1287.35
519.002
966.457
87.0314
274.368
783.255
263.025
7336.32
529.615
238.295
180.905
304.759
571.514
2152.14
667.786
244.996
730.528
832.053
726.538
307.0
172.853
325.136
103.522
3334.04
473.035
198.939
684.542
1532.23
907.187
239.84
3079.27
1690.46
1855.48
339.657
436.057
379.753
3007.87
539.488
545.981
163.886
784.453
1355.68
358.326
805.972
860.0
1521.4
1656.0
3612.05
1756.29
595.569
437.725
20603.7
2784.2
1431.87
1133.88
1277.75
319.599
35023.1
789.447
411.855
118.193
355.91
849.86
282.878
172.859
701.86
551.123
485.257
299.632
629.307
616.976
699.299
2331.0
236.431
380.315
213.252
154.612
499.754
136.852
342.242
103.444
342.796
304.251
576.861
171.054
539.33
77.512
1782.84
339.924
476.079
1214.7
218.6
178.171
968.23
665.668
179.988
353.67
300.161
858.353
530.511
417.393
297.201
21148.1
662.057
976.201
362.911
113.613
560.375
166.882
1723.32
291.846
1400.7
144.694
441.168
845.232
5807.16
375.855
422.159
1036.25
486.285
3756.86
614.245
690.146
702.348
1738.41
698.891
338.747
797.17
390.559
48.6721
90.4638
104.74
348.309
269.774
844.196
1739.72
377.062
1110.32
821.555
426.657
333.501
126.596
679.693
432.168
853.452
1616.64
1180.55
1059.55
2335.51
512.213
2206.87
2526.08
1368.32
2131.49
1111.96
156.487
16478.8
754.408
1245.54
918.681
674.774
692.073
650.502
3270.57
852.191
1562.29
503.024
1407.5
1293.29
4016.28
233.77
624.658
794.988
739.714
770.984
1701.12
858.692
405.282
531.755
995.531
1182.78
226.878
385.479
2760.68
330.965
727.625
1284.38
340.285
822.624
304.377
1074.0
324.341
1299.28
279.894
304.503
555.649
776.045
138.714
900.869
85713.8
883.473
2331.32
8511.54
1213.05
6365.12
15447.2
275.655
371.281
2480.08
327.977
123.318
699.427
1756.75
356.337
498.953
623.948
8028.58
1235.26
2515.76
524.067
2525.39
812.135
577.132
627.537
2310.83
778.924
1542.46
557.679
153.139
1601.99
308.352
1071.37
174.914
62.6678
446.404
382.133
701.466
1288.43
594.597
1210.2
2586.62
546.755
338.893
5489.08
695.947
1826.72
1072.49
188.212
1208.14
287.968
199.554
249.418
630.242
171.877
452.442
514.887
897.455
1247.79
3098.99
285.148
5748.61
173.598
350.485
414.663
724.332
1381.19
282.773
5924.11
1052.38
191.967
20919.4
367.479
1571.26
1873.51
6704.03
1755.53
1239.79
1993.4
847.626
920.934
558.746
2006.9
199.594
374.972
4751.45
499.921
245.528
337.948
1169.14
1548.56
3722.46
973.883
461.607
7031.84
82.8316
927.887
816.014
446.668
317.894
2660.03
426.446
793.279
561.261
524.821
470.469
4085.32
305.317
285.827
2559.36
605.845
184.344
589.321
152.713
235.3
668.104
4396.49
1285.67
4348.48
1637.09
448.481
269.045
149.895
618.089
1433.95
997.244
634.82
1667.02
75.4083
1461.51
1155.31
456.282
861.358
335.279
419.489
856.218
335.398
5330.59
20234.6
1788.1
2191.8
289.937
177.153
1110.87
276.833
7957.05
3114.53
173.412
824.875
1195.3
2624.71
2403.04
262.845
1103.13
3190.31
4088.29
1332.76
1535.12
1721.86
1537.2
710.192
602.069
695.297
510.009
860.716
1612.95
873.8
254.434
1939.0
3103.5
222.603
295.041
792.0
417.972
218.742
920.438
142.486
1319.49
398.428
346.503
989.307
289.967
6098.12
166.935
284.641
1808.19
457.615
420.942
333.956
467.212
725.382
568.002
24617.0
169.981
1417.68
2147.2
835.799
541.296
279.303
106.389
178.605
695.143
929.368
581.4
216.119
113.159
550.844
1534.83
272.712
277.048
509.367
944.429
659.77
77.1206
11038.4
6902.59
721.653
27755.8
1940.55
518.187
1230.72
24596.2
2485.32
729.043
177.495
1354.78
3210.77
267.514
703.846
501.202
170.944
600.006
276.214
1844.89
1219.03
1132.38
469.434
147.734
420.115
1260.13
188.329
399.404
393.968
1287.44
310.207
289.384
1054.54
540.388
327.023
564.949
1142.47
289.699
2979.32
1436.24
2151.35
293.83
756.885
402.685
868.968
458.182
436.194
600.033
525.756
2924.38
2065.96
238.572
295.066
1096.31
468.607
311.995
2347.86
6692.84
2488.27
957.331
293.301
4011.26
968.694
1398.98
137.429
2437.56
685.69
615.622
1969.92
4896.55
253.262
959.246
282.684
1384.33
1945.33
7647.27
1447.27
2230.84
784.341
585.022
672.981
916.572
448.436
652.591
287.551
302.576
223.334
1932.33
1242.85
177.364
391.851
706.155
586.543
881.715
2860.24
158.418
415.988
123.927
213.06
1249.58
162.0
1008.25
364.493
225.422
1022.79
234.028
597.821
1025.34
1150.7
401.47
1228.89
253.759
1497.86
450.093
531.492
334.401
462.225
767.254
2436.02
578.96
656.527
580.613
2426.18
923.884
356.651
2572.94
1071.37
10933.4
11085.6
468.047
918.302
428.14
3976.36
3937.33
602.348
295.541
226.953
188.982
427.337
52.982
1309.67
1446.85
505.426
651.829
145.496
493.003
2440.44
1107.09
4188.71
940.095
1019.23
231.727
46.1346
670.776
1099.62
1602.99
2247.14
3978.22
76.3731
421.407
471.072
363.61
748.509
1556.5
449.185
2088.06
10909.0
2971.96
578.622
657.87
937.674
347.99
493.477
221.843
206.533
26880.3
633.673
483.943
21369.1
891.339
1210.86
2908.61
702.177
492.836
316.08
731.472
470.113
104.437
88.3098
614.557
192.271
409.032
176.77
60574.7
3298.49
2961.9
1923.59
1665.99
781.914
51.7426
4473.69
210.193
389.694
708.196
1483.56
135.86
872.641
1680.58
81.899
423.487
159.304
1844.3
1378.9
202.238
937.883
8638.43
1994.34
366.519
15043.6
6791.55
1426.47
864.972
1986.08
1931.77
187.02
298.0
456.91
76.4597
1108.71
346.941
1215.21
107.962
27.175
635.354
156.675
189.999
155.477
1040.61
118.481
2644.51
178.408
344.986
561.387
386.925
410.65
267.195
209.436
135.305
46463.5
121.068
1270.63
278.577
2392.45
109.816
273.96
236.042
1678.18
6162.0
2983.72
13058.7
885.494
1157.28
2372.26
198.306
259.007
413.017
711.413
50918.2
463.6
257.139
332.525
352.559
303.474
194.778
1283.67
7102.95
419.38
377.985
614.165
1341.49
135.87
212.508
452.432
219.911
577.393
425.354
512.726
699.544
340.697
354.981
290.616
123.904
366.672
273.762
922.999
831.189
1424.22
303.062
526.918
553.355
311.437
849.074
7419.25
45.9409
1120.04
288.708
1362.08
208.319
60.3795
476.017
463.828
2303.66
653.914
1359.43
596.28
634.238
901.226
4322.74
127.243
362.458
3901.87
637.07
378.712
6129.23
828.298
663.05
2594.49
1275.36
556.904
1171.12
694.848
758.596
1599.58
2356.3
967.626
756.757
170789.0
167.724
193.479
1367.99
1034.43
449.105
2775.93
3649.29
92.1403
471.371
4777.95
458.104
138.181
455116.0
56.3011
274.695
1063.85
678.512
295.371
229.168
1023.17
1279.33
3097.1
15675.6
554.274
361.7
436.441
94.2072
1392.1
697.819
870.609
779.777
328.034
1396.76
168.075
354.841
437.387
303.042
611.732
531.947
706.424
74.5993
509.285
43.7257
672.604
1402.16
818.937
1223.01
300.567
536.953
7992.15
285.275
222.584
146.267
459.137
487.069
555.448
7272.94
879.056
11084.6
5749.69
1184.48
1943.26
2378.32
440.795
1287.77
5089.22
829.277
9550.45
1116.52
5402.26
1503.65
4637.49
4744.35
358.618
612.512
99.4605
155.334
3527.9
10000.2
963.046
928.981
109.411
882.854
422.806
917.007
2358.46
334.846
944.545
7157.32
79.4968
5760.43
1084.59
4408.14
2847.04
1422.87
572.905
453.874
406.694
16.7369
107.179
382.461
1748.59
503.705
888.526
245.909
3127.98
2402.27
672.364
736.246
3118.43
878.53
9956.88
2769.03
340.498
703.247
30696.7
762.633
265.016
219.619
748.662
