21
69
80
81
44
8
6
7
52
29
13
46
14
95
76
72
21
42
39
72
60
42
19
50
79
67
53
47
28
86
67
22
85
46
58
56
26
44
58
34
17
129
40
31
15
55
44
68
11
24
43
30
40
58
62
86
101
63
23
44
30
73
64
21
44
60
30
89
18
24
16
48
26
50
37
34
21
44
17
73
58
66
26
41
85
31
59
9
34
75
51
35
63
51
32
61
54
57
20
6
43
54
154
62
69
58
44
19
65
28
38
83
44
21
24
90
35
85
75
61
49
54
71
61
48
38
90
66
64
80
77
50
52
73
22
40
83
30
65
31
49
91
57
44
57
25
48
59
21
80
27
11
43
32
43
46
62
45
42
31
56
33
35
104
38
89
21
47
14
50
62
21
85
55
65
22
56
57
43
54
72
57
37
71
32
41
28
46
40
10
48
35
19
71
17
84
39
44
98
51
41
23
13
35
35
13
23
56
32
39
38
20
148
54
61
75
36
23
50
40
73
44
16
79
151
17
2
27
89
15
105
39
24
57
46
69
45
66
29
61
52
31
66
44
54
12
59
34
62
49
42
18
49
35
10
81
78
26
46
23
20
52
40
17
48
43
17
39
37
81
39
54
51
88
44
59
14
129
111
44
71
55
53
74
43
55
8
52
50
56
96
37
34
95
47
73
14
43
54
48
81
75
39
32
27
13
34
34
91
112
17
37
27
32
140
95
14
37
27
68
69
56
69
53
22
36
86
98
48
82
80
61
30
49
46
21
12
32
48
43
56
33
39
77
33
24
98
64
35
67
41
32
46
36
36
14
55
44
39
32
21
37
60
54
83
31
97
19
40
63
116
28
46
36
63
17
50
38
36
25
90
21
28
66
16
30
26
65
37
85
16
84
61
81
57
71
91
42
35
52
51
59
88
23
62
20
94
40
98
76
110
27
80
19
87
15
49
40
19
32
52
38
129
92
36
59
66
99
76
100
90
78
70
122
65
93
82
99
43
74
77
29
29
44
90
23
138
26
43
77
22
124
81
74
106
10
32
22
83
100
58
29
26
55
45
83
45
71
51
29
58
28
87
75
31
36
49
56
57
37
64
33
36
61
29
68
38
69
54
51
26
18
27
36
65
73
26
77
33
66
79
39
62
74
39
32
63
84
47
45
60
55
57
89
35
114
84
20
75
37
36
34
23
41
34
56
43
84
36
40
48
37
47
54
34
42
37
23
59
61
34
53
32
20
86
81
59
49
35
75
89
26
39
106
18
32
57
69
28
41
24
27
6
58
15
25
35
36
18
54
30
26
37
26
20
40
42
100
28
37
19
17
21
66
43
17
22
20
50
55
26
30
58
47
53
64
57
111
24
52
19
20
62
23
132
77
54
15
38
49
64
50
22
34
18
31
32
52
20
36
22
101
109
89
59
32
47
48
62
35
73
20
16
24
52
22
45
42
30
51
12
66
34
73
54
36
78
30
75
42
92
64
55
65
44
41
20
22
15
19
73
66
28
104
47
49
27
57
56
47
67
34
26
4
41
74
9
6
49
33
16
38
54
69
49
54
59
50
50
30
67
33
34
76
21
106
56
47
19
17
81
61
19
20
50
19
27
14
20
73
27
115
15
42
59
52
37
67
17
49
21
31
27
48
21
48
46
13
37
43
43
57
14
56
62
27
63
76
23
55
37
10
26
51
88
50
39
40
12
39
52
24
26
27
4
26
38
3
7
52
45
36
11
37
11
14
6
6
33
25
23
8
6
43
14
23
69
79
14
27
45
43
50
23
20
25
38
32
33
11
44
52
9
13
21
33
4
22
26
25
21
13
36
6
6
16
56
21
70
25
21
64
30
16
12
9
13
37
28
37
49
75
68
23
40
50
20
36
54
13
19
26
22
43
38
37
51
31
15
62
29
34
29
25
28
21
22
25
32
48
55
23
51
26
18
31
35
26
22
26
40
30
46
41
30
43
37
29
54
54
59
47
31
27
41
46
16
60
21
9
55
56
36
15
68
112
35
47
33
42
32
37
51
49
49
62
91
48
42
6
55
34
11
43
60
28
37
18
38
101
49
50
67
87
58
22
109
116
78
26
46
116
37
111
97
86
75
34
41
64
48
11
56
78
114
44
68
83
5
31
27
38
52
38
21
19
68
21
143
89
27
19
32
35
62
50
28
27
36
59
36
46
40
26
23
25
22
34
24
30
55
39
27
43
32
75
50
55
46
27
32
25
22
44
49
20
13
45
20
47
31
24
20
49
28
64
10
68
10
43
41
58
10
28
24
16
67
19
73
65
19
42
55
55
24
16
47
42
16
62
46
33
22
48
54
54
14
30
52
9
48
41
33
71
15
38
58
30
53
49
14
15
37
36
173
94
65
46
46
114
57
142
39
85
43
18
84
54
76
32
47
7
13
38
28
53
46
87
93
21
20
63
37
45
62
104
76
18
71
49
54
86
47
12
33
29
18
39
33
14
39
148
94
47
45
66
82
55
27
49
57
67
23
62
53
45
78
53
69
20
88
19
152
57
65
25
12
53
41
24
60
49
30
87
50
21
53
28
16
77
108
19
88
40
36
52
72
7
15
8
36
20
68
67
38
41
37
24
22
91
55
39
31
61
16
25
47
44
52
37
19
33
44
65
13
66
51
31
34
19
28
40
80
41
24
36
59
17
22
52
55
43
28
43
39
35
25
77
45
50
57
43
28
15
29
70
40
19
34
16
49
10
25
24
33
57
50
57
29
39
35
60
28
79
94
100
23
72
37
88
32
63
61
86
104
124
59
70
100
92
4
26
43
62
28
63
14
75
33
44
77
12
87
27
14
74
66
88
33
53
10
34
24
12
87
126
21
90
28
33
34
42
65
19
55
38
61
60
56
23
27
52
41
25
62
59
73
30
90
68
45
36
63
15
31
25
89
106
21
56
66
24
45
27
79
23
36
38
31
62
26
23
52
37
20
30
59
34
72
57
26
25
22
65
23
57
47
34
85
59
17
69
17
33
29
63
46
42
38
38
31
39
27
82
113
147
77
34
65
129
16
56
78
69
35
53
42
104
86
65
46
74
28
55
46
52
56
45
30
31
73
21
61
76
24
27
12
19
24
83
19
17
14
4
84
14
114
59
48
29
36
71
75
11
22
93
55
50
48
74
16
71
6
118
22
47
13
40
54
31
28
53
58
133
78
78
91
28
17
55
72
58
27
9
22
59
22
10
7
37
33
21
48
87
61
66
58
19
33
59
25
26
28
46
17
46
44
108
112
31
84
56
89
59
54
39
57
96
51
36
82
58
51
60
71
34
35
84
72
32
72
91
73
41
15
39
51
45
29
28
28
84
52
55
86
39
128
23
62
67
77
30
41
78
48
26
80
39
44
9
43
23
57
98
8
10
30
49
29
45
42
11
41
37
34
115
24
47
37
47
13
45
35
86
79
47
49
55
33
27
77
20
47
51
18
44
50
68
26
53
33
54
21
44
24
43
10
68
38
34
42
78
89
13
61
31
40
6
52
37
75
63
65
17
25
57
37
10
45
61
42
33
14
21
29
17
84
123
68
43
100
22
92
109
17
66
48
72
106
161
96
44
88
74
40
68
109
49
49
88
70
75
72
96
55
12
24
33
82
84
50
156
54
102
125
27
47
124
47
133
98
75
59
124
54
123
7
33
83
43
83
22
102
75
19
83
32
16
45
58
80
106
68
75
26
94
58
74
51
26
58
12
14
7
69
36
47
86
83
75
28
63
62
60
84
106
122
94
81
88
41
90
13
16
65
40
33
21
101
49
42
55
28
80
72
41
61
59
30
41
47
84
71
59
82
94
124
32
10
30
41
73
49
119
29
81
43
38
52
57
17
45
27
34
83
141
77
68
50
22
85
12
28
130
42
59
54
122
67
80
32
8
60
38
31
69
109
49
34
86
83
75
18
31
59
20
12
34
23
67
69
16
66
79
56
48
20
25
29
83
33
44
37
26
44
53
60
65
21
29
30
50
41
19
73
24
49
42
81
32
117
67
65
98
87
72
44
39
46
32
52
41
7
18
50
55
39
32
57
65
65
33
82
79
62
43
59
37
137
20
102
160
94
73
49
47
127
97
45
76
48
154
59
182
34
43
27
81
9
73
34
5
27
53
12
29
11
13
61
22
48
72
65
52
88
34
93
21
84
20
44
16
37
16
31
49
54
39
35
46
9
44
36
39
58
41
26
45
41
185
58
23
173
51
113
171
89
59
67
74
80
36
59
24
32
173
98
144
157
86
62
60
64
131
117
13
23
165
148
106
82
59
38
55
50
35
116
138
128
50
112
90
71
81
80
33
64
123
155
48
13
63
32
47
70
17
65
81
97
52
84
54
28
68
24
37
59
31
85
78
79
111
39
56
89
47
68
91
34
77
52
8
26
45
133
57
57
94
95
46
114
48
54
44
38
78
14
19
62
77
119
61
93
73
37
116
80
71
66
21
90
84
69
49
33
43
20
100
89
49
52
37
45
72
48
72
59
50
63
87
52
30
98
91
28
34
86
38
96
66
44
60
28
140
24
53
94
72
77
25
47
29
58
117
42
31
66
50
42
37
26
64
50
97
71
21
70
83
64
71
109
159
99
124
111
115
65
14
28
27
159
82
7
37
22
85
52
86
57
129
42
69
89
40
82
125
27
100
25
82
97
90
67
9
15
24
23
45
34
33
142
47
60
34
9
34
99
111
94
49
59
48
151
140
37
73
92
118
12
45
110
52
72
133
29
77
92
35
63
77
33
39
22
42
184
110
59
34
45
53
25
36
112
56
84
115
82
109
66
128
59
99
34
23
40
20
81
164
89
153
97
166
109
75
100
92
8
40
37
48
45
26
22
88
44
88
44
215
82
92
31
68
70
85
60
50
52
68
116
66
39
41
70
33
40
27
89
136
53
59
21
50
23
70
84
63
72
48
71
49
61
20
72
20
24
40
88
65
52
69
25
28
52
50
51
30
55
49
78
34
68
37
51
32
50
42
27
104
32
42
119
34
59
56
63
71
68
33
93
24
25
108
69
96
56
56
76
92
97
76
69
77
67
92
90
20
101
107
92
27
83
49
79
85
68
87
50
79
25
135
125
77
83
17
95
77
75
84
59
101
102
113
30
39
76
147
126
96
29
69
56
83
67
43
71
77
47
159
146
158
51
101
125
14
71
204
118
118
15
19
60
82
120
66
129
153
12
90
72
144
66
117
192
115
137
170
240
53
25
75
45
80
38
34
88
29
111
90
76
55
48
15
48
71
74
69
124
94
88
68
37
98
22
32
171
90
49
101
53
98
74
40
39
24
73
50
27
35
143
24
36
47
43
62
71
64
48
62
133
138
26
22
60
99
73
75
89
54
76
113
59
111
59
99
75
99
14
91
86
92
117
100
114
55
84
114
73
63
123
78
14
58
77
88
43
92
49
82
60
38
43
47
81
27
46
33
49
85
62
39
66
45
50
78
21
108
20
75
119
65
52
81
91
56
14
76
35
66
74
8
77
68
24
23
90
92
57
32
13
59
69
96
67
34
56
35
49
56
79
51
28
15
55
21
11
29
9
49
49
26
13
74
57
60
48
28
17
47
42
71
12
134
157
82
90
45
40
27
41
100
73
24
38
37
73
70
30
31
44
38
72
10
40
55
84
86
105
19
37
51
13
16
52
39
18
55
35
71
54
48
24
14
57
20
33
28
46
23
41
107
96
53
69
18
67
97
46
37
26
31
80
21
27
30
45
51
82
43
43
74
92
81
91
40
53
23
90
53
11
40
65
85
26
19
95
170
80
126
108
46
85
36
36
90
93
65
111
116
58
18
77
102
33
137
63
59
22
29
28
37
110
33
77
45
89
41
76
54
9
113
106
76
87
21
20
125
88
54
92
90
148
95
72
84
83
36
75
22
29
65
24
18
144
91
153
27
22
108
74
39
51
28
152
33
13
119
111
37
42
71
39
74
76
74
86
56
73
95
100
38
72
102
98
73
60
76
36
111
22
47
20
96
115
58
99
60
53
91
17
119
126
60
72
65
42
55
60
105
41
48
90
82
77
52
81
48
134
119
31
120
25
45
91
134
84
13
69
74
10
78
73
39
47
75
66
92
46
48
4
47
114
26
80
13
18
45
47
68
33
99
120
67
35
59
93
36
34
57
74
34
19
55
13
32
17
22
46
13
85
94
56
86
22
32
96
55
73
38
56
20
95
72
137
127
37
21
56
52
101
65
44
74
38
95
36
75
114
29
43
89
51
60
81
64
15
8
19
22
20
27
21
37
26
10
55
41
61
17
5
49
21
46
67
30
64
30
20
41
76
17
36
59
36
45
37
121
83
29
77
68
20
186
64
58
39
26
47
28
124
39
36
49
64
2
75
65
97
56
11
17
57
14
90
110
56
72
40
32
77
17
72
99
64
58
31
105
139
15
73
45
29
108
82
23
60
77
40
86
76
41
22
48
76
48
44
101
65
40
19
115
55
94
93
30
36
27
25
83
41
78
56
79
38
67
71
91
21
52
63
103
45
57
17
25
9
46
42
62
25
85
45
55
32
79
5
5
13
9
104
28
63
27
39
64
19
24
18
81
55
9
68
139
64
107
111
12
14
100
56
22
140
57
49
86
20
23
49
93
96
70
38
171
36
37
59
53
49
32
140
81
40
45
95
61
49
8
19
32
16
91
10
34
37
116
95
51
37
82
27
38
22
75
48
47
63
107
32
37
52
26
189
105
39
56
72
16
92
74
141
49
30
19
42
93
100
45
66
95
27
85
142
133
171
137
101
67
50
58
26
80
52
77
71
