25
48
56
43
25
5
6
4
39
21
9
22
9
51
42
50
20
26
22
53
35
35
15
39
52
57
36
27
19
46
46
24
59
14
40
35
18
21
35
29
13
63
16
20
7
35
22
48
12
27
16
24
22
34
44
48
73
27
14
13
18
40
45
18
32
50
20
66
7
16
14
20
21
28
21
14
14
26
13
34
29
35
24
22
51
11
42
14
22
45
33
24
28
19
23
41
33
39
7
4
32
32
65
38
36
33
23
20
28
19
28
54
23
17
19
47
16
56
43
36
24
57
30
55
33
26
54
33
40
23
30
28
23
35
8
16
35
16
37
15
17
47
24
19
25
14
28
44
12
57
15
11
38
18
31
37
22
20
25
13
32
8
21
54
30
57
10
26
11
21
28
19
58
29
35
20
31
22
25
26
47
38
17
41
20
27
26
34
16
3
38
15
13
45
21
43
33
34
59
23
28
25
9
33
24
9
17
43
24
23
15
12
85
26
35
27
26
8
16
29
42
24
8
53
82
11
3
29
41
11
75
21
14
46
16
23
22
25
14
34
35
25
27
24
18
14
33
9
42
22
20
11
66
22
5
35
41
17
19
10
16
23
22
7
26
27
20
23
20
40
17
19
28
60
36
35
18
67
48
22
25
33
33
43
21
32
7
38
22
37
54
28
28
51
26
45
11
24
32
25
34
29
28
26
18
22
25
31
45
64
10
27
12
22
69
47
6
22
18
43
46
39
48
33
12
20
38
46
21
46
34
50
15
25
21
10
9
27
27
19
33
9
29
44
18
10
46
34
23
36
15
13
29
28
23
8
32
28
24
17
14
10
36
41
41
21
84
17
20
26
76
14
22
16
50
13
44
20
32
21
46
13
16
39
11
20
13
41
13
28
10
42
41
34
22
28
45
19
14
30
23
20
44
14
21
18
55
21
38
56
68
17
54
10
59
8
38
22
10
12
31
19
66
35
32
37
23
43
31
70
48
36
64
71
45
55
68
40
21
40
42
12
19
24
37
16
73
19
29
58
17
71
36
54
62
6
33
16
51
50
39
26
9
53
21
48
15
28
36
14
30
15
49
37
15
20
34
26
36
18
33
17
23
31
17
30
25
40
27
29
16
13
11
26
24
50
11
41
17
31
37
20
39
33
33
23
24
52
24
26
42
48
31
56
23
75
25
10
42
18
16
20
10
29
25
24
25
50
24
26
36
27
20
41
16
23
28
19
53
23
17
26
24
21
63
53
28
26
37
37
49
10
17
69
9
21
23
36
14
28
11
14
10
28
10
17
18
30
11
22
10
12
10
17
13
17
24
53
14
39
19
19
19
45
23
14
13
10
25
33
12
21
28
34
30
37
31
53
11
38
7
12
34
13
75
32
35
10
30
24
25
21
11
17
22
21
17
30
14
15
20
41
53
34
43
18
16
34
29
20
30
7
12
14
18
15
22
18
21
28
9
25
13
43
31
25
37
23
41
22
42
28
27
36
14
12
12
14
12
8
38
37
14
59
27
19
17
31
30
30
36
22
18
5
15
31
7
6
24
25
17
28
31
30
19
28
25
31
20
21
38
20
17
47
9
45
29
25
10
17
33
43
8
7
33
8
16
8
13
39
11
44
9
16
18
23
15
23
14
27
10
19
18
26
10
35
24
3
19
29
30
32
12
29
35
16
27
38
8
40
24
9
24
34
44
23
26
21
7
24
25
14
17
11
4
13
17
4
3
34
19
23
10
14
10
9
6
9
17
14
15
4
4
36
10
12
48
35
10
26
26
25
24
13
20
12
24
31
12
10
22
35
3
6
12
19
3
7
21
12
4
9
18
3
7
16
35
14
35
20
11
41
15
12
8
3
7
22
21
24
34
38
35
16
18
21
12
23
31
13
12
15
15
25
19
14
16
19
19
29
19
16
12
20
30
12
13
14
18
19
25
9
19
13
11
9
12
12
12
15
18
8
36
20
14
15
21
12
29
16
22
29
14
15
27
18
8
35
13
6
26
27
13
9
40
60
23
32
16
14
17
20
21
27
30
31
49
29
20
3
38
13
6
29
39
19
22
18
22
47
28
30
27
44
36
5
74
75
42
15
23
69
22
42
48
39
41
29
31
36
20
13
30
40
52
35
47
52
8
22
11
28
19
19
9
11
32
9
53
49
20
12
15
13
31
19
23
16
16
27
15
18
15
17
15
18
8
19
21
12
30
12
18
25
16
38
20
27
18
11
24
16
18
25
28
15
18
24
11
23
16
16
6
26
17
21
9
44
6
25
28
30
10
14
13
17
38
13
40
50
16
34
19
35
12
13
27
40
5
33
24
21
17
22
24
31
8
15
21
6
27
25
14
45
9
40
25
23
23
39
8
5
21
25
88
52
30
20
24
54
22
55
23
46
25
14
52
27
55
16
28
3
5
16
20
37
28
47
46
18
16
34
24
28
35
66
36
10
36
32
29
40
24
13
17
14
16
20
26
6
29
72
44
33
33
51
38
37
15
24
25
32
13
39
26
27
42
37
34
18
57
12
63
43
43
23
5
25
19
22
34
21
21
44
24
13
26
21
12
39
42
7
52
17
17
17
32
4
20
8
22
21
29
33
24
29
27
15
17
38
20
23
18
25
9
16
23
29
24
10
12
20
23
26
10
36
33
18
26
8
15
20
36
13
21
25
33
9
17
31
33
25
16
27
27
21
15
52
16
30
29
26
19
9
19
32
29
17
24
11
24
3
20
17
21
32
25
19
6
12
28
43
25
43
41
39
15
37
17
36
15
28
28
38
43
58
26
42
57
37
2
19
25
33
11
27
9
25
10
23
45
9
50
11
8
34
49
29
13
21
7
19
7
4
60
52
10
44
19
17
25
17
38
18
37
23
30
39
41
16
17
21
17
17
29
26
30
23
52
29
29
30
28
7
17
17
59
49
13
23
39
19
17
19
38
12
22
25
25
46
17
9
22
18
18
21
19
25
22
24
15
13
8
30
28
33
21
24
18
31
13
31
17
22
13
22
25
14
28
13
20
20
17
55
74
77
25
27
50
60
14
21
44
56
20
17
36
77
68
66
31
44
14
45
32
31
30
30
26
7
35
18
28
43
8
8
16
7
8
43
14
12
17
6
46
11
49
24
31
15
17
34
43
10
13
48
20
28
31
31
14
45
6
75
7
35
9
25
35
24
18
36
17
56
40
35
36
21
8
28
44
34
15
7
17
27
6
18
6
27
16
16
35
30
34
23
19
12
18
22
18
20
16
26
13
15
21
51
68
13
34
25
50
40
39
15
24
39
39
28
27
40
17
40
38
16
10
43
43
10
36
31
27
16
4
16
44
21
6
26
32
36
29
21
44
23
82
11
46
52
38
8
22
56
30
11
35
17
18
9
19
8
48
49
5
5
27
29
9
22
20
8
13
14
19
43
22
32
15
28
7
29
15
38
41
21
31
28
16
12
40
3
23
24
15
25
19
41
12
31
18
28
17
13
16
19
10
26
19
19
35
45
50
9
47
14
25
4
35
23
24
38
26
8
9
32
23
7
31
35
24
16
7
21
12
6
54
56
28
17
36
15
41
60
17
37
34
37
60
95
68
38
49
53
31
39
41
22
40
50
46
53
29
51
22
5
14
16
34
57
41
79
32
53
76
14
38
63
20
61
67
38
33
47
46
90
6
32
53
24
45
10
41
36
13
39
21
9
25
29
63
42
30
40
20
58
25
43
21
17
40
7
9
6
38
15
25
61
43
44
23
28
26
32
40
58
38
63
41
40
20
53
10
6
32
32
23
10
51
22
28
33
11
47
30
19
39
29
11
25
38
40
42
22
44
54
78
12
7
13
18
31
30
74
20
35
24
30
32
39
11
19
21
21
44
76
51
27
41
9
51
7
30
64
33
32
25
50
33
47
29
6
38
35
15
41
69
33
19
53
32
47
11
8
47
14
10
23
11
41
56
16
39
34
38
28
20
16
17
52
15
32
21
23
26
39
28
33
20
17
20
17
22
11
41
18
35
22
46
16
58
42
39
46
49
29
24
22
34
18
22
19
9
16
32
29
20
19
26
29
31
19
51
51
41
18
24
16
79
13
42
83
54
32
25
28
62
53
27
37
23
85
22
84
26
25
16
49
8
27
28
5
19
26
10
17
8
8
33
25
29
57
55
36
50
17
53
8
32
12
28
8
27
7
17
27
22
24
14
30
12
30
25
26
42
27
8
12
30
55
29
9
79
15
41
86
65
34
34
42
47
22
26
12
15
72
55
84
84
68
22
38
40
59
67
8
8
97
80
64
78
27
23
54
30
28
74
72
47
26
50
41
39
43
32
23
28
72
67
31
13
36
28
38
43
11
60
49
56
22
55
45
11
30
15
29
35
18
41
43
43
38
21
24
41
39
27
43
16
63
29
7
15
23
78
46
37
41
42
24
80
29
26
35
21
40
11
10
32
35
57
34
30
35
24
63
38
37
49
17
36
39
25
22
10
21
16
40
54
35
27
18
21
40
30
45
18
28
30
40
34
19
45
30
15
28
45
11
57
33
17
28
12
91
14
24
47
34
44
15
34
20
37
72
24
20
43
39
27
19
16
31
17
49
46
11
43
26
27
44
57
95
67
56
52
54
27
6
29
19
87
45
10
15
19
29
27
39
47
73
20
43
51
21
34
55
19
51
16
35
58
49
39
5
15
17
9
24
14
24
74
29
40
18
3
25
68
38
53
33
37
24
85
63
12
33
27
64
11
17
48
35
39
66
16
38
40
19
27
35
27
10
23
20
95
60
21
21
34
20
15
21
63
27
48
60
42
57
25
58
35
60
18
12
12
17
35
89
44
67
41
62
45
49
40
42
6
19
13
38
18
13
15
41
37
44
30
83
58
40
20
37
42
51
41
31
26
38
65
35
21
26
45
16
20
15
48
67
35
43
8
33
25
62
40
35
37
47
53
20
43
18
31
14
16
25
39
42
22
36
9
28
36
21
22
26
38
37
52
20
39
29
42
18
16
41
19
57
29
24
76
28
20
36
40
32
40
31
56
11
12
41
35
40
28
35
39
39
47
54
48
42
37
42
44
9
41
62
43
16
51
33
44
56
53
63
31
41
20
65
72
47
48
15
48
45
36
40
25
52
51
59
10
18
35
75
75
47
25
43
33
42
47
26
36
8
30
90
79
88
28
63
53
9
47
107
60
73
11
18
36
40
61
30
45
110
9
34
46
57
34
68
87
83
73
106
136
27
15
32
26
35
29
19
43
14
56
60
42
34
23
14
26
44
47
43
68
53
65
41
21
63
14
21
63
55
39
55
29
77
48
42
26
18
38
35
17
20
92
12
26
24
33
43
52
33
32
36
59
87
25
9
27
58
52
58
60
41
46
61
30
57
37
62
43
69
5
44
41
55
50
46
62
27
55
68
38
29
40
41
7
27
53
60
28
50
35
62
43
25
57
32
54
7
23
16
23
39
32
20
29
23
32
32
10
51
11
46
40
40
32
37
43
42
21
40
20
44
49
6
41
41
18
18
45
59
35
29
8
33
41
54
42
23
43
17
27
33
39
30
10
9
31
16
12
17
8
23
16
22
10
37
27
48
32
17
15
24
22
34
4
60
79
46
24
29
19
16
23
32
38
14
17
32
42
34
20
20
16
17
37
9
14
38
42
49
58
23
15
27
9
9
37
17
19
37
18
37
42
23
26
6
21
18
22
13
29
9
26
54
54
32
43
19
41
41
32
37
16
12
45
23
12
23
19
27
31
41
35
56
70
24
39
26
43
25
48
41
10
33
42
46
18
9
32
70
36
55
57
24
29
21
20
47
44
34
75
57
28
11
56
67
19
63
40
51
12
14
19
20
70
16
49
37
46
34
51
38
11
62
57
42
55
18
14
67
40
28
55
51
65
63
41
56
46
23
38
15
22
39
12
6
63
38
75
14
15
52
46
32
27
11
80
35
6
57
51
20
21
49
13
36
40
38
42
43
42
44
64
24
40
55
56
43
35
69
8
56
11
35
14
58
54
18
60
58
24
57
8
68
40
35
48
57
21
30
26
52
18
28
38
36
57
30
52
24
44
58
19
65
12
25
50
62
64
10
33
41
13
35
41
21
18
35
36
67
33
38
4
25
41
19
36
8
12
27
37
58
27
46
57
38
26
20
42
27
32
27
35
22
11
31
11
11
14
13
36
10
46
41
36
49
14
26
48
36
36
13
23
8
54
39
68
73
13
9
27
25
78
43
36
36
22
49
23
51
31
18
26
42
31
35
47
47
5
6
9
18
8
15
11
22
16
9
24
23
33
11
3
39
11
29
24
22
19
11
14
28
27
8
40
29
30
29
15
59
48
12
40
36
24
104
25
26
27
24
21
12
55
26
22
29
33
2
41
42
47
35
9
8
29
12
41
50
25
38
22
25
44
18
41
46
27
28
15
48
59
8
34
22
16
63
36
11
31
32
20
48
25
19
6
39
41
22
21
42
31
22
16
55
34
66
52
23
23
9
9
33
15
45
30
37
33
35
35
46
13
21
29
49
11
25
10
20
5
35
22
37
12
36
37
29
22
49
8
6
8
9
63
16
50
13
23
34
12
8
8
40
29
8
35
81
38
50
80
9
4
52
33
16
77
28
31
35
20
16
26
66
57
46
22
92
15
22
33
31
23
21
83
30
28
22
70
37
25
4
24
17
10
46
15
23
27
55
53
35
14
45
21
22
16
42
32
28
26
46
16
18
23
16
90
60
21
32
41
6
41
37
83
29
17
11
24
59
47
28
21
51
6
51
75
48
50
79
67
31
35
29
19
41
26
45
62
