10
25
43
27
15
16
24
32
29
32
23
71
20
13
25
16
33
30
30
29
20
29
58
5
41
42
23
15
27
16
22
32
35
10
27
31
37
42
13
30
38
35
14
13
10
17
22
32
43
42
16
16
13
34
36
8
12
35
31
42
29
16
16
13
76
37
23
22
12
27
35
35
3
10
27
32
35
16
12
33
18
13
11
20
27
2
23
34
43
5
13
23
6
23
32
1
18
11
15
25
15
32
19
3
25
32
47
26
29
49
44
34
31
78
12
23
50
74
25
48
47
44
2
36
49
31
25
20
30
41
22
45
50
55
11
1
34
38
10
63
5
22
20
35
40
10
26
18
11
13
22
16
46
19
28
20
38
9
31
21
28
21
28
26
21
9
38
27
12
14
33
22
21
17
7
15
20
28
14
17
12
8
18
18
20
10
83
32
23
5
48
41
44
40
38
39
21
16
25
35
12
3
40
17
32
47
23
25
18
37
15
11
55
25
42
37
20
50
40
8
30
45
38
44
26
30
34
53
43
24
18
11
68
38
43
27
14
59
6
53
14
46
5
7
55
33
55
68
38
9
14
9
24
8
11
9
16
9
10
8
27
15
20
10
23
14
20
12
5
12
23
19
10
12
17
10
24
14
13
6
23
10
14
10
19
30
18
10
25
7
15
32
19
13
9
20
11
7
9
16
10
33
12
27
5
31
10
12
7
7
9
12
35
16
27
22
10
33
20
16
18
17
32
13
10
15
11
24
15
7
11
12
16
13
13
32
19
6
15
15
7
10
18
18
18
7
11
17
12
26
41
55
12
11
62
16
35
47
45
11
17
27
5
17
30
21
18
33
14
45
32
26
22
28
29
56
19
20
28
20
14
19
43
22
11
9
10
31
9
31
28
32
19
26
37
25
26
32
6
3
17
13
36
16
18
53
25
32
50
18
17
17
26
20
36
23
17
52
23
29
30
11
24
33
19
45
34
6
18
29
65
30
23
24
16
8
25
22
30
35
44
31
14
64
102
62
18
36
17
52
9
15
50
33
28
48
20
41
38
10
38
40
32
55
25
10
36
19
24
10
15
48
16
41
52
49
14
14
43
39
11
49
13
14
49
34
19
24
33
18
9
28
25
21
45
24
16
10
35
11
20
21
22
8
12
19
39
13
12
20
52
18
36
39
26
9
39
21
13
10
36
13
12
15
3
9
14
16
12
45
15
32
39
24
14
14
37
34
11
3
23
10
8
20
18
43
21
27
26
10
47
8
25
24
16
41
14
26
26
32
30
17
6
27
38
42
8
31
18
27
7
43
62
17
28
15
18
26
12
8
12
2
15
23
41
27
41
21
19
22
26
25
30
21
24
23
24
7
57
32
30
24
33
22
35
17
20
19
66
8
56
5
50
41
36
13
12
11
15
13
20
22
14
21
20
15
19
37
33
14
34
29
16
39
25
50
40
30
4
12
18
34
34
45
27
41
29
42
37
22
17
9
15
36
7
34
20
18
34
12
15
38
15
42
9
15
34
5
29
18
37
22
39
37
35
22
22
12
37
60
5
21
58
12
6
40
46
17
21
8
33
12
17
23
19
29
38
4
25
18
31
10
9
22
16
33
24
15
25
7
16
36
26
33
31
8
17
28
8
15
66
10
13
47
22
18
35
10
5
39
39
22
28
19
21
23
18
50
29
42
16
32
22
27
37
18
54
5
46
34
8
23
30
10
21
34
17
40
39
58
11
24
12
21
8
1
15
70
65
23
32
15
20
36
34
43
33
12
24
34
17
30
9
25
25
23
17
19
19
10
9
12
40
17
36
24
27
17
4
18
8
8
13
30
16
40
28
20
14
22
19
21
27
27
13
30
45
15
26
16
36
16
8
17
17
43
24
27
62
62
34
25
14
10
28
18
18
6
70
30
12
26
15
78
28
32
6
24
40
15
35
20
18
20
41
44
26
22
17
19
16
13
11
15
10
30
33
23
35
39
28
28
16
12
23
20
10
14
27
25
28
43
8
25
16
4
20
11
11
22
23
18
10
24
6
11
15
7
25
14
12
13
14
12
18
27
29
26
14
9
11
14
36
12
7
4
7
11
28
11
38
10
42
10
22
9
30
14
7
14
13
3
4
11
16
28
12
19
20
29
31
19
14
21
21
24
11
6
53
14
17
12
11
57
16
11
14
15
7
32
8
16
5
23
13
21
14
10
13
13
32
15
16
23
12
32
5
29
39
24
17
18
7
28
24
39
20
18
31
31
10
19
17
11
20
18
18
64
14
35
13
40
54
32
21
24
34
57
42
6
22
46
60
31
21
51
40
23
59
15
7
23
62
47
13
26
12
39
15
16
33
21
32
28
21
88
21
26
24
51
13
7
37
20
6
17
35
8
51
36
41
24
26
21
16
22
1
23
24
26
15
16
26
21
24
14
17
10
54
27
52
14
19
28
21
19
2
34
17
29
23
10
31
17
21
28
24
2
24
36
32
18
16
48
38
40
11
20
37
62
9
20
33
29
36
13
19
15
45
18
15
15
30
26
34
6
24
51
53
34
17
22
14
19
32
10
28
15
23
15
29
31
34
27
10
8
16
37
9
19
36
52
28
16
12
14
52
32
17
30
8
43
30
23
21
22
15
25
41
43
48
16
38
34
24
38
16
34
33
30
15
20
9
24
23
25
31
25
34
28
26
11
43
20
8
13
14
16
16
15
18
32
39
23
5
51
22
14
31
35
43
30
22
23
31
21
13
24
16
15
25
20
13
42
14
29
23
24
27
20
29
55
30
13
40
22
24
37
15
47
10
18
22
36
33
14
21
37
9
39
36
19
19
13
16
25
16
35
22
62
57
30
39
21
58
26
16
29
21
20
36
10
46
21
79
20
75
5
35
19
27
8
25
32
30
14
31
57
14
118
38
27
27
35
32
68
24
40
6
51
6
41
34
22
73
60
49
50
16
20
46
49
51
9
5
51
98
21
45
44
45
118
49
45
37
66
110
54
46
8
77
49
49
46
47
40
130
42
14
17
24
67
17
13
12
21
45
57
31
33
24
19
24
23
12
12
67
3
23
36
22
9
37
48
20
33
13
27
27
16
36
21
68
25
7
21
65
35
38
36
7
43
22
41
66
36
23
21
15
79
33
9
53
39
31
48
59
29
27
10
60
44
31
25
57
15
12
30
35
24
41
69
7
50
50
46
69
27
63
24
24
24
15
21
42
9
31
51
19
15
23
40
21
21
33
28
29
8
38
11
26
10
32
39
37
30
13
14
15
12
28
41
14
16
19
13
38
16
11
29
9
28
51
16
26
23
20
18
27
31
12
5
43
20
31
24
31
12
22
32
15
41
25
5
19
16
80
41
26
26
8
12
6
10
21
14
19
33
20
17
17
17
16
23
13
9
12
12
16
20
33
38
29
19
8
13
18
11
40
9
37
56
51
27
18
33
21
19
65
24
5
14
38
34
6
24
19
44
24
28
28
8
16
27
25
28
6
29
22
39
9
40
24
8
34
13
23
24
6
6
25
7
28
28
37
5
10
15
19
16
8
20
5
9
15
17
20
24
37
6
2
20
13
17
21
31
11
18
5
37
20
10
25
28
16
16
30
36
31
17
21
33
8
25
15
35
27
19
11
23
14
14
14
10
28
22
23
24
36
16
45
26
9
31
21
8
24
23
15
46
34
8
19
13
21
34
18
25
32
30
16
11
6
21
17
12
44
10
22
17
15
13
33
16
33
43
12
10
14
11
23
18
23
35
21
14
33
31
8
13
26
20
35
30
12
26
23
11
18
15
4
10
25
33
24
13
19
15
16
15
14
48
18
24
7
13
23
21
30
21
16
13
17
19
21
13
24
40
10
41
14
7
18
15
24
2
34
31
24
32
56
3
28
12
6
13
20
11
18
18
12
16
45
36
4
26
17
24
30
29
54
13
37
37
7
10
19
17
21
5
22
35
29
24
18
19
13
9
10
25
12
10
11
8
29
14
9
17
26
20
21
23
23
18
27
21
44
43
44
26
8
24
22
23
4
24
13
23
10
58
41
21
21
15
40
8
20
14
17
35
26
18
21
27
13
30
25
19
15
14
28
44
26
13
17
19
11
23
11
14
9
16
19
19
24
21
19
11
30
31
36
11
22
15
26
17
19
21
13
16
7
22
19
22
8
26
26
32
17
11
24
24
20
10
29
13
7
25
25
9
26
18
14
14
13
17
12
23
13
22
23
9
15
13
22
18
11
22
14
21
17
29
15
21
12
14
11
17
14
11
17
10
37
25
23
31
4
26
17
22
25
20
37
19
29
15
9
27
7
33
21
26
22
22
41
23
5
22
15
13
20
15
48
34
16
27
19
31
6
31
40
20
12
5
20
15
16
12
19
11
27
21
9
39
26
20
17
9
10
11
15
13
11
24
32
15
15
32
52
6
40
31
10
38
49
33
5
14
17
19
38
27
9
21
20
15
16
18
35
9
14
31
25
36
26
27
37
30
7
32
26
24
40
12
38
22
14
9
35
46
22
15
30
16
30
29
13
30
11
26
14
33
25
12
11
7
27
16
28
35
47
44
23
18
10
8
33
43
25
30
35
27
20
17
22
22
32
16
25
36
51
11
12
14
36
33
28
20
22
15
11
50
19
10
24
9
5
23
12
8
42
10
43
30
30
7
41
38
18
28
29
3
15
16
52
24
43
28
20
35
23
26
21
23
35
24
12
34
36
54
26
14
37
11
16
27
16
42
15
25
20
26
32
42
29
18
14
19
22
12
13
62
67
51
30
13
13
60
11
40
25
40
33
51
30
34
53
43
19
24
22
16
36
18
28
22
29
13
21
53
30
52
44
35
22
53
36
25
41
49
18
7
12
22
13
31
38
16
16
30
15
6
21
6
21
25
18
44
33
45
30
27
15
50
27
55
10
33
9
6
30
64
28
13
3
45
28
7
26
5
24
16
11
20
30
56
23
29
15
17
8
11
46
25
39
2
5
8
34
17
4
59
2
11
6
22
14
13
65
27
34
15
26
9
15
35
48
46
30
23
32
45
74
49
35
30
34
10
12
30
13
37
27
85
31
21
35
31
29
49
18
21
43
6
51
40
26
15
43
36
63
17
27
14
18
22
9
13
17
11
24
63
31
17
22
38
52
44
11
35
24
27
15
65
24
14
25
48
22
43
29
45
23
61
11
30
12
25
22
7
6
5
33
29
33
25
41
20
29
16
8
45
16
25
31
30
15
2
3
10
29
48
17
25
14
37
69
26
13
41
13
45
22
86
59
54
57
49
48
35
29
9
22
43
58
10
51
37
17
27
37
13
44
31
37
17
25
28
36
25
22
10
9
26
6
40
20
41
14
55
27
41
11
6
37
30
48
27
48
44
15
39
38
40
24
26
38
58
57
62
38
14
37
37
42
29
34
24
27
58
38
53
41
32
47
14
36
60
21
36
24
39
11
30
6
13
16
26
69
43
10
5
34
38
10
4
13
20
49
10
25
37
47
29
41
42
41
42
21
81
27
16
17
14
37
14
29
23
38
35
26
4
19
28
5
10
44
16
22
21
15
8
16
33
15
17
17
8
37
4
6
6
12
7
25
25
17
22
25
36
38
6
22
22
16
24
19
7
15
16
21
12
9
6
9
14
22
25
37
33
7
16
13
8
22
16
8
12
25
37
11
44
37
53
15
36
20
62
31
13
35
17
19
46
13
7
8
13
21
18
25
34
21
3
15
19
116
35
7
18
7
22
19
42
20
5
28
30
13
23
24
16
40
33
9
31
43
43
23
48
27
18
22
17
6
12
38
32
35
32
46
78
38
20
54
42
50
44
39
34
63
92
23
41
26
18
38
38
51
29
24
45
57
48
47
20
94
25
43
45
23
38
7
31
11
27
38
47
31
33
19
16
31
32
23
30
2
13
30
33
7
32
27
25
9
51
45
39
42
47
37
33
2
34
15
10
46
20
41
33
29
21
36
3
5
48
28
9
37
48
26
7
4
38
12
13
30
29
45
63
26
15
9
28
41
19
5
14
19
25
24
18
19
13
36
21
18
26
17
14
11
7
14
12
8
18
20
22
18
4
42
34
51
18
22
62
42
35
18
37
35
18
18
19
26
5
36
3
33
38
22
22
17
53
79
34
20
36
30
42
48
61
26
45
33
79
41
83
73
37
28
30
49
50
85
49
70
55
12
37
36
67
28
40
40
46
47
38
10
20
46
63
27
60
60
25
62
35
35
69
32
43
48
24
118
33
69
22
45
65
37
69
69
69
10
17
21
21
62
70
32
36
30
34
8
12
27
66
27
56
18
18
40
7
39
32
37
26
10
21
42
104
111
52
30
72
42
9
13
12
45
60
99
16
19
20
24
11
11
64
51
13
4
40
7
66
16
39
46
14
39
46
6
16
25
25
34
60
42
54
35
58
35
34
48
13
18
39
66
13
10
37
37
40
90
64
18
2
67
36
53
23
19
4
67
45
51
3
70
50
2
35
18
6
48
12
15
32
35
60
87
6
9
22
6
56
47
25
23
21
51
8
19
24
40
31
23
21
51
16
24
39
84
48
44
9
10
10
16
22
9
6
25
15
14
31
7
24
27
13
20
5
5
33
23
4
60
31
6
49
32
22
33
9
27
27
22
20
32
39
42
30
21
26
55
10
49
21
44
53
20
19
15
31
38
25
30
29
36
21
37
13
31
21
37
27
30
34
15
12
26
71
58
39
37
22
34
20
26
40
22
27
34
55
41
24
45
6
39
21
16
47
19
27
23
7
27
40
26
45
10
12
13
47
26
7
71
8
22
35
