7
34
28
26
17
26
30
7
3
15
19
8
23
20
20
15
17
17
30
17
34
16
28
18
15
20
25
13
5
14
9
8
14
9
22
26
18
45
18
27
9
3
25
20
34
11
10
13
17
25
15
5
14
11
25
29
10
18
47
16
16
36
11
23
29
12
6
16
19
26
19
19
31
12
31
43
12
25
16
23
26
27
43
8
25
35
20
23
41
7
21
16
11
20
10
17
19
30
4
33
19
15
21
14
16
3
20
38
25
22
11
23
8
24
7
17
17
36
9
21
23
35
33
15
28
23
27
18
19
15
17
45
21
19
12
32
19
7
5
21
25
20
15
8
40
17
9
23
11
31
6
27
26
26
12
15
23
14
28
29
23
31
21
18
33
22
12
17
76
22
25
7
15
5
8
11
16
23
12
1
23
24
15
34
19
19
28
19
6
29
28
7
14
22
13
26
7
19
18
18
21
7
12
43
18
8
33
3
26
40
11
18
16
24
8
9
15
40
33
5
21
27
12
16
22
20
20
23
35
49
26
8
27
25
15
33
24
38
28
10
37
7
30
25
21
19
35
18
34
40
31
23
23
20
14
36
13
28
7
22
11
24
11
16
11
41
37
27
34
47
33
28
15
23
11
6
9
10
13
44
56
21
36
33
57
8
22
13
22
22
12
18
23
35
17
19
36
18
4
25
11
33
19
56
22
22
11
16
27
24
49
3
10
23
33
19
21
39
14
15
29
19
32
2
56
11
33
24
23
25
19
5
15
41
31
18
38
30
21
24
37
2
35
25
22
27
2
19
17
30
19
24
16
29
14
17
9
29
25
24
25
29
20
25
7
25
28
31
17
31
17
23
37
17
27
20
10
22
13
26
13
13
17
44
20
24
42
26
9
24
13
30
29
56
17
8
16
14
21
30
25
26
24
10
25
25
1
11
14
9
13
12
34
21
17
2
7
18
9
7
3
14
25
20
4
8
22
41
33
17
2
8
12
10
18
14
18
1
12
25
16
13
31
17
44
31
23
21
13
5
28
15
26
34
4
28
7
35
21
6
7
26
25
15
8
21
31
12
33
22
15
28
6
17
24
14
17
15
24
19
6
28
23
46
40
30
39
40
7
29
28
28
11
33
32
30
21
32
23
25
20
35
30
35
27
11
19
27
51
10
59
13
12
26
33
26
17
31
30
34
9
29
18
15
45
31
25
21
47
35
10
47
5
25
21
43
5
14
21
11
12
13
26
57
17
34
34
16
64
21
21
44
29
25
12
29
13
61
15
18
28
32
15
41
20
27
15
4
12
7
55
13
36
17
54
42
15
34
32
12
6
37
13
46
33
30
37
23
37
16
25
22
21
19
29
16
17
46
25
16
24
36
17
10
26
40
19
31
26
24
37
15
40
13
19
38
15
22
27
28
19
29
12
11
38
18
16
19
24
58
20
22
16
7
27
14
19
31
33
33
63
22
35
16
29
20
5
4
3
34
13
26
39
25
56
57
9
22
43
22
8
4
29
34
17
14
36
12
68
63
31
19
5
16
43
40
39
19
28
27
39
32
19
16
3
6
3
8
27
9
2
31
33
26
13
30
35
16
29
37
20
31
19
9
5
41
15
21
18
33
20
10
22
8
12
15
31
23
37
25
4
3
3
36
10
47
17
10
20
20
52
28
18
17
29
26
21
67
33
5
12
58
35
21
27
15
45
21
12
16
36
15
24
21
42
52
9
17
8
8
28
30
23
22
27
30
25
17
12
34
9
31
59
10
35
18
26
10
15
15
24
14
10
25
9
7
19
22
14
17
17
27
25
25
19
7
13
15
33
15
27
13
14
22
23
13
18
18
18
25
8
11
18
41
33
8
12
19
20
40
15
11
2
22
14
21
20
43
15
24
24
41
31
32
17
48
19
21
25
18
22
28
8
26
28
18
30
12
8
30
50
17
28
20
5
17
21
11
12
51
28
8
17
14
21
21
22
10
26
8
23
35
30
14
7
8
30
27
17
5
40
18
6
16
24
12
19
21
49
7
9
35
26
34
25
26
21
12
41
21
14
25
11
8
7
36
41
17
35
29
44
28
23
6
31
15
22
33
10
28
11
36
28
20
11
18
42
9
44
22
8
16
18
26
40
22
33
22
36
9
21
5
5
6
21
12
18
12
7
11
35
9
17
21
27
17
26
10
20
16
13
19
23
16
13
22
26
23
16
6
7
5
4
8
12
20
3
9
19
12
18
16
7
36
10
16
15
14
14
13
20
21
24
26
41
18
19
30
9
19
13
16
23
21
12
19
20
18
13
11
20
6
23
48
15
26
9
6
32
18
4
31
15
23
22
26
15
16
16
23
25
46
30
9
35
29
20
23
17
15
15
11
10
26
13
6
14
21
24
42
34
28
26
28
12
18
14
18
27
22
37
6
11
30
18
16
15
19
34
20
18
22
25
9
11
25
48
17
26
14
9
40
5
18
38
12
28
16
8
30
8
17
18
19
15
9
8
16
23
20
7
4
20
24
17
7
7
6
18
28
12
17
9
12
20
5
7
4
14
13
9
16
29
10
13
15
7
19
41
23
15
10
5
13
26
5
20
12
7
24
31
16
5
10
2
18
32
12
12
14
4
8
17
22
16
6
8
14
9
14
29
17
11
9
21
20
18
16
8
5
20
24
18
8
17
14
15
7
10
7
18
29
16
23
17
6
19
25
15
11
8
18
29
17
5
9
9
18
19
7
16
10
13
11
8
17
23
17
18
16
21
8
13
5
15
36
20
15
7
8
22
35
13
18
7
6
17
31
12
8
16
25
14
7
11
7
22
6
40
8
33
12
7
25
24
35
9
21
15
20
19
12
12
16
9
13
13
6
42
16
54
9
20
24
27
36
44
9
17
24
12
24
30
26
11
19
26
6
17
39
32
15
28
10
16
16
10
40
23
8
72
21
31
14
17
21
40
15
25
38
19
26
27
12
46
9
16
7
28
9
14
18
26
25
32
20
13
16
24
18
34
39
23
13
30
29
32
22
29
15
23
23
21
9
18
29
23
41
19
23
15
16
12
11
18
14
12
17
24
15
17
27
24
18
18
9
15
35
14
12
9
41
24
60
8
29
24
46
43
30
53
54
51
36
25
47
20
9
23
25
53
23
13
18
40
20
25
30
39
9
15
8
9
57
23
25
20
19
33
39
22
23
24
26
36
24
20
38
28
16
22
23
19
33
13
25
16
61
22
38
22
31
17
46
12
30
17
21
6
6
10
22
48
30
38
22
12
7
22
24
7
26
6
20
12
18
10
21
27
20
8
5
11
25
10
12
14
28
24
26
22
19
31
21
34
38
23
16
30
38
20
26
9
25
14
23
42
14
11
9
9
10
10
26
61
24
69
18
12
21
27
41
26
35
24
17
11
7
26
27
22
14
19
28
59
36
23
23
31
36
19
21
30
25
37
18
15
18
35
24
17
35
17
20
11
19
20
12
28
18
9
11
25
28
47
16
6
8
39
42
58
33
15
27
36
22
33
53
26
24
21
13
15
44
31
46
18
14
61
44
18
19
51
17
8
16
22
23
29
21
25
14
39
27
23
12
33
32
40
11
23
10
18
21
33
37
24
17
22
11
15
31
42
67
41
44
26
20
28
23
4
34
35
47
36
14
14
10
9
41
18
6
13
50
5
33
27
38
42
27
43
47
40
13
33
17
38
29
24
22
4
17
29
23
17
41
19
6
34
22
17
34
29
7
9
18
6
6
28
10
26
18
37
11
10
42
16
12
60
22
37
49
37
36
28
21
18
24
11
17
11
20
52
38
43
21
19
29
13
21
25
30
10
7
15
19
17
28
23
30
21
10
33
27
13
17
11
11
51
26
11
33
31
16
10
9
20
39
26
43
28
14
19
12
18
24
41
9
26
16
23
5
28
22
41
7
37
47
47
8
35
15
13
17
23
38
46
41
15
16
29
22
46
32
43
16
29
26
8
47
39
33
29
50
40
17
11
37
22
24
26
28
27
25
25
32
39
30
8
8
11
36
22
8
59
29
40
40
5
19
24
24
28
8
21
21
36
11
23
18
7
20
10
18
25
56
16
8
12
16
23
58
26
63
22
9
9
6
11
11
31
11
11
58
17
10
24
31
8
37
15
19
20
13
50
30
14
23
47
22
35
25
13
17
10
24
33
45
32
25
12
36
42
30
26
17
36
7
26
18
19
16
6
25
32
13
18
12
40
17
21
7
28
76
72
56
125
2
50
74
2
16
80
1
47
47
27
3
68
32
1
79
1
21
36
73
2
24
71
3
31
55
3
19
41
19
45
8
27
34
46
45
37
7
43
46
56
63
64
53
62
24
12
21
51
48
43
56
20
50
41
40
52
40
44
39
34
45
17
41
76
61
81
53
52
64
90
82
46
3
17
32
25
49
27
43
49
47
24
31
39
42
6
88
41
80
10
27
33
24
26
26
28
18
6
25
32
5
53
39
23
41
20
35
18
9
40
48
34
25
26
32
25
12
41
30
38
29
19
31
31
34
2
23
20
22
25
9
21
40
24
38
40
21
12
14
16
34
44
18
43
17
26
43
20
12
31
13
42
29
36
3
40
33
9
30
21
28
13
9
35
29
25
28
36
17
31
13
18
31
10
25
10
11
30
17
11
21
26
10
29
12
24
38
19
11
19
38
6
3
37
46
22
12
13
4
31
17
10
17
8
17
17
16
17
34
13
12
52
20
34
23
27
16
27
7
14
29
47
11
16
24
91
10
16
24
37
12
17
19
9
5
28
16
18
14
62
17
7
44
22
44
21
2
7
34
51
51
37
50
16
37
8
47
48
45
51
40
49
52
31
14
51
41
40
50
33
28
27
49
28
40
22
9
32
23
34
27
31
29
35
37
8
18
38
22
25
36
26
21
45
35
33
21
20
10
16
12
20
32
22
16
44
22
18
22
40
72
40
19
53
45
32
15
29
8
4
13
17
27
14
19
59
13
21
28
13
12
11
28
26
29
13
36
15
9
51
25
31
14
15
32
37
50
66
59
19
27
39
10
29
46
56
32
32
28
43
18
64
46
46
46
26
37
15
23
52
35
34
22
29
30
19
12
32
41
22
22
3
29
3
32
3
26
5
32
8
17
18
10
24
14
36
13
20
48
8
25
49
45
37
46
40
40
44
46
33
52
20
59
25
40
32
31
30
40
50
44
5
32
78
57
44
47
58
34
35
21
17
19
16
40
33
35
33
38
52
60
46
14
18
10
15
33
145
9
68
61
5
45
44
33
27
21
14
63
25
28
44
16
28
29
39
53
52
26
16
15
53
48
28
14
18
10
35
44
44
40
21
5
14
51
38
19
7
28
13
34
5
42
8
20
26
14
12
44
44
13
14
26
20
19
14
21
17
13
18
14
11
14
17
51
58
60
55
53
49
40
36
51
44
45
37
60
47
46
12
27
55
51
72
38
45
20
5
21
37
31
42
32
27
35
36
24
20
5
60
31
19
24
48
9
24
19
15
27
5
16
31
37
73
42
29
33
56
66
49
11
12
17
14
59
72
77
14
24
45
42
49
75
26
4
23
32
47
15
64
10
44
45
20
15
46
32
19
16
59
32
37
7
44
61
24
6
15
16
6
16
41
38
30
31
26
62
25
37
22
18
11
11
23
35
25
9
30
43
44
27
72
14
9
20
38
36
22
21
51
9
12
40
51
44
43
6
39
26
36
68
15
16
29
6
23
34
35
27
33
26
10
22
49
61
37
13
18
5
43
24
21
27
25
34
33
42
4
26
45
44
29
12
29
46
11
6
5
19
33
42
39
54
35
46
35
49
41
25
23
24
16
45
39
46
45
1
10
52
20
16
39
44
29
16
35
28
28
20
27
24
28
36
46
59
10
25
9
33
37
21
49
19
18
17
70
7
42
66
34
50
46
34
20
32
7
44
47
27
37
72
15
11
22
1
11
55
68
46
54
25
57
23
2
7
32
32
21
37
37
30
21
36
47
45
22
41
38
63
2
10
13
32
25
19
12
30
28
31
52
22
14
17
44
8
13
26
23
32
32
19
19
6
29
30
14
17
28
3
5
27
17
24
23
14
42
52
11
14
40
41
32
21
49
13
8
63
26
40
43
32
30
26
37
22
23
25
15
24
16
16
21
17
31
18
32
50
51
11
46
46
11
16
58
8
27
16
18
26
24
75
10
31
33
32
5
47
28
55
20
43
21
18
10
13
57
29
18
36
38
28
44
15
33
21
29
34
36
31
13
33
16
38
26
24
5
28
10
16
9
5
10
21
9
6
18
39
29
22
30
20
20
17
9
10
14
39
7
20
20
6
10
25
7
20
18
12
37
8
15
30
20
29
8
16
49
22
2
18
57
27
6
35
48
25
21
2
49
12
23
10
19
14
11
11
13
19
18
15
25
29
29
8
27
18
13
31
17
54
15
33
21
16
5
17
14
12
22
20
35
33
27
17
21
20
34
8
18
13
20
15
22
14
18
52
46
41
38
17
15
13
29
30
37
11
16
23
39
46
30
11
21
17
18
27
15
32
35
25
19
21
34
21
26
18
10
12
10
13
30
21
15
16
27
27
17
10
18
17
9
19
19
18
6
17
20
27
16
17
21
26
15
48
4
16
19
19
26
9
32
21
28
28
20
28
40
12
11
12
39
2
24
11
16
11
18
17
34
21
45
7
17
45
33
14
34
39
22
17
32
6
30
22
24
21
18
11
21
20
7
26
9
19
9
14
27
8
15
8
11
35
10
23
11
15
15
4
22
12
23
12
31
9
14
25
26
14
50
25
24
13
9
16
26
29
14
