9
13
29
19
17
14
20
26
21
23
18
34
17
11
18
13
22
26
33
15
15
15
44
6
29
32
13
10
18
11
16
22
20
7
20
27
20
32
6
17
21
18
10
13
9
21
23
28
30
29
18
14
10
24
12
6
8
31
28
32
23
8
14
10
51
26
18
21
7
21
36
30
3
11
25
20
31
17
6
23
11
12
7
19
20
1
18
21
23
1
11
13
14
17
20
1
18
10
12
18
12
19
11
4
22
26
40
17
28
31
26
27
21
69
11
17
43
60
20
39
37
39
3
33
49
34
19
16
29
31
18
34
37
41
12
1
35
29
16
56
3
15
21
36
30
11
19
14
13
8
20
11
44
19
23
18
26
6
20
14
25
17
17
26
12
10
21
19
10
9
26
22
15
16
6
12
15
23
11
20
10
8
17
19
17
15
56
32
19
6
48
32
31
32
34
28
16
23
21
28
10
3
34
18
30
35
14
15
17
24
17
6
43
18
30
43
21
36
28
8
24
30
36
27
13
18
20
43
32
17
5
11
58
22
32
18
15
49
7
44
12
27
5
2
47
36
40
51
24
8
13
7
16
6
9
10
15
10
7
8
23
12
14
10
17
16
18
8
2
8
20
14
7
10
11
11
10
15
11
8
21
10
10
8
14
27
12
6
19
8
11
19
9
12
8
16
6
6
11
13
7
25
11
22
5
25
7
10
6
9
8
10
26
17
12
20
8
25
11
13
13
18
17
12
11
8
10
20
13
3
9
12
10
10
15
23
16
7
10
16
5
10
12
11
20
6
5
17
8
22
34
41
14
15
45
15
24
29
38
12
15
27
6
18
17
17
11
31
12
35
22
22
21
20
22
48
10
19
28
15
12
14
32
14
7
10
12
31
10
22
29
36
12
20
28
14
24
29
6
3
16
12
29
15
16
35
29
22
34
16
16
12
19
20
24
23
11
27
17
21
27
11
21
25
17
31
32
6
10
21
62
20
19
21
14
8
20
11
16
29
37
25
12
49
72
37
16
29
19
45
6
8
27
23
21
26
14
30
27
13
26
23
22
39
26
7
24
14
18
11
13
35
16
36
37
29
14
14
29
27
8
28
13
10
39
24
18
20
27
19
10
27
23
14
27
26
17
10
18
11
17
16
22
6
12
17
31
14
11
11
52
18
31
29
20
4
23
18
15
11
32
14
10
15
3
7
13
13
15
27
10
29
31
24
9
13
24
25
10
3
14
6
1
22
12
34
16
27
21
9
47
5
20
17
12
28
15
21
22
25
23
14
5
26
30
34
10
22
12
19
8
30
41
10
12
16
11
28
8
8
8
2
14
22
38
17
29
19
14
13
22
28
20
17
17
17
22
10
45
18
18
25
16
26
29
8
20
24
61
8
52
6
48
30
23
14
13
7
14
13
20
16
8
17
13
13
16
20
26
13
24
18
10
36
20
33
29
25
16
10
19
40
24
41
20
24
19
41
33
16
21
6
13
28
10
21
16
16
21
11
9
27
11
40
11
16
28
7
22
19
23
20
27
34
39
17
16
12
22
38
7
11
40
10
4
30
32
19
19
8
29
11
13
15
21
25
30
4
22
8
27
8
5
20
15
22
15
8
21
4
7
31
22
23
21
4
15
21
13
15
55
11
21
48
26
13
29
14
5
26
45
22
18
11
12
21
19
29
14
28
14
27
14
24
31
15
54
6
44
28
11
19
23
8
15
25
16
28
37
46
13
20
14
15
10
1
16
61
57
25
32
13
14
21
35
39
22
17
24
21
17
27
9
26
20
22
17
17
20
12
9
11
34
19
31
22
21
16
6
17
10
6
11
22
11
27
19
20
9
20
17
20
25
21
14
20
35
13
26
11
28
12
11
12
13
31
20
25
59
49
32
18
4
10
23
14
23
7
59
20
9
19
14
64
19
21
7
23
35
12
37
18
19
20
22
33
22
16
15
18
9
13
12
17
11
24
33
16
39
39
25
24
12
11
25
13
11
14
19
15
28
27
10
15
13
6
16
11
9
14
13
19
13
21
8
9
13
7
20
18
11
10
9
9
16
25
21
23
11
8
9
14
31
8
9
5
11
9
29
9
40
7
33
9
20
11
17
17
7
17
10
4
6
10
16
22
7
13
22
16
17
10
11
15
12
19
7
6
47
12
12
9
12
37
15
8
12
15
9
27
9
14
7
18
10
16
9
11
7
11
21
12
17
25
13
29
6
19
31
23
12
14
4
20
14
32
19
18
22
20
12
12
14
12
21
24
11
49
14
38
12
28
22
36
16
20
25
45
38
6
14
28
51
27
19
32
31
19
40
15
9
14
41
40
15
26
14
40
11
17
22
20
26
25
18
75
23
20
23
48
14
9
34
11
9
9
27
8
41
28
30
23
25
10
16
16
2
23
25
19
15
18
16
24
13
16
15
5
40
24
27
12
13
20
16
18
2
28
17
17
13
11
24
9
13
15
14
2
19
21
25
14
16
27
32
29
7
20
34
37
9
14
26
21
25
13
19
14
42
19
10
18
29
27
30
7
21
53
48
32
16
18
18
15
26
9
23
11
15
16
30
24
24
24
11
6
17
28
8
13
29
40
25
12
14
12
36
35
16
26
8
32
34
16
23
16
14
23
35
33
35
13
27
30
23
23
17
25
16
20
13
16
13
21
27
21
23
26
27
20
24
8
51
20
9
12
6
16
15
21
26
34
32
24
5
53
25
14
23
38
33
23
21
20
30
20
17
21
15
12
20
17
13
39
11
33
24
25
30
24
24
35
28
11
33
21
24
28
13
28
10
18
24
24
24
10
25
29
9
31
33
11
12
7
15
27
21
23
15
53
39
31
30
16
43
21
9
23
27
15
27
11
36
16
66
13
54
8
30
17
31
8
18
28
34
9
26
50
14
90
30
19
25
30
29
51
21
34
6
47
5
35
29
22
51
59
49
39
13
14
36
44
41
7
2
50
74
8
44
47
32
91
40
33
33
38
88
50
27
7
62
36
42
41
41
37
105
32
14
19
19
59
13
15
12
23
34
33
25
28
18
13
19
25
11
14
46
4
19
32
25
10
37
46
18
30
12
21
27
21
21
15
53
24
7
22
56
22
34
36
6
28
11
36
43
26
20
19
18
60
27
8
54
35
21
30
40
29
16
7
54
43
27
22
34
14
12
28
33
26
28
36
7
40
43
39
44
20
42
18
16
14
11
19
30
9
21
31
19
16
24
19
23
14
33
20
19
7
30
9
23
8
24
32
20
29
15
16
19
9
21
34
10
11
17
8
27
15
10
30
5
28
50
20
22
18
19
12
20
29
14
5
24
13
22
18
22
13
15
23
8
31
18
5
13
11
55
42
21
22
7
10
7
10
21
11
19
33
17
15
12
8
11
18
14
8
11
11
14
13
38
30
26
17
10
16
22
15
45
9
26
54
53
16
12
41
26
16
50
21
6
13
34
31
6
21
10
33
17
37
24
9
15
29
20
22
7
16
21
38
9
38
18
5
33
9
26
25
7
12
19
7
22
25
27
7
7
15
22
11
8
22
6
8
9
10
14
21
31
8
2
15
17
19
15
24
7
18
5
37
19
10
24
27
13
17
23
35
25
22
22
20
9
21
13
24
21
22
12
24
11
18
14
13
21
20
19
25
35
15
28
22
11
22
20
8
17
24
9
31
26
10
19
16
19
29
11
24
36
27
14
11
7
26
18
14
39
10
18
14
20
13
31
18
16
47
13
9
10
9
15
17
24
33
22
15
34
27
9
8
26
19
27
28
9
21
22
13
16
15
6
14
27
32
16
11
18
26
16
19
14
34
13
24
8
10
21
23
24
20
15
16
9
19
20
13
16
36
12
40
15
9
19
16
36
2
24
29
26
21
54
5
30
10
9
13
20
8
14
22
9
18
38
34
5
23
18
39
24
25
50
18
31
36
6
9
9
15
9
7
14
28
26
31
16
21
15
8
8
28
16
8
11
8
25
16
6
18
24
18
16
26
24
20
18
19
40
41
39
35
5
21
16
19
6
29
17
19
9
52
37
15
26
18
31
7
13
15
18
29
24
17
15
29
12
24
32
18
16
14
33
49
31
15
17
23
13
25
14
18
12
15
12
19
18
21
15
16
23
33
39
15
21
20
26
14
17
19
9
17
9
26
19
23
10
29
21
31
15
10
17
28
18
13
25
14
10
22
22
10
26
14
16
18
21
20
14
22
14
33
22
10
16
13
22
21
13
24
15
24
13
25
14
23
14
10
8
17
15
8
17
14
19
19
22
32
6
24
21
22
27
20
34
21
27
12
10
23
9
20
21
24
13
28
48
23
8
21
12
14
17
14
52
32
13
25
18
28
9
21
30
20
12
7
20
13
12
14
17
13
27
15
11
33
21
16
18
13
7
12
11
10
6
24
23
17
19
33
33
8
28
23
7
38
45
29
9
12
12
16
26
31
11
13
15
15
14
18
35
6
16
33
26
30
20
27
32
21
7
37
25
21
25
16
23
23
17
12
27
30
18
10
29
18
20
19
12
28
8
21
12
24
20
7
15
5
16
15
19
26
30
38
18
15
7
6
31
29
30
25
27
22
19
11
26
22
31
15
24
26
44
11
13
12
32
31
22
13
18
15
13
33
20
8
18
8
6
12
11
8
32
10
33
20
24
6
38
33
17
28
22
3
17
13
29
20
37
25
18
27
15
17
19
22
24
18
12
28
28
40
25
13
31
14
11
20
16
28
14
19
15
20
17
35
26
16
10
12
15
12
11
40
45
46
23
9
13
43
11
32
22
36
32
39
20
26
37
38
17
20
18
11
31
19
22
15
25
15
17
51
21
42
30
29
18
37
23
21
19
30
15
4
15
17
8
29
29
14
18
32
8
6
18
6
17
20
14
23
22
37
22
21
17
36
19
43
10
24
8
4
21
63
25
12
3
46
13
7
20
5
24
16
13
15
24
44
17
17
19
15
9
11
31
23
24
2
7
5
26
11
4
53
2
11
6
14
16
12
63
22
31
10
15
8
12
22
34
33
29
15
19
38
55
40
24
21
21
11
13
20
10
25
23
58
31
14
23
16
16
25
15
18
25
9
48
20
18
6
32
27
50
12
20
13
15
17
5
11
11
9
19
47
34
14
21
29
60
30
9
18
21
21
9
63
17
7
22
28
17
45
24
36
19
49
8
16
13
15
16
7
7
5
29
18
26
24
40
14
28
14
7
32
17
20
14
26
6
2
3
8
26
40
13
17
11
35
45
21
14
31
9
38
13
54
39
33
47
33
34
30
21
12
17
36
48
11
41
31
14
23
36
13
33
33
29
14
20
23
38
15
18
11
9
19
4
31
20
29
9
48
32
38
12
5
35
21
28
25
31
36
10
34
27
32
19
15
36
51
45
48
26
19
26
23
26
20
23
26
23
29
23
38
26
27
40
11
31
51
13
29
23
33
7
16
8
13
14
19
39
35
7
4
23
25
6
4
15
22
44
10
18
33
35
23
34
31
23
27
12
60
25
15
13
11
29
11
33
22
30
19
23
5
16
17
5
8
29
10
21
18
12
8
10
26
8
13
13
5
27
4
7
6
11
9
16
13
12
13
15
21
23
6
20
18
13
24
10
4
15
16
12
9
7
5
10
9
14
20
36
22
5
16
15
5
14
16
5
8
16
36
7
40
28
36
15
29
15
47
30
8
28
17
12
34
8
8
7
12
23
14
25
31
18
2
16
15
86
33
8
19
5
23
20
32
20
5
19
27
9
24
20
18
27
32
6
26
43
35
22
45
23
19
17
11
6
13
22
19
33
34
33
55
33
16
49
40
46
31
29
23
53
78
21
45
24
13
30
31
43
26
13
38
55
32
43
18
73
20
40
34
16
32
7
18
8
22
40
38
28
25
17
9
24
20
16
21
2
11
16
23
8
27
21
18
8
36
29
35
25
32
27
23
2
37
12
13
32
19
23
29
22
11
34
2
6
35
31
6
27
25
29
7
2
32
8
14
23
20
35
50
20
9
9
26
24
18
4
16
11
18
21
18
15
11
33
20
21
23
14
15
15
10
12
15
7
13
16
20
12
2
35
30
36
12
23
44
30
26
14
22
22
9
17
18
17
6
29
1
28
24
19
20
9
36
56
30
14
32
29
32
37
38
13
34
30
70
30
47
52
32
25
24
38
33
50
39
47
44
12
29
28
58
21
30
26
33
37
34
11
14
34
53
20
48
49
17
32
30
30
49
17
35
28
13
70
25
43
18
46
38
29
55
53
52
9
15
15
16
50
45
19
30
26
20
6
9
15
43
15
46
10
15
34
8
27
33
39
26
11
16
37
80
82
42
21
62
41
8
14
18
48
54
80
9
16
28
19
12
10
70
45
17
5
27
7
59
10
47
40
6
31
25
3
13
19
19
28
49
33
42
29
48
19
26
43
8
18
24
51
9
10
39
44
25
78
39
9
2
52
29
49
18
16
3
49
40
36
4
49
30
3
28
19
3
44
9
13
26
27
52
72
7
10
24
6
49
39
16
19
17
38
6
18
20
19
25
19
19
38
13
22
43
75
39
39
8
10
9
16
13
8
6
23
13
11
31
9
17
29
13
20
4
6
28
20
4
53
30
4
45
25
17
34
9
19
19
22
16
34
33
36
25
20
23
41
13
51
16
29
36
16
13
8
23
33
22
22
22
34
19
30
15
27
23
29
24
26
33
13
13
22
63
48
32
30
13
27
22
22
25
19
18
21
46
32
19
40
6
28
23
15
34
19
20
16
4
23
34
23
33
10
15
8
44
25
8
58
9
15
23
