12
19
48
30
22
20
31
42
29
31
34
44
31
10
20
19
36
36
47
24
27
30
75
11
42
35
22
10
21
11
17
36
27
5
34
33
34
46
14
30
32
31
17
18
13
36
23
46
32
33
22
20
27
44
41
8
7
41
34
51
42
18
19
16
69
45
25
26
10
21
34
38
3
15
36
30
39
18
7
36
24
20
8
28
33
2
26
34
37
5
13
17
14
32
27
2
36
12
16
48
20
29
16
9
32
41
62
19
34
47
27
28
26
100
18
20
45
87
27
55
50
55
6
43
64
45
30
26
43
54
25
46
38
58
13
1
39
41
18
78
5
30
32
47
25
10
27
13
18
8
26
29
57
20
29
15
32
10
17
18
30
17
20
45
18
16
22
23
11
12
31
27
24
18
13
14
20
29
15
20
19
8
23
20
22
15
76
38
24
6
53
39
40
39
41
33
15
33
30
36
28
4
42
21
39
50
11
25
17
20
32
10
71
27
40
65
36
51
40
11
30
48
42
32
17
26
39
54
48
22
12
18
83
29
42
29
20
50
15
46
16
36
8
2
50
59
62
79
32
12
11
13
28
5
15
15
15
15
14
6
27
12
18
7
15
15
22
11
3
11
22
17
6
17
15
10
17
17
17
6
22
18
13
10
14
24
15
5
28
10
23
27
14
21
10
26
5
5
13
13
13
34
14
21
5
32
13
13
8
10
7
14
34
21
15
23
9
27
14
10
14
13
22
10
18
8
15
20
17
8
9
16
11
12
13
26
24
6
18
14
8
6
12
14
24
6
8
24
8
27
51
57
15
18
72
19
29
48
47
16
13
29
10
28
21
31
16
37
16
50
39
29
24
24
32
70
14
24
40
26
10
22
34
24
10
13
10
31
10
27
37
50
22
25
33
24
27
32
8
8
19
12
32
16
21
47
36
32
39
26
16
13
27
30
31
27
16
51
17
29
35
21
24
41
25
36
51
11
22
28
80
22
24
29
13
9
26
20
25
43
54
38
9
90
103
51
17
40
29
50
12
11
43
37
32
31
21
33
43
22
35
42
28
57
34
16
38
22
35
11
19
64
22
47
53
37
28
31
41
33
11
37
14
14
50
31
21
35
44
27
13
32
29
16
46
32
31
12
33
14
22
25
22
5
21
19
42
29
15
34
72
31
53
49
29
4
41
22
24
18
45
20
15
22
5
12
12
19
22
45
12
38
40
26
18
15
34
53
12
4
30
8
1
29
22
41
33
38
24
9
48
9
22
23
12
50
20
27
37
27
26
22
2
38
43
60
12
29
27
31
15
41
60
16
20
15
14
37
18
22
15
3
18
36
64
20
41
25
32
20
35
49
35
39
20
21
43
8
51
35
30
40
27
34
45
12
30
32
84
12
64
8
56
36
38
17
16
9
28
24
24
18
12
22
27
24
26
29
32
14
38
25
18
40
29
43
43
31
17
11
25
56
60
65
34
34
37
52
47
22
30
9
16
44
11
30
22
20
37
12
12
21
20
40
13
19
37
11
30
35
42
30
35
52
43
21
27
13
25
57
8
15
52
18
4
40
52
20
27
8
44
14
19
17
26
25
29
6
32
14
27
12
9
25
20
28
23
6
29
6
18
48
30
28
31
7
29
30
10
13
80
19
18
80
33
20
49
24
12
69
67
29
32
19
23
34
30
49
27
44
18
34
33
37
49
18
70
7
53
32
10
27
41
9
22
55
24
33
38
74
22
31
16
24
14
1
17
90
66
38
42
22
18
39
44
64
33
31
31
35
22
42
15
41
35
39
27
28
21
16
14
14
43
24
42
37
26
22
10
24
13
9
15
31
10
40
31
29
17
25
21
29
40
32
19
25
50
23
39
19
38
20
13
20
16
50
25
37
74
57
57
28
8
13
37
22
27
7
100
34
13
26
16
88
31
31
9
35
46
17
44
16
24
22
37
49
26
26
25
25
18
16
16
22
10
29
45
30
44
47
29
28
20
13
34
26
10
16
27
30
32
28
8
19
18
10
16
13
9
19
26
22
16
26
12
16
14
13
21
17
15
12
14
13
15
35
27
25
17
7
8
13
47
8
17
6
9
10
40
10
44
10
31
12
26
14
20
19
11
21
16
6
8
9
20
31
7
23
29
24
22
20
13
19
33
27
7
6
54
12
24
11
20
40
30
12
26
15
11
34
13
25
11
20
21
17
13
15
9
16
27
18
25
39
19
33
7
32
49
42
25
17
6
37
23
53
33
27
39
33
18
25
19
17
20
26
16
82
24
40
28
36
32
47
18
48
40
58
69
8
18
56
68
35
24
58
50
22
53
35
14
18
78
49
27
33
22
45
21
18
27
28
51
32
15
96
34
23
19
54
12
7
36
24
12
12
51
15
53
22
43
27
32
16
20
25
7
30
31
22
24
42
31
26
32
21
23
14
56
35
53
15
23
32
23
28
6
39
29
33
21
24
37
25
21
43
30
6
31
52
42
25
22
55
50
53
19
26
59
68
11
24
48
34
41
15
26
19
58
24
11
21
33
30
41
15
27
44
54
45
25
30
19
33
42
15
24
13
21
22
45
31
24
38
15
15
19
41
19
21
33
54
30
16
22
17
36
27
20
24
15
36
44
27
25
21
13
27
37
44
42
16
39
37
36
31
25
27
22
26
19
21
22
24
19
29
31
31
33
21
20
6
60
24
10
20
16
16
12
22
43
40
43
33
5
85
43
16
29
54
58
38
40
29
54
27
23
23
22
23
30
28
21
61
13
43
33
39
39
36
42
59
41
13
59
23
27
52
14
44
10
29
27
32
29
15
38
32
14
50
68
19
14
18
24
35
33
30
22
68
75
37
45
21
67
30
14
29
48
18
30
21
48
33
97
12
68
14
47
37
38
9
24
50
52
23
37
76
19
151
38
22
31
41
45
70
29
57
13
56
7
64
37
29
55
79
74
57
21
17
51
52
51
9
2
60
93
12
43
67
50
144
57
49
64
63
161
63
44
11
94
52
65
58
65
40
155
44
21
32
22
58
22
22
14
35
58
64
47
37
29
23
29
39
14
18
76
9
29
45
33
21
50
74
34
45
12
38
43
36
40
21
87
26
8
31
75
23
44
59
14
32
10
48
59
34
22
28
24
109
38
18
70
61
41
42
72
39
32
10
55
69
44
36
46
12
12
38
54
39
51
56
11
62
61
63
76
40
90
35
18
24
9
20
51
13
19
34
21
17
21
27
29
17
37
31
24
7
32
7
20
9
36
42
19
29
17
25
20
9
18
41
11
14
20
6
28
14
16
30
8
23
63
18
28
28
22
9
20
36
16
8
36
23
40
24
31
9
19
26
11
35
26
6
17
9
70
50
27
20
5
11
6
12
24
21
23
31
16
17
13
11
11
20
18
11
13
9
12
22
46
38
34
18
12
15
37
29
54
11
40
80
53
29
27
41
25
24
73
19
6
22
54
46
6
34
14
51
30
47
27
14
27
25
35
51
9
14
29
53
18
66
26
5
34
26
48
31
7
12
37
13
32
48
37
6
11
21
22
11
11
36
15
10
11
18
19
37
41
11
7
18
26
12
18
39
11
25
9
55
29
12
27
38
22
26
32
54
28
35
21
33
7
24
18
30
25
24
13
37
11
15
14
15
23
37
18
34
40
19
41
30
15
26
28
8
19
29
17
43
28
11
21
27
21
42
23
31
66
36
22
17
11
26
24
20
49
10
17
18
31
20
40
23
18
61
16
17
15
7
17
29
31
57
30
17
44
43
10
19
44
24
39
34
8
31
27
23
24
13
6
12
39
50
30
17
22
20
23
25
13
44
18
26
8
23
22
29
35
40
16
13
16
23
26
14
26
51
19
44
18
17
18
26
43
8
39
34
38
30
65
4
42
13
11
17
27
9
17
37
16
21
34
43
8
32
16
50
38
41
74
24
47
45
10
17
22
30
17
13
26
35
43
36
28
29
33
16
22
36
17
8
19
21
30
19
11
21
37
30
28
42
29
26
22
23
47
61
58
36
5
25
21
30
6
40
33
23
16
76
60
20
32
22
56
8
14
13
19
44
31
22
25
29
14
33
33
27
18
18
62
71
55
21
26
31
25
37
13
21
19
19
24
23
28
28
28
21
34
55
66
19
21
28
57
25
20
26
18
29
13
32
24
34
12
33
34
35
20
13
28
29
20
15
40
21
10
41
27
12
36
14
19
20
24
21
12
28
20
27
27
16
25
19
18
32
18
26
17
25
21
33
19
34
11
17
12
35
17
12
35
27
46
21
41
36
6
43
28
30
39
34
53
24
39
17
15
34
13
37
24
37
28
39
50
37
11
32
17
21
26
23
72
40
19
32
15
27
20
28
35
25
14
9
24
16
16
14
32
13
42
25
18
42
26
18
20
16
10
32
17
10
9
30
26
19
17
41
43
11
48
31
15
59
65
49
20
22
23
18
31
50
12
25
18
22
21
15
56
9
21
37
30
52
28
23
39
28
13
49
35
35
38
21
34
35
19
13
32
57
21
10
44
23
27
23
16
44
10
25
16
28
29
8
26
10
18
19
20
33
53
51
28
20
7
4
42
59
34
37
48
34
20
15
37
33
57
18
31
40
59
14
26
16
42
36
19
15
16
16
10
50
26
9
28
15
5
17
13
17
62
17
56
30
44
7
57
46
19
38
47
3
24
26
41
32
46
32
29
35
25
23
23
25
30
24
14
46
43
66
35
22
48
22
14
33
26
36
17
21
18
21
31
42
27
25
16
22
20
20
18
65
77
88
33
15
16
65
15
47
34
60
40
73
45
46
55
52
27
28
26
13
52
34
25
25
32
27
20
71
26
57
46
44
25
67
25
32
35
54
18
5
18
24
12
42
21
23
18
48
14
8
21
4
18
19
19
41
41
56
29
35
25
43
28
82
12
51
6
3
32
97
34
9
7
58
25
6
28
5
36
29
16
17
35
59
20
18
20
22
10
10
45
24
50
6
6
4
40
14
3
76
2
17
6
24
30
14
94
34
30
22
23
9
16
28
47
55
41
35
27
65
84
55
40
33
33
18
23
29
21
45
29
83
55
19
24
16
27
30
19
31
34
18
76
44
34
14
50
42
73
28
37
29
15
19
12
16
11
15
31
73
53
20
39
38
82
51
17
38
27
26
19
85
29
9
34
58
28
61
38
52
30
73
16
35
35
29
29
8
10
7
28
24
38
18
40
15
68
16
6
41
24
25
15
30
20
4
3
12
43
64
15
22
14
40
51
24
19
47
13
57
21
70
59
47
58
46
50
50
37
14
24
39
67
19
56
54
22
35
65
18
51
55
40
17
26
24
50
18
28
9
17
35
9
37
24
35
15
58
45
71
11
6
62
37
55
42
41
47
27
48
49
48
26
15
68
74
63
97
50
32
42
29
39
31
32
39
28
47
27
56
32
50
52
22
56
78
16
46
31
37
12
26
6
15
13
30
58
55
14
5
42
28
6
8
28
18
54
14
28
50
45
26
68
50
37
48
16
84
26
16
26
16
48
11
45
44
45
37
34
5
30
30
6
18
37
15
28
27
12
13
11
34
12
17
21
10
48
7
6
9
20
15
30
21
27
15
19
27
41
7
25
24
14
32
14
6
28
15
23
11
7
5
11
15
14
38
45
38
8
23
18
7
16
16
5
15
33
63
9
41
36
62
13
38
18
63
41
11
38
25
15
36
10
13
6
12
29
17
40
47
19
3
17
29
112
41
8
21
4
30
26
39
20
5
22
37
16
29
20
18
39
40
7
30
47
46
27
57
26
23
22
14
6
16
34
21
36
46
42
62
42
20
64
50
61
33
28
23
76
98
23
45
30
14
45
46
55
38
19
53
61
46
40
23
86
25
55
39
23
43
13
29
12
30
54
38
34
31
18
11
29
33
14
32
2
16
27
31
8
36
34
23
20
55
48
44
52
34
45
30
2
64
14
11
40
18
34
42
42
12
46
2
6
41
44
9
28
34
41
8
2
44
17
22
31
26
45
60
22
12
10
33
34
19
8
16
11
20
26
17
19
17
35
25
36
18
20
17
15
10
12
21
7
14
23
18
13
2
48
31
56
25
27
41
37
44
12
38
23
11
17
24
16
5
28
1
38
29
20
27
18
54
80
39
20
37
38
41
53
75
18
42
41
73
33
80
78
37
28
41
57
43
71
54
69
51
20
38
41
72
33
33
32
44
55
41
15
20
53
67
30
50
65
24
54
43
36
58
23
46
39
14
89
22
61
24
53
49
43
67
68
82
9
14
16
12
68
54
25
40
29
31
4
13
25
47
25
58
15
24
40
10
36
44
52
31
12
17
42
109
118
61
26
87
43
11
17
16
50
77
95
8
13
24
17
20
8
70
47
17
4
38
14
65
17
55
48
6
40
28
3
14
22
37
28
60
48
56
38
58
25
37
59
11
19
37
68
17
9
59
60
43
103
61
18
2
69
44
66
20
20
4
64
62
45
5
73
40
4
40
25
2
64
15
17
42
32
79
87
9
11
25
10
55
45
19
26
26
44
6
19
21
30
31
20
24
41
17
24
43
103
50
49
15
13
13
17
15
13
8
27
16
17
35
12
21
30
15
22
4
8
48
24
5
73
44
10
64
35
35
43
15
29
26
28
22
45
44
39
34
27
34
55
25
66
22
38
47
24
18
14
29
33
28
36
29
37
22
41
26
27
24
31
43
37
33
25
10
32
75
78
44
40
15
36
25
32
36
21
30
27
58
35
23
55
6
30
33
21
53
32
40
23
3
26
49
22
41
9
14
9
60
27
6
91
15
14
30
