12
65
43
35
28
36
42
14
4
24
21
10
30
30
26
27
28
20
38
24
50
15
43
18
18
26
20
15
7
14
11
12
22
15
27
38
18
64
24
50
15
3
31
30
53
16
19
26
30
33
25
8
17
26
30
45
14
21
54
20
24
57
12
30
31
24
5
18
24
33
36
24
46
17
34
60
17
51
35
35
37
54
67
8
39
39
31
32
63
7
42
21
15
18
15
27
17
41
6
43
47
14
22
19
27
7
35
69
35
49
19
33
18
42
6
33
20
41
12
18
21
44
40
18
29
17
37
24
39
25
30
59
26
37
17
52
20
9
12
20
29
27
16
10
61
15
11
31
13
46
7
33
37
32
18
29
30
24
32
32
30
28
30
16
53
28
31
18
90
26
39
12
20
16
16
13
29
30
16
4
30
33
31
61
35
28
40
26
6
35
30
7
20
32
23
33
10
30
21
24
21
18
12
57
30
9
44
3
30
40
15
26
22
34
9
13
23
53
48
6
18
38
14
20
29
18
16
27
52
44
31
14
32
30
13
36
35
45
40
12
54
11
47
38
36
26
33
32
39
43
53
37
31
27
19
57
18
35
16
32
19
42
18
13
16
59
53
28
46
73
25
29
18
31
24
10
16
15
13
69
73
25
49
42
87
7
34
16
30
28
16
34
39
66
30
24
51
30
7
32
22
38
29
71
35
41
20
21
27
32
63
3
9
36
53
25
32
54
16
23
38
23
33
3
69
22
38
44
26
38
22
11
25
46
39
19
45
47
29
32
59
3
44
26
26
24
6
32
26
56
21
37
13
39
12
20
13
31
36
31
25
29
31
35
14
37
50
32
33
40
23
37
68
34
55
30
12
30
29
39
14
18
20
74
19
27
45
44
12
35
19
35
31
70
21
12
13
19
28
26
24
25
28
18
36
34
3
15
13
11
18
26
58
30
23
6
9
24
9
8
8
11
34
36
8
6
33
50
47
17
3
11
15
14
31
19
24
3
31
44
22
19
46
19
58
36
33
27
19
8
44
23
46
30
4
37
10
36
27
8
9
37
38
25
14
26
42
15
47
31
14
35
6
16
26
19
23
21
27
26
13
31
35
72
57
45
46
54
12
51
35
58
21
48
49
51
35
48
31
43
34
68
44
49
52
23
26
45
67
21
74
25
18
30
42
47
19
63
46
56
15
41
30
24
61
41
33
42
72
46
21
51
5
34
23
61
9
27
23
14
22
15
35
71
44
53
76
23
69
27
38
61
41
30
19
31
19
77
20
28
35
52
24
59
30
37
21
5
22
13
69
19
47
27
66
80
19
52
44
15
5
44
25
75
50
34
61
27
53
17
35
22
19
38
27
21
18
50
30
30
21
34
37
21
40
58
37
39
41
28
56
22
39
17
32
52
19
39
27
31
33
42
35
10
52
33
22
26
27
92
27
39
25
5
33
14
21
43
41
37
85
22
51
19
41
22
9
3
3
51
16
45
51
29
65
81
21
19
53
30
9
8
38
38
18
22
55
19
105
81
43
28
5
23
58
40
60
14
31
19
62
40
27
21
5
10
3
17
35
12
1
51
33
19
15
33
40
21
36
43
28
47
19
25
6
58
14
32
21
36
34
16
21
14
15
26
30
29
46
46
5
6
3
52
8
75
28
20
29
28
78
34
23
20
39
35
24
86
58
5
11
84
34
24
43
23
53
25
11
19
50
19
45
29
53
61
13
30
10
5
51
38
29
30
37
45
34
21
17
51
10
30
69
12
33
21
30
10
25
18
35
13
9
34
22
10
27
31
21
19
26
41
38
28
18
9
29
23
46
24
35
19
24
36
28
12
26
16
36
35
15
13
35
39
50
10
15
26
26
56
12
13
4
32
20
29
30
64
13
18
33
51
37
37
17
64
23
23
30
39
25
48
13
42
38
19
45
12
6
38
59
23
39
35
11
22
26
9
12
57
39
12
15
15
28
24
31
17
30
7
31
41
43
21
7
9
53
31
22
3
39
25
6
24
32
17
31
28
53
7
9
39
43
55
35
36
18
14
49
35
21
33
18
23
12
48
63
32
40
36
65
36
29
11
46
22
28
39
19
38
14
46
37
24
15
15
50
15
76
30
10
23
19
28
55
33
35
23
40
10
27
9
10
14
40
19
20
11
6
23
50
13
22
27
34
18
32
13
25
17
14
26
37
14
15
22
44
29
19
4
5
9
8
10
12
18
7
15
22
12
25
19
12
42
13
27
21
20
29
21
28
27
29
33
56
23
28
54
15
25
26
26
29
24
24
30
35
28
16
12
30
7
39
56
24
24
15
5
38
29
8
42
28
28
33
35
20
18
11
21
27
61
33
11
46
33
27
34
32
17
19
18
10
22
12
9
12
28
31
45
39
30
28
33
10
21
16
24
29
24
51
11
24
35
28
23
19
19
51
30
27
25
29
13
20
24
42
23
41
22
22
49
5
23
43
13
31
16
10
37
12
30
20
31
16
15
8
24
43
30
13
5
38
22
34
16
14
6
29
41
22
19
16
15
27
14
14
6
25
15
15
19
33
12
34
26
18
33
58
29
20
15
6
15
43
8
32
15
11
29
37
24
11
10
8
21
46
19
17
29
5
12
23
25
14
12
13
15
13
18
34
27
8
16
43
28
26
16
14
6
44
28
37
8
33
27
14
15
15
8
26
52
17
31
29
9
21
33
20
15
13
23
41
27
7
10
15
24
33
13
28
21
20
12
10
22
41
21
14
19
30
10
27
13
24
43
35
26
10
16
39
53
18
27
13
7
22
43
14
11
15
30
12
10
21
18
30
15
50
11
45
17
9
37
34
38
11
27
33
26
24
16
17
27
11
16
18
4
62
32
69
13
22
26
31
46
55
15
31
29
24
31
44
33
13
27
35
11
23
51
46
20
46
20
26
28
15
47
29
10
95
32
36
16
18
42
61
15
32
47
28
38
36
22
49
19
25
6
32
12
18
27
36
40
49
35
22
22
43
29
42
41
31
19
37
50
47
21
36
17
24
31
27
10
22
41
39
71
25
24
21
19
18
13
28
24
17
28
33
20
27
30
26
30
25
15
22
54
17
11
15
51
32
87
15
35
33
64
54
42
77
60
66
58
39
61
29
16
30
44
83
29
18
22
53
25
30
51
55
19
25
17
12
80
36
37
28
30
41
55
27
27
33
36
55
33
24
62
43
30
27
40
22
51
19
33
18
97
28
58
28
53
31
66
19
31
19
33
5
6
13
30
58
33
51
32
14
7
27
22
7
24
14
27
23
27
11
32
39
30
13
8
13
37
11
13
23
39
26
33
38
32
48
28
47
55
29
16
45
54
33
33
20
37
16
37
59
26
16
19
9
8
10
42
74
38
86
22
17
29
40
48
31
38
33
21
18
12
46
44
23
19
28
43
104
51
29
34
43
50
21
34
40
32
49
18
20
20
41
35
23
43
27
26
13
33
25
15
32
24
12
19
37
39
57
27
10
15
45
70
71
47
18
40
63
34
59
85
32
24
30
11
21
63
42
53
24
23
111
54
24
35
67
22
16
28
28
23
48
20
36
25
60
29
31
10
44
43
70
17
23
14
34
30
46
53
28
29
27
18
17
36
71
85
58
52
32
30
37
32
4
45
51
68
42
18
20
15
13
54
22
8
13
68
6
50
29
62
67
43
57
57
59
22
46
33
50
52
34
32
8
18
38
30
33
62
34
7
54
26
25
44
44
10
19
30
7
16
27
11
36
18
41
16
13
52
22
19
82
31
56
75
43
53
36
27
27
32
13
23
15
27
69
52
61
25
28
40
14
28
34
32
16
17
27
34
17
44
30
56
39
17
66
37
22
20
12
20
77
33
12
45
42
36
16
24
29
51
26
74
31
25
28
13
26
35
54
15
40
29
36
7
42
27
60
12
65
85
65
7
42
15
19
25
31
58
75
54
15
14
36
35
67
47
73
25
45
30
14
77
72
41
45
72
60
34
18
58
38
47
39
32
32
25
26
48
61
50
7
7
13
45
32
12
71
43
65
58
4
30
28
40
53
11
32
35
49
24
35
31
13
24
11
22
30
86
23
10
11
18
37
92
45
97
29
14
9
14
15
14
34
20
23
70
19
14
38
44
11
37
28
28
27
19
75
47
21
40
67
27
61
41
27
25
13
32
51
61
37
27
15
58
65
43
34
24
44
10
28
24
24
25
10
29
42
18
24
16
61
20
39
13
47
103
102
79
171
2
74
104
5
30
87
1
62
60
32
6
119
47
2
119
1
39
55
94
5
37
96
5
39
67
3
27
57
31
50
7
37
48
56
51
45
4
68
59
74
68
87
63
57
34
20
40
66
65
51
82
28
65
50
54
75
71
74
55
55
50
15
50
90
78
111
68
72
78
116
98
55
5
19
41
28
65
37
65
54
52
30
41
50
62
10
105
57
83
12
36
38
31
36
33
33
22
7
33
41
5
59
52
23
45
25
46
21
13
51
58
39
38
28
33
33
15
47
36
59
35
23
39
33
44
2
25
22
33
31
15
27
54
31
55
55
34
14
18
19
47
54
28
57
27
37
59
28
14
49
16
49
41
50
3
52
31
9
41
26
41
25
14
42
46
32
45
39
29
41
19
20
36
16
28
16
19
35
23
19
32
25
12
29
17
27
46
14
17
23
36
6
10
46
48
35
17
22
6
46
18
12
15
12
20
14
15
20
37
12
14
62
29
55
32
30
25
33
10
20
35
57
14
13
30
106
12
18
25
54
16
20
18
13
3
31
18
23
15
71
30
11
53
25
52
31
4
13
45
66
67
44
82
27
54
14
59
72
68
72
57
70
84
34
15
69
56
56
59
40
36
33
65
45
57
31
12
48
30
45
32
44
31
46
53
16
22
57
21
33
51
43
31
46
48
50
24
22
11
24
16
26
40
30
20
68
26
21
26
39
97
39
36
65
62
33
15
45
8
9
23
17
41
20
27
62
15
23
33
12
10
16
36
25
31
20
52
21
8
64
36
46
22
17
43
52
49
88
75
19
31
62
16
42
62
75
42
38
44
61
22
84
67
79
72
32
52
21
43
80
48
37
32
30
32
26
18
45
54
31
34
3
39
6
44
3
32
7
40
14
25
36
13
29
25
50
23
28
60
8
35
65
71
50
64
58
46
66
77
42
76
40
85
43
48
47
42
35
49
66
64
9
43
113
83
60
67
79
51
56
34
24
26
27
55
50
40
47
49
81
71
59
24
28
16
21
37
174
18
81
76
8
42
55
43
28
21
19
80
38
37
48
30
41
37
51
67
65
31
20
15
71
60
31
23
25
8
53
54
60
55
26
5
20
68
60
22
6
35
14
43
8
44
7
30
32
17
18
53
54
16
16
37
21
29
12
28
23
20
22
15
13
12
20
54
65
75
71
66
63
62
51
67
54
70
51
85
68
51
23
38
69
73
102
45
57
25
8
30
57
40
62
45
35
47
45
39
27
4
69
61
27
31
67
11
59
32
22
36
6
25
40
49
98
47
39
42
62
78
58
12
19
23
21
99
104
109
22
41
53
64
63
95
47
6
34
50
70
31
87
10
50
70
35
17
42
40
25
16
80
30
50
10
60
68
29
4
15
25
9
18
48
59
36
48
35
75
34
49
26
34
15
15
37
53
42
11
38
58
84
28
86
22
8
39
47
61
25
21
94
15
17
61
73
62
60
7
49
32
59
90
16
22
46
8
36
57
50
32
52
38
30
33
59
100
41
16
21
7
56
35
31
41
39
42
46
65
4
37
48
58
31
18
46
59
13
6
11
18
46
66
54
65
51
61
47
69
55
31
37
43
29
56
69
85
62
1
11
52
28
20
47
46
43
24
50
53
38
21
34
35
35
48
59
64
15
30
15
53
54
31
79
30
34
28
108
14
65
101
50
73
66
52
28
52
13
56
56
28
53
75
29
21
26
1
18
85
84
58
102
40
93
30
3
13
39
37
43
48
46
54
32
50
67
62
27
59
55
82
4
7
19
45
38
28
15
54
31
42
71
30
18
31
81
14
17
48
40
39
48
31
40
13
52
39
17
21
48
9
11
34
22
26
31
17
60
63
14
22
49
55
39
33
65
13
8
87
37
57
64
49
34
27
45
35
44
34
23
31
20
13
33
23
38
19
44
68
68
20
73
62
17
22
82
10
31
23
24
34
31
97
19
39
35
39
6
52
40
63
33
60
28
15
15
17
80
35
22
56
66
35
53
8
40
28
30
38
40
39
18
37
24
30
36
32
6
51
13
17
15
9
19
36
7
10
27
64
39
39
43
34
26
24
8
17
25
50
14
25
27
9
21
31
7
28
24
12
55
11
28
42
26
37
14
27
47
31
2
21
73
36
6
40
70
28
25
8
69
26
29
19
23
15
16
16
14
24
36
18
36
37
45
12
37
26
22
48
22
72
19
44
28
18
4
28
19
14
29
22
39
55
31
24
30
26
51
8
31
16
35
13
30
13
17
69
71
59
47
21
19
21
31
47
45
13
16
33
51
71
27
20
21
17
17
35
21
38
50
28
24
39
38
33
28
30
17
15
14
18
40
24
18
34
31
42
20
18
37
19
20
39
25
19
7
21
17
32
14
35
21
49
14
45
9
24
29
32
29
19
44
32
31
36
23
38
57
19
16
12
49
4
31
14
25
17
22
32
43
35
54
9
23
62
45
26
38
54
28
24
46
9
32
21
27
35
18
12
28
23
6
35
7
33
10
19
26
8
12
15
12
45
14
48
18
16
21
4
31
13
24
11
27
15
15
30
33
24
69
39
28
16
22
27
35
46
13
