16
38
62
40
27
37
52
8
2
18
27
11
36
34
18
25
35
30
27
27
48
16
40
26
26
34
26
15
9
14
14
18
27
10
19
46
23
83
25
38
16
11
33
41
53
14
12
19
19
26
25
14
26
20
33
41
17
28
54
41
25
54
19
24
54
24
10
34
28
31
41
28
39
23
31
42
29
41
23
32
29
41
55
11
46
52
37
34
65
13
46
29
16
34
15
24
28
36
7
62
37
29
40
28
41
6
42
87
45
61
16
50
14
34
5
17
26
41
12
27
24
52
44
14
32
30
30
27
29
25
23
58
21
28
22
44
14
4
13
43
18
19
21
10
59
21
10
36
15
36
17
33
44
36
18
32
24
17
34
54
44
33
22
14
35
23
28
23
114
38
40
12
17
13
19
14
27
33
17
4
38
30
18
53
37
35
36
31
8
53
32
17
21
51
18
37
9
37
24
33
19
30
14
50
24
13
32
6
33
54
21
23
16
31
5
20
23
61
33
7
29
57
13
24
32
34
24
22
45
52
43
7
50
21
10
30
31
41
41
15
34
14
55
39
36
25
33
22
38
41
56
35
34
23
12
66
20
31
13
34
14
43
20
19
14
56
55
22
52
78
24
32
17
26
20
13
16
21
13
66
98
26
61
34
113
24
32
25
35
35
25
45
30
56
29
24
40
23
8
40
32
50
35
56
34
43
16
23
35
28
75
4
15
31
44
37
48
50
22
24
43
29
39
12
107
29
50
38
26
43
30
6
22
50
44
34
46
45
34
32
59
6
66
45
31
32
3
37
27
44
36
40
24
43
15
19
17
42
33
41
36
34
23
43
7
36
47
32
27
40
21
32
55
39
28
40
12
22
22
43
12
14
14
54
22
21
30
27
8
32
18
30
29
62
21
13
11
17
30
33
14
31
31
11
35
35
2
20
14
14
12
13
56
25
22
2
9
21
6
9
2
20
40
29
14
9
37
50
51
27
4
16
11
16
30
20
23
5
19
35
22
14
44
16
47
47
19
31
14
6
30
24
24
36
8
21
7
39
24
9
8
39
42
19
14
34
32
23
48
42
11
49
5
30
23
19
19
22
32
33
13
31
39
50
66
51
46
46
22
35
43
49
19
53
46
50
25
39
35
50
31
69
56
56
57
19
31
46
89
33
87
21
18
26
47
41
22
80
51
48
19
39
30
24
69
48
37
27
69
39
15
85
4
35
15
59
5
18
39
23
21
17
36
71
30
51
71
21
73
30
42
55
50
31
15
37
13
84
17
22
32
60
12
53
25
48
13
10
22
12
50
10
60
23
66
49
20
47
48
16
10
40
17
67
49
47
68
27
59
25
38
48
32
32
43
19
16
48
24
26
25
52
38
10
28
61
27
46
49
31
66
12
63
22
31
53
16
30
22
44
19
32
28
16
55
24
14
19
31
82
24
35
21
11
26
21
27
43
33
44
99
21
55
23
42
27
6
5
3
53
22
33
58
46
95
75
14
38
61
28
13
7
49
54
38
28
50
17
108
88
37
46
8
20
54
55
59
24
38
28
67
32
35
21
5
24
3
20
38
17
2
63
43
20
20
48
47
31
38
51
21
47
18
36
4
85
19
41
33
45
34
24
28
20
11
30
32
33
72
49
8
13
2
60
19
79
34
26
26
42
67
42
35
24
51
40
45
108
56
5
20
83
61
35
52
43
62
28
24
26
48
32
35
26
61
87
9
34
10
8
60
40
35
33
53
41
56
33
15
67
21
38
91
12
54
35
42
9
25
20
45
17
14
42
20
14
42
29
47
29
22
51
47
32
29
8
17
21
54
21
37
24
26
43
26
13
36
17
19
28
24
14
26
47
53
8
16
19
25
47
13
13
4
33
28
29
25
58
23
49
32
57
49
46
30
62
21
23
44
47
48
54
14
44
39
30
51
18
15
42
85
24
38
36
12
20
21
8
16
64
47
11
21
21
41
28
31
31
32
7
35
52
55
18
13
11
48
39
23
5
41
24
10
23
50
16
23
29
70
12
9
52
44
58
41
33
20
21
78
45
20
37
23
20
8
48
63
19
49
37
69
40
33
11
48
25
27
53
16
54
17
54
34
28
10
26
72
10
50
32
5
23
18
42
72
33
39
31
44
17
40
6
7
18
42
22
32
12
17
29
63
17
28
39
53
14
48
10
32
21
15
31
41
13
22
22
50
27
23
5
8
6
3
7
21
24
6
21
27
19
30
26
10
71
16
33
26
23
23
19
31
31
50
42
53
37
32
43
13
27
20
33
33
34
19
27
29
23
19
27
37
8
48
62
21
25
20
7
49
20
10
42
35
28
38
40
22
30
20
40
34
63
33
16
54
45
27
32
30
25
21
12
17
25
23
11
19
22
44
59
62
48
29
48
19
31
25
21
43
34
45
13
13
43
59
27
19
19
54
34
27
35
58
15
13
31
62
31
44
25
23
54
5
26
62
15
58
24
10
41
14
30
31
23
25
15
8
24
39
37
10
6
32
23
39
14
18
13
32
39
19
37
10
20
28
7
11
8
25
17
20
33
44
25
34
22
6
27
45
41
22
27
8
22
48
11
29
32
20
36
41
32
8
20
21
42
53
20
24
29
11
16
31
29
23
12
14
34
26
21
39
29
20
22
37
31
15
23
18
11
38
39
25
14
31
27
24
12
14
9
32
37
18
41
35
6
24
38
44
31
10
35
48
40
17
20
41
44
37
5
44
18
32
20
9
18
38
27
27
19
33
13
25
16
27
53
35
30
20
19
35
54
16
40
17
10
23
58
15
16
19
29
17
12
20
11
39
19
71
16
57
18
13
44
34
61
16
19
31
21
30
17
27
24
11
27
23
4
80
17
76
12
36
26
43
47
73
9
17
27
15
43
43
45
17
22
27
9
23
59
45
30
45
14
24
22
10
70
35
8
121
29
28
24
18
29
78
26
41
59
35
39
56
15
60
13
18
12
36
19
25
23
51
43
71
38
27
32
45
27
63
42
26
22
28
45
47
22
46
22
43
39
45
28
39
37
56
72
45
25
31
23
28
18
17
23
31
16
34
28
30
37
39
25
37
18
17
44
19
18
10
61
22
103
17
39
33
75
66
53
81
55
71
73
39
75
39
20
34
33
97
33
14
34
62
36
29
58
52
31
32
14
14
96
47
35
35
30
56
48
28
39
54
49
46
47
30
56
44
31
35
27
27
56
17
41
33
102
54
50
32
63
36
59
28
51
18
32
9
8
11
33
73
38
51
32
23
7
36
26
13
19
11
42
17
14
14
43
56
37
14
4
17
32
13
14
26
48
27
36
31
28
39
37
51
60
37
28
36
63
27
32
18
37
20
45
60
18
17
18
12
8
9
47
103
43
124
25
12
23
46
51
52
62
49
24
20
14
39
35
25
18
24
47
96
66
52
52
49
56
27
22
39
51
52
36
26
25
51
34
30
42
16
18
9
39
17
16
32
27
19
14
33
51
73
27
5
6
65
52
103
49
22
33
40
30
62
78
34
33
29
20
22
81
45
66
22
13
105
63
27
39
71
20
10
31
31
34
34
24
26
14
70
37
41
12
32
41
68
20
33
21
41
31
47
67
44
19
38
12
19
39
76
113
59
47
31
34
52
33
4
66
61
61
51
23
13
18
16
45
22
9
24
88
11
56
38
62
64
52
53
61
55
17
57
30
59
54
24
29
5
22
35
29
27
52
25
7
42
29
21
55
47
8
11
25
15
6
45
15
34
22
49
17
12
49
19
26
96
41
77
70
44
76
56
38
31
36
16
47
21
31
76
62
80
32
39
50
15
34
50
43
11
15
28
28
22
34
27
49
30
26
56
58
22
26
10
24
73
38
13
38
43
37
19
22
30
62
47
61
46
24
23
19
39
34
66
20
44
51
40
9
45
32
64
15
73
96
85
9
40
28
20
31
42
61
80
62
20
22
35
42
58
41
77
32
39
48
23
89
67
50
65
71
55
26
16
67
30
40
46
52
48
28
43
46
69
50
8
8
17
58
32
10
109
48
60
65
7
29
51
50
56
19
51
38
57
26
43
19
5
27
11
32
37
109
33
8
14
24
51
93
44
101
34
7
11
19
24
16
35
12
18
80
27
10
52
44
9
39
21
37
30
28
79
51
29
36
89
28
63
56
20
18
13
46
52
91
43
45
19
55
81
58
34
40
42
14
29
24
31
19
26
30
50
15
26
19
71
25
22
13
56
128
115
91
188
5
78
104
5
29
112
6
67
76
49
3
129
48
2
135
4
46
59
117
4
57
106
6
56
87
4
30
77
27
55
8
37
59
62
60
57
6
70
80
77
88
86
94
70
37
12
25
88
90
84
117
32
70
58
69
86
57
68
71
59
70
22
65
132
102
130
82
82
94
137
124
64
8
19
44
33
85
39
68
59
74
37
34
61
61
3
131
58
120
22
71
70
32
46
49
37
26
12
40
56
8
77
65
31
51
31
62
20
9
57
67
46
41
34
33
35
13
65
60
67
41
23
55
41
45
2
27
24
28
28
18
36
68
28
62
56
33
16
23
24
45
58
29
55
36
44
65
20
21
65
16
51
45
53
3
54
39
12
44
20
34
23
23
40
40
33
46
45
26
39
24
35
30
15
33
10
21
46
23
13
26
32
13
29
16
29
50
22
15
26
47
16
7
56
65
33
23
22
4
46
32
14
17
9
29
22
19
13
38
17
12
79
30
47
39
33
22
46
7
26
37
76
12
26
35
117
15
13
21
68
13
17
21
8
6
29
21
29
20
72
21
8
67
40
51
28
5
13
60
64
72
54
98
26
59
9
69
73
61
71
58
70
96
40
14
65
60
67
74
45
37
29
65
30
77
34
14
57
33
64
40
49
39
62
78
13
18
48
18
39
42
40
39
69
51
58
31
30
23
28
24
26
57
35
28
69
36
39
37
63
114
55
37
78
72
47
26
57
20
4
25
26
52
20
20
60
18
32
49
16
13
12
38
31
33
17
67
20
10
68
40
56
21
30
53
45
57
82
74
21
32
58
20
55
87
80
59
60
65
87
32
106
90
97
72
46
65
21
47
93
65
51
37
26
45
29
19
46
68
20
44
3
55
9
63
9
47
4
50
16
28
43
16
24
23
65
25
30
65
17
43
74
84
62
60
68
52
75
70
64
95
39
86
44
66
65
59
54
57
81
96
8
55
125
105
66
95
102
47
57
35
22
37
24
44
41
54
57
48
79
86
63
19
21
15
23
44
201
12
99
92
18
54
61
49
48
26
31
107
43
56
76
28
47
52
54
76
72
34
14
23
80
70
31
23
26
8
50
50
71
65
30
10
20
67
54
27
7
36
20
53
6
56
9
26
35
29
17
49
61
16
22
37
25
28
20
35
23
25
20
24
20
14
34
84
90
73
87
69
76
66
69
80
63
66
73
84
85
54
23
49
74
91
106
54
72
30
11
31
56
53
67
46
46
53
50
39
37
4
75
54
26
37
73
12
48
27
26
38
9
21
64
56
114
59
35
49
57
96
85
9
21
24
26
100
121
134
23
41
62
68
72
119
46
9
43
57
90
27
92
20
75
54
41
26
52
43
25
21
83
31
39
8
76
83
31
4
27
23
14
21
44
57
48
34
26
62
41
42
33
25
12
8
39
49
36
14
36
65
78
35
70
23
12
35
61
51
31
22
75
16
18
52
75
56
70
12
65
39
45
95
20
27
56
19
32
52
55
46
48
43
32
37
68
87
66
22
29
6
51
41
32
31
45
39
56
83
7
46
54
63
35
23
40
66
16
9
11
27
43
59
64
71
63
57
60
63
53
44
41
36
30
64
62
81
68
1
14
73
26
21
62
54
36
26
52
56
38
21
32
33
39
50
61
87
17
37
14
55
56
39
79
27
28
24
109
15
70
76
61
67
56
45
40
53
10
51
49
26
62
81
36
23
34
1
16
84
83
78
82
46
98
32
2
12
39
42
28
41
52
44
24
61
63
74
31
57
57
81
3
7
19
45
37
18
16
46
34
52
67
26
16
19
77
13
22
32
29
44
48
31
32
10
52
43
24
31
41
8
7
42
36
36
31
21
72
88
13
22
61
60
43
41
79
22
12
85
53
77
61
38
37
44
57
30
44
43
27
36
31
18
29
22
40
27
66
66
72
14
68
75
15
16
90
21
31
34
35
41
42
98
14
56
55
42
6
68
38
81
32
51
25
19
24
19
80
45
28
51
64
33
64
22
52
44
29
41
55
43
21
38
21
40
53
34
2
38
16
22
19
8
20
33
11
17
27
55
36
37
46
26
32
31
12
20
26
67
7
29
25
8
19
33
7
28
25
12
48
13
18
36
41
44
7
25
66
38
2
24
79
36
6
52
80
40
40
6
68
20
24
15
23
17
13
18
17
27
35
24
47
39
48
16
35
28
24
48
30
80
18
49
26
14
5
27
20
16
30
29
53
51
43
27
32
31
55
10
30
18
24
15
29
17
29
63
68
57
50
30
24
20
32
48
59
9
32
40
44
67
35
13
27
16
21
46
18
34
83
30
20
33
53
40
51
28
14
21
20
12
37
40
25
35
39
36
19
17
22
22
19
40
28
20
7
35
26
33
21
36
16
35
22
56
10
36
32
25
34
19
44
25
29
41
30
42
50
22
17
13
52
5
33
16
34
18
28
27
45
38
75
8
20
63
44
20
42
54
28
22
48
7
28
24
33
36
27
20
26
22
9
31
10
28
13
24
28
11
13
21
14
49
16
28
13
19
19
7
27
18
25
17
33
13
24
28
40
31
65
47
36
19
15
35
38
40
21
