19
29
45
28
18
23
32
36
42
33
35
46
34
14
23
27
44
36
50
25
22
30
59
3
56
50
17
14
31
11
20
36
29
11
40
32
41
66
12
24
29
33
24
25
15
33
30
56
51
49
19
23
16
51
32
6
13
47
46
51
40
16
26
12
73
34
26
38
13
25
38
32
6
15
32
24
37
28
9
33
18
11
17
29
29
2
19
36
42
1
13
22
17
28
25
2
33
10
15
25
17
34
19
10
37
29
65
23
34
53
29
35
21
96
17
26
51
70
24
56
62
60
3
55
69
45
25
30
33
50
16
50
39
55
20
4
44
45
12
93
2
16
33
48
39
14
38
20
13
15
27
22
52
29
32
31
34
7
26
24
30
18
28
33
17
11
33
24
12
9
26
26
29
20
7
18
17
27
15
21
19
8
31
21
19
16
84
49
26
11
69
48
57
45
54
34
26
23
39
39
13
4
58
21
48
62
18
25
24
32
37
10
65
38
46
72
23
55
46
15
39
43
54
35
31
35
28
63
47
26
15
18
80
35
48
38
29
53
10
53
12
39
9
8
62
53
56
72
33
10
13
5
18
9
15
12
20
9
11
6
32
15
27
12
18
13
25
7
6
9
27
24
12
10
14
11
9
15
13
6
30
12
9
9
25
22
16
12
27
8
21
25
18
18
16
25
11
9
16
22
13
34
12
25
4
35
11
10
7
11
10
20
35
21
17
36
9
34
14
16
17
19
29
12
11
8
12
25
17
7
11
18
16
18
17
29
20
10
15
17
9
9
11
16
21
9
8
23
9
38
42
71
36
17
61
27
34
43
50
23
21
41
8
30
19
33
18
44
20
48
30
20
31
24
28
61
15
32
34
25
21
34
43
25
16
13
12
46
22
38
34
51
20
27
39
34
25
50
5
6
24
12
28
20
28
55
40
34
52
36
22
22
27
41
41
28
17
60
27
26
30
18
33
29
21
29
49
11
23
35
74
37
35
35
18
17
32
25
22
39
52
32
20
88
116
41
19
46
35
53
6
14
41
28
34
38
15
44
42
20
34
40
28
56
34
12
29
35
42
14
26
61
25
35
47
47
22
16
45
47
16
41
15
13
66
35
22
28
43
31
20
37
33
24
46
27
16
16
38
14
23
27
17
5
25
28
73
29
24
23
79
22
57
40
34
3
29
21
12
26
30
13
12
22
7
14
14
19
27
59
16
32
31
34
12
12
45
42
18
6
19
11
8
38
16
46
19
37
29
14
68
10
29
36
23
51
24
24
33
46
37
32
3
30
46
68
7
28
23
28
10
54
70
17
19
17
20
31
13
19
19
4
18
30
38
22
54
27
25
20
30
41
30
28
18
19
33
17
69
38
42
48
21
35
36
13
36
34
83
12
59
9
54
38
35
28
15
11
23
22
16
23
9
18
18
24
16
24
34
22
50
40
12
49
27
54
28
35
19
17
24
56
47
64
33
34
40
80
34
18
27
8
13
44
16
37
30
30
38
17
10
40
12
46
13
17
27
7
27
35
41
28
46
38
45
22
24
12
27
62
8
19
44
13
5
31
49
29
18
16
39
15
21
16
17
29
31
7
29
14
34
11
6
24
24
47
29
7
34
6
9
44
25
47
35
5
26
23
9
26
88
23
21
62
22
15
49
12
5
58
80
29
23
25
22
29
30
46
28
39
14
32
19
32
38
19
73
5
64
44
10
36
33
9
14
36
17
34
35
65
26
27
9
30
9
5
20
109
76
30
42
20
15
40
51
51
31
15
34
27
22
42
12
28
45
36
24
18
24
21
8
18
39
17
43
42
26
21
6
18
11
7
18
31
11
37
28
30
15
27
20
31
24
24
17
21
55
20
32
14
48
20
15
17
10
44
32
41
62
83
34
31
6
21
38
22
26
6
84
40
12
20
19
98
26
45
17
37
78
17
64
17
24
39
22
59
24
18
28
32
14
14
13
18
11
31
45
32
53
41
28
29
21
19
44
28
15
32
36
31
55
39
13
29
23
12
29
12
12
21
34
27
14
33
8
16
19
18
31
23
17
12
6
14
30
43
26
32
18
11
15
16
41
6
13
6
12
10
41
12
53
18
46
12
30
13
22
18
12
28
18
3
6
18
24
36
9
28
32
35
26
25
21
39
16
34
14
10
65
22
22
19
12
57
31
11
21
25
13
29
23
19
7
22
15
28
21
16
14
20
25
17
33
33
21
50
6
40
53
29
25
21
4
33
19
44
24
21
35
36
15
30
24
17
21
24
12
88
18
42
68
53
43
51
29
25
37
64
76
11
26
53
103
52
20
51
43
21
49
26
15
17
59
68
31
49
21
67
16
30
42
17
46
33
19
109
31
22
34
89
23
13
41
14
9
9
43
17
60
36
38
24
33
16
31
21
7
35
38
27
35
35
26
29
33
30
18
15
62
35
62
21
31
45
33
30
6
42
24
34
23
16
35
18
25
38
39
5
37
50
50
26
17
63
74
50
16
30
46
76
20
30
47
47
43
27
19
21
48
26
18
20
37
30
47
9
37
53
59
55
24
31
22
42
50
15
34
16
36
21
57
49
32
37
22
11
31
45
11
27
51
51
24
20
16
15
32
45
33
73
18
51
52
29
43
16
14
35
49
66
53
24
44
49
40
41
29
32
21
39
12
22
15
28
17
29
41
40
42
39
27
11
66
26
10
19
13
17
17
35
51
43
42
42
6
85
39
22
35
64
54
29
22
26
64
33
19
22
19
22
28
18
24
72
19
46
46
50
59
39
45
71
41
13
63
26
31
59
20
50
18
38
31
43
35
18
43
34
11
39
63
16
24
16
22
57
43
50
29
65
80
62
55
36
67
25
12
30
52
25
34
16
64
36
113
16
68
10
62
40
60
15
22
49
54
13
40
97
39
148
59
38
42
45
49
68
23
52
10
71
9
42
35
40
81
77
66
56
15
21
56
57
57
10
3
90
101
16
55
81
60
111
56
57
59
58
164
79
42
10
89
76
63
54
68
43
139
44
22
23
36
65
25
17
14
40
56
47
53
40
41
18
37
39
26
34
69
3
13
64
32
11
62
105
22
55
25
32
37
23
29
40
83
36
6
36
112
49
58
54
14
56
15
69
71
51
47
30
24
93
44
17
73
58
30
48
63
51
23
13
81
78
45
40
55
16
12
43
48
31
46
71
17
88
74
65
90
33
110
65
29
28
22
19
58
8
25
50
43
19
30
41
21
16
49
29
36
6
61
10
30
12
32
36
24
33
19
24
22
11
24
42
17
16
23
7
39
15
10
38
6
25
78
13
27
37
22
15
22
36
18
7
49
26
27
26
36
16
18
35
7
39
26
5
17
13
66
59
24
19
9
9
4
16
25
12
27
30
26
14
16
19
17
15
16
11
15
15
23
19
43
51
30
16
12
24
22
21
70
16
40
68
68
23
16
41
29
25
60
23
6
15
49
48
8
33
12
43
30
59
47
15
28
42
25
37
11
20
48
59
13
38
37
9
41
25
36
35
15
15
30
16
38
38
36
9
10
24
26
13
15
32
14
21
19
15
17
31
43
7
2
19
24
17
21
30
7
23
8
53
21
10
26
34
13
24
37
52
47
36
21
26
20
22
31
27
20
25
19
45
11
17
23
29
25
23
23
41
45
15
37
23
11
30
19
14
28
33
21
46
38
12
29
22
24
35
13
52
46
41
15
15
7
32
19
23
56
11
18
21
25
28
51
30
27
60
13
15
24
14
18
39
36
62
27
20
60
42
14
20
40
25
33
43
15
31
39
23
45
17
6
10
37
49
20
16
19
20
14
24
14
46
12
30
5
18
22
32
49
41
21
20
26
28
32
11
21
54
19
40
17
18
30
17
45
8
32
26
33
34
70
8
30
11
10
16
28
14
13
27
17
21
55
42
5
29
18
48
31
31
60
20
49
37
8
10
29
27
12
10
19
31
47
41
33
37
17
11
15
36
12
11
28
11
40
30
7
24
31
25
38
42
37
32
27
19
40
59
62
29
8
29
17
22
13
41
21
27
12
64
40
24
29
25
59
17
21
17
22
49
36
26
27
46
16
43
33
27
19
30
55
73
59
28
29
37
15
47
14
27
19
18
17
31
21
33
26
18
39
53
59
23
26
36
48
36
30
23
16
27
17
50
33
32
11
42
42
40
18
15
23
38
28
19
41
20
20
34
27
18
43
17
28
26
38
35
24
38
17
28
35
6
19
20
24
34
20
35
23
39
18
34
23
33
13
24
21
21
24
21
21
15
33
17
33
52
4
32
31
21
36
24
47
29
36
19
8
32
8
35
28
35
28
29
56
35
8
32
10
20
23
20
54
36
17
32
24
26
9
30
42
30
14
6
23
20
18
18
26
15
37
24
26
39
34
23
13
10
12
16
17
20
9
44
42
25
21
43
42
8
48
31
10
60
69
40
18
16
24
26
39
45
10
25
28
23
19
25
60
8
21
38
36
45
35
31
54
33
7
74
38
29
38
18
44
27
11
16
35
50
25
26
37
17
28
36
22
55
5
27
17
40
34
8
19
4
26
18
23
44
49
41
22
18
5
4
38
60
34
54
51
40
37
9
29
30
41
19
29
45
60
10
17
11
61
52
34
13
25
24
10
53
31
8
17
7
8
18
16
16
52
20
64
37
45
11
66
54
28
32
38
3
24
18
48
38
50
35
35
50
19
20
20
15
37
29
19
57
45
83
49
21
43
15
20
38
35
37
12
32
12
29
23
57
46
17
17
27
25
29
19
80
75
101
38
18
17
70
22
59
38
66
60
77
32
49
52
81
42
46
32
9
48
36
33
42
27
23
25
87
34
63
60
37
40
73
44
28
52
56
25
7
28
34
15
31
33
19
25
40
12
12
31
12
19
22
25
39
37
47
43
30
20
60
31
71
9
38
9
6
31
85
31
12
4
68
21
7
23
8
32
19
13
21
40
73
20
24
22
21
16
16
37
36
37
8
4
6
55
12
3
90
2
15
5
20
17
13
122
32
40
13
23
10
16
43
46
61
38
19
24
55
81
70
39
27
38
19
19
38
18
49
34
121
45
13
20
34
25
44
27
21
34
14
76
46
23
28
73
30
85
24
29
30
22
23
14
16
16
17
22
79
47
21
37
44
95
45
10
40
39
24
20
81
27
8
32
51
34
58
31
44
33
72
22
26
24
32
33
12
10
4
38
22
46
33
53
17
49
27
7
47
34
20
25
28
9
2
3
4
45
49
14
27
17
64
75
31
15
43
12
67
24
90
66
63
66
39
50
53
31
11
35
58
67
19
63
61
19
42
50
12
49
55
43
21
25
23
44
21
27
10
14
34
9
55
30
43
13
64
67
74
24
5
63
44
37
43
45
49
25
49
57
44
29
27
57
80
73
102
58
35
45
35
49
46
33
55
32
39
53
88
50
54
82
32
68
76
23
41
30
62
12
26
6
31
20
23
73
57
16
13
54
55
16
3
21
32
79
10
50
64
56
44
86
67
41
51
22
88
36
30
34
14
57
15
45
30
49
47
31
4
12
26
8
10
52
12
37
40
13
8
24
38
18
19
24
12
48
7
9
9
16
12
24
11
37
11
19
23
43
12
29
24
12
39
25
9
31
17
19
18
7
4
12
13
36
26
62
30
18
19
21
10
26
18
9
12
24
58
27
52
32
70
19
34
25
74
38
14
42
26
31
48
30
12
10
19
44
18
29
53
24
13
16
22
122
36
7
26
5
22
25
45
17
5
34
35
16
33
38
33
40
44
7
37
61
63
31
54
29
37
22
19
8
17
40
23
41
34
59
88
47
18
85
53
75
48
43
29
92
113
25
67
32
14
33
46
54
50
24
63
66
51
56
18
90
29
57
36
31
53
17
41
13
27
80
40
46
36
21
12
34
30
26
34
4
20
24
48
8
37
36
35
9
55
40
49
33
60
43
42
11
52
15
15
61
28
44
51
25
15
41
3
11
49
51
8
35
53
43
14
3
48
19
20
25
40
49
62
31
12
7
22
43
23
9
23
18
20
37
11
18
16
38
28
39
23
21
35
23
13
14
16
14
25
24
24
19
5
46
34
59
26
37
66
46
40
17
35
23
9
21
19
20
12
35
1
40
25
23
20
20
83
112
62
22
51
48
63
61
103
31
50
40
87
56
89
86
47
31
48
62
58
101
57
92
69
16
43
60
76
40
42
49
47
71
55
20
29
57
101
35
66
63
30
61
47
52
83
27
52
43
15
91
31
82
22
70
74
50
82
102
74
12
21
29
21
88
82
26
54
35
23
12
14
46
63
33
87
26
23
60
12
48
47
57
30
16
21
46
131
117
55
32
117
54
13
19
22
76
88
117
11
11
30
33
14
10
89
60
22
8
38
15
83
16
57
47
10
50
40
5
18
36
25
28
81
55
75
38
70
32
44
72
11
17
32
75
14
11
61
57
50
110
71
14
8
85
50
75
24
25
8
83
59
67
3
72
57
5
43
36
3
64
17
18
45
28
112
125
9
12
36
10
66
53
25
35
37
49
5
19
27
30
43
31
32
61
21
22
74
103
53
45
14
13
10
21
23
12
10
31
13
24
54
7
25
36
22
23
5
4
50
39
5
80
64
5
75
44
28
71
12
33
33
36
24
72
63
50
44
37
37
73
28
105
34
35
54
25
20
7
39
48
44
45
47
47
30
51
35
50
49
45
34
33
35
24
13
38
95
79
56
47
20
36
25
38
51
23
42
37
67
43
33
65
17
45
39
22
55
33
25
22
6
36
69
34
60
14
19
10
52
35
10
102
21
22
29
