0.0429785402537
0.098821681184
0.270787517441
0.379089223614
0.106136091025
0.137055914239
0.114149192879
0.096090515036
0.0
0.350601101863
0.376636375156
0.237838315224
0.103131201208
0.0591441700418
0.0699442049746
0.155699116888
0.128375614327
0.132756306906
0.10773907113
0.380560513686
0.187335704378
0.368500331244
0.194718300933
0.186001115692
0.0321036175512
0.139342365181
0.328030996127
0.0960659674505
0.0391482909078
0.481792045105
0.0768668918011
0.0437145928715
0.346654608251
0.0354797282499
0.193970164242
0.24280787697
0.137755551404
0.25362963215
0.0891273922066
0.264381709653
0.476253700631
0.0265165042945
0.0780609130196
0.315603299777
0.211015964559
0.154687920379
0.189881223069
0.185228275243
0.151496167533
0.232382469045
0.068912119
0.121685474358
0.122606077111
0.181083032994
0.113549487886
0.188308844073
0.182975134603
0.482657368968
0.129251139497
0.193308128643
0.0724780869083
0.0991925344811
0.130544622066
0.0800159756889
0.128632309318
0.0449716788221
0.035759516784
0.322845626435
0.117863309676
0.135415113241
0.105016481798
0.229252362577
0.321937263676
0.150449820263
0.0637856450486
0.145662013409
0.0461119633405
0.201204735151
0.292228240373
0.0702573872024
0.268431156222
0.309772479499
0.269734995065
0.0251604660169
0.294434810921
0.313518421782
0.23078271594
0.181754260836
0.303507574247
0.0767592496727
0.157874937144
0.200146660749
0.0334718026996
0.104344195649
0.146616070436
0.0917673759079
0.252544499957
0.0855996123565
0.0244832452754
0.440577190343
0.234780213064
0.122689980184
0.27629646398
0.106957194473
0.0624565703412
0.0645010123112
0.548710018106
0.228873391555
0.163256631614
0.134281474172
0.021001538523
0.199778552186
0.326938942474
0.235432308197
0.0353627014784
0.410116112453
0.34037532756
0.127008143108
0.0
0.297706619041
0.198869048627
0.202422801222
0.369734048227
0.0789922741317
0.312735354086
0.141705419811
0.231001198766
0.0664536397029
0.151769503345
0.0891433527057
0.125425428485
0.180750244058
0.242065073266
0.337513998147
0.0915545821356
0.173348641714
0.0402126791667
0.0490811337955
0.0390777627899
0.318565551434
0.0682309379107
0.557706895289
0.406151609788
0.0633637890752
0.152367513366
0.0795658249047
0.295240496842
0.251965638742
0.127707532215
0.173478280783
0.18625397683
0.127623059511
0.354694919604
0.166375738138
0.00687221913927
0.168250068949
0.249984840612
0.0968073429995
0.0650926077338
0.243359908322
0.137203573188
0.205132997524
0.357263723259
0.192561088485
0.0737204157235
0.249674173471
0.127711434158
0.114330592948
0.18097737924
0.161614596315
0.0560851244547
0.154135824432
0.0809951501558
0.0240308945272
0.0583767179539
0.0778792711024
0.259936807657
0.0779677454445
0.388599714848
0.0125
0.297819777621
0.0940487276659
0.11429236069
0.120894586409
0.246292293622
0.141044284817
0.101399211729
0.204181943084
0.125286185408
0.275337880305
0.299154343812
0.171137208104
0.382144145715
0.13881378304
0.129224103896
0.201649292644
0.0513911257147
0.196007488463
0.156818466188
0.107287763241
0.370309552773
0.0352304532532
0.407030722983
0.197635347282
0.0834894611657
0.080371218757
0.109890576241
0.0525560259534
0.137436935705
0.162397963023
0.294128550128
0.1917546726
0.590948280439
0.152807536137
0.189530868669
0.0664477284965
0.154561992889
0.178198760398
0.204267226663
0.0
0.0680270128879
0.259962017987
0.0628561628494
0.259906049788
0.164295337366
0.23329107683
0.461367411479
0.230238404535
0.15258885463
0.27127671583
0.237748571619
0.0342198908442
0.102536231979
0.411889946689
0.0964478726108
0.0907649785883
0.241034132032
0.220203255227
0.16319842279
0.11067609027
0.199133625882
0.880293417707
0.138757169411
0.12589949901
0.147387564222
0.209980493212
0.162322756932
0.479576910013
0.124943459677
0.0437365439953
0.113458871558
0.344232260331
0.171213495995
0.153102952713
0.547393534114
0.106482136565
0.425919825931
0.252989204662
0.0932859699393
0.0760307798912
0.0486444628498
0.112485226146
0.283723523616
0.391918779383
0.135172186928
0.10554232312
0.269336488268
0.0723316819729
0.166491265237
0.360427933991
0.131825447524
0.146374466181
0.238259604745
0.0407456189367
0.0418737047017
0.0481227902506
0.193794698116
0.0741576513362
0.354191292245
0.31221412252
0.201633712977
0.523309058543
0.114825134756
0.421711276004
0.315192204862
0.0262633191838
0.109461116045
0.0815267439536
0.0821913889045
0.244862971654
0.224537185213
0.0679873977141
0.223429667628
0.293562745793
0.0689172731369
0.211791839111
0.13219451084
0.365604234517
0.0409766756611
0.133744707528
0.0791402572985
0.3848589497
0.187358760482
0.166310679337
0.119811695779
0.260992545319
0.110043997189
0.105233988851
0.169148297317
0.308087149427
0.280694728225
0.0545448207627
0.0337035795898
0.170732975043
0.206644985866
0.19880920729
0.422286022116
0.205955635023
0.0537673475565
0.28137234777
0.194751790409
0.172445882577
0.157431766937
0.0210224103813
0.326958864287
0.108295772708
0.225139886353
0.170275004244
0.0930099227113
0.115816910939
0.388837877547
0.0985887997178
0.392801882693
0.266476001463
0.346809410017
0.29670258798
0.428700437438
0.143424633818
0.31274752863
0.158307951427
0.362893444309
0.0
0.183858740045
0.31839005008
0.299381552273
0.152761750915
0.0230112051907
0.170912863597
0.142363556542
0.255908703099
0.156633999884
0.37742591911
0.256580303416
0.179282397432
0.17291741591
0.243863067131
0.0214630232946
0.319423253845
0.376707639494
0.271343052199
0.145486160856
0.33789678258
0.348742403591
0.173009818515
0.646940883651
0.344195824431
0.279175293883
0.316830407565
0.387609126577
0.345771842193
0.327456789143
0.264581944438
0.239397084409
0.157963462278
0.065348853089
0.0698220396973
0.0497039540922
0.35659701099
0.175305518117
0.295078346197
0.0275347657452
0.107825376779
0.319763098049
0.141584458335
0.110904699355
0.363783133085
0.0952642406172
0.0824324285855
0.0381733736628
0.115832738901
0.121103846495
0.107240261068
0.360157211327
0.244638697312
0.051738524862
0.0568383271971
0.110274833543
0.195880412087
0.107534163592
0.194041178899
0.268959753502
0.333235002947
0.36256363613
0.0353417299448
0.171644502316
0.0937404130595
0.05
0.169703011704
0.341978751254
0.042608348382
0.0463658839911
0.0657294260209
0.115736149658
0.127674276423
0.345246452113
0.0
0.0626796010445
0.282582578237
0.0162448355301
0.0346667903041
0.0
0.0932829133114
0.25991522084
0.307883309375
0.104086650073
0.136724428412
0.380083739552
0.0681592127585
0.190963593078
0.223000470113
0.0
0.0510887641151
0.0399628326485
0.0850250662518
0.260753623874
0.0453703606759
0.218351589579
0.0
0.0392160703402
0.296981928208
0.18352262576
0.0776141923654
0.0626384607139
0.138544461267
0.23723048501
0.329519403691
0.230047766268
0.102089050936
0.112898347469
0.280357199883
0.173083418278
0.0458640924004
0.082053652547
0.320502757355
0.0267077379024
0.169323061178
0.349681212932
0.201128808552
0.291588636382
0.00680557574576
0.203913262945
0.238957084497
0.0782888959243
0.0434414443251
0.10601750745
0.0844754189704
0.2302095574
0.359217125772
0.166812682139
0.132055634777
0.0610375935453
0.0815662768008
0.0273909396618
0.558313255789
0.0891255300416
0.174543517129
0.22659529436
0.048189086307
0.093942447981
0.137375833237
0.0402526443127
0.18156459032
0.159485877403
0.298463878268
0.368087460145
0.308827817018
0.12185552197
0.236301476095
0.0753475664406
0.168925399427
0.298274702272
0.117142221587
0.252655928676
0.320016337141
0.226125687573
0.232328708176
0.299486984031
0.271960782303
0.249603710782
0.420907299522
0.235802990692
0.122701204109
0.0774218055545
0.281984474532
0.232136095305
0.166458799867
0.173618083005
0.0842108362225
0.29405856582
0.0402163480713
0.329384463562
0.0545909668204
0.284326206913
0.120015494677
0.426900549183
0.337410103588
0.266435575378
0.216096525598
0.138892149553
0.20947115388
0.0365157240321
0.0862525669461
0.317694839063
0.423007689471
0.262113571089
0.08920435529
0.148884665805
0.157736355456
0.171871592705
0.267287464722
0.0624479738048
0.158688932298
0.244519932672
0.136288434458
0.202817306038
0.202053805497
0.15482787254
0.281200076476
0.351422277311
0.0689570687555
0.0838548000757
0.0696864714389
0.224967687504
0.229294452711
0.092916397186
0.341024220375
0.1513602506
0.041186503056
0.307825112881
0.176717504847
0.0374163717617
0.103764724987
0.128265521442
0.294289221949
0.0499402515862
0.212764834416
0.122536283298
0.181918925168
0.043569846498
0.198011412958
0.075972010958
0.0661048551333
0.226609783431
0.242469252623
0.0865943196759
0.172372441823
0.274369396138
0.0
0.180576288344
0.0424077638433
0.140806037082
0.0750467353712
0.124856052932
0.26128029475
0.251604109998
0.260363329685
0.414658977644
0.321583685524
0.194748832834
0.0568995129993
0.218969517671
0.165083334455
0.0271596363172
0.348392847256
0.196318328055
0.105524754976
0.246069031159
0.260118836712
0.133073137131
0.0644337906971
0.225411372733
0.366157654609
0.125556962306
0.103207260543
0.300783162956
0.135866757262
0.0296157477406
0.0747215920032
0.0734656748784
0.162659212084
0.091623132704
0.162301192675
0.226730059972
0.117066533646
0.238249079123
0.359284875886
0.424974246857
0.154349797962
0.176707111297
0.191260292621
0.152125320946
0.0386383220955
0.21623203984
0.157211290934
0.357078297969
0.288365645479
0.365737685753
0.437742796911
0.11742544764
0.280826621036
0.0713897934409
0.281614454175
0.0936322032977
0.293758022763
0.24711221929
0.141063922389
0.256682995025
0.106624848452
0.209838275733
0.186027584343
0.168381827454
0.294227744639
0.382564117522
0.406401817809
0.139348123545
0.0639912694552
0.316655952692
0.25900293848
0.333191844623
0.0878111610578
0.244285669036
0.0993418183632
0.144511974065
0.172322913123
0.0999578759421
0.0081116010356
0.363157921864
0.14746465857
0.0973549671756
0.08506221664
0.100347796453
0.219140520494
0.275031270608
0.227742708427
0.127825725434
0.379584226558
0.163829751635
0.17053833205
0.276275467558
0.215287161426
0.164665123211
0.047756290754
0.161231067297
0.151527221716
0.414592067374
0.0679296104157
0.243175061259
0.0957701078037
0.16270041126
0.184141720561
0.367440217088
0.083261119369
0.410980158978
0.137364330144
0.0732373656451
0.268820296583
0.123137749022
0.0987033355799
0.0761595463114
0.20536146318
0.230722414248
0.163683730882
0.114513426963
0.198980154732
0.0412445746493
0.0960055320513
0.104900984623
0.116746779229
0.355360180978
0.0355274921581
0.142790917186
0.215806113676
0.297002886733
0.0866111419435
0.471610976695
0.251499505686
0.26693151601
0.104373756859
0.288855770366
0.186387929934
0.114490882136
0.260663529912
0.186693821556
0.0377083366773
0.0810490539235
0.294080124956
0.0548678346859
0.237964748881
0.350657434568
0.253271775516
0.183660889835
0.180341646553
0.0335484241615
0.0347133541973
0.244901708131
0.179242384673
0.160035820065
0.12451066367
0.179735595574
0.270505828092
0.105047790395
0.0127507364373
0.0909795989569
0.197567246588
0.0888076181476
0.105341170167
0.156745137765
0.247194163747
0.0878684401802
0.0785050921656
0.229229881768
0.105480324109
0.122539676762
0.0354674063889
0.238987229881
0.219028923431
0.248631015114
0.199256610854
0.092312564563
0.026630579784
0.0865358340179
0.24388519363
0.200110679556
0.131027787718
0.0961066992555
0.0877125721215
0.247814935105
0.223378999711
0.111517871982
0.167814977327
0.10660667219
0.161324791299
0.0611153216592
0.296532652979
0.0852963441018
0.162549684115
0.106431688962
0.137607971306
0.361128443088
0.0248257088054
0.245342837667
0.252579640428
0.149608506534
0.287145625828
0.283316553454
0.135240934653
0.092069767156
0.28492715172
0.0604406324542
0.0603546666259
0.25368574569
0.0846892874846
0.30321460557
0.195409273086
0.135531510537
0.114501362759
0.226937601607
0.0279318801701
0.190442077304
0.11459760599
0.484146312807
0.110340237305
0.477048601234
0.36269731776
0.0986744196177
0.0459785730857
0.235138076872
0.357223986573
0.0719012706052
0.0916021932736
0.434037794407
0.231163041095
0.31032032826
0.0777888830085
0.15206572629
0.276854209988
0.156246136962
0.153972431024
0.107731675736
0.0912933654326
0.278799927732
0.240691766043
0.0533086348227
0.0737664332829
0.385774996285
0.200380540673
0.158102403416
0.275091479365
0.162888154657
0.0687100080596
0.106768000389
0.161994401175
0.0352385094264
0.152382214823
0.445182668929
0.0
0.19886043048
0.145444776574
0.0962598907843
0.379003473007
0.0417812984027
0.0711231054236
0.0
0.249644233588
0.066542442391
0.299413565159
0.240359034107
0.365839287574
0.062405491543
0.0854196316358
0.218211015487
0.298131141983
0.109222546545
0.295882792499
0.109041021298
0.149692733991
0.0522378716458
0.175906109718
0.297680139794
0.130554618681
0.127499706837
0.0854312560676
0.111999326402
0.0994782319818
0.165781637233
0.146828934154
0.38676565996
0.0793331466229
0.502649895156
0.264536105834
0.184453292726
0.168553617777
0.26838813165
0.0855281739631
0.0660896910494
0.416479683339
0.316173152143
0.0218049760436
0.0804636013432
0.236515750116
0.435746290379
0.00721687836487
0.407308420147
0.210988228685
0.205499212513
0.108641506806
0.112380984931
0.0869202390302
0.10828968657
0.113439498782
0.110880878998
0.194319969038
0.372973854907
0.117874083667
0.378002036291
0.0864821741028
0.156189266183
0.338916884107
0.283535427692
0.17874742133
0.121438618316
0.12629170193
0.0538397954036
0.0740723511283
0.131525272039
0.0995426877046
0.254164063836
0.105129548013
0.159912648112
0.29421112297
0.0304920093156
0.157514481493
0.307443472482
0.171727343384
0.211783597188
0.34147527866
0.057617893257
0.0168932598479
0.184547592815
0.185874563004
0.170803419453
0.237007408267
0.172073516885
0.0439722883334
0.225535869604
0.225250217587
0.165828882561
0.259480253799
0.356253945229
0.0716285875412
0.189589136932
0.219320009533
0.160613901687
0.0420942585133
0.202784885197
0.413984952521
0.116188302985
0.217613322463
0.0761540468342
0.100848699083
0.0856819933542
0.242795837221
0.174610454154
0.148079190357
0.0451647423822
0.109812283404
0.165654963445
0.0613074545087
0.352039040488
0.199571926073
0.037546560824
0.355931633828
0.160578734193
0.129365373029
0.113649923721
0.0958464984819
0.347007133979
0.266157721549
0.114557165425
0.208368422188
0.148542355188
0.0411218671607
0.0
0.0321353163412
0.170074106672
0.24317422247
0.290427112181
0.0873878665299
0.0
0.14108072238
0.0575039751841
0.17967917786
0.0938234758786
0.212524342324
0.136979442746
0.208047262407
0.276210417223
0.0308329982468
0.315488660595
0.128288543736
0.0836794282489
0.279828296468
0.250409452849
0.034251541481
0.086350165139
0.171881494736
0.136965534473
0.0652758349725
0.127361359521
0.0215129157612
0.495252628477
0.774019856644
0.0474897303532
0.179065098891
0.161782427706
0.23386092728
0.103493838212
0.304217617374
0.258996770486
0.4295396775
0.164805619549
0.369673432665
0.459445915289
0.363859117149
0.0774566354779
0.0985585164869
0.210123194938
0.115400348069
0.278440213974
0.14393586651
0.256629657068
0.25553365603
0.287812863722
0.206796525857
0.39291881413
0.31197565579
0.109432416481
0.335300661138
0.10665377493
0.0923540757646
0.282888485052
0.228842540648
0.184443215806
0.158388466657
0.114923764069
0.141419738182
0.121838841348
0.0955582138446
0.199358698106
0.335851319216
0.257903345221
0.170355561086
0.15920209313
0.22279555131
0.0363270925382
0.111907717767
0.039359767275
0.451781367806
0.249693688705
0.119770355849
0.26206661717
0.266865334316
0.0827348784189
0.177405879557
0.138202621748
0.179932749556
0.096303873276
0.271895598101
0.288258347017
0.126616479325
0.255134843293
0.121251714083
0.187311548757
0.15307025864
0.251055695385
0.160798813222
0.278102470445
0.332549528145
0.280022934255
0.0918654850467
0.0746349147491
0.112982179782
0.276218841728
0.0674610764195
0.345563231867
0.0857794857896
0.176611727644
0.0977554491172
0.42845409085
0.146870914553
0.102255991551
0.142188796745
0.348975645633
0.144968908353
0.081722068002
0.17184632696
0.0934324811017
0.173128392853
0.075971633716
0.25586039296
0.257978119751
0.610116698003
0.206387798325
0.142387568502
0.0511257992512
0.0974861655225
0.100149022037
0.25688394436
0.13426510174
0.125463507394
0.22078123454
0.116152115032
0.0895722572878
0.0395692085172
0.0440498518508
0.190411758197
0.20373312321
0.18873815978
0.222980467635
0.0377943208173
0.029161389491
0.242332986788
0.0774968684852
0.274026892758
0.179555364292
0.0525435473954
0.404702866301
0.101876956631
0.0633949776485
0.354836624188
0.0396255009416
0.101509077969
0.0449791592734
0.0993778738115
0.0716871249077
0.228008156062
0.0437581670128
0.182388810652
0.0803363144012
0.096986940878
0.0233564926269
0.205720290654
0.384664163067
0.0502480356565
0.189060144057
0.0533615212321
0.0718269212117
0.00684397816884
0.0411986664797
0.0834123770532
0.0201047816878
0.0590493085809
0.175481948189
0.103407288035
0.27988042693
0.0255573423892
0.0363928078753
0.0
0.125695437739
0.370353118228
0.141316343687
0.0718677510043
0.123263503881
0.0551333526616
0.0616144882226
0.328854323643
0.513081955262
0.115847226122
0.0780714108406
0.155319469957
0.178304745835
0.0901056155745
0.11268301809
0.0488327092725
0.123236132899
0.391530930538
0.126551289258
0.0367367197767
0.104824672467
0.095114002901
0.0915503863895
0.177090867743
0.0
0.306549038995
0.035713623298
0.166555052017
0.130556469464
0.0428592418161
0.169545383308
0.206306183791
0.0665562216389
0.0788193425576
0.212994340267
0.104823667999
0.0623602660357
0.117246872067
0.0134914309893
0.0526015466539
0.137209819679
0.0560162700543
0.111174528782
0.199703091062
0.33310540664
0.0466442111347
0.137560037097
0.221344630582
0.110198572857
0.121448089415
0.618695815151
0.308527602605
0.148117144828
0.117551523298
0.176733291282
0.12188967056
0.240374419839
0.0846095036454
0.120936470703
0.328700391966
0.439828213581
0.112732931936
0.0982569779802
0.132800051012
0.353727521412
0.101396303589
0.277831187732
0.236502666883
0.0662473380591
0.158089406412
0.0414774077032
0.0998093370134
0.0315224638233
0.150266140384
0.296824022849
0.0938425883901
0.211635960763
0.0973662745207
0.129589426074
0.0533696576936
0.316356493222
0.026805121405
0.038992025918
0.0466340890773
0.14135978961
0.0326222453366
0.163801266127
0.290469407716
0.0611033457592
0.0640577177592
0.187514477044
0.146960399643
0.073421116098
0.0273917084753
0.111802184854
0.1188132782
0.176069082638
0.148135000133
0.333909760086
0.446209030451
0.142315824381
0.068698319148
0.14911173866
0.225367164262
0.13034441444
0.114914503402
0.344433156966
0.0555335359418
0.0873340811535
0.178764878031
0.0611317736422
0.0960468743143
0.115909602498
0.0654941759387
0.167613528013
0.2117464703
0.0868409641733
0.169709817793
0.260135319677
0.109968745832
0.181424430922
0.372814009573
0.264364668766
0.0600774862188
0.130583055533
0.223833870045
0.208527723871
0.185911888247
0.0363034477
0.330682027531
0.585075659515
0.12199708637
0.387642286902
0.254208511754
0.0840638118816
0.0351938800212
0.599936010496
0.0529397444691
0.082758586616
0.0578239033305
0.312517696727
0.181576896321
0.113345947207
0.659209085874
0.453778577142
0.0573973315419
0.1144328597
0.529001835538
0.345139469015
0.316314777413
0.448876908274
0.187384997175
0.0511641285102
0.186703867705
0.307415758599
0.159310020103
0.120327973236
0.136900161685
0.27387122818
0.0744836172755
0.355028866469
0.187913569941
0.343533023125
0.457284351931
0.205578854434
0.12056965017
0.0583775679117
0.203024453486
0.118435982178
0.27638952821
0.354277522526
0.685628769354
0.230590046555
0.180364489746
0.163337315805
0.0355454678571
0.0845054752236
0.11248071523
0.0991030949497
0.0407081678149
0.288290786631
0.169807388442
0.0446617919945
0.292235633096
0.43496977574
0.344363735895
0.19931448552
0.0214640824291
0.258245844206
0.0312111315528
0.0782069508205
0.0348551352949
0.0785485093836
0.111495286643
0.109667618848
0.219177639653
0.157386987842
0.305382489434
0.0795790031069
0.0464857795671
0.154241391764
0.458624058995
0.261736977093
0.24202869879
0.0820637735463
0.246431981385
0.153548832121
0.129879061462
0.118388844535
0.268518036771
0.262936421115
0.0761862082546
0.0958137242624
0.181982460534
0.146692783345
0.226913373104
0.337426900839
0.0814702762609
0.146243511283
0.198872621013
0.170619426314
0.300794627281
0.0931415937686
0.215136294953
0.207076738326
0.185662910711
0.130071493724
0.390180079226
0.167331769734
0.310331101283
0.378313864015
0.157501526397
0.0423457935436
0.321891965676
0.431569847633
0.123576540425
0.109731298628
0.0933212332877
0.377320126837
0.411180217789
0.189745978724
0.135036679644
0.0251402297131
0.320971017685
0.183712332148
0.243444435584
0.0562590888541
0.247318948278
0.123474749539
0.203270807389
0.241140360771
0.216026759198
0.260320353987
0.323401480955
0.32732048514
0.334894646747
0.135499385436
0.217882208909
0.100802495585
0.0910663889651
0.258819013037
0.240760262332
0.253613620775
0.111428025474
0.285541574055
0.0470945691563
0.395209351144
0.520470529347
0.19029234246
0.205770500024
0.11313727007
0.0761039755455
0.14958479018
0.258788125872
0.576987232212
0.371559439554
0.575265486817
0.208322510588
0.199898636805
0.417344946436
0.260679287427
0.345064111413
0.0872320167377
0.358101575243
0.290298373704
0.360194935585
0.0695882022499
0.195602633637
0.532028032557
0.17520577308
0.427899538903
0.0356719140421
0.416477047707
0.0373072194267
0.105182551069
0.286038404026
0.19578000579
0.375260311682
0.220104054629
0.267398984953
0.117171102618
0.25986311114
0.281305743085
0.306242475529
0.077716235115
0.367626463618
0.0513575061569
0.25418124968
0.276449509085
0.280636488211
0.00938146759019
0.0139197921289
0.666993644815
0.116350574257
0.218237909378
0.126441687258
0.262562817947
0.139332336586
0.315875729422
0.0
0.0956983321491
0.0277006101715
0.0668868251568
0.0842451493742
0.0416257258672
0.327692967044
0.521366398698
0.187236366941
0.034024448997
0.378375162944
0.124033921355
0.267136822509
0.185791475301
0.112744706933
0.0820810733324
0.313057366464
0.122775770105
0.0321660826102
0.211058184315
0.418537026259
0.433648711399
0.337450608725
0.0604682840364
0.179712635087
0.193058573409
0.062061732366
0.141460850053
0.0558886753979
0.360292781447
0.399833255222
0.172361220444
0.218443561848
0.305536065479
0.395402818523
0.0393081322285
0.286000040509
0.112841652096
0.128728991554
0.261137925086
0.104644911347
0.0
0.0800333247498
0.144580100421
0.171399477995
0.286037656931
0.0891771205458
0.265389561027
0.188360541287
0.222523706833
0.180684173873
0.0386456412637
0.203371841876
0.285642905074
0.265560573532
0.21601169228
0.25682475719
0.254219975216
0.0658838006944
0.165459366712
0.442599930156
0.147742943671
0.20275901236
0.222390201561
0.0550043950537
0.0946227667827
0.110334660218
0.163074679948
0.160546315964
0.129751660822
0.106095559828
0.258738233085
0.199014798523
0.488648923222
0.422838319319
0.148597028185
0.173659643179
0.40714515866
0.329633426384
0.442202704956
0.16693702759
0.394461461897
0.270696486219
0.160827931907
0.265326059232
0.310589623444
0.192278448057
0.426630778703
0.198397334221
0.444808046213
0.379133190713
0.134321206275
0.102418976809
0.428066122282
0.0937763282507
0.414765281258
0.339786987869
0.286696608835
0.224175356037
0.581495892141
0.162812196461
0.227474822894
0.172409112298
0.231172770768
0.299605783344
0.276649589266
0.309597983811
0.361988327516
0.673022776066
0.328675690716
0.162455358713
0.160684561009
0.383686077354
0.164909913061
0.054899874256
0.341477087758
0.290583255025
0.142167712205
0.258720975378
0.36458861988
0.0316729354593
0.189635427589
0.382175846433
0.291487564901
0.0430675442958
0.260681396992
0.322810994822
0.302390112472
0.205495168772
0.163769971937
0.427198789659
0.0820984830305
0.301208532576
0.271930761525
0.13174861356
0.397016318188
0.446999282958
0.321902109504
0.0479520824736
0.25181938989
0.434944108674
0.257521361682
0.0481816147647
0.257435896405
0.037499060513
0.0840213609613
0.131617503909
0.375210140162
0.369056473785
0.320803297237
0.133026808768
0.257610961152
0.0680627600518
0.0676390938602
0.179214503993
0.135925951495
0.220853571041
0.281843402002
0.258542318175
0.0711838615878
0.0720897617857
0.330458201614
0.150540401633
0.035974989952
0.13104456018
0.212186468606
0.299447860485
0.198011874129
0.116268152152
0.0396914324812
0.084078915703
0.127281303728
0.112371866472
0.100376649432
0.110131428007
0.222242719925
0.159776721424
0.0851204544128
0.214110961152
0.08480882425
0.110564600606
0.131403363093
0.275001974248
0.223525104855
0.273357436995
0.344859790965
0.261909866689
0.164942096322
0.293104970362
0.266674463435
0.420747635428
0.324279579946
0.179309029471
0.033550983819
0.130445464524
0.175421141036
0.135971908551
0.114913429845
0.304829286431
0.139788667155
0.0406000464299
0.251275954663
0.239565287425
0.203955110807
0.0949925728031
0.268919174776
0.118014723346
0.458451111862
0.151122253305
0.0
0.0978081838639
0.164595783742
0.277418373811
0.0845046473181
0.0986053348221
0.0935023114835
0.510267933466
0.0208630784103
0.343070251232
0.114519969462
0.147871713063
0.395913909436
0.287769866126
0.241015634361
0.206330468105
0.274530305094
0.409064197066
0.581629301599
0.317674599339
0.272177979105
0.173276795036
0.1755931303
0.127053486942
0.0596337073017
0.206527843544
0.161253817104
0.278458062085
0.486265941075
0.104161431648
0.155577395949
0.239757483156
0.0802265570419
0.270359384198
0.0876955161673
0.0937010879403
0.0230917441441
0.0398222481099
0.0980980127179
0.31150334516
0.339474013881
0.21519911837
0.159052428898
0.557451076478
0.23366981543
0.30658625917
0.181839915116
0.259167263123
0.0826910102978
0.0741165221041
0.443413294346
0.0944270648601
0.349989279251
0.10673424451
0.169025431879
0.110556126156
0.223078530017
0.0984399694036
0.148225063121
0.110519755098
0.102959053142
0.109701559138
0.401903290706
0.184845778956
0.202296971056
0.543575589978
0.340111184974
0.176155125419
0.0411737916819
0.362739462505
0.279219444655
0.484201658432
0.298105968255
0.432003470432
0.139012116992
0.0186044442892
0.25692168995
0.0772676051618
0.172220779452
0.275981801733
0.225474923611
0.29321653153
0.281607927524
0.552618348843
0.454216662298
0.145293648422
0.49266924042
0.0451723083197
0.460531811955
0.346956375608
0.286200227696
0.301712731629
0.126553766426
0.141924141697
0.499123834203
0.192607591589
0.42147270587
0.100616836726
0.309233369319
0.188817652969
0.119560287788
0.187301966512
0.047550840937
0.236397220643
0.197058093628
0.452984238474
0.249703132232
0.172140670902
0.297065064046
0.172685126426
0.100785326346
0.174132973065
0.108539407127
0.124456863845
0.228765752556
0.281032836083
0.339017318624
0.154880458882
0.455924766221
0.156426224099
0.230872409101
0.115462175966
0.309058548571
0.118218936927
0.0790874265865
0.32732426903
0.0886695540481
0.00743254446877
0.231492227387
0.382714463116
0.268390692453
0.307894130227
0.148998494626
0.372678046285
0.296231486749
0.254197013548
0.431396412551
0.0480093125712
0.254535888407
0.319671388953
0.270911431444
0.09568315004
0.204227514233
0.186557945644
0.0216747451408
0.0346567652902
0.112351042304
0.387445929752
0.130214271193
0.300552383993
0.405997081411
0.330077341726
0.0712118038611
0.0975287474745
0.0810765579883
0.32642904907
0.144183932101
0.266767313094
0.497567349355
0.270936726325
0.0532912762511
0.223583513887
0.0270680608954
0.0138930226496
0.148551393778
0.120201729664
0.0679138965759
0.147232922864
0.0932023632488
0.0139537152164
0.249794392367
0.163395709707
0.339766057322
0.32630999754
0.0449243734365
0.0575168302634
0.0951506504162
0.0345758362901
0.369096440699
0.183890612589
0.432276208707
0.133808507413
0.25650102189
0.102167638299
0.201008650293
0.43286379346
0.299738814248
0.324831817148
0.0251384474618
0.0793934489006
0.271004255172
0.134170669246
0.343567885304
0.199844607123
0.0776431924615
0.206146345015
0.21630954174
0.233235775237
0.217578329571
0.126035050732
0.342079977561
0.0573001732346
0.0515469692738
0.0451715312451
0.0987583189153
0.383701846443
0.0551266404342
0.102648846052
0.162847624491
0.0533078689765
0.294213001505
0.0749716758858
0.326856412267
0.207016635625
0.167833664415
0.0538138071269
0.361601921898
0.317644170384
0.179063855844
0.266055470945
0.348099072327
0.0515427668333
0.205167067387
0.252020347157
0.0
0.350527471016
0.172934555823
0.0
0.180428269849
0.201938796617
0.272868657807
0.0167185076244
0.392459593353
0.153964151005
0.05
0.301970648018
0.0125
0.282509796575
0.368132780378
0.347946304738
0.0255573423892
0.240811217587
0.256603259807
0.0278347269061
0.369776174391
0.271340790867
0.0
0.355227102911
0.395616464654
0.42927120215
0.330829464692
0.159848835713
0.282555565235
0.333827221023
0.271279976148
0.263487331469
0.177763339909
0.068210356302
0.187513547421
0.141980822222
0.286071084383
0.201535236397
0.233643595455
0.294187868121
0.2552674213
0.203329806853
0.290995775813
0.526221481645
0.179720420587
0.398528650572
0.292021242478
0.317497482689
0.444242256078
0.287282129657
0.34191678565
0.459303927987
0.463813225576
0.360276068025
0.339623826678
0.26332481812
0.314158004159
0.0896459565782
0.116635219835
0.329100087216
0.218588454592
0.395789674157
0.273330040994
0.16242676905
0.226555114045
0.229535139389
0.244918102993
0.317123316059
0.317740199617
0.327702166328
0.393676234889
0.274075077781
0.25699210907
0.437162084076
0.30454799343
0.178863617981
0.201541846306
0.257988844423
0.261680192196
0.185715405582
0.440292365299
0.296644337001
0.217111522202
0.278329708616
0.337452630272
0.242205173059
0.0506279540242
0.175144150571
0.348031930859
0.31482292896
0.0608439883671
0.237384583587
0.134179140593
0.233294066402
0.085641465152
0.227006315802
0.111762962121
0.0468644491635
0.176419847863
0.146341261207
0.273459799918
0.197864961942
0.114502600416
0.139745976679
0.278299200658
0.289872217426
0.260760679419
0.20840670538
0.343180118498
0.261840466238
0.445202021144
0.498844851518
0.438223018171
0.224196254358
0.39496777728
0.379068300946
0.148084677924
0.252910228773
0.507554077902
0.270895580607
0.392383983144
0.237694405395
0.0200091512613
0.248758934854
0.523061563306
0.214787020963
0.332196487185
0.174020975831
0.33586688746
0.357453905278
0.252112875554
0.243582715574
0.319778045442
0.496301449297
0.0308678804665
0.184556017097
0.391909662374
0.288425514837
0.202355273698
0.0939926266453
0.149652787204
0.0929824048733
0.236796260337
0.267340954609
0.154372841195
0.172802415607
0.176207537004
0.157660422683
0.353464347872
0.291219376854
0.508690623119
0.0422758500137
0.539038205734
0.557916791732
0.101734075283
0.481936401733
0.439221285548
0.432902112633
0.194733992905
0.474591796224
0.446154004874
0.157753014637
0.347877857413
0.286251326315
0.181317247963
0.138327826207
0.322936109314
0.213993899867
0.218873548097
0.373758827514
0.15781594354
0.0393093295806
0.287086329467
0.145172839714
0.497673366246
0.417687513659
0.015499063497
0.302323696978
0.385206809967
0.0482256742443
0.306499443855
0.370835988701
0.356159940831
0.24044448055
0.0810380821951
0.492325621324
0.355024966114
0.447202434321
0.148223510978
0.0
0.56213296436
0.240255440252
0.290619645903
0.190056172929
0.18949630793
0.0488571372875
0.296408779674
0.263804017668
0.273225698159
0.103619083958
0.0665574749582
0.167241913431
0.0887838827155
0.28302875346
0.216510521561
0.232964352096
0.305898431702
0.0877912229971
0.41861956183
0.172706673645
0.436859426305
0.131583478789
0.199418302222
0.250625544115
0.434662655628
0.180400328963
0.355200194737
0.368088531808
0.199338707684
0.274312446383
0.350468784498
0.210605506027
0.281752633574
0.112910958255
0.475241369636
0.339546941699
0.179923019148
0.0755612654075
0.525640347822
0.267055356387
0.0388418629756
0.0
0.414118499756
0.289715191802
0.110975980666
0.254764091599
0.264067720876
0.160868671443
0.098245304749
0.2465791879
0.0834052864722
0.396619306103
0.373176706917
0.0605112051907
0.194404710648
0.321242470716
0.332196984604
0.342445882111
0.161833800402
0.313707150247
0.216812107708
0.38145947402
0.29335249347
0.330473047825
0.161881359883
0.279668939916
0.472154782736
0.30666807045
0.211656070369
0.295754179462
0.355665948248
0.190926897599
0.24635281121
0.241550772141
0.357537963327
0.362312977847
0.227562077009
0.483775252961
0.198547665994
0.348860740231
0.249468758172
0.260756844903
0.242370117268
0.405824271405
0.272721268887
0.235424676672
0.309781724967
0.182027609021
0.420078967824
0.190356174139
0.486787200914
0.270299445132
0.174882749849
0.225210489645
0.344748543003
0.136870698254
0.110995092606
0.363264960625
0.28545726875
0.257789963412
0.217168212619
0.274818081231
0.370038979482
0.234380739977
0.262482484858
0.0305589368679
0.265145967812
0.14579436059
0.239154011784
0.109480642579
0.358842841305
0.107985693414
0.235701107731
0.224946837516
0.184390911276
0.178671707929
0.162401330337
0.265707450222
0.268026241013
0.551390380165
0.178406982563
0.229122609958
0.402718237953
0.182765912307
0.0804297732551
0.0804364523435
0.194759900019
0.0950194439941
0.243345351686
0.136833563702
0.187105489555
0.38430278707
0.342508170959
0.274267395
0.182190807951
0.109342623018
0.169629033712
0.174083200697
0.0825099507346
0.144295982397
0.208247148845
0.14088857559
0.121078576899
0.136861171905
0.127495979872
0.222273231817
0.156217933881
0.251842254076
0.304405289346
0.125464543139
0.0906242003254
0.328927599979
0.0990530952107
0.212516100195
0.295524233968
0.318031246871
0.07100192549
0.198316526537
0.448717285534
0.0849251952861
0.299031316749
0.287325474051
0.254209401548
0.278191036593
0.226875762313
0.104281634568
0.260831508839
0.117799319418
0.336244124393
0.148078476357
0.183286618722
0.0713919245115
0.310228856836
0.138177820293
0.0513839367479
0.214603110904
0.279820411625
0.328279222881
0.277371480177
0.281459556173
0.127763930614
0.165363233148
0.0962015196351
0.200870654973
0.325837723497
0.234806855034
0.353630020482
0.0895846671897
0.0420448207627
0.349327494078
0.031533615572
0.127475199841
0.0210224103813
0.308361482983
0.200748312181
0.338903002983
0.0749675349951
0.100481340539
0.097642538013
0.0559038420531
0.135187894529
0.224138042574
0.320312606943
0.104714678228
0.26481601105
0.185520494755
0.0395935367365
0.192193198719
0.262986295527
0.276631280019
0.393949304026
0.0891371906996
0.112143044839
0.35548556355
0.453662790656
0.324560123091
0.401022134779
0.231373259425
0.391429602931
0.215557087326
0.353310041471
0.293920435455
0.38514327314
0.363127545078
0.280234177396
0.22151858428
0.521306606043
0.20150488408
0.042318514339
0.183113972647
0.267656082793
0.30555713941
0.346668458163
0.279876834947
0.251824780705
0.422412880908
0.300937470292
0.2462311725
0.0668141699279
0.0840824707328
0.173700709522
0.0903099802962
0.188694065918
0.168481733328
0.199302789774
0.310831884075
0.223405693009
0.340101090432
0.252378733243
0.347222563304
0.33621121865
0.0399780006741
0.206949564833
0.341611747639
0.379400642337
0.155633673817
0.257695298871
0.139502624641
0.0613682551461
0.142098102597
0.201165283981
0.0807467910318
0.111240080961
0.079229612001
0.0414881645427
0.143907129516
0.192474274106
0.315465438004
0.274006600658
0.0806738822942
0.429275387619
0.333336142714
0.149923577059
0.11345298796
0.276165551324
0.122215481237
0.103909903768
0.214743056818
0.250191983383
0.317519226524
0.30492416004
0.420620369716
0.433083634537
0.497538063674
0.387102930577
0.311481378928
0.379693894272
0.341712040594
0.101740936519
0.0163460426153
0.120279291696
0.352752912939
0.261476825758
0.207573413237
0.12528132484
0.0824920042302
0.118352252548
0.304669186418
0.00688369143629
0.233969221684
0.233505214123
0.287911573866
0.301185680527
0.0380933160765
0.177093324939
0.331732336914
0.389554334257
0.102888193987
0.104587818368
0.153160730865
0.0990253722271
0.166480088181
0.0520205090498
0.225255933428
0.304173662301
0.36624598748
0.150333895362
0.478484789049
0.143126089871
0.0903867225906
0.16174896875
0.211041319399
0.285504933893
0.39535987624
0.323260596602
0.47089119725
0.253260603207
0.201459475683
0.18765410041
0.244588894836
0.28241505125
0.401582791217
0.159088001616
0.248805453126
0.209877942618
0.16621735903
0.542518333474
0.295015451644
0.32127588826
0.31718211953
0.272767742649
0.245966377746
0.297047590926
0.259042790735
0.112275260555
0.198545381518
0.371063660759
0.271086461066
0.309787873442
0.315097476459
0.342557966163
0.414215881879
0.212781671413
0.188642564829
0.187157908616
0.0725228290832
0.295598183758
0.380472248702
0.204784231496
0.19427271699
0.480394181368
0.210267204788
0.270825427371
0.22179388323
0.169183764921
0.32076647773
0.0373695819333
0.307171804127
0.21439762883
0.167872082369
0.401513748386
0.345861651166
0.564889138185
0.37245845826
0.226484944219
0.215566776338
0.260572902394
0.0883668213754
0.154145937487
0.49789006204
0.120955704051
0.397190197941
0.264128302465
0.272218022458
0.114653528309
0.0938487425002
0.300390516328
0.169472358528
0.147339711673
0.227525512386
0.264043871089
0.0469979460706
0.255156732166
0.48471689763
0.334385234946
0.508977664676
0.252596323647
0.252415097894
0.339098284408
0.242338353925
0.344653389849
0.104027565132
0.353000442886
0.426769421884
0.70443305447
0.0867716372263
0.352135928229
0.168440552302
0.0985072447416
0.108726302461
0.329513315014
0.228967752055
0.241082164886
0.0
0.102993514908
0.558926985202
0.0598434455283
0.21669500851
0.206433433693
0.237931710377
0.284508394367
0.312298420429
0.206724907718
0.153155706733
0.146900683586
0.265765876453
0.478713866119
0.086525746205
0.275025900053
0.0507692866045
0.30174859351
0.0907721647204
0.101003140108
0.0358967800244
0.275684563815
0.255823992028
0.330044581338
0.128111468652
0.403876345926
0.0328762687636
0.0860744581297
0.25197951773
0.161124036743
0.308603824771
0.096551179508
0.0378050136757
0.264120029948
0.11414880887
0.124735562243
0.151974717428
0.407995022991
0.282176112803
0.308348739017
0.546244205171
0.338204351587
0.193931147408
0.220158045148
0.299955876693
0.503431633315
0.264656840693
0.103240778079
0.0667923034126
0.267281662318
0.214360349016
0.278698286651
0.553413299242
0.480498829308
0.415808873708
0.0892429925244
0.184379234161
0.481875792169
0.181001357393
0.311185045356
0.557913052007
0.503783034533
0.351145891737
0.324065616384
0.210829970666
0.117779614574
0.527704162433
0.0936824961967
0.308881017904
0.25844512405
0.335065099261
0.098722618745
0.282316249501
0.377665913298
0.33948338306
0.357301383128
0.0991865874985
0.350799445579
0.380521166737
0.0662178183479
0.0422758500137
0.479129751499
0.423672431359
0.258312392942
0.39399517506
0.327326569927
0.385970835683
0.148013158734
0.244658170135
0.366679883748
0.399909833976
0.282802525799
0.110231150284
0.184367462311
0.358988292201
0.197889808774
0.240950736058
0.212099665675
0.214630790261
0.254848745793
0.05
0.0561046619978
0.282524516137
0.304906048864
0.156391956894
0.329904164836
0.202515123769
0.0616003401359
0.210919762689
0.254907020144
0.232743754804
0.21176413503
0.399139543682
0.271027491079
0.116893394102
0.269721147309
0.174558383182
0.149517988995
0.224718140917
0.344752003106
0.310181331167
0.0703681689286
0.129446443257
0.238191132865
0.262524580828
0.142104459484
0.234354175803
0.306159393423
0.242461593335
0.302040806469
0.18129520771
0.278068914271
0.372385832933
0.294694343738
0.312732236778
0.401929066004
0.418097326845
0.359419389202
0.457669711526
0.0785737372589
0.167245653914
0.0886332729256
0.110285816567
0.24085494584
0.101939325559
0.0637233459321
0.067984556806
0.280155382224
0.05
0.110155982215
0.287937815674
0.381476899233
0.257516178448
0.260467264056
0.346096049473
0.157803438475
0.105819088625
0.0
0.0446360494831
0.177245215083
0.32226004896
0.225729278861
0.294369209047
0.25845585242
0.345469327315
0.329781873661
0.347577906039
0.219450894103
0.3085736155
0.191207519994
0.297440657664
0.141856813433
0.226840191854
0.0125
0.0432691498111
0.359720095774
0.458122870037
0.284592437309
0.1215777482
0.0696363568281
0.15564874335
0.485877213061
0.204838238011
0.354192345924
0.224954267651
0.395012408137
0.0989131671025
0.190192602345
0.377285794633
0.298479077626
0.117265013456
0.20297373237
0.272196803878
0.30899754191
0.096918582696
0.161344821297
0.0758537980355
0.266038832127
0.170242597162
0.275972089081
0.153009375389
0.318772977549
0.160511205191
0.149473187253
0.238689311555
0.358383272604
0.102823068827
0.565656828564
0.361369395413
0.224028670077
0.33041513603
0.308318863137
0.413351332973
0.309342064559
0.485876647624
0.220802501561
0.451660457973
0.228687344276
0.0971224321251
0.32645158628
0.342099909555
0.227851129661
0.3495311562
0.331542387145
0.168751712578
0.180443363578
0.138036322936
0.291124512996
0.126054386189
0.264472314651
0.092977133365
0.423783200626
0.134613724171
0.260275707994
0.240154729386
0.0809078754076
0.144161255113
0.421998575273
0.337310241498
0.293097690261
0.151206290245
0.476162495263
0.125512063822
0.171526129689
0.311952540643
0.0744320141291
0.0526929508087
0.214498738367
0.442217720926
0.302325893966
0.330607693781
0.274861811995
0.116899803984
0.198612127626
0.453448284543
0.153905041416
0.26932736192
0.215064370495
0.140677278721
0.293581186842
0.190684176137
0.112556388217
0.442629637842
0.385221743248
0.24910771116
0.236407095919
0.153698627744
0.178941366028
0.158358450385
0.376744009716
0.0574464087818
0.0745574287815
0.28438982722
0.172549194011
0.281039781677
0.103254716683
0.389864685035
0.366960109523
0.214778485706
0.134163514168
0.334683812353
0.185406948545
0.352494316325
0.291610819384
0.390475488173
0.172006508176
0.187737991152
0.211613183556
0.199669282608
0.0204167272373
0.254220659955
0.330036376916
0.451722387195
0.0755247392428
0.0869186068776
0.0961499767266
0.0776449475166
0.0147141184768
0.0
0.106905626196
0.122854913096
0.102016251214
0.213153842572
0.272848657279
0.18549788753
0.250161987384
0.05394162074
0.106673072239
0.0683708919372
0.0862705134326
0.346423559255
0.0779925838179
0.393368763208
0.112307772649
0.0
0.0691095573251
0.349167171774
0.318431191062
0.151848894935
0.18717648139
0.680769886124
0.26229486977
0.201493854457
0.376000237956
0.252283515539
0.114304389544
0.206208994054
0.227608207797
0.409068647669
0.391577272043
0.248156459622
0.132509151261
0.107345359603
0.226977696946
0.231745427657
0.584701264775
0.359641061315
0.194919611242
0.308547701923
0.150338263527
0.0878000684477
0.184978149931
0.255002047006
0.039433218353
0.194844797981
0.160495099561
0.107926635728
0.0982709513854
0.151733204431
0.0408759295569
0.043629208397
0.0736777505508
0.191546583809
0.404672192995
0.172847988834
0.106333189179
0.440454313874
0.268191051758
0.0906556713189
0.0429606950762
0.376548957277
0.0832081897111
0.240254315465
0.374211510587
0.408822488823
0.178610513886
0.286020319376
0.0645838081729
0.536169554088
0.140187917876
0.331546056539
0.416984356227
0.298259739481
0.285180891061
0.466044057664
0.185682338425
0.156949109365
0.300439431531
0.359181578786
0.316818571374
0.675814925752
0.0585257714935
0.0394277110014
0.201295422739
0.201161049089
0.305459494588
0.399012958259
0.114807613116
0.134200775401
0.323469287511
0.307460252731
0.356097057824
0.12548522951
0.181734951928
0.288772706713
0.155557733084
0.173140337606
0.349493961118
0.186579080246
0.0975258357906
0.250785875438
0.380863800135
0.233760721211
0.304638314035
0.307815598995
0.239991034754
0.464821871643
0.207977068875
0.262750517113
0.100796263784
0.200385794102
0.180324568224
0.312660628544
0.425546666876
0.117202065014
0.0814951809715
0.0943286581204
0.267887767378
0.283679448966
0.0539553327541
0.235062578798
0.0797324643566
0.321791624411
0.340278056424
0.238645954466
0.185149162348
0.0621323235597
0.144631276541
0.174523570544
0.303923294409
0.0947833546006
0.200135682456
0.16144416101
0.0719827156832
0.156481805428
0.325970142434
0.284674772298
0.0
0.0835649069805
0.126790273313
0.193280517926
0.573812312502
0.224780595067
0.326061148806
0.076413098252
0.271559249557
0.196136341741
0.13000250351
0.385230512484
0.169248903137
0.361477403207
0.267883813333
0.0807004801808
0.371376843208
0.0438137324299
0.3974218278
0.24786102829
0.335192338176
0.151379120173
0.391898241673
0.0964675017738
0.200346638003
0.220280061921
0.147174163203
0.0
0.254932674082
0.118494341773
0.112006432513
0.0642452109164
0.126106789145
0.146156516657
0.13970100464
0.182993715631
0.258441242709
0.0716902196642
0.157900635181
0.249735077758
0.207598027137
0.0638707667145
0.260050644175
0.260314674232
0.37613890092
0.237260768956
0.205031489786
0.00949794607064
0.298199298147
0.445465481998
0.337940066248
0.118877176157
0.317465596961
0.168362172068
0.0825780754581
0.326677480577
0.0
0.17441617293
0.0433440553831
0.240606561371
0.044047086447
0.104603788596
0.296419776566
0.0171820554304
0.250507810925
0.0397751226973
0.0176965114328
0.293326143328
0.0828384442893
0.176915907675
0.213724097192
0.235832311067
0.177786162997
0.0882460481295
0.133456921584
0.0893784276835
0.253946481301
0.204121976548
0.214812191452
0.0741814276096
0.0809296088378
0.165542699226
0.222945433335
0.223479884093
0.252826893178
0.294171752229
0.161325503809
0.120304566849
0.0567807305886
0.229235222904
0.231373237812
0.166568401279
0.130828678316
