0.0461144926506
0.266381772055
0.315370972931
0.457984357455
0.700750180716
0.270587298833
0.25290097507
0.154428597081
0.267698692735
0.292829037522
0.414387572179
0.272580033395
0.0996247495744
0.0391502467303
0.146639004745
0.137770886481
0.179756828434
0.25029174793
0.272132196926
0.389212322541
0.0903038567946
0.535455267862
0.394548697496
0.535149302855
0.149046707258
0.313945747509
0.0932625353229
0.0686731591059
0.339909891522
0.170048246133
0.178303918202
0.31522940137
0.583471495134
0.0637332652224
0.26204111883
0.320582826173
0.230748304127
0.304039294135
0.00146585431097
0.343685155884
0.280008013007
0.143923369056
0.0386399915987
0.268943173374
0.0883778781971
0.189135778397
0.145283227414
0.124764047218
0.292779233776
0.577876135104
0.571584073275
0.270587298833
0.09788537404
0.200037134111
0.0628233613617
0.111564467052
0.0965363840361
0.420284818205
0.272779884005
0.108712746888
0.168835952536
0.196875420112
0.438319336407
0.317146352669
0.122092434699
0.185150664906
0.0542378680789
0.061736940536
0.0746066269397
0.202705057729
0.231104526387
0.27674555295
0.0209693648869
0.353806861902
0.342055772279
0.31295968046
0.337140419432
0.360981544917
0.0987186571473
0.258597490614
0.165702776202
0.316830631517
0.041339273853
0.14121439766
0.279072201171
0.028961771728
0.175843417639
0.185947502009
0.253120118786
0.0
0.365079096923
0.0403845285221
0.0162309363259
0.201554729997
0.409393133619
0.0390625
0.222455444854
0.00302764517607
0.351116591947
0.279967534681
0.487865844283
0.109864701453
0.0392909363677
0.127053785747
0.214765153813
0.182710526762
0.395956627441
0.0741354582191
0.0890971151898
0.137301211149
0.11697660088
0.180471356077
0.171386701166
0.458734345187
0.236403304282
0.0900208277443
0.460976516461
0.206441485226
0.0849512812413
0.260011515186
0.248732697538
0.392747530415
0.225223362849
0.14069792215
0.378224357273
0.154626826137
0.444304921923
0.116883104696
0.535548623681
0.223711149275
0.0559614187523
0.29349239418
0.295805675855
0.295666544224
0.0317458495595
0.0
0.262631570714
0.165868577257
0.0409107030147
0.324367405506
0.106255719538
0.102908929273
0.498395479344
0.247203610026
0.252905383012
0.313989840437
0.226362916006
0.087297886936
0.181329596677
0.104802246744
0.269098403916
0.140879739648
0.306632970085
0.208244972429
0.13522852731
0.0314869673439
0.0810377121219
0.140271719338
0.0866621622027
0.311661746923
0.184048277272
0.324058867355
0.15007108845
0.190344439917
0.108591356285
0.0773657680977
0.379672805429
0.261829220143
0.108483893296
0.0763868133635
0.036625743195
0.0945542441025
0.268166103411
0.104823174603
0.100965388726
0.104083962451
0.123103362305
0.281938268319
0.135064538846
0.110580612393
0.252061534188
0.534077953304
0.157019785022
0.075650848604
0.110016868055
0.0476180853083
0.272131293786
0.167022655282
0.323867020375
0.508564002065
0.408944706329
0.331692927523
0.356413576925
0.349689026024
0.25201815225
0.160907855796
0.0905069278452
0.371448019475
0.0739143684373
0.0882763525904
0.0798096884689
0.0619459495357
0.17082038227
0.535506789666
0.236430110429
0.344216220994
0.175694287676
0.0737767350043
0.366927594376
0.367607676767
0.0852406149806
0.579464841578
0.258701095443
0.0975840261136
0.179308561236
0.101600556638
0.326224089804
0.23184362513
0.131481556086
0.100714557037
0.167885827275
0.0604985843894
0.35548621014
0.439965576069
0.419172650828
0.244149881709
0.183831813218
0.26327736713
0.142195220399
0.07577892708
0.0479054571176
0.0505631911714
0.257530679706
0.0431725381631
0.110558424642
0.279599369558
0.165671522688
0.266057329405
0.460810034178
0.0930447633334
0.0753508607319
0.115936936085
0.00522453363263
0.0
0.218232440318
0.187541842932
0.274032322348
0.132007389098
0.237087518507
0.208691834012
0.0649873482144
0.497680640372
0.348974937613
0.022805606706
0.0710479314714
0.0837501296183
0.0977548720561
0.0465559142583
0.0244236017437
0.0718111780061
0.0498896946706
0.0899080892534
0.222812748951
0.592732247204
0.179516258423
0.272763754755
0.433563600872
0.0445942899214
0.0
0.075837470777
0.120909631246
0.111044268409
0.254554755852
0.0731341496078
0.249391778708
0.169583604068
0.0975307811155
0.414382703728
0.0463491881217
0.0334731324501
0.352246959725
0.249151206216
0.683367332466
0.18382087024
0.055876877503
0.153852108829
0.193169055903
0.0166621198337
0.202696122804
0.051963819311
0.112525341401
0.12969403879
0.448801414418
0.0599374515543
0.0322896838064
0.0951487302293
0.0435405163021
0.116049689117
0.0678335771501
0.114414792909
0.159993285494
0.323994794696
0.269560677891
0.243643041148
0.0350172961482
0.0800858527128
0.0427928137385
0.117357228428
0.29482486026
0.0946526890136
0.350830381819
0.057107802205
0.132909149205
0.0998877554866
0.143589797473
0.158425853523
0.0873835364259
0.48469753862
0.0918526270943
0.155192829158
0.371120258841
0.150101153098
0.268834375784
0.340694194587
0.0920870373935
0.238480194717
0.224764804603
0.540533654981
0.286429283143
0.0421868010091
0.406011530494
0.0309603772742
0.0851877781849
0.053954791055
0.0470350219296
0.2826009843
0.0733927244449
0.0343982630367
0.0487669869937
0.129733640738
0.041796269061
0.293083620986
0.207315304076
0.236981988101
0.0430200153239
0.137488428711
0.107546486973
0.148918580723
0.409475552756
0.326756646432
0.311996438511
0.220156968217
0.100457402953
0.180283408102
0.252898571253
0.0878479212994
0.314414492897
0.290051803591
0.305177559282
0.289972042498
0.180058519837
0.248935314903
0.0661510783823
0.429754755736
0.450954699116
0.334385893575
0.263907838549
0.457143253725
0.150635755503
0.232041318709
0.345376086761
0.278986042901
0.33527767489
0.179854494477
0.330325394731
0.339102474514
0.161355525752
0.468436790592
0.198504251345
0.234940111554
0.528763896668
0.132376846553
0.121544615166
0.259786498429
0.0473616657345
0.346536960542
0.0792906096085
0.322184398639
0.0661794238942
0.279973828933
0.470863518959
0.33071976326
0.160192972569
0.442602275071
0.25700523852
0.424788116682
0.182738702727
0.14674082205
0.0371564217241
0.00656950324417
0.76316436995
0.146755140696
0.336990367052
0.0739868001952
0.0666576075837
0.316081940787
0.30822591837
0.0592350769117
0.259868541089
0.255808715682
0.189178219594
0.15307937477
0.119244435679
0.392326258787
0.21954079474
0.360362896407
0.406356452267
0.266210312747
0.110757875892
0.163261950742
0.292206886762
0.281194590494
0.304383023107
0.404290129924
0.130547643243
0.292989336361
0.130084485113
0.27323251162
0.112126355267
0.207028050667
0.216014822874
0.382623780259
0.259412579171
0.0977463383176
0.374713292507
0.119638345394
0.162997314876
0.150027480965
0.135110589742
0.211286054724
0.236140103963
0.341408080542
0.649921424686
0.359585154909
0.22074936962
0.308011699893
0.296225978045
0.465137727986
0.491226826613
0.240891665866
0.0240151622247
0.0515677444179
0.176989227728
0.152105168534
0.227205958863
0.123474611798
0.186631508679
0.164103780464
0.150937035161
0.0332601302919
0.0977274779837
0.378940632638
0.340674066007
0.153132826685
0.222579636132
0.138885554229
0.186924035327
0.14484338317
0.171557798276
0.92629020106
0.107909477867
0.211175499579
0.295894428401
0.377269904158
0.19231629097
0.395333940294
0.17447157946
0.314059257504
0.174918498924
0.361499208428
0.205158893186
0.362567941369
0.0797208431584
0.11169050813
0.300190231084
0.201126965506
0.146253731773
0.159474092268
0.283923948134
0.134812368494
0.573607233172
0.377359086849
0.199564363828
0.106694622807
0.467659057063
0.279415778825
0.364123658752
0.316980775445
0.185613648161
0.241778197713
0.0845966020089
0.311227033168
0.250077431436
0.15627349313
0.202391040749
0.174680228598
0.253790031944
0.204906594046
0.148820862989
0.082838937233
0.291197978794
0.367385388903
0.186067449271
0.301581823281
0.437552623883
0.0389315241354
0.220016933967
0.518284523924
0.145921191083
0.0334162580194
0.279796712999
0.270760743176
0.482295108957
0.178851757426
0.0736556156808
0.129130560005
0.0546828992741
0.247432675356
0.13535411906
0.308390920713
0.22612639858
0.258312082127
0.276125635261
0.270097731887
0.250322726923
0.106292433524
0.359552504056
0.374759038664
0.297890861247
0.00992082143082
0.263121215429
0.0577902075368
0.0
0.151318416381
0.0971731776775
0.369669784839
0.219895997172
0.405143863974
0.111623546763
0.0600921016985
0.156054017116
0.100446881913
0.198167085059
0.177329279264
0.118835192253
0.374662264195
0.241102661188
0.0644031834436
0.438464066815
0.342655027724
0.219571875901
0.46465181307
0.00860461429536
0.176405762803
0.280204253899
0.152328688476
0.12552150113
0.102807175579
0.089434414497
0.122390315372
0.105382871752
0.225892978548
0.293980749502
0.0984412299109
0.124240830532
0.30804676083
0.0752825099737
0.268325883597
0.093751789813
0.0916022984868
0.0409661905251
0.0320708297298
0.394042875781
0.280698533443
0.307176604609
0.101834481698
0.219643243993
0.338552477587
0.368264639888
0.500188165397
0.107338157342
0.460528173951
0.119339222103
0.154034624487
0.119849954842
0.286318436614
0.195154226765
0.370158073903
0.315074192529
0.375994706552
0.188902791517
0.321364896489
0.48165530406
0.374299017996
0.237914353121
0.172654832709
0.365411379872
0.319214545652
0.14985647069
0.0689381974507
0.0755369491443
0.0
0.356198864126
0.239350303381
0.202415009049
0.194290402691
0.0433305133536
0.188397252483
0.146057943657
0.649687414196
0.113973633221
0.245910897957
0.130998209926
0.517412218497
0.0914057536386
0.154455449451
0.470496741348
0.195916164868
0.129748539958
0.0615187914856
0.3178298216
0.0399689794869
0.467089052765
0.140435214807
0.355276168492
0.26223362898
0.125512948386
0.210922367286
0.1106395906
0.157054135094
0.160913475998
0.193072360546
0.336592723051
0.501779116688
0.429301739901
0.18695663374
0.26254907677
0.237067923723
0.250170477134
0.332071360992
0.405901009572
0.121991724501
0.127134502446
0.29811029142
0.0607358658991
0.363319489978
0.139213563374
0.160021710817
0.238075748541
0.0729646676472
0.0434344028426
0.380276156532
0.0431419216267
0.268905459007
0.268021517426
0.224274258717
0.102540275838
0.0312428761323
0.403182667481
0.080428591123
0.193830096152
0.464399041997
0.394552887289
0.222610251891
0.235431371452
0.0849618931364
0.0370522535515
0.115316052918
0.270399020316
0.184178192141
0.268230707601
0.211290244907
0.122128625221
0.0613911115225
0.0404039144528
0.16285507257
0.157898694447
0.0537705166938
0.378294955074
0.454030756658
0.204681553993
0.049582801633
0.0465374346065
0.211163265719
0.268576860946
0.244232230999
0.291192082464
0.10757490994
0.098569672392
0.199354416907
0.203931222285
0.201824755004
0.0152080196365
0.0521258236419
0.0333433590859
0.153138933289
0.228998718276
0.0491209425506
0.0657115071016
0.0550054629985
0.0775943266554
0.183548383316
0.184317169184
0.207693688276
0.0951844561033
0.208586429269
0.192659316117
0.069160091205
0.166744168453
0.114446845184
0.384316994988
0.218545643289
0.183349013912
0.197428674609
0.287672495602
0.127740426414
0.185759443671
0.036301093525
0.611495513296
0.238058738061
0.26607336228
0.313579221931
0.572209807209
0.0434764800104
0.202623164351
0.28880379287
0.193468757804
0.408930555615
0.07855039745
0.257044118035
0.267497240867
0.35280964989
0.126283980804
0.125167305104
0.240313889681
0.0961538407788
0.261356973228
0.037863646483
0.388399226606
0.181311432214
0.38156684057
0.108127671432
0.137855414797
0.0941859103974
0.213204366172
0.119392060927
0.273985546713
0.287170291424
0.508998694114
0.167344093297
0.109484537026
0.12558628995
0.117883076166
0.0941814618396
0.11372218744
0.0
0.366963768947
0.203255117793
0.161739788356
0.396679010398
0.337426112634
0.104968380938
0.0187734857789
0.252202221034
0.300859244654
0.313617729943
0.475759404484
0.14735251387
0.379585985253
0.199396948028
0.381671152568
0.119731833965
0.412244248347
0.373564367407
0.118588017058
0.352600020209
0.468930027862
0.167170031143
0.491095155432
0.0352042978917
0.7153561136
0.426395844975
0.279843853424
0.565579665311
0.379373507878
0.137327519285
0.441038933151
0.116796740983
0.0195410824862
0.314833663005
0.301675804311
0.0468311587229
0.316189831442
0.379207453276
0.212879892383
0.198798906783
0.172442742868
0.351008093585
0.329813587862
0.212409143498
0.34499629371
0.0971786792318
0.134487253161
0.114020575879
0.214353041105
0.161863492818
0.302590993854
0.423721123763
0.151002223356
0.351629331656
0.286535924858
0.09745883199
0.195698234938
0.348401411785
0.186854168269
0.4489932945
0.0322048137964
0.400392478118
0.149209915492
0.447062240391
0.433500489143
0.225255109633
0.049210170036
0.230644047435
0.520187081803
0.378616629581
0.283855274436
0.0
0.274143117406
0.285734999461
0.464832718827
0.0798444610381
0.243251080157
0.30990975656
0.107786671106
0.434702241455
0.395508392144
0.204093364082
0.333867806567
0.0878751705268
0.208622264692
0.0945241633861
0.434131043459
0.143059135974
0.150568385167
0.169034972124
0.188949290128
0.232327307258
0.142146775499
0.0887433541701
0.442273269922
0.540251107306
0.249775560203
0.119513026297
0.0592949034708
0.106632652021
0.173360010075
0.196863587894
0.233687272485
0.132725019062
0.0786435594911
0.150080712899
0.268506904277
0.0489681300335
0.177329330828
0.0362776122256
0.0496801018719
0.692697360676
0.169861704598
0.111346365509
0.516151143804
0.486640830752
0.102294124589
0.239276375668
0.0734537814806
0.0955547124688
0.200380783267
0.0397047734249
0.184468578142
0.209241456452
0.0465788423617
0.201160285614
0.038242129053
0.495586643304
0.018446569857
0.128037301632
0.106138971327
0.0758599222149
0.0289566344176
0.0581787921559
0.144140058078
0.0983205533921
0.101325271612
0.0749171801643
0.0409619516976
0.2353426532
0.199372633619
0.142972259396
0.238604480291
0.0323567346092
0.116991389544
0.28650417229
0.481202728148
0.00499174300192
0.106548141784
0.166961060789
0.410567606328
0.0507295724991
0.0886640149297
0.088024933996
0.30671360659
0.0
0.0593006657263
0.0547752016692
0.189092293426
0.0920571527962
0.141463896008
0.130038789827
0.0527538789779
0.417867131879
0.206244732597
0.0793458085165
0.277101206404
0.35394157754
0.0946772200579
0.213156624134
0.238606844234
0.161095826858
0.154390249543
0.0758716916696
0.282495354339
0.221613241379
0.124774165678
0.538805162553
0.0796546663838
0.138064367148
0.109776594085
0.246076270606
0.293123465894
0.0208434278021
0.139750088139
0.255903854905
0.225103904602
0.304462177009
0.54966980228
0.122283148363
0.048393417257
0.287729420745
0.0606200799862
0.160896482654
0.0834317231528
0.347057645705
0.041796269061
0.103903885818
0.0894971799228
0.233450254972
0.078588482286
0.415984459041
0.0557415745058
0.232350503049
0.0733984373445
0.219880528949
0.0648860885765
0.244969996847
0.144021138857
0.144881006153
0.312543774893
0.098455867375
0.15281637556
0.204582934059
0.0451026431326
0.0434397777569
0.0428082720028
0.123178220948
0.383782474386
0.264534792342
0.319946675545
0.16663845271
0.12952960668
0.0865084437191
0.0400024929874
0.123022827648
0.0148896005394
0.599205771629
0.0691669486301
0.230014986131
0.0581829556635
0.321876356403
0.165133745856
0.173888277691
0.126852669843
0.19008745645
0.319412713596
0.38664671394
0.213835084194
0.336724309597
0.20893203441
0.14530263253
0.380862127216
0.0548617835289
0.208550814382
0.129623739613
0.266513967033
0.129802822555
0.08620216634
0.305858427232
0.197329582816
0.0444675855104
0.195731008523
0.0861458259397
0.224711692759
0.143081265278
0.131977161483
0.137458869569
0.127848545943
0.143405289363
0.0820045774505
0.147914847261
0.100008320232
0.112508966529
0.164804424946
0.118981357489
0.184436385911
0.0836741239282
0.0546916968448
0.222509911396
0.106255292246
0.501208571236
0.172146377667
0.340088191001
0.247870829887
0.179225340443
0.240986104118
0.163460038044
0.0416418401673
0.00903863189603
0.228696048717
0.0647160599202
0.148468671234
0.0927855994396
0.178355476244
0.424133925877
0.396060819877
0.215703826391
0.33822119893
0.0561715206909
0.0235542629944
0.0834514185702
0.222842080949
0.143666552834
0.262636031178
0.146717154979
0.229568065491
0.245976849245
0.192023555866
0.0710058246608
0.0729962343118
0.180257818705
0.202415579312
0.0808025383445
0.0846272341163
0.0994904723833
0.315102324288
0.211538673881
0.18588267552
0.339105850056
0.0388172776725
0.0787977664761
0.183052512328
0.087811310316
0.166179111168
0.0417357755434
0.139326083077
0.114792006762
0.0769085629188
0.0427116973985
0.283318381515
0.081819887864
0.19212889993
0.172013295477
0.0698450705027
0.510850605761
0.0805988419311
0.193650218003
0.121071586623
0.0967738938754
0.155138440241
0.0757868424572
0.224028677459
0.153122087398
0.0609669148003
0.0488312459826
0.195042475738
0.152811969504
0.0920754320655
0.18435094393
0.342320277856
0.113749502498
0.327479003265
0.40813719466
0.0247171669835
0.213451126303
0.387226821011
0.267109430293
0.366336018633
0.689598949668
0.161375496029
0.333781245593
0.378460537031
0.42416492282
0.143253877524
0.129180983707
0.166592110369
0.256660013144
0.320446256905
0.17987847305
0.368595893482
0.292049893844
0.473187532015
0.496957693971
0.0801583832333
0.0806238006494
0.377873259025
0.179017707328
0.0752716251799
0.0429172773188
0.281599604861
0.430301465136
0.163822967059
0.277758321979
0.242126583924
0.390855478368
0.224813677046
0.163741179004
0.0283577513292
0.210379233469
0.239706261393
0.236785276091
0.212704125068
0.0840682969444
0.0335291326161
0.402666363195
0.156343810689
0.0585437104072
0.178302779184
0.226981538548
0.268594304178
0.411731432314
0.2213691415
0.325715347404
0.288798022709
0.0998041762491
0.36616543201
0.320235100199
0.0720810252149
0.23104155239
0.195645928464
0.305925378376
0.0972025050108
0.320513201997
0.193326618864
0.118358548615
0.250877416387
0.162259268937
0.233379695263
0.144676487585
0.0830848332782
0.370599253028
0.246374383377
0.0846518396652
0.37159722705
0.159205536223
0.416123492338
0.57338415896
0.181722690235
0.256546091949
0.0383701640007
0.316311751529
0.0712505935734
0.404273279247
0.38772605459
0.159222731049
0.293716234177
0.351790144082
0.239662707548
0.36520133355
0.386374374565
0.155504598215
0.380312232353
0.108203691301
0.256184924836
0.0876544549697
0.440698357687
0.401741579021
0.325759964196
0.24608814456
0.0440364616681
0.292774577632
0.0915862052174
0.0849491528902
0.11115355692
0.454364572802
0.112217252967
0.208132438418
0.534846671594
0.240465058247
0.346507620167
0.230981985563
0.276253877278
0.168473002457
0.337899486878
0.276809475505
0.304482866757
0.454268320415
0.449618716825
0.411656598256
0.154453189268
0.282609984785
0.24617250959
0.181386523096
0.0673611381726
0.330514569064
0.31654841415
0.148762260157
0.0815372122733
0.237951172888
0.217804424064
0.391268959218
0.185102872549
0.327145778609
0.399504639606
0.498300058847
0.421810690171
0.134791216663
0.593047076642
0.381912056608
0.218355184671
0.519723529363
0.0796383869753
0.10958878911
0.308463396672
0.0955899392051
0.286382663156
0.531316201203
0.257940123587
0.252366056357
0.0804697867716
0.190617967789
0.21461239539
0.0583517387843
0.298183751093
0.588273567327
0.328160864407
0.445122601788
0.420546284388
0.0636012237671
0.358099769501
0.311188486734
0.330293636295
0.288798883521
0.0907258548246
0.0462926445199
0.342207023172
0.318575097171
0.328615520212
0.273052578017
0.304034360493
0.256944139037
0.255431928387
0.156840475856
0.132103384646
0.1346775635
0.12657962322
0.310262171443
0.204838047583
0.29906525757
0.488085294494
0.313460254392
0.047375765884
0.309578442757
0.0404298868314
0.121319871435
0.416298664087
0.587844340059
0.16517643299
0.297936213631
0.328818134021
0.47078353268
0.306964705804
0.328862619261
0.210876156575
0.489873812827
0.217013212677
0.0661788180596
0.0
0.217375217816
0.258273564817
0.0883794244602
0.387123695507
0.32504434505
0.325319314548
0.379453491021
0.220532818776
0.236529830216
0.165686365139
0.237106336097
0.262001736554
0.332653404535
0.394534899768
0.632421735247
0.274760165
0.222542013748
0.236805053215
0.415976304889
0.38814889272
0.119331565695
0.324927476494
0.330477614155
0.139249837169
0.584444072193
0.0833138713121
0.376626618009
0.149037222442
0.126133071313
0.0547784321766
0.270505562492
0.403178184191
0.183615534559
0.610502575613
0.59864942949
0.33985449973
0.380265458968
0.414278980215
0.185610588519
0.151788421771
0.302338020545
0.286346306364
0.299961892217
0.156534057633
0.25321851845
0.398521111378
0.232140823179
0.140707260115
0.177423585711
0.385313032085
0.23318648832
0.139661754039
0.342393880769
0.362953869915
0.200012487082
0.105947149595
0.0969009385126
0.287302373932
0.181526445587
0.486862853157
0.216110249839
0.113535110826
0.564713504342
0.276081951379
0.111736655764
0.0
0.229854703314
0.0977188433869
0.338080366117
0.196212056008
0.344716559633
0.107628427147
0.292903747947
0.413660613595
0.297800927437
0.351091470463
0.0570161698451
0.24827444516
0.271745991347
0.205410013494
0.202582156323
0.39310015499
0.0725031389956
0.294303677545
0.128745489184
0.26302344354
0.243095405268
0.354094744106
0.110639921707
0.189090391874
0.0539632484784
0.341402096218
0.266309504994
0.0786010329376
0.259424933752
0.511100325776
0.151278994002
0.103663418024
0.296550155433
0.206438819615
0.255163746274
0.298706402961
0.132932665566
0.27168647749
0.113714160078
0.432688992479
0.238295717791
0.27012757737
0.194163087504
0.146131054482
0.679916361347
0.326891001005
0.303683283743
0.130839729938
0.0247475880244
0.126416084828
0.165502317007
0.0871924359836
0.406957985701
0.395623524108
0.240273013789
0.0901183695193
0.0867520588334
0.172762785646
0.322438975085
0.5373620077
0.119364414496
0.1172648118
0.34673061665
0.299215643625
0.340335478593
0.118060307772
0.19767487572
0.349880132641
0.0680265222575
0.497902867569
0.109688901097
0.114835569507
0.0726110013477
0.184888834441
0.0411299619287
0.303338972326
0.396779087426
0.0712143799477
0.374418916806
0.231171377016
0.274006676366
0.336259549603
0.197910522223
0.224788669167
0.488361944087
0.355913295491
0.0552573481572
0.100088282252
0.281585298199
0.256614020817
0.0443599160117
0.175542607524
0.121563174409
0.159939439105
0.183674448607
0.295490373046
0.120097730673
0.0841673338788
0.463133937229
0.167225371106
0.120718760541
0.242639713341
0.164487609326
0.112689508508
0.0777551252613
0.304699933804
0.321707863202
0.175717310397
0.370054891354
0.0358385525498
0.353434558848
0.0179484480674
0.0794391765333
0.259561773068
0.313334896827
0.0453748434274
0.220683354827
0.0484702093709
0.0884332471886
0.0229291757492
0.0376260442611
0.170272304751
0.146346608146
0.344171499758
0.111099544728
0.0394394671416
0.573114050041
0.206108972519
0.23070277903
0.130288607178
0.0824408614317
0.187072006717
0.0375194094013
0.0787875303807
0.115481154397
0.0922368357605
0.198590422089
0.186168409787
0.283829586154
0.312151768814
0.364029550996
0.0449989384015
0.240234149735
0.194384167171
0.413704505414
0.261144407128
0.651343415983
0.145974668661
0.388543546552
0.29963274229
0.107526468169
0.0568883476621
0.156648970081
0.148379575446
0.162654280147
0.207663567892
0.350760538695
0.122984308343
0.2105747681
0.0411685628642
0.0627066641615
0.168157523848
0.240883108107
0.201123550497
0.405636633286
0.108239494222
0.100036892424
0.312746173474
0.2546785668
0.195166528062
0.41713300908
0.154266056504
0.447835126441
0.225576633901
0.0315624066402
0.161560515836
0.178819357806
0.184849058526
0.0855207784479
0.191622138025
0.0882464859063
0.0915548825171
0.226345897828
0.18847765868
0.299058116667
0.15728506037
0.277718491083
0.317934057981
0.546897744326
0.183787102872
0.0867794499373
0.0822324647215
0.113161319484
0.467352873246
0.477323981316
0.0795166771468
0.0825548368192
0.391151370944
0.0975749394484
0.0612570032442
0.597917855873
0.293986242764
0.139294574729
0.577963403229
0.645534762387
0.0315113400626
0.0937083427399
0.105033116402
0.225387048828
0.474798412181
0.100477564218
0.349540691847
0.144377761
0.0508077704213
0.159084063156
0.22355177904
0.449443422689
0.246214715838
0.183361557507
0.10754459118
0.395016874387
0.267567672576
0.243938549865
0.243598386743
0.248359421384
0.500913505158
0.2360715298
0.0415705300073
0.355012917404
0.324765968337
0.126124466643
0.110225335475
0.0553778846304
0.275060473809
0.224657892432
0.135270912273
0.418340506218
0.547871858221
0.255242503914
0.44484296421
0.340249824442
0.386125280292
0.333695413694
0.105211224976
0.372082628068
0.497234392681
0.115412119193
0.111140087014
0.274866117637
0.175730295604
0.0628264533231
0.517259489616
0.608772643966
0.269855631335
0.201184456713
0.685505286695
0.344794704882
0.511492288258
0.538272080541
0.334429952845
0.519927240634
0.522131636781
0.204691784725
0.0788694477877
0.469997714109
0.283460810839
0.213031530836
0.15091107266
0.0378567850289
0.0601018748524
0.216364167985
0.135135278902
0.348993634176
0.0678491635617
0.251304161364
0.15421686145
0.136619910952
0.116320217803
0.383424180146
0.0499932704245
0.143537325797
0.287357871325
0.361651331233
0.183402466244
0.608587084595
0.151015247891
0.0805858038781
0.459144754844
0.122646918539
0.182843142385
0.134713497459
0.163420090684
0.332881784668
0.383424180146
0.174165176675
0.0920275318574
0.144994890252
0.522316028504
0.040680586386
0.0463093613483
0.395824533127
0.368598443413
0.19765391464
0.0645683430588
0.113799221349
0.315192805693
0.272397328542
0.183120843592
0.0657507327712
0.208697994042
0.237545956388
0.0935158437071
0.108632829265
0.0401807951699
0.397137857672
0.385009094444
0.484168920678
0.106529570935
0.171490740684
0.208836281678
0.131712759682
0.0415957167356
0.104751031494
0.111980820064
0.087691511734
0.160375905541
0.288397096443
0.544793229968
0.146212730062
0.15109824719
0.0844442812401
0.117879477617
0.0715569718305
0.213393194963
0.03125
0.266230031366
0.0755786496083
0.215691063377
0.0899819129078
0.407464909848
0.0213342854739
0.1992115386
0.461046752788
0.0504497764007
0.494479881243
0.264561861946
0.0999249701603
0.390365833599
0.174971292274
0.0838793880469
0.0279733264637
0.193839063061
0.171308218348
0.163774230262
0.350023941386
0.589290624196
0.240265926103
0.234872159785
0.227694797387
0.23169658096
0.153012670225
0.41076480924
0.0819091299553
0.125750345312
0.29889902984
0.150864282209
0.098103153514
0.109124555396
0.0431018577984
0.136018580199
0.332948904305
0.0951658376634
0.173130544841
0.136226819233
0.433974097295
0.0252786785326
0.371522718525
0.516298650151
0.274142864004
0.123679009352
0.055872193779
0.0835688164555
0.035039113319
0.420706241704
0.113566051007
0.0681552701538
0.345218610909
0.253886833811
0.0630978068765
0.05464749337
0.073589616069
0.136818992431
0.10957725212
0.0465352905631
0.185143016787
0.177230392503
0.237310319545
0.257618185381
0.0352848109362
0.132504825127
0.292171632922
0.16417287675
0.384498415082
0.103608428828
0.271017723424
0.16509946399
0.101066523825
0.0421804781814
0.32427593439
0.338650021896
0.336059519055
0.253504782897
0.325889717022
0.198963853197
0.133823541547
0.306242377915
0.132653303076
0.503191088884
0.181405432353
0.18739003442
0.247911478653
0.208363561191
0.343888284223
0.473781070918
0.362615011946
0.18503835359
0.17850166346
0.307992733278
0.552570275834
0.314736354093
0.227621592175
0.174730091661
0.267004098296
0.315178684045
0.121540101908
0.0774069631688
0.0809190963202
0.0787738124198
0.139516233515
0.151012278429
0.0801716014299
0.463826474924
0.0544058375562
0.219879186882
0.192435658444
0.359520701155
0.158975964363
0.32886849763
0.280293269489
0.21994341235
0.157153383778
0.0821616584439
0.210834662856
0.26598718068
0.173843690983
0.391616950912
0.208265668949
0.191710588177
0.474086131808
0.0355119182743
0.105452646954
0.186167648516
0.351186043555
0.296242381586
0.15350726802
0.180155152608
0.320400506675
0.193829856346
0.151325412226
0.257400547437
0.253057961252
0.532311931535
0.0291499695132
0.11975764668
0.0545881250569
0.0467563613079
0.0883159987341
0.153937538058
0.48004546624
0.206467195905
0.548646951182
0.138522450367
0.171894596058
0.0855095958829
0.327446471575
0.0292949303133
0.332742464668
0.490351430124
0.205246119418
0.0550106867949
0.166894100685
0.108457652084
0.114384613398
0.116169454125
0.120566839504
0.203538058263
0.312729540668
0.383824525549
0.435741023632
0.0625741860637
0.196138553682
0.115796035485
0.2135444365
0.0719139253735
0.181975303564
0.663113132601
0.112489232837
0.135658894115
0.663113132601
0.112489232837
0.0276844375803
0.165906325959
0.166020580353
0.425444543872
0.0853319258358
0.270245605987
0.242607989043
0.152353746641
0.0417355978492
0.344656447448
0.22582931801
0.337406529068
0.218155386712
0.157157798106
0.642174082753
0.408198256311
0.087398596538
0.0282121620382
0.177254240596
0.327683530752
0.292851072554
0.154702965104
0.186078459755
0.295558504649
0.225620170015
0.0445549933498
0.140439650974
0.175800150188
0.236743866022
0.0980978786801
0.225902130409
0.230219064726
0.438350535316
0.0975290948983
0.491522187867
0.0660330177577
0.136908973213
0.0727997085854
0.198314991086
0.0973713964007
0.0798894531013
0.0900511612387
0.075850052004
0.124740944659
0.229095816452
0.478336368449
0.192220454651
0.170981340283
0.170061844272
0.122261713513
0.0979476103898
0.0312625289571
0.0872743030486
0.119208823841
0.215576483788
0.319479690315
0.145080789314
0.160101219466
0.293758293013
0.393360157745
0.0509939896695
0.128492987412
0.443703434166
0.242296072154
0.054407404202
0.491100940734
0.116254888671
0.150109314677
0.227094237459
0.0468744111458
0.11724714984
0.0425611489474
0.184460203298
0.149056477657
0.184021655243
0.0484024260944
0.116611102752
0.105833581064
0.317394573881
0.402311258948
0.227904890859
0.248637491404
0.199393776219
0.1241732017
0.0947284726014
0.136561642136
0.332296230281
0.0906320405961
0.190989210852
0.079053170128
0.210903435681
0.285181812202
0.292037286417
0.12515664544
0.451708293018
0.272178704975
0.446159484081
0.485500464476
0.252403289151
0.234816137616
0.288726234237
0.254980135781
0.288976324977
0.0799950783678
0.420091647089
0.324761681152
0.145299031947
0.140894764507
0.324848297452
0.421989102523
0.223138200454
0.157804411807
0.213606224678
0.230195798947
0.113801880212
0.166533688895
0.474264224155
0.0818170127405
0.151934910533
0.0422603853019
0.412482607196
0.316832881179
0.0887730765202
0.171323816845
0.0645630562165
0.195496328231
0.722259732452
0.244395292969
0.201020205532
0.154542728956
0.301608101489
0.247108091826
0.14418392759
0.0635064318011
0.130577090956
0.22623865012
0.198222237094
0.10121311272
0.404070091911
0.279345609014
0.173594349589
0.194177754575
0.258092167793
0.463411406708
0.145558468328
0.241526012975
0.0579748273929
0.379363584022
0.360165042728
0.38729006151
0.0316924955816
0.119360270436
0.124427277132
0.421288655614
0.418242500143
0.370302925236
0.334366695144
0.393288489285
0.266212639277
0.0738333509495
0.160712831982
0.123095435171
0.134030502847
0.56268547126
0.0438395993837
0.0438605372486
0.0554441947477
0.285536590576
0.160089567405
0.34737118617
0.462460972318
0.423994063176
0.0940113970958
0.501754334824
0.0420273924651
0.400584966878
0.428115753106
0.341990275868
0.253844506593
0.240120679466
0.00992082143082
0.23741563816
0.360354301595
0.125266759446
0.286385628018
0.379581930886
0.35813718829
0.283782440477
0.429333704634
0.189767233834
0.489108227974
0.290212077513
0.462602893
0.518014477137
0.140389868564
0.452606762392
0.350384888868
0.203324323762
0.47470564829
0.180295190177
0.0989512744647
0.105189740839
0.575817601141
0.426290160517
0.306970124695
0.187399600429
0.260332351602
0.224734340875
0.141434770353
0.109232994049
0.179230237156
0.0752123631789
0.370737037565
0.154530898058
0.188198958077
0.0959213695378
0.0632696062728
0.144088251256
0.0728018140082
0.471397579652
0.283820039662
0.264464001245
0.187452816866
0.596515896149
0.618229037228
0.650024759688
0.307807753107
0.0984148198622
0.186847075413
0.163891179444
0.118999951512
0.124462840334
0.148598914836
0.117957088325
0.241331392293
0.102283810388
0.50676209339
0.157436598882
0.231652355708
0.152962826692
0.301010001883
0.281390753383
0.290288634389
0.246639234408
0.349197879128
0.246725580687
0.21339595613
0.393628679484
0.393818523157
0.0758453493322
0.12854921413
0.210520438259
0.317393397201
0.15108906132
0.235777665032
0.170332449472
0.218997219419
0.336001443336
0.373074939351
0.244771219068
0.258551653034
0.398134155492
0.327853580744
0.307826701459
0.130114217235
0.143957656246
0.460946793896
0.141377778759
0.367576880782
0.0439256960784
0.340051550897
0.22477606943
0.263365832461
0.200886089058
0.279240353931
0.124839585805
0.223427056648
0.369382376449
0.454939176672
0.390207959243
0.290220196665
0.41281046491
0.42620223206
0.359621872271
0.283572413174
0.160439897675
0.424559455843
0.624016814331
0.0485373847728
0.196691380752
0.454064985209
0.260621197397
0.21009360193
0.0553519508666
0.265152283787
0.442205148505
0.455132165264
0.293305865471
0.713456831586
0.456586578536
0.820401770461
0.140677561488
0.190232924383
0.198638433578
0.365894863705
0.118681969276
0.160500035939
0.505234112983
0.377056764609
0.112255766901
0.424494962632
0.299797039347
0.274074883744
0.208642710922
0.0
0.120295480694
0.130793721685
0.516492099759
0.030442709071
0.0474897303532
0.373650498942
0.0546875
0.260532278707
0.326250485646
0.403344585664
0.782890715293
0.610468936089
0.34446699949
0.445904448791
0.32201174965
0.135766924768
0.339615282789
0.124139092066
0.0802201038085
0.357152780339
0.388191814566
0.348705297593
0.358840127099
0.485718512732
0.295947543522
0.413617281946
0.157378153085
0.429998035834
0.364786229517
0.408188934359
0.12832641237
0.145907368922
0.164940735076
0.301094811356
0.22452110734
0.358424561492
0.220319293961
0.317125003126
0.218721088754
0.292613566785
0.192889774822
0.101475805983
0.257009645289
0.28336755467
0.147341642221
0.35344631865
0.153035033335
0.0815287893914
0.312968024249
0.235094284096
0.199899351466
0.186907538246
0.444564681333
0.205395554932
0.46649815952
0.0926164695318
0.231020210899
0.218503311769
0.122137924682
0.270166815817
0.43297842997
0.903608693828
0.881451005301
0.123764825963
0.281332657622
0.145684549227
0.308759160771
0.333982861634
0.386960889879
0.184916120163
0.284121916819
0.480354367879
0.427386504081
0.0577175469465
0.341017078031
0.396207122793
0.178192507594
0.38927746589
0.093093740542
0.0767185551006
0.305217200007
0.218101697776
0.36420149741
0.182155129536
0.35480663427
0.397740784371
0.332779542262
0.374418237926
0.086111308342
0.286220713823
0.427372936037
0.587903312505
0.48521217056
0.489020898658
0.0407706740604
0.0449492171975
0.154572295313
0.16852569249
0.250959171064
0.236923167777
0.0956170675817
0.0635293466175
0.392423501407
0.464930076222
0.341722245108
0.282477565785
0.0818509689881
0.067413625045
0.270230338017
0.139639929002
0.0476538208482
0.0534445032442
0.113458509733
0.105430661625
0.428901394643
0.438651967009
0.231991417082
0.304308695871
0.52103546529
0.561626569864
0.343543137088
0.177387346837
0.350441121599
0.210018826463
0.0920866093864
0.569690909246
0.205022854719
0.424748639343
0.425544977478
0.427331227934
0.617163019582
0.370821035966
0.421100083366
0.535296635188
0.0925415229981
0.562294717031
0.0913460225927
0.372311182128
0.549846245649
0.0246790412547
0.604416788244
0.560827550501
0.675151154169
0.518657709293
0.384695926689
0.512059656
0.365693942455
0.688539552248
0.502856015745
0.264811531238
0.278620307677
0.298705536602
0.331540618954
0.281273990093
0.271502828218
0.596606072029
0.17577664465
0.26541292928
0.26960925343
0.386209252111
0.463216006747
0.433679001011
0.0461417408205
0.365109212393
0.35224002315
0.314726166387
0.055455799869
0.0497044205479
0.399521413176
0.311369116827
0.250216243667
0.224072307443
0.293887651005
0.481224034248
0.0707848709525
0.383483875304
0.378581912503
0.492405814592
0.465041406719
0.204262895324
0.184525230843
0.298353371106
0.431385324021
0.200021944841
0.409899288043
0.0945822324902
0.369383043059
0.246606253863
0.291811598887
0.415616919717
0.337950778282
0.255737949881
0.33753398106
0.498275004853
0.299935983418
0.319012122714
0.41682754679
0.368152457908
0.378242877697
0.102887221989
0.214277718518
0.353351680293
0.0634583838498
0.33080911139
0.215231802959
0.330357769633
0.645806921948
0.153344764547
0.216041003886
0.079111800936
0.0872182959994
0.0613705063655
0.299162955785
0.205583775356
0.606616086488
0.0386699020961
0.148822591153
0.390740441212
0.686663747879
0.262549862777
0.125223231055
0.477671355714
0.503076649562
0.0735643878332
0.26516274186
0.304490170849
0.274206298467
0.192577760463
0.271957035747
0.338027731774
0.321294478769
0.232684169601
0.0784402794637
0.24277257672
0.550464070375
0.376131902821
0.153927799621
0.292644681551
0.211968196456
0.0440849886791
0.362518612639
0.0848342604794
0.240477317984
0.107207541934
0.382000797918
0.00522453363263
0.378008156042
0.251500923168
0.0539124525852
0.0369670869727
0.281094206411
0.0523495288074
0.249466087223
0.436894450571
0.630804186277
0.0030477550677
0.104490207415
0.473165920548
0.0334611374867
0.162582266426
0.345396665127
0.129011269107
0.217943080268
0.0197085097325
0.0756642878275
0.229782106736
0.0162545370848
0.0446411171649
0.391430114629
0.229967350278
0.313687601284
0.113827553005
0.183794110693
0.22379975782
0.206875942782
0.0221454424314
0.177507785081
0.200888829727
0.429358791858
0.270043864873
0.258811002191
0.0214976107213
0.119293353235
0.658026331303
0.190069768417
0.209820372138
0.0345495123473
0.0572802573816
0.14509125654
0.520125148497
0.319285613901
0.221631333751
0.373800982842
0.244943800222
0.0431330773494
0.301968921004
0.218536765185
0.724902522881
0.287484222724
0.644475576402
0.316351208411
0.116563192583
0.275788101916
0.411760619714
0.0532708980829
0.359784988599
0.427511187318
0.165507071893
0.143779342685
0.208742112744
0.231933298946
0.235835613487
0.244984472116
0.221863032056
0.113876996465
0.486029156534
0.0876912711362
0.284238387868
0.132087310632
0.133521624844
0.0347755674407
0.104323201415
0.256984065816
0.320839371555
0.0944532989963
0.264233363827
0.2186644456
0.0220970869121
0.279715481822
0.279403905273
0.158386611298
0.154824644778
0.0943764804062
0.362476133718
0.239135225997
0.150874879161
0.180972586431
0.226681179001
0.0433406818951
0.198934834081
0.203155461101
0.230950614948
0.0731070395578
0.187842247787
0.163386143699
0.196023225691
0.4106766258
0.0981871950529
0.167236622871
0.328135586183
0.338946861681
0.356648153434
0.118533927168
0.407593691572
0.10749344028
0.585833403281
0.317829555893
0.0396581032763
0.0381073631212
0.244352229833
0.172698427057
0.334072302686
0.504533161648
0.278131560415
0.293313733098
0.287065284287
0.128686267574
0.203040821632
0.159499119882
0.206662161042
0.417026686524
0.214252489589
0.334907475819
0.409806429411
0.283454104103
0.358374451077
0.248239395332
0.232461378045
0.255260030726
0.299820651493
0.373936665479
0.19230109306
0.212377990108
0.164363340235
0.115199452123
0.0702741028627
0.226393940609
0.32191212102
0.271052982707
0.332611096424
0.268229205464
0.21560194003
0.208720069731
0.229785105708
0.186661823347
0.31683634952
0.159431420297
0.3001796934
0.183565706583
0.156462004105
0.280628043547
0.282910050425
0.203560712064
0.241135632995
0.101565309232
0.341844347283
0.169324263643
0.191516694458
0.325043132807
0.104805182519
0.166616213895
0.0698656054952
0.390650188648
0.193157502798
0.180738291032
0.356503938545
0.275463162722
0.136419764496
0.0391946729888
0.368242985498
0.341019970978
0.398780863575
0.107940824313
0.21651464495
0.501479037553
0.15509593537
0.119394726027
0.354492607282
0.228927228426
0.174281255414
0.311956555004
0.17891458744
0.41258551604
0.226239624062
0.121716150458
0.214019358383
0.256923461558
0.0884543548882
0.443146391679
0.176304962382
0.112051938989
0.0977336100704
0.222314360269
0.464776290045
0.210333721476
0.400067867624
0.046875
0.172818342032
0.210121849216
0.188997124387
0.0724828758215
0.216220829746
0.191653185348
0.353022284851
0.24283402226
0.106347417107
0.00644402500597
0.113376361452
0.283002661215
0.404530692515
0.221634656216
0.29857601488
0.112775482777
0.126830538703
0.208456270537
0.500473985519
0.0702567307052
0.164826094204
0.253814753867
0.41894161802
0.174289781623
0.047383536366
0.115170216976
0.172012562205
0.0498128147388
0.0757778687269
0.0622416243979
0.290592298602
0.0146288262968
0.324491590448
0.243870185362
0.0987418942443
0.0948868068962
0.0256447260267
0.195156290535
0.327126125151
0.178257872949
0.289484527077
0.157119839904
0.194644740494
0.183886718935
0.247115809991
0.179791537943
0.241512383093
0.085367204938
0.264513482483
0.0569448321742
0.144159570681
0.263988865619
0.211487621795
0.216008626591
0.0
0.175310696435
0.130447675532
0.298701339407
0.160773305755
0.0811873336422
0.159805135463
0.313525382756
0.0952320864596
0.087490235137
0.171283120134
0.191797112912
0.4544347827
0.251357455271
0.101979603983
0.532165550623
0.120203105163
0.374687078646
0.414018774218
0.268817918228
0.405565004862
0.191025874584
0.182018889772
0.213903879376
0.233131481938
0.352320200798
0.203608867093
0.317724908319
0.219020954102
0.342817413979
0.174536947055
0.479470425105
0.470083638072
0.191903903789
0.205275713841
0.191636914482
0.0832865795402
0.0935824678711
0.453211851887
0.325665650657
0.470809696159
0.309141692091
0.0918464534549
0.486057305487
0.287235991284
0.192199857493
0.415190352962
0.391750419454
0.0424306638552
0.383974698144
0.11509609581
0.21291607822
0.155438570697
0.535474627833
0.358454401605
0.323642748933
0.17576086247
0.396873446182
0.218378657855
0.505331628729
0.0742985106263
0.222379532943
0.341532823785
0.230496421368
0.255871504168
0.385397721405
0.267929418851
0.075528843533
0.277602481826
0.294912801749
0.0867545995296
0.208297721352
0.213471921664
0.348541155263
0.123819747969
0.33835669909
0.369861662271
0.0444770378255
0.0204325532691
0.207881178456
0.238707618472
0.0533644410526
0.491958185879
0.0623562222934
0.30347769236
0.172062429215
0.0707821690502
0.196462870581
0.338922815309
0.342348003655
0.204350576622
0.270865840951
0.303464349368
0.151118293828
0.317103114624
0.258653589557
0.120594118861
0.453728218426
0.379994736613
0.190082321168
0.0692297366171
0.359739301216
0.0727406516236
0.258096202857
0.187335654734
0.250249804058
0.509234373259
0.210711118132
0.259702981816
0.374486861721
0.145802142846
0.0590541448371
0.276686256943
0.192012165289
0.167697810939
0.221588736597
0.17785044021
0.0965715436799
0.285435302428
0.224881447799
0.111899745917
0.100336510214
0.264603161868
0.149883539654
0.163439069292
0.04168427395
0.0965331286397
0.305581800151
0.0977955571524
0.152825017281
0.299970858147
0.0911246048778
0.150170609932
0.375199046442
0.207749509621
0.313353082451
0.164815835294
0.139886600875
0.0571017556599
0.227151959799
0.286434603726
0.228445067153
0.101640943484
0.125533301136
0.18031639908
0.184463860189
0.122118739595
0.297665520008
0.387120109331
0.0314114009846
0.0
0.18941155895
0.246707651717
0.147061137789
0.0976487129623
0.209823224855
0.0871878193657
0.302483449228
0.314856269072
0.144565470703
0.0474427097629
0.288248828887
0.327062858655
0.0896513231901
0.364840860435
0.40517424612
0.0356986805866
0.256702359785
0.0550374198741
0.0939443847434
0.132148361879
0.263000284182
0.122902736451
0.288540092209
0.330381928097
0.0220005570038
0.316328271173
0.0537605336531
0.225803823378
0.320391471123
0.282245879901
0.220737267782
0.0833700024005
0.262485241144
0.251141481405
0.544736081366
0.307288157051
0.136681263419
0.20571393587
0.312719634975
0.313234238627
0.219987376225
0.125162777395
0.388367048905
0.324434672608
0.319311039637
0.162414115989
0.171867250919
0.203323571777
0.0882208917328
0.0575190471357
0.0738828285138
0.312761005649
0.524914703333
0.0
0.476245370423
0.308277026038
0.114936143746
0.19842429328
0.0387069718202
0.0844791396203
0.450061917933
0.0602165981994
0.0763505623875
0.0546875
0.131876390713
0.285772099059
0.210419294235
0.120481465787
0.300464060266
0.409802116893
0.124657146617
0.282023921407
0.245523241557
0.462725639769
0.283173143176
0.250484689489
0.355064322597
0.24327710811
0.314552065109
0.125995661157
0.348409883981
0.360026006403
0.157773113301
0.114070175118
0.114074475492
0.321455789025
0.086806956461
0.143122679667
0.307643926429
0.299857999194
0.185813663411
0.197170870546
0.423042693324
0.143698183056
0.288156661837
0.207106182934
0.374461172124
0.378016295534
0.111977250753
0.265369509442
0.383190584372
0.141498936809
0.258756934154
0.211976541388
0.34618792052
0.250226046477
0.0875061874661
0.375451979008
0.369760506744
0.144019950347
0.293893792763
0.204767370011
0.473220194756
0.33692430387
0.179419438259
0.174775316564
0.150902049566
0.0841465965527
0.49729019265
0.362274396214
0.473220194756
0.151498266066
0.408766618602
0.0896755166753
0.543809289281
0.190821733821
0.104078710396
0.157934260379
0.394259326394
0.0841846860063
0.223632707298
0.317706235799
0.492181618881
0.323627604595
0.383140176518
0.338309989039
0.140596186891
0.0118724325883
0.173494403611
0.290886679791
0.469745942916
0.340623690625
0.0608403649434
0.0697628139989
0.19657757008
0.339322314026
0.301841428321
0.265031150376
0.398926747233
0.0385693176345
0.189812834219
0.0896513414803
