0.0679546762941
0.195302155022
0.419513422622
0.379559744431
0.429205325335
0.103131847908
0.342151528644
0.634665098697
0.127198613049
0.123412176652
0.117501993161
0.0973599864292
0.342206386315
0.215264963067
0.411975613718
0.294634379916
0.0764685340057
0.0686205740115
0.113236720414
0.216603149359
0.31562932928
0.418361054806
0.216755552854
0.237085854272
0.174561608388
0.100854386594
0.0933670137285
0.132204087358
0.43660603174
0.0905928837554
0.304195133732
0.106161367198
0.184072480387
0.406685612521
0.0905248822937
0.18481084552
0.393264314266
0.312517707512
0.379048933702
0.45232154392
0.120380427494
0.393693619777
0.108550957969
0.405678450806
0.0245056861113
0.389749637017
0.449869428214
0.354605074613
0.0799149356225
0.490995365121
0.216633899817
0.275195753665
0.117166530043
0.289354338234
0.175491686476
0.421696890107
0.348012318146
0.420898274482
0.0916365191336
0.160791186071
0.15588191286
0.267766996323
0.303127532112
0.027817207525
0.133777343844
0.260705082249
0.195159491055
0.401565555219
0.101067369954
0.271817393472
0.525358994567
0.307678931246
0.604429336851
0.413609553444
0.157873852358
0.168551058552
0.244867657623
0.528411077535
0.0831031433533
0.224084496575
0.416945393646
0.295365643178
0.239126937636
0.133179480147
0.345591861425
0.454824331873
0.414029851871
0.0378232934517
0.176685833859
0.271532653354
0.306275337894
0.0780873254636
0.21825129366
0.382010008517
0.295087653268
0.597527788925
0.334038506227
0.118340301127
0.071533488571
0.125
0.430907631708
0.357174179902
0.431126934267
0.33559082463
0.27679780688
0.547275864343
0.469391179281
0.119252598209
0.309224557299
0.272404095782
0.453347591919
0.425802408686
0.277875339035
0.0354099169439
0.413430630309
0.397315271527
0.272482683979
0.298768394691
0.238855106285
0.319911345535
0.227580059177
0.410303560916
0.381700408898
0.365360683628
0.290126564012
0.401123972978
0.204845463141
0.259578920868
0.616696073901
0.501534782625
0.323090493929
0.33684116904
0.9375
0.264020621754
0.0921650150402
0.0982614038759
0.447618556213
0.44305433268
0.466029078237
0.497637655435
0.141186153896
0.492746510488
0.524166033898
0.0811128209465
0.304254393853
0.243573002735
0.201760407157
0.359203777808
0.636285189726
0.349726762776
0.106143091402
0.0902233962602
0.190358395244
0.226245440082
0.23264416566
0.356813710074
0.100208645825
0.261310994836
0.354401078184
0.299885742432
0.196757331187
0.0976824681729
0.139890405784
0.450400246994
0.160705402034
0.424519242878
0.37411702071
0.405200524797
0.341861256047
0.232293301935
0.57468723861
0.428480841657
0.25025704641
0.23338037252
0.204713639237
0.454595206697
0.543771568349
0.223857302539
0.251356089768
0.540506659362
0.323267722505
0.352841517762
0.511885370645
0.549679757295
0.441484911485
0.40962490018
0.147452612528
0.369845877556
0.359083127618
0.4375
0.157871666112
0.469954423665
0.313871039509
0.194885794343
0.0244157047227
0.264526174422
0.314066693413
0.308639040232
0.31751167847
0.229446741479
0.288017776611
0.257321769968
0.0952447447833
0.391291879489
0.0707190298134
0.0114728190605
0.448459491944
0.306087166185
0.36918656191
0.421848790538
0.601661293334
0.323605067521
0.409973822052
0.0813333795505
0.176519030389
0.351666533312
0.0981240622276
0.473705074068
0.22962453475
0.106564590559
0.323159063124
0.592365987634
0.0228132605628
0.221708487945
0.313436213062
0.24352556078
0.0416666666667
0.09560077936
0.313404068176
0.239299556568
0.312958218897
0.0653169096731
0.295308680271
0.284099449518
0.188403344084
0.306011858439
0.278674533839
0.283708283741
0.0944077311529
0.198514079705
0.32765569774
0.265879739126
0.305455545002
0.216962216006
0.374622470814
0.0534606407493
0.401715823735
0.0288391336319
0.377579450032
0.570954140256
0.367767181763
0.606395789114
0.24311770928
0.542894809807
0.0958485854355
0.412691810036
0.290752796892
0.215233336622
0.439953526246
0.171675831726
0.189556559414
0.476713143333
0.27457588459
0.122614169865
0.492860958826
0.317257131214
0.0636476647677
0.124487610261
0.358785360579
0.394867429104
0.139196867077
0.208406655795
0.622736772785
0.391589664991
0.352366566794
0.128262843065
0.704927298171
0.490560948252
0.318558060856
0.294679448691
0.517753789771
0.365252985791
0.533048843055
0.373142861796
0.353932532174
0.343330241161
0.027864179374
0.364849558467
0.53883009084
0.42835395325
0.38560412561
0.620589156577
0.475873086312
0.361602415888
0.47317507616
0.559583773581
0.233564514918
0.196326230792
0.36556740523
0.478900676035
0.349331040561
0.430853227885
0.134688979122
0.275435692809
0.150908702178
0.118637172721
0.428796283649
0.206044850788
0.259773274959
0.277324699781
0.368414153496
0.226972114819
0.341137996638
0.468388470673
0.314016139063
0.310306328981
0.162534128921
0.121426202895
0.356357197767
0.162737823271
0.166484830338
0.395769539197
0.396661466211
0.293551988375
0.490584624911
0.286085927331
0.479128622627
0.271302908137
0.202401516259
0.331343988631
0.3620572636
0.253865981981
0.23480214257
0.265759127286
0.343123900833
0.280912067259
0.0957380496963
0.488413342449
0.163746295143
0.37649260238
0.393386068887
0.437283792008
0.512616499795
0.436940612663
0.0869648210872
0.0650426606166
0.414309263594
0.347088420143
0.473622977041
0.379961781586
0.178881514504
0.532791215281
0.483775260241
0.246815686207
0.16115002877
0.0617051104381
0.405956805883
0.576421912704
0.334114910254
0.614967800658
0.515675941669
0.0889953232874
0.350338062926
0.206049297673
0.426278987058
0.523214572464
0.480321598893
0.251623305063
0.503602462856
0.590175329184
0.45610953578
0.417610003721
0.499588923766
0.605666786566
0.376107346801
0.0735902033554
0.418507644466
0.54536600922
0.303716445477
0.488642750772
0.347674038731
0.0857350462225
0.475891592623
0.163266005843
0.0424525394613
0.266830215239
0.108448389845
0.179430254299
0.206462928479
0.282758321108
0.358477551106
0.17411291227
0.310109063433
0.287536927643
0.270759693475
0.321829326629
0.356377666009
0.429556767933
0.249041756198
0.462211846202
0.311876196483
0.38332128405
0.218328040639
0.225764613788
0.304747870065
0.587630652718
0.421242805499
0.55377835332
0.476462475024
0.385789248352
0.514815519686
0.146296224262
0.290761404314
0.279685693188
0.306094822271
0.0254049087475
0.298770613726
0.379143662082
0.28706027738
0.307441654118
0.381881089106
0.744943218409
0.513035323816
0.413582955399
0.29183943705
0.345224408653
0.431801855284
0.460418738327
0.248566822704
0.131305738467
0.322321143739
0.236762331221
0.500048718314
0.392860533353
0.596280379698
0.25225929229
0.327242504853
0.37485913758
0.484840880409
0.384096386537
0.420704480321
0.109720973036
0.277432234648
0.244464406558
0.560409757584
0.246659103712
0.403786381567
0.105965292925
0.21944784909
0.127728254399
0.47792762965
0.298659907801
0.555922624873
0.428343296665
0.380255446755
0.0291412247895
0.574444418821
0.238285638351
0.389861404087
0.310199314815
0.41526781196
0.273326891439
0.0722219349378
0.604149258399
0.275482385086
0.367249272664
0.231292927231
0.453896941438
0.292972042667
0.0407394673687
0.418858749565
0.0615604726762
0.344972586816
0.390974626566
0.248058655992
0.502891538272
0.374444373472
0.440190777897
0.418268523045
0.153349044669
0.451994379641
0.347111433565
0.379144868907
0.23209663995
0.134775513756
0.337294164418
0.514100152121
0.0770844968866
0.342231324596
0.392074923077
0.176809548166
0.0943885241285
0.288819761696
0.402169891908
0.174284755393
0.408639330444
0.146928517925
0.408516029021
0.0566897411094
0.335259023841
0.523054528788
0.238838664772
0.138730215999
0.310153580036
0.304640547182
0.609996094838
0.206607279217
0.529746374759
0.267259493703
0.133968789062
0.289832732409
0.515207401263
0.43883758612
0.359631954671
0.232565832457
0.304152271302
0.373335740517
0.575465487434
0.337800837753
0.568585586685
0.131660751704
0.357628132234
0.191994710542
0.27321971689
0.124436402286
0.37022207038
0.212586931235
0.356993450448
0.458140983773
0.115916969979
0.372517546206
0.109940629716
0.148831406077
0.202580117183
0.144597915692
0.236668318516
0.214066612639
0.241568497528
0.347026578283
0.244370422983
0.589605968225
0.412358959807
0.238641864646
0.722258686732
0.514194982505
0.535764313628
0.459932831393
0.274197329932
0.461539364393
0.236617949981
0.677300704903
0.551050349225
0.369189234703
0.395985069454
0.548010655644
0.291228797295
0.163743821897
0.332703758547
0.120217962254
0.178913239795
0.0389990375531
0.506124183739
0.0165681401826
0.167417630832
0.00933895900037
0.165056251405
0.232063652935
0.103669871773
0.558674431382
0.245970068786
0.264036388385
0.104651559937
0.221257181453
0.35683685648
0.729492705265
0.302013226792
0.526401585916
0.150405175863
0.29008946357
0.188912632389
0.0946916661257
0.0273276988632
0.242165983166
0.225423301441
0.447842957748
0.134803494368
0.47741144841
0.720221013778
0.250827078217
0.676463947609
0.503986274573
0.225647090152
0.386512380226
0.340558481217
0.539133046079
0.134747892351
0.551785450371
0.277101844204
0.449220414453
0.589905732995
0.110456076756
0.0648030374513
0.246173287762
0.0642992309362
0.204666330412
0.110310211112
0.162137564827
0.05797470941
0.161139518857
0.0841947250985
0.225223319415
0.0824373870897
0.0341267124961
0.056591456529
0.198312764513
0.0478787020652
0.0766846405007
0.0775123854419
0.0244157047227
0.135178894845
0.158357164797
0.138012106582
0.200089088527
0.116708829548
0.281539257937
0.318060372013
0.043217743793
0.361798467004
0.0953773521204
0.0981754000984
0.0924413402525
0.392411120931
0.0694435794447
0.0280427059465
0.388809031407
0.0841183836095
0.149888562019
0.495650019633
0.193397251338
0.186801134805
0.0256988887864
0.284550253887
0.103287006338
0.259463913944
0.143292372082
0.187829233251
0.152369046479
0.243311401485
0.319951726316
0.111293463138
0.140857889403
0.412945781971
0.392938803853
0.173111928422
0.0720300785504
0.196368786906
0.0594429554544
0.0930962520065
0.0684185135892
0.120647188127
0.268502496304
0.12427891212
0.340628738849
0.269832906877
0.370197206537
0.448317051681
0.0759287341864
0.18230905112
0.0907303758475
0.467278042784
0.225111880919
0.0993137349673
0.321957407144
0.0269774636618
0.0698477759192
0.172850734545
0.0393494001874
0.060432560407
0.116388479086
0.0668652846458
0.39087810048
0.232200547008
0.135294476914
0.186328535473
0.0861894529244
0.0812198025705
0.353897796329
0.315206858433
0.101820690764
0.0818576976437
0.532625730965
0.332749937927
0.139092109584
0.261248691326
0.37407498775
0.178677635928
0.103409875595
0.0958561588102
0.179285728318
0.226320085246
0.105289553903
0.239779068032
0.0670987775381
0.0683597967996
0.108000903805
0.0451943265126
0.0274704049929
0.074145656758
0.188772914782
0.0783887039706
0.0654390785248
0.456993873054
0.0703320078392
0.165014677402
0.360238658182
0.491165230114
0.0601493177374
0.302874040512
0.138511071382
0.0856752324322
0.041733392119
0.280529737891
0.0376786048003
0.221852564792
0.0352060655315
0.115170414017
0.47213596469
0.0917325279645
0.053015771662
0.225713766893
0.303194682355
0.0787964703749
0.149491340474
0.219794816701
0.0636724732038
0.230481780888
0.0962904189826
0.0901269885931
0.122831735595
0.0500816883138
0.0704103272557
0.0116993647571
0.455159198709
0.221312929089
0.142295548489
0.219600744886
0.290672008684
0.120736533288
0.0220594365342
0.158809322585
0.18849477241
0.0219433494937
0.0385230757732
0.0255913967742
0.0836905948765
0.0693021186015
0.131109184467
0.119795277452
0.0
0.173886332801
0.0785422708643
0.0814367535904
0.0791826709939
0.194803685838
0.40828016023
0.0786650739123
0.638932089687
0.0836905948765
0.219145515347
0.0475413469403
0.0544944914705
0.0763947814402
0.0361739843168
0.128768649624
0.0988706686911
0.121534358624
0.32915171102
0.232760488485
0.0528597004935
0.0650312135604
0.0377032111477
0.115831855241
0.120281224118
0.0941617803159
0.179343410559
0.0539311184193
0.120726304137
0.0614195160561
0.219433346388
0.0920253434308
0.0408125818515
0.132411804537
0.0475166105597
0.134689299781
0.16934705932
0.115242976139
0.0
0.0111030471421
0.0446948360872
0.0299628588937
0.0376500834837
0.198116305641
0.187087731445
0.0975373506356
0.0
0.0848552764762
0.105690577867
0.031696701941
0.166666788523
0.412615485546
0.0501330654765
0.150634811989
0.392112868887
0.0112677846039
0.0287211274611
0.0
0.0902304166072
0.226609399292
0.286969141293
0.248719204569
0.174121077736
0.19841851952
0.134006894034
0.0307837370933
0.104274877346
0.0947399964611
0.175612034177
0.278961583235
0.144503205858
0.122618399803
0.0699531311759
0.039736696718
0.0698146020349
0.245038124092
0.0537003859881
0.0346278568098
0.316807606454
0.106229813183
0.0527355180654
0.118258828262
0.209619744317
0.069359702929
0.0975443493137
0.467219521177
0.0147235244567
0.0835179903897
0.0578247801388
0.0123875741146
0.215646468852
0.113076803534
0.0923851642973
0.101852736594
0.100493199286
0.107384827909
0.0221838328927
0.0940872637829
0.161365541933
0.609328032487
0.045653445823
0.0416467518991
0.0870934799437
0.0288113844162
0.116875524631
0.0406624437532
0.0573534643501
0.108527555596
0.302870587182
0.0926048246328
0.177293412406
0.0533386269773
0.124554940474
0.236147457079
0.276550114144
0.0622828086843
0.300939664073
0.0485738768554
0.657880570619
0.262558143281
0.0433894629055
0.28355759504
0.245388013983
0.226954729041
0.107291318185
0.0769716710019
0.286629048324
0.37741197958
0.0720222700087
0.221312789969
0.0765194303573
0.0290170192962
0.221255116936
0.291157234125
0.21895626132
0.0518101729212
0.352895849376
0.124413130302
0.376822207935
0.125970380571
0.304390549356
0.0
0.164442178839
0.115580418692
0.0684565300215
0.0735245850891
0.122496388355
0.121106007035
0.134723768599
0.101558564647
0.14654045977
0.412474631049
0.078439998974
0.109156620914
0.231482839515
0.0721150144844
0.235609187788
0.111006323873
0.247571099658
0.29219250729
0.139117396975
0.0557809849781
0.236707351531
0.344085080947
0.0596038904615
0.364376186154
0.252410221876
0.130449234036
0.183201345235
0.132425866668
0.228720040303
0.153349591272
0.307546170557
0.027278364362
0.128665304856
0.167765742663
0.18712298776
0.0740049378362
0.215753323793
0.107048193601
0.0318768410934
0.129740602884
0.0300768055357
0.0238576406375
0.318399831725
0.0825485488297
0.0732524249019
0.0967369565491
0.127601014423
0.0454007555185
0.242038070074
0.0851457217902
0.452865627065
0.0407668440781
0.0362363881174
0.171012476785
0.151415851173
0.345833799704
0.0649806111364
0.03626764933
0.115417683783
0.208201528895
0.277532302797
0.115163566037
0.166078516884
0.376417744781
0.119779350125
0.387359176273
0.0676180704658
0.0679048451288
0.077841975917
0.475612302026
0.100667291639
0.265189749091
0.092515305119
0.0887552848951
0.120450246614
0.124233102033
0.112624536447
0.160785268718
0.138581176834
0.056449752838
0.219592829096
0.086706284016
0.147686007452
0.157500359201
0.158591575214
0.283039992084
0.0307801725649
0.160278880759
0.0864150090793
0.0387000874444
0.163863347361
0.0834244527387
0.0380037471542
0.0529339254308
0.0714916624716
0.329243624429
0.0271296917777
0.100389747773
0.302292280364
0.100258590634
0.0902340503962
0.106392434901
0.0905482172312
0.270938283218
0.19965138803
0.0878891709374
0.220584083106
0.55521320258
0.0949169144614
0.263229457643
0.520431154531
0.149657420875
0.0754336648434
0.121207449925
0.123752263556
0.42954854794
0.177887013366
0.12624360922
0.0631215091491
0.275864982519
0.0543225686715
0.417445114328
0.109557618385
0.0782393223282
0.285784066846
0.224130065124
0.0261770666049
0.0725549209023
0.224276055357
0.0
0.0931397428915
0.0992930110951
0.0751114700382
0.252947956031
0.0460280681594
0.060068527784
0.044761499643
0.179482606653
0.276998642004
0.0884982237979
0.196318195311
0.0177262234902
0.231464580524
0.320156949037
0.245658036656
0.272645527727
0.273056733027
0.208953760393
0.170174478044
0.129313903074
0.0602296833382
0.100098683348
0.0938921651251
0.118849030643
0.246060670877
0.086856422063
0.209838806289
0.174525305712
0.150885398212
0.0890632352658
0.208246509621
0.0
0.0783299101177
0.195108463902
0.0597092779853
0.236344751864
0.0880122721442
0.113348177562
0.273642304033
0.0389963307155
0.0915045041596
0.178059494166
0.0710883533947
0.0519173785427
0.309455677369
0.229343653403
0.222547451567
0.139998298344
0.136834876052
0.221025445822
0.205341774698
0.220321022858
0.14505299509
0.0756273899258
0.125723481337
0.0645045811746
0.0598933157919
0.0999694368544
0.12416256103
0.0331664326547
0.300962587727
0.213080182821
0.248429551645
0.0875456879076
0.137277085731
0.392369983544
0.29444545266
0.114151112981
0.03906383412
0.103304859019
0.309727589539
0.144068404054
0.283135481194
0.207174846492
0.0584244406236
0.105579674978
0.218345389313
0.328648597501
0.140334374178
0.0795943835505
0.213030248709
0.0927968164056
0.206964968947
0.107833504182
0.280609902796
0.356744808022
0.405533252976
0.165309336203
0.237592640709
0.0584812781459
0.127546181568
0.0730433347717
0.187236322013
0.226250976059
0.126075132107
0.102129624335
0.131488583421
0.0816299880225
0.0143338118966
0.27785194547
0.247058270748
0.0276455906187
0.173424538179
0.0502155055865
0.285185841485
0.192219343827
0.0740673559303
0.0
0.13661916338
0.0254049087475
0.244227666776
0.0748899433064
0.105168211475
0.243102064124
0.190909226656
0.336974440643
0.0534432154262
0.0837609124293
0.123936105239
0.392259544004
0.11155213548
0.37042099441
0.26016249838
0.275258748167
0.0356979042014
0.474516982173
0.194868980203
0.119684956445
0.113249967635
0.283262512309
0.064312072635
0.273053069996
0.120155223688
0.362236167658
0.0298826649323
0.299415386196
0.369364232037
0.108238060073
0.276029844551
0.357289920624
0.0541393556248
0.0812201808424
0.311914136973
0.2566104373
0.205499045795
0.228771371522
0.190729498454
0.0213800230628
0.205576137293
0.0516113294621
0.463474056565
0.17089649048
0.037686939103
0.127782976379
0.312730256447
0.218891522984
0.0409729424226
0.32784902656
0.23101016602
0.187647519905
0.247260243553
0.155393983448
0.288241342776
0.163291599197
0.0597084398175
0.315982203689
0.212833376055
0.0921183389687
0.130261773561
0.0165681401826
0.255763819257
0.013932089687
0.249415194482
0.088024933996
0.245386326387
0.358669622895
0.201806478716
0.154161102959
0.169239225286
0.385921648185
0.358776507302
0.469985250243
0.290631834999
0.456413095898
0.299733107059
0.155813023523
0.0760071346535
0.39545121088
0.316599851359
0.419842196304
0.467671324724
0.427482371125
0.400470832202
0.401931180914
0.254957611648
0.485108972659
0.50280137
0.35727922415
0.36707077679
0.438640991878
0.0
0.0820848220798
0.466778746088
0.0923542124177
0.0408476406586
0.282883377581
0.386788623679
0.318436908443
0.332438275459
0.12951717959
0.334038325686
0.596908170272
0.323112311386
0.360941460504
0.140205208692
0.313849869675
0.201416141124
0.364518570152
0.120933588012
0.262387315548
0.361127639711
0.423855810365
0.105985521094
0.0680417346788
0.253970958163
0.381038511221
0.078497608398
0.416185965589
0.399353630376
0.0832456176886
0.309603303432
0.355829345826
0.244953308238
0.588348072765
0.44455008223
0.249644260522
0.46017415899
0.429201102425
0.297283208244
0.0599567859583
0.155015010668
0.404404732349
0.16911880957
0.243505997452
0.464869697671
0.169048844491
0.23245083628
0.2959941844
0.390541745279
0.297311520732
0.331834125202
0.177949615005
0.283142451039
0.087562253344
0.182540102235
0.255991558775
0.165513521939
0.168401209468
0.490568397647
0.476304646743
0.29412906845
0.0893457240088
0.3268483421
0.403046466755
0.120250739522
0.122426154847
0.389380205536
0.28036189069
0.31061076731
0.295410549499
0.462350166973
0.0933479435579
0.152809539201
0.245797288801
0.427993381784
0.210699955829
0.171767752786
0.128925661063
0.374672293187
0.33480639471
0.356176053746
0.120283909783
0.0400676847469
0.368723187866
0.0995405266295
0.340086853096
0.165440579319
0.358972884599
0.39521654793
0.280770471857
0.1282407773
0.41056559784
0.261479005563
0.107173689801
0.121868707495
0.0918921944601
0.561338629636
0.197977481286
0.0868214589055
0.383859096279
0.417994490835
0.350956644939
0.350062652273
0.264137339255
0.290596209727
0.27067289685
0.166647756383
0.293491266634
0.292517358446
0.2171361255
0.273338791107
0.464177859268
0.256336781717
0.387944355417
0.0837742738707
0.20302843742
0.370093100629
0.407620104093
0.366695358963
0.419308286465
0.303341067011
0.405478132417
0.382708661512
0.140251908503
0.141235723556
0.391654588927
0.366339490273
0.305321383214
0.311711594892
0.0442539053318
0.521642314407
0.0878625454908
0.28649761865
0.413531357395
0.147203932081
0.118270417819
0.20849282354
0.0123875741146
0.109046109265
0.278890092799
0.419651169742
0.157059703394
0.241038756706
0.306398057941
0.376733588246
0.163243498615
0.241068526688
0.163448213683
0.283444598535
0.388626807217
0.495249099482
0.564130668218
0.293518404662
0.266208586733
0.169829859617
0.301454981005
0.412666664707
0.27783248293
0.390625195873
0.286993033624
0.402670207153
0.334086678957
0.0147313912747
0.368596796677
0.847839545655
0.397601193455
0.0438115445415
0.203808195377
0.306082131701
0.327726827634
0.0928259348483
0.178562868394
0.300902633403
0.354653602402
0.324739131378
0.345824705712
0.348009767698
0.487298129422
0.190798028598
0.210945852687
0.276267894942
0.209441650723
0.596420672165
0.713277471374
0.319336066094
0.233065401525
0.0283233848451
0.101558564647
0.0286634809617
0.264579954775
0.132469858803
0.422049344066
0.0537800768095
0.265161899957
0.379041400398
0.442712046101
0.185611614731
0.13815964449
0.155570580874
0.268593987767
0.0995822007
0.098264267632
0.242862752947
0.213802095451
0.0661319514144
0.0840098993805
0.42278200761
0.203025599558
0.347774241702
0.174798246591
0.148948953476
0.144672082353
0.285614897993
0.320146121305
0.307474413898
0.523053068275
0.184377652938
0.339239374312
0.192094647663
0.319617865943
0.156778012817
0.28416652154
0.161880198688
0.143190583298
0.348135093509
0.388371995244
0.0343484745391
0.109587385647
0.365049761846
0.212500497811
0.413608847141
0.223200336565
0.289081704713
0.298773444265
0.494722893503
0.261140657966
0.0950861746492
0.0814650459082
0.528824201008
0.131163312672
0.142079372899
0.154788494301
0.326911753619
0.41447507336
0.20946042723
0.117989597324
0.181377822512
0.234559604662
0.238155720914
0.292379169228
0.177120064203
0.227492389713
0.209391711737
0.326544514025
0.491094993106
0.150518881816
0.261381453915
0.240906410987
0.120836987006
0.0
0.294064274996
0.0734192200792
0.167806254014
0.277037550747
0.0376500834837
0.0
0.0561338791045
0.272873050495
0.246849846812
0.151552742064
0.158821340294
0.115701115229
0.420029129877
0.247492078551
0.101604530199
0.177810695957
0.0830970750222
0.0952791004454
0.132972611994
0.0719938560353
0.0649191769017
0.43404380368
0.219540149983
0.236046724454
0.0875740024882
0.0874880656567
0.0367595760084
0.251083400072
0.0374756007451
0.0930318403389
0.259659948897
0.297342884522
0.356709676395
0.076725651912
0.370839953039
0.184268136968
0.332326850445
0.146909364023
0.0662611172799
0.336665092514
0.274609798745
0.114341427572
0.0599867584447
0.0931153288827
0.0569897239775
0.0612690449048
0.879269123868
0.0909193277765
0.159140262521
0.388552776166
0.231729057173
0.128734876579
0.255331428572
0.473420650719
0.127848846814
0.375232783588
0.264012511752
0.0508672607533
0.274707986202
0.155482896633
0.16307900986
0.318387308063
0.348272599728
0.265203319128
0.0400066158482
0.189412782278
0.30268649307
0.0282360281864
0.172289277255
0.310107731123
0.0827855446513
0.105620439166
0.638932089687
0.325139478666
0.0547688168957
0.066565736907
0.282882571934
0.375568813538
0.0824486893641
0.302814954546
0.30830380809
0.264846478616
0.231760751368
0.336162450691
0.0636880762711
0.352145049721
0.249226264464
0.196856992173
0.258435663357
0.275163358717
0.284151861955
0.0926160851192
0.259669639734
0.45647840394
0.231174856521
0.492702462058
0.265917299067
0.394607601705
0.201880360431
0.220665528434
0.274288051067
0.18348901682
0.275144315697
0.187105285618
0.364570264644
0.0767938758119
0.151977491726
0.160898600397
0.184334818626
0.336100010182
0.0995468876664
0.237313664123
0.143786801301
0.307941005174
0.249641198319
0.311733626238
0.17152608115
0.315592080763
0.145149683425
0.221102883694
0.391848257359
0.191338906901
0.204069456903
0.0932447585449
0.401360103292
0.287734184254
0.0828522096541
0.386914877868
0.472418021329
0.389241556379
0.221541838829
0.398998809711
0.125611565532
0.380773573096
0.0133997296213
0.222316408511
0.292805917775
0.0673017579105
0.106976441601
0.17549699583
0.20484462074
0.298960253118
0.237959756522
0.239435452676
0.331997874664
0.364479375105
0.0582771366737
0.390891577532
0.265464838694
0.115685656131
0.256306204109
0.187096185452
0.09580678229
0.0286634809617
0.207941947873
0.474667169655
0.66542768707
0.150806832709
0.219044281846
0.363204495708
0.161112918618
0.420718515963
0.357517991722
0.309528170982
0.303618850411
0.165770127265
0.404220563511
0.343577457358
0.213030575642
0.172880675112
0.690028488422
0.473546185044
0.0642779560212
0.140829910118
0.452727358883
0.294684348521
0.0782389310564
0.315224465421
0.182317542322
0.273394463378
0.0602867292423
0.356583097395
0.244660328892
0.324035062646
0.271223418603
0.365190386053
0.25068402571
0.386643225451
0.396131704831
0.158207500958
0.196619162886
0.221946846551
0.201191187792
0.0386261644511
0.284139981461
0.240487259574
0.246024380098
0.123343874506
0.817378472214
0.10491832605
0.294141758488
0.295283037627
0.438946045431
0.352206725476
0.408371751152
0.175808783125
0.215240966669
0.236567706947
0.177619788497
0.373546735082
0.15914288744
0.207077893769
0.138791390774
0.371539766172
0.365589175477
0.201310346712
0.205226738741
0.502306428028
0.274170627373
0.166522996467
0.262186930059
0.0514718477927
0.36794822271
0.359437873236
0.448198065079
0.245848200948
0.317091840962
0.306092432695
0.265261851868
0.403853286059
0.398752853355
0.00582349848791
0.455543287274
0.484022207877
0.175725151433
0.378238990207
0.354691205436
0.401514593876
0.397022368926
0.198743974376
0.281621703102
0.361187274316
0.274162326457
0.161167232224
0.476310943643
0.623049380336
0.0294627825494
0.248170562547
0.125298798704
0.418226283316
0.295779557948
0.157325316504
0.263937381061
0.200173558388
0.249066172359
0.315230602077
0.254059748667
0.139885108772
0.120848701488
0.43064891353
0.257355345882
0.4734450397
0.293084493541
0.256668449026
0.144333984612
0.311081501703
0.306118534878
0.386791721986
0.421921256597
0.456579849636
0.59994157486
0.213697482117
0.26086015307
0.0610630176832
0.282354169821
0.545852269062
0.287363672549
0.414551483278
0.111747267346
0.123561795057
0.365681665464
0.328438151599
0.254639026639
0.338022702123
0.406317214367
0.424600556065
0.194328974849
0.424549431596
0.35464793673
0.291430504857
0.324374230013
0.550257218233
0.221490053372
0.175976334341
0.306979754454
0.408296853461
0.420792161325
0.224095931002
0.363870570177
0.229728482857
0.369300885772
0.20279481349
0.168964561955
0.38722690333
0.25692878233
0.256370312741
0.544107002125
0.146421898508
0.460767223793
0.101965008129
0.0859519039321
0.151060621199
0.260451330689
0.240949786814
0.120291006988
0.216040237673
0.311384459008
0.250907334783
0.311382689381
0.310421687285
0.409476609914
0.182061582046
0.136908626242
0.325995160319
0.0434185668101
0.0982622398616
0.0441941738242
0.258164839047
0.132668955349
0.163862504801
0.0801071320386
0.0799980574645
0.173124575558
0.176285249346
0.0568749704359
0.110494251992
0.0710507371895
0.564241323364
0.340640823762
0.1294807176
0.125796422806
0.10500191833
0.277322598645
0.25005863202
0.156238943163
0.313111168424
0.118073448038
0.569162582551
0.273076041542
0.388734662117
0.352668494527
0.0313216081685
0.103100053686
0.0544292893835
0.0662345079963
0.239411616181
0.168427350815
0.161661025785
0.101947548538
0.0532626995476
0.0311813956085
0.148388878072
0.232048944793
0.104088727014
0.102967948974
0.096253470913
0.116325609522
0.33490410413
0.209753956769
0.273968226005
0.193307956217
0.0633606172958
0.233361943816
0.169773939399
0.0808428154506
0.249191675923
0.231837143541
0.310727670436
0.292241307843
0.166517763145
0.205767212549
0.0796543335786
0.109228217158
0.14468247419
0.114517387888
0.205083726815
0.114609553489
0.236522722922
0.162482233906
0.305131234247
0.14208169536
0.0693965360248
0.203676392682
0.166315005089
0.146203473753
0.0390382610765
0.0622444547396
0.248415771643
0.275986016701
0.304154157985
0.283479933607
0.0972693336703
0.127913577737
0.19267064626
0.174730017955
0.274256062017
0.250730471231
0.224754770475
0.204816845709
0.159844808298
0.211849201913
0.229058716558
0.10693213207
0.313965905597
0.219835231474
0.187744937891
0.0984474613249
0.151584576325
0.116807601861
0.0928940355086
0.041796269061
0.249560555889
0.207868373576
0.159361618982
0.194280686168
0.0940849435699
0.254666755938
0.153462928845
0.366947505392
0.286849535801
0.174453633021
0.0614440999956
0.459368575274
0.267579428598
0.12647913014
0.211120046529
0.171238555272
0.148079360561
0.122657227208
0.159664779089
0.147199584466
0.275077333559
0.397006161053
0.241650030322
0.19233781558
0.12807982347
0.189294610147
0.18309368667
0.0867456637448
0.139668538559
0.0696589716513
0.139872022554
0.101153056725
0.120123516698
0.243645682911
0.166304338386
0.306840261478
0.148234690641
0.120622609527
0.0730563038852
0.145261842471
0.0472747388797
0.187011799137
0.276451168637
0.18674736665
0.0764149335158
0.258684222296
0.140323942157
0.400722234112
0.191974278401
0.246374995396
0.133418669121
0.174082769982
0.158922957875
0.178631046677
0.255480748529
0.383592609901
0.102123951303
0.429604119127
0.151498337006
0.191489878631
0.142134352018
0.11628839224
0.0970247869313
0.101958731595
0.162003493299
0.0838634682504
0.143091900673
0.28786047099
0.0817312622855
0.389906875252
0.270607023746
0.298913642765
0.327303813887
0.21398787632
0.169381756443
0.2217682889
0.107472120148
0.199140004208
0.255990083679
0.0661156655308
0.111967531201
0.199535777677
0.0624888616182
0.13790690443
0.284193246697
0.194901231838
0.108285866874
0.348124043825
0.167953127191
0.110072728748
0.360525591204
0.186738238408
0.158073453375
0.126180229707
0.0627002091543
0.133192706174
0.232642838555
0.214657458417
0.0823724199877
0.102712201079
0.419114763833
0.428363037987
0.192291100653
0.268897955141
0.135352385255
0.102830360132
0.111052875445
0.279447753318
0.0804519499739
0.0795847289547
0.131978712695
0.147636561424
0.332136640256
0.256549539063
0.0504745258403
0.192708473758
0.235261020148
0.20165300978
0.196877757751
0.151453651352
0.203580064707
0.222783959252
0.29925269939
0.217611086582
0.130789379214
0.179150932087
0.241946463527
0.182354690055
0.0331931910283
0.261278428617
0.306133537963
0.0342198908442
0.269643786721
0.359658454616
0.211325227066
0.106417128315
0.104448633888
0.175573615698
0.219484606
0.322843152716
0.27247204356
0.284565689746
0.0982952985675
0.415975615825
0.33911115923
0.285768993342
0.282816308082
0.248749422582
0.169095122121
0.352187693577
0.171632204285
0.265902902187
0.384847968634
0.0114395934745
0.444214508069
0.215636147219
0.270692824542
0.180970588773
0.216111262371
0.224782185881
0.27822408907
0.130198818921
0.0865037590552
0.0886266684435
0.0974194218309
0.200480549993
0.283670931943
0.184518447758
0.0634348924777
0.296591931069
0.21329203547
0.205192459701
0.208947273397
0.211680842057
0.260247863405
0.124131720004
0.201887332238
0.0508922635329
0.0659211466592
0.08465950964
0.549883209189
0.383678845834
0.277330198633
0.280694607305
0.165076792521
0.223666355329
0.254553044926
0.105395551915
0.158877829396
0.215667159038
0.0398642502711
0.103317150474
0.512949457405
0.119664520991
0.149184603357
0.088638844253
0.149035304156
0.136837927672
0.285003470778
0.0286634809617
0.167468446764
0.0834421681709
0.1342702287
0.0732567344222
0.346963104052
0.135229651804
0.226839296977
0.118673269803
0.199622828704
0.0665600476532
0.247946880056
0.0383797323678
0.115267259824
0.329836100142
0.112789219437
0.308192755134
0.306079714182
0.279378001053
0.384379585156
0.121011764313
0.286337647516
0.220114675028
0.102151820831
0.153163886399
0.182998720776
0.120871561772
0.260839207809
0.0511034116707
0.203867331535
0.041449401491
0.0447688732075
0.102349443519
0.46163289606
0.293622847905
0.339760752916
0.119972766928
0.228082399532
0.0931186587602
0.212251804831
0.132619733253
0.197826744235
0.15421147168
0.196194569109
0.240653268476
0.0999429740188
0.113246912812
0.256315189763
0.201129572628
0.145326821866
0.0775552828859
0.1880689507
0.216370475707
0.0446430344924
0.139608808398
0.437758615791
0.286345344165
0.299100946096
0.179599716383
0.231320984059
0.0559717219613
0.105281000252
0.187085850358
0.132645929968
0.0960501566127
0.213412879885
0.187284523137
0.136503403421
0.227523987003
0.191047619047
0.206678742133
0.138539989706
0.288292015841
0.164260389246
0.139648287933
0.191928651218
0.18512592438
0.0651455889672
0.0528349017599
0.389503853738
0.0456919033959
0.175190727725
0.266888655584
0.363717518124
0.276550679647
0.297929390725
0.172952745667
0.12457416573
0.350640369769
0.0899511693815
0.0981485212056
0.188775851778
0.116136386717
0.266301875893
0.0528496490521
0.0999816036778
0.200723639725
0.238296102106
0.384115751839
0.269520737694
0.127684107034
0.198496601552
0.171492217296
0.167445973486
0.1620085464
0.172507291906
0.205942879326
0.418390918472
0.437561040965
0.0345461003632
0.0575580733728
0.336143673484
0.237979560129
0.342592954348
0.317563060735
0.226224996634
0.190166671498
0.139756089951
0.254401059433
0.185005953554
0.161411113225
0.228166822731
0.173013158348
0.259338478472
0.167222345403
0.024232813573
0.0910316952734
0.241159293304
0.106661903658
0.081508809587
0.266988111881
0.287271004782
0.101516530287
0.190819032824
0.187477334006
0.185892305707
0.253477868662
0.279289238173
0.113377875205
0.233426483576
0.268856958112
0.183771313309
0.148662481912
0.0487669771958
0.340433255051
0.178219026344
0.19807889667
0.241470002185
0.249970774743
0.288733695445
0.407679884609
0.31422290262
0.111929268965
0.472174942363
0.244994521655
0.222357574533
0.327267352956
0.0834725460501
0.115307364236
0.374483168484
0.0986010606729
0.227223676606
0.278372851229
0.1122877486
0.304663400292
0.032355830923
0.306582956066
0.26910622509
0.208318539377
0.208750694434
0.217127764319
0.10749725907
0.205440588141
0.242041096543
0.143197217892
0.177090308901
0.134999499382
0.140800790316
0.0246675142253
0.030822376262
0.161020405337
0.128080689064
0.219700556874
0.155249712443
0.304401059349
0.285103886062
0.128113552845
0.22764779982
0.217179347633
0.205183332171
0.107824377582
0.194073134062
0.207078941309
0.246444170598
0.172174574359
0.181040528652
0.202352704016
0.162398691153
0.159499715458
0.191692327432
0.164100215053
0.292660184152
0.16832654506
0.420634427915
0.213910631311
0.143464862856
0.468337279787
0.214038024395
0.367119355365
0.33901703281
0.299908992295
0.167161912392
0.217683758324
0.231768005674
0.280949360601
0.230329874269
0.258012361468
0.487058323083
0.208909862215
0.384697154126
0.0525209550998
0.350845059511
0.0425894320006
0.0866985683649
0.1646977381
0.162015328609
0.151501146815
0.291460593569
0.143106440557
0.27204820743
0.137569684065
0.227110849932
0.234438462692
0.159724284561
0.124204554528
0.126239787584
0.130191895592
0.250808329542
0.106772001826
0.09078130289
0.0725406532082
0.264008692289
0.122968956009
0.173558408669
0.11218077844
0.194703651808
0.215032830718
0.253464318656
0.136816606958
0.24028271814
0.45844446274
0.0
0.132320645165
0.316497996425
0.240222931711
0.223467104498
0.22422775992
0.293516689145
0.164613449183
0.188511692092
0.128644287273
0.217401080893
0.154857394944
0.064916501643
0.0342546495341
0.275405679915
0.0737465310166
0.184759101074
0.137243298937
0.419120680731
0.288571539685
0.162504482372
0.242665089466
0.0953538009209
0.113958828793
0.351084132725
0.356504738392
0.167831398997
0.170383893431
0.152595184123
0.0393369984345
0.228771278147
0.132816502802
0.184962241587
0.279334876189
0.235027947824
0.166534903073
0.13725562858
0.273348297069
0.103369118356
0.121954578048
0.20094241956
0.298902135709
0.0731719364627
0.108837888015
0.149486825786
0.142082495192
0.212565633716
0.276691769525
0.200091259597
0.0865518129805
0.265547992341
0.287737395564
0.0992011028774
0.0442365131418
0.245622514933
0.1446371099
0.243851114393
0.318068115273
0.367432148183
0.400951455577
0.145704968179
0.129900213167
0.313253191885
0.0609595655196
0.196403777032
0.048690278236
0.261012729892
0.150440952713
0.679837206596
0.392260066378
0.16772021711
0.224693399032
0.0456182224347
0.118300930383
0.100175814367
0.433321167627
0.124315188447
0.118901235692
0.225996506511
0.301907819191
0.208655441524
0.235435952241
0.401612911398
0.251310953996
0.358511149282
0.37780572616
0.218581506153
0.276591033618
0.133149517316
0.146923629661
0.0419747956335
0.243677911381
0.0625808405548
0.154461453627
0.0888152468178
0.0294627825494
0.15905518127
0.0429827262519
0.244228626623
0.436210605346
0.06176435227
0.0831664982006
0.0995970771396
0.218045904706
0.0583658769016
0.27313948181
0.1804807947
0.0708855806232
0.144147623476
0.0322500665925
0.235413771231
0.300800761602
0.365517876971
0.30215841179
0.289750384801
0.360868575083
0.0797747364371
0.105844642315
0.27668676909
0.170814931085
0.0389274877114
0.247377264456
0.136052206845
0.127468357268
0.259309102905
0.111293136883
0.0360533244947
0.131048166513
0.0130475936724
0.115448440081
0.0847887550669
0.265691703901
0.109065236846
0.219694240738
0.326929861181
0.228652951648
0.242092812044
0.124879897699
0.22573657245
0.324710654009
0.0689654728317
0.157778346285
0.0921791373392
0.209216140299
0.246627908858
0.111179580086
0.519969273611
0.159542784451
0.206463986588
0.175711419701
0.244435691493
0.211548931231
0.167826650243
0.445371191492
0.2574707478
0.189152503139
0.033714622079
0.08853382993
0.236951508293
0.144981602396
0.299569025388
0.0926766247123
0.10328688931
0.129235984399
0.227273422512
0.0753961884485
0.0769487300497
0.378600051605
0.271444398089
0.309527958818
0.0437272150473
0.106726807949
0.147059441312
0.236095218739
0.294216802472
0.224575137376
0.320661496389
0.34040461429
0.198835862276
0.300334704444
0.104582715193
0.0633037318873
0.18729368333
0.335523533329
0.0936097193487
0.212086803069
0.205108897978
0.0926575744662
0.18104832633
0.237984711196
0.10802185176
0.604763104886
0.041796269061
0.0987626920379
0.175273716957
0.199144293326
0.205076528048
0.247891997362
0.215620443527
0.173074999868
0.4097609082
0.243759145083
0.104365802246
0.354382746702
0.25706500147
0.319404796559
0.198412502793
0.0971429667085
0.0716123451753
0.139323597379
0.155148107632
0.132101207984
0.211586953607
0.299499965322
0.0678371384126
0.240530766199
0.115349319854
0.208642767362
0.167519109603
0.154373615642
0.134903068689
0.108775525888
0.124872743165
0.0548742280416
0.272705375819
0.176091403549
0.114369083328
0.044266797393
0.232190565781
0.22035617495
0.12327011765
0.192904390308
0.212198701871
0.0853075934471
0.19970985126
0.185670743786
0.220591066868
0.292553205575
0.328674867352
0.338713396794
0.355529039231
0.218899625303
0.259766672006
0.243829362273
0.120126416436
0.264621723319
0.0359631242691
0.0674006001647
0.408615791436
0.304297401772
0.0556580215019
0.147319222207
0.257162217879
0.240333453694
0.54321392494
0.393396754685
0.291719824891
0.196787836726
0.253171145233
0.119237177314
0.142322081235
0.292451718722
0.36682885039
0.424878991714
0.319040233005
0.383881990063
0.273681124256
0.104384429492
0.482015920037
0.348807014538
0.259032650344
0.334923632421
0.281291326506
0.232448575601
0.316443610069
0.302402201536
0.279573660591
0.255433338516
0.0968778577984
0.202771082928
0.3522542273
0.399482937773
0.280200822635
0.134786645727
0.283702917304
0.102534096771
0.311564664338
0.392824480993
0.373022545471
0.156610438028
0.290810632591
0.254488365209
0.23957210547
0.261391530986
0.273015752217
0.191048049578
0.365869026424
0.0441941738242
0.120539852293
0.109324295984
0.12507674409
0.181320530681
0.031188536627
0.176606972744
0.309854818258
0.177540235132
0.177599733065
0.0762416075403
0.127806986094
0.154184471095
0.174602460004
0.189881194239
0.0390543828615
0.109044128152
0.11532790008
0.187999930801
0.33134785524
0.047977908772
0.300533634434
0.0438299828196
0.277859317888
0.414756341985
0.274779129774
0.389626161803
0.0338033538118
0.24551939694
0.309936645311
0.158518593774
0.171807283895
0.0783952858822
0.16816856344
0.143739833363
0.0928016379915
0.0817719949708
0.120716385339
0.105549797517
0.0646774706511
0.0
0.0817746112668
0.156398664194
0.0803116249413
0.0996052837033
0.0413522739149
0.0314999868991
0.203013186613
0.0764318153883
0.112872434497
0.392504380433
0.294339800366
0.0566637676431
0.205794299266
0.154323702669
0.0775925828838
0.104680679507
0.448895061336
0.0885259848736
0.178082664786
0.147348674466
0.0912236377091
0.196934324117
0.0773624290943
0.0
0.0948851085789
0.0774792573422
0.0661781887887
0.425196424422
0.141795158708
0.16794329955
0.28116470953
0.423760583666
0.3846099274
0.198839620009
0.392340494984
0.33718072034
0.240193739488
0.397211395682
0.337281147841
0.386854858418
0.0257030660216
0.200406600904
0.195465996717
0.325890843772
0.327642446818
0.16056516012
0.615291408817
0.147966838452
0.244577948269
0.346894732878
0.230594384737
0.0402440891326
0.167286185186
0.0777188948367
0.291813136299
0.317033224064
0.330793888692
0.294459019582
0.0767072084208
0.0957229648355
0.221004753922
0.115919218558
0.11408326998
0.264837321082
0.0839496671423
0.0425955706487
0.410200767561
0.0524283238208
0.169253016675
0.0641177344091
0.0256161730396
0.453383719109
0.0979296400131
0.074361404704
0.125317094396
0.289473176541
0.189749668615
0.173546812484
0.108825196111
0.0588726959361
0.219471539614
0.0136040459526
0.257261875116
0.298212797735
0.110292324598
0.11105360683
0.0481859665971
0.0729710827065
0.297881493768
0.109049733751
0.352501872765
0.226135221478
0.121204896607
0.0181530267124
0.0390910113111
0.03478954246
0.267936483805
0.148303535466
0.263932223502
0.254574755209
0.334920970902
0.0191835890275
0.195444265774
0.276101215864
0.172503979312
0.252348654313
0.166903041768
0.150456559158
0.114374143947
0.291605127075
0.418783125502
0.0439175328857
0.0504186021625
0.159833621947
0.0416666666667
0.168367559769
0.365569564517
0.179640296429
0.280102673317
0.0658491636065
0.049283675214
0.0839888093977
0.0958279675822
0.175144934285
0.321721216864
0.18365803485
0.204261354846
0.382921280821
0.374601732774
0.184147445185
0.0871262962396
0.305593387074
0.401281869912
0.115876654931
0.274844404306
0.138670980921
0.17127740399
0.1953066261
0.6092830525
0.36192176171
0.140598273816
0.047637233399
0.168611935043
0.154997777574
0.0663597078611
0.131053659999
0.203919797219
0.144058740863
0.142860476313
0.109994776352
0.25862876555
0.0453415855456
0.381711284678
0.130028558066
0.212032864707
0.0999240420754
0.221435726603
0.245426809375
0.102318090226
0.164854197011
0.12496446578
0.154689762735
0.208835538468
0.186688244784
0.11519790528
0.153483326489
0.0811571731553
0.314775656773
0.0585304157474
0.38286486915
0.22735724627
0.230746297669
0.334223571145
0.139539152658
0.044627357706
0.0576821154582
0.142143742522
0.0859771380117
0.0551007831585
0.253008898832
0.22603051534
0.0859858964064
0.137798463525
0.10110855069
0.202354178613
0.041796269061
0.0668288450532
0.0608674833366
0.133951032436
0.0970038058135
0.100957215201
0.391515412606
0.166389811806
0.129941690461
0.16117068839
0.0744751774787
0.0
0.256828350765
0.0291211483523
0.134629158135
0.114513486363
0.101642498438
0.22982119524
0.107199636887
0.0943454260422
0.0437667210488
0.257164646262
0.30063398464
0.350797367808
0.284262324825
0.0409662001223
0.343736942613
0.118405346075
0.233630593283
0.264382211419
0.317738967565
0.137844122447
0.32531337698
0.184864462988
0.186824768521
0.168855814717
0.281066830315
0.0902147087388
0.087911533769
0.394773617679
0.203071700349
0.161264350689
0.0741007913103
0.167063304905
0.163918147326
0.510148757132
0.0924721192189
0.251797874975
0.196366914867
0.346704383853
0.149767364326
0.317654581659
0.284513354321
0.114924973696
0.266174237958
0.0671287618179
0.149180529415
0.150289590722
0.155946865637
0.209678091466
0.0939448634768
0.0474897303532
0.302690690524
0.0431675774527
0.115728094961
0.304561029232
0.0261194011916
0.0912838295946
0.246436260805
0.221134045032
0.0784827261542
0.135815637185
0.177870517528
0.29293009621
0.364790254833
0.240996443306
0.0636073650235
0.110944909647
0.218339484246
0.121816754805
0.33142224873
0.152485198367
0.157531421742
0.378895424148
0.134963114478
0.10585803889
0.217491350959
0.103229406796
0.267364462046
0.180903764212
0.335505642053
0.0
0.118912722545
0.182428608884
0.303965477927
0.182098688958
0.416074824445
0.368343950058
0.438973810695
0.302989543745
0.100077478503
0.266891884647
0.188783363441
0.331436883796
0.0368643477361
0.23845191383
0.20075382446
0.469653804823
0.24350251127
0.266994649196
0.226132126258
0.232670725982
0.231355826862
0.296153846452
0.104241905669
0.122327680612
0.153040837387
0.265233368126
0.454684092697
