0.0436880209477
0.135278625175
0.238509737057
0.24361753887
0.209001154699
0.299216620138
0.214659818129
0.0431682871633
0.0
0.0450138656901
0.388664404805
0.114720478309
0.255370344322
0.0786653296327
0.0779027847602
0.0476628967668
0.193719278992
0.112006503874
0.15018309449
0.10601133052
0.0554016609364
0.214854011278
0.268167287766
0.363062565688
0.078565369222
0.123827579082
0.15174793469
0.0256348267586
0.0391482909078
0.507387565537
0.0979596241276
0.0482004024032
0.147268685922
0.0367711086077
0.0864543320128
0.35390946963
0.0978435323707
0.107162991213
0.0847239349947
0.18616582406
0.418435712927
0.0468306190474
0.0885626094364
0.372760102541
0.129883712428
0.14641855419
0.069589117421
0.187333687705
0.150080901349
0.136532841978
0.0840840418102
0.288102665409
0.167432307787
0.112000355753
0.142172905978
0.180472792702
0.399009953883
0.362310838049
0.0954297223318
0.158017509431
0.101109267512
0.0974498295957
0.0956878506031
0.0494150327246
0.27302132085
0.0437645479185
0.104862366545
0.167554472753
0.131068304372
0.0737656070901
0.0434559821919
0.194320134836
0.253432948768
0.0969520021409
0.125920551723
0.131215224776
0.111818317401
0.177600867597
0.322642792082
0.0808333679148
0.26522560299
0.156747989607
0.164745689749
0.0208758495406
0.198133600002
0.330755443498
0.102377034385
0.175936786909
0.244940719951
0.0869019732698
0.102707425127
0.253522697119
0.0206434737462
0.175528291075
0.120110230622
0.189210339129
0.224197316715
0.082912572667
0.256280510766
0.437636764942
0.331397917707
0.0398334397883
0.252775627423
0.0963150400453
0.0481132611034
0.045691926789
0.325877545636
0.152392834174
0.0890935081806
0.0434271503636
0.0397102926116
0.105812684058
0.103598817943
0.364128296392
0.0339502629421
0.357572742589
0.145272726728
0.181351714574
0.0365557824951
0.342918955893
0.0855990757219
0.17661732796
0.284802799698
0.090136562264
0.189896141381
0.078253339444
0.264526072594
0.0985202862138
0.183742440739
0.0859417158947
0.308653203286
0.14855661057
0.0823928608354
0.250198533479
0.242467718549
0.0917879420299
0.0515877196476
0.0692662821217
0.0207567787343
0.113946598624
0.0866468631399
0.471676270861
0.356364311324
0.0190489806187
0.173465277122
0.130598980541
0.0313931188941
0.222143952255
0.040479838528
0.153879760441
0.349295110375
0.13337619754
0.115456095151
0.148109234502
0.0438344984517
0.114456722621
0.139707948111
0.0924803063402
0.0986182904874
0.252421386437
0.0455133816122
0.0961560833323
0.0923947878616
0.030048114847
0.0508033400322
0.2004283182
0.165987246541
0.0688703626681
0.199688271185
0.215685980875
0.0734676107278
0.0302004707957
0.0969118631882
0.0
0.171416783197
0.048122479791
0.256752304146
0.0559422963969
0.0779488012933
0.0375
0.159153919371
0.0779633265432
0.0869600481786
0.104136897211
0.232204769949
0.0882886416125
0.0880559594672
0.237947724805
0.15607438397
0.259604674105
0.264347963316
0.059554095121
0.243291345307
0.150626752485
0.0747448339062
0.237988105621
0.0307370774541
0.18617568968
0.0271515206459
0.0712329219125
0.147881245819
0.0462568001448
0.0265360718175
0.198336546694
0.0672395114615
0.0713468791287
0.227845456853
0.0
0.0980253048732
0.2140281168
0.400720469208
0.0861205927509
0.0706384635919
0.132969558561
0.059844218357
0.0562919644503
0.294585194408
0.248123739388
0.117491536717
0.0
0.0558398096799
0.212320776581
0.153804301193
0.0533736108255
0.149748127822
0.100482681201
0.365917084444
0.192377937793
0.181014994245
0.201955467783
0.122510923806
0.0977923086002
0.0958373488412
0.250378347233
0.0180808274634
0.13955951723
0.115870170023
0.176111712591
0.1333953038
0.0698010224702
0.134059885759
0.651467088535
0.092850783303
0.108687634217
0.135908160973
0.0246838070846
0.21224039802
0.215980291409
0.104610065042
0.0788026048053
0.0898722725173
0.141200213463
0.0586903697146
0.114625412839
0.282671068768
0.115119695636
0.133283815066
0.195751426232
0.11074914826
0.105935481779
0.0393920601426
0.102960558107
0.0457258316762
0.148908880778
0.125505894622
0.161671212413
0.277444012934
0.0830810517085
0.145064401508
0.32311613434
0.121895513098
0.23853276402
0.29541019551
0.0466380976104
0.0538925542009
0.0451801001805
0.375339547534
0.0313824709227
0.165950336948
0.181475385037
0.213821132819
0.220529581626
0.152763467416
0.200061797979
0.306777080196
0.036731390136
0.0981388127548
0.148630422639
0.056119947416
0.241798471847
0.227319440612
0.046288630466
0.0988159501482
0.199064021268
0.0773289337868
0.167065562166
0.122905839772
0.178519722499
0.036731390136
0.126125910852
0.115685687278
0.260787426721
0.330452089553
0.165765094291
0.215526856864
0.115748171857
0.108446748086
0.268836311378
0.30229377068
0.0854970821509
0.271611654489
0.031533615572
0.0422679393451
0.106429041086
0.0937082607776
0.129370781946
0.187224742056
0.22210160399
0.0419755285891
0.311071704876
0.242403845201
0.24383895328
0.28518330743
0.0210224103813
0.163098779562
0.0806768081426
0.240663740964
0.112979168944
0.0475451576655
0.312263719502
0.241226910492
0.0833223019479
0.0429947659811
0.40192509151
0.361598077322
0.249832402121
0.348045386317
0.149868363839
0.42123258061
0.179207443332
0.30693547728
0.0
0.181918948736
0.166436613838
0.282312384135
0.0633584163117
0.0
0.0805498205136
0.0521746282465
0.231227285687
0.23183836353
0.215293654037
0.0843224448718
0.040613823113
0.0392876851056
0.143523464441
0.0196014908985
0.190522028823
0.362301367937
0.285952703606
0.254997701406
0.211821186918
0.0933879436069
0.152265691732
0.586146806125
0.100047086154
0.189537313298
0.310875042541
0.320840046312
0.180775028691
0.261831804432
0.127011472354
0.189877788333
0.0909734817872
0.146571192672
0.0714682516421
0.0465020862953
0.293088031275
0.225066024624
0.266986819387
0.109209491476
0.0640075194993
0.201406871166
0.162787633835
0.0831527912404
0.0965791309395
0.0991235586161
0.0791052646025
0.0377234616552
0.1151978252
0.173647198592
0.0803502757725
0.406434905529
0.156719084075
0.0390482399595
0.0863578994319
0.0418596396418
0.192550101146
0.0913917045685
0.161041043216
0.165885761134
0.125724264171
0.166373715265
0.0350525015928
0.0833767615879
0.090660471195
0.030520356452
0.0788169121294
0.199288238423
0.0840023696769
0.0306386791059
0.0837052888363
0.0758458938477
0.146880571928
0.069402790769
0.0210224103813
0.0740357578206
0.342044196934
0.0136879563377
0.0117606141932
0.0
0.124437446937
0.221192568298
0.18159916437
0.108652672058
0.103989172368
0.309283555373
0.109716298703
0.166663468932
0.0399237304121
0.0
0.0633264348706
0.0569554148703
0.153073262626
0.0786764026346
0.0489721792744
0.0455185817423
0.0
0.0767990376139
0.133293466987
0.125162507494
0.0707721049521
0.0415619159901
0.0890646627822
0.152154930215
0.249129745319
0.161790883133
0.119821914097
0.083702601874
0.00798678880308
0.111645913341
0.0905803859469
0.196692185583
0.225440739459
0.0354956361766
0.0728480896655
0.104241085511
0.112484682489
0.179288163815
0.0
0.0316452183211
0.162690361134
0.127532978848
0.0620144966462
0.162776789559
0.116920678326
0.209794197286
0.451928800719
0.147564776618
0.082402137703
0.0739706471775
0.0975687922975
0.0617660651294
0.276610911037
0.093234323989
0.0781099110111
0.157367559908
0.0568768335971
0.074685826925
0.0995602837253
0.102517811692
0.188879405768
0.0916487947517
0.173731504334
0.349277549982
0.281964451058
0.125953826825
0.239110189316
0.0379196446732
0.0805873084189
0.138883646778
0.13907132865
0.0291483740056
0.331429188825
0.208225417365
0.220425497947
0.16554484071
0.125536284732
0.175023725659
0.316888101778
0.10834218459
0.112812118231
0.0933802849771
0.290769484497
0.241588085043
0.170929770919
0.165167853724
0.159382604935
0.360638708226
0.0448087348872
0.167162774351
0.181690928211
0.0828107108635
0.150161708129
0.266969116916
0.164413043547
0.114982723286
0.120005217584
0.220145751226
0.2910210922
0.0674465800751
0.0738926083278
0.124679661355
0.226477126607
0.178314667587
0.0869854071268
0.181026042065
0.121629969396
0.180214596496
0.145154423373
0.0476891028352
0.18383960187
0.0845031811657
0.172035879194
0.204076378241
0.141171548378
0.189777682169
0.525024544362
0.379823804576
0.0468915026312
0.127803567493
0.0427737720572
0.240371776983
0.237082398796
0.0765149319613
0.174347936069
0.0954586998158
0.0378378607028
0.279821427099
0.26675013274
0.0454675053683
0.331326205953
0.0839244234498
0.174440492142
0.0504218370379
0.0593216307906
0.0540592420234
0.0940998831151
0.056312122929
0.0416874947213
0.0564225084019
0.11394297161
0.114066676001
0.224744046045
0.174132384781
0.150855273865
0.403793722889
0.0
0.191916098987
0.036007060156
0.12282836733
0.0577627566539
0.284543494274
0.158539227458
0.285035564257
0.367014775267
0.397037908387
0.268129059823
0.0743622564746
0.148721431171
0.0797360732712
0.191118810506
0.0328661417106
0.325534703875
0.166446190709
0.155475819539
0.342863420432
0.237060677292
0.201357388991
0.0683104640365
0.208347725692
0.241471053642
0.127605757314
0.267284796315
0.174699911313
0.11945327785
0.113981386495
0.114461123098
0.0981058467076
0.104771553032
0.253327641012
0.111417045043
0.161496583401
0.219449452478
0.169666425501
0.254991513453
0.275754536278
0.0866016243865
0.181433855102
0.198464643984
0.209520635253
0.0826204699404
0.169322229969
0.110242012947
0.426903270022
0.34698054241
0.299912336383
0.338236904772
0.117551134168
0.228945587857
0.101542718107
0.149348541926
0.0915958526611
0.356308523678
0.115977129121
0.169109232299
0.0917817652234
0.274384553312
0.137696187921
0.166640785922
0.240027438797
0.125731855899
0.0631603708863
0.246883250179
0.197634664853
0.0445850499883
0.213963331854
0.267588179632
0.263146147979
0.0995424254688
0.248809143743
0.31797465976
0.115916952719
0.160960111375
0.154111121619
0.0734857375471
0.50872408236
0.14746465857
0.211666285405
0.21165436927
0.181310811143
0.196367115732
0.211946817415
0.294993738489
0.221920964394
0.41461393854
0.284761053506
0.103964546556
0.16204397489
0.122778335405
0.129962869964
0.0827765277135
0.319044507748
0.227599490406
0.331400673003
0.04157449061
0.231325221605
0.199207661606
0.247606239844
0.221082039946
0.298105548635
0.0497200202103
0.772826830285
0.312495059218
0.146617220968
0.321151236774
0.202776030393
0.188067394036
0.219359838645
0.183641329126
0.253403791122
0.385456218851
0.102989739425
0.200078139914
0.0215386347115
0.0672417501287
0.323081834373
0.0841441913599
0.328027228598
0.00858236309961
0.0901096982053
0.335444534426
0.251061567267
0.156189149551
0.562766156912
0.257901031551
0.242457591366
0.106668852241
0.391418955451
0.183670183674
0.31908077775
0.28654193061
0.242153477149
0.0337423362085
0.162433303195
0.275639002459
0.0433487757626
0.223922087806
0.297985890851
0.260997176119
0.174439891624
0.173878794417
0.0637855580639
0.0282217523413
0.431505188869
0.259430554934
0.239157947275
0.151721481179
0.207612359017
0.174752031213
0.101291721531
0.12776771962
0.218537870855
0.19814220873
0.170332556616
0.198668549968
0.205670335036
0.323570900582
0.205010298414
0.0893525267472
0.253525523389
0.204951408455
0.308964518251
0.0534264603093
0.240866001209
0.233071333395
0.23179222979
0.237437214657
0.207605284451
0.0409306741676
0.174499528432
0.248761681076
0.193578745075
0.149223435156
0.286663490011
0.0572549838213
0.404151877202
0.152627214326
0.307037420126
0.47753577993
0.137026899793
0.402459243785
0.108389502565
0.294165399825
0.134577195463
0.252828020756
0.0482842588428
0.180284855085
0.269618028764
0.0168744868684
0.128768271414
0.200730243499
0.105670511687
0.191702247917
0.349690543233
0.232107736535
0.105086132197
0.393529499735
0.334136167173
0.153712422011
0.15430839815
0.0652431063752
0.346777058986
0.366191693017
0.145409910185
0.278220986103
0.318854454204
0.0883948003116
0.150182040279
0.250318643414
0.554277131311
0.0894606753508
0.476864860372
0.488260057822
0.164495177963
0.0441895337496
0.127638812616
0.370917305106
0.0873383235177
0.365001077706
0.50184960559
0.312353356707
0.278235194735
0.0921401060671
0.224874210203
0.127870000588
0.219065756636
0.366258335079
0.19982187755
0.205569992187
0.287684663871
0.440424943699
0.108298910641
0.166006782099
0.368372756577
0.198456966144
0.335157358391
0.197515107407
0.203290359509
0.201588646061
0.237875588295
0.471041338966
0.101977465698
0.182984236949
0.498072817687
0.0
0.357411605629
0.148689567353
0.123332371498
0.380904687835
0.0522974608717
0.363202393973
0.0
0.224240109346
0.25717968493
0.15340766821
0.233435109624
0.396153962018
0.0680265042934
0.083130694724
0.16119906456
0.323188651757
0.400011605515
0.384472880615
0.114186573168
0.241299974905
0.0891786150193
0.603137504442
0.340297617749
0.183008337963
0.138398688974
0.0995326155732
0.267721028691
0.20633531363
0.233332054742
0.39026616086
0.385977927417
0.178328395152
0.680510487486
0.36185225446
0.264364437598
0.253185164888
0.266219897313
0.0840133478544
0.0584694228263
0.704743304299
0.414391543571
0.040035868285
0.0897498995182
0.386553520023
0.189342781611
0.0978648629319
0.606371013402
0.318661228531
0.289172656557
0.203614837729
0.109055104123
0.129389089978
0.220603752464
0.0603752132878
0.181970988377
0.339806446915
0.280480746966
0.124726665068
0.690017512207
0.397582155074
0.326096870003
0.296203031226
0.259010090391
0.0752943381541
0.235220659387
0.0506310952249
0.0564084425207
0.0954990373284
0.296025811472
0.117952988089
0.368058420994
0.291211083267
0.21037680146
0.297224419571
0.111426059713
0.103835677433
0.321069519488
0.31967926669
0.307957341431
0.425954636308
0.0571375826088
0.0325805182909
0.370891317153
0.359801291651
0.215067238353
0.302572740024
0.276797620647
0.0649402590013
0.307827443697
0.34088416229
0.15261135652
0.257593513523
0.261846183831
0.195637407285
0.162523847864
0.35802910808
0.372880133651
0.255268528344
0.310838520374
0.525168084119
0.18287902248
0.293957380131
0.106938075135
0.121617247583
0.0856152950956
0.412989760372
0.267640175808
0.183379951279
0.102680308716
0.318365109191
0.29687022999
0.0808002422624
0.318073818111
0.25272198779
0.068775562525
0.383675684735
0.222668579078
0.190341145101
0.186074600521
0.298311777627
0.400795094869
0.316200196787
0.242204829197
0.103061952555
0.25217858028
0.0411218671607
0.0
0.0654494527726
0.218463306162
0.336094663493
0.423223568243
0.0897613282188
0.0208173300146
0.0988889686218
0.0642392672156
0.117508984599
0.186437807649
0.22848206689
0.108619608144
0.0995409318868
0.34437756954
0.0342112703769
0.325986658369
0.0718506242981
0.407516166519
0.382119633159
0.223074563239
0.0477097516102
0.097944750516
0.0928004484974
0.143799557143
0.142070796022
0.151111130713
0.0245584045006
0.437769293179
0.796386391405
0.0474897303532
0.119068287388
0.193292064122
0.203366098368
0.1875
0.436206191936
0.237352238573
0.585399243816
0.417993938824
0.537119140865
0.610246404672
0.376036975948
0.230453423705
0.166114257912
0.115119414704
0.241378031004
0.203309470283
0.21789152545
0.411523770272
0.337242564714
0.326716708159
0.25639389831
0.324742332684
0.500421389319
0.295987722279
0.346520472304
0.425864469537
0.112178794984
0.561498373344
0.143052365342
0.19571777711
0.263287382983
0.256950112404
0.33521024459
0.106206174773
0.120585862023
0.459474545752
0.338979831903
0.144462252342
0.123576401819
0.304336322249
0.156297564012
0.0513090885159
0.16752129288
0.195089150027
0.541470420644
0.182884119267
0.232037084792
0.119432710608
0.343276487619
0.14548642351
0.23666563569
0.0854247891818
0.243460686827
0.284729404587
0.173078040881
0.321555668449
0.332154259738
0.133801264564
0.162443129665
0.23946629784
0.11248432217
0.284347928918
0.330004811557
0.215689263358
0.288934243816
0.245866793518
0.311096550324
0.235381764019
0.255264860513
0.359016400157
0.0506035415387
0.37815128414
0.123708415682
0.232029109261
0.118197508562
0.450406312365
0.159629075288
0.136922746371
0.0908692839345
0.293807215841
0.226392354394
0.122572517193
0.208557319621
0.238722049806
0.151313220332
0.278474099593
0.390217767447
0.194480217125
0.305443411479
0.228587219574
0.226069749202
0.173099641071
0.0950144408441
0.0982589821683
0.281015046268
0.294042237449
0.243532708411
0.384019833351
0.215992560668
0.10642148032
0.0638258250607
0.11099506562
0.256922487907
0.213274710582
0.197493867831
0.273901639688
0.163689623819
0.0290831795634
0.302092408248
0.0411131609862
0.106169795717
0.204749100046
0.0852060065999
0.341957835496
0.167402804795
0.144494396443
0.257014384914
0.106746951516
0.128122081611
0.0858637571335
0.169039302898
0.185525898971
0.227490562875
0.164761752902
0.212069730958
0.25461725907
0.124854710045
0.0297668192143
0.402042135729
0.208238667518
0.117270514313
0.130323289489
0.107109753318
0.158268024192
0.162634541156
0.161029019569
0.128592098033
0.0553166235546
0.127729949024
0.235231397731
0.302558155604
0.271779798382
0.0251848773801
0.0355436577442
0.0
0.0451817694677
0.446596313201
0.0853896649464
0.193530782765
0.268264974115
0.175834854469
0.172321978534
0.397361894713
0.32888225905
0.152960474564
0.111980186291
0.138077644525
0.224049903094
0.154382769046
0.328737485548
0.0582081482229
0.159305946413
0.296040657957
0.154523991056
0.130431822445
0.0952228722702
0.279558664171
0.307503123185
0.166880761681
0.236775034748
0.286032564727
0.024812412371
0.261433844857
0.135536235345
0.0849821898333
0.143855717848
0.267704051064
0.0836457734988
0.163186091558
0.329822398776
0.12672304579
0.166732019951
0.148230057279
0.0499416493248
0.160119354671
0.238339824557
0.166902550018
0.195905386188
0.121554581172
0.278042970644
0.154600494059
0.197459672003
0.0807769225092
0.210092811134
0.1747720769
0.889710967502
0.281663107576
0.197664728767
0.168500712794
0.341577367454
0.389841239213
0.120527229479
0.162220073706
0.368478177008
0.216871742523
0.303993724328
0.313708691923
0.302178339963
0.0921545190483
0.481517851205
0.294942642407
0.455845783754
0.0713300759284
0.153650151459
0.114702019948
0.047971700938
0.168360682263
0.158189217658
0.0831407463876
0.273113189568
0.0988133243188
0.382065989835
0.334220490619
0.136242981804
0.0696198737032
0.372613146667
0.0482107384072
0.0419975942969
0.0795299323907
0.234394123067
0.0430402954302
0.0699970672288
0.106600368549
0.0693678799801
0.160691898448
0.348213469777
0.151543413158
0.104156414014
0.104067154532
0.166257115816
0.179577950185
0.205464318237
0.335933517071
0.363876435094
0.441650086568
0.151461050873
0.19648320175
0.125511643902
0.213607524207
0.0861775073984
0.407363439806
0.463092729534
0.053475720063
0.142716360433
0.17117776667
0.17948475651
0.281464520936
0.159146323072
0.095821590843
0.151818171699
0.249422698111
0.174806437636
0.549715977347
0.341801869463
0.0992864154983
0.182471235132
0.129693729462
0.330056826712
0.143954573136
0.126123971493
0.216965469799
0.191037209301
0.229003337306
0.0613254525857
0.319537707431
0.418504769197
0.143910662133
0.389658542777
0.296499516523
0.138799346052
0.0719372182853
0.3200475249
0.0936817767083
0.162290628943
0.106265742085
0.214899684762
0.112493195328
0.267022058082
0.647290307835
0.683350507668
0.227394726356
0.218122418705
0.374786516529
0.397939321947
0.199569517451
0.249413629289
0.0960370338061
0.0950536523903
0.164593624133
0.384156755849
0.273382175675
0.284222459641
0.105420110894
0.336582504176
0.0618084003585
0.189411196339
0.223261169291
0.487408368564
0.275389580719
0.161635315605
0.104465306122
0.0861354661822
0.0426951325496
0.107470203852
0.243371102205
0.326557254605
0.236436394127
0.233999746057
0.251904972431
0.246950028435
0.151904794335
0.322505666553
0.338503579694
0.467604026485
0.183631319993
0.168904028667
0.207264156134
0.1020096128
0.334166113962
0.478148940552
0.285622520552
0.240443171586
0.0835139011956
0.354920953939
0.059321986779
0.123591959565
0.104266719996
0.621966994122
0.0657056572433
0.277486554726
0.302113950023
0.0554927440975
0.479762775108
0.324586041293
0.145041163376
0.23246631276
0.482856616011
0.226681561092
0.0801419200519
0.0897724018193
0.648826712633
0.200328681186
0.12121912123
0.263715619347
0.494123647249
0.370300342189
0.138686100805
0.176903507681
0.142484506375
0.233946738149
0.204827265584
0.232697131751
0.199582368068
0.108822363834
0.154042901352
0.240331179162
0.162269393951
0.126015209287
0.382244503281
0.412005988154
0.068256649394
0.164329851618
0.098191429122
0.46740547311
0.24297752816
0.289373463471
0.278322175741
0.0974895962866
0.350778005834
0.433554411857
0.0924204527037
0.0556218748123
0.230673648613
0.471397937162
0.165678370502
0.173188338215
0.091228168563
0.0131782264984
0.362497996339
0.254336588629
0.242654283955
0.0302347927613
0.283594328791
0.258714880913
0.141210444725
0.303726008517
0.341396749866
0.35021164408
0.482258450274
0.450961268342
0.190319430484
0.322403942331
0.364106683723
0.053814345845
0.310803624296
0.18717392065
0.07401175966
0.279561648227
0.160053342662
0.135547491325
0.334854501367
0.399672887968
0.418565236465
0.117052702221
0.347418730587
0.269116257699
0.274111382246
0.315929230906
0.50995014287
0.277499506392
0.417916022057
0.504476262413
0.282362138708
0.155227783831
0.507974071591
0.414138522557
0.386463291901
0.136909785702
0.323556927805
0.164218258662
0.380784274092
0.25640497154
0.145069671369
0.423870490935
0.264884304867
0.240182123063
0.0703815713123
0.222647591192
0.0532565940431
0.114274307799
0.456010206237
0.179688579889
0.317915637302
0.102095588344
0.235519057311
0.165786499639
0.2505364431
0.221432453663
0.429302375351
0.063502624744
0.353309506839
0.200252335898
0.325459704072
0.189384599071
0.224169409161
0.611886551427
0.168156176874
0.503384147985
0.0583886868179
0.224171301607
0.287984825154
0.336598276113
0.17530513859
0.207744756545
0.068941088185
0.160987113095
0.173156429519
0.0137673828726
0.280898693921
0.306219618974
0.698360812698
0.693974630553
0.154157986604
0.044876445614
0.358830343743
0.362194741444
0.283043291607
0.210393786184
0.10852195295
0.339251423287
0.295509587554
0.452011242056
0.186568810199
0.111008039513
0.363967861075
0.261316874519
0.257792640961
0.361720717166
0.120293170657
0.373451301281
0.421362215982
0.347628985455
0.311401465062
0.369575377243
0.0399028506864
0.36688426724
0.211908830754
0.404370946205
0.479533196485
0.042750530984
0.282491348031
0.213504011676
0.521938848574
0.287571837436
0.181146656511
0.0230545557357
0.140309618146
0.0568506932944
0.0839725000208
0.434266872682
0.123016572565
0.393582690666
0.341984939528
0.391690955299
0.169552277632
0.190016153616
0.535279163868
0.469119541244
0.151485322767
0.304299460886
0.364843843671
0.158434482918
0.0724072801236
0.178307697925
0.762807371603
0.192396940324
0.399254804044
0.221498893633
0.143978801639
0.134639373947
0.354079203967
0.315153893588
0.219313962895
0.128771297946
0.218373656498
0.253405373317
0.263737886226
0.694227168183
0.541032338359
0.327991536616
0.442039154449
0.338374273751
0.419448096338
0.590949972116
0.321879163026
0.145446396753
0.238195528776
0.148734208993
0.325988433341
0.125829260529
0.480673266888
0.417350430863
0.294204295829
0.279033338009
0.465512050212
0.324908650193
0.134879831651
0.564119428598
0.0926024425929
0.370946959954
0.43151038472
0.472091626371
0.613880813352
0.244280916732
0.0580028009287
0.320554439295
0.230391632213
0.34015391399
0.364324058419
0.0880426864374
0.243972891479
0.436328452722
0.680594356772
0.392127080894
0.241241595795
0.238902246469
0.41291052056
0.179559185148
0.10600473542
0.182601245774
0.520569630032
0.118312536005
0.341001800542
0.317254758169
0.0924943568339
0.247221869978
0.268695036812
0.260756534859
0.35591489342
0.388214227898
0.214339527532
0.354458643298
0.443720826524
0.302547735716
0.488564245037
0.492846640056
0.432172812891
0.234479545625
0.100428629251
0.24811332276
0.494747842534
0.281669104097
0.248707943568
0.389582715616
0.455547666356
0.208016304768
0.283905916622
0.249385712985
0.0806170037207
0.210446531962
0.358471726686
0.449333435488
0.365549717487
0.255862771461
0.277451452875
0.36077708697
0.733050983472
0.0524742517525
0.292012324334
0.186907613789
0.509562030231
0.345529149353
0.311251381517
0.284814022544
0.131688642929
0.182221053946
0.302652031064
0.235581834373
0.16804220497
0.253101845386
0.271169056443
0.16245833518
0.524744972981
0.126738468615
0.105098470065
0.35841357298
0.168092804801
0.108020021926
0.0430001949295
0.205296608161
0.188882846124
0.0579160134408
0.212920717429
0.340218306819
0.446531040177
0.185440422326
0.328790119473
0.272054969361
0.296082970681
0.429971024971
0.106182809537
0.418460044067
0.129478767664
0.43929661727
0.327068270038
0.485908729752
0.32488892567
0.0353553390593
0.128102720357
0.379846218919
0.253981895883
0.163678323287
0.398700832739
0.395801766483
0.0362278108345
0.30849385145
0.416261999234
0.132938820749
0.199826670831
0.29446178279
0.146477771534
0.348772028224
0.388067878704
0.134906669452
0.232187698106
0.423003790037
0.27819524014
0.0776388844022
0.0512668095645
0.228913381946
0.9375
0.146474133841
0.474017060428
0.183186629761
0.275947984364
0.365446601864
0.382610242158
0.246106317648
0.220589193653
0.222801680164
0.413249075831
0.45761536758
0.349324379894
0.288658840783
0.126231115545
0.322046406661
0.209825600731
0.0365362720203
0.266532522992
0.195410843963
0.42219546255
0.324933730925
0.0577644626489
0.169140105471
0.367515106076
0.127789713359
0.239403044618
0.161683839932
0.139067855948
0.0787002931188
0.0417921411739
0.335911697823
0.4837626898
0.320152574716
0.296816860138
0.430610986266
0.546844154397
0.161953068408
0.0979774158357
0.225066837948
0.229532428827
0.381923848627
0.151038586981
0.226294800102
0.126149867633
0.324464173504
0.327711398164
0.639509138878
0.234538883379
0.488579146394
0.0836332208436
0.35538716561
0.0845557069475
0.36777815776
0.289637977366
0.224402701037
0.372146873763
0.268649929228
0.562243301084
0.446004022501
0.484052422643
0.219588755292
0.307165201822
0.326745728958
0.578917012849
0.567739443019
0.468027509265
0.37336672627
0.0423829659572
0.311554744886
0.0499074938597
0.272135648124
0.460689966084
0.272909608371
0.294940248473
0.177813330753
0.384613638691
0.617286912083
0.196034428816
0.413523747192
0.0842246115297
0.477039246017
0.265115001733
0.315808872883
0.278799307861
0.269833765018
0.264638756518
0.432885717966
0.313002959374
0.365887772689
0.257237757178
0.351861915113
0.263540370748
0.34747512281
0.235364306598
0.108294433104
0.32911485124
0.182409907223
0.4833397658
0.261246363602
0.411410267832
0.397793812134
0.428182465356
0.111521063455
0.164245696855
0.221580831724
0.25045387452
0.427142239272
0.401672933992
0.406381130615
0.328874486315
0.565276201237
0.34186764109
0.357047177806
0.321752428983
0.439517163855
0.204480366021
0.225909010814
0.571634907274
0.185217382328
0.0
0.267228167851
0.380443784707
0.403494965465
0.236655822636
0.122739685452
0.139439570128
0.285492225811
0.216249230229
0.389502376073
0.0887947132946
0.269860048529
0.33445403855
0.345173483212
0.222601040085
0.18503327492
0.31010237044
0.0845726934708
0.0648394296598
0.0682021560941
0.344488784815
0.260879660748
0.258797726749
0.485817048355
0.160079375901
0.0929820473816
0.113620098408
0.128737267913
0.285996820973
0.127179467518
0.217235567809
0.237726619523
0.222260187385
0.0398202805649
0.177664488711
0.207218275475
0.0152230098969
0.051996157788
0.247369466012
0.0978158889581
0.243362852782
0.141138649934
0.0612085996511
0.221296352289
0.294533485498
0.32132040231
0.332027882273
0.0778900399811
0.103806655818
0.0395100100106
0.0387149405981
0.36901197764
0.151945235846
0.505983006657
0.32409088324
0.212475208535
0.480526280881
0.375723338216
0.268607193293
0.393564659052
0.512866781665
0.0765620811659
0.0313534556228
0.42128133037
0.25513046981
0.431018165146
0.389696155143
0.0932444397322
0.344091541666
0.237340921298
0.168802830296
0.19557963699
0.435286139848
0.333087803982
0.247088019297
0.240200406613
0.330889406031
0.0880650176779
0.462252233523
0.129588141279
0.190236711895
0.271878501514
0.0465053112642
0.153471140106
0.25976830142
0.295802536137
0.0764563716621
0.177236463792
0.151117457091
0.227450998651
0.191595368528
0.209054520839
0.189713098016
0.146960365243
0.15
0.224702967989
0.273478745855
0.0
0.242800593675
0.174044049408
0.0
0.132228758327
0.154033480157
0.113190410939
0.0461715077416
0.323999094683
0.131446070533
0.0
0.222081268679
0.0605112051907
0.167289690781
0.208400044491
0.233554724794
0.0
0.162292375076
0.265626901371
0.0
0.181494732499
0.256739938424
0.0395364985863
0.180303579301
0.410523007926
0.134465399477
0.347345369289
0.198013336266
0.347702609475
0.285195963108
0.223750154
0.358580561901
0.0490539265904
0.0025036314022
0.179091620767
0.119279508107
0.280296460465
0.295872589525
0.145360922672
0.210591592057
0.156337922722
0.184209450041
0.11625435251
0.272274785566
0.304154012613
0.408376310458
0.308508942072
0.242354854628
0.440981501288
0.364919225876
0.274249990772
0.412394958374
0.183710973649
0.431975396755
0.245948076088
0.20850260291
0.121241801042
0.0961464203497
0.105264136058
0.405105761705
0.24970488823
0.251973177533
0.137658006636
0.221907545403
0.248385011152
0.248026423369
0.249754479802
0.279151087477
0.31671232914
0.358838834765
0.355429814358
0.316737556368
0.135791678677
0.318474406695
0.243356366794
0.177707999417
0.193883134047
0.309760705288
0.141354741142
0.0868715665252
0.346037441776
0.351886127139
0.0216257029653
0.323211661973
0.185958509486
0.40158880197
0.119585255858
0.19269507913
0.328161786058
0.217830691616
0.0394075605801
0.310796880207
0.10380703284
0.306563984203
0.109622389113
0.205279656535
0.152353272422
0.116179768678
0.26033394031
0.146905904288
0.361319284567
0.189861251911
0.147449539745
0.198889843921
0.13547172223
0.288703097318
0.302845651757
0.22880579415
0.479908798257
0.20163037005
0.355781305491
0.306067740357
0.15864308187
0.254034198107
0.435735664169
0.28569798769
0.233999941743
0.318034571902
0.592374159428
0.398297405143
0.47105357698
0.425603694482
0.00949794607064
0.306853347799
0.259808719151
0.202617952039
0.421676278845
0.0283405176838
0.329194000311
0.359880333982
0.507988233539
0.343978738305
0.438080527645
0.326925961061
0.0541607393328
0.287352494208
0.215942874644
0.167714270901
0.271265541302
0.2134471283
0.200242036348
0.103161071271
0.121795074678
0.279622608205
0.500313155851
0.121084238988
0.170415483646
0.180710737929
0.389609666877
0.318960738622
0.537269379133
0.00994088410959
0.448999031098
0.549779591503
0.107852955171
0.40119078184
0.428096743893
0.574023234824
0.0279103118111
0.18224020684
0.302253283298
0.179170201218
0.128660179067
0.308740824719
0.192608923284
0.199586214677
0.213003595967
0.175881249134
0.384275648612
0.16510259915
0.29669034221
0.284320927569
0.12796096306
0.100376158129
0.195978820507
0.455356780354
0.215617773234
0.187346556795
0.490886181458
0.156391396579
0.531667889409
0.393714297867
0.425942448838
0.299854198069
0.0481343433399
0.24458728239
0.153717666709
0.394030386159
0.100669519527
0.0
0.262216693083
0.27022113293
0.427024006078
0.0969736013671
0.305915999127
0.0525560259534
0.213580705617
0.0782265112688
0.0793858103258
0.327489388868
0.505758826982
0.125911302056
0.349632568204
0.521238148975
0.341542782215
0.394954515157
0.686101671906
0.0182528062597
0.455813520597
0.340389063241
0.400945031378
0.211971886301
0.23247771217
0.209967244855
0.175149048827
0.424964337035
0.412072202245
0.319223749874
0.22592325995
0.167224847152
0.338930732468
0.404223210819
0.366889479234
0.43893937001
0.393907368839
0.30379516386
0.306501197221
0.189761297759
0.483194906845
0.291467038268
0.0218663011985
0.0265165042945
0.520447142147
0.445954777491
0.118546941387
0.16542381365
0.29065659874
0.0491347145129
0.0
0.347838158881
0.150410411087
0.331417780792
0.242456174732
0.0605112051907
0.140596959029
0.285461505447
0.29373011033
0.214773646987
0.0969079057458
0.310417822081
0.328948419736
0.263952399069
0.665602914904
0.421120034345
0.289410774632
0.419670427185
0.393866406556
0.325528021813
0.308026396594
0.332697329846
0.196249307918
0.293080860405
0.406321207232
0.0884607046037
0.317215594711
0.271390269253
0.16280957047
0.415395380958
0.0685762256226
0.235379143382
0.316502760516
0.229973114461
0.118869197658
0.361436772163
0.196537962127
0.129346752855
0.422681856365
0.166473451942
0.353931692634
0.166929762773
0.386600119922
0.265715797021
0.445613514481
0.112057161637
0.268218734408
0.152862784798
0.102842184294
0.26319740726
0.218990867235
0.17726325791
0.230133362936
0.209470952688
0.305090686338
0.0948887472182
0.205747039886
0.0351448973683
0.23503582877
0.124178184131
0.150850503815
0.192673834192
0.0796136834162
0.0763679791619
0.287922618086
0.361205628337
0.300255626318
0.143624825018
0.263490314347
0.187284157313
0.256757781667
0.305257765973
0.238032668658
0.291781597194
0.468392968979
0.107512075724
0.335763121428
0.359712142061
0.4375
0.11255981952
0.318520933175
0.257345869217
0.174017067882
0.0677464401446
0.280937482976
0.200899381354
0.194541742199
0.114937658387
0.109784223163
0.156331952256
0.120708507494
0.213346139191
0.184613893902
0.238919348577
0.139312800943
0.0806208208934
0.129853453915
0.215490861882
0.259606211928
0.178651218883
0.24742826449
0.307013021605
0.115460085441
0.380664027474
0.191249538788
0.261922427971
0.292225738523
0.314653871773
0.256406297848
0.248591028495
0.228142494536
0.0285078192864
0.446858849204
0.316545897964
0.225294657086
0.280123378454
0.175761578681
0.33538751959
0.345901722387
0.341026771134
0.238935094169
0.203100367063
0.192836422687
0.0656335616543
0.179229175898
0.139039538042
0.149481975392
0.256229927244
0.210917309728
0.363525401924
0.238629329032
0.108816617113
0.243992670558
0.0254436055668
0.119091310492
0.184730223252
0.271484960187
0.10863828544
0.297061551774
0.21518511345
0.0200091512613
0.261416632741
0.0420448207627
0.296260267863
0.0960224103813
0.121672809164
0.0136111514915
0.205117271859
0.0447099219113
0.157510299841
0.16715126669
0.417619764999
0.071045611638
0.0138095626702
0.189274408116
0.345926139883
0.157032297446
0.137596008038
0.127132012691
0.411496818281
0.35054919747
0.159583530489
0.228608424065
0.251188535567
0.21113298648
0.135040036127
0.382457146179
0.249280176711
0.17157344992
0.160953168174
0.272446280455
0.159559037695
0.157213216053
0.284767993087
0.289363615687
0.270003622627
0.230805494757
0.0924794408034
0.302115918902
0.212647985999
0.0429562585505
0.207218049916
0.234343298433
0.282590173388
0.307932116945
0.172386994465
0.160963127825
0.285955121699
0.401638717387
0.110422358318
0.0345750916781
0.0539389663743
0.25821453633
0.0695453524987
0.21708695402
0.197559096646
0.206799123716
0.233923263283
0.281676635843
0.315087331095
0.207362668955
0.488993997132
0.475092097043
0.0206772913049
0.21122562247
0.2802381247
0.458211810533
0.212061230599
0.341559863327
0.210894747859
0.0356174519104
0.3289634347
0.381688089709
0.145040350301
0.334087684429
0.235959559206
0.272572528925
0.160898824096
0.242861530867
0.272122185648
0.415115783339
0.0565843834138
0.417626703886
0.341184184983
0.320815750227
0.177995853448
0.353850091357
0.215973258858
0.242198408147
0.0977118599636
0.179490487365
0.428574234498
0.27783681153
0.61745386085
0.21323349752
0.474881562081
0.262800045775
0.16443649356
0.503109744
0.276563620221
0.122818566588
0.077358035837
0.0645862593862
0.271985256951
0.233767474342
0.170688911592
0.126672179595
0.423557980077
0.0974852945972
0.322461555913
0.00722177500586
0.250110277308
0.610658700579
0.196908289502
0.277572468127
0.087092622461
0.312602689154
0.227244578015
0.345933497824
0.0734939958875
0.0482128759284
0.0993435558642
0.314276469192
0.138716296749
0.0951410549108
0.360468459327
0.478168325091
0.266787269272
0.157437224765
0.226762419483
0.523782101811
0.0973205953157
0.225691368354
0.31714915158
0.268327543119
0.325187995043
0.374809150748
0.404979424609
0.236886645558
0.360127474846
0.239814080296
0.189973486055
0.275583582404
0.184089343067
0.185758446225
0.29360529975
0.352248952582
0.197176733842
0.128843815838
0.266510986181
0.317311873575
0.406631430395
0.233811857083
0.297850343251
0.312939345201
0.421888085065
0.388245190285
0.188721575636
0.355509186747
0.310679491122
0.338734225588
0.36634793541
0.24931500943
0.466676504165
0.256488833166
0.237507949717
0.14886934591
0.676332379676
0.321561497949
0.418390913072
0.16850361407
0.113375903338
0.52241608387
0.0787053860729
0.319179628988
0.21537174638
0.17828320253
0.111829857291
0.0383257873731
0.0896489212391
0.269566784962
0.20784794794
0.333734616276
0.343164256308
0.548172565995
0.249970136322
0.277986284167
0.267833564562
0.269544358023
0.0833792564879
0.215280714166
0.356778302081
0.345510901562
0.341484606563
0.214349942021
0.289612616916
0.0350343782416
0.342477944727
0.318920278983
0.335600725351
0.296345807307
0.304983908058
0.347932789708
0.0469979460706
0.101828001863
0.318369614793
0.183787599377
0.122142197073
0.380274215806
0.122541632235
0.328848366641
0.280278646312
0.26395084542
0.128394973754
0.275116725265
0.287692664124
0.535420773596
0.397093498699
0.316999213247
0.119791645377
0.248984215601
0.0339502629421
0.182876313961
0.241774945953
0.117838276042
0.0
0.340853067454
0.393344229786
0.0487215060012
0.169087512737
0.241108945586
0.111414137557
0.102428204651
0.251496255844
0.13790381873
0.0949736627444
0.0956224356542
0.0799165131049
0.356056583861
0.0863347563077
0.497155253525
0.0765375740986
0.185526851215
0.0717320170169
0.152449382165
0.0430282433798
0.363545106696
0.257736709264
0.205930712569
0.0454342021026
0.418511024685
0.0471101500772
0.0285143911793
0.125599748054
0.180525321019
0.160233029164
0.0540898471465
0.0954945867048
0.331724589855
0.205921354081
0.10737186749
0.254767245554
0.424552336006
0.405205306396
0.275077528908
0.049157183094
0.241601511256
0.389931002496
0.209513876133
0.287098406234
0.072039167237
0.430051401562
0.168110290651
0.0573208901937
0.287856836115
0.413858498652
0.291696787457
0.366948639404
0.403656916605
0.383254638615
0.0565375831416
0.166442996226
0.345262019754
0.125839983555
0.174984655748
0.516303646128
0.228944167306
0.21766272567
0.355672136442
0.151606784064
0.110914043363
0.285933294988
0.118942593439
0.353055629827
0.129880436405
0.166237133027
0.412631008136
0.38976328425
0.236763338813
0.275462793212
0.316397893415
0.0511714178382
0.313699090272
0.461552774684
0.393194405445
0.140568582644
0.296812633953
0.123358795181
0.160912819692
0.382835840366
0.268020065984
0.372193522712
0.111245465759
0.273177623085
0.444525136289
0.361734185792
0.384677662535
0.203581773302
0.300545065957
0.330985012585
0.134821327749
0.316244879096
0.147794847737
0.244163937919
0.248758465906
0.05
0.0901382215005
0.280265896692
0.223255189441
0.0646730224443
0.256620667463
0.263698932435
0.219541265191
0.262959278915
0.200875214601
0.331639105577
0.138082635111
0.504075587128
0.436078722738
0.0727900335914
0.238542765523
0.172930392151
0.105995040313
0.188730899463
0.384603943593
0.298346282676
0.0796897639096
0.246049137501
0.200581024064
0.196086206856
0.26913472638
0.242946160538
0.491190198459
0.24558416204
0.243189206713
0.389150141813
0.19359755563
0.400115851557
0.228084315721
0.375741392889
0.320736901398
0.259362326573
0.324705365316
0.415787295673
0.131981116451
0.333956705764
0.135131141435
0.0757915163997
0.252018709237
0.0585732907152
0.0867555527597
0.079955728237
0.312507850961
0.05
0.14079549679
0.286943792099
0.286633944839
0.224917499434
0.274483720869
0.231765947282
0.174852314125
0.127300693319
0.0
0.041348848617
0.296380184955
0.316959626521
0.251748475717
0.243852381132
0.368649071883
0.333104036552
0.263662379564
0.169588541418
0.372404514897
0.361933214248
0.119186313755
0.402609410665
0.199693794386
0.227057316497
0.025
0.0778401285928
0.519854193985
0.281846697455
0.231501116123
0.120221542032
0.106785627997
0.200350538499
0.355177809368
0.202578890852
0.341612837865
0.307837773802
0.166711607593
0.0923218379683
0.191207533227
0.291530950809
0.301584493463
0.114591595895
0.332407884362
0.207177789995
0.310220490203
0.174381494308
0.209682467292
0.129101559888
0.422882299833
0.290858983568
0.305296157678
0.167517677169
0.378164832523
0.160511205191
0.119360178377
0.139427248965
0.517349557258
0.0853833693359
0.533331746301
0.151026150959
0.275017413357
0.251070340377
0.297383953123
0.235547731827
0.33610925869
0.499431422415
0.181255058624
0.181616814126
0.172980637507
0.112816209727
0.414035057514
0.352911288283
0.185408107103
0.279815621093
0.207752804508
0.136692583734
0.269172213918
0.129599762527
0.167878456288
0.235473938206
0.25892490469
0.0784394650323
0.233052501249
0.35561132931
0.0390015804444
0.508286655747
0.205444637827
0.0575147640244
0.448364486732
0.401788515893
0.162284946993
0.207963874884
0.408153327958
0.362810888464
0.218640429946
0.104903129231
0.130221880975
0.0910454589344
0.168823637209
0.193875591436
0.324359240258
0.27414873114
0.220426565691
0.0606558616812
0.263501982796
0.375928015779
0.0516252690923
0.217729652537
0.0864936501859
0.177988020502
0.0166365076529
0.226187521004
0.133427363227
0.346347648301
0.180687150389
0.213090130058
0.195796435603
0.144084750494
0.105119323659
0.265258412806
0.367165572628
0.157144180379
0.137122055543
0.203135289177
0.406469280188
0.382593285774
0.122517054793
0.0425068285365
0.3610292646
0.249953906229
0.13676664971
0.169268420735
0.370891396682
0.478447678726
0.269143803749
0.297382659964
0.192886997604
0.170008077245
0.206199719828
0.139429728001
0.0
0.157206982956
0.341309305311
0.0892902375336
0.0771621632855
0.107812459024
0.0739309536757
0.287039026461
0.00676067076237
0.0149017302768
0.164720741009
0.189283466838
0.109467440988
0.137574960086
0.319271895494
0.127268739231
0.511720074699
0.127706673265
0.017168352745
0.071731878799
0.218775648594
0.213481261154
0.166514022288
0.329727000477
0.112175886825
0.0260369233419
0.143015697698
0.41449632784
0.215746971916
0.0948409451612
0.182045805073
0.598812159531
0.14999691475
0.22412151168
0.349084847407
0.412797667577
0.221790718056
0.0841453909859
0.502925198407
0.264819735401
0.450670457688
0.278558727881
0.0480112051907
0.174633899849
0.378328354441
0.288307100151
0.251830458082
0.315201669262
0.119556747014
0.338679335998
0.191977568915
0.0618245327584
0.30792795013
0.158465601345
0.069361801412
0.182932471295
0.149472567859
0.055898002395
0.0936181789905
0.351657993032
0.0713671163852
0.0637673081318
0.0818948049784
0.311755931359
0.337528107776
0.223384354161
0.113954114918
0.283123326069
0.205965459375
0.151676793586
0.0821711762318
0.317079725821
0.15116134885
0.206816940014
0.309190377298
0.204429914925
0.180771659829
0.0857269271166
0.00487640810832
0.112323431558
0.327583338105
0.105032330874
0.0970732066442
0.113613828962
0.271544303348
0.355079869454
0.20378500879
0.204734740879
0.156907540339
0.147788113097
0.188465757747
0.101174290609
0.112115459251
0.0750159027896
0.080168307724
0.0967828381336
0.217833424855
0.467164109316
0.164543287654
0.297697294546
0.232957178544
0.216924529434
0.259104824093
0.144618651253
0.218155620134
0.436754077148
0.0940294466656
0.306137132643
0.300153653236
0.11238641354
0.103943557785
0.224618158019
0.369717556212
0.344654116426
0.160349037688
0.356455972698
0.156030822517
0.154930500996
0.0548309134845
0.362887586006
0.0839282387043
0.136547520415
0.265033527779
0.0766918509092
0.184717650004
0.0691023546744
0.203718073113
0.0659806084787
0.261091135471
0.225679817756
0.183226501412
0.21612008142
0.280146333612
0.384919827917
0.299420668564
0.234408893603
0.367981819429
0.150817364457
0.319534788822
0.258719960845
0.0849736554068
0.0665871629884
0.142325330321
0.162874815819
0.210844643815
0.229653278192
0.346164074467
0.246047308169
0.159417925838
0.164449532556
0.0467359908509
0.0924409935128
0.36022803727
0.29715671969
0.389098984053
0.0815237989531
0.220092008461
0.111759965611
0.0
0.220828762253
0.292271311356
0.418006949604
0.241394176747
0.0450143897068
0.366995358097
0.0818447264125
0.229215898554
0.187294488889
0.191865007255
0.160601253363
0.329040729257
0.136654635048
0.124473012306
0.0992552321897
0.360546757189
0.0375
0.171985462547
0.104577909497
0.2528783323
0.183429638558
0.141471086561
0.150744672531
0.31252117049
0.179626280033
0.147039464253
0.0601930490571
0.0303859476546
0.17944310831
0.0953834998625
0.205323119233
0.201721261549
0.257147941248
0.382457307882
0.179798270454
0.27849521175
0.0271389726866
0.182891093528
0.322920868165
0.344379761131
0.226954932924
0.632730468924
0.104134887047
0.151344574371
0.373900319574
0.0
0.149851516651
0.0427183853996
0.291003132943
0.0498703964075
0.101681233276
0.172884958093
0.0533003080856
0.166514627672
0.0376935969669
0.0242085385886
0.336366794572
0.0798630780306
0.1796485476
0.0642358774844
0.460906813503
0.0761964233166
0.283579426577
0.316563503355
0.0247509514844
0.522644152554
0.20469587673
0.23063417474
0.156220005983
0.26506973781
0.376943955957
0.181324801702
0.260698097756
0.314190614909
0.254239125996
0.297021228332
0.147831826891
0.0507653907886
0.296941254423
0.257752196983
0.259875007692
0.483901755662
