0.0687644783621
0.231811144202
0.232023622617
0.282391852281
0.234219927763
0.0114728190605
0.0611104756751
0.0
0.155559828104
0.0897138975141
0.22647816743
0.0962625683001
0.0912503598951
0.157687642573
0.102265100523
0.199161987665
0.116762859423
0.173946853283
0.0850492988447
0.207579900162
0.185957775931
0.130056646322
0.116208799286
0.130868689557
0.110923113349
0.123042394829
0.133756516669
0.0741134733434
0.175068646455
0.0574815248816
0.316538584139
0.100323908378
0.188744543357
0.243974696328
0.115896204602
0.0519694022881
0.422529560482
0.15669112977
0.248824031126
0.229390573182
0.0371627223438
0.275322100321
0.132805057528
0.032196892749
0.0294941857214
0.165372001199
0.175247839237
0.26119884417
0.0120281306081
0.0694823312807
0.177060228997
0.188764412863
0.143034880211
0.139214925783
0.213796036065
0.255508006685
0.217434055391
0.175554432842
0.0411492640316
0.141595671869
0.0675156507553
0.178308876346
0.146688918295
0.0435337679673
0.104827027075
0.155334382146
0.105661437506
0.259144030315
0.257556674476
0.162762620887
0.0286634809617
0.154725142378
0.487397407672
0.315680653446
0.0882932831507
0.0407378819877
0.0942524957044
0.312232760179
0.0432806281953
0.233182651238
0.126349893933
0.179153759283
0.146393187098
0.0914461607983
0.132014521793
0.0739875329453
0.162350226735
0.029116971787
0.0402438115295
0.126142651843
0.156783965929
0.0217419487876
0.13667589166
0.0726199340069
0.143598181364
0.415275566129
0.244923711155
0.0845069849161
0.00933895900037
0.0175186753178
0.0619609248455
0.315482913381
0.234434382242
0.299661688812
0.0922687491962
0.390893599731
0.18312428105
0.153228396444
0.12389861568
0.111775017888
0.253129904623
0.23914519282
0.156044631759
0.0405837293121
0.398894763169
0.279503014047
0.0988619883861
0.12945407006
0.0693231678937
0.178585566147
0.117213658433
0.327771547888
0.270520670837
0.185013325993
0.167532343075
0.0701206341784
0.23959540174
0.280535242573
0.342020333957
0.463516613702
0.17963440184
0.246956481167
0.383364527741
0.0841810273189
0.0610818368418
0.035867205627
0.132789071139
0.442108789833
0.1347378312
0.253703711568
0.0912122041001
0.208001837794
0.331117388843
0.0770763405638
0.0876162141321
0.0346053673391
0.0767328908551
0.216245709423
0.25100938115
0.391117205295
0.0787522179224
0.0887614749639
0.191509670654
0.0641324135166
0.102239982564
0.206510630456
0.0950698414602
0.0371384035163
0.297842194405
0.195788209788
0.148096570432
0.0120281306081
0.125835847525
0.28992941994
0.177383289906
0.21102989376
0.133671353228
0.312993179658
0.495683806521
0.0842882046103
0.235728922877
0.225989017655
0.189273560965
0.256340265557
0.211595844155
0.323389238441
0.303417617391
0.118680743102
0.0944001086872
0.162957353831
0.305565765345
0.146430180543
0.344673627946
0.265126909092
0.133831724458
0.342372532467
0.0778999348539
0.117669432426
0.0986329990194
0.167084560729
0.136704287329
0.143276953332
0.0187491400775
0.185948813682
0.0344982553792
0.126260871871
0.295053785373
0.0747838472511
0.161275581035
0.288289684775
0.0262237505898
0.155998322988
0.103989172368
0.0593326595612
0.0491775359185
0.0470683700523
0.128325054818
0.0611548020444
0.143745951638
0.057205652297
0.151591423394
0.0553874015557
0.271554499728
0.127552339472
0.0571272965597
0.28354907193
0.095560495297
0.0644671406457
0.0789550004619
0.0739487542504
0.297484594784
0.178709028205
0.115190813718
0.122359713691
0.10679421698
0.299347962593
0.0
0.151120860702
0.123901395518
0.301297224822
0.144595004427
0.22252218366
0.141462996699
0.121581046831
0.0765900164177
0.114193909707
0.0667223483346
0.0762091139474
0.106479836069
0.109244588623
0.163478685951
0.126994299453
0.24107690957
0.0427986212543
0.367406945348
0.0433424145435
0.0541047748976
0.0357453646755
0.120247346804
0.453175919819
0.060506234852
0.195550619552
0.234358109704
0.157245512552
0.0158299101177
0.110784548297
0.141238905229
0.0413670729877
0.0511308009434
0.0655962043509
0.437544854369
0.487807113673
0.0785084973601
0.0497780784876
0.243682466291
0.165019871378
0.0595239801719
0.0762559769795
0.197832867098
0.204660894771
0.0655700982952
0.0896540752022
0.196229061384
0.157178629706
0.226144246597
0.379613679919
0.143121363361
0.316746832825
0.175286236906
0.297925680137
0.26406891404
0.137345508122
0.468342758748
0.0892426381648
0.395491284051
0.0900913002048
0.0394307158634
0.167951612688
0.433372710717
0.349598378962
0.175623908073
0.113052043451
0.251012293275
0.153951570789
0.203074013628
0.362700427654
0.359723786616
0.0742006620429
0.150917995363
0.104526740526
0.117490592793
0.347267694365
0.160978970658
0.246037933712
0.13949953371
0.135774355903
0.139909404666
0.0858117477928
0.101215207681
0.212448453208
0.250483408024
0.240763452614
0.0717231301857
0.320139083935
0.190515830563
0.250059433062
0.0293947560066
0.125861545365
0.143711415203
0.308248762862
0.138694277327
0.242763768971
0.120953437734
0.19671815216
0.48418676938
0.340474110468
0.300413746121
0.123109280686
0.0911592951757
0.198438727039
0.369862982916
0.264829737936
0.171585548099
0.222109413154
0.19025881827
0.0457743471978
0.0986893322494
0.136611923971
0.25399141176
0.0754467441601
0.0742570016881
0.352294723149
0.261258272
0.36787409853
0.0646499614978
0.0599179566952
0.369844483155
0.107751138081
0.264936753053
0.208055346039
0.104188538823
0.0842244482515
0.12717508054
0.171152408161
0.194238945749
0.0256161730396
0.363163511856
0.322326440639
0.161373586145
0.364518422038
0.546652213536
0.0530313933266
0.192870727763
0.0972344668699
0.305432413235
0.336111231654
0.317108483456
0.192166604785
0.21038724414
0.106019370312
0.2359988608
0.228801732581
0.081121478787
0.517620243899
0.216567235068
0.0437667210488
0.336297070961
0.0905161189081
0.21631342828
0.336238272649
0.314078976668
0.0114395934745
0.475596847797
0.171066418395
0.0240562612162
0.259474145583
0.0393037728485
0.0618659771609
0.344373649267
0.119042987204
0.213081285336
0.150785183378
0.253967263766
0.244812928721
0.153564131439
0.191350542661
0.197817586838
0.177628177281
0.130994554468
0.278612863731
0.221420400838
0.150912647021
0.174299185176
0.0406916115698
0.258475359752
0.23788459655
0.312595165543
0.398874338485
0.25480629227
0.293645468119
0.119866902385
0.0518131614751
0.146216437478
0.183259059041
0.178863231813
0.0261194011916
0.203432993616
0.365493014636
0.19672206471
0.255493478674
0.151032361904
0.403521519843
0.289348176774
0.306152117175
0.213181397388
0.128030093392
0.191559847134
0.229624871389
0.326805414135
0.174142762398
0.229035571416
0.0982114720033
0.349842770016
0.200941100437
0.14624606616
0.207542256686
0.141338710691
0.158842034767
0.31062987704
0.261095809035
0.379651312575
0.0603049206852
0.298942684529
0.14293255708
0.248963163922
0.0999011891009
0.290125901578
0.0584877996942
0.162702178754
0.174663050174
0.199025562415
0.160001703195
0.271683830918
0.231868646674
0.207732122177
0.0228132605628
0.190891113495
0.0756375145251
0.103555964604
0.248745808788
0.197484075223
0.157542942657
0.0440777894034
0.222909745258
0.043191696681
0.211838237395
0.0287246102396
0.212645070134
0.254749543352
0.0114395934745
0.289224036157
0.0111030471421
0.208793649552
0.185803861152
0.242978851707
0.0410092558205
0.33363895282
0.0439167691076
0.19352356713
0.0775953981786
0.0860041398501
0.290707466444
0.0417532078286
0.176883967038
0.0373019469017
0.323321897057
0.110455518725
0.0539366416295
0.092594499692
0.213601304012
0.217634112103
0.106729534656
0.212769456149
0.117615911624
0.0700457254225
0.214177003269
0.0816064815308
0.272626822408
0.0362201957364
0.1627979902
0.123163602709
0.296644635893
0.0978835788089
0.0792180665118
0.141377050032
0.0909353917924
0.211984288345
0.280466191681
0.0903800532351
0.0445269353745
0.234538273333
0.240182312519
0.0811059215781
0.228903947029
0.125458006689
0.135126582743
0.0692567981163
0.401855060308
0.231208260042
0.368590963315
0.0875907942607
0.112533317495
0.0721978657454
0.264985332799
0.0872910784374
0.0882751656175
0.171559106251
0.324317634118
0.375139180124
0.165559546739
0.151040162401
0.0405383641042
0.218691609875
0.164757439282
0.0916267163016
0.127194832118
0.108824847902
0.045616653083
0.280930217975
0.0999883298398
0.419916961283
0.202857328443
0.515732351137
0.408791203837
0.374044276292
0.19783409948
0.288151167212
0.197204521465
0.234233034312
0.129808693329
0.37431503919
0.335823026569
0.136950846204
0.233509447487
0.179771010045
0.123040603668
0.119465504743
0.159279671204
0.0772762826438
0.0948324742795
0.0493412891349
0.193366340194
0.0242809055803
0.083997489633
0.0649634214594
0.154418275039
0.371906457372
0.062392103521
0.24700865856
0.0411570420747
0.176844382812
0.0939839399409
0.158469991395
0.0632572031778
0.250847745011
0.060958761365
0.286946806678
0.0983875442882
0.109046109265
0.344363793627
0.0340726237388
0.0416127655414
0.108068147386
0.0924774932499
0.32065310577
0.102932254926
0.0968211345811
0.333374140428
0.109041589443
0.345925143923
0.361192517174
0.0885358844586
0.179429990333
0.342760617257
0.25439552645
0.0918414342962
0.287362413881
0.112556357097
0.061036436143
0.319070406003
0.134750092613
0.10039982144
0.185155874993
0.0978564665153
0.199584291003
0.198948374556
0.0965863064297
0.0717398525625
0.383828394626
0.26847535609
0.332004402244
0.0684964826368
0.0949130596342
0.0569001185803
0.074012101047
0.175033459594
0.202572951789
0.210646676583
0.0295354061183
0.156568116327
0.182409180702
0.18991656107
0.241356634993
0.0819876445104
0.301113817519
0.333912178949
0.111081429104
0.43301627659
0.213339656838
0.0844480289216
0.190443658743
0.495577847787
0.0418053547795
0.243339006108
0.464356555033
0.0559573001375
0.131644353435
0.466572782198
0.420122083506
0.145356782693
0.0729041985411
0.477681435558
0.288255769597
0.431802431853
0.0989489639517
0.296773936089
0.17721136736
0.342547657293
0.428729111287
0.10877434295
0.208439654815
0.488410845689
0.160507027033
0.284813344206
0.112899041265
0.220266568934
0.0693439191389
0.0801521735756
0.104225671975
0.361665722603
0.339017560836
0.283434975148
0.222074542551
0.296903050718
0.583573863734
0.608831269364
0.0638395999082
0.0962527155945
0.147030248136
0.212771306363
0.26617215194
0.394302330949
0.1884070335
0.0312761185598
0.103951913032
0.147345461171
0.0527522832294
0.0885982949692
0.181696429097
0.148644752916
0.332624983743
0.24872919197
0.267733292571
0.147345461171
0.186818417481
0.152950857125
0.417049008979
0.311779009325
0.330376132454
0.257575143056
0.518961106402
0.315499117009
0.0632073470449
0.336182546798
0.248517317742
0.26181274092
0.212830882929
0.0976642953285
0.076752156845
0.243466918444
0.186092372526
0.174766527101
0.128577566817
0.106067249163
0.311606819477
0.113017025597
0.112706332522
0.140617693917
0.233329551936
0.154506014252
0.0594532032274
0.450574564366
0.0402458123054
0.233775786511
0.411996771845
0.336491775432
0.094256017255
0.217649527164
0.115877556878
0.222229010424
0.0421416614664
0.233249659807
0.0408474503114
0.264075118386
0.0569477793285
0.177508636546
0.553983159372
0.388673013049
0.159520009004
0.31640749637
0.425531274981
0.092081672228
0.372231950447
0.244931721311
0.152362788242
0.285813650567
0.102657491869
0.16082951501
0.243466363362
0.100594335038
0.0677889637974
0.0134690171797
0.412066719325
0.333519859682
0.272279278534
0.238586206247
0.364854282303
0.0799890279945
0.0799980574645
0.297056035361
0.230109788767
0.0546939918441
0.0467767078266
0.0864154765528
0.642518675318
0.133416592948
0.235780273561
0.0226852524859
0.302292280364
0.227657815916
0.185684768255
0.264083680362
0.0647848831111
0.19304344995
0.25784193896
0.0669347966755
0.474700900746
0.105138999147
0.337552480928
0.0622214323452
0.32217123254
0.0670350299002
0.0361739843168
0.313996322318
0.105592602704
0.353709090357
0.374927381447
0.303987372082
0.135698335718
0.137360777114
0.142665743598
0.126518469073
0.389048159136
0.201403139461
0.338557831669
0.0235971883838
0.102375749455
0.160174240056
0.593559547263
0.038029259625
0.0727966709664
0.142664073852
0.0312761185598
0.0875275680995
0.0410666066522
0.0362503584887
0.0305613013925
0.0241504055556
0.0753145969236
0.100524773761
0.0400762691374
0.174053630371
0.249042915819
0.0525560259534
0.0800186753178
0.104792599512
0.126173695772
0.0318768410934
0.195026971704
0.414038257325
0.044590843796
0.160647390051
0.493789438657
0.0268121507812
0.0349357142194
0.040018561675
0.168617490642
0.201349978445
0.509213827668
0.313545249453
0.169007159331
0.448180970965
0.171308429914
0.360729142403
0.103687012359
0.117947420154
0.369461052906
0.184221159688
0.116848779591
0.132559895472
0.0546122342478
0.0400989911177
0.0765665817198
0.180418157365
0.0472835211375
0.0377985018187
0.384322448963
0.104067688872
0.0687218883983
0.332261793142
0.220693204139
0.38793182677
0.0901045178644
0.585578077378
0.0443958870681
0.126463643598
0.153636515505
0.0438949485807
0.189993483787
0.158895818898
0.112805858059
0.148123850997
0.14388299218
0.277690263022
0.0495773273831
0.246354614468
0.379858170922
0.790063701158
0.0492400314538
0.129647165993
0.118475861169
0.220605024568
0.196582270942
0.0624263407083
0.0522705610591
0.117944644054
0.490659067316
0.201108495699
0.286665622999
0.0299322682202
0.324622955377
0.191382115667
0.460853782969
0.0842864221181
0.361578909389
0.0741436414068
0.531436351149
0.360252844836
0.0691930720164
0.121309604793
0.4550110927
0.107599376323
0.21410387865
0.166051318134
0.224892390197
0.393784937411
0.069531850631
0.31480446171
0.149458508281
0.0680549427384
0.160944656495
0.301844783253
0.368835226568
0.0535491637252
0.222074061615
0.297489755293
0.465643997158
0.266370499246
0.355091171627
0.0361739843168
0.384866131894
0.189146907689
0.072832804225
0.0452154077492
0.115059403239
0.110723221408
0.0940920924723
0.087512708045
0.237415275149
0.413044866546
0.401216841224
0.0817260650519
0.230966235293
0.136544304883
0.34901640967
0.072092944801
0.245715250624
0.302505596805
0.139365765619
0.211539523687
0.422207451179
0.290150033662
0.0595301166204
0.317641328888
0.296516694343
0.132773366248
0.225362517949
0.210542751728
0.16404166316
0.206817710547
0.227761554241
0.0639085859733
0.188909054953
0.192150134145
0.181230415738
0.339986781507
0.174929401608
0.0895588005885
0.0305613013925
0.0892302955643
0.0
0.138181143184
0.125486749107
0.322384882769
0.133291205458
0.0797329769186
0.175634383511
0.200887403898
0.339488390527
0.243410590367
0.188425979093
0.057826289065
0.132377060001
0.278468943037
0.224922091913
0.426951405703
0.0757457776508
0.170239522945
0.276362428468
0.483611694465
0.386972793311
0.142341540097
0.231694211633
0.445657394608
0.132772697504
0.367841676195
0.075926022139
0.0720121522726
0.112813241808
0.185428781445
0.15674523492
0.264713122634
0.0982052247586
0.0963644826129
0.109834150472
0.378103397132
0.24170807342
0.297817921627
0.140603680614
0.250006422474
0.241950519197
0.113342037466
0.488935728992
0.262038478091
0.605337955375
0.316610984754
0.073714564363
0.27294345693
0.145993100306
0.074425115089
0.222845904208
0.215943892818
0.0329943177189
0.132625051695
0.104225761359
0.351348214979
0.109760231237
0.156446878612
0.132423913984
0.225760284238
0.11755529776
0.147028753411
0.098245304749
0.26580003939
0.299641863614
0.244900194175
0.368328586723
0.188633615357
0.243239060403
0.257767495377
0.154001171781
0.207962963791
0.168651514471
0.126816156668
0.0725603203011
0.381493326837
0.397847358835
0.481954426977
0.0713847090202
0.224882904896
0.0945558954196
0.280937147599
0.373161321708
0.224293590825
0.300174502488
0.367931320479
0.0677621269172
0.106179095531
0.251437094304
0.0
0.269631687592
0.359028600833
0.211014362448
0.390874635974
0.191201827282
0.275389623686
0.297174180387
0.418960183796
0.283203106878
0.215950622736
0.291666666667
0.0142224249988
0.2213521143
0.26974158022
0.335641699322
0.262043095065
0.232505284203
0.183043774112
0.424203020525
0.320131251544
0.0568318143072
0.170035155668
0.132173421613
0.162053149059
0.303824404111
0.396201643405
0.265973066896
0.146968698207
0.243956485978
0.398288090487
0.191965587385
0.1875
0.0175186753178
0.501175832638
0.11961286267
0.307025432849
0.433658934148
0.190460137787
0.325104789202
0.109395802517
0.342846463646
0.226805428147
0.135857219104
0.184698870939
0.310054077348
0.325520141775
0.418188648236
0.545157599428
0.226514249199
0.166911554461
0.23735607774
0.300012356189
0.239134842569
0.13981124557
0.238024244033
0.047882424118
0.0866240027755
0.225581148408
0.304924842468
0.0513178368925
0.374547769809
0.286449621054
0.173071025822
0.280619000595
0.152284163194
0.44284310086
0.377490044384
0.107366023995
0.0659251028145
0.260498910417
0.476491860266
0.167518220046
0.208211979369
0.176666091982
0.16338015282
0.128986746924
0.293090813993
0.408170007817
0.173385230238
0.259426139478
0.271760932515
0.0806588846525
0.154190123299
0.158298101248
0.315165550667
0.272201232299
0.470748224898
0.142643162635
0.528153349536
0.150956867823
0.113693006642
0.232112227577
0.228784307525
0.345310911064
0.104556055046
0.47436355374
0.291085147415
0.340827004354
0.0879416420706
0.290827080346
0.187634999636
0.0424286862763
0.21097363984
0.0609321507643
0.230124898953
0.185376982024
0.142707951474
0.111223109495
0.125767921271
0.103131847908
0.304056063082
0.054647466818
0.112656409781
0.240508382946
0.358599759355
0.434807809788
0.0679249265693
0.206764102407
0.340181198097
0.309361130035
0.152660279527
0.482196265256
0.150144693645
0.444477431084
0.0638997876893
0.309240363489
0.165681657435
0.322697814768
0.13248166441
0.347573969404
0.153518206082
0.241112603985
0.276945799299
0.330229917503
0.139868247467
0.211956311973
0.232762369739
0.211844084496
0.245067992575
0.419180572277
0.128553513633
0.0793790613813
0.240426645489
0.0898086510745
0.277106803007
0.124830262566
0.325220603995
0.0754360772895
0.340478491559
0.258643585708
0.372834461394
0.35534697406
0.20146733669
0.18451790764
0.265461869373
0.312855611313
0.472018171099
0.327218584491
0.15923807825
0.191105678017
0.334588289346
0.302927135289
0.254231255791
0.164029829262
0.106906436428
0.295966423002
0.235367568309
0.342064565347
0.16296443368
0.0586581882164
0.272789380953
0.0564751252256
0.207602277304
0.100652698104
0.10543488795
0.319838833148
0.0946789961875
0.122324125076
0.0222060942842
0.151660123751
0.146981387697
0.325361872048
0.255033025065
0.366012522355
0.135559134962
0.190138763453
0.0847639142111
0.197907260385
0.148234230612
0.252507673324
0.236804905251
0.34225773513
0.36953853551
0.264179498482
0.288547601758
0.294289216197
0.211232497703
0.244544370551
0.328767922425
0.241598978541
0.0158299101177
0.0807401780996
0.0818706146808
0.0889642026878
0.251830837587
0.0794764117582
0.0378252302515
0.310764033467
0.0552466868927
0.130043810885
0.240141550937
0.857851612503
0.241969544665
0.478964967839
0.218827492641
0.254359872309
0.122003633635
0.247757659091
0.041110332251
0.0587272044008
0.121060077715
0.128247659881
0.0165224231319
0.0433948722364
0.175480758897
0.144827873654
0.0629632605627
0.215444884733
0.188313519221
0.114331660312
0.320371230255
0.229110631419
0.288873906799
0.193798546482
0.193084550178
0.389875007884
0.452134135056
0.225064495677
0.275962161037
0.0465530757874
0.0863981660037
0.159318139227
0.3217331422
0.243177968298
0.284657533841
0.10145661981
0.185686965654
0.284686387453
0.192647865988
0.167031628154
0.307911572056
0.266134103301
0.137150955336
0.0802273843326
0.123321302456
0.334294956154
0.257800716643
0.117764071364
0.593725115313
0.225152332474
0.309515570855
0.0898425330312
0.207352983314
0.529634973537
0.0422221585541
0.176747216541
0.365566882278
0.18384653656
0.298426174066
0.25430335813
0.0465378558379
0.0447958593881
0.190862694969
0.316233794023
0.151989836143
0.1517824468
0.156560535003
0.0748814354392
0.169176852403
0.234475155994
0.098773929794
0.286249413593
0.199975265827
0.191600311542
0.0916531420211
0.295505009301
0.0356927048758
0.245395845245
0.29472441637
0.0685440659767
0.102235860988
0.0702058443646
0.0592888069174
0.11621890023
0.113637595262
0.112986891095
0.322885570785
0.0409044608305
0.0841967778681
0.29198554619
0.387498019076
0.185579566779
0.226003312862
0.182175023418
0.195240867571
0.197750194257
0.0894284094684
0.0466543529547
0.240816122281
0.133041677402
0.414659462211
0.58029014386
0.382394564636
0.425898867732
0.0746269255486
0.143158012664
0.376679018547
0.420076535669
0.285581216985
0.250164919129
0.11803555808
0.312402239821
0.0919489798479
0.178415359313
0.107565318993
0.398596881258
0.130314288504
0.304248686668
0.31199281748
0.0452368237161
0.286717490693
0.228283720813
0.127742929723
0.222362482833
0.0206410208894
0.254366265201
0.060650726814
0.0370442136679
0.0359352988292
0.188778427327
0.113638563975
0.402890009405
0.322451582764
0.041796269061
0.318977208577
0.264593107884
0.236706586981
0.125246454033
0.117996751368
0.121732754021
0.162886286681
0.350390813244
0.127933128839
0.129170502168
0.117177670198
0.300478168119
0.403694089824
0.0578890190018
0.310421896105
0.189367469153
0.148808303469
0.339219885086
0.0
0.246319145963
0.738872143141
0.206200890555
0.0
0.187184682131
0.0700020594397
0.0814342118007
0.0379542390441
0.0526699771316
0.0395269987855
0.198649488145
0.268793736831
0.339785722569
0.0983412780007
0.600606486771
0.339694134002
0.221782453161
0.319079246764
0.461784902009
0.534564461833
0.661348703088
0.822026421004
0.136046261327
0.0241904595866
0.105655588312
0.125497004352
0.157993441742
0.173941224686
0.376892914472
0.346223498148
0.320804399165
0.264776426849
0.320439801895
0.21644237987
0.133544359465
0.37469556709
0.324767341044
0.0976193239497
0.123632220742
0.239387638489
0.104729918168
0.0457979696506
0.0385907806199
0.317756428563
0.257220437609
0.256039837809
0.110045988489
0.172135816656
0.0554562253569
0.249523592464
0.391143526973
0.160066365005
0.369118747908
0.232446621667
0.310274403224
0.0981399928216
0.325928593231
0.107170244155
0.213308357593
0.159934190026
0.295726745368
0.23120048713
0.298616014589
0.121879526142
0.163045997419
0.148133551781
0.0344811972278
0.279619260568
0.239956004773
0.303031894643
0.0795819902995
0.344750066593
0.0772105467438
0.12713538636
0.0910854150143
0.152601494911
0.0430535498032
0.172144279664
0.095544466741
0.343034631147
0.450350547392
0.0932373361266
0.161089624286
0.293934671182
0.330356962062
0.134668956089
0.168445818646
0.203746095288
0.299863823292
0.121169788386
0.367329424884
0.300692076453
0.182626050527
0.104398825077
0.078778850666
0.0528350217582
0.0
0.234440866342
0.0620093504343
0.148360208606
0.311492603469
0.0
0.0508672607533
0.0985046124594
0.280494241805
0.519009829209
0.183116595398
0.0438103400008
0.342151528644
0.298151916621
0.204995682256
0.0582475716684
0.0698581266187
0.126953400599
0.0953132708785
0.29682880092
0.0486855344629
0.0313216081685
0.154393361662
0.206976135703
0.221947264558
0.109252474425
0.308802783687
0.0481886605407
0.0701556718509
0.115061652956
0.036374433545
0.222719999673
0.00158705446687
0.129453326659
0.29328283605
0.0244157047227
0.134135282245
0.104303178802
0.153921364265
0.309915662198
0.160232215819
0.16299147943
0.199216750531
0.0533631618987
0.0720016924415
0.132735827445
0.0305331127506
0.415849951366
0.17219614816
0.079703421081
0.301788813721
0.087555742681
0.0543617334863
0.173895281737
0.0486746710568
0.0932230214877
0.100951247296
0.341062558579
0.0175186753178
0.275523606044
0.200957095168
0.0595019209721
0.127858913446
0.507608342371
0.067359200807
0.0405547190306
0.24314074184
0.330283492978
0.0422028425264
0.311494836273
0.280587380296
0.225116963707
0.0461609746087
0.073728984453
0.0650392415786
0.23937101016
0.0716976579818
0.284724127518
0.230252260468
0.0934788088873
0.0861723543622
0.103127899785
0.518709484707
0.170163955436
0.214660950928
0.042894932387
0.177847749463
0.185129185768
0.202630309327
0.287692528565
0.233205164699
0.189867337494
0.444098762116
0.352410491791
0.446074854469
0.21958818927
0.248739465095
0.376378565023
0.194093060812
0.158604620003
0.310421505714
0.22773578858
0.0975402470543
0.506849715679
0.322889549847
0.523260225603
0.0694923461581
0.271241235762
0.0532297040494
0.389450195126
0.31045110932
0.163963992544
0.266437072232
0.280055763503
0.239412104763
0.267263487105
0.332181378206
0.169534211607
0.169957591466
0.120429890068
0.272634987654
0.284109518263
0.28006641359
0.236709389272
0.269182410111
0.351701022848
0.349609396481
0.322635954588
0.313105495797
0.286064458706
0.363583671276
0.277948473892
0.132285704864
0.160120078981
0.326429977056
0.0398989818442
0.319406517029
0.360389950834
0.0528071152521
0.133804665534
0.170146101156
0.177749717027
0.167026583297
0.256894697328
0.428619702882
0.400153527176
0.334376623533
0.275213008896
0.441431215554
0.193297555964
0.166518656988
0.213661942327
0.0960342218029
0.196627865346
0.0256161730396
0.459203843561
0.376052053043
0.528037803229
0.236993142497
0.264872132979
0.266023028857
0.146841352625
0.214203259121
0.0998261826987
0.288617028377
0.434539808002
0.155176313538
0.278829644966
0.398703008514
0.183453439151
0.212298063741
0.441510101618
0.352394058236
0.0431907695262
0.0941598202355
0.368657576532
0.344474821833
0.121495849843
0.505075725612
0.317316081411
0.340553370588
0.372707937522
0.358423729614
0.307971411726
0.440794861863
0.241745523456
0.393753697628
0.445474175686
0.349198990746
0.718992788923
0.199693773089
0.414831822087
0.420843727619
0.306125273094
0.127209324319
0.302067245771
0.183561866971
0.241776798825
0.04451813424
0.447359345129
0.243257093515
0.218432072742
0.305645246432
0.283106661027
0.411744503411
0.424685231431
0.326635303637
0.313539013827
0.325478391901
0.0765466512481
0.353076044248
0.209199100552
0.375011016217
0.557036339758
0.249083899771
0.281005831071
0.264028928326
0.178332583309
0.50172334367
0.233300416981
0.328286224247
0.317763857729
0.42246631149
0.381705244687
0.409098720179
0.473813468164
0.254103258876
0.293450865795
0.378373448569
0.143212743661
0.431685244956
0.602323905812
0.0348160732844
0.514588081934
0.457476478157
0.0628427275748
0.286170203839
0.365997255491
0.323158341295
0.169706342022
0.275572584528
0.23449299252
0.420002003273
0.380055941162
0.0235908865692
0.367724845289
0.557540008484
0.0611238513174
0.239036423655
0.146786606918
0.480482697597
0.256924699512
0.496363229065
0.311021862119
0.308988853126
0.179863991026
0.313745680494
0.1597405742
0.300561869749
0.0873789693974
0.377815978283
0.547091353756
0.247326204442
0.372989265119
0.299800346053
0.283044144815
0.251795247837
0.220305019249
0.472073551956
0.335122831409
0.481530231806
0.573794746869
0.252328823794
0.348268379898
0.198419899589
0.225647073256
0.317202868834
0.371121559602
0.492767100458
0.31333738283
0.0619245250664
0.447060746416
0.328568033165
0.386795203181
0.271490224319
0.414161464247
0.402010996909
0.366457029617
0.328273625818
0.264336886694
0.438918184594
0.256157915277
0.442187531637
0.309586461526
0.276174243334
0.431287504413
0.363998180242
0.240989794484
0.229317857297
0.240738809173
0.231618107019
0.433106439796
0.25020595602
0.16138186432
0.230583215487
0.516096565364
0.235278658507
0.398261190701
0.090308248632
0.405085132622
0.0537599655433
0.10174462983
0.169052124263
0.255809682113
0.108974320991
0.225702489921
0.138085192427
0.25180873441
0.207914101871
0.186740425779
0.25366043218
0.317187650968
0.224134420822
0.386283478536
0.246941209906
0.0447177745939
0.372615058595
0.0458659891967
0.183341370069
0.23351725281
0.157946675665
0.168763259396
0.0483093723231
0.312255836371
0.363176963304
0.0128080865198
0.281000177257
0.248085010358
0.148387867601
0.186685718165
0.16773064803
0.228975704673
0.177514797544
0.357317220791
0.195776919313
0.181182669747
0.0409683766656
0.118417830032
0.545540355693
0.303684134535
0.225828684653
0.19600833217
0.298785155339
0.0345056592002
0.105222497535
0.185528007668
0.127438466989
0.157455898563
0.172792957667
0.141008786448
0.092204553841
0.0114066302814
0.17283811391
0.352525046508
0.201606981478
0.0990210938055
0.243181289134
0.0780124747066
0.23917275983
0.362851115825
0.195298675109
0.242630228741
0.116109635295
0.210392132661
0.255126411573
0.14418638485
0.155448734884
0.127814805125
0.214613979088
0.263457526559
0.186505338663
0.219137614214
0.127185283353
0.186862554786
0.210859358909
0.243009108755
0.164489231261
0.102552269853
0.285116247849
0.250430764085
0.439263401192
0.313833979298
0.285012866541
0.273356358564
0.219841506188
0.280593355739
0.0402485287546
0.061327628902
0.18266355236
0.24885185329
0.0953505182394
0.170758793996
0.0449998441838
0.296669146987
0.378130882816
0.280427089514
0.259475213226
0.199045303758
0.132306983426
0.194906990238
0.425326336789
0.248287243222
0.0964662688555
0.206346901766
0.19956993158
0.21446080621
0.1321512831
0.129720609532
0.191330622397
0.154183669029
0.163640925095
0.0
0.269112135644
0.187411853494
0.0911421509608
0.0926400282605
0.274377748888
0.18544908085
0.109641623421
0.225665331042
0.0931354595662
0.169169681004
0.0470312231213
0.577380809588
0.206078994595
0.100928607709
0.352297778973
0.230284461433
0.227686669928
0.254392718088
0.108759887508
0.140970305105
0.116520964949
0.476828298377
0.173230131871
0.243998689092
0.150335054406
0.301619786964
0.138443864053
0.220258124305
0.114798419475
0.0560319223356
0.0317483010311
0.184598673781
0.125512825251
0.218847929415
0.368580834113
0.237562961777
0.162203639389
0.175423886791
0.187974983281
0.20704985128
0.0699039105102
0.178033830405
0.195498471214
0.243537054791
0.107956051926
0.131232956098
0.159513355496
0.288719496333
0.0804975826187
0.130250839991
0.108960561928
0.0866551617152
0.0891855204031
0.329366248372
0.320611359284
0.307515781254
0.13791038393
0.160196522776
0.252930193634
0.277872831843
0.118821498766
0.261103419305
0.243562492669
0.0938019765727
0.276321118626
0.131704150075
0.197438595096
0.278546194716
0.159017074823
0.262181512661
0.359396813442
0.44686411552
0.196345314258
0.416533753358
0.169680987854
0.175449914736
0.11254444501
0.311250992727
0.298300883382
0.151110589154
0.119219578991
0.142946403275
0.0844166880826
0.213390433954
0.279293974034
0.130765186878
0.224927214968
0.286228725244
0.159805647419
0.154794403557
0.34894049205
0.06461878964
0.101190884426
0.0599130022138
0.0719713035663
0.109225023978
0.223492354193
0.127863677034
0.0613426696812
0.111066601208
0.0676778340638
0.38609804105
0.163687885598
0.139061818477
0.10421453473
0.0984383671451
0.202730965129
0.22765460664
0.114490404149
0.0981567117178
0.19577379587
0.111586030866
0.166538415571
0.143543681731
0.0990300253187
0.229049227794
0.20643811703
0.0945908651587
0.238693651374
0.137620658167
0.181235653139
0.263384683645
0.174902286045
0.161456189879
0.220407585346
0.151784074067
0.229838133969
0.131889450646
0.0439023185623
0.263504868457
0.221443766337
0.0383969379059
0.0399111867315
0.620607724676
0.195131867894
0.153892234077
0.243684054392
0.213032933321
0.234680708627
0.331750193552
0.229161920939
0.248149271434
0.122251100134
0.323508896238
0.323935572128
0.382379273134
0.198069223797
0.461203628652
0.179009721089
0.290730185545
0.179032150963
0.281608209741
0.9375
0.0237435748829
0.144095117568
0.0804364523435
0.391573696054
0.175753088544
0.334390297764
0.270376732266
0.198366691494
0.111988176633
0.365303512375
0.12445659364
0.417238743448
0.359590356053
0.345830564434
0.130725371941
0.124409701281
0.534740351093
0.204136941519
0.195955401363
0.229433758341
0.067237098509
0.192356584358
0.162609051415
0.307098567942
0.0555654904251
0.310794658356
0.181818137756
0.386620490921
0.408799734085
0.2837110703
0.268837181241
0.115981985945
0.209991783715
0.2873119194
0.274690578238
0.173177054153
0.182212700008
0.0435156955746
0.128529539304
0.114345863004
0.218134982716
0.200965490679
0.141476079157
0.199075834546
0.077674315544
0.209834318024
0.0612404256773
0.171614137515
0.169738552041
0.0887236747279
0.11681947528
0.438371746159
0.17397973279
0.188998932748
0.187260235112
0.190691220474
0.0952849196186
0.209969257293
0.0258403018378
0.109818126206
0.265790176194
0.162179764524
0.302560574906
0.288994628102
0.171397515262
0.337763379891
0.278913977824
0.213846623252
0.245221135829
0.162879072436
0.126906607775
0.167299359621
0.0474897303532
0.163737488915
0.0892527214113
0.162016590109
0.0673684126131
0.176990611476
0.178130619049
0.37674593992
0.251594450021
0.267827232639
0.0803317907761
0.313269691491
0.147437710664
0.247427567758
0.13748315583
0.307383797988
0.379640068786
0.283759017502
0.291000616472
0.27866369518
0.186399686377
0.258658955579
0.282941106917
0.0999303909458
0.239440644951
0.222112662663
0.280935411761
0.0909159230813
0.238382822734
0.438446248861
0.365703149837
0.329541124215
0.175178481449
0.15923144122
0.0340478350535
0.109478560341
0.150948450282
0.242666131306
0.0765038760636
0.230929961891
0.231848021716
0.209254446904
0.20409828558
0.105904398292
0.114710564653
0.136341108972
0.263204755345
0.136919216943
0.0908162953024
0.28128853918
0.235762710976
0.175823416652
0.126637403012
0.110702919554
0.0520566494465
0.123262226792
0.3135740118
0.234245996124
0.256133378472
0.184909997576
0.312661481528
0.176028282544
0.325957207239
0.165220519283
0.151532080171
0.161372563238
0.231598024528
0.293858918898
0.0748565659209
0.0691738332631
0.334718794786
0.248813381178
0.326071401896
0.373796253034
0.208246199839
0.264003745146
0.267542270486
0.221625402323
0.246421821612
0.28451374785
0.145036035219
0.479935564451
0.327063933337
0.391169636599
0.0779076525013
0.186937687564
0.11821574824
0.314994019949
0.275289414572
0.281246034332
0.196136768112
0.174881003707
0.368660657477
0.189060635567
0.268171955881
0.253445280823
0.1205911367
0.20575824931
0.220805528801
0.0125201828541
0.174142317391
0.270218124743
0.295240043804
0.186877921367
0.24342031482
0.425117620158
0.243932001342
0.257197806263
0.292321440665
0.270027490591
0.313977352589
0.290419532317
0.0879954657996
0.276234231936
0.317972359917
0.296482163845
0.27183109903
0.255822360233
0.216483429887
0.243854322333
0.171420416383
0.290467231885
0.0574749679797
0.295202476542
0.356670394859
0.461217742821
0.117423472036
0.441505383676
0.492406428266
0.237423188862
0.30235616121
0.109595813428
0.334898054214
0.16890348972
0.201265971878
0.330193992166
0.27479048222
0.128732115714
0.432311742128
0.0453334166118
0.334771812715
0.304847030643
0.226039877154
0.265606999949
0.27752172616
0.249122040805
0.141187811278
0.879269123868
0.189862836459
0.159615062612
0.243474100622
0.148013532769
0.0251956606344
0.0253194902274
0.161158475673
0.174463293922
0.170481029056
0.177865645159
0.152461769796
0.261859273279
0.249400767339
0.138958262078
0.200534831553
0.184393898358
0.20874324205
0.13417660883
0.162419618191
0.360336186178
0.25196733876
0.232048891438
0.273036902796
0.169412128671
0.334386536107
0.100452054959
0.221316357977
0.242631818642
0.301639599788
0.407229884615
0.0938113097971
0.174980403922
0.336519599901
0.213160364929
0.210728185124
0.258669426502
0.18491238479
0.0803460059129
0.128794834996
0.2008585973
0.327561372718
0.233105034514
0.203803658221
0.332307058893
0.161243544515
0.294255163915
0.188973584067
0.327712571528
0.327042754418
0.0594692373999
0.240043993402
0.223770138395
0.207348052106
0.385737492169
0.140018246665
0.244945998136
0.25134317077
0.178884932965
0.0754233931931
0.390663136716
0.128347838706
0.234787465968
0.338046505615
0.103084376164
0.178326075471
0.135660817117
0.189077388274
0.350712068048
0.120274092604
0.11788454721
0.160123297671
0.156330566297
0.241027219472
0.213265346331
0.222262493612
0.208578438908
0.156490789626
0.0115701470185
0.304780451326
0.312058545113
0.125561749206
0.234054532478
0.28112952446
0.303171180071
0.161734927545
0.196894845387
0.0956848060387
0.231240958204
0.0963278699025
0.124824450366
0.146817927401
0.241948338692
0.0477621126254
0.20097713246
0.129563858748
0.365977126369
0.269961866821
0.101348992838
0.209166047729
0.110342266227
0.13725976345
0.362824748563
0.227390977804
0.103067033265
0.128971916244
0.136650184769
0.0344184571814
0.183313858387
0.219633837743
0.234522371942
0.215668987787
0.271432110646
0.367965127821
0.0820337536895
0.235291207445
0.235711959597
0.0724317986326
0.132464256822
0.278004568445
0.053239462549
0.203102887792
0.322119567971
0.266979749866
0.139493804747
0.280585120962
0.151296046555
0.0570625028819
0.156948882802
0.326378692855
0.189285702398
0.0603117230639
0.29211964402
0.0461566719553
0.164589880422
0.148414622411
0.1120300165
0.410810539706
0.13515702603
0.257532723352
0.19246643056
0.305459009647
0.376410573519
0.17038588569
0.166153258855
0.225956504844
0.147780339342
0.352800246349
0.266359907595
0.119209541328
0.166074869263
0.23432868459
0.122807777705
0.282303278347
0.322444781188
0.329153787158
0.37037001084
0.290495779704
0.165248946969
0.09804820252
0.388485168423
0.127115036742
0.341796226332
0.214972719442
0.256691699929
0.186266993833
0.106418247992
0.0964635152029
0.128281638055
0.255748883087
0.0955798872444
0.313848605873
0.110762245228
0.0898092232096
0.213350169794
0.221289374915
0.283455439979
0.473060008659
0.143581455473
0.130303712862
0.182214442338
0.100353439041
0.0613605585245
0.590533651408
0.453687945624
0.107584810909
0.217583711127
0.0305613013925
0.200855832054
0.175016569924
0.343638821041
0.243991232358
0.120516268776
0.196865377813
0.0421681178734
0.0775496039677
0.456956467562
0.245675932926
0.0374589762487
0.100380082524
0.201595888247
0.107497586742
0.271260357072
0.13744132653
0.0577066779265
0.10547913481
0.0410902996189
0.107609601713
0.125123290427
0.0785506702939
0.166352045195
0.264140428391
0.293162941872
0.250021891437
0.227776724359
0.193500462491
0.0757271686087
0.0367804904483
0.0444754315579
0.210672239522
0.0799335686273
0.170673706443
0.106803864718
0.149969781471
0.245540645642
0.124920957547
0.20210747631
0.372872813775
0.447877648655
0.197313794931
0.228480973512
0.394599130731
0.452870494587
0.20298765677
0.0602999456726
0.0914740901606
0.321396452213
0.117395100146
0.200420176574
0.0879458163739
0.187303596176
0.102523482095
0.204210835196
0.107383246547
0.0572269491685
0.0524841330052
0.219479472372
0.264843220454
0.250678807944
0.0805724027169
0.125426487302
0.250681241099
0.166758917448
0.377086209652
0.343102117905
0.372004662026
0.29413705569
0.211412896189
0.162863643817
0.106720205569
0.292141985837
0.309654090989
0.153285614443
0.136202150028
0.199603761539
0.0491784955533
0.283334429247
0.230058185685
0.106228092195
0.211337852773
0.175010496945
0.123318206837
0.133284521508
0.253213254412
0.169663698746
0.173706998755
0.241085206271
0.180832838213
0.294575204326
0.307000181468
0.0413230537016
0.236422303032
0.184477914037
0.252487704989
0.182192929626
0.289452766994
0.0825460199073
0.243938136513
0.242389027883
0.100558828666
0.294371395273
0.306194944379
0.171453232264
0.0791867882317
0.0808547698236
0.316227006829
0.081186129382
0.116476596851
0.0946987844028
0.0865546372395
0.122592255525
0.0717740477108
0.0816655222908
0.244916052789
0.251984112075
0.0186779180007
0.211168286995
0.307729765291
0.283627716048
0.0902102868444
0.136369449
0.295709714716
0.157981349204
0.233579880722
0.379650956405
0.306379219544
0.412453628502
0.268725853797
0.369480352258
0.156462614379
0.256680544369
0.114363551202
0.0781402219045
0.306035149899
0.178520781872
0.0541878577646
0.290927839478
0.164255769791
0.100385071902
0.32106673562
0.300590648417
0.161370269948
0.530409620244
0.479484013409
0.268255714253
0.14068460606
0.398899665803
0.148008264462
0.133218449817
0.272531862032
0.150921495954
0.395020389896
0.277878492245
0.259695148144
0.243877913746
0.165695719137
0.368876225795
0.330734241307
0.310149323052
0.261916309102
0.258313483928
0.245845685285
0.229695328198
0.226852744469
0.259379600877
0.305249450017
0.278442870443
0.138589404518
0.348457800479
0.328133329357
0.285580726714
0.0878229526631
0.324974737573
0.251288722248
0.174241136923
0.0447688732075
0.182980207251
0.0616380121529
0.144247072416
0.292134528004
0.315347393166
0.225492917616
0.254701556622
0.16220348106
0.262430104116
0.041796269061
0.251775059144
0.113433577922
0.0553752601822
0.250515187594
0.168379593345
0.0798955537028
0.122139345973
0.345668153008
0.0949406516025
0.101175826958
0.0505325884533
0.243181066929
0.128947454643
0.255634313206
0.100242772979
0.0391795604538
0.0370047688784
0.192489150075
0.277602940566
0.057028820706
0.287280954557
0.162329815776
0.173748744964
0.367486778519
0.393811690926
0.325930146009
0.202563377226
0.287060655501
0.270440420568
0.220250263489
0.288298708072
0.134475941438
0.163782444168
0.189192397895
0.0536125595921
0.118271566341
0.345290668453
0.137848841867
0.262404647109
0.0
0.100404548013
0.16972273608
0.0455009137496
0.207221900117
0.044266797393
0.345170448478
0.431659371766
0.260382898214
0.118935362832
0.250510857435
0.156048652703
0.0964281525067
0.313420302285
0.135114257684
0.285725308612
0.184184045133
0.388143128883
0.105327841899
0.353504776281
0.233845061546
0.0745344190012
0.312174629923
0.0985036178898
0.0114395934745
0.0964737908884
0.377540173847
0.0887313389236
0.409970801286
0.480179466414
0.117959884539
0.187997868366
0.291538877366
0.42944282577
0.0395650624897
0.369268916901
0.172389254323
0.207459760954
0.435956900555
0.6087327663
0.241060507761
0.0263320691075
0.172045914036
0.207939103305
0.252775731878
0.33307473095
0.16128270428
0.145952986146
0.196520523444
0.323898047383
0.267478243976
0.269435847559
0.0830308200807
0.170486511455
0.0928247505544
0.332868190135
0.389187597265
0.281024360213
0.239429616518
0.0677357591434
0.114874853051
0.240099133413
0.24812413844
0.117897779699
0.198632044086
0.148038509689
0.469991821627
0.0935692768724
0.224071829927
0.543854478219
0.0664364920447
0.0425214227317
0.255741858835
0.16087281123
0.1298254131
0.261245203053
0.215737600357
0.232304222253
0.21305399203
0.124511948603
0.302292280364
0.284929271257
0.0279720926682
0.472205215507
0.30275236191
0.162437457462
0.104576996734
0.0609870209671
0.174265303951
0.276770229366
0.176968838874
0.339744870247
0.214036322074
0.0927508898584
0.23479333312
0.0760213413639
0.0413830308998
0.292930854921
0.103754548178
0.162070821612
0.107581878957
0.235243046121
0.0200372955093
0.246359181397
0.253781357778
0.147137595505
0.265742498646
0.129097788311
0.169704652076
0.0923607893347
0.174243996027
0.0425542471424
0.101266012123
0.0334923102921
0.167802369987
0.0625
0.128789007439
0.248330980691
0.197773941194
0.221918852706
0.444013699072
0.0899174446431
0.176314661189
0.0424525394613
0.242537811539
0.216095732648
0.136878879129
0.100575203989
0.430624665041
0.312631404169
0.108633561399
0.182064042326
0.201716639857
0.354043313586
0.146422176702
0.124181827976
0.122473203955
0.184100426662
0.244754751562
0.263413954861
0.344136653757
0.0913309509442
0.0447328913228
0.188860311828
0.159128005192
0.0935086430299
0.104145980483
0.39611502949
0.111444576683
0.137707491818
0.0921990439577
0.195697147128
0.131938124252
0.223218957983
0.115796782184
0.0602372549691
0.100041057664
0.294005708291
0.203588726013
0.146178138106
0.131596772038
0.0887142473981
0.205303516497
0.284066818433
0.233912679056
0.0542799386613
0.189354975989
0.0951764118911
0.273700988326
0.216058429113
0.191658075091
0.239678329862
0.289984952102
0.417072655976
0.166455630934
0.105679689798
0.0852626229178
0.0811328392719
0.0557702517521
0.0358258147495
0.16143136493
0.253420142018
0.447690142371
0.218234612916
0.223208462204
0.126722636664
0.041796269061
0.115524626984
0.0704331634981
0.276197931888
0.04370185805
0.0866096296158
0.306307569157
0.238992692908
0.15689150433
0.12582077571
0.0804364523435
0.0
0.235142895833
0.0930096627365
0.140319448253
0.13665909183
0.121193817016
0.210467657615
0.102503615131
0.0593122232935
0.182052548226
0.108726302461
0.17207385269
0.152125276975
0.344331683324
0.0266471969194
0.40224397613
0.24777291305
0.325780970802
0.297817961947
0.310389786263
0.067535805578
0.0535461092737
0.294725765584
0.345803518153
0.0995175540499
0.267963873432
0.291242327823
0.310228071565
0.408466641557
0.0462881461664
0.346921826119
0.275002220061
0.24415295103
0.211880258592
0.37062089454
0.13569351876
0.336402364282
0.125778278355
0.487080426699
0.100740402515
0.400632467096
0.374347344605
0.0952825579472
0.236838017473
0.0745708447874
0.160797022002
0.259942796059
0.218684369644
0.11201339887
0.176779167245
0.0564751252256
0.280880623679
0.0389442874745
0.0608618161593
0.25850035241
0.0384069568888
0.292132694348
0.0936368329753
0.0966751902009
0.165751315879
0.0929877709108
0.11579353897
0.295812677894
0.450699369765
0.264278937602
0.119604505811
0.0619213904388
0.241204751978
0.102369448354
0.361773803719
0.177828735747
0.124724809602
0.143956310294
0.0424740492273
0.090038674541
0.15653001711
0.0727579277346
0.198173518939
0.177183248109
0.262310257456
0.0
0.12943993246
0.278910756251
0.278919363584
0.109785869051
0.193382994444
0.454165022356
0.374619457946
0.323689571405
0.116206872524
0.181837928599
0.233204364874
0.327397745065
0.0427060706784
0.204902409247
0.247528799698
0.348199847341
0.40860480362
0.169499961209
0.22997922968
0.247382735539
0.284429448715
0.278955778213
0.0996880731761
0.200078239399
0.0930632726807
0.34994851013
0.533013389871
