0.621925866427
0.330717305088
0.44516547303
0.353312717583
0.570202386637
0.196537352945
0.177284190777
0.214726178511
0.256236778306
0.634045494475
0.384300484978
0.239550416152
0.255541688354
0.401878281003
0.489614091465
0.447382929723
0.198608018065
0.470755894569
0.29901073501
0.397357971909
0.314409677479
0.510510113099
0.407772609151
0.0
0.166923322954
0.379049706874
0.15227274041
0.481346478545
0.253625866963
0.465536374338
0.375344608245
0.363344034013
0.424428402845
0.762807371603
0.172448185667
0.275167728819
0.236128408142
0.308581505294
0.107556594174
0.352166261541
0.190292303397
0.462658943655
0.227709331744
0.38599327557
0.244299269095
0.355055743726
0.256468655415
0.30444622925
0.340906659224
0.477513277606
0.581443663066
0.196537352945
0.189415865698
0.34082759555
0.0618787691906
0.113802793262
0.0527398441587
0.464161462943
0.263608206195
0.192903006363
0.316011868199
0.0517170454339
0.386447385844
0.132782304423
0.196513665268
0.285184953066
0.0722580221037
0.0857670963968
0.0801432177625
0.252416335095
0.332932614037
0.238014117004
0.0647539493942
0.38854818077
0.459266878782
0.445539306608
0.376451685903
0.339239167207
0.0344030167269
0.585477059829
0.118366623094
0.560321311721
0.0345891866683
0.291168649523
0.462570312552
0.00656950324417
0.156063684476
0.105341180378
0.181000835202
0.00656950324417
0.395085281358
0.202554953215
0.0440588685755
0.450176157354
0.281360582961
0.046875
0.365853404529
0.0414276478688
0.172008342548
0.34788160438
0.296284397606
0.119440519278
0.0952507586659
0.0826435916746
0.437940535413
0.327351827698
0.374664772549
0.76785367951
0.419482177781
0.252848154992
0.106700290017
0.253233013491
0.206241240405
0.38139046096
0.215661741356
0.166635836305
0.378704101695
0.325965652071
0.341691639017
0.306849123159
0.19879513357
0.403515595714
0.246870988905
0.361124684985
0.284230074371
0.402482302859
0.600790350151
0.337371035118
0.229940229155
0.380033824335
0.141691635946
0.397540667943
0.399966448228
0.298200460281
0.0576233279292
0.0
0.442762825065
0.317095009088
0.193873749871
0.287117614143
0.0234375
0.156377682936
0.360055148512
0.193705576198
0.490186305103
0.505813168971
0.163484399869
0.230707902301
0.235754229067
0.129544919263
0.301447532318
0.0885872716451
0.413674527042
0.0968136893168
0.29027883687
0.130765893818
0.18936748983
0.547486322372
0.0523881518779
0.690962633762
0.437445448645
0.220545359763
0.239241517707
0.124676734552
0.133216491296
0.873840646888
0.193132613728
0.30957544191
0.0830506540163
0.134574922409
0.150837045647
0.313224852463
0.253933498898
0.0757549462136
0.0630303198806
0.0916412249286
0.22099103304
0.476632611367
0.119798919518
0.0611265577774
0.307227601275
0.775940132825
0.188781367114
0.391623299187
0.0782999064437
0.0390714098892
0.281740657702
0.313939651664
0.206902094768
0.69694126418
0.416394487254
0.30275539632
0.291817341212
0.30128687966
0.307560025809
0.212940501087
0.191196505856
0.325765836993
0.0870391344083
0.168267480121
0.401783163295
0.0553519508666
0.304626604168
0.337762708772
0.114522216092
0.311121364716
0.336268195336
0.0977948273817
0.331948249598
0.282180828459
0.15755087226
0.1889766816
0.235829475347
0.29002816152
0.18129307523
0.0959304067625
0.586363413145
0.183437995266
0.282321233071
0.0538838977736
0.0455099082319
0.0883779128922
0.338384441494
0.398184951633
0.410448893105
0.221195176615
0.12829297672
0.361582136686
0.180310677875
0.118840968119
0.037979656037
0.201092822938
0.235611706545
0.0451226333476
0.219402072891
0.234418952115
0.480898167908
0.277421405812
0.347516743079
0.0982527561974
0.0743421912908
0.0999732042036
0.139620120074
0.0
0.292545061442
0.431147111458
0.186866752973
0.336951008317
0.27096490691
0.303199871257
0.356155757366
0.701623242685
0.476424440416
0.0834443960666
0.115374809351
0.421758861668
0.124750922032
0.109046109265
0.0399339440154
0.104428476709
0.0573961528915
0.093440961556
0.0707986483767
0.568683071407
0.158424921237
0.216902679894
0.42521086685
0.230984615228
0.0
0.0524043486333
0.414943942793
0.381228564817
0.228506698345
0.2145825579
0.367268313432
0.131666576967
0.106867331346
0.485024293197
0.112488834779
0.035632850951
0.41219932465
0.27031394172
0.328112095744
0.375404696992
0.191592904851
0.194144930987
0.284389799336
0.17567882193
0.196240334929
0.0502982874637
0.105028086154
0.128238804841
0.28693942962
0.0588645036335
0.0235649866058
0.18420747094
0.0351850947675
0.338751650278
0.0807027924155
0.198877100426
0.122251144724
0.276612850017
0.271138441254
0.25481990769
0.0510447971458
0.110729455739
0.101111640955
0.0723463927271
0.0945890811338
0.10750488814
0.00422541922648
0.0662585189014
0.289479204937
0.0789981936594
0.3914008626
0.28269179751
0.522225207331
0.203932759783
0.145447026823
0.0880691220311
0.120414809486
0.223196551985
0.155086106764
0.138448111825
0.0655798957251
0.625274453482
0.207421346614
0.381122317162
0.201223025269
0.0481230173032
0.0899842583895
0.213516436214
0.0566381618723
0.0301443911627
0.308552202042
0.0979139772086
0.146084484265
0.0963840189674
0.101191695394
0.196205478613
0.126298751548
0.152654907788
0.320979315945
0.189296806147
0.069913977764
0.103246121681
0.0393988307495
0.187128679746
0.129900792026
0.420887379518
0.339372604903
0.311381775455
0.282561639426
0.181818905506
0.305132032313
0.192120876562
0.433063598848
0.443672283122
0.421668963361
0.567546909777
0.146695611405
0.213239957182
0.0785066175715
0.310603637769
0.261422457221
0.227821978621
0.544036827024
0.498362717571
0.201868367886
0.214795847978
0.338689461808
0.367054258298
0.328774927961
0.533936565704
0.394237724343
0.416199287191
0.0901536183008
0.292205160978
0.235098964237
0.182791928263
0.633931277106
0.271394853928
0.159541075024
0.536083585808
0.0825787773619
0.425471573023
0.271260275842
0.385607506791
0.0633199400939
0.309403267953
0.441957458882
0.393446551655
0.186085704566
0.20212612613
0.30412008132
0.214902324745
0.425760916393
0.233530401403
0.0484831109814
0.0
0.557011674299
0.227184354078
0.355629978066
0.181169023663
0.258748278775
0.404870027376
0.221173632059
0.372191238132
0.248826994957
0.150086017391
0.414925425981
0.120337862804
0.118603019868
0.136512486823
0.424952821416
0.262470925577
0.152402026358
0.139550159784
0.1694712128
0.26971259639
0.411013826491
0.510082567536
0.427866657812
0.510074646335
0.220224166151
0.404505585031
0.178132347593
0.339878663775
0.0839378974668
0.322586141535
0.256016773578
0.334891074323
0.292799029096
0.107540862624
0.368866865435
0.0783671375686
0.24092349276
0.363618698727
0.128327744774
0.183828937202
0.438395125736
0.504463481326
0.436728327796
0.46231875759
0.347028201337
0.369972827987
0.0758803834026
0.337801310712
0.169361693704
0.220068132193
0.123338964927
0.0990411729266
0.26982600314
0.348400791732
0.353840720383
0.174764420943
0.351875428341
0.20463430818
0.269893804007
0.0510073324958
0.249869202145
0.376795382964
0.37868293185
0.221429358566
0.249934511975
0.075141339724
0.106946255042
0.303376624262
0.0451175003382
0.335406658748
0.0935180281637
0.152927252032
0.232496154305
0.401613288159
0.37305704466
0.463861944597
0.124743167351
0.265197299126
0.126449915215
0.378804086231
0.109842679195
0.44800209267
0.0634758008273
0.161930475476
0.343532068868
0.311053070636
0.155110330513
0.217700880044
0.294282445339
0.159868385236
0.170629044138
0.354222328523
0.238276682597
0.215536037293
0.434783466975
0.306070827334
0.591663978276
0.619116841059
0.456727267583
0.416908180181
0.269482495269
0.439667276176
0.135007278334
0.120200907669
0.26503911383
0.0845205100577
0.404203373661
0.152720849046
0.0719008782298
0.0598670783622
0.220920949327
0.240368281559
0.196050322289
0.272452600041
0.182284248423
0.0249587150096
0.119808554099
0.344176094164
0.020879757381
0.0858194395205
0.267576167948
0.321239398277
0.134071638828
0.272769331991
0.100205193221
0.103790196041
0.161732810607
0.457389563035
0.0948997454282
0.182071110955
0.27026026667
0.103011526485
0.290723911118
0.358555993949
0.0672560022648
0.0450652238592
0.345375785421
0.311514885556
0.10014786718
0.02390763082
0.328241605109
0.159316759528
0.0
0.177673963795
0.0861890394636
0.322611014964
0.251572572494
0.147002734588
0.045135181327
0.0808758704615
0.115835306758
0.288119136726
0.227841216208
0.1014349352
0.678407238846
0.303015927429
0.136022624486
0.0940604384346
0.29607481361
0.228441723059
0.3198135512
0.135566737221
0.0281456967815
0.26254309188
0.0701800896726
0.175043145579
0.334072509171
0.0712443437918
0.157314303325
0.167988893794
0.119609623805
0.163710943139
0.225929116816
0.0940451905672
0.14075830457
0.252480326169
0.253824911282
0.280669302692
0.0454471080786
0.313234607147
0.0507453027922
0.0687907357592
0.428473591438
0.359722213033
0.149092469645
0.413790188539
0.207335579551
0.571602089685
0.487601662438
0.272834607599
0.0945705595323
0.142902213704
0.0997738398155
0.153618478952
0.127811049346
0.30767512181
0.360142325727
0.173597601921
0.30482180487
0.360237804021
0.294990931259
0.165709980343
0.297204544961
0.207114476564
0.294522411414
0.120587342284
0.318571724241
0.02145300939
0.117789792283
0.594975662337
0.0851492628454
0.0374971101667
0.278619182513
0.288687357669
0.0972233828983
0.0911538911133
0.0390923467222
0.59312015424
0.072607350706
0.0594949757449
0.048963140647
0.127565550443
0.039861827471
0.129845011922
0.115802381954
0.0944694215922
0.433103984297
0.145542094642
0.0913350603746
0.0
0.335626536578
0.0767352377614
0.0545555577495
0.117455804368
0.097588949513
0.351954494708
0.262255558185
0.154127586498
0.0297024955693
0.115601729028
0.185779186603
0.0950854587792
0.194411836885
0.213361589876
0.295595348719
0.16902460604
0.145978372683
0.215691554959
0.274316582523
0.102348044844
0.230484594369
0.0689128458325
0.0480321627187
0.370265268576
0.0772612626041
0.400082136396
0.159458908018
0.0598842197903
0.106910478727
0.0910292894412
0.030101184794
0.300361942887
0.0544148131266
0.165972548758
0.126584979292
0.305390771014
0.17293749498
0.177005858309
0.265457184417
0.0679732114118
0.22111846536
0.260946021944
0.292116244758
0.156580321073
0.0614288321686
0.1623462741
0.0903024478361
0.165429486548
0.408463331849
0.0570577194775
0.0272437720008
0.145699298065
0.10219096415
0.226240626202
0.0709263919495
0.212798215947
0.143562826648
0.0774343077633
0.318836779593
0.255322621131
0.214299005367
0.101895163027
0.0357360230165
0.184974122572
0.214907584303
0.142977565337
0.18002285984
0.0220970869121
0.185112953167
0.0363587714779
0.154546554691
0.122981173905
0.0
0.046807176788
0.0288477166816
0.0883464206851
0.160991252746
0.149606227332
0.0938350703689
0.0420960071564
0.099547431446
0.101814810241
0.0859311267231
0.144158819762
0.17022052211
0.176423164474
0.196014965007
0.140096730553
0.143550447781
0.0297897815147
0.346521914082
0.0755428552866
0.0656136371522
0.332205287199
0.073493463561
0.173712421948
0.16771237941
0.332301328915
0.115239945163
0.289765433503
0.227365253018
0.395671359318
0.244750497364
0.0989579909476
0.185424619382
0.115983465093
0.235667750307
0.24577502759
0.119301025928
0.138843793855
0.233018093892
0.22171629382
0.0353295973699
0.131365989856
0.357280075657
0.0977421029896
0.281813636333
0.0199230256834
0.276769354587
0.13808531803
0.242700888065
0.147371882837
0.165900435042
0.377237330639
0.118828837458
0.111038362409
0.266082547041
0.321054640213
0.436684821087
0.178039242787
0.295946333694
0.114883305974
0.360229410435
0.100489839749
0.0828061675396
0.0
0.173197216258
0.171519839367
0.194504693079
0.620706339468
0.312381904186
0.0837951651944
0.0
0.112131119434
0.154455837817
0.23234440431
0.357844134198
0.0518199971837
0.266227676889
0.127124401728
0.163382267541
0.170316501965
0.562490764772
0.224334690517
0.149621628598
0.316553969814
0.24278754347
0.0458066867778
0.166984119261
0.0984506930569
0.709429030136
0.047569319637
0.160110747855
0.326253955
0.167288087499
0.215730394745
0.346093686863
0.0672466107559
0.0151227288927
0.142820563911
0.341259231893
0.0704241708516
0.195954206681
0.132384015681
0.60002345418
0.15027066237
0.282675079321
0.158387488858
0.325051429268
0.124659312076
0.103301238633
0.459960270429
0.29174365369
0.109626976377
0.285302177463
0.170167578091
0.228261337768
0.361664744544
0.100681344595
0.302070255869
0.218140535861
0.0736265692152
0.191638757672
0.254319666402
0.0353638199427
0.185086012511
0.0684943110802
0.13760709414
0.175931760974
0.108783185644
0.267626643194
0.172179339348
0.0735968580063
0.121388699883
0.472077535938
0.166429323072
0.134064090957
0.0390554537976
0.233442230021
0.299699164022
0.466935729559
0.195871418387
0.237866953202
0.230311948716
0.066389654958
0.0966403913259
0.314669411439
0.170727655306
0.145899357633
0.171534321592
0.165116059835
0.0370309094551
0.371477054367
0.238523974487
0.100816893075
0.139904308576
0.137395028066
0.241666347078
0.250001195686
0.10287530983
0.0885693824999
0.167188376935
0.275039652679
0.370769214295
0.0397442705396
0.0603899553872
0.187168304726
0.0595139636011
0.237250074902
0.226056781081
0.189256646062
0.21608616855
0.3278351705
0.11392191446
0.14179985852
0.0425935272538
0.086272172963
0.685225699301
0.339411038799
0.0928820904973
0.470099417115
0.377194294625
0.0620395689943
0.173583086895
0.0857847129561
0.0680394550268
0.125223741118
0.0273024899975
0.276950285052
0.0884301748731
0.0223565321154
0.103869856881
0.0115330826041
0.485310222021
0.0156568871554
0.178821892197
0.0788084320425
0.0971194823675
0.0414308421837
0.03536300162
0.129987730561
0.246342262071
0.0541264738893
0.0713770093959
0.0473775175607
0.126659088913
0.252043563313
0.182397090736
0.144755461808
0.0673315585079
0.0938460183288
0.0467956782937
0.341362941855
0.326885571094
0.279039219923
0.312924650756
0.0248056936125
0.103111614837
0.193958728066
0.0406679248404
0.14255685134
0.0
0.099662978722
0.0648885027121
0.142897829648
0.0734570556817
0.320717191942
0.361371961896
0.0
0.190946922448
0.179823126706
0.113581029885
0.101347333661
0.187183915058
0.1052407179
0.164445272413
0.014814952314
0.163129669605
0.0887747287651
0.103512197753
0.209945843113
0.269939259456
0.105344250218
0.119408347366
0.0374159137969
0.266767448442
0.0692562384798
0.371036316745
0.270527894569
0.0233253166183
0.0400621340624
0.271762792839
0.0224587896014
0.238830821804
0.251881214755
0.0502569743831
0.138902456994
0.401386350967
0.261640079184
0.125340949618
0.086735207902
0.254226227347
0.0
0.107768040295
0.0330947374689
0.118612883513
0.159912456211
0.280003798178
0.091472555722
0.34457323715
0.0788082850155
0.0744293938621
0.162491950759
0.368669242004
0.210169312729
0.24175241425
0.0217775228806
0.139875722466
0.130675568754
0.183601278945
0.0362921475797
0.0837476393424
0.0264224062585
0.154769685897
0.129887138956
0.363995433415
0.201293303396
0.264924551352
0.156853640184
0.138915472639
0.0258919797663
0.105827034694
0.0365141035532
0.481902393411
0.0656885609792
0.0590229316331
0.035675384853
0.305079572438
0.429753816186
0.208634964956
0.0379974659439
0.181375535975
0.138161330132
0.184923975004
0.191728284524
0.10194736076
0.154259643856
0.0850912753788
0.192707569309
0.0343430984696
0.229055645326
0.0837996676316
0.147274559106
0.274679475693
0.0485958569826
0.0815676937794
0.195618143772
0.0851327133877
0.130410495761
0.298233905488
0.199085040186
0.066587475703
0.105506977668
0.122221551417
0.147910792576
0.0711566288313
0.0786869905816
0.115328876611
0.0245275727321
0.0644726964664
0.0648887907479
0.0864956080074
0.0708300103912
0.0717930196859
0.0628676009747
0.116719697029
0.244719644674
0.472433759012
0.104228702222
0.295854715354
0.0731860675815
0.231600343022
0.261243512442
0.0380183800417
0.00715348031043
0.0
0.318115606403
0.124982379645
0.0856619665464
0.141395133517
0.148938893457
0.428058952479
0.288264969563
0.0462717231654
0.107083399241
0.0727205189216
0.00287405813415
0.0839644143283
0.0802291739182
0.239044938958
0.244631180752
0.090267928002
0.279175694958
0.139050071119
0.128049922668
0.0401161617489
0.0273304102655
0.220651763583
0.207036207328
0.0684021588159
0.0494152083034
0.120940919817
0.132510117072
0.123599918404
0.0710760374012
0.0442672217307
0.058525787405
0.147864069692
0.119233896189
0.0589385311436
0.0392049718256
0.0505337232432
0.24340613503
0.0409147832643
0.132870454219
0.145488226354
0.254090707071
0.0447199488092
0.0732901086587
0.153791370346
0.082980016821
0.120069358688
0.0665619170281
0.13788631549
0.091296737104
0.0832353911657
0.05344763949
0.0242467969679
0.192945131357
0.11753219954
0.042280741037
0.0439475748265
0.24600347515
0.110118523808
0.205444592167
0.159065067181
0.377716451952
0.101033138364
0.279844677886
0.384124477202
0.100784777024
0.196299187438
0.261509847368
0.119560322374
0.211082381513
0.165097881011
0.0919253066398
0.251520996142
0.341042521738
0.282537698115
0.0627662762364
0.119244163342
0.389814762875
0.094166330073
0.271051372533
0.142756391573
0.314373420418
0.0993940455167
0.111656518367
0.328126422864
0.0765390947305
0.0324652434776
0.382221521444
0.152895908302
0.0337328364946
0.0467704087094
0.104037193298
0.226835478266
0.0348564876115
0.120146786887
0.203171657777
0.427748351731
0.185715116014
0.151304128855
0.136906948282
0.369570786012
0.233128264119
0.252539237995
0.155885744225
0.0826157367497
0.0640833814557
0.382754991514
0.139765919133
0.035846518418
0.228673809201
0.0455104015945
0.0973616322839
0.264705595713
0.188316574269
0.143741254979
0.363325540283
0.10088918197
0.239372912533
0.208962705609
0.104113137752
0.119126921834
0.338704381033
0.248606976227
0.0319158815372
0.0908465446651
0.229567731726
0.162191481641
0.077383273591
0.173248595313
0.129902233251
0.145661178737
0.10264532419
0.158412184443
0.151956978198
0.0801561411009
0.157132180349
0.212455837724
0.241824258434
0.283046362787
0.206137945216
0.200925458428
0.0383701640007
0.365686241577
0.125255795015
0.280023010743
0.175948295852
0.0916856865789
0.116652247519
0.169780723729
0.275675540724
0.333516965767
0.371861743773
0.0947537419679
0.286900155443
0.13435331204
0.444641472709
0.14299961066
0.322552978982
0.377471906729
0.247899566773
0.0690080198493
0.0930436619495
0.3208758766
0.0219122469449
0.0844403972456
0.435698688513
0.396510402087
0.17971277331
0.221302170817
0.251346542975
0.185984603473
0.297210492916
0.217009811001
0.227372119746
0.108458337846
0.315890162021
0.17206222311
0.222970472542
0.45770538014
0.202961176347
0.309634852332
0.129756608481
0.0879987316364
0.503701466092
0.267515374694
0.0395784749097
0.147905147661
0.287496472985
0.115070017056
0.0721567848671
0.178949355815
0.149738558666
0.284726889486
0.065948309035
0.313042876003
0.349175936904
0.105359643176
0.255633397727
0.0391927712618
0.271469943603
0.399821065783
0.129238888566
0.382174146794
0.0787487610795
0.0949380245759
0.209344987894
0.103444529826
0.104518639494
0.0832282517709
0.162882984057
0.168076391138
0.0692487224272
0.193673740474
0.186818829198
0.0980349187999
0.280755458676
0.564083960354
0.298214291324
0.377930242312
0.175059396026
0.0659407135756
0.228063266525
0.396707837774
0.28931734117
0.229946115099
0.105500915935
0.0444318945395
0.378188055233
0.346094247555
0.184526398796
0.238859785388
0.175380446592
0.266407542204
0.0635621503125
0.141677518241
0.129832189886
0.11190076043
0.277730821258
0.34946390819
0.1456316264
0.360809565725
0.310546044682
0.348498057748
0.0496784600827
0.312579407981
0.0375378971793
0.245072942366
0.341626191607
0.484870972113
0.170923004965
0.26678171082
0.243609373338
0.329935476515
0.290981531167
0.410325893051
0.141148954216
0.412886672312
0.191310649202
0.231964249705
0.0546875
0.210884500331
0.241079937952
0.0711693818912
0.313883654044
0.250307282838
0.25753566929
0.238610635231
0.321107538045
0.253117397591
0.1381788162
0.28654659546
0.256452230792
0.353244902278
0.48547164539
0.246923141727
0.35679014762
0.187481299419
0.272197178965
0.356663367606
0.367357382891
0.158345779964
0.32123731671
0.17697816768
0.0597816242412
0.402009655516
0.0597003900703
0.373657483337
0.362982177842
0.203135866172
0.0438448387178
0.290548510117
0.272610039366
0.198177134863
0.383977984066
0.284114280799
0.317780624226
0.332896653999
0.379466533476
0.149093017861
0.111692721556
0.104516235516
0.266719897019
0.0889668898672
0.080953770097
0.34325738103
0.465563234519
0.226251904562
0.162709386652
0.199648040191
0.271480460123
0.35965333548
0.122389658518
0.335675742943
0.25723913123
0.0776501296293
0.0961001955512
0.277600483922
0.306370194282
0.200467794495
0.732003984209
0.18039815902
0.193077259332
0.243769955941
0.279115293029
0.117625546718
0.0
0.180409496802
0.263481462073
0.168483989322
0.10377707608
0.280742895201
0.183145390588
0.346927952092
0.312379673219
0.25210200711
0.323001110173
0.0297889593553
0.233391511819
0.232729785606
0.224043484959
0.228832033829
0.158257041916
0.0879365378655
0.217607862645
0.0943701197315
0.255395898149
0.191067514923
0.288161819144
0.123193106879
0.303931053955
0.208558549457
0.108469098772
0.102528230255
0.0767333581332
0.300241389556
0.430484842655
0.109226835902
0.121773048259
0.24465652937
0.112600171839
0.218496927469
0.124911169613
0.102994845732
0.237558846605
0.0518281521218
0.270375972194
0.119857387605
0.132947949176
0.173958305497
0.124184740624
0.254432557721
0.400648188847
0.260903876353
0.0889253394362
0.0196705035102
0.172693197245
0.10049463197
0.160061690419
0.0809078842039
0.216878994446
0.222327849592
0.100115066462
0.355244047655
0.206569782984
0.104873166828
0.403645600545
0.0899189371871
0.142689913179
0.214956060674
0.189864294116
0.239023753883
0.181800461785
0.147712926649
0.0330964204957
0.057610209591
0.237396199034
0.145612411958
0.0700451100026
0.185319803775
0.109659042529
0.0246292057575
0.22000486746
0.0873028293729
0.066911161571
0.192930244898
0.288102665409
0.125489779157
0.256906471077
0.059740403289
0.240023575969
0.386136533115
0.448405078423
0.0709713787958
0.138974819187
0.186941939657
0.195169845632
0.0792516637141
0.205205436154
0.088101697219
0.0961065306963
0.145629495024
0.190925817448
0.166321739022
0.103142634773
0.571058121437
0.0906981057348
0.170731203207
0.136125540874
0.602482384155
0.0606177415064
0.0923068857672
0.271736493557
0.0913616753586
0.436160028247
0.401841899883
0.038149029781
0.448559628128
0.079998183668
0.334792356098
0.254567588885
0.043805173552
0.151299479045
0.159514933338
0.166760491203
0.0451096978972
0.0370570066399
0.0485675952862
0.108516807795
0.279406456072
0.157404729901
0.145747609288
0.02187682729
0.0402333457085
0.0506906566777
0.224908228317
0.405643750063
0.249406388568
0.227841359094
0.0398379086923
0.0703138430165
0.159129034413
0.156171656323
0.297925832342
0.210870651183
0.489268630429
0.243439655988
0.381655676707
0.127572709188
0.278201496331
0.329543465301
0.351098947155
0.413082048641
0.511686487368
0.371861280983
0.448907071295
0.217825993713
0.121942125516
0.104877659505
0.356763762095
0.158517691659
0.145768166835
0.178878801032
0.399830926193
0.209088019855
0.203387777466
0.06524402293
0.0961731083011
0.273329318175
0.262073215106
0.176158319195
0.329824440959
0.058551877951
0.114073551624
0.469819519898
0.204295360264
0.383334109494
0.528745332354
0.143470512266
0.856325333176
0.275098171108
0.158762557299
0.263293390522
0.188655471304
0.260969226664
0.0500508646872
0.264276098279
0.101837273714
0.106306063629
0.380316514429
0.455079516725
0.0950198168549
0.242045648232
0.57472631991
0.314928374814
0.501203058766
0.144317989395
0.0447545040969
0.287749863729
0.252373133403
0.626766338145
0.191923499149
0.337111886699
0.280733271206
0.483041125229
0.0366499654648
0.046875
0.362409102157
0.340598618502
0.226842778181
0.597201678183
0.568821732758
0.117156391737
0.18207769881
0.0568706696087
0.339015297631
0.240381873405
0.0826354332314
0.334604111301
0.320303959728
0.100930681342
0.321222846559
0.392408124313
0.543940323689
0.50715979572
0.223758700591
0.445778318293
0.400433060506
0.134813099965
0.176593031464
0.364513777656
0.477005514327
0.403639940989
0.223410506751
0.08228004561
0.45140673527
0.405273242946
0.199419579151
0.325758983349
0.427907671305
0.239603330928
0.390251430497
0.294893029428
0.466580995303
0.533270925245
0.451387769393
0.379205107618
0.371876868582
0.16252790149
0.321676467915
0.16912469618
0.544428376934
0.415024341711
0.161678591217
0.0610831466043
0.388398960811
0.281516090391
0.0556997597879
0.501454586841
0.536718449133
0.387395511648
0.173922868139
0.69943346114
0.436381928795
0.547017218835
0.600053219115
0.264784331677
0.56371358358
0.411151636384
0.24319156218
0.0739615512535
0.515491790134
0.389379304033
0.510922361591
0.243745090976
0.0538693933821
0.251507312414
0.175105259228
0.157124564501
0.304368979037
0.219006806338
0.318784666277
0.304214682297
0.482901193798
0.060549099731
0.448938425327
0.0653528568992
0.275733939011
0.431074238788
0.502370665623
0.287238600321
0.308231862872
0.142157989635
0.130642494836
0.486904943478
0.371250390424
0.446150925186
0.214499993128
0.279863370693
0.387979921715
0.48209095715
0.197684853189
0.0741585422001
0.164133167904
0.481962616081
0.0972760106661
0.00834238317755
0.160690033972
0.398674320851
0.298892605875
0.102352024259
0.371980463357
0.209399112662
0.248268678198
0.49810657896
0.048141367592
0.415750657773
0.290975783368
0.0790441922383
0.2475907202
0.0817945832214
0.481244800172
0.487937136506
0.550062239152
0.216268498095
0.158034255476
0.344525501901
0.410996258916
0.0547286523377
0.263521633098
0.0799362690111
0.128555299425
0.332972164429
0.314916481505
0.564630277462
0.0978109973236
0.187052688295
0.133118110238
0.181420963237
0.199200039818
0.157675428653
0.0390625
0.34345221748
0.25858643639
0.446864554478
0.129594511083
0.390237000969
0.0351724675325
0.176561485467
0.206814131746
0.039267173818
0.512724368281
0.362022362997
0.320937807405
0.506576186652
0.26943456079
0.109166752785
0.0829278667612
0.328021013842
0.295662908342
0.340924514881
0.492388595672
0.388819073187
0.173584337591
0.222622850399
0.264559910772
0.331258296415
0.194095797584
0.435439532814
0.192473730896
0.2023874216
0.604303935348
0.233070096109
0.0863090538395
0.141542823303
0.39011215043
0.16134599062
0.404975230682
0.262316869441
0.39357582696
0.27967783089
0.409479906445
0.0751110628133
0.768926235865
0.646965556205
0.221954233598
0.135253853977
0.175058464156
0.153613483536
0.244214880121
0.379598917247
0.355054014289
0.525938083462
0.440050211448
0.214472492901
0.141237919136
0.181565257628
0.0986359157641
0.21460059632
0.415129481671
0.131141153638
0.297336168331
0.387666320632
0.365075211062
0.325678042833
0.0977204477445
0.829612139234
0.297579604801
0.354821611272
0.489113098651
0.0770196664012
0.175511956373
0.265327424012
0.280252520887
0.265890190164
0.435719520363
0.388249604352
0.311233498579
0.396430550614
0.268759410346
0.125094532962
0.379976549961
0.406595095224
0.340525401099
0.57508175344
0.272306112151
0.351221076644
0.291909337662
0.260252300421
0.48101929994
0.554202061288
0.522667658948
0.312950249457
0.299289922842
0.363055001143
0.446321800647
0.320958377921
0.30232477345
0.249831813138
0.344836372101
0.335452905725
0.359432431313
0.421041184849
0.280416993597
0.292378338462
0.134357189311
0.459718237069
0.0986671301587
0.424859491833
0.308860536094
0.268430997496
0.27926965067
0.411151972483
0.300729847195
0.338333239482
0.319932908453
0.296170984725
0.201822821934
0.0435160418157
0.326158795597
0.26129046094
0.132760431579
0.707412159582
0.251504154313
0.277516656765
0.439368801871
0.0645968285451
0.211281373757
0.283333222644
0.277878129487
0.175072287199
0.324335353715
0.26431594644
0.421170231139
0.168243947945
0.278269939006
0.485594635833
0.430975034076
0.719899143968
0.153831642724
0.106961569995
0.127162244003
0.0882873528933
0.185926450645
0.452208081977
0.684146791114
0.236672217566
0.522585885359
0.160790892682
0.278705244972
0.186585315297
0.130195841333
0.0560202164999
0.393248617243
0.18110488153
0.329188608744
0.142087514705
0.0432973897566
0.151058180155
0.384620748408
0.137642559138
0.22843466836
0.149381261512
0.3664055157
0.490484573846
0.452562010404
0.091473508357
0.274542383634
0.219102128732
0.0966779132609
0.0594056126084
0.18471347178
0.638875363171
0.231778132911
0.148319568606
0.638875363171
0.231778132911
0.175574168334
0.404922252284
0.284786591347
0.454656851177
0.197535544384
0.0516811910782
0.241939040034
0.125471303489
0.084477305508
0.369475964849
0.45789646875
0.330766431816
0.394105765504
0.143139562025
0.764527517084
0.450892981542
0.217454550679
0.0401843046006
0.153409399618
0.383097611598
0.348037643952
0.242789641052
0.278243034306
0.304424607094
0.188123257541
0.03215769871
0.36449674198
0.278908535456
0.343377156504
0.197093895709
0.2346548499
0.215782804588
0.398743040551
0.116751896421
0.582652037732
0.359396367552
0.413069481832
0.0648567816896
0.145512128755
0.136770428962
0.26506837667
0.235625793925
0.494518289363
0.227523192774
0.200973766518
0.527250965586
0.293992834859
0.237129940558
0.478634725191
0.298247440816
0.287338738754
0.204530966073
0.130722245955
0.210427960802
0.274482214713
0.343127003615
0.0826418840741
0.542468350429
0.442416854245
0.152893169785
0.171778973648
0.373050180879
0.554650651236
0.238470037944
0.131262918619
0.35545662737
0.155890265709
0.317696965713
0.217791907604
0.124898087906
0.288267487982
0.0478184506518
0.309117655168
0.210862815804
0.291553512324
0.150953299913
0.176007153445
0.0905973757951
0.469230459816
0.191957538552
0.18266547191
0.401762826574
0.386097636891
0.0953325896391
0.259718739612
0.164990016001
0.607600391362
0.24952119604
0.135834241298
0.146628002762
0.273866282692
0.169332329755
0.292964044151
0.152906056745
0.45912092516
0.388263212138
0.238571199898
0.50519231987
0.22156352219
0.41858290075
0.322968635535
0.283569027776
0.112595052279
0.165568031434
0.529316174355
0.100433493848
0.0819176405512
0.328602118278
0.495651217046
0.368959005973
0.186103790314
0.251092742049
0.120677571476
0.418670314496
0.246107064803
0.22886134605
0.527137542744
0.0440951318781
0.305074703733
0.0838778001705
0.310390954829
0.359052499685
0.436823257123
0.43348253903
0.154529733934
0.308875538331
0.702099639824
0.295126530669
0.344744473079
0.188292372998
0.205781997965
0.0989294283981
0.335116322333
0.0860106596509
0.0483276380868
0.169906655461
0.148866127528
0.143706733806
0.469246756337
0.516298156651
0.343419626386
0.139759621626
0.226839278335
0.491081303123
0.176973981633
0.239627942943
0.0381885322756
0.16754830256
0.26831146119
0.400017508855
0.318853213711
0.300655336686
0.449205734462
0.374610979321
0.20784364203
0.388838532414
0.183108000183
0.356979209056
0.0856887650209
0.135149134359
0.300957074432
0.271577077083
0.0962394551994
0.494625189578
0.369693739677
0.0
0.198242185814
0.148078079903
0.4205839611
0.299743641239
0.364707056538
0.235304175079
0.138759413647
0.448647542145
0.245328852633
0.429860461288
0.273147868075
0.23726988269
0.191987386109
0.200933453814
0.0553519508666
0.361786511212
0.0991781500256
0.172226144586
0.420349530112
0.350338999806
0.23106535993
0.515022280851
0.366262720955
0.159447925482
0.170617230797
0.0932338873253
0.506932715893
0.55379830305
0.444690946694
0.429317012811
0.481598965288
0.328219602188
0.220937325099
0.110295436653
0.0328128116976
0.273819056927
0.484122591169
0.518109357225
0.352157382997
0.27173922141
0.338861783454
0.0648651729893
0.245758544389
0.0333877384776
0.279907681816
0.172596151873
0.347330376671
0.284026079244
0.154627914226
0.0981058130688
0.0450419744903
0.27878505289
0.0161738588254
0.24457442747
0.165549768826
0.266275096037
0.180613272232
0.305988756396
0.368134441001
0.19544899889
0.321920272059
0.111160038485
0.334729320874
0.122023805613
0.0657274040486
0.0797887541533
0.196649731725
0.263990949767
0.198120311212
0.156397621359
0.359077968178
0.152544464515
0.392866870749
0.13392061216
0.274850298759
0.477096169464
0.22941636115
0.225678538713
0.132725147558
0.112211631829
0.0932836084275
0.25785852241
0.24700042312
0.26220569058
0.18214370974
0.310682085192
0.318320724137
0.398444287648
0.240784702002
0.12654630666
0.166401323961
0.250177308873
0.425602095128
0.20453508194
0.16596090649
0.366044881287
0.256555654172
0.377273313135
0.384958184443
0.208100242587
0.525625609264
0.106712961192
0.324030999887
0.101625570664
0.241281313887
0.493841428646
0.125452573471
0.176047159365
0.386416451975
0.353178626706
0.552885343601
0.289632349964
0.471361379768
0.364993110333
0.395944095701
0.45135422398
0.266356851816
0.15787944044
0.271454950805
0.387056109946
0.397591132959
0.161518700389
0.061346473345
0.335359303207
0.408733354461
0.2948829476
0.0650804045966
0.1875
0.325616365864
0.162050362522
0.284652157976
0.149742405535
0.041796269061
0.505037796853
0.614129223972
0.03056675859
0.243573965074
0.200408581712
0.429438662912
0.325410985476
0.0698862809638
0.34321160576
0.458903595837
0.234586922491
0.447172482936
0.310404801789
0.312903611319
0.11523242835
0.0
0.0409306741676
0.144785246672
0.462415041479
0.022601626095
0.0481230173032
0.385958322087
0.046875
0.289951203125
0.758423133405
0.463111865
0.706039857559
0.043400272859
0.390272172836
0.32988647587
0.254037358896
0.111948295748
0.173507970468
0.399036714654
0.0838050736443
0.262767778319
0.401802224067
0.297721063526
0.10335697098
0.174407408011
0.152787968242
0.454764161289
0.278989843015
0.344329741256
0.430684133293
0.178710765408
0.157624161797
0.0653647987034
0.159591639353
0.206424103661
0.0886462026671
0.185670457411
0.199540136789
0.184719155268
0.235181019449
0.2615897507
0.234369017702
0.143658441112
0.128043894304
0.236504915229
0.251245028429
0.501752539611
0.21038772
0.0277708280353
0.366306000177
0.359228443088
0.0922568731146
0.228624792198
0.187626445376
0.16012837409
0.40742797824
0.328447085431
0.210661794638
0.0952494989007
0.387336748619
0.252232916291
0.0384552779645
0.625061218525
0.49940286173
0.107436091536
0.370435181842
0.161605058784
0.32895472489
0.111263904379
0.278639272108
0.101615121224
0.277304646053
0.346610993574
0.415360094306
0.0871244997352
0.357074368181
0.339118399837
0.367552506956
0.402842727807
0.208965441916
0.0580794081758
0.322510128412
0.105832898878
0.175823494234
0.117390502166
0.259461909597
0.139302647311
0.335494171002
0.393828123301
0.220008254318
0.198985150691
0.396299122387
0.467741189768
0.611692830435
0.0415439367524
0.106883324287
0.208660356596
0.148248316808
0.249313161571
0.160447450333
0.11998405734
0.0784525102331
0.0776157221816
0.33841912688
0.153184798062
0.0395970208952
0.278037528076
0.172849987189
0.324482490564
0.0839377752667
0.312335629687
0.041218857083
0.0534445032442
0.1875
0.0337144200918
0.274187951949
0.615763536985
0.392734787104
0.174990556396
0.473483271486
0.418825309376
0.344990060532
0.318759888987
0.459351801546
0.222812182407
0.09345538833
0.286941874119
0.109917802462
0.348026024019
0.331114907578
0.285970565592
0.576537751406
0.134355460701
0.370152635429
0.403058397187
0.164787811558
0.105927612144
0.117478252285
0.300460604575
0.384810892483
0.392446669607
0.611955114272
0.258785756994
0.114879392905
0.407319490831
0.145402170557
0.30497962714
0.0969386682723
0.493597877632
0.337081558269
0.233629722821
0.240275544823
0.231907493882
0.0956772818229
0.279274336352
0.145918492327
0.150139224403
0.0788802637235
0.240721946697
0.174214655743
0.110398065502
0.152987265563
0.209853491438
0.093593968906
0.269583448067
0.199788903017
0.298548616312
0.146046040036
0.0625717344794
0.410393519894
0.205484526143
0.118797014335
0.165870011046
0.347945719803
0.331026003909
0.0882118307252
0.156584513144
0.112094866478
0.306998370194
0.26134759603
0.193694911151
0.241468369011
0.133334145274
0.431086818055
0.223058103868
0.186683427544
0.186402768487
0.233532286874
0.151495478065
0.202823365821
0.537255870327
0.404232339073
0.184943632993
0.429741369787
0.179251674602
0.294114035507
0.22149588979
0.147328621311
0.325638313271
0.318280110256
0.0857237707081
0.367994814243
0.19326234619
0.420722277655
0.168274897896
0.168619140059
0.304083477847
0.318128795585
0.152555796897
0.0142609723594
0.24338767559
0.289842365873
0.266031092138
0.282637623522
0.320764866372
0.357205480752
0.0441941738242
0.100297809554
0.30565217564
0.221486871801
0.306488104548
0.223868256562
0.301858465514
0.251893271995
0.034725827385
0.272452467141
0.381838705997
0.356813668047
0.353099245648
0.267367042107
0.262197044002
0.428984391258
0.195242649988
0.3098327119
0.236620914784
0.25062993692
0.249154044675
0.0967454850059
0.382963217249
0.415905858489
0.305739652138
0.210846630746
0.109737817196
0.255056041072
0.0883727323817
0.481724026288
0.0617776673313
0.396474978931
0.277149819334
0.137721627993
0.0573643303952
0.214201646804
0.0774424707485
0.0894413980329
0.35636080962
0.677072987886
0.0
0.111451644669
0.493757044298
0.0404505108838
0.171637437131
0.299096656746
0.0471342038496
0.228791755849
0.0131390064883
0.0998404321395
0.124506606048
0.161599142597
0.210650308072
0.299513643495
0.447673264103
0.104333311
0.247771305224
0.3532158935
0.218116847172
0.124430106603
0.117200075057
0.0719200758397
0.325213950423
0.45772416722
0.108318430913
0.189319158239
0.0511585386572
0.216189938728
0.606612058503
0.098829251302
0.244912973085
0.021025237755
0.373879841896
0.0606315042011
0.488388430721
0.662219713551
0.155219183113
0.423703026789
0.178770437402
0.0313472017958
0.444261931733
0.494862852038
0.638775775449
0.206781193068
0.51356265778
0.113275602749
0.184858976732
0.275380376082
0.383101962847
0.0708317098014
0.411038604829
0.46266539031
0.176147900476
0.224217004589
0.303361877771
0.419019135324
0.431966826733
0.345660819347
0.0212757555445
0.219200304671
0.563759145865
0.182204806552
0.331808552198
0.280549773085
0.588958875002
0.106552229184
0.290738172033
0.321053798189
0.546388914089
0.239505483006
0.147974435924
0.224900299433
0.0
0.26828332479
0.30642329601
0.284646522255
0.3380624232
0.236394522156
0.304735401735
0.058650928058
0.463456245583
0.468616468889
0.243438381898
0.0729719473618
0.340051550897
0.259248635928
0.302936244815
0.0538175355105
0.408649715062
0.295854399172
0.465539992529
0.439573630912
0.172149967493
0.353224756306
0.115752511476
0.256778010685
0.246085190916
0.299465360587
0.378260095238
0.160670276319
0.41645551735
0.435536088532
0.0891003026761
0.0578589354939
0.51180496666
0.25835506784
0.369449101639
0.513309059088
0.211547074691
0.364086232288
0.316893406822
0.257249778145
0.173102694418
0.296868823721
0.166885878077
0.409723584776
0.157344220368
0.301828529993
0.314986903362
0.35134264933
0.440387358192
0.310885498715
0.24242109024
0.376878914475
0.331307782491
0.234658804962
0.291174195768
0.208374577336
0.123880765038
0.114057768814
0.200266832577
0.190822741854
0.219441593785
0.242553870049
0.256911742939
0.291594750316
0.303479467247
0.318189783748
0.158388686637
0.165465264513
0.421731354283
0.245224326534
0.254733702877
0.105133496262
0.294674333735
0.255944514077
0.312726546366
0.174618620833
0.387945419207
0.347102279894
0.24403666648
0.146166197546
0.223837256826
0.187680345178
0.272521750892
0.136896009733
0.086697400653
0.256730732002
0.293380390651
0.106317131361
0.557617821692
0.400181499843
0.246957302504
0.117001553955
0.172761199069
0.264633742482
0.353084373665
0.321265239388
0.411254433415
0.431701414262
0.200651947654
0.119394726027
0.136901786684
0.227381410187
0.0347271645872
0.488623992155
0.319685018084
0.220274535511
0.433929021737
0.121840456221
0.330003440038
0.307837130499
0.0474897303532
0.398830456758
0.239831138703
0.127505218268
0.0384644733804
0.377075735755
0.413488927698
0.292692210102
0.18682956129
0.0
0.164745741384
0.116995256847
0.20656477846
0.164511814778
0.12796941909
0.245165922376
0.337481196357
0.13098866011
0.183362916183
0.0399340853583
0.158600167908
0.162488758264
0.147495947501
0.305641766463
0.494159986548
0.357931666357
0.202277254425
0.119148588032
0.212790374144
0.0707942070321
0.255871135853
0.328170828673
0.437881601236
0.23845334653
0.112200038717
0.153809996442
0.0877193584897
0.156260459846
0.0745114979623
0.187119294582
0.056997470997
0.0582375565051
0.378920411495
0.447360472316
0.144265575531
0.107737345696
0.0965905129767
0.308390264023
0.301902635843
0.297057379103
0.277346600089
0.304679568016
0.134462290094
0.285730973406
0.333662198633
0.0447058771981
0.182986274913
0.244962943578
0.415802440378
0.0696058023078
0.288764684448
0.433340410386
0.0995246554279
0.272284120726
0.0456320032442
0.271653719572
0.292733111234
0.179363797109
0.128143942524
0.117136605456
0.299718135695
0.269699133866
0.210570378667
0.148004667956
0.183222367378
0.268910859444
0.390167321154
0.307769419395
0.163812437928
0.33966365347
0.150620446582
0.460872498366
0.38166206675
0.283788041529
0.239277704479
0.256543740131
0.238105757117
0.216780951976
0.291251245987
0.362163174959
0.293559861239
0.272533971172
0.283017706647
0.284790631325
0.296062261098
0.513949747967
0.4727774875
0.338483621779
0.40477178031
0.0988537034137
0.321947104158
0.160800213459
0.422623689211
0.22562542604
0.480264126289
0.375709980234
0.157621640294
0.532995005623
0.347180214386
0.287841913829
0.344760567997
0.366648230627
0.117904758475
0.301427676258
0.263363762759
0.138362766344
0.101574001088
0.192805251819
0.22527655259
0.12405700322
0.236841570355
0.336311062282
0.352911237669
0.347860881651
0.0566844260516
0.254390192103
0.446099301459
0.364507310197
0.195724405525
0.338485812779
0.413265970315
0.0999011028973
0.541351078194
0.121096401023
0.0888270016405
0.352899045637
0.228986545271
0.432247924804
0.289966348572
0.170835048462
0.412444875512
0.0
0.0415634784303
0.103174474594
0.131136413348
0.06083973873
0.438549738045
0.104059402846
0.46553937505
0.102726929819
0.318448533324
0.317131759707
0.427967815465
0.385336265173
0.181703923494
0.310991452299
0.324777684656
0.236319899528
0.32344076152
0.299421604499
0.0933611060861
0.312378038708
0.376911303513
0.290965010897
0.116417907526
0.337482371107
0.0738344266237
0.240980931052
0.233807582146
0.252954308237
0.294434616522
0.128348756792
0.137027835515
0.152618019009
0.203786020856
0.12924154402
0.237546731026
0.310095319122
0.448637761256
0.303069378763
0.323382391978
0.136449629965
0.243403375403
0.103189125337
0.192759917541
0.177896840712
0.0667437775763
0.108644433884
0.139977745379
0.0449951611354
0.317413523261
0.224380478863
0.142376636077
0.295565023922
0.267226853749
0.254226872612
0.234423730263
0.409586549345
0.311258341769
0.321893378717
0.249374406274
0.154088327644
0.0450176743372
0.180899329828
0.332063831886
0.219245440459
0.103054133779
0.324052531893
0.148811723055
0.113716138806
0.18260821733
0.352608581773
0.418119062241
0.0375170425127
0.0189318232415
0.234976680262
0.232318914199
0.221948286753
0.219821384335
0.488286500236
0.121395196464
0.530935418654
0.493053857132
0.342457661241
0.0340278787288
0.301570579791
0.279687554992
0.161587857491
0.143344024313
0.411418691489
0.12351176088
0.293043175061
0.0449618185935
0.177198529158
0.138428268782
0.305775640054
0.202489815985
0.312439641724
0.0928299399247
0.135480280908
0.365012482997
0.0454070580912
0.192705503276
0.237816725227
0.428482415096
0.279751895159
0.0771592042234
0.361673412851
0.133157640521
0.650813566336
0.302426563577
0.16073968638
0.218015240624
0.322377380652
0.343781241951
0.284746766098
0.17144153761
0.314114561904
0.191867731106
0.411515654179
0.300606483414
0.34695768953
0.464933095089
0.0865165674564
0.0720629071571
0.310092329642
0.285616456788
0.464933095089
0.119997086197
0.374572454641
0.428633540975
0.173039795529
0.347958685613
0.201144824117
0.0846251701917
0.257733929998
0.0415228854299
0.275815017987
0.0
0.302625094021
0.321921886737
0.371564866377
0.120124409577
0.433695248274
0.509313644091
0.119997086197
0.420707327014
0.405478882007
0.508903549628
0.45153378988
0.384676996811
0.668528683573
0.531367902237
0.520990465213
0.39069123521
0.247642378264
0.249525582313
0.125787355724
0.267271988314
0.355422922261
0.383034165127
0.224872953527
0.123045004435
0.346085973215
0.184552879565
0.136366501156
0.353688127953
0.264289293235
0.159285135721
0.379115824144
0.210699007668
0.199081842591
0.636483939629
0.19013807946
0.232179744298
0.53910049413
0.393444342422
0.35595022081
0.431698908802
0.48951646231
0.24399799786
0.274317877711
0.354557377858
0.253031584952
0.136136125375
0.313464252802
0.102964976021
0.381842179508
0.404421886442
0.276577209107
0.172144797824
0.288436276369
0.388809335221
0.484022439554
0.467863725393
0.381842179508
0.17482505451
0.655201339785
0.113212529345
0.318284598201
0.197043176771
0.170970320286
0.14559404196
0.350379928012
0.119257347881
0.367464369079
0.131254807911
0.345700278659
0.432089403504
0.183140897436
0.175726648746
0.165166178186
0.386797105137
0.311084516692
0.187062567695
0.626878612003
0.261450814063
0.162843038133
0.100568489104
0.306116607532
0.376060090147
0.387807915778
0.265031150376
0.332605561072
0.103050260506
0.149133383302
0.198265410628
