0.0418804940917
0.219369215203
0.189545664375
0.311422455681
0.392055561505
0.265428511086
0.218677925551
0.157696377155
0.253074046247
0.0673843703478
0.269504856668
0.0905894198967
0.260908796561
0.0117453106284
0.170024371352
0.0534372580856
0.0931392527004
0.31307574331
0.233273814984
0.344194401209
0.105525386585
0.192412619331
0.400093557789
0.389917078775
0.106378909046
0.11807827251
0.10236821197
0.0197153579317
0.103663645272
0.101480561632
0.32918189317
0.204791748576
0.116071499928
0.119997086197
0.198866493808
0.277171854343
0.179282485177
0.145771505092
0.0
0.133534446747
0.0704057905159
0.176916012259
0.0
0.0337841895582
0.0185010539788
0.0901715016275
0.0894032996712
0.130421250325
0.174320011097
0.501832018522
0.135543101464
0.265428511086
0.122302610742
0.0931585644582
0.0559300859322
0.100296103759
0.0643439947152
0.127388820001
0.162585391147
0.123852328452
0.121676859174
0.0411150578628
0.200660437742
0.110158280618
0.0461659486824
0.177953122637
0.0396732523967
0.0312865371884
0.0327457210748
0.03360356369
0.177433671754
0.264684415908
0.09375
0.41451908481
0.0435472840931
0.24688134948
0.164394597925
0.118353436042
0.0279815089162
0.078194010462
0.395153441788
0.256463886034
0.0205877470229
0.208419299561
0.358588525699
0.0416666666667
0.168436692419
0.605624329233
0.163443666801
0.0
0.279814969921
0.0
0.0292886876002
0.0451890372951
0.237122457856
0.03125
0.127756793958
0.0375673893464
0.157698626635
0.202261812559
0.114867314008
0.0861943697611
0.0160707082098
0.145111028616
0.175864017661
0.174050334281
0.35146223574
0.033973085278
0.0511693677231
0.12362012134
0.0524556803213
0.135213442418
0.0920730357458
0.227244642265
0.0180421959122
0.0686277255665
0.285973265373
0.0814744021696
0.0476240763879
0.163564146697
0.315634733515
0.254759848492
0.15625
0.242771940677
0.272629510805
0.111228374313
0.280967280454
0.0436465537401
0.185945439525
0.0887686503586
0.0401737142843
0.14739783052
0.0858721995134
0.203181271987
0.0480186595179
0.0
0.128954806875
0.120028368198
0.0806492611442
0.191026517176
0.118294278258
0.0377892002041
0.180790767294
0.402095431571
0.1133830601
0.346407073836
0.0537209170244
0.035660855453
0.044896427349
0.164045389699
0.254473353902
0.0606065700839
0.166358048056
0.0479153806248
0.0472539188726
0.0661192832191
0.0467178821765
0.00567131312147
0.0362737813364
0.184037982946
0.145314777423
0.173478543918
0.0226289855586
0.0568344513897
0.0360696437713
0.106802984046
0.194550060581
0.215817778893
0.0520700163826
0.0963666538109
0.0280888401724
0.148867573212
0.0574852494232
0.085093691809
0.107808154266
0.103747975489
0.354304014258
0.151752143285
0.062918807476
0.0677210087968
0.0410466223954
0.321269765927
0.0904475493523
0.0442947685394
0.0779211691594
0.0615612705494
0.131486272853
0.245555769202
0.0747292266271
0.190000776392
0.399273736778
0.0944800329344
0.233585355497
0.116168082916
0.118280665453
0.109903662458
0.0491272963562
0.0944791723505
0.103769895915
0.0852898283354
0.0365553462773
0.0474897303532
0.116517414017
0.343457766608
0.217960584947
0.188194708371
0.033298113951
0.0698299323743
0.0687037222767
0.068719616907
0.00473751984065
0.313977621471
0.146115965525
0.0891595000705
0.219020626742
0.103671144595
0.187447706908
0.102798984434
0.1596190553
0.153689534562
0.0894540273405
0.11876474266
0.359910960697
0.338145849849
0.453536852818
0.258700804223
0.0437577242498
0.103494479086
0.10687691796
0.0433522849367
0.0342198908442
0.0499737162513
0.211097378649
0.0330760472493
0.101449138906
0.0450158238217
0.127563562156
0.249573341243
0.167326259811
0.0824766909627
0.0451943265126
0.0986781850657
0.0
0.0
0.0944771196651
0.217923834049
0.378018642299
0.214015953085
0.0845700880185
0.669203753282
0.0723247648112
0.0814749448604
0.0398422742623
0.0299116829645
0.104979456903
0.0431133946855
0.080486524767
0.196580222979
0.0
0.0
0.0895921774669
0.0783418093444
0.199345728969
0.897675806252
0.0697863425718
0.0881924484144
0.219600104305
0.0210071131502
0.0
0.0457685623517
0.0990818921423
0.0648547329543
0.0425153751701
0.00640404325991
0.195629809897
0.045230638297
0.0405156797649
0.0645819410402
0.0424528788214
0.0
0.40464800265
0.0956207608009
0.0775026627823
0.147849121285
0.0398566403816
0.0359900649854
0.108757734834
0.0172092285907
0.162318413094
0.0127024543737
0.107113540536
0.0763883450611
0.365834763229
0.033602005312
0.00640404325991
0.11092975883
0.0147313912747
0.0891179265436
0.03494778728
0.101032439104
0.0967733741578
0.181117550102
0.39498580798
0.20700001558
0.0
0.039736452566
0.0150326660902
0.0
0.333736833363
0.0667221237072
0.0
0.0526540954549
0.30674956087
0.0684245568363
0.0361077704109
0.0757688075876
0.115190813718
0.205330522696
0.03190506988
0.037541181555
0.169978518799
0.0750356124161
0.0889131284433
0.058089599103
0.0725519460864
0.108038512502
0.0218972938366
0.180605804807
0.196756059556
0.0
0.10626479004
0.030462395746
0.0597292326882
0.0286145749524
0.0463892962575
0.333217867542
0.029141318564
0.0
0.00555152357106
0.0420051600594
0.0615472976132
0.0
0.168135005253
0.439307262879
0.0385715279663
0.133751577896
0.0829112133115
0.160483116906
0.317695010489
0.148229361172
0.151256196246
0.16921684114
0.0834111762031
0.0782099740718
0.290652963718
0.0331964615641
0.225006627845
0.0728510161496
0.105960414282
0.288986997584
0.220667106527
0.108381164126
0.0388280477192
0.361619245269
0.446523778354
0.349394464634
0.130754286661
0.113545500037
0.0807143993136
0.171428996492
0.240076441563
0.0766492163654
0.525562477473
0.1719954572
0.128992450167
0.109678015024
0.12056262177
0.440166492936
0.17173862378
0.0551325719897
0.0903533585065
0.108564809935
0.039643110221
0.346487766681
0.0361599698743
0.0838700542281
0.106566284524
0.164657740343
0.0526461892506
0.219382610056
0.294242400953
0.158521912148
0.0706236904957
0.233950355188
0.201612715934
0.0
0.214336490103
0.186472248122
0.224700813744
0.0252424309887
0.546713490451
0.258683420042
0.113723691241
0.0508643100187
0.0417412947316
0.175048045587
0.145940667543
0.0198522485408
0.104206048692
0.0641343764836
0.119864251575
0.149170860143
0.0680421546941
0.0820379092811
0.119935876949
0.170369538895
0.0862107019308
0.267436128474
0.168806863248
0.0372851919052
0.136211547946
0.0429118154981
0.132427742475
0.115913226847
0.107667865071
0.130016635299
0.180597954935
0.107898638673
0.0858329964041
0.139628335767
0.097509479639
0.220220652021
0.322220230432
0.0259696965538
0.119104961291
0.0
0.0941468650618
0.0901138805345
0.0715412643368
0.222250557682
0.108418157981
0.324066635438
0.280940321907
0.189947839959
0.154531569168
0.238665906434
0.0867395093417
0.250876881381
0.241460297416
0.158733997798
0.0
0.0
0.12341473146
0.0640854119234
0.0958242207114
0.0853832712761
0.197169879955
0.0748803131711
0.0659972091035
0.03777414693
0.0479328924207
0.100553620969
0.362790623795
0.10396851167
0.0601723028755
0.0599669316295
0.185629036189
0.0886907129834
0.0360227752864
0.437227634592
0.0846145347533
0.131480366381
0.11007192293
0.242670923852
0.143295217083
0.311958552232
0.0981378334104
0.0629225465459
0.227394209614
0.173555500909
0.00446752023417
0.142140123433
0.115239903426
0.0681469782971
0.158736696351
0.11273288715
0.0609622951208
0.165922580502
0.0662444397314
0.0377486477392
0.0657499817863
0.239412441346
0.177973496512
0.0239707645288
0.439804494177
0.217246586855
0.197327749539
0.0481442862076
0.175680811264
0.0826142597118
0.104136935624
0.158171963999
0.270759207931
0.0
0.158462071575
0.0623008872162
0.17223004313
0.276043212804
0.210773495693
0.0252099495047
0.163398025003
0.180121778234
0.137101651674
0.276109409767
0.176761222765
0.00567131312147
0.129074078829
0.390928732211
0.0841671192653
0.064986339217
0.264558766557
0.0643258461276
0.132738433163
0.0340175486016
0.0836422480249
0.0638840891586
0.0
0.17600222091
0.304813359502
0.234718732742
0.103319744509
0.215839973452
0.0943312435722
0.219723210963
0.0204571335201
0.0441941738242
0.140223107082
0.311307732094
0.200059475738
0.0622150580731
0.297518837351
0.041796269061
0.0
0.156426104491
0.0366697638398
0.410750678765
0.382038148529
0.313221601957
0.0425613006342
0.0706386791784
0.0731885351899
0.00980008295384
0.119892822627
0.0772193493015
0.0486470719647
0.330538281226
0.0442682976895
0.152339170816
0.340705044202
0.136768540037
0.165150587194
0.248712688667
0.0
0.0903601265043
0.178126694762
0.0980193067009
0.0988458492132
0.0898636912243
0.0777797246132
0.0971118899223
0.102318447724
0.0623109635647
0.176933499823
0.0150894973183
0.0364709299948
0.159149144177
0.0271651910734
0.215319365176
0.186955535877
0.220352657401
0.222070288171
0.0
0.49354701668
0.229994727768
0.343274092639
0.0874360782968
0.160998967007
0.262685962732
0.0905445919345
0.495060275949
0.0669589663439
0.124612912254
0.125419800516
0.054739739792
0.0670149797011
0.496882627553
0.0891862381013
0.116149354053
0.140503559286
0.276817057355
0.0922565623779
0.194428410011
0.269342910788
0.178254208355
0.212100533887
0.141976690231
0.155705796892
0.0946680297442
0.0910657755105
0.040199188864
0.0756985794915
0.0
0.0751928453483
0.274981933611
0.107613647176
0.080323953127
0.0414310973915
0.0756265339543
0.0801270393168
0.239140691397
0.0435431471825
0.201501286143
0.0205877470229
0.374944993767
0.130331307329
0.184862506463
0.348410347297
0.08494424089
0.0970584668038
0.012893651868
0.0912661144765
0.223073036568
0.319690259339
0.0950382122307
0.22520394869
0.0746704559137
0.0555502996329
0.173979206198
0.0930354754511
0.0884731744821
0.0750446245306
0.139958880255
0.241582999469
0.328738015083
0.15988832071
0.252627764222
0.0782499129859
0.141246939555
0.294683183079
0.132175132088
0.435273417095
0.0466340584269
0.225033846103
0.138929841507
0.061191388057
0.185294615301
0.0685970196881
0.0632482055511
0.194106716491
0.173571096131
0.023256482043
0.248904610806
0.0239322506419
0.0907636459544
0.154498960117
0.306470395673
0.0911661210038
0.0264555238155
0.37614430063
0.118650992225
0.0670897453336
0.344416721521
0.324026763117
0.0923687218905
0.134833000302
0.031495936445
0.0439155118254
0.0710883238516
0.278431310355
0.141821023422
0.586854874134
0.00639986327726
0.0800455494065
0.0243716926745
0.0469814578672
0.0794746023333
0.0590533865903
0.0321369960903
0.185792612065
0.281542574088
0.144154121083
0.0332782866795
0.0222244725784
0.275753448061
0.309145527793
0.166039104461
0.10387104176
0.151454585932
0.0932003385475
0.0343383061675
0.0795009802762
0.0289777761819
0.0
0.0709067522844
0.0416388188029
0.09136018697
0.194183252666
0.0455278279924
0.155790835215
0.0519824277894
0.0344184571814
0.166438940954
0.363341850418
0.101272529384
0.0498849122535
0.656169557806
0.0410491547859
0.111380018289
0.0765606618111
0.0108194688927
0.282319268741
0.0530035459119
0.16785528272
0.110632636154
0.10251096995
0.13274323643
0.0673062287827
0.0155869703863
0.234115942656
0.154845371813
0.228833999577
0.265850273534
0.544148379955
0.0258862625808
0.113932940368
0.22519268191
0.234708810795
0.331783979977
0.128160484038
0.31529202937
0.19789851355
0.227766912265
0.150212766404
0.0797349414582
0.302749560762
0.187608964673
0.210469148902
0.00875933765889
0.307965890631
0.265206952671
0.558112820591
0.176503186528
0.191478899947
0.023256482043
0.159805390342
0.15074909597
0.122548237938
0.286769932052
0.468279830469
0.324292645684
0.0274645080263
0.0460008396158
0.0299464682614
0.088261025477
0.097822036776
0.0104166666667
0.217382690842
0.206290208105
0.0909402409029
0.234217446531
0.215186360777
0.00392654857281
0.0122078523614
0.157420798947
0.173717549614
0.138789803067
0.385603363019
0.058510532973
0.161337674964
0.161919514294
0.21430330456
0.0663482810855
0.173730107014
0.215124817262
0.0757364577981
0.309077601611
0.23350389074
0.0875612080792
0.360737162438
0.0224780667994
0.497124539875
0.193656942663
0.199630811037
0.513643235389
0.208720503242
0.0902008939301
0.0921011108817
0.179304796547
0.033439713155
0.0574865806294
0.0390526526247
0.0337629070602
0.298691769754
0.155059077196
0.250119071748
0.375992333334
0.187778445531
0.295615986531
0.0869440086936
0.0918184398527
0.262971584041
0.148423317547
0.193408323549
0.136957603975
0.226880863112
0.0872972652676
0.127180522061
0.182720644949
0.0369854754274
0.0344807563137
0.111521976356
0.0511973805344
0.0580205181742
0.144299286821
0.0358267135378
0.312871424829
0.163193780889
0.100386605039
0.122244172602
0.347147239377
0.294821753992
0.0870869235131
0.116799634072
0.237559232163
0.383160909808
0.0503392092065
0.183808712946
0.0
0.225213605297
0.165166140106
0.366562870666
0.0748115530471
0.379886729481
0.15271813626
0.0891533645587
0.445609509049
0.277920477091
0.172046808045
0.15679038189
0.0371077489564
0.0743718555361
0.0422810452419
0.140068575608
0.0930875217996
0.0928394076381
0.142365665671
0.0586111112389
0.252284126585
0.11663072141
0.0322890576757
0.453348297325
0.157510892459
0.0690269727342
0.199001756862
0.0426226144502
0.0536430799256
0.229930824279
0.0551814008703
0.19237794624
0.244981312109
0.073604720216
0.0742062916767
0.220774644307
0.0343500295682
0.129365854921
0.0506262841091
0.0258038771285
0.359466494874
0.185919679502
0.0379515006332
0.267700037827
0.317406945562
0.0268278635892
0.115906663763
0.144529155488
0.116024574775
0.088942415985
0.0438135432365
0.0527870243052
0.0918142976993
0.030695253885
0.237787338016
0.0322718303755
0.259875678702
0.0256502990672
0.129663561859
0.169368097212
0.0259076327288
0.055623600549
0.0408886545653
0.0329221783377
0.0302696581811
0.109287761601
0.0829604888529
0.0368626412201
0.0834894776517
0.109309075612
0.0590511084597
0.445623825363
0.048067029034
0.0
0.174481466785
0.202866159359
0.0498746562678
0.0344151930521
0.0286820476512
0.0307282156217
0.0325010179268
0.0605840802232
0.0375215571693
0.248287134735
0.0
0.0803947542732
0.0771763066991
0.0398203770297
0.0533010485659
0.117028224282
0.13625517233
0.0320643374731
0.261832394446
0.0872006384245
0.188403240252
0.539201033931
0.0412891802502
0.0917369300229
0.146331615607
0.144123040571
0.112232524077
0.10214080632
0.0917131554458
0.156042019818
0.0855209799452
0.0572577819035
0.37329032227
0.0276033128212
0.248350713015
0.0
0.0898116465151
0.18027996842
0.0
0.05209188936
0.122848691602
0.0450351873087
0.125146783063
0.478224915499
0.167286850068
0.0425703363844
0.113738872365
0.0414899857999
0.0849531321622
0.0568710783247
0.092131188561
0.0421001405144
0.0486267211637
0.464933095089
0.1542763062
0.0444827123073
0.141234825091
0.0352298750114
0.193939180203
0.201276896881
0.0438319452449
0.116312894983
0.185175710443
0.0797334901099
0.111589841093
0.0237448651766
0.085892681655
0.117364818403
0.177923825603
0.125682395602
0.0536518252027
0.396974833501
0.111030577898
0.250598284553
0.148923884156
0.220666455567
0.206141484821
0.0242915273561
0.0357504829254
0.0180928015248
0.0145877258455
0.0114395934745
0.10341884473
0.00392654857281
0.13789165495
0.0312138504517
0.231720787863
0.110696156896
0.118790358978
0.0
0.0375135177713
0.233847659824
0.35073517206
0.191887578078
0.104294129498
0.165778055269
0.158190136628
0.295847015003
0.0685664965517
0.306516614734
0.0632215895485
0.267839451348
0.039478810048
0.07985119771
0.168263035173
0.152636077475
0.0335803103695
0.0790931285237
0.0709698314586
0.126198874618
0.223731077047
0.0938040594523
0.105951600377
0.06634560642
0.0717551535082
0.161782607937
0.204551175564
0.134722524936
0.0566055928168
0.0726692897205
0.0312715274413
0.0909329044709
0.0633229054947
0.0597836008082
0.211962846196
0.0501448811525
0.244100307579
0.107421055933
0.345305847004
0.0534503696989
0.0394307158634
0.101955032603
0.190862771264
0.0443270023761
0.0
0.293941513407
0.041503629246
0.160497633634
0.231891895446
0.184732377745
0.193523763264
0.377100542775
0.168443058332
0.207217687849
0.062958991551
0.102509337659
0.0637108644691
0.297708568057
0.122232662325
0.327243206367
0.155402486757
0.117194421079
0.189757075944
0.123317524475
0.0703117552825
0.077005106334
0.0348302242175
0.409048127076
0.206823569768
0.202297875148
0.0929136828159
0.300492584094
0.359914756336
0.172778779529
0.279948924019
0.09375
0.107846622155
0.106515305367
0.116709878246
0.150993025841
0.0
0.238854740748
0.0398075171353
0.0389496326471
0.0328869644095
0.506457108431
0.125
0.0692492774556
0.0840824443175
0.0351145131484
0.371414037327
0.0524988771412
0.0944758279504
0.0885621887067
0.163445522049
0.362813422629
0.0367744760106
0.182143305127
0.149458055645
0.0133113146718
0.0603244356679
0.133459943752
0.0604262736291
0.160018066443
0.366486337173
0.0394514869657
0.136199406619
0.262493535478
0.119793956213
0.0434825596188
0.113785037165
0.460599520866
0.358965976098
0.294823335923
0.0899334878815
0.337850548036
0.19562195787
0.165359449097
0.259290957499
0.09006942942
0.0152118252649
0.0977359161404
0.047507182465
0.147315466163
0.14952672343
0.360607488187
0.12761347866
0.167212123611
0.20604960267
0.0960259977724
0.0987740435867
0.114359266975
0.0917437497398
0.0343782604628
0.0081273468472
0.379696712484
0.324972514641
0.108015915523
0.0447097547883
0.184896223453
0.290066296736
0.297850402514
0.35400339903
0.0424025244763
0.133289297285
0.170104568148
0.121647853977
0.303003433891
0.0694025811222
0.0
0.361469573189
0.0912942183697
0.0345527427235
0.0953578694387
0.0403132529117
0.124495790325
0.139582858448
0.128354262637
0.245240908832
0.25871994536
0.321292753718
0.284080131176
0.239099523357
0.0973377732869
0.132506327952
0.223307031469
0.154110311627
0.151736400371
0.413117475721
0.157525847698
0.126920456294
0.0815735083536
0.0936674847329
0.290960478698
0.0807593815585
0.0860280295527
0.352014482652
0.382506896325
0.0739086360496
0.208537373008
0.0323259444843
0.386681888425
0.478198396661
0.179108775755
0.220583797564
0.0147313912747
0.180905027885
0.0573981914434
0.271637506724
0.235379381076
0.190259190038
0.264262065873
0.54833438119
0.246803057288
0.232239355265
0.397846273811
0.124158352149
0.266424861114
0.101716021072
0.185068550074
0.0801122347407
0.444288590773
0.23889731455
0.287702400092
0.126392990328
0.0382493700209
0.345771497221
0.157529298843
0.0372088857706
0.204299850443
0.258655367816
0.0
0.246340794059
0.774100012411
0.135369548034
0.33309776448
0.291693612474
0.177840621763
0.208214050898
0.393856522709
0.211087981585
0.29238026172
0.622027149894
0.271733685885
0.42338946603
0.22159906675
0.253570771524
0.125334614974
0.23744933589
0.235728275299
0.27290679765
0.201827585813
0.230783139523
0.091213233765
0.0757066392244
0.199585994953
0.320102576498
0.127558642881
0.296610065415
0.238466308544
0.26448523229
0.245652004149
0.0396985160665
0.408232635697
0.319954376328
0.155159602891
0.385644475652
0.00559671839491
0.167634643987
0.308221821635
0.0607285867009
0.138996220123
0.173720000253
0.197891342993
0.134409388628
0.00619378705731
0.100918244277
0.188901557017
0.347151557332
0.162608507018
0.246250373553
0.140994668199
0.248821035626
0.292822952273
0.034732556624
0.307993825812
0.0926361193954
0.302860758758
0.168262611382
0.116809059115
0.0414715238772
0.318306165507
0.156064283417
0.243362252048
0.0967845734865
0.09055607118
0.218073296947
0.0390862861099
0.114829127327
0.22508433856
0.0860628762588
0.105103145525
0.215216972733
0.219581514998
0.304656045643
0.394084438069
0.139644545526
0.0497044205479
0.317935481605
0.0474897303532
0.073139761063
0.218469683981
0.332956539469
0.069037541754
0.180432924788
0.226761819394
0.210050470276
0.112973697677
0.196873526241
0.21881089441
0.285240609141
0.0752337367625
0.128718973791
0.0520833333333
0.2206327737
0.252039211473
0.0600520860396
0.487743243948
0.29842401161
0.395430558223
0.263914067469
0.209289076021
0.116987429227
0.130193312588
0.160545896343
0.142023081986
0.112067117729
0.171416138984
0.191230408949
0.149529734988
0.16453590766
0.0899319076409
0.303824549122
0.268258103417
0.0863733204941
0.20517956028
0.25786063314
0.100633157245
0.376934304361
0.0792837956076
0.345953033082
0.0288803332226
0.09060010731
0.077546618775
0.225725016399
0.136694856457
0.0984585782129
0.31329675915
0.31667984598
0.261552439821
0.137189030675
0.452789742861
0.0562684573634
0.0893069574199
0.129435415387
0.345477354116
0.120028012977
0.0904121124231
0.131074321784
0.136105191662
0.160783064622
0.0745586679883
0.179307038459
0.169007176313
0.304923312741
0.0353026759911
0.142307554069
0.389235328711
0.0922932849064
0.0365171696136
0.0647719898494
0.168849609548
0.164527720028
0.331471737541
0.0357181026112
0.130963648236
0.173164546261
0.295070314956
0.135704930121
0.0
0.09215766697
0.252800461301
0.371567582108
0.131945416184
0.387938218575
0.155860482904
0.312781771109
0.397801477647
0.273528788538
0.143397484426
0.0688027989153
0.278145694511
0.15587933667
0.13756319337
0.300195229174
0.335584312291
0.119106979402
0.410620266841
0.0552750292212
0.178764558535
0.128975976509
0.425574603338
0.0116041670247
0.0665582129567
0.0734409166258
0.13046628477
0.190493170571
0.0865965413326
0.0446330817732
0.447702658162
0.197843432723
0.0779636647215
0.158377443968
0.279991386354
0.155015239277
0.246930010431
0.113711890539
0.104928343938
0.115481810211
0.212655118823
0.317446186118
0.124879486216
0.206935687877
0.150033843802
0.083951210365
0.368916829853
0.206111785748
0.0640820856189
0.0806277725444
0.0829598274027
0.242459498169
0.094517726103
0.212852271031
0.228426547497
0.110685242078
0.0845403608198
0.0272434043588
0.183027569417
0.0498580676995
0.419575865525
0.109265133212
0.0843443161827
0.33183363199
0.27871168957
0.171991526648
0.040877535976
0.130228731858
0.0848481142915
0.0535401318562
0.124897018864
0.307893897041
0.0563556901079
0.179904126627
0.318928077605
0.0469067150293
0.160145490772
0.3247164649
0.0482428066258
0.404164319652
0.372498288392
0.148973923542
0.256497349085
0.045376353165
0.0413085263322
0.152725014689
0.149936040167
0.0831045173906
0.0537522459448
0.0913230678495
0.0447907757465
0.0
0.0875545632049
0.0950388377831
0.17510537524
0.178893076863
0.132449428158
0.0826314448147
0.0391059697902
0.184478013276
0.114355872842
0.0954839062952
0.349964871224
0.120681196189
0.101290850372
0.0386403337129
0.201377444164
0.213150987475
0.221113450809
0.370095245527
0.0351340956709
0.1164977959
0.0066556573359
0.0444827123073
0.218562894872
0.0418503566641
0.103975627462
0.233038585144
0.0239956274386
0.0706830876094
0.0323816345185
0.0158741505156
0.226001917034
0.0442784219947
0.404469707879
0.118924085315
0.023256482043
0.583272008125
0.0399339440154
0.216009232256
0.23965315109
0.0823658618522
0.233582250231
0.0
0.0924369556364
0.106844311018
0.034010049671
0.0700704579922
0.112461888216
0.0555342294909
0.195454971445
0.252197645277
0.063494075532
0.125094645672
0.207119559009
0.36284901918
0.094743014989
0.142298825289
0.135574495998
0.284996598629
0.490820652331
0.0901260024687
0.0379759553609
0.132322571134
0.254066243935
0.0503284599177
0.285741218257
0.294047238288
0.0360070126899
0.139307852949
0.0492112629034
0.0396823299394
0.151532367483
0.131190941689
0.140131412986
0.171620689157
0.11065797976
0.161472656213
0.120066505775
0.123157489796
0.116638633555
0.293629905133
0.171767752357
0.132423913984
0.0868335576724
0.04460438579
0.106498847349
0.0480296255879
0.12331100918
0.1482563274
0.104993058137
0.10037214127
0.103786223
0.0839858522967
0.134323067628
0.0395747752944
0.109434405433
0.189115985492
0.159171851916
0.248287733865
0.160069587831
0.0486301160729
0.0437945230303
0.0501228335397
0.33388143722
0.208271771117
0.0894020846492
0.031236042931
0.132075276638
0.113342470913
0.0504260043256
0.422714518102
0.0879212548354
0.0372217755883
0.276858974214
0.366995494035
0.0453649956501
0.0433178239208
0.0534208491566
0.168913162237
0.184422087149
0.0864675481245
0.147706833114
0.325503697218
0.050080757868
0.219293020559
0.258058474985
0.231567853323
0.146703817234
0.193564873079
0.12789674864
0.291775914779
0.111006323873
0.148266985354
0.0979170782507
0.159902757613
0.385873477282
0.241509697208
0.0265457954952
0.0892182958867
0.389990526663
0.0347658214483
0.326706802755
0.043383260236
0.110998866475
0.0991075733991
0.207682819794
0.388428768978
0.491528913338
0.0695461635215
0.16863321298
0.0920539752477
0.168327158531
0.110884774479
0.10521191745
0.155257427142
0.120932875764
0.128405910492
0.0742484091672
0.0933271588369
0.0767521643879
0.0392135434226
0.200182876985
0.155370313101
0.257890611318
0.184640745053
0.369495666665
0.303292340176
0.377595167124
0.364370008247
0.239754711595
0.273718288708
0.135426801017
0.113521438908
0.0277740272524
0.411662199975
0.324974251985
0.151722889991
0.0923570658574
0.0434105697448
0.0770347879852
0.166273684305
0.146289358135
0.364807005459
0.269208298105
0.0944900979831
0.0724025978438
0.0894574190994
0.0729282613541
0.234445139039
0.0414682253266
0.0390163005425
0.159671768429
0.220484313352
0.161819122698
0.446003504411
0.258299724375
0.0790283472758
0.0528309696163
0.210980022379
0.160564097815
0.128288004049
0.099087585391
0.312827309454
0.234445139039
0.181333744268
0.0865172484675
0.208644437329
0.505240516864
0.0444802073413
0.0434230032674
0.111492362555
0.382746428898
0.145005170035
0.116690208409
0.191073076284
0.235247571674
0.0500380715133
0.154715684646
0.0449387228194
0.0515577748248
0.155156501213
0.0983326118785
0.101533196176
0.0057033151407
0.153355379231
0.239567863169
0.249429913995
0.0985389989927
0.170447250732
0.0951077535186
0.0174352410121
0.0212620693382
0.101608855999
0.0428553101734
0.0916143943089
0.132119889896
0.0914838669957
0.316264312511
0.14071347183
0.0376756645699
0.176409355079
0.109730072302
0.0732506152475
0.167920076685
0.0104166666667
0.200995942865
0.0852427607949
0.276282538519
0.0522709036478
0.285334899429
0.0
0.159803421483
0.167255983024
0.038189352568
0.420310456641
0.0589132722649
0.184099808601
0.34071042365
0.15823539213
0.0506746538142
0.0409582085107
0.158217236071
0.0874597539487
0.151093879447
0.291583404299
0.495055595736
0.100416289811
0.137676864312
0.340698004514
0.167346859529
0.0729132591163
0.304420175564
0.172292448132
0.592224921795
0.111078418759
0.108925453096
0.123085834656
0.193954705528
0.0342198908442
0.367888871086
0.193104976364
0.0886900990933
0.102943331361
0.260548551416
0.236080696596
0.0544960633223
0.126577120949
0.333075079622
0.189570541703
0.120540511323
0.106403882637
0.297099146741
0.0436577652934
0.497399833459
0.106857930317
0.0369110993662
0.0744864756193
0.108634812316
0.0880502945242
0.0305199369387
0.140801906156
0.102763973521
0.0750203593312
0.0376977369502
0.0435072122417
0.242940843533
0.199578426841
0.112409127754
0.0722402432176
0.129449115681
0.177080662664
0.104058515187
0.31785539311
0.26134705042
0.0654740957439
0.0475993339243
0.0952545887403
0.0543309974951
0.191627545972
0.367102755787
0.180137155396
0.180569993531
0.221243101994
0.0675375671079
0.130248469564
0.107054343811
0.116541218007
0.285881780669
0.0876287444513
0.111631560413
0.326967347589
0.0538109390977
0.2973572055
0.607742348642
0.267274399743
0.0856369235333
0.100452133453
0.2188215082
0.516966429515
0.192835739219
0.18589605122
0.245580469798
0.143159943311
0.271001368616
0.291453397899
0.0718048967041
0.0988225862031
0.0
0.0933460588915
0.234092853922
0.0991529140086
0.11392200494
0.0792352391063
0.192608240928
0.117533277673
0.350612257445
0.0785733523337
0.34811625802
0.182005241161
0.221716862283
0.10739373828
0.19525499172
0.1350356146
0.296453250827
0.358435004383
0.405593891736
0.0832729788211
0.208549342211
0.207434848758
0.0
0.202992747661
0.239279838545
0.20463918328
0.0134380802803
0.113637910967
0.245647525202
0.290314448959
0.153500615173
0.0831377408656
0.0899270199808
0.21976868514
0.4056424535
0.0949162861885
0.0393770285573
0.0375770756421
0.0
0.0545806111328
0.0634840380404
0.422798534442
0.112966246782
0.380858424125
0.0704245661312
0.0437915213693
0.120752707812
0.2608731851
0.0334261216382
0.210124407126
0.110176026324
0.300855733452
0.0964871356029
0.103369761762
0.0305530560003
0.0729994106617
0.0810046890191
0.132416974375
0.063838084797
0.253267559965
0.404481403441
0.275947640323
0.1573043821
0.222600319248
0.0679816108622
0.187004224643
0.106585485934
0.102494322114
0.105465156287
0.0866090262069
0.0901837130855
0.105465156287
0.0866090262069
0.0
0.0720252115394
0.106379587418
0.152270783941
0.141235852459
0.132423913984
0.10509093586
0.229545917653
0.050105572109
0.143579762362
0.168059221809
0.192373368097
0.143085892051
0.0610346615416
0.228858915482
0.228133581838
0.0917766640011
0.0252675529572
0.343002259202
0.112284823626
0.14524216275
0.170333260531
0.100535709936
0.286941259021
0.3631370466
0.0405547190306
0.0714884696786
0.333889930752
0.0412931719914
0.214196076246
0.0821451893891
0.221588536105
0.377828033539
0.0395722426085
0.388194253934
0.0935927469848
0.053773844659
0.128565560763
0.0649290750627
0.145028312717
0.111773984284
0.0383914697439
0.118833682105
0.096405613212
0.24426840153
0.368823829484
0.0758757063135
0.0940590667358
0.115864613863
0.162380083537
0.111618903633
0.0
0.0892099588307
0.102946487387
0.203964370552
0.182767000433
0.138591818995
0.0548297385836
0.192431842953
0.031856483375
0.0995061086504
0.049280918038
0.334942869337
0.13506720489
0.0813425752828
0.102843574803
0.131649431284
0.128506608143
0.0484433846365
0.0386282395663
0.0720517939743
0.0938593604396
0.146175317413
0.0864909508185
0.0892979680566
0.0405160523555
0.0304790188143
0.0876757052369
0.161660109667
0.144290823867
0.214446151007
0.218004615573
0.194883570745
0.22186286623
0.0983713284457
0.0585136106564
0.141691734079
0.0650726428298
0.0395747752944
0.0493797633738
0.332560389204
0.0810744743867
0.2448662702
0.101276332576
0.0894579804481
0.0631320260024
0.134937619295
0.103014000597
0.196084175975
0.0332543130681
0.108514247641
0.161498906086
0.053487205232
0.0608989285023
0.136005708043
0.154025020652
0.0299722573121
0.231801748131
0.317359330883
0.386865289506
0.311489437311
0.129654112599
0.0430933730155
0.173456316543
0.0323888361114
0.154375020082
0.290360865788
0.0865860810686
0.164166858406
0.0398575471677
0.381656119584
0.126871238946
0.0393217422698
0.0399498345974
0.0113426262429
0.125381276784
0.386585957792
0.0996198359759
0.150894675899
0.0478769647861
0.136364219124
0.346465369821
0.342747123865
0.0858153598005
0.0
0.117415205785
0.145639221043
0.0681321366885
0.106795105434
0.2104833155
0.228215315866
0.0833861073067
0.0658496779189
0.145563449736
0.152704388077
0.172172394409
0.0510268138097
0.286526850661
0.179814302233
0.246975217964
0.0329891464619
0.315212523088
0.160157711827
0.217195022702
0.172508019599
0.248386617677
0.632605784904
0.388618427282
0.240423045396
0.0729794684319
0.143632411604
0.0320570743556
0.19848990135
0.14357091192
0.0470683700523
0.077341427257
0.0321057816477
0.0929472666384
0.15807212108
0.214746863553
0.461008480192
0.231271406114
0.119052748179
0.201605218567
0.00791495505887
0.266440067793
0.236806749482
0.62018147095
0.193491929724
0.0650162081741
0.0
0.131607386583
0.04654710639
0.0824747546285
0.0764438026296
0.295888394579
0.239296806063
0.0894886706282
0.398027573614
0.125880777597
0.237273830177
0.0616325126983
0.262715038975
0.264826538215
0.0604703874144
0.273689159512
0.0567025516552
0.122704180908
0.195613383736
0.0506195531666
0.0342981868722
0.085239534703
0.219127770573
0.173247042272
0.117127521621
0.0372097888184
0.125623358707
0.161214790734
0.319113528914
0.0635064419688
0.250541395689
0.149750941958
0.228190146717
0.220572389579
0.283631545263
0.158426512501
0.0832424468681
0.25219305553
0.0255878019899
0.345509844834
0.174686689248
0.222118742507
0.0881622982617
0.396986233202
0.191423805407
0.207773854776
0.27148832839
0.115929903313
0.162295723077
0.304916709527
0.127161858381
0.13747111677
0.118920755804
0.195165844608
0.164553439556
0.112826705186
0.440338867624
0.140836337888
0.0799744601896
0.139140834404
0.243263817876
0.162939067229
0.237729217783
0.209350620414
0.223505974918
0.159767822625
0.171752897583
0.277489128642
0.228849180805
0.0593179968828
0.113286799339
0.101666095574
0.188630378198
0.104797103149
0.0957269358574
0.0643401353564
0.052159789324
0.201938758788
0.249855447638
0.147547035772
0.0530313098453
0.0724976449473
0.103720977256
0.25289970099
0.0877545185829
0.0792403750745
0.192467825985
0.0935408824364
0.332336166592
0.0293964579392
0.0783140993385
0.121021001077
0.649831358074
0.252421719874
0.0655824754764
0.17214636809
0.271147433962
0.147914084191
0.238510675134
0.242794511495
0.401382843679
0.159426559017
0.236800902031
0.325611531201
0.198538816981
0.132946382142
0.260145451926
0.244571568017
0.0158299101177
0.0501516912977
0.333830914895
0.0972390301111
0.195002542391
0.0279591531825
0.210526959238
0.247300403171
0.0348302242175
0.192774600791
0.283376292414
0.204997674107
0.19266351028
0.120578631036
0.080160141917
0.225935875785
0.356590300872
0.412286561399
0.0160416270776
0.391514764318
0.352452711142
0.0506409312334
0.218742778991
0.139685622352
0.136438374507
0.0863689516213
0.0
0.09619122211
0.112505613123
0.201391042999
0.044956105111
0.108335419592
0.20542133385
0.0520833333333
0.549681928916
0.533988749531
0.405978598707
0.581944659932
0.17291866043
0.332152329958
0.267548403919
0.198042285673
0.0949584892527
0.128587559439
0.213107581927
0.0788940509128
0.196232163735
0.213557478967
0.0990194113766
0.140829664515
0.417054383667
0.310779063904
0.293327893312
0.116815489153
0.296877634866
0.401287171507
0.0984439936574
0.188779340975
0.180836999759
0.0791136888115
0.143517418347
0.223015107913
0.138087115239
0.214537606864
0.15370171119
0.19285630523
0.241682882962
0.141374225523
0.169157474538
0.165207796935
0.13926831853
0.235011875141
0.115593587643
0.10953432193
0.0260343814554
0.219083632081
0.0693434038458
0.0621382275239
0.148014682732
0.377471224789
0.0816591054056
0.320762773316
0.0413098471609
0.179958343563
0.107523203627
0.0289106704159
0.0888566109832
0.258235122549
0.194677116395
0.466549532947
0.0984668309517
0.362394608381
0.182139183444
0.287137271819
0.0902658603173
0.487903183078
0.303400190636
0.141145544874
0.476678161331
0.0851004624615
0.050531769124
0.247167015832
0.276850338667
0.195455910194
0.257650689978
0.0561057819318
0.115208675775
0.0668911082997
0.108043072803
0.0980415861052
0.113336470911
0.165498512673
0.411782564201
0.245717178289
0.32375302415
0.328901689844
0.104889479883
0.306516396738
0.460638847155
0.0683256872842
0.356268680246
0.0445945517722
0.0331573860475
0.0985042237631
0.309502231732
0.14205069187
0.377101389767
0.120963740501
0.0422024225414
0.146314359953
0.18990319425
0.234480548576
0.155003847858
0.0496947481928
0.0980734473591
0.059992532355
0.140125412368
0.157983422391
0.0625
0.165009337659
0.0507585766228
0.469111399701
0.323974878048
0.219971352094
0.0945286637721
0.0280509733874
0.56273516411
0.262087533133
0.118959698035
0.105493888667
0.0872399623914
0.105362867909
0.41157212322
0.372454016731
0.256863856293
0.286273928953
0.338776994936
0.630897901986
0.336305884012
0.130061392625
0.253818462533
0.082199471375
0.274055623431
0.0289839021122
0.229651913436
0.463729605024
0.0411333779924
0.398309187799
0.494735101004
0.28711350538
0.251796693691
0.252985631807
0.49201473203
0.248855604041
0.448685428097
0.50634361198
0.101969888555
0.292838533319
0.0534617361375
0.167364086052
0.176720150315
0.274703339821
0.417428279058
0.0582758323524
0.171601993892
0.306391994386
0.376727752556
0.303901099653
0.321198577762
0.0291567016388
0.242867837159
0.32079822985
0.224182095667
0.12630657509
0.12228437797
0.296396791941
0.337664639162
0.195656065726
0.101141616357
0.217732011782
0.583208184491
0.0864190591901
0.380148442464
0.280366053043
0.348940848702
0.392978465778
0.108261246161
0.0660087668789
0.160999389013
0.362867115078
0.131343170477
0.300667175343
0.145140573846
0.372475621291
0.31569356835
0.320637345004
0.378649146628
0.419468680087
0.113904652722
0.290048076432
0.158484184273
0.126280767147
0.256711925537
0.28858610282
0.222657484828
0.301765582201
0.474256325721
0.108689664462
0.250024748963
0.0451649611637
0.236934152832
0.283755208137
0.353837386017
0.0987978124287
0.192488373495
0.0537967069074
0.0791506508304
0.11782991066
0.117075823867
0.243513696527
0.144383646907
0.696977523468
0.0340278787288
0.163240372098
0.21017104762
0.291660362506
0.0437966882945
0.230229672789
0.22113734309
0.332376758663
0.0389882168616
0.456387472291
0.214004278176
0.135420109194
0.101488765237
0.0761262992313
0.133644124816
0.215764994548
0.087786266021
0.175831155174
0.278173061008
0.432775201621
0.133077168601
0.153279395802
0.0435680544805
0.179863795893
0.061116054787
0.233471497957
0.0530588917163
0.152349626892
0.167002779049
0.294515132593
0.0114728190605
0.330912961848
0.262740956915
0.196303788425
0.0066556573359
0.250105267174
0.0965738945023
0.250699262803
0.650819410694
0.205324119052
0.11178054535
0.119451881368
0.231562861652
0.0910012260219
0.13469690273
0.395634845365
0.101015831167
0.084815657669
0.0
0.0658199708194
0.0441677392428
0.182631575669
0.0129598961956
0.0843421157178
0.0485348380892
0.278805331582
0.317221632984
0.126653430873
0.312671773214
0.12670376364
0.0158299101177
0.108314575843
0.250180119566
0.11896078066
0.142146757968
0.115682641001
0.0
0.162795819337
0.595782418948
0.130911007427
0.126888243713
0.0573032663739
0.0
0.628001351156
0.130288234898
0.0938710524605
0.307512834892
0.151222182643
0.0405319086801
0.0187083218803
0.167367600395
0.11276296831
0.384847968634
0.200644076172
0.427545585467
0.283376292414
0.0405666337478
0.113001378817
0.195830461747
0.0284241586318
0.250904144791
0.275975507236
0.211874586842
0.0448997071152
0.149829290858
0.0384184756168
0.133643104402
0.111254979478
0.0405809545316
0.0774429594892
0.499430893453
0.101949562722
0.125580386348
0.0349391376813
0.0333178694699
0.0353191382976
0.0571307038635
0.254803805693
0.176712878759
0.0853836385236
0.145593680222
0.150821172742
0.0
0.0983341869539
0.0787221824143
0.12981731559
0.0775931897426
0.261558939841
0.357952172938
0.0496326820415
0.0915608345042
0.132073872591
0.138775498462
0.0761321307005
0.0441941738242
0.200956408306
0.120216331178
0.0699423355181
0.136266815539
0.0781102078724
0.0571291829034
0.186743225919
0.109654810121
0.119183630377
0.238704060222
0.268329588407
0.154431384429
0.0432436067421
0.466452013095
0.140538381606
0.227633000115
0.17379377971
0.0401430662957
0.00736569563736
0.0940017328085
0.118359055071
0.205069535968
0.345664688218
0.243707243904
0.141069472228
0.143000001458
0.150728292929
0.140489599116
0.116241523809
0.117133999805
0.340222596056
0.151384044631
0.273059752135
0.196726936244
0.278716906331
0.25569344804
0.171521926276
0.144777708073
0.0871905722409
0.232631389278
0.261715604131
0.247973916184
0.156847075809
0.0680525589015
0.0722582339452
0.0402316856304
0.132282295002
0.250197854685
0.218443382487
0.426715962656
0.116010445269
0.10969115161
0.17010785692
0.268023782544
0.088617753184
0.324487240158
0.055115052746
0.234560317046
0.111385062923
0.212058611696
0.340565920631
0.114522702694
0.0894120339821
0.110517076841
0.0669837784084
0.378955166288
0.143860933121
0.307065823647
0.181336156074
0.0710842314494
0.0175186753178
0.0374356848689
0.0645169111635
0.319438447156
0.0376541086015
0.108413334896
0.17975320774
0.154191746277
0.0123589724766
0.152328979612
0.182735163345
0.308885472206
0.0497549262238
0.104556717962
0.39330370829
0.183395783641
0.0487686753178
0.158859246717
0.141990992065
0.038029259625
0.156537590613
0.285535351753
0.195066747745
0.165769193746
0.0732664601679
0.0462794144246
0.207163391902
0.0350373506356
0.303562407365
0.142462163921
0.165536791358
0.041796269061
0.38183119329
0.47001638305
0.0830479358362
0.278013231444
0.0504260043256
0.0305555734262
0.110298263987
0.0801908701904
0.0326893667226
0.271640114473
0.143594844071
0.347215981536
0.124984570005
0.0594495650906
0.0370135350399
0.0848261109883
0.195841001647
0.346958115411
0.189800831499
0.110953172799
0.0224958875716
0.0581742787311
0.11480255752
0.262494102381
0.0627000935219
0.0414590970497
0.241176708941
0.330095445216
0.0800701640206
0.0572619064913
0.167276886827
0.054325742252
0.0971639618543
0.0655837083162
0.188162945236
0.0378718532552
0.0172092285907
0.0372114031098
0.198756295371
0.104100798737
0.167813153497
0.15625
0.0867507475326
0.198411618157
0.078155614712
0.288310241187
0.125917801412
0.136020218823
0.0481427180483
0.0889619693998
0.0628309352618
0.118861416883
0.0324892276228
0.0605627970814
0.0285498012339
0.11209692406
0.144855286494
0.0
0.115936140862
0.0
0.11949950016
0.0376239294769
0.0994327577026
0.107508487062
0.0470723703899
0.11996013022
0.213491730249
0.0775093592881
0.0859571649948
0.0784990848065
0.0646485539709
0.270430886895
0.104788607103
0.0640646941382
0.388964660857
0.243743776185
0.217292023865
0.282155546753
0.154600688232
0.168851981545
0.159767167064
0.137707731993
0.250566766195
0.243090601089
0.149366321568
0.0914044024079
0.231312429604
0.143433742891
0.176937115025
0.127586801854
0.201257082314
0.412358963624
0.0274531643672
0.146220247798
0.0970704681754
0.0494674531906
0.0401456380876
0.411654709591
0.136580900392
0.446345496412
0.0630644521312
0.0658452444596
0.264130605957
0.120634151363
0.0422463942742
0.246653896487
0.18725192637
0.0562540306552
0.298342224537
0.131225972536
0.157021995917
0.105458782239
0.0801900305648
0.258788443578
0.176194220524
0.0447819335567
0.288233426063
0.1593207792
0.329144023462
0.062783187107
0.153384499352
0.169020881022
0.0884110646775
0.103809648012
0.179529704808
0.108317613049
0.0270810535691
0.102631301915
0.168439813969
0.0389857738061
0.199308971635
0.167319914271
0.268883136399
0.09043646468
0.244380708073
0.165596390097
0.0249293743311
0.0
0.184359648185
0.148015548294
0.0
0.245764666519
0.145835903358
0.393966856996
0.0340662847624
0.0545958722002
0.120554350334
0.300662179124
0.316934836803
0.0642371095694
0.104695291501
0.100494133003
0.0930246544837
0.230208648968
0.221906080308
0.242401315256
0.464942272851
0.299993897805
0.15965872878
0.0548587865577
0.177447836077
0.0649927880123
0.256640436298
0.180346714405
0.146467368721
0.782911630418
0.176805220399
0.0676311910813
0.15267158398
0.0853491413986
0.190006045317
0.12554190666
0.130266700452
0.212918761338
0.151454585932
0.0821819252416
0.0662325977966
0.194697486014
0.0462301512352
0.0765107067338
0.116507944423
0.0662383915735
0.0948915255036
0.0565655214278
0.020318367118
0.0530882335142
0.136249108788
0.0365660740151
0.061200781751
0.166827141744
0.210813402088
0.0904016142898
0.143429657476
0.208872203067
0.201793130143
0.0679788441753
0.109320940332
0.0171099454221
0.0770771199983
0.091121722845
0.13157102958
0.0761729276346
0.00563389230197
0.102091771745
0.0732797956373
0.139541047221
0.105582672664
0.197152850729
0.0206535531558
0.0
0.0737057791078
0.144027415467
0.067170320218
0.098516836056
0.10900238094
0.0569022512242
0.106858360962
0.0596392734866
0.0765903901344
0.0118815630821
0.135799505502
0.146461814815
0.0193342814579
0.177897908013
0.279055149386
0.0318768410934
0.195417538653
0.117344330702
0.166143647403
0.337994087482
0.158102289633
0.165589654237
0.221543771914
0.671495844221
0.0385375097556
0.0987249115913
0.196318195311
0.256061155397
0.171600799888
0.301068060552
0.321096009795
0.0524611906308
0.187596884852
0.0
0.35551995992
0.321588215015
0.0496801228669
0.184697032056
0.146101412418
0.155548873666
0.107629425109
0.127352204801
0.370600206216
0.253082237766
0.30460290022
0.163444182864
0.179216371553
0.0760909089592
0.0756415560747
0.10819923365
0.0990454248568
0.17593940023
0.136398107815
0.0982777310544
0.223345495656
0.114088087434
0.119097572896
0.277398965148
0.0269330168512
0.109395511491
0.1879146703
0.0390455553786
0.0728424647965
0.386653985664
0.0
0.149648545224
0.0481257645491
0.132423913984
0.234369732763
0.275388731321
0.0
0.243483463567
0.0736227609446
0.304862935179
0.0913986550179
0.0968543692965
0.0946316402122
0.0871469349937
0.281028455235
0.151379072261
0.285009923075
0.296327463087
0.167657672448
0.0344152187673
0.0323720326636
0.375261317562
0.0439370204563
0.0531807148175
0.210696191776
0.0589360949201
0.122616454193
0.184157608105
0.274222716525
0.0936721729435
0.0299457026047
0.0402525453821
0.127960350228
0.360988526474
0.0772595719916
0.170257192216
0.142781209035
0.154858251958
0.133671934395
0.0387580713001
0.154180184612
0.0873991376797
0.101541363063
0.385148320995
0.31754809451
0.113517732817
0.073700786372
0.292249739639
0.434373661831
0.17101607054
0.100448627067
0.205047811961
0.102447274056
0.0718182537308
0.434205984671
0.123032025232
0.434373661831
0.266400868277
0.27090804595
0.0999635015555
0.539874113374
0.104505643925
0.0781525733381
0.108940895546
0.181523888922
0.0767585114754
0.239412926014
0.255841733687
0.367953488392
0.167168608321
0.327226336403
0.344859112251
0.111275489791
0.0158299101177
0.118112619041
0.145803662452
0.144225475541
0.225656709809
0.0459312113809
0.0559838071997
0.179904988851
0.208809588941
0.0617425473519
0.0682218801848
0.23126625442
0.0590319328615
0.128940018202
0.0485000708051
