0.0402814286046
0.112288646526
0.309513171344
0.286337504765
0.107610977657
0.0511977875692
0.060412233247
0.0939648245054
0.0410315616427
0.214828671067
0.401629876664
0.0419033850045
0.0346719068334
0.0105350530081
0.152256333082
0.249318756386
0.129693878933
0.0589239042441
0.0889799540829
0.280475264212
0.164647731619
0.0382292400303
0.17364894658
0.120294338805
0.0
0.0970717817877
0.166551883223
0.0266952718185
0.103333927741
0.256357155587
0.0343787760156
0.116112246444
0.257239941815
0.0151173963807
0.0812522923788
0.156225890153
0.119048869083
0.142476608861
0.125434080477
0.122104991005
0.9375
0.0420448207627
0.177569768701
0.140087257384
0.204682784089
0.105843256552
0.0373715044143
0.257251238902
0.0940184143335
0.152049623277
0.134030229272
0.0460827913884
0.142579606157
0.123882175008
0.0390679986214
0.150741099592
0.227414587924
0.36759598867
0.147033275771
0.0190199351188
0.0648159623953
0.123184955675
0.0271937342333
0.121621975239
0.0841333367462
0.404632364421
0.0997115863241
0.096258786179
0.0645149415687
0.123669677388
0.0318713187548
0.077452050208
0.340411065574
0.163418823386
0.0728737680668
0.149592465324
0.0357312695442
0.212607537548
0.412861992608
0.0334013091687
0.152288016188
0.180069446792
0.117712862767
0.097206065606
0.276765425958
0.189391857387
0.162585756683
0.117250101128
0.275878269563
0.0610639834411
0.102195475143
0.0367687832356
0.141626085497
0.0954615534501
0.0698954747111
0.184430726116
0.362557157029
0.100509695313
0.0176776695297
0.249293162139
0.179330872907
0.0338153677481
0.0408200215262
0.0938945965101
0.0517201018346
0.109868643701
0.17107387255
0.144611226299
0.0827052711494
0.117795387761
0.290356769702
0.139108341996
0.0339079509703
0.205358915345
0.0425624963103
0.158972693333
0.119821753389
0.0516330066556
0.0
0.163560621236
0.268789457086
0.124537826016
0.210474201575
0.120603820679
0.237646080518
0.135341488206
0.0779133829484
0.0387314882278
0.0440462442305
0.0735515620741
0.0519736888114
0.0645336260783
0.19879075567
0.182559035359
0.0973151016227
0.153777329018
0.0671038208536
0.400156607797
0.00688369143629
0.147953843179
0.297429778914
0.414002651428
0.155408257195
0.169503918981
0.074710899656
0.0934983006596
0.0492642326936
0.0517421078093
0.114184622842
0.127469072779
0.0264847827968
0.150616578633
0.0920760499406
0.357082301892
0.0390718329591
0.121387167375
0.221521615634
0.0418911764034
0.0646221609704
0.0751103770181
0.051269678346
0.0714231496951
0.110782224719
0.123272173378
0.0645254381353
0.0712406170092
0.0453367480721
0.0501438321813
0.148660085785
0.053991908848
0.0594150127706
0.233650698669
0.029728644477
0.0
0.0288323699133
0.0799378997049
0.229527560531
0.036133032386
0.254616015262
0.0125
0.123947752409
0.0349438569277
0.126773115831
0.122713444962
0.140049479573
0.0424975164466
0.118403147722
0.0813124551353
0.133179016158
0.074227189542
0.35208471382
0.134703121923
0.247465540071
0.173281829149
0.0685030061783
0.110106349374
0.149260432985
0.185983426206
0.0903046748299
0.111643950992
0.147806410569
0.0267828166143
0.120986948463
0.0797906612316
0.0627767190915
0.0443911956769
0.0731760331033
0.0795448207627
0.0919685859878
0.0922050045819
0.22849905198
0.171065382669
0.415897702736
0.0653216343664
0.0259101624672
0.0395386694837
0.0833731711626
0.200087429264
0.162676156338
0.0312888210212
0.0346840903296
0.140162673236
0.0764016953978
0.0717614520472
0.049655369391
0.0509765154025
0.176525873159
0.113672450732
0.147415828818
0.154939744168
0.0705836070627
0.042008404904
0.243456526823
0.135309214199
0.0694395878831
0.0633207307115
0.113765379628
0.25911318442
0.0453784366628
0.055461400754
0.139700766778
0.414196227312
0.134236401832
0.200081423593
0.056034060137
0.0627838062803
0.140503299874
0.335935601235
0.135443912534
0.0470656962281
0.127051985763
0.219123737288
0.216786582174
0.0787067074891
0.401701370241
0.0530038811133
0.338377267125
0.129587283236
0.0221266366848
0.100788902558
0.0374498765591
0.0922841001361
0.0341475468959
0.115559984907
0.069261588341
0.0613270617322
0.0737311603158
0.0589870535762
0.0966219342779
0.148237006743
0.239970728315
0.0870868332477
0.231435574043
0.0774332657775
0.0850561306269
0.0323729563942
0.22423270264
0.168490052664
0.283977054332
0.260540608742
0.211494245426
0.102587985412
0.0606808283938
0.268481706575
0.363382617306
0.0358196246245
0.0447683927413
0.0711865394855
0.0509274364001
0.0776424364742
0.104919871683
0.0225662662616
0.095242164537
0.369301917693
0.0465293080325
0.112236011015
0.0886090602277
0.389180059513
0.0240036643228
0.0513929062512
0.067938181668
0.156125157134
0.147371285879
0.14320122903
0.375182388065
0.109963303293
0.031571424826
0.0868103735704
0.122594379647
0.0806659393336
0.118140370719
0.0105112051907
0.215125988875
0.0977846951805
0.120860686526
0.13902750049
0.310620116916
0.120127359067
0.0429451778759
0.311934333983
0.0546936194267
0.0974482760732
0.0978088421226
0.106533615572
0.242115626323
0.0861457777325
0.130747058177
0.106891987631
0.207606069547
0.129344301067
0.204928146012
0.132423913984
0.260502841318
0.149736932347
0.15355352117
0.258927944785
0.0892939480704
0.164666465031
0.154794545491
0.162478707329
0.174114285552
0.031533615572
0.0822632902516
0.14884711712
0.191741648707
0.193266298993
0.0960224103813
0.104131097226
0.142842153968
0.351175828312
0.0958757601696
0.149956743145
0.0475304646776
0.129754287455
0.051446902718
0.358760779883
0.0311227595457
0.202977089489
0.201068709576
0.0981125257256
0.0753764301067
0.191155270551
0.211966412911
0.053877514119
0.442315340323
0.110696968499
0.242815240572
0.233959434131
0.346855139569
0.272882918512
0.14215953709
0.292229887768
0.208309483923
0.104679427318
0.170293222829
0.0577232649066
0.104911242501
0.289023918565
0.0941428064774
0.304400142642
0.122482451754
0.0657078163791
0.188585043083
0.121923458541
0.04061087682
0.52764638085
0.142862168004
0.0513207609853
0.481389793072
0.112067240308
0.0742515259067
0.0405893532647
0.118274105787
0.186574135106
0.0459978666002
0.0
0.0409530296042
0.0948843840184
0.0429812838131
0.044246342065
0.124453181655
0.0557380081288
0.110655730881
0.0883399748617
0.107687567148
0.0387015603348
0.0375
0.137611120132
0.191774402948
0.0159735776062
0.0265379093504
0.107658687414
0.159446838421
0.0825494821909
0.265104253147
0.0105112051907
0.0700797804435
0.17822213252
0.0
0.10880742125
0.0
0.0522519330837
0.11118239122
0.07266043937
0.100066703332
0.309327115701
0.0854815737871
0.0419744933414
0.217139887846
0.236060420147
0.0
0.0663055565947
0.010389291403
0.0350607645872
0.0954587125569
0.0853929538448
0.0809358589924
0.0
0.0231365023502
0.279483150965
0.0871354625007
0.0665331614052
0.0894978247375
0.128221803627
0.133257943011
0.220268012061
0.158104632699
0.0396142915093
0.107150941824
0.223148117069
0.209873105376
0.037546607741
0.0681709976392
0.142664132984
0.0393591912168
0.1452851814
0.0908627273829
0.12948588476
0.303761295111
0.00680557574576
0.0
0.153976143708
0.0447494432626
0.0956395654572
0.0931546290558
0.137651494871
0.283272090818
0.0674559353019
0.102293462897
0.0750174035466
0.0853325886191
0.0471969178452
0.0
0.170440045959
0.129872958058
0.0370585726791
0.118193766157
0.0623334304733
0.153131556539
0.0375296645709
0.188438606604
0.384047444896
0.176363746696
0.174597981541
0.306627752218
0.208622245511
0.0441358750132
0.0899339295988
0.0275347657452
0.0803313549423
0.321371022423
0.0992108602477
0.096555289465
0.320808125514
0.11128545149
0.172853539814
0.0861823057991
0.2418197108
0.0727767690813
0.280257942192
0.306079957372
0.0878076718252
0.074322447099
0.22546703504
0.10583275396
0.14915785583
0.237838760182
0.118980206824
0.379073165556
0.0623768164264
0.303851453219
0.039336961951
0.0407581503535
0.326713160085
0.317649846185
0.205888510646
0.187680718202
0.180881007222
0.218853984129
0.186636733906
0.0
0.0431531263446
0.0820077907867
0.343609829059
0.260537246844
0.0315111057424
0.14667018123
0.0967408379921
0.113307140284
0.148980269352
0.0334379931948
0.207901195513
0.4375
0.0786970235688
0.294732408663
0.166492003003
0.151454585932
0.113905569809
0.362857171912
0.0986793960412
0.167018641025
0.0757584095913
0.169409699408
0.0983126836342
0.0428837181249
0.403282878886
0.150427307336
0.0849752881444
0.209647806072
0.109504459603
0.0951308996433
0.0613711988494
0.263041732682
0.0776373753577
0.0624478132281
0.142069787477
0.0382368890468
0.101878354166
0.0734336468463
0.169611779436
0.197907802267
0.170548922726
0.044586472882
0.173571762372
0.104977674663
0.162535858795
0.0825423433459
0.0
0.0439409579789
0.0190489806187
0.100650424815
0.316444492325
0.149981363819
0.0493031091033
0.219838345936
0.0615033307112
0.361311266006
0.159977590927
0.172445584517
0.0751912961243
0.0463510380948
0.0719441157811
0.044253788751
0.201874981998
0.356318989439
0.192553729171
0.125390337004
0.261947040645
0.19358267149
0.0434483769553
0.107701455914
0.204173952793
0.0908352275093
0.0665701535261
0.153901300198
0.0767899756787
0.0429736402714
0.150679191841
0.0228192528283
0.0553968585924
0.0453924705667
0.143757518785
0.159260559957
0.163140759277
0.0740201376774
0.342610077312
0.452868485459
0.0962586053386
0.150499416367
0.126656346587
0.155693051899
0.110731890527
0.150477484348
0.067165908624
0.177653870096
0.260452263248
0.109598252387
0.302718005083
0.404241263121
0.145182241119
0.0652535498352
0.163532237468
0.0661853982564
0.109777101964
0.174501652957
0.0647497046346
0.0887390398532
0.255723898483
0.069154248818
0.119866658017
0.0683610284828
0.270294968727
0.105374794087
0.491696357751
0.302325693429
0.174165038863
0.43290953246
0.107571619653
0.2349181137
0.125964161684
0.257487378899
0.0317671424803
0.146953222625
0.117772483091
0.0348639848774
0.0510889569382
0.0663053675516
0.130661614816
0.0597980145184
0.0814985216654
0.0881588433464
0.0924819462894
0.13914214521
0.0851394725725
0.0896541608391
0.210928114052
0.0286387379054
0.176693340117
0.161584263029
0.204721358908
0.0678086516239
0.0281888747203
0.104579138898
0.0436015314106
0.0906909095689
0.0377861424896
0.0516426810784
0.0776736262869
0.10279774636
0.0864025041114
0.14562866813
0.0497626206729
0.0441941738242
0.0567898836049
0.0385150618697
0.125605030287
0.0653201157216
0.0607919869193
0.0709738197582
0.169027591861
0.0850573179759
0.172972941328
0.0362376422586
0.071864190646
0.0379917842826
0.0775016633132
0.0597980145184
0.0843255357291
0.125123262765
0.0
0.0585224103813
0.138424452827
0.125654831302
0.0843632788414
0.187036296865
0.101900846303
0.143483677698
0.0650640239893
0.18610726881
0.15818662274
0.0974825790253
0.0658154676152
0.0341710864127
0.048662924852
0.0802186671789
0.150433277461
0.0495678755229
0.103262122183
0.117160681654
0.119785572665
0.0989263299867
0.0630374138847
0.0394619237628
0.0763117095928
0.372516608292
0.229042491465
0.217200649775
0.160914414851
0.0834574368598
0.202372868357
0.0756464916175
0.0210224103813
0.12456661717
0.110741887489
0.165698162411
0.150361142499
0.0677038510401
0.12896825647
0.0676765698142
0.0383457661834
0.0947543674443
0.0338572797851
0.078812487321
0.0454973288638
0.0900059331591
0.16582220123
0.060982064499
0.0845242648804
0.0370365789195
0.0250777614366
0.0402276103791
0.177498696495
0.120895969499
0.0764919059772
0.0733582935021
0.0630434355765
0.102854578816
0.0737211846105
0.0693196531487
0.0980208365914
0.111967704142
0.097430548958
0.026167216217
0.13125311889
0.032344250113
0.119342979946
0.0349505301991
0.0704528937473
0.109877943224
0.00835925381221
0.154252104045
0.09299244071
0.0768316873655
0.156492287628
0.142178182421
0.090002084869
0.0625121704421
0.194412975721
0.0367178807109
0.0763468656716
0.109088351116
0.0709552551888
0.136128766582
0.0318933905005
0.0845891032558
0.0360870142453
0.294774563399
0.0441441266077
0.159510488213
0.0777178651783
0.24798629942
0.0405501636677
0.178893384917
0.397204446421
0.0
0.0136879563377
0.0337897745193
0.142910000953
0.0238078351941
0.0909525832047
0.153762915616
0.211207770898
0.2256748967
0.0673560384615
0.100492629179
0.107299766829
0.213605114782
0.444551902527
0.106707768861
0.0288417574871
0.18329268799
0.0883221828378
0.036242615045
0.15470842528
0.33338338014
0.19800077349
0.0385501381344
0.0423496035793
0.0978014934607
0.124368363323
0.0403957062867
0.0429557622251
0.0290946194105
0.097056931295
0.10309861647
0.0
0.16258383872
0.11145071582
0.0828945582913
0.279513206842
0.0068637560847
0.0469000506854
0.0
0.0843972653696
0.0840485659626
0.129689744641
0.137101835061
0.289889686873
0.0449858017962
0.0325342038207
0.0552472191179
0.190553259469
0.0297324326833
0.15547056437
0.0833292020571
0.0819374513536
0.0291737615749
0.0488812360398
0.163051025977
0.0854203629333
0.0517683579766
0.028475005142
0.0545218860703
0.15767089989
0.280484788575
0.108005746802
0.137632261266
0.0
0.0508450627101
0.208854889165
0.129796095131
0.0871699101222
0.158225000999
0.0721710805744
0.00835925381221
0.232658331647
0.164019527744
0.0231041851837
0.0719773407481
0.134773913999
0.232653000531
0.00798678880308
0.416484606482
0.297748092245
0.166354963228
0.0911953170607
0.272228423817
0.0693318689308
0.164651655791
0.0399339440154
0.111264180497
0.191514311557
0.150316886302
0.0144337567297
0.100065925864
0.0297301778751
0.123509239839
0.0991725021022
0.182848680131
0.0504247769964
0.139874801867
0.0437332484549
0.0
0.179325928662
0.0911882535963
0.158862121367
0.139856086648
0.0859765831928
0.12708770127
0.180825229228
0.117977290574
0.0502130873827
0.0859762878766
0.0941253061018
0.115139631857
0.221457803064
0.0812714383931
0.0
0.148494832437
0.0363323311966
0.0442626818126
0.119124146745
0.0778543597435
0.0362568640894
0.0193500399555
0.114687851878
0.0833862208011
0.0889104223493
0.124619983434
0.134641080962
0.0322901549438
0.212483879291
0.223708937273
0.0353553390593
0.145124056286
0.0950567918444
0.0675695076604
0.220009600011
0.00577499171243
0.0536418778071
0.0950594714393
0.277162618633
0.0602049990987
0.171565238622
0.0387808683363
0.0291646619106
0.109354726931
0.106854519593
0.296580138013
0.10217087582
0.0432414232934
0.268722678322
0.0959765466358
0.0951286439252
0.0744696263922
0.0863719809919
0.173858067128
0.411405165892
0.0754246951972
0.0702218953021
0.149361674732
0.0285099663358
0.0
0.0257564314664
0.067890014427
0.280706389283
0.00645794650555
0.0336445597041
0.005361024281
0.0251925433521
0.0330074555751
0.0597095599393
0.0811896650048
0.0700363431142
0.0784593731476
0.160842801314
0.291939571486
0.0303314677254
0.0931115817393
0.0833317788223
0.0671624999491
0.27555369604
0.0889471060715
0.0371627223438
0.0304019322296
0.0530401535463
0.208135708557
0.0785793965916
0.152694482894
0.0421900313012
0.132423913984
0.302288863257
0.0
0.0557453959668
0.248384601387
0.039724612826
0.15
0.46522090612
0.270032983066
0.147352096429
0.0389672480413
0.324514044044
0.09416707141
0.249447370435
0.0410322710719
0.0718769348519
0.0592871809857
0.127144910355
0.300187830013
0.0963893240409
0.282350484626
0.314281800475
0.0587658761791
0.0907422799776
0.114309249662
0.168243152952
0.0917862240312
0.377008230969
0.0383125409747
0.126623841237
0.180917342845
0.1768573128
0.051743130027
0.0773941120528
0.113502739539
0.0394000894787
0.176669423609
0.190682856762
0.115792027463
0.0898359942322
0.164365230421
0.204151712195
0.148441856661
0.0568981329813
0.0234807327587
0.0559649775819
0.0712309067374
0.459541240718
0.0913595140564
0.0925745691609
0.221164231476
0.252350101136
0.0389990767257
0.043450352723
0.110524165351
0.224943293956
0.102049260732
0.0604362239338
0.0804653170213
0.0339196397397
0.249739164983
0.0668456523859
0.107930898374
0.0801362403495
0.09870233485
0.0539439880779
0.117863737234
0.0886173131344
0.126705390772
0.0659130411209
0.0411575045552
0.0531448497583
0.0396580874317
0.0370149301087
0.0868027900668
0.0324941412966
0.122396909137
0.0932106858811
0.184101197213
0.0665536707556
0.0349090347884
0.167189616395
0.242489687582
0.187582562805
0.157453025001
0.294995410921
0.157264948337
0.0695448926781
0.060896166497
0.0773842459698
0.111505463267
0.0339165962014
0.145485499599
0.0907941048687
0.0382530700403
0.0490031400732
0.087087009202
0.0902696147775
0.129464321185
0.0635164218464
0.329495384829
0.0899136399857
0.0511695819709
0.0283267793793
0.0385683376733
0.128157179943
0.143354616228
0.0727729514248
0.166953040391
0.0284176247925
0.0382582229036
0.313477844906
0.0383257873731
0.175484571717
0.080089630982
0.0906325296516
0.341929468439
0.125874975127
0.0183506230448
0.162126957623
0.146651333649
0.107437891923
0.0681865725929
0.0661095958557
0.0391270801257
0.0801644281875
0.088805059098
0.125496177658
0.127394476277
0.0384238393929
0.00684397816884
0.105939131187
0.358285536426
0.079633712524
0.124672597224
0.00835925381221
0.044260879376
0.0
0.0528510408968
0.137878728194
0.00655919747201
0.0567281892234
0.0793655429601
0.0561005971061
0.082797758083
0.0284938382119
0.0373606041154
0.0
0.0712862828968
0.127549724762
0.0493100051727
0.0563105329783
0.241404022288
0.0403121291773
0.0279821597964
0.173627940223
0.0900030049914
0.0548115288819
0.0869567692871
0.103674337253
0.0829304527712
0.0442403741973
0.575856164229
0.11533484417
0.0449151343085
0.0379917842826
0.0366746652554
0.0343938064386
0.0839491369744
0.109489191028
0.177356250907
0.104336221628
0.0
0.0698784763351
0.00284507386328
0.0531452211233
0.136795664542
0.0327123540534
0.11973527996
0.146382210642
0.0492112851017
0.023570796963
0.0915768236027
0.117007917789
0.0634159183282
0.0451801001805
0.00968846456343
0.109505304921
0.039732738832
0.0160390897449
0.204170955662
0.2379218464
0.105013601576
0.0387324489834
0.113881854678
0.126436595987
0.150311468034
0.0928477462159
0.150853181267
0.0793051546318
0.102698300173
0.0995723369955
0.073540242224
0.0371964629546
0.236760419553
0.100868830265
0.0387002784085
0.016372269667
0.034547103869
0.0830138260409
0.0659127804146
0.08848962715
0.0674622091834
0.164934603907
0.104555817338
0.457886996657
0.0813020885834
0.170410341017
0.0183935476291
0.030385298036
0.0321953273917
0.0831970900938
0.387563620432
0.0436654262498
0.200434386508
0.028818173697
0.147034470158
0.0480227140941
0.200838780745
0.0
0.0
0.0396259807758
0.119491554789
0.0363000579282
0.122825494281
0.109363892176
0.0391265082607
0.0380336440987
0.102164948172
0.0394766480856
0.145202364961
0.0
0.0342132387492
0.0961748410159
0.260043022977
0.0696883223487
0.105920918638
0.293150117328
0.220731580414
0.124207573152
0.145469743761
0.0780225727262
0.0778294739958
0.0444920978695
0.0430054343493
0.00798678880308
0.0381107187618
0.107258300274
0.0501939567679
0.0351528225985
0.0724054453439
0.125264205582
0.0365663934846
0.0782469026634
0.0513024514895
0.0338438417975
0.0989333128775
0.11983925078
0.0803545784267
0.130238301808
0.201790897561
0.0936757093258
0.101712550753
0.136208081484
0.183608135481
0.0982721896594
0.0676899602593
0.196656931613
0.171170665308
0.11678464157
0.254237820387
0.173596290724
0.0669009161473
0.023342190532
0.14289127605
0.028673159724
0.0811593976875
0.288102665409
0.0925291258579
0.0282444229648
0.0744542788051
0.823086835414
0.214458652826
0.0412118876477
0.129180509875
0.288537370658
0.260248169731
0.5428087825
0.163981988432
0.1172008672
0.0388153612938
0.228858346305
0.0535035234764
0.0599525974659
0.0468704029421
0.105182411736
0.102344329586
0.0308239740666
0.439457023669
0.0515356060801
0.139957806399
0.252997848009
0.0350883925498
0.115049264604
0.0547455361012
0.19159212729
0.00666182828527
0.139839260787
0.128085638855
0.855029408175
0.126596068428
0.307339684786
0.0463918662296
0.0832372808211
0.0557771736897
0.0579022492265
0.0830233435962
0.117018622427
0.124341703826
0.276687074949
0.0591441373163
0.0621711496196
0.141668323643
0.323307082167
0.15917760841
0.0564091684076
0.158434679325
0.00883883476483
0.0734575339579
0.02608268027
0.0265133625723
0.177023302924
0.0952000803283
0.108601754693
0.0868047495695
0.15315838819
0.0225961843013
0.01751801698
0.0763277609457
0.0778011837692
0.101961305036
0.0571299735958
0.0385062091604
0.0331891140041
0.0253406075087
0.0829677328354
0.0662600872193
0.0131782264984
0.24320614442
0.0885969582685
0.131487184429
0.159418467409
0.0534018744741
0.103775444416
0.115899761317
0.0471869461293
0.151625665753
0.0960451775402
0.12428395231
0.0639865342896
0.100040900419
0.0690086318077
0.294057182728
0.0392045867525
0.0401059057304
0.297905023474
0.0559495264955
0.0712592079105
0.200172324319
0.0896947425247
0.128193377285
0.202643974819
0.211652115536
0.0683189699422
0.0343253966682
0.0418588518791
0.112283172652
0.164498904635
0.0378812087669
0.116960591146
0.134670447203
0.119490080019
0.0429924543145
0.119308447894
0.0557974615074
0.121266121203
0.0768467511744
0.123488590704
0.214864939419
0.0899901354239
0.0889774825262
0.209248307141
0.170470114519
0.188623771135
0.0760353133344
0.0660201914486
0.0426803266642
0.0202421218068
0.0425031055317
0.0754401045984
0.102794970173
0.106716544683
0.0333670543323
0.0294655603565
0.0573472067996
0.161978702773
0.071610164959
0.0906710007649
0.0449873376769
0.0163419242395
0.0887810014825
0.206266801487
0.0741059407689
0.255069466618
0.13912493756
0.0627515287136
0.125192958635
0.0964609747091
0.157157345431
0.0549960852208
0.0194187549809
0.301233805839
0.121892677126
0.125158429045
0.0897047616719
0.0385765716561
0.196753583101
0.101455392889
0.298630256337
0.0841249710828
0.143250850166
0.0263778969515
0.0432358890189
0.309404078658
0.0509780280401
0.20943810502
0.243044734095
0.156369396999
0.0548229882406
0.0513048059439
0.171185136992
0.0908077190272
0.111981675277
0.122293111008
0.0282098325666
0.11892534234
0.153992041095
0.173876975925
0.0193500399555
0.0
0.268015997369
0.110020621682
0.166109803712
0.0685023734919
0.239188950013
0.0675416966219
0.0222012647745
0.0
0.0497905478355
0.0307033974273
0.0
0.153252647188
0.0260729761493
0.123397696354
0.349495139282
0.122486954381
0.0405301843795
0.289607620091
0.070317657256
0.0621973531936
0.278515613546
0.0344715715999
0.0480608450045
0.215246362657
0.0418481481556
0.0162713792336
0.170693560909
0.321605478379
0.0801599999164
0.144143235628
0.124024999712
0.101483817569
0.076394494264
0.036723457371
0.0579076355602
0.0343172784323
0.127903676444
0.0748940576295
0.101633334613
0.225340544871
0.0503070361511
0.0871570100945
0.030642553248
0.095785957242
0.0954578253164
0.121825099045
0.117989472682
0.0331003268326
0.00655919747201
0.0221303745861
0.0444712705829
0.00883883476483
0.0424020142162
0.0578887008799
0.11731840342
0.19379274261
0.192188140114
0.119574935622
0.0797071702142
0.142648492609
0.210747913553
0.198801824094
0.0984953586788
0.0709127540947
0.0966939352187
0.0270421095621
0.147177311703
0.0791720529432
0.117367494132
0.0341963242632
0.197388585111
0.0250253810373
0.0454974262051
0.112989422028
0.0984224886516
0.0635650580527
0.061543797339
0.0775244269973
0.0632298419515
0.0792515455137
0.132357484811
0.17354358238
0.154704119243
0.0655191518929
0.24639874529
0.209264870646
0.287759282522
0.133776072709
0.237253672981
0.0606969284854
0.078116686383
0.242662763458
0.216681626052
0.147482926367
0.0347632231101
0.083382361544
0.299542546636
0.123104278617
0.0278155011035
0.0334618899287
0.107442479115
0.12842653696
0.288881908078
0.158892141117
0.0860744947307
0.0942979912726
0.213971814648
0.103182172622
0.231812067342
0.114536428869
0.0770915991508
0.136889403235
0.207798721013
0.183436966916
0.215564860467
0.146808735359
0.110309499637
0.137749808424
0.0818247081236
0.143646630012
0.0763600665116
0.042538608958
0.178218374247
0.104664205891
0.0799609775125
0.162438384274
0.156162425765
0.0406538936137
0.104110524357
0.292380720006
0.19224500624
0.060476943018
0.170704883595
0.2879892342
0.0381046789376
0.211314555649
0.0562870837029
0.403625524516
0.046921015588
0.131970896005
0.12226523249
0.119155397664
0.265229910433
0.142590511223
0.12136318805
0.0239974390517
0.150433926173
0.193339268007
0.149589419136
0.0465518651082
0.155440278586
0.105583692176
0.0432347440029
0.0309118284049
0.0815776743691
0.119721579769
0.172560438224
0.129740656385
0.108795493438
0.0415393320007
0.076896234504
0.0481091267912
0.0593108823377
0.131766370684
0.0911312804172
0.0794753505182
0.0327892775987
0.0819905158667
0.175826857743
0.0522976490689
0.00896965144906
0.169844882262
0.0437014060549
0.109106146546
0.0699918906238
0.0671492666632
0.0486918257136
0.0218328601206
0.109522512793
0.0662200622456
0.16382125735
0.0638174557736
0.101266747958
0.0710155217714
0.00975281621663
0.142393653821
0.0339306443773
0.0480976896853
0.0975998989953
0.237949068766
0.0987965366329
0.0676562864532
0.0623996981589
0.0449828926423
0.038794995823
0.0826690541846
0.146252295116
0.191105011001
0.163940225978
0.0513127885978
0.0474897303532
0.160160622034
0.142238514851
0.0419259047884
0.0962122825842
0.228060590946
0.128594255313
0.00835925381221
0.141150290895
0.184797677375
0.0351058196547
0.0303752944422
0.105165036581
0.0861791564476
0.145215868546
0.0985485338574
0.0
0.0828400173048
0.0732585334768
0.022654246689
0.0466975691186
0.0722187204447
0.06996038471
0.139075989042
0.0
0.224334079801
0.0717761757619
0.111541243752
0.267820236968
0.16751020096
0.0696438277825
0.0488604266356
0.169790299759
0.113936096883
0.0734697825846
0.264785929685
0.14842697472
0.106704600064
0.184490610698
0.137508191068
0.0414631781982
0.0831785916449
0.0606283846204
0.036471018577
0.318224406353
0.0375868168298
0.29559122613
0.10558939684
0.0822221178703
0.0466916395211
0.0453454624388
0.0448409945466
0.033864191506
0.053283063653
0.0789640826868
0.153938824204
0.115366740948
0.178036166719
0.0679578079642
0.194606143673
0.254602453673
0.0160149075684
0.13944189422
0.0874810213595
0.053648369653
0.0448300483778
0.462339822351
0.0295496906496
0.309059325824
0.115828191806
0.0301134254879
0.064478700334
0.132455619057
0.0291312385384
0.166886500964
0.00655919747201
0.0831753965209
0.0556527023431
0.0886857364308
0.246755016365
0.0555684656649
0.126407495423
0.0908007806858
0.122457858575
0.0857905218598
0.050880673198
0.073362516137
0.171568833302
0.159459071107
0.107936057404
0.0368327271184
0.0
0.129114278371
0.0247629352999
0.212120739304
0.0460037306858
0.0343565094879
0.126565412046
0.161040621708
0.0743018379503
0.129417531547
0.0841569920738
0.243918779136
0.0392708527926
0.0862423469283
0.105611112047
0.185516479624
0.353778580852
0.112852913949
0.242770109156
0.39087572533
0.137890799298
0.276895149928
0.103043948392
0.197640092422
0.0907087438169
0.0483731512014
0.129289078665
0.0228022482925
0.232825498566
0.177288686978
0.166982872418
0.215136253358
0.0926205906197
0.0843588623568
0.120714202308
0.0522692173028
0.0722553327278
0.0643905130131
0.0364004559065
0.0721872385709
0.118095021406
0.368876118149
0.0661053045894
0.137717701966
0.145519332991
0.0596858469868
0.150511123089
0.184057230657
0.101174835545
0.0309208020672
0.0934060586488
0.031869891865
0.0122050024498
0.149636043438
0.162419395118
0.230410675158
0.125955225414
0.0527555341382
0.160944145962
0.133225114455
0.120196268726
0.24225168769
0.0123016622928
0.11408387661
0.233829564
0.0707858005259
0.0547555728539
0.165226424489
0.125945057758
0.0686139761042
0.0787517996941
0.0428272934473
0.269737469492
0.0326903717093
0.105612581229
0.278317771556
0.13768598799
0.0170233242677
0.0403899309038
0.0375701959554
0.205958414553
0.140917573122
0.159672538253
0.198175308203
0.141402190878
0.0306230004398
0.128989580722
0.0
0.00655919747201
0.0782802347003
0.0366547043416
0.0474641119348
0.112764196606
0.0643747377363
0.0
0.107204253634
0.0499691265163
0.030234370857
0.200044949711
0.0528827310125
0.0230217304798
0.0384102727063
0.0468726974507
0.123923034761
0.180885522561
0.208411351778
0.170910906705
0.0751838775746
0.0781249140713
0.106306892709
0.211635397169
0.0531684920986
0.121592068593
0.0376673372301
0.0352543284894
0.172959507012
0.139409503443
0.200466449453
0.171108937657
0.0730621555501
0.122463131218
0.116366713786
0.215826133134
0.113174200957
0.131183284915
0.0795103027923
0.0361573378046
0.0323633646438
0.0325552547657
0.0606873022084
0.0566220414
0.190050164166
0.117480603298
0.0842506932045
0.0362442256752
0.0534709084201
0.0211937500182
0.18314438312
0.0979633008142
0.242713944361
0.0265165042945
0.186576784144
0.160975820107
0.075892284629
0.159050147715
0.156080487925
0.0105112051907
0.100968244312
0.141166301811
0.0
0.0798224456243
0.0469061880999
0.0
0.0904107083902
0.140217564062
0.100447771646
0.204030930538
0.300073000052
0.030454203278
0.05
0.190994644073
0.05
0.0938390524557
0.0810939298155
0.243583945295
0.0
0.0460594768761
0.151741908262
0.00637536821867
0.141041599502
0.156371357223
0.0
0.0907701667209
0.341779166388
0.217316307804
0.179870159355
0.105886258276
0.14049003837
0.275376360892
0.172135526019
0.205318043881
0.131021510488
0.0367909076207
0.113971404536
0.0918379302664
0.279067206847
0.15265717726
0.205493583577
0.0947910010106
0.0903011848591
0.113845617557
0.33437276009
0.155114100908
0.0565745995597
0.22849734253
0.123655928686
0.111744257456
0.274617304472
0.0949141374233
0.0974807255878
0.277945507302
0.202200335438
0.139923818364
0.0899295146174
0.0302625174681
0.254390247073
0.0494009272077
0.0393563589282
0.180457751567
0.252078373446
0.219382213441
0.183891256848
0.101678903492
0.0945112384799
0.100970105116
0.165515833848
0.227162417857
0.217339987958
0.380290917186
0.109783956364
0.171718139621
0.152761751396
0.254995299841
0.164362840076
0.0999442442346
0.118597241742
0.136981324709
0.0562326390895
0.124999553708
0.212483668548
0.137948251383
0.164538533644
0.246808347516
0.261743947803
0.181548033739
0.0299231992344
0.211654354866
0.12841434825
0.214689049118
0.0393570653657
0.101979461452
0.0727289116035
0.0352502480726
0.0219786834068
0.287358058639
0.0751188552141
0.0465411599532
0.0915577443965
0.219472129972
0.141967572145
0.220985369336
0.0585043324249
0.093481573582
0.101298552784
0.191624403612
0.267478955076
0.236161358933
0.166707622147
0.106621376415
0.275873542594
0.323524581642
0.289595387432
0.344907410541
0.176664474308
0.208011212385
0.115507814477
0.122845346596
0.34480465655
0.144182470812
0.126028146271
0.102766708083
0.0
0.208719486671
0.227304757541
0.203303124935
0.353967885442
0.106287987261
0.361976405896
0.139820592364
0.122442025643
0.168975795719
0.181443869287
0.112968478849
0.032201769536
0.154642160342
0.320056482482
0.166478081488
0.182255613445
0.0700816635852
0.130218801224
0.0326248039337
0.213142709321
0.12020566702
0.110164048158
0.103763219909
0.117125878177
0.0994640513533
0.233920438663
0.106391826615
0.47490293831
0.0
0.504762446134
0.641052479961
0.0508450627101
0.32350445215
0.181785169718
0.318073829908
0.0492612393098
0.022598060866
0.234575966575
0.114455112888
0.215199311374
0.183707835394
0.0816106858667
0.12651889868
0.213478423301
0.0313850468771
0.123113085419
0.155849060294
0.0205052761838
0.114551722059
0.111006323873
0.0283657027159
0.400695684107
0.138886047301
0.00743254446877
0.198316439371
0.329380152099
0.0
0.166998623129
0.116838211677
0.158934552335
0.166566584738
0.0716474562331
0.215119522144
0.0679710368345
0.290988334332
0.0366668208919
0.0
0.402682915979
0.120368180541
0.473074236992
0.0897251169063
0.170236643696
0.0349994189453
0.30989199362
0.0850761084652
0.0575945048109
0.14010159247
0.0
0.0823179589553
0.0986661272171
0.257848788228
0.141465506995
0.127943558884
0.0774968460461
0.0905924064671
0.37360521293
0.0454640064542
0.341733715881
0.0739113976166
0.17194594287
0.169970701271
0.244797562413
0.0519857048723
0.119457563123
0.25718238219
0.113510948988
0.156240211014
0.265885843722
0.282871700373
0.104894787158
0.0519801983063
0.227962547229
0.319853454388
0.143614243806
0.0597338169596
0.27156586544
0.158028212488
0.0
0.0
0.372280382511
0.0676994638963
0.13566475338
0.204984094332
0.197857340668
0.12725355963
0.0
0.151696169154
0.0681928063286
0.310215878306
0.322014752222
0.05
0.162351263459
0.184073975137
0.236500027595
0.122172396151
0.359333125141
0.0995373294287
0.333771344583
0.469378218755
0.0684103874361
0.12305944041
0.069856290824
0.101401213298
0.275482271256
0.172744174876
0.167271995218
0.213676073307
0.328789377957
0.171863175793
0.314087334283
0.202260683786
0.212037171785
0.221655601075
0.189219076813
0.244677184104
0.113134669709
0.119288581103
0.157310583842
0.138134926999
0.071947499982
0.106992156394
0.120520572163
0.139218231018
0.276726490557
0.173629428248
0.257156468411
0.158854800043
0.317119241034
0.143791461325
0.0903509027362
0.0793456898616
0.186562027939
0.127154573207
0.102566516569
0.427287990753
0.2103187167
0.166317750034
0.110351681098
0.29875564434
0.16595321541
0.115670581163
0.0432271913876
0.0
0.0801847859142
0.0463701913127
0.0868405768568
0.137151709989
0.300069184996
0.127743303256
0.0588042738259
0.207594040607
0.202783814197
0.079549140539
0.0543182595972
0.145582813206
0.0979476027346
0.302585310085
0.114233763644
0.224382916333
0.171514719446
0.210846654922
0.0472136091283
0.0942969685383
0.22330612241
0.023774844447
0.0961964905726
0.0883862291331
0.383341963066
0.0321378972462
0.125704081373
0.0360843918244
0.10086925738
0.059828021267
0.0298315148574
0.064555281963
0.0373499203794
0.0363196112389
0.107772225988
0.13227139744
0.0657371974348
0.068745656617
0.0860658345109
0.111398325351
0.116534814151
0.203810151349
0.116153849732
0.14230476487
0.0240313534408
0.0582624037037
0.0600977945011
0.137747903069
0.124733103997
0.212799607296
0.0449975245863
0.0658006784069
0.308006102562
0.0411659271281
0.0968043103312
0.0712967730204
0.117833217756
0.107532543783
0.0817794284106
0.225919702933
0.201197063056
0.0381238154817
0.123855818206
0.117933862794
0.0912247743324
0.128147553388
0.104203918803
0.115149203401
0.0505294123224
0.0642242741352
0.186008314597
0.0745273048164
0.125498512969
0.205488972804
0.0748556922711
0.117421347884
0.0780307366625
0.0385902327556
0.239932877254
0.168476607545
0.0624727917796
0.106956897601
0.0795448207627
0.267143010174
0.069033615572
0.0890568662786
0.0525560259534
0.149435483793
0.0
0.158989489527
0.0368097495731
0.0206740873333
0.0817421381745
0.0233564926269
0.0424750240785
0.0850475907403
0.149671683046
0.0309535892065
0.0631579643358
0.069029567376
0.00500621268675
0.0866886028093
0.202797181844
0.157707228647
0.105529897413
0.0398370467213
0.119724175399
0.210558797262
0.316446124219
0.250471667776
0.137043203587
0.140441026576
0.291365995011
0.219278503151
0.261267180718
0.163726186284
0.106284560603
0.0988325611395
0.150772965296
0.217541608994
0.31966902465
0.165802465573
0.0336104312101
0.0697191672102
0.114683526792
0.196783215668
0.118504340814
0.0906911232317
0.27562118554
0.30574097936
0.0957762360057
0.0747579048609
0.0400977640466
0.0413548913377
0.107417091493
0.0346698934086
0.195503125523
0.0553136453719
0.184064036496
0.149116109295
0.120688287949
0.223514908625
0.183640490016
0.0545994907091
0.0895184729423
0.0228022482925
0.0929022409765
0.195332580878
0.308749610207
0.0226602220961
0.164823407861
0.06695001275
0.0136111514915
0.101658553184
0.106460427077
0.0560103449259
0.0825218272262
0.0393959831032
0.0327575973693
0.0813997199714
0.10824050831
0.0953081620634
0.135957334345
0.0770395125863
0.271990616794
0.19233544535
0.0381304350594
0.0672630614043
0.120659419784
0.156141405469
0.284822426059
0.124043923435
0.110472729153
0.196629481032
0.157044166773
0.132963165827
0.269759947215
0.41689120687
0.26274473377
0.238182230243
0.248602966791
0.222410216736
0.114123027166
0.0548348843638
0.100009153645
0.146183363838
0.0914519264496
0.0833029961178
0.283292971116
0.0358459087156
0.0766128355551
0.165632564578
0.0
0.210307832073
0.0944076882291
0.223010347026
0.0937031576488
0.0861454180358
0.199614330245
0.188225153409
0.368805698672
0.0420837154192
0.0752083435261
0.0511648700601
0.052539053197
0.110241138553
0.0814795547023
0.116987874153
0.0535123014333
0.203684629039
0.135495912709
0.0813044659774
0.153022385967
0.0452452745139
0.063983968631
0.128699579241
0.153814766786
0.215355855225
0.158119197121
0.23510476465
0.119450285647
0.135315928494
0.0618994613203
0.103006497891
0.214340824687
0.16147638876
0.0689124781627
0.207016692052
0.280811110675
0.241367588473
0.106847770594
0.198606289147
0.15116549685
0.211817219256
0.0705057934402
0.221768808379
0.167446318571
0.140486686048
0.0213034891381
0.122877859618
0.206383892234
0.174466135864
0.221924089157
0.260667700272
0.230566075204
0.33898311471
0.0612187352368
0.0995234872916
0.240300901718
0.0298612451462
0.0653460460684
0.14283128762
0.123279719731
0.217498810405
0.266918335262
0.0598862945949
0.383947126496
0.088609553495
0.173237729761
0.0949838510912
0.0333220800403
0.142947707927
0.119351397844
0.0902698947015
0.275979297428
0.305482451422
0.365480437696
0.0867965285314
0.0784647378008
0.162539874952
0.113797910308
0.0292628939952
0.0447902315162
0.382248631195
0.0321868734267
0.297269229444
0.127104564608
0.111980399443
0.0329380040825
0.0876357716621
0.16354493816
0.0651757515305
0.0712258346589
0.208033602257
0.198190589848
0.075
0.0968071269574
0.214883455278
0.125380942116
0.173366351313
0.169889414278
0.10670808261
0.144348727597
0.117119784458
0.0662590348256
0.0921431933096
0.123970246024
0.199159131886
0.50681012131
0.0609047907254
0.168908527108
0.0849209584199
0.147990022435
0.0470207409058
0.134060774903
0.100022241237
0.0970835680811
0.0
0.168218371596
0.311792669427
0.0353909048582
0.174546297396
0.170282484512
0.0729880837602
0.0829420478041
0.0950272826803
0.0944455146334
0.0821273121778
0.103017148115
0.0923615609984
0.0496097095726
0.156055262746
0.267984487825
0.0631395654656
0.161967115481
0.0498826316702
0.196987662963
0.0503298570033
0.106861713134
0.0941760052123
0.200559501864
0.107994440196
0.173616807412
0.0314194211121
0.175777632242
0.166818455478
0.161762092043
0.164117133215
0.171406855673
0.0565843053792
0.159265448816
0.0927609065856
0.0525028247767
0.086783460253
0.335356863674
0.14640369752
0.149603399611
0.640589929737
0.156971894615
0.0863347243614
0.293138085572
0.220118876834
0.198669718721
0.0381292783883
0.0705039890363
0.0479988344787
0.102391896002
0.142032485825
0.0753563427501
0.268171608058
0.118997909945
0.107635424431
0.0338783938919
0.0695194927023
0.183231664651
0.15096450731
0.181462783351
0.253207234079
0.295165157378
0.0260369233419
0.233171944137
0.0858732661281
0.24212502359
0.233983826377
0.0677658093377
0.0938354908579
0.103105797011
0.0478894286482
0.0284938382119
0.133616648835
0.166625881178
0.171590438848
0.223379292754
0.0411659271281
0.065912285113
0.232502158463
0.109618935476
0.0443737041773
0.0929749215821
0.101146301369
0.132265128497
0.270560017731
0.1831406709
0.121347755182
0.0738268771399
0.0857925157422
0.249413140568
0.325843700822
0.177024628627
0.0360682056917
0.0819740653197
0.238194118696
0.0755860950942
0.120893782132
0.257147890975
0.0641562917601
0.148072831908
0.05
0.0988719522878
0.203014116878
0.137587807334
0.0570420500946
0.126287224745
0.128787436658
0.0455052412801
0.165160344437
0.213206747657
0.144998414892
0.222908991578
0.249979794446
0.194169604215
0.0441330587787
0.0917415682983
0.171164568582
0.117862841869
0.0940225472147
0.115900420464
0.174010172533
0.0390777627899
0.0564111647561
0.233898403194
0.0938482033603
0.0992383388101
0.112710043099
0.13934720089
0.239150013547
0.165046177325
0.0730321936531
0.182137293863
0.151092066971
0.150674775412
0.075429388715
0.196399174772
0.213119578067
0.289157672652
0.231107599907
0.115606662863
0.056940107266
0.0735481569056
0.0980715707227
0.093959505398
0.197047136369
0.0324968887662
0.0226567123906
0.153083673879
0.05
0.0
0.114740608336
0.183188582447
0.112521972766
0.124781757671
0.183744164727
0.0957670082131
0.127400664715
0.0
0.0338033538118
0.0423885316292
0.117265802334
0.100375167649
0.185204716624
0.158616613741
0.13772033252
0.235485374046
0.126355292974
0.159730630666
0.243068236844
0.0734263994947
0.0539461215578
0.0936323237908
0.140492983995
0.05
0.0604610267491
0.271189593124
0.279833003149
0.0843720994554
0.188705757669
0.118400275739
0.0957707954665
0.143375898317
0.0859195386671
0.266150993977
0.150397302778
0.0895513655507
0.0940408621894
0.0844593505347
0.280953352673
0.146755143055
0.0694536779195
0.157596744772
0.123549862801
0.202723584814
0.0603177043791
0.0851365498337
0.0353627014784
0.140358356338
0.0648393070066
0.126560515626
0.0710987412369
0.103282252783
0.15
0.10435692277
0.141530486849
0.249173688596
0.0418001509027
0.382750527589
0.102614268065
0.162658629496
0.101584569063
0.0457402739072
0.143722714178
0.137618553056
0.283207880685
0.126593309588
0.292555648327
0.0514927806496
0.0519772558142
0.0330762540903
0.246851962059
0.0886144383791
0.173001617552
0.239351657742
0.143597672789
0.338678830301
0.0336942210714
0.169529748322
0.0322439601772
0.118811629747
0.0737577168208
0.100762048343
0.0927588113733
0.222890451997
0.114845380486
0.0632497395861
0.0893879234405
0.205870168505
0.089579579491
0.129424273625
0.0668566870908
0.412023204427
0.0586583627045
0.0781856786643
0.101522124804
0.041197113632
0.0894407786675
0.10721788244
0.0503615960302
0.193338734795
0.146439759597
0.175498624759
0.0865452130418
0.0462053720848
0.249011596279
0.111198291747
0.137732652907
0.294835782509
0.0441267790999
0.9375
0.137860383809
0.166099633431
0.159450778184
0.0727783627104
0.198459616606
0.292767044661
0.0065830048481
0.0797041972378
0.119180266274
0.157269464868
0.0577007430377
0.0566149124468
0.245857291854
0.391693789425
0.0780391810148
0.0793742889366
0.138213824468
0.158213571589
0.0430167784751
0.188912291009
0.414989693576
0.105476510632
0.141754521527
0.189145367753
0.146438706619
0.0283046780595
0.0870088759794
0.239447671772
0.116922531916
0.0
0.151653589193
0.088024933996
0.120807557059
0.042226216083
0.0239994172393
0.0560776514987
0.0371121594855
0.0219613745495
0.0239603664092
0.0852390244752
0.129819548984
0.160058194692
0.154773075849
0.178517399242
0.0264254436446
0.260170054168
0.0506709267329
0.100951811508
0.0758948859158
0.0485213931147
0.274329654708
0.0390986614598
0.182465502183
0.0950428040204
0.0
0.0265671060922
0.337339808217
0.0714257874638
0.107043404197
0.293666835874
0.653983049638
0.0881770129545
0.258268667185
0.13227658354
0.139474880197
0.0675634925433
0.168022082129
0.115471969077
0.2149495398
0.187259608318
0.0538315937785
0.0210224103813
0.130856993331
0.121783116566
0.253876424679
0.211191450727
0.1678171875
0.127506590054
0.0751918572322
0.280737429012
0.1875
0.225998072973
0.198810708042
0.0685695329056
0.112027292825
0.0688839625734
0.0434683329698
0.120368512925
0.0322280172138
0.0409215173813
0.0377206400757
0.0838692314651
0.0506960388438
0.0964780354944
0.0920258191207
0.0992368951277
0.127677997905
0.186115883641
0.0575598291212
0.0380355984466
0.211105727659
0.0265382617831
0.0991459617058
0.0516661239596
0.201036488377
0.311761440006
0.0740117798845
0.0204167272373
0.194532824137
0.0384738890075
0.300130201784
0.0745233001083
0.175606627636
0.224717129775
0.412998456669
0.0369566697096
0.161030269794
0.219868968615
0.325569078962
0.133349363688
0.240423016437
0.0468740358991
0.0511667121754
0.110658319272
0.342518687125
0.0724264661839
0.147992873858
0.0849528020507
0.131789108765
0.443162562237
0.164456400331
0.134224155719
0.0654738184183
0.0581488407417
0.164812833799
0.163737987286
0.0888770417879
0.1475664834
0.10565948569
0.0422800750884
0.0786015124099
0.176979175833
0.170097217776
0.205889591589
0.0503999832058
0.0499224296813
0.115347639477
0.0857551099596
0.281548150798
0.171652748458
0.108971066102
0.100052114483
0.107490998286
0.157214243213
0.181492215246
0.0313633598655
0.0554678200983
0.177058707152
0.152592552389
0.11085147923
0.205219040026
0.103964855579
0.143051007132
0.296752746939
0.181602251866
0.207638395585
0.0372236702406
0.0936207928122
0.0792139615403
0.0892531795499
0.0901798748904
0.0365690404541
0.0401361790212
0.0869303593452
0.123043179532
0.13422932051
0.184747103583
0.0
0.0220654213321
0.107842368394
0.118952863561
0.335158018966
0.020661019824
0.104254395735
0.0311034991485
0.101410541665
0.176898230889
0.0972481197779
0.137482493814
0.0578668749408
0.144643448988
0.0660563386304
0.0173294170836
0.0888720374973
0.0252341403853
0.270827988904
0.18659356784
0.0801466093749
0.0295299717854
0.258497047785
0.128693526023
0.0460874683341
0.0427878835281
0.12478616089
0.0
0.144064030795
0.0599158100078
0.129962031009
0.0159735776062
0.312484865764
0.197888306885
0.241832757871
0.172900511568
0.192119232607
0.0175660267308
0.21677858554
0.146878896906
0.192406351516
0.0651845305412
0.294526212222
0.147159737608
0.330965957209
0.177309915377
0.126448323247
0.0183367808355
0.189970166511
0.127964288662
0.268354008966
0.129493322128
0.0403276963151
0.0258094415156
0.0674529334743
0.32814768195
0.0
0.0949836815738
0.0
0.196326223689
0.00688369143629
0.0438892232424
0.296867493318
0.0397521646902
0.480011356642
0.0327626133485
0.00835925381221
0.153904774828
0.0419297538562
0.0771748031342
0.14205351716
0.314635302276
0.0865830070751
0.0525560259534
0.0815386323496
0.0486024243268
0.0918416517255
0.186566512505
0.0860594092949
0.043837295425
0.0388654842429
0.041000369505
0.0636030504126
0.182778900437
0.191404852907
0.191461720498
0.0648875092923
0.0129158930111
0.0203830726006
0.22592958904
0.116503498528
0.0755812296642
0.0308311120317
