0.0598369621639
0.0399218300635
0.169317699695
0.291380622428
0.389615208819
0.0845716774778
0.305598756354
0.0783299101177
0.062243111051
0.081278221784
0.0
0.0581093065335
0.0
0.0845213495317
0.108259077398
0.16597204332
0.0958554538261
0.0617117503544
0.0302574699738
0.113887689823
0.198573234632
0.381747427251
0.130785425708
0.305950536537
0.164564437861
0.0888948549903
0.0804518915937
0.0699849267588
0.259897621553
0.117883329781
0.180931677504
0.0444679067553
0.13243652997
0.22447396131
0.0411181467848
0.224118122122
0.421222754331
0.157270741667
0.264035184741
0.172855033031
0.199566400269
0.245131094383
0.0987068621413
0.38282137496
0.013932089687
0.465389894343
0.213380738019
0.289422897472
0.022945638121
0.141400180743
0.268408235972
0.0988143767796
0.183103672873
0.220836852878
0.0999960744557
0.21579265742
0.0937591168775
0.212590601228
0.0185723428118
0.175388581625
0.0988139967341
0.1628162812
0.229922367705
0.0390790867286
0.097989584414
0.0950676106384
0.101010297881
0.295490090155
0.0278094924299
0.0259991758787
0.0447552157169
0.141212156991
0.20496863951
0.256695677794
0.153025795004
0.0408027617372
0.0962328536648
0.220268727536
0.0432710217577
0.0547073539064
0.228018986164
0.201368286576
0.378645592798
0.0801175988153
0.204201253269
0.320313713726
0.120074885435
0.0109716747468
0.0363864470804
0.0594964370521
0.148834732766
0.0404749232486
0.178206554217
0.0610093577766
0.04616794636
0.16528551982
0.237133374463
0.103672566907
0.0557081028236
0.0416666666667
0.131143622639
0.336266293561
0.149890316971
0.222497099401
0.0553204027162
0.649911075647
0.595583582241
0.195424628386
0.213399582979
0.0940579197386
0.237877126677
0.328292137271
0.2813110156
0.0414392837601
0.161888956157
0.32142023919
0.336965974082
0.050386236127
0.240541497928
0.32098807602
0.121166280878
0.383902787573
0.511272632167
0.262731902925
0.2776383423
0.31909464002
0.144849462223
0.115115622837
0.407677963942
0.358889592582
0.115438638412
0.110454482732
0.479346422661
0.0999972183687
0.0688598731438
0.28886320469
0.371213107478
0.566254644597
0.211822247982
0.344652851986
0.0404902441747
0.309590266324
0.270685851512
0.0432197393369
0.0569364260076
0.0417099177524
0.0440784612742
0.196023436944
0.380636648158
0.30210680018
0.130179336132
0.111489425836
0.309551182589
0.0390012215121
0.229681348146
0.0686290358421
0.048190102859
0.0868818454404
0.351403633613
0.0836972192838
0.131449693655
0.137676334147
0.0409146539843
0.243634305797
0.117853019707
0.198017913712
0.237347471635
0.442927240643
0.0539311184193
0.0604496578206
0.329448058974
0.353940001189
0.0767665820082
0.0607789552786
0.117433386953
0.272034832252
0.288526423191
0.112900976224
0.0416779810341
0.193459061151
0.215806029385
0.170436304289
0.0979681271805
0.169847098868
0.264073860872
0.221241311915
0.257559402934
0.0731138961813
0.145837752731
0.0625
0.0727274823167
0.473519886086
0.0261194011916
0.0855634384569
0.027864179374
0.287708938053
0.0916409179665
0.164445931623
0.341182442626
0.0588345484684
0.228845215464
0.0370049138007
0.151264718154
0.0924545845065
0.0381776227017
0.0282201231056
0.105116138144
0.174571722437
0.242923767862
0.165485217699
0.323655342806
0.0432710217577
0.221787606572
0.0418445995379
0.100243991858
0.171690676384
0.102545893658
0.47381827873
0.115708392697
0.0
0.316556355915
0.364793251494
0.111006323873
0.0848716201248
0.140141620435
0.156520518739
0.0416666666667
0.0978544963639
0.200282722206
0.0441941738242
0.197685057012
0.0411570420747
0.0989440271905
0.0951053824465
0.10522693236
0.100954953852
0.0946422382557
0.158264835535
0.107777691845
0.0650701001342
0.207960782848
0.183083582235
0.182115386256
0.144149836293
0.110883146637
0.0920253434308
0.438574348122
0.0572745042305
0.437318748798
0.217411993454
0.0406825101711
0.405159040505
0.190697416456
0.0903078282293
0.0175186753178
0.119904147984
0.146015635244
0.173195582273
0.307270044885
0.1055024398
0.199734151837
0.490728789015
0.200683332736
0.0317483010311
0.278336322506
0.307313543496
0.0390012215121
0.0401106411824
0.286970881365
0.375153690971
0.0893463822191
0.0706732319923
0.290703783605
0.160913118031
0.147138097118
0.073386704864
0.590754492284
0.240834218276
0.0890881109051
0.152547476229
0.471583393172
0.184166588134
0.30705914641
0.0919244649849
0.329216337684
0.154127308074
0.0862800583206
0.227897446787
0.440687570965
0.481811192877
0.0905281417927
0.19425196129
0.0534205657617
0.127224424675
0.368670290853
0.186509543724
0.0431907695262
0.170825170061
0.0572478074635
0.283231885962
0.0640377844291
0.235816494715
0.0833181570838
0.20171719575
0.0857022360886
0.210551187391
0.106584970566
0.275854146615
0.0935484737284
0.0659126062838
0.0446389694058
0.11579353897
0.0577199110866
0.438035858461
0.120054651094
0.180778622524
0.0254049087475
0.0713113868312
0.298506659348
0.104976706633
0.19386088849
0.20023896483
0.124961446055
0.0562888478315
0.157105033918
0.283266033093
0.324546453239
0.288160406708
0.062555545308
0.0545470528921
0.354513533141
0.130205759133
0.0388399802387
0.0573512717803
0.278828114947
0.130858349259
0.244219709249
0.447320021356
0.218453240671
0.204345759383
0.274892604223
0.219210548226
0.414271887026
0.49729381887
0.162399515336
0.0527620580216
0.164450651413
0.282301867264
0.241276792251
0.25543933487
0.0801353553319
0.0386266969026
0.25621986141
0.0432238403128
0.2325806002
0.0396842470805
0.222071058845
0.312244310118
0.261724913529
0.38075506982
0.173674822417
0.0222360632364
0.318320075104
0.123246747972
0.177558357514
0.61972682036
0.310995879596
0.102531920746
0.42107906509
0.314896145935
0.360564172243
0.0897486524324
0.411127872923
0.458538896009
0.314524587728
0.0
0.361490423572
0.0644838792993
0.202846442101
0.471218541234
0.233199565103
0.0925904188907
0.249548614451
0.170968322588
0.0305002298697
0.0642753509921
0.0604638026726
0.142419305078
0.213822911653
0.515098510307
0.199583301067
0.308187945851
0.0927373115136
0.0583321582584
0.0774440295753
0.14630303759
0.255849378943
0.587180777266
0.0968511206394
0.101287502824
0.325135881031
0.211243012471
0.170526562734
0.062361502012
0.0818292355213
0.206769605662
0.179877888804
0.12887767136
0.443048472131
0.293507084173
0.390829760004
0.0396471723417
0.226634512876
0.22563000385
0.206236215458
0.0344184571814
0.167163963544
0.164517607062
0.126718722897
0.107709403044
0.0962818081264
0.419692556395
0.300831986221
0.264728071942
0.31304499075
0.131127951968
0.223487119008
0.204755635633
0.209702369473
0.204212846116
0.250085668383
0.189053179628
0.502009747804
0.237031546445
0.325352183732
0.144322627915
0.279832528516
0.151489414889
0.21155109102
0.113401223003
0.392394619998
0.111467843449
0.106902501763
0.038904764936
0.118340269125
0.0720189058436
0.379256560755
0.0892039641407
0.0419021565627
0.141830010011
0.0222060942842
0.10014892646
0.189364004315
0.243194912389
0.106240673196
0.0
0.431787692418
0.186464376102
0.186071048349
0.211726044903
0.276032537284
0.159499270358
0.0937308318239
0.236083810465
0.120617271444
0.277445168058
0.111407420021
0.25313118313
0.0654905780278
0.0402641587945
0.330859506726
0.083924855302
0.288735775405
0.301684787567
0.23683061405
0.233823373948
0.301200229671
0.229481647229
0.482765341777
0.0544398218693
0.316249316837
0.277120502937
0.189324476803
0.104407630621
0.103119527755
0.393361994052
0.162486375062
0.0666577045726
0.0906312603364
0.206674029204
0.293077178281
0.0517966675273
0.227483830516
0.166833158452
0.0389866213812
0.266496850452
0.0844128504511
0.354313852152
0.0176987066569
0.0758073533799
0.22765037735
0.270315795692
0.210251014992
0.0345141971101
0.140037192784
0.142688560288
0.0426578477113
0.201796637994
0.0454791501226
0.053570847198
0.208217380268
0.250850101536
0.0755348830782
0.13540436968
0.0992996663582
0.214575593193
0.0860886361774
0.230632124799
0.275386652319
0.385734807474
0.0222028376504
0.0383838333897
0.0956072140917
0.146714662987
0.137485463929
0.133709436791
0.129092669826
0.260825687607
0.223917023286
0.0388229979261
0.280275474967
0.0690790774352
0.108007004408
0.151233733454
0.138616142883
0.127384801728
0.186509408318
0.298115248678
0.128656253437
0.20733615507
0.283729695115
0.172454466814
0.180976170136
0.404502594681
0.396974514412
0.323548360002
0.48393254266
0.467039726626
0.24651062487
0.185113564196
0.426590386129
0.288102665409
0.0630010757855
0.318681080855
0.443471957616
0.316836787808
0.207669565206
0.29815797832
0.0276190417335
0.149712894441
0.0359352988292
0.477870981291
0.0387162234193
0.167667933634
0.0
0.158953571527
0.327863962449
0.0890486637285
0.0672424330911
0.148614721127
0.148286354068
0.0853916708211
0.127695941934
0.559258689064
0.278059876221
0.112699709032
0.243271036832
0.110084383565
0.0261194011916
0.414473376098
0.0380672438466
0.0384242595595
0.127004538135
0.273244846765
0.361100136804
0.322496809746
0.122848691602
0.347771661997
0.0904196934637
0.277931092987
0.229688178545
0.102000970886
0.329471238858
0.18137754895
0.325258034501
0.0359261691234
0.268831983166
0.0362453293241
0.230259103876
0.464674698468
0.264832414123
0.0729823587026
0.12671128476
0.10109980238
0.232214267443
0.0738093223486
0.100267119282
0.0776645655346
0.089637477067
0.111702081909
0.0870588208189
0.0947509224232
0.00626009142705
0.0900504055742
0.0736234926365
0.0334847336137
0.0782657759101
0.0842583615366
0.0
0.0324424699842
0.120791007971
0.0857482125471
0.0408011138087
0.101298678544
0.338930858475
0.196801657455
0.0433374515604
0.229248914336
0.196026103907
0.0814949683401
0.125607872962
0.143108840228
0.101665812453
0.0403358621941
0.105122052385
0.0333100936292
0.0776275871839
0.345485466958
0.291761724821
0.261650630832
0.0114066302814
0.169030917803
0.221299706287
0.129045512441
0.0604950879784
0.257120636132
0.0890089022559
0.187823261783
0.132174076932
0.0344931653436
0.0738849518965
0.128914660736
0.387713857642
0.10752700414
0.147783871708
0.0957489967888
0.0392549220693
0.0400989911177
0.0341592618441
0.175414696846
0.0783908584252
0.168397882772
0.246411249055
0.209536998829
0.122831551809
0.512940741081
0.109663762401
0.100213582875
0.0845424307337
0.320586603205
0.247467027088
0.21027381278
0.0402641587945
0.0175186753178
0.0531041211111
0.157883275698
0.0943603287753
0.0420185073865
0.0716158040043
0.0963028735844
0.209980325176
0.0567081831671
0.040955798435
0.157883275698
0.0458256968509
0.0500244496091
0.333213996981
0.216919287647
0.212972649265
0.0789672965107
0.445752317646
0.208144865358
0.0877941823256
0.0580730006277
0.312994020966
0.251123684722
0.0569527328648
0.0635955983178
0.0394307158634
0.0421681178734
0.0779761052777
0.128448544049
0.0430664505169
0.0399494125721
0.0856467287825
0.10249897779
0.0352127052091
0.0452246661243
0.103964855579
0.049146599828
0.0368032788373
0.120248434567
0.0343383061675
0.0336995131967
0.254925500423
0.450787777531
0.0563679597142
0.136159287757
0.0571957709251
0.0965889683193
0.0
0.0832432258339
0.0
0.0494670093783
0.0361311489975
0.103971300584
0.313497455693
0.0
0.0251781283113
0.0661618393832
0.11852922692
0.0633345224545
0.0459400280444
0.0395966071632
0.0569528464821
0.0451557830339
0.0520029918344
0.0738910329354
0.114953779782
0.149251913535
0.0892567983302
0.0
0.101795617258
0.274809624976
0.171022143565
0.120991471053
0.29974072358
0.0812975586558
0.0228132605628
0.436890501151
0.238386465753
0.0114395934745
0.0192499723748
0.0419229802329
0.0158299101177
0.327144268989
0.169876952137
0.0316598202355
0.0416666666667
0.0798159923572
0.077202460997
0.0732584325033
0.117000165422
0.238739387113
0.204888479392
0.0081273468472
0.263703141889
0.0
0.0965920326771
0.027864179374
0.0426666052091
0.103014000597
0.0294627825494
0.102053992079
0.023794204396
0.0778456621026
0.228032442237
0.100691485622
0.0368409707516
0.0351831683574
0.0756095575442
0.118257445418
0.136254021713
0.250660328444
0.195087322376
0.0399339440154
0.0605454913993
0.0389421007059
0.123399349323
0.0
0.0485385341687
0.201967883401
0.0474897303532
0.0616206869949
0.230201092817
0.162813298289
0.0
0.0399339440154
0.0
0.0112677846039
0.0376500834837
0.0
0.155058094638
0.0525560259534
0.0175186753178
0.0
0.0887928747241
0.0399339440154
0.093297536134
0.0275198739157
0.0
0.183419896703
0.0884774721281
0.0261194011916
0.023794204396
0.0
0.0133113146718
0.148134302116
0.348341240287
0.0974263805923
0.100685180568
0.0547743126039
0.0342030257118
0.0382052371953
0.121680623275
0.0882200110947
0.148899469052
0.369861339352
0.0888935631043
0.0
0.0849251952861
0.0713470478613
0.0807479725529
0.183473889676
0.0531569718038
0.0
0.119374025885
0.0884900323179
0.0754479374212
0.0711427340565
0.0950633762396
0.0312896160914
0.0802095608936
0.121031411485
0.02908359555
0.0237435748829
0.0523536585165
0.0300768055357
0.295765624582
0.0423895049897
0.113484310832
0.0906748662401
0.0669107529653
0.0438299828196
0.0237435748829
0.231211716147
0.0526179776184
0.312780100066
0.149100838784
0.114872063015
0.0416515339281
0.0360843918244
0.0897723606394
0.0421649440276
0.0120281306081
0.142418701227
0.449835658569
0.0849500136933
0.0871997746818
0.107179434602
0.0374376003555
0.170481538607
0.0439220061093
0.0426233437509
0.0499178550532
0.0390806839545
0.286910666033
0.143588566378
0.0866294958634
0.0497044205479
0.234281547998
0.20343446944
0.0345946312238
0.29084936437
0.0513800035679
0.18139866871
0.100732324642
0.0694136539046
0.0409261865361
0.0211869407074
0.247578001174
0.0943350897156
0.187850452478
0.0381669076043
0.129053366037
0.0550598990685
0.252420021683
0.0907821494279
0.330662054121
0.0
0.285287877715
0.0429118154981
0.0802273843326
0.0
0.0404961289532
0.0707835983558
0.139179895142
0.0286139212417
0.0867673869811
0.175259144252
0.0536366925614
0.0932744124783
0.204594442773
0.0447613199774
0.10736140572
0.074145656758
0.13710401213
0.163729123445
0.0998427517648
0.0938234389428
0.135193358567
0.253707143492
0.0415296360762
0.0886072708963
0.0954254010515
0.129947963969
0.127602175843
0.0963435685762
0.0733156415305
0.124900904421
0.109621021049
0.0455582294565
0.0560080031338
0.063156823159
0.181409469277
0.0810389391271
0.0958748337133
0.073912915768
0.0474897303532
0.0604638026726
0.0
0.0441098565879
0.174365418144
0.0861791524072
0.0322232262331
0.0396471723417
0.0295360695544
0.0887612258572
0.166954919178
0.0537804924778
0.0380289449495
0.0352235785683
0.0969442644519
0.257863567262
0.181729854118
0.310327791193
0.031703153135
0.0256161730396
0.146137385791
0.263288724543
0.318988893559
0.148073218127
0.0536469373051
0.0896348942944
0.0529828463264
0.541330506192
0.0621945208238
0.0876437695603
0.100713091364
0.744889862736
0.0700397104441
0.209230269789
0.0757966971605
0.0535152506917
0.0307908667866
0.180233843218
0.187029809338
0.0361897602436
0.106390581754
0.0382363414567
0.0931396749626
0.044513465467
0.0735354689614
0.0368212948898
0.17134819471
0.163961505218
0.0521708438659
0.324861407379
0.0839070022937
0.0666676025732
0.0816401189548
0.0820409035702
0.038029259625
0.0699373867748
0.13527626566
0.427432490574
0.0147313912747
0.0667157036643
0.1875
0.119369341799
0.0999160191937
0.0655491519526
0.013932089687
0.0374950604174
0.12391551022
0.295640196098
0.123772379155
0.260702338981
0.07437944657
0.271694846755
0.134855307411
0.127488803084
0.0354927053565
0.0942422563039
0.0351463328244
0.156520625795
0.0347594004423
0.0423596280642
0.0114728190605
0.069224903494
0.0953345284638
0.216347536923
0.326520811529
0.0310634217479
0.0978422618237
0.0927817754922
0.0
0.0373629782366
0.159528027367
0.013932089687
0.0366368539196
0.119476796253
0.156511430638
0.303884870373
0.106427900356
0.0703464299287
0.0901634720187
0.0444769418602
0.138997331646
0.052178705774
0.0504848619774
0.0
0.127648208224
0.250468422381
0.205944887163
0.166972156166
0.0951507944408
0.0866995719999
0.140053232051
0.0783850863843
0.0383529783818
0.0963728212641
0.128823139362
0.0746649546784
0.256868297653
0.0896019623317
0.0920989597269
0.0598813682236
0.0920260608548
0.0614280993355
0.237921465154
0.0208333333333
0.246803057288
0.103659028466
0.0363858194481
0.21048427451
0.111997517017
0.071607993148
0.0645437190538
0.144267414618
0.0496515498113
0.0824238914009
0.0331367862835
0.0858340239931
0.0795692988212
0.180311563021
0.32476458124
0.36009973415
0.0549289767394
0.0777155429341
0.0968422779307
0.0480026070665
0.175811416532
0.08590057445
0.0463000397397
0.0804209131529
0.0779973664031
0.112244379118
0.113599673094
0.0485800530545
0.075480892682
0.207952434423
0.27320174928
0.0393671521235
0.108983540469
0.168399385542
0.119552117731
0.0374425928461
0.0491776316768
0.0679243383535
0.127131663641
0.179428949146
0.0945557821115
0.0531827311453
0.149826785087
0.0324274588354
0.262476639097
0.180972771048
0.099204946796
0.0403358621941
0.0867871495617
0.0484087382389
0.126909480579
0.141328799295
0.0671018584955
0.219351179437
0.397524368098
0.142186344802
0.149058077063
0.0940463108235
0.0342266904119
0.0389240284865
0.199066854463
0.17995419786
0.0772616928819
0.308924268914
0.131453919843
0.0423706356327
0.0256161730396
0.203644118428
0.111677675686
0.0
0.0689629016906
0.0677449918468
0.11259630862
0.0458817602718
0.0392691972314
0.0
0.0578276584435
0.226701033931
0.402734618687
0.0219433494937
0.0734878219141
0.222397391583
0.123010536352
0.172803252234
0.0692641365429
0.0430582066229
0.275999091379
0.335840039763
0.10557809965
0.470795384848
0.0613693007085
0.135607208348
0.0607644078109
0.0446447320047
0.099471303052
0.0348191501143
0.136755976676
0.0881276252454
0.0251956606344
0.183570313344
0.114746765795
0.107607593755
0.0280427059465
0.189687810239
0.0729519065241
0.0527012184227
0.143765351333
0.242292021191
0.125954513531
0.0987892162076
0.165246342895
0.14365138456
0.0985115870312
0.219077915701
0.0989449291532
0.0399514724612
0.107755706915
0.0383683428586
0.170665085698
0.146064946484
0.101297748251
0.0958712006759
0.35486677394
0.035916426565
0.0953442996694
0.127791188527
0.178126090743
0.0662211268642
0.256583653413
0.174599000251
0.110474170547
0.074431910301
0.0359211829694
0.326006530481
0.299355018554
0.152150752655
0.0787070803392
0.0428878039843
0.144738711159
0.0
0.35765520588
0.122403424918
0.0969912904751
0.358497743892
0.171509291835
0.147187192829
0.0834715812321
0.369961374792
0.381498447129
0.55138785483
0.202839469422
0.374847549922
0.26286141393
0.215368703154
0.230724504794
0.19970429981
0.10091617967
0.277548500934
0.364310526479
0.251582626083
0.318378008897
0.176636148579
0.222431133818
0.395353565493
0.471643201316
0.2877695573
0.365012370005
0.166201777241
0.0
0.165544355592
0.157328524754
0.088229364776
0.0637628244302
0.127070125671
0.209928201726
0.186603871604
0.21026889875
0.210383157328
0.301771139712
0.661173984317
0.0996322816008
0.109158816031
0.0158299101177
0.213456722401
0.077096396061
0.500159919755
0.0610210569007
0.0894544050211
0.327231391275
0.35253234756
0.0825563414805
0.362162716148
0.329910630009
0.433828517696
0.0795395067264
0.331248375329
0.159147491173
0.0765013099993
0.177741743742
0.108081294233
0.247020288023
0.0
0.40752390537
0.078250774639
0.214003252206
0.499351603799
0.21177141689
0.0152314676189
0.283473189588
0.304134683646
0.0403557922105
0.272733637887
0.395457491366
0.216659787243
0.144123643117
0.398147210973
0.365526675591
0.310868389941
0.380587036176
0.186496054492
0.132363208545
0.0
0.141258146203
0.0599719261865
0.206389701442
0.143767198587
0.142005396767
0.202043042277
0.229387770934
0.0301135105712
0.32222178562
0.397624710973
0.0500689573464
0.172032846793
0.320492167622
0.238157520908
0.284548960326
0.126562565924
0.039920111539
0.142234206064
0.193197026176
0.134245432836
0.202313055683
0.176658543055
0.306706788588
0.130544135981
0.230437922243
0.380498059819
0.110078095802
0.360834010098
0.016738881056
0.536622860212
0.0848873143224
0.207847125457
0.0759263920015
0.19957762605
0.363625318195
0.283686028459
0.0685173867083
0.434860189164
0.062572498474
0.1883659771
0.0581337589496
0.242960244906
0.4636469714
0.231966728525
0.0349759377353
0.109963851791
0.0331275938764
0.421382749798
0.187579384654
0.249681810515
0.317108153743
0.138748491955
0.162861930212
0.163946020827
0.18274209037
0.165555207884
0.184761077458
0.379041703982
0.21780174493
0.298925845556
0.0452762071228
0.177736079124
0.390501635854
0.270406257979
0.208951522779
0.242640743279
0.236079986691
0.262020164197
0.200410301158
0.106768357726
0.185018120535
0.36303104485
0.356170408285
0.306939817986
0.167583429764
0.0991298135641
0.517166083966
0.0382012763663
0.242214965279
0.388582284829
0.0608676076455
0.103798485576
0.104362313925
0.0
0.0420309268616
0.139932019409
0.460769823535
0.0404271282534
0.105760524841
0.0333485854355
0.250969622834
0.085084980291
0.138790152973
0.109299017294
0.23990458288
0.144147589213
0.186168714107
0.556403421399
0.299099681211
0.544940799167
0.0877832810403
0.150313013966
0.276891852469
0.250011376866
0.406828183103
0.284931971873
0.421579395485
0.214215555491
0.0158299101177
0.27096800424
0.728195487175
0.257425433986
0.0554839309043
0.144377011059
0.202050828523
0.367693929636
0.203150662478
0.0916974109845
0.198209724617
0.225435037526
0.240353067065
0.321783176344
0.287361494039
0.0898204505043
0.0670281351462
0.228805232375
0.254883111688
0.354974598904
0.792932402053
0.638311314672
0.143722819111
0.101369707117
0.0147313912747
0.0212512273956
0.0
0.316811060214
0.128228299338
0.348176469179
0.0365538798681
0.172177158503
0.212356104003
0.279695177127
0.0985931153073
0.153037221342
0.177366998611
0.144428798477
0.133635545243
0.0332591235422
0.415667408013
0.168986493233
0.141999620427
0.0396274460845
0.243396543946
0.159939663238
0.253914927346
0.195197516935
0.0505868575447
0.132504274083
0.325390208796
0.129604582403
0.313299179831
0.204889462434
0.159740205318
0.307727800008
0.0792586050193
0.219643585691
0.0488569249477
0.216754163866
0.0848479385907
0.135044481658
0.416328362464
0.192072796102
0.0503352119581
0.0515920968629
0.342537614877
0.124610325355
0.463985926736
0.189429948433
0.220264362165
0.0738437441706
0.340051550897
0.176237531047
0.0889596769972
0.119766099737
0.326675916041
0.362899245937
0.0907061544888
0.123812602269
0.325268717051
0.340387172162
0.208362647581
0.175979887853
0.202819370242
0.111086921445
0.201667124084
0.270660430579
0.190596205024
0.0210741276402
0.220738578798
0.194584062914
0.242450800549
0.319080443468
0.217389448346
0.226522115686
0.0819355925307
0.0147313912747
0.145474677597
0.0640131109456
0.209360578927
0.136579952064
0.156458947031
0.0
0.0611238513174
0.352063340655
0.132873440243
0.0567609480957
0.302633645096
0.114901813642
0.411565578033
0.103855448334
0.0585217003444
0.135985790502
0.0636245591267
0.0867355962824
0.0487932026187
0.0834421805106
0.0702538137468
0.317595442485
0.342062149902
0.169293667274
0.055994516442
0.0445746095071
0.0450502521966
0.149257565931
0.0120281306081
0.182810759469
0.152701447549
0.329862440987
0.231789514809
0.136763089565
0.462885188656
0.140764838718
0.214809009141
0.161173168591
0.0499826655547
0.247035138806
0.195376490619
0.0388534944024
0.0346955500243
0.0846695221579
0.058771421148
0.118658041941
0.0459443668851
0.0847106280082
0.250692483846
0.192207029842
0.148672283162
0.0829933201273
0.166312802903
0.013932089687
0.0262565263647
0.449072209148
0.129381545545
0.0175186753178
0.278401620347
0.039736696718
0.142483940853
0.187449159641
0.178458731891
0.0654039374797
0.0361511097815
0.267332994281
0.275452849683
0.0
0.169687839655
0.191475782261
0.0568464850469
0.196373569732
0.0314507650048
0.352684275483
0.150904172517
0.0438115445415
0.148781382051
0.180427087876
0.118150117045
0.152680734554
0.125945996795
0.146829388185
0.157362494625
0.256171819005
0.0674563949394
0.186951259902
0.244414997612
0.0946734315007
0.300866558364
0.168249621539
0.185693304292
0.0824112816139
0.105408404878
0.454050007748
0.188940947982
0.191251512769
0.258195254191
0.289023928443
0.16550504807
0.251832935454
0.117735816113
0.235842198444
0.116660855099
0.154934216906
0.188600071604
0.0593305716813
0.101370605798
0.16761198011
0.256398307383
0.273118191425
0.169813583864
0.118687064624
0.116136048348
0.336689172496
0.203247639432
0.16678600504
0.118444075196
0.139286616063
0.187138212523
0.185441943808
0.367437284309
0.162863480781
0.139673334788
0.157172403576
0.32900308448
0.374459450434
0.0821446822128
0.383574164343
0.296222582428
0.169815515826
0.121926836552
0.220527353717
0.0720027898786
0.443677546757
0.0128080865198
0.216938636649
0.201215690176
0.105801284641
0.109515447311
0.245380409619
0.0992885028199
0.116366358104
0.145169426394
0.275949759101
0.0624704915602
0.231265749448
0.132979986692
0.180280196839
0.12217122938
0.0
0.129743582422
0.048966190483
0.0382220125314
0.0
0.184283306431
0.115889902484
0.499717024033
0.113376282047
0.0992260456797
0.274943095053
0.0395796236488
0.147378952067
0.134695181511
0.212720760964
0.076254565553
0.115417442055
0.255013958086
0.20334405719
0.0854296751211
0.142482049613
0.51416906965
0.118919042088
0.0516054908182
0.1875
0.111852457253
0.325929333146
0.103595867844
0.231372523811
0.279275675131
0.224821126718
0.0932944095059
0.14000643673
0.189387928858
0.143305118671
0.0891500484275
0.0566339672222
0.262549684409
0.150395719596
0.261669975271
0.0651474613091
0.0988806856441
0.195355330761
0.215310627769
0.0439010387113
0.129716531725
0.0884646294729
0.101299382938
0.0834709877388
0.0900215239706
0.262568938924
0.0921257436584
0.162772555119
0.166590651765
0.12126794243
0.112694416144
0.173148720884
0.0911536193303
0.200010433326
0.0572034497745
0.195097858694
0.156486413049
0.233358557838
0.204057893152
0.477386329197
0.280160688007
0.182175010857
0.172298424913
0.376737085525
0.375304786454
0.0440709694942
0.327655047659
0.0457093649722
0.386618415466
0.293489306146
0.147940191118
0.139136003307
0.16823855651
0.199842273196
0.254262384051
0.257070127254
0.464362609215
0.0261194011916
0.393460718607
0.510639916225
0.311149224566
0.436957737434
0.399163407361
0.436742212887
0.227295210424
0.107744766117
0.161960610615
0.334273319116
0.0639677448217
0.0243068698017
0.40168411739
0.501852952124
0.0882826093228
0.145117699679
0.292781921341
0.312880352442
0.264602820813
0.0698552509281
0.3837914201
0.158237308266
0.155671982059
0.199918031546
0.0494083957364
0.106190054139
0.2607146878
0.354434728508
0.165278690336
0.364581547825
0.0601545138845
0.217947036508
0.0595161311607
0.328678546029
0.0922807808052
0.310764114955
0.28196243534
0.223693338402
0.547300633849
0.0688389984645
0.298828276738
0.062735104163
0.198778292424
0.574296498722
0.238321842609
0.219653493773
0.168022285119
0.089440732451
0.247325815602
0.302612533961
0.448434878681
0.280981484226
0.439621269797
0.250531676659
0.192011192473
0.228824925323
0.406375917714
0.0450354382047
0.338079244195
0.375879118777
0.116799634072
0.130445257381
0.23705170275
0.339666150045
0.0882801365757
0.294199767182
0.253020150035
0.25938229109
0.327435130501
0.207409905439
0.129654380123
0.208320876059
0.122618814458
0.164163122799
0.384837846602
0.302237765817
0.353255378788
0.112110859765
0.0874522818835
0.150292136782
0.153996609807
0.268441342959
0.0924425898116
0.0681192149396
0.113177695276
0.133435377294
0.115982506707
0.122757565636
0.255836817894
0.149738107613
0.0570859929016
0.226489085899
0.0320026451563
0.0910680985243
0.0342342248924
0.0457830865519
0.158517691659
0.0610590049468
0.171285516581
0.119997086197
0.216263019459
0.1669269045
0.0128080865198
0.0598520239063
0.108699765939
0.134127573071
0.0734078517239
0.0420518467051
0.141909558723
0.174345528307
0.237722998769
0.195476428844
0.168439663717
0.104830483708
0.140602853242
0.117537189983
0.163881223672
0.0998896440803
0.290274443416
0.102464493494
0.0740248488363
0.0821991865684
0.140412280777
0.110474773137
0.0350156257944
0.028553839792
0.0794000180205
0.0561543550019
0.0133113146718
0.0349318267364
0.0616356877829
0.0460723243503
0.16758525316
0.132439450565
0.0834318272271
0.0740737678673
0.0332613227098
0.153540233614
0.167903014122
0.0318768410934
0.113127249415
0.0594780478134
0.0216717709818
0.144044645989
0.138340711821
0.156325951591
0.184298089354
0.182687534707
0.230167826406
0.0869089785093
0.115172318123
0.0622350278188
0.114977791041
0.107951963895
0.0817232563375
0.161885299434
0.111711536769
0.309416621772
0.0905738919367
0.0783102891865
0.207246088643
0.140059923881
0.219380879422
0.0
0.0235216324518
0.133272547975
0.133351384416
0.0914810209167
0.168539238138
0.11948380242
0.150598835348
0.139131241525
0.0246186815137
0.278623523083
0.174238050266
0.0893650699235
0.106182140278
0.321634312488
0.190270089631
0.23012631587
0.141828811563
0.342849224477
0.143818820389
0.0974238210183
0.0911804662879
0.162630400501
0.161617096394
0.101793848608
0.00644476048597
0.141523662658
0.258529666095
0.0782493618783
0.0783371047028
0.0657431530142
0.0894393299891
0.077264728837
0.207641988749
0.146417886805
0.050067591541
0.081606605848
0.209195959363
0.255169456003
0.121803286206
0.107535687946
0.140747538535
0.118071172173
0.095479293769
0.168725816134
0.254135555413
0.08465358039
0.28168440848
0.0648183874126
0.115580545405
0.0361021672291
0.200970055067
0.235070106665
0.0469098672509
0.138486622817
0.0302637643118
0.0
0.0779420733814
0.105977625083
0.0607051626851
0.126418603269
0.0837103043914
0.171979901758
0.0927000801572
0.0529808264197
0.0618513643227
0.062584492538
0.042855082154
0.0778036799229
0.164543684949
0.047760545492
0.079231132112
0.179145652465
0.359413221428
0.113966449954
0.119174994418
0.320323609051
0.13732214894
0.0436535112954
0.0746777214728
0.136943851033
0.376212060068
0.0706122137622
0.350283921633
0.181128789175
0.161977560827
0.148901221692
0.236383400848
0.0710847608413
0.158814201529
0.0352464847899
0.0551338148666
0.0630620455502
0.264123337282
0.0786701230388
0.12853139304
0.0995712137776
0.182048075078
0.21711060608
0.193886163036
0.138995954589
0.199198683938
0.199900559124
0.20228721633
0.108578769785
0.100466905159
0.0287960782305
0.128855907341
0.0808214142927
0.0701582413088
0.30142457989
0.240614165893
0.096676241952
0.256135013265
0.0886027616886
0.0893108377815
0.0581027070575
0.296065282205
0.0937417791101
0.0728133175186
0.0552701321312
0.0654887282962
0.134914694869
0.127404592889
0.0643640221583
0.163847702849
0.229328947992
0.238640154256
0.119597971404
0.306861703075
0.0634526688628
0.200003080643
0.0737087303791
0.0620308512717
0.266101384289
0.0845575825309
0.0408176387583
0.128227651424
0.202842471536
0.330333824513
0.0445389925621
0.117475877897
0.12260132026
0.0590923924874
0.0998748761848
0.177063074786
0.20461873126
0.229138273937
0.13925887134
0.273629259841
0.142683784749
0.104465474309
0.119997086197
0.284331724128
0.136919216943
0.213517317266
0.0815245012796
0.0433083163895
0.0385590090182
0.21038736117
0.160397164794
0.0895258322228
0.0258086436244
0.031613490361
0.15304561543
0.112645518463
0.0989437803654
0.233004542726
0.0832774408483
0.345608330145
0.0731772261687
0.0578089634043
0.0973386342722
0.0877913866366
0.0558924869486
0.128601863291
0.112573632514
0.0928526764587
0.246803057288
0.013917233027
0.297517378758
0.304974330518
0.0751263710214
0.108018970588
0.133572560788
0.140286537743
0.092186564729
0.0447177745939
0.0896315770324
0.103014000597
0.1164901225
0.114028057255
0.131358035357
0.12384633089
0.0659245403323
0.043131502713
0.154642286411
0.063063551443
0.180709389385
0.0117154442748
0.0662123037021
0.14250921786
0.0910261514069
0.0394307158634
0.0899229224008
0.180223821937
0.169100610138
0.350011238099
0.123646729948
0.0308079281868
0.0324859283158
0.09458580797
0.211057306613
0.17274652847
0.0671467668224
0.0436030933188
0.0368032788373
0.0682108670704
0.332719940831
0.135038833084
0.093709699531
0.285114216855
0.180164690805
0.0207844069205
0.148127231037
0.0294627825494
0.0335717418181
0.12433745576
0.0951228420116
0.0699538072731
0.294243493322
0.0727334811541
0.128163478744
0.0498068371646
0.0765939686753
0.0396442785762
0.182463645641
0.0503166869833
0.271548527534
0.174495827862
0.0444933910795
0.196265240807
0.180179428228
0.298436771222
0.228975995532
0.0977785000156
0.185458042669
0.179925860803
0.0977383272278
0.104872352916
0.124107028596
0.0226852524859
0.102432542425
0.104904987693
0.0937127803072
0.0321031523755
0.0
0.0907443818347
0.344451905531
0.281803357599
0.177106003748
0.0876120272089
0.233464868177
0.0491319845897
0.119774740474
0.0253194902274
0.297606572312
0.0974155696377
0.0960638367669
0.134718764861
0.0347393684336
0.0367716309445
0.173400891417
0.212900998262
0.234483412388
0.0778549874527
0.368900470408
0.0856105080796
0.0775632045905
0.178530400162
0.21589374145
0.118300498257
0.299742032464
0.0790149738325
0.255143986779
0.0247179449532
0.074691005769
0.0787839008977
0.178692115604
0.0811956667126
0.122784916515
0.0927473556993
0.0967935603065
0.223975915128
0.160368888609
0.0303612896898
0.162817982427
0.0793768608055
0.108726302461
0.291059184702
0.109237640245
0.128402895305
0.0423218840385
0.0104166666667
0.136214952376
0.0374469163972
0.27890276265
0.345133930272
0.147247599686
0.2892738674
0.18365951121
0.141694937592
0.215166990418
0.203393487847
0.0670973108349
0.162419520302
0.189819945765
0.0856005724982
0.141224593762
0.0510874139347
0.0877331902224
0.092879969475
0.220788629666
0.334172692937
0.0552961919716
0.101837785229
0.0788476531071
0.105762537604
0.132075126501
0.201291892214
0.0564319253541
0.083474514658
0.346633170895
0.215734379172
0.0356258005288
0.0247751482292
0.384147660311
0.270465436893
0.241583603273
0.313525002544
0.075117448341
0.170369621457
0.180653159225
0.154586136447
0.0583421036016
0.246558954425
0.084092413334
0.193151110346
0.283772615419
0.0931743596079
0.0256161730396
0.0309045730421
0.173331588199
0.0992317339653
0.0585915846832
0.159565737677
0.275407918751
0.166090985466
0.239833520598
0.144823591651
0.0888893591471
0.0437580834999
0.148833308118
0.0732007624714
0.23538983191
0.11189605197
0.121263432789
0.130040758712
0.0332104231513
0.296376771731
0.167288107797
0.102409814902
0.269998803773
0.112748729789
0.210846790276
0.224170740364
0.0828400372838
0.0641001415463
0.0519708149727
0.178780240209
0.1413719542
0.260699521413
0.0396118169722
0.0477744482396
0.441246858485
0.0391220655029
0.0834593723678
0.186825098657
0.103708042745
0.0891084455378
0.0030400497143
0.0786319428947
0.119264277195
0.0719768434384
0.23338451285
0.0451943265126
0.134739937222
0.121218765608
0.0411754940458
0.0510901197368
0.124429969036
0.0684909527322
0.0823491328983
0.0
0.0399361150601
0.0376720780664
0.0734856397835
0.192885660366
0.0785006369109
0.3114356365
0.168002629253
0.0617200529107
0.203935736399
0.143781406349
0.184549628585
0.0882566373102
0.0891623357108
0.113119199595
0.0884512402344
0.123556850932
0.131535968725
0.142469230106
0.0855061037092
0.215316394921
0.137346668517
0.267071589224
0.140117588765
0.0400934659833
0.35999403615
0.149901418529
0.162065645938
0.403894308432
0.207671119049
0.138942381476
0.264550057791
0.23855127129
0.36832893885
0.0841369483822
0.27055218728
0.206216358365
0.229498059882
0.242352644728
0.406245200601
0.242149613137
0.152230313875
0.0441303050192
0.342293541994
0.0871233707623
0.0107632441759
0.0453423101473
0.149994866285
0.0526157492465
0.0996619426246
0.159631509699
0.101799866742
0.0867787289637
0.255107849546
0.142045438533
0.0380732286052
0.0604292978222
0.175716747655
0.0812044365464
0.0544239958304
0.0461508474273
0.0611402927657
0.068027530604
0.328524531242
0.21871132743
0.0478977323318
0.114834637073
0.0517208937253
0.0245711057329
0.424760193851
0.0774171940675
0.223461738321
0.452158145132
0.0
0.026434641124
0.175861567406
0.150099878644
0.0423832052956
0.170089248882
0.204505926823
0.140281569756
0.0907200753407
0.132263886296
0.0823368919622
0.128811820052
0.0280918030393
0.0341924874596
0.259323991985
0.0467798384212
0.0841128873866
0.214830743064
0.280722885923
0.139045679091
0.1348055137
0.165623053227
0.0613671670694
0.122038101174
0.315433721929
0.281714614654
0.100740742569
0.104630223784
0.114622089481
0.0366173421729
0.084675613448
0.136564505708
0.211600390228
0.244207070952
0.15663443239
0.0900121709246
0.0673598782743
0.138547019552
0.42418740788
0.104459717353
0.118932991559
0.0708766585706
0.0262692915848
0.10769338943
0.499513892449
0.221660644909
0.260167236895
0.335904013817
0.0796126810329
0.198201866497
0.113405873993
0.117850583854
0.0786154876019
0.0558920347878
0.219200120223
0.0
0.154739331184
0.18666848343
0.236610975288
0.437176826007
0.204095994779
0.289340560305
0.132999962888
0.0934834451998
0.0557267077995
0.0725411643987
0.106491310909
0.0816893283051
0.0783131663302
0.202774735152
0.115368887823
0.182159873891
0.0244157047227
0.0750455694507
0.114778806615
0.26285371235
0.076310516703
0.0603944388107
0.152194159685
0.168322247412
0.133155552314
0.0991718236882
0.106131801383
0.187428580334
0.104419069135
0.187387627725
0.120965385137
0.195517118797
0.0769016839119
0.0865632808798
0.172223212902
0.185832506798
0.161225379093
0.197733597115
0.174897627212
0.0158299101177
0.115609868318
0.0397680911693
0.201250273437
0.188026342201
0.0648176513353
0.161267866671
0.0414087678684
0.0840623488151
0.028754384408
0.037583234749
0.271506480455
0.0515623447126
0.283335647272
0.116799634072
0.131432134009
0.269704130276
0.367859045024
0.121549589113
0.128758986842
0.107098141714
0.0400066158482
0.0782545472623
0.138096734263
0.178412817872
0.0120281306081
0.536347624552
0.248957971611
0.119159332502
0.308246092211
0.0765487892795
0.026509050256
0.102345526125
0.0439922910675
0.112151152074
0.0427740972212
0.138944044275
0.133848924603
0.373907945192
0.351054757674
0.220147056345
0.0832525110224
0.0993375180318
0.277637999139
0.478591840407
0.208313650551
0.207921650647
0.144117600372
0.221205089235
0.0963322800529
0.0461517578979
0.42864325653
0.0861679318149
0.143832884822
0.1555307049
0.0427740972212
0.268737617417
0.0756950279704
0.365333302774
0.187527652761
0.0676771019327
0.0500157440245
0.0723724356952
0.199797731716
0.259559672982
0.339849464069
0.0478677835349
0.115120651984
0.196004642873
0.0998553234923
0.0430312510181
0.0559050043254
0.417782868718
0.107700119583
0.196793217265
0.0883188024671
0.212077082452
0.00663059061647
0.0842535844182
0.244095989508
0.2233218036
0.28556040918
0.328025644177
0.108574368925
0.108986251809
0.0675956215612
0.0776231442146
0.078841637623
0.176718400652
0.0528240345429
0.0779198712539
0.0773193023149
0.244219709249
0.303981735469
0.153184505733
0.0562429968752
0.282141728392
0.0411754940458
0.0354008428105
0.122439082324
0.10138323957
0.0869250977608
0.160790825367
0.309688080034
0.147148081995
0.112938916058
0.160762836824
0.0365257218426
0.210851397622
0.110152574585
0.170576799601
0.207850217436
0.0487782395763
0.0299457026047
0.058240407373
0.213499939652
0.037046444835
0.0936648733141
0.3660887068
0.0385012673084
0.121966032659
0.17099495345
0.238954920957
0.212124173752
0.0842355619726
0.0700326697078
0.125935832133
0.105788768046
0.0458838510928
0.0784678940149
0.0901212629424
0.093075071754
0.0133113146718
0.261920686329
0.214602981126
0.100259466439
0.0677248856966
0.37047899588
0.087838066655
0.0483603483798
0.0800781105797
0.208331854278
0.237098496097
0.232028636891
0.169639025224
0.22924971542
0.0679425276606
0.0878949435933
0.126111464518
0.0934291957807
0.0376399994482
0.0
0.039166994864
0.344447666081
0.161487848411
0.181870124138
0.172553828533
0.149529887578
0.211878934199
0.439017706911
0.142174257391
0.167975130735
0.157355270697
0.239650037284
0.230668543594
0.187433794066
0.172884854578
0.199028541196
0.101896238396
0.215459274871
0.367804820198
0.265279829344
0.174616731497
0.443940070719
0.112328312385
0.101495654583
0.173398777016
0.174603728239
0.150460681594
0.23363455606
0.128415530144
0.206563004322
0.090710680572
0.0731252227656
0.142468392529
0.177849960714
0.381202367934
0.112945710379
0.0572941336871
0.256755696852
0.134078604043
0.302005464568
0.0986248794438
0.327793528106
0.179685426195
0.225724957804
0.277813421723
0.135390948133
0.256486283699
0.240925816796
0.103133277045
0.197808880741
0.0219823090926
0.107146099578
0.0686998222225
0.0858753499243
0.107204178029
0.0337385241784
0.0813768710002
0.127825139718
0.0976794395281
0.190783584765
0.0484612412294
0.0951158681147
0.26217567784
0.0923927452569
0.218675524034
0.0112677846039
0.0503942226554
0.0761181495515
0.188225127299
0.181911435718
0.0401383769162
0.307406841325
0.0544925102585
0.0999261893386
0.283041616478
0.289454292981
0.293654838974
0.0699671560274
0.144251784528
0.124806020227
0.0441413046614
0.0434650249612
0.0364835074791
0.0675652803196
0.0167849671496
0.0750449981568
0.284536776708
0.127371655814
0.0605543600075
0.085853528215
0.0
0.0354309124252
0.0870791252904
0.0420684224506
0.0965342927072
0.0260740175177
0.0
0.303817492697
0.0757386894352
0.163605644217
0.109643555667
0.105113787158
0.107878853287
0.195370701152
0.210550522557
0.135342833771
0.174945543711
0.17835688175
0.043345405065
0.103511451194
0.0921129570845
0.208419410741
0.0336883793028
0.122653003502
0.013932089687
0.0136685136587
0.283657016159
0.208965199502
0.27150845554
0.193666269192
0.0799338638953
0.113286845074
0.28431351972
0.276521609091
0.08370410271
0.0887096163838
0.125607311432
0.423936557403
0.226971515324
0.0528161674311
0.331495211812
0.079025288772
0.176883717611
0.126103095812
0.269876833993
0.1718622195
0.281817380584
0.365520832614
0.139829077554
0.092493704044
0.135462491999
0.15363129271
0.0411863951035
0.175240269326
0.0254250148856
0.145071974988
0.267751623439
0.154308750195
0.0816355495826
0.0331701550743
0.0786114885092
0.198762088892
0.201524221057
0.117554608939
0.279813857203
0.0651537276451
0.10852195295
0.437193143209
0.0394307158634
0.117602024113
0.323475242407
0.0114066302814
0.197554857774
0.0196457724727
0.0
0.0681861042665
0.0921770566777
0.23479919168
0.120642389709
0.128424183926
0.0113426262429
0.178560838622
0.0143338118966
0.0813629115812
0.191476703081
0.0961907215617
0.0393933479804
0.033028595004
0.0109319957867
0.0441715734447
0.102704921831
0.186700009096
0.114181529786
0.0613570903723
0.0102599804272
0.0480266785921
0.0256707697599
0.130399298757
0.129029680313
0.0270441075686
0.180694935593
0.358065151694
0.0361349273374
0.185414531994
0.131670281127
0.0419409057079
0.0629226670716
0.195839430611
0.148222807742
0.0128080865198
0.249498836874
0.219546405055
0.0830464618845
0.0244697583601
0.158534375523
0.0416666666667
0.0256513664338
0.185886760746
0.22389819655
0.115810212741
0.0112677846039
0.0685646424021
0.0371089450344
0.0736040872108
0.0944173992681
0.272978703224
0.12669709535
0.321865891352
0.450936420773
0.221709774775
0.183305646021
0.0610861964008
0.186906314049
0.331537235855
0.189676897012
0.103654706368
0.252958599502
0.0847308514843
0.176009655481
0.738350516966
0.153787427067
0.0691463305528
0.0667878263531
0.125989805321
0.0838623224638
0.381768682255
0.0924337309484
0.0733142261318
0.125516988595
0.0957385907145
0.16360415115
0.115499500265
0.0
0.428227205291
0.153036208726
0.0366340713639
0.112029958129
0.211752346412
0.257081008065
0.0744502576498
0.147818135556
0.0657695197874
0.056801252985
0.0618107653863
0.0373539720089
0.0429256377425
0.0670425960601
0.0123875741146
0.109046109265
0.0353158621251
0.27417497552
0.119352098537
0.108239237064
0.199878635884
0.165137864229
0.0605729030082
0.0758212296051
0.0866080203136
0.0444377871165
0.116367804161
0.157466449958
0.349877451948
0.0763494222793
0.196456902785
0.216849765686
0.230937948614
0.0
0.0561087272069
0.13683204876
0.156435719248
0.00695861651352
0.133815086114
0.374476348711
0.03581976091
0.295625048032
0.103121054247
0.0485260824665
0.0
0.132798605711
0.0387072379162
0.0757791943419
0.0501911233695
0.0370829490594
0.165931887563
0.138312874527
0.0697371350796
0.298587732647
0.0883084010553
0.511270778062
0.279536913122
0.149159694391
0.0419747956335
0.0752710033873
0.0557872260447
0.318041300782
0.110907226007
0.291128893506
0.0645415857521
0.512473303465
0.138822313762
0.0565937174247
0.0701763787769
0.273449368072
0.0833576714167
0.0374960326327
0.0968142759485
0.0404271282534
0.179428001191
0.0808069273663
0.117674027043
0.0911612204059
0.227525883397
0.0305427402723
0.14577775349
0.0577903018766
0.157531352075
0.227638849474
0.356771870672
0.403446661225
0.0658956503714
0.19316441636
0.087175787248
0.380732375887
0.00959182733051
0.174747301909
0.271731161584
0.405220928615
0.0350373506356
0.101140341107
0.0421864783982
0.10690375825
0.0816014809252
0.0603944388107
0.139073028971
0.262040084449
0.103509730805
0.0633830885421
0.223782784276
0.0682847469046
0.0847835084163
0.136081304177
0.211586998362
0.0848443155751
0.0508626790487
0.126950908535
0.0574106913317
0.0267804192162
0.100516077268
0.0489651221257
0.244510178233
0.0683695343798
0.0734398330708
0.167527337656
0.183958106086
0.0338508616958
0.131954738074
0.118229719808
0.0
0.159826868403
0.117900411917
0.279970594565
0.113410962783
0.0453637966131
0.156608316584
0.0908565775686
0.145203170614
0.123183745725
0.242960328654
0.0904206376888
0.134533238216
0.0
0.21642325392
0.0922069669353
0.320746639257
0.0831858327732
0.0708008266881
0.188646393768
0.129418712662
0.159779759254
0.112947738962
0.0266744065352
0.122983148224
0.165928591577
0.0989377466709
0.293010205056
