0.0577685098532
0.1043079147
0.14590029382
0.0981089576657
0.178347503612
0.0294627825494
0.196318195311
0.0
0.255664178162
0.0321545339861
0.100115542613
0.0301892971711
0.0438949485807
0.124744802056
0.106904413631
0.125665379264
0.0334931628845
0.0918872233014
0.0720797727271
0.113669169993
0.152761514829
0.0523937654423
0.0320776178883
0.107881911552
0.0487356101697
0.0210390296896
0.0327717804159
0.031347541319
0.0666724128753
0.0410603259237
0.351820092006
0.0205656306603
0.0871421868954
0.107107301067
0.0528695285516
0.0627346600595
0.293776704386
0.156560821271
0.131785041748
0.0553733324502
0.0247751482292
0.116173042324
0.0234308885496
0.0526334046796
0.0247179449532
0.244331169952
0.185874488253
0.173036294867
0.0
0.0554662514736
0.040825092342
0.190082198665
0.0947576299472
0.137775874913
0.108563535769
0.19151327435
0.209012298352
0.0459251071225
0.00767979586296
0.0185067799265
0.0114616450639
0.0737613569127
0.151119775006
0.0516658456476
0.0796243617194
0.146877252019
0.0734266703304
0.103620432927
0.192361976301
0.0941363530301
0.037862569025
0.0360377517954
0.0817161335776
0.218202157315
0.0620282525739
0.0846666756945
0.0389757291141
0.11917656041
0.0552119338337
0.0503170248071
0.127865022483
0.113376258172
0.131280429324
0.0698687280463
0.0881523033145
0.130870357787
0.0750483455012
0.0332220170268
0.0357910046489
0.076692314705
0.177666301888
0.0259184928855
0.178402935015
0.0364259146831
0.0405243155403
0.13760488174
0.187896247594
0.0819855190368
0.0266226293436
0.0158299101177
0.0303401349784
0.090886043736
0.12198956907
0.35652179844
0.0965859409174
0.317104070191
0.260371263295
0.231926597695
0.165490120496
0.107012473304
0.160595135383
0.124411056372
0.040320524032
0.0440116618991
0.247463627276
0.123089040015
0.036838020142
0.0636952003328
0.0341112505271
0.115933229777
0.0325458620468
0.294769481093
0.101126239441
0.137956113028
0.186951746418
0.0487374112868
0.250067338611
0.113039599938
0.117443552212
0.196407139864
0.0846763847335
0.204906294884
0.0827370437927
0.0619600589932
0.0625565192293
0.0107702740408
0.102058506276
0.224970313774
0.076420115772
0.136575826112
0.0641848271447
0.145365391886
0.228261667357
0.0216356062955
0.0886927199836
0.0155973469932
0.0342669319423
0.132913107006
0.0872285829446
0.141768009534
0.0703717747293
0.121145717231
0.1979291324
0.0534205657617
0.0880026581242
0.0522475088865
0.0949606624873
0.0409146539843
0.0494752002117
0.0628332166065
0.0728063314503
0.0
0.0541299537964
0.231614090085
0.0780326383367
0.0700869011982
0.0507769520556
0.14681013659
0.134983703757
0.0561978938288
0.0960278853459
0.0686684476521
0.0787357023144
0.164479260836
0.142171097415
0.153372018591
0.111469068826
0.0936844921807
0.0631837517125
0.0663637692401
0.110414535746
0.0681337826794
0.150813201459
0.17891422701
0.162851638125
0.127628518645
0.025311484822
0.0602293825715
0.0836276737564
0.0158299101177
0.0366579965923
0.0582292046116
0.0388072623985
0.0807325974936
0.014754193864
0.109027294851
0.140351637753
0.0604756835408
0.0932959709025
0.124559784675
0.0183000954382
0.0222628264953
0.110487643853
0.045540034677
0.0815692056855
0.0
0.0530274349753
0.183715189645
0.117663307236
0.0577491733097
0.170964225601
0.0405658296916
0.141727392744
0.0365088303566
0.0362724461196
0.170823970171
0.0741025728476
0.0641590448744
0.0722110050512
0.0464498039748
0.22527672413
0.159394973175
0.0379701562406
0.0882456881576
0.10654189703
0.264874035578
0.0
0.114829904315
0.0784370072807
0.0368032788373
0.122385120323
0.151558484277
0.079198012984
0.0541048914883
0.136185914467
0.045916394036
0.0936555408806
0.0481175718586
0.102356053682
0.126427047868
0.0626215273682
0.141930134123
0.16543458656
0.0579803686119
0.0887528115824
0.0
0.0348266602494
0.0117154442748
0.235480771566
0.158756412721
0.0585358782895
0.0322897325278
0.0714867024263
0.0325890040396
0.0426187448027
0.066420102348
0.148894677784
0.09568312678
0.133283861006
0.040519406577
0.125481768575
0.19192822552
0.047533390041
0.0385069753062
0.12009907792
0.150001487673
0.0307476593979
0.0531559078435
0.111784164572
0.083233939038
0.0747341350528
0.0817492560306
0.0689049150515
0.0581630706045
0.213558076659
0.177359235363
0.12008968483
0.13178867785
0.215318990849
0.166311344382
0.143309906379
0.0834415182579
0.215210892905
0.0443239366801
0.198603414152
0.0567620312821
0.048966190483
0.0546166439281
0.163699510022
0.216960762413
0.0816377826488
0.0631587049025
0.207424048176
0.14870420484
0.0982410390921
0.172349909502
0.0927879304151
0.0409562439813
0.0697017476834
0.10472260849
0.0432865207626
0.132494787691
0.137412397164
0.17192616932
0.0773127514623
0.0465442995012
0.0730021474488
0.0686109590557
0.0843072124194
0.0670227512067
0.287466767237
0.129457750971
0.0397769202748
0.196986017741
0.103636326999
0.0887337246424
0.0128080865198
0.0821770713364
0.0889069731623
0.283009367495
0.0808366618778
0.174040256666
0.0663471046413
0.134050449563
0.151976012288
0.251830845763
0.0939925733872
0.250606838124
0.0617608606572
0.0648903863116
0.122351000776
0.136566774218
0.0731724507718
0.049518162618
0.088791318591
0.0346755706696
0.103014000597
0.0761968578254
0.167469895555
0.108796171162
0.0444261043667
0.067359200807
0.14664786592
0.189551867533
0.0336427586498
0.175477383456
0.213023248754
0.0718649694929
0.19396887016
0.291362084553
0.0409691238624
0.112389596413
0.0715488222614
0.0478227303287
0.096497529756
0.0363016171244
0.130702492347
0.232479332785
0.192175005395
0.118558313707
0.204800265343
0.0373998137696
0.206314778637
0.0640938313779
0.279537630372
0.0957161429614
0.175985563414
0.0351305343045
0.0583198294618
0.0560220949325
0.0981160801032
0.090828882038
0.0569161987217
0.499193273652
0.052092700276
0.0346092731154
0.113168214892
0.123025487915
0.0924736065572
0.10476080399
0.182711251736
0.0125201828541
0.115909069065
0.0550885280203
0.0291705294934
0.0896971014776
0.00723295856598
0.102764133995
0.217955399679
0.0683183511064
0.122433614793
0.0536974082726
0.0421888590797
0.0923389916402
0.14602952841
0.098925337078
0.119318408524
0.229234710659
0.184240854414
0.0684863455953
0.115086054238
0.160864349998
0.12570965363
0.170576955368
0.151673977772
0.161818504709
0.215747387745
0.117676140908
0.215842403176
0.121791172005
0.157336015025
0.0237287732374
0.112867567662
0.0357960812604
0.10973853619
0.0176843970077
0.297261079235
0.188670996874
0.0225355692079
0.0409322609481
0.107970578253
0.282122878264
0.131209814476
0.0935493874295
0.0590942535807
0.0684637048819
0.0998197004834
0.1429891352
0.160344324236
0.106757040505
0.157979205731
0.0581773280478
0.173340555392
0.0981223589792
0.176707076549
0.145875110017
0.122802332569
0.0950748092529
0.196348451764
0.156529762602
0.274274187029
0.0410823781279
0.158298526975
0.0785588983118
0.0569731093082
0.170461294426
0.24285145151
0.103475390591
0.0473912314221
0.0952094683912
0.0284926376043
0.0320288805128
0.181327013432
0.10172009975
0.109644350631
0.0128080865198
0.025542698112
0.0755091898774
0.0865935529009
0.0957110027466
0.0746489325874
0.107477168072
0.0229601263948
0.119504974235
0.0226111497689
0.200861003597
0.0348487962656
0.128567878813
0.14524990689
0.0
0.140278341846
0.0371627223438
0.181880302685
0.176621176249
0.289401793569
0.0697127868356
0.215795701196
0.0406527674828
0.149403936717
0.0384572986959
0.0361483367205
0.113950660847
0.0301537545585
0.24171232634
0.0897721022383
0.247952357766
0.177185938405
0.0583429009309
0.0753473021588
0.229742179116
0.0456408107891
0.0661279481918
0.0364832329016
0.0888441835688
0.0565165707469
0.198771985457
0.0806330575018
0.226141358107
0.0288749585622
0.0842630466461
0.162342427572
0.0368071824796
0.102964441955
0.0381654935957
0.0821730710818
0.0333180558839
0.0848300067648
0.121174263079
0.0328168274735
0.0496288071502
0.119309170413
0.0684569785576
0.0354982260669
0.131977430687
0.0331363764177
0.120392008534
0.0690450728406
0.0923870314929
0.102284936062
0.357257108912
0.0216389377854
0.198780952562
0.0352973887916
0.128892629242
0.0411616943196
0.0868568054005
0.074784882442
0.16045724498
0.105332649107
0.102841141933
0.106190508098
0.0776438710888
0.123404089379
0.194875761457
0.051594778864
0.0361373315683
0.038184554175
0.0265040468872
0.118964557378
0.275726611505
0.0548281326113
0.04475278736
0.288890781459
0.13332647298
0.24444055007
0.0820410747171
0.205572937075
0.0759624546116
0.0949221162224
0.0742418507375
0.206794002926
0.193613976985
0.0397992806475
0.190803648799
0.183713731426
0.035037323226
0.085673434953
0.142441960882
0.0260193827742
0.0351732209071
0.0334148301241
0.214026620135
0.0135648458888
0.114445578157
0.0
0.0588931607586
0.319877290596
0.0401471611414
0.040555225358
0.0550007883098
0.142129931408
0.029768563375
0.0414774440795
0.0716781403797
0.0505561746331
0.103866593687
0.286362656204
0.0614801540858
0.0433392682734
0.254134703104
0.0
0.0665887410665
0.0574973222389
0.05354167085
0.239006296356
0.190656212546
0.0
0.420702461965
0.0675091239859
0.159412607419
0.289532730307
0.0458970889497
0.104109012867
0.231442305386
0.108117859354
0.0541857005554
0.0767777435592
0.0687611195747
0.0255913967742
0.119824761861
0.0935549206447
0.144877584942
0.208045598137
0.149937002723
0.161343248799
0.13445778778
0.0829753287721
0.0766494550335
0.196597011119
0.202133463311
0.232780477457
0.068880010886
0.0408476406586
0.229881224082
0.161227297179
0.0744427323351
0.0846225771664
0.0587426394222
0.0133997296213
0.0217419487876
0.228829509667
0.111126366097
0.161255953765
0.0722228882289
0.330532497174
0.120231035672
0.0565617163415
0.205291918886
0.120532556166
0.0933050726076
0.113600886403
0.329700563238
0.0701965457075
0.0891124395687
0.0736495466368
0.0376756645699
0.153388269913
0.200594254294
0.254041588005
0.0822506092468
0.0736040872108
0.287776294472
0.225367291503
0.115466763943
0.0648077981214
0.171730169272
0.216517350352
0.246892844522
0.349240203818
0.0395043423984
0.124248515753
0.111777661304
0.120718814498
0.252243137035
0.050395786439
0.0652825954326
0.149213876759
0.0570314839594
0.0
0.128340039475
0.300756659764
0.124062996453
0.264188754279
0.28574988217
0.40776180027
0.448486473914
0.136252954131
0.0763574526572
0.147021864921
0.294281329134
0.242720799712
0.194060289897
0.236905429477
0.0333485854355
0.0839573977943
0.320421141464
0.0545715096196
0.0405547190306
0.138799114099
0.137827577438
0.224959578565
0.184572320958
0.1509677507
0.167173911412
0.207618058695
0.103857079786
0.308667359561
0.210491068205
0.264213717842
0.0962568629327
0.344092698721
0.0857539338672
0.101323787103
0.0855843335673
0.128377251337
0.279675635647
0.141125373277
0.109125363395
0.0380289449495
0.210816088921
0.0629083338819
0.10210967035
0.105712069655
0.15975399116
0.176460747176
0.125186961681
0.0400758574728
0.0627009967439
0.237111812513
0.073308717321
0.0726974061764
0.465201628905
0.0237435748829
0.145244945831
0.30922988346
0.2684666996
0.0736504313691
0.0829911731074
0.0311603283237
0.102013513775
0.0430664505169
0.10317020537
0.0366662506859
0.22273299074
0.0109319957867
0.163144499213
0.361381961086
0.0
0.0507493621102
0.217679146525
0.483087964262
0.0701742424532
0.290304485114
0.0701904909967
0.0684355443282
0.0963133835716
0.0402935754508
0.0609469636574
0.0334148301241
0.0701524483666
0.0410193822014
0.0
0.202096310609
0.25359996566
0.202412045445
0.1151080942
0.204268072868
0.142618808962
0.0654968698327
0.133525493745
0.242276495872
0.0362503584887
0.279151830068
0.0865568898849
0.625
0.148911146427
0.230577583907
0.132423913984
0.0800186753178
0.1335450137
0.116708336891
0.076597400847
0.0291412247895
0.272483466016
0.10415486974
0.0941079803746
0.175010496945
0.0838877344163
0.0896249079501
0.0745723474412
0.0615952473681
0.0763913712539
0.0305613013925
0.141355422895
0.337336217128
0.0914855533727
0.227636937045
0.0801220421222
0.0590559900477
0.0525679931169
0.138642499544
0.149031711031
0.124128339356
0.0891671951254
0.284261982003
0.0
0.136459695258
0.210674396609
0.219666322102
0.107795075342
0.160184881386
0.1000062151
0.0294627825494
0.027864179374
0.0222060942842
0.0550578588183
0.0525560259534
0.0128080865198
0.0425373571496
0.0261194011916
0.0158299101177
0.145440122714
0.207028661384
0.0525560259534
0.0
0.0554187330819
0.0558233071857
0.0286078769987
0.111713804473
0.071158220891
0.0697293501938
0.138421321202
0.54754945444
0.0256161730396
0.0426403884847
0.0133113146718
0.0664364920447
0.0805240559961
0.390822503111
0.230652686434
0.181351742461
0.234772464952
0.0477161049541
0.28634208031
0.187936296122
0.0750100819955
0.260232534332
0.183429132742
0.0692808396206
0.0817786741632
0.0585048700065
0.0721819137576
0.143585511415
0.173188144846
0.0900733705109
0.0356648647794
0.0556127419652
0.0444058331378
0.0765907899945
0.184503105274
0.195873600855
0.08274332976
0.105886422221
0.437489957813
0.0363909969425
0.0883174954042
0.0457657469252
0.0427709454135
0.125244891582
0.102736643804
0.0838077412552
0.119190865915
0.095639595871
0.458419539861
0.0233592488614
0.113868121926
0.109516245978
0.591947385375
0.247215103452
0.0686447667519
0.0626630287864
0.0466666936383
0.132140998703
0.0433861201449
0.0439023185623
0.199344742587
0.334467873659
0.0928089928954
0.324955591962
0.0355605799202
0.199389131508
0.342971903279
0.190336225825
0.0902281537906
0.291921048423
0.0770543100257
0.352369193606
0.21526147637
0.115040705884
0.349406276549
0.188406639005
0.131701841257
0.122712660046
0.15854314866
0.194518140562
0.305545258642
0.0622191880875
0.352892633778
0.0791248241763
0.050726149819
0.255041522123
0.119863368487
0.173154727217
0.182331448335
0.10184112214
0.118222835407
0.367126588303
0.139760914248
0.151443306678
0.0504848619774
0.244010178795
0.305889097876
0.0873155305868
0.0295007856835
0.113147838104
0.125075381231
0.101492526822
0.0348332474997
0.131616034054
0.15141198927
0.172877942511
0.0419292912958
0.12242924853
0.0675367836538
0.323044138382
0.0700907886569
0.114874149655
0.204157049663
0.142727131166
0.290675506994
0.0700588613463
0.315811140675
0.0747872144443
0.245218864205
0.156397241989
0.0935120959433
0.146008085884
0.0705444713879
0.0608970819332
0.187737747697
0.0409359146587
0.0485420181496
0.0643326133892
0.183989386116
0.086870403595
0.13848719351
0.256696959493
0.135925021649
0.0312761185598
0.109070616261
0.0256161730396
0.0787788358773
0.0960695498151
0.34483307714
0.0425894320006
0.0951328025992
0.0529379424013
0.10780907136
0.139523797582
0.102207327954
0.0113426262429
0.0317964856017
0.156298821689
0.315002347909
0.207460440229
0.174014034673
0.0951672073676
0.0327396513812
0.199447201372
0.168943512482
0.0792699991202
0.0384050264634
0.14980824364
0.104140596698
0.131682347319
0.265430138669
0.0397629592475
0.0790862068069
0.129922045866
0.0741498414758
0.0971384518021
0.144837100914
0.10520305562
0.0665753846027
0.0675403109634
0.212262469908
0.241662419902
0.146442859437
0.0827837549233
0.189135800304
0.24459397839
0.128624887228
0.157785370353
0.269954994905
0.283940187633
0.0988820402276
0.106280565058
0.169001424816
0.0165681401826
0.0921380943801
0.0605461427935
0.154896669254
0.013932089687
0.101732967204
0.078397856428
0.227072471869
0.0678632081063
0.152175470105
0.0676694949001
0.184639966338
0.0642904401024
0.0548121414318
0.174486176268
0.104221634118
0.316787933278
0.133318460982
0.22829036925
0.117789809505
0.0739237972535
0.242585679944
0.22307577365
0.202115055955
0.0505872476558
0.20541746532
0.147708157994
0.155745331738
0.251229568874
0.15268339534
0.0594936597524
0.195094682759
0.0669622952538
0.272839785506
0.425305724416
0.105927044097
0.140071476403
0.256656258779
0.0623089233833
0.0870285699606
0.130162755365
0.027864179374
0.0859157451811
0.29585057867
0.0449297770951
0.300279149145
0.143965098764
0.174529288216
0.136930770764
0.260433364304
0.0351325871769
0.0712361735823
0.0821446822128
0.0
0.259140720611
0.257977446579
0.265389960644
0.252732069733
0.0775222618278
0.198851147629
0.48707320513
0.186300446237
0.0838018778097
0.0863491678787
0.354516903782
0.0805818776273
0.176787765399
0.115021816244
0.175724364352
0.216447854638
0.122854138275
0.172407195819
0.233540388218
0.0625
0.0175186753178
0.11102354957
0.0611596935481
0.168342562706
0.45432711679
0.15361361684
0.109600984458
0.130461767477
0.0815252357338
0.132235892046
0.0677262691909
0.334480461093
0.287781015612
0.199203460964
0.279735541568
0.158022383474
0.216904517417
0.0393031798454
0.147990244304
0.1354011149
0.120095572563
0.0931180442905
0.253027401054
0.0388338247911
0.0843710387556
0.0864802438789
0.1895294079
0.0474176912168
0.148882519229
0.259097465283
0.0924198422652
0.195042085031
0.185668254973
0.162474903152
0.361405374071
0.144059719577
0.080123749284
0.17306196879
0.305683952607
0.0725618649272
0.0577660429597
0.0996259166771
0.135291221293
0.056963905756
0.217206992769
0.218291029002
0.120959047037
0.0547453878338
0.0669604096171
0.0423687162953
0.141108694462
0.119734606887
0.274134114776
0.115213003172
0.552804449639
0.115224755391
0.469777153668
0.104567192287
0.139141702144
0.0768611994056
0.281992385111
0.193262788998
0.0599651370096
0.0772009607708
0.268010683593
0.111018690401
0.0881970854925
0.376160701057
0.208668896883
0.0414909131576
0.086263684615
0.0343224716043
0.121017000425
0.0884093072935
0.110302927775
0.0400061072047
0.11486982386
0.101659008711
0.405950049867
0.0513873089271
0.0898724588732
0.217676487119
0.239748038521
0.267869216279
0.0877891102625
0.328959733284
0.45313588094
0.312943536855
0.0565397721563
0.335240588063
0.074246291822
0.063027184364
0.064801283917
0.326478027895
0.155022544984
0.122601051697
0.0700363815161
0.0978372868027
0.0454538892521
0.377061776912
0.13751437299
0.254193251258
0.137349241668
0.169864995244
0.231336016954
0.197217986156
0.150173269149
0.469545699496
0.22822856684
0.103327441866
0.272793721131
0.204342468188
0.15448816678
0.0541938005658
0.282921262834
0.0
0.148211497261
0.0576717220589
0.367834432164
0.285792950547
0.0803533068663
0.161111455805
0.205104949875
0.200670359762
0.129390539958
0.244782974888
0.0915066154917
0.374481446156
0.338074563101
0.261267002809
0.178640249856
0.091470876525
0.0707297579179
0.212300734422
0.269158259335
0.0365574830451
0.381971026752
0.117000165422
0.15436595902
0.0504848619774
0.0818134965259
0.169988783247
0.0585358782895
0.106293317834
0.0751245255947
0.114012924169
0.0471486994384
0.0683885678791
0.0534565582884
0.27644205846
0.133918277779
0.314405138659
0.13197856828
0.127551415372
0.105691459046
0.148545715847
0.0951580457222
0.173094146374
0.229369542423
0.327612148406
0.25009076657
0.226142697888
0.210601652831
0.183643557561
0.172331546476
0.20505007223
0.26901228394
0.202584483888
0.0474897303532
0.160312909235
0.0414659422899
0.0515521668515
0.0509341976445
0.120793859105
0.0305002298697
0.195997414137
0.0313142839353
0.101178356101
0.0635571420765
0.0821991865684
0.267414818256
0.356756319317
0.0391470959974
0.143494114658
0.126755962343
0.163673510385
0.0447786953926
0.058725979446
0.536916211345
0.0603959613448
0.0313142839353
0.0960342218029
0.239786638729
0.120343324649
0.0443726924085
0.235449532069
0.0202319464138
0.211015815152
0.241576286552
0.0817779562271
0.128122945919
0.0797747364371
0.0968376033314
0.229606631345
0.243445404599
0.127235170593
0.0672878086471
0.0475036365441
0.0927004901453
0.257175307334
0.0586764160469
0.16561950334
0.104331173164
0.178484397998
0.0433819388846
0.101977396988
0.0851936809126
0.135931409953
0.13334758255
0.144815792667
0.147723750589
0.0939301471515
0.0409774070761
0.302291497645
0.140760879403
0.0670017237379
0.0664652349172
0.172548995306
0.113711114226
0.0267619059044
0.139639909784
0.301851338031
0.0418608253273
0.0540682814676
0.240912811569
0.115506731555
0.10965625526
0.162424148332
0.0470683700523
0.0368264095925
0.239975802727
0.0873057570237
0.15093042837
0.0466291608923
0.0374267010122
0.0586337065583
0.172734196046
0.119626619357
0.192918937908
0.244446026034
0.226858062098
0.17204403741
0.0504057326796
0.177908229704
0.0604257867844
0.239174161855
0.163199486016
0.224160564398
0.0846225676675
0.0760534443902
0.0414979030972
0.159329692327
0.0615162381349
0.0300131596341
0.196244282873
0.0851345495086
0.0396250548616
0.458868995131
0.0968233684462
0.134910973898
0.0551241363156
0.0736248923474
0.0831143181612
0.142232617529
0.0882135926191
0.0726366873847
0.176076289867
0.0999014712776
0.200072696766
0.16022973782
0.203837397037
0.268192333527
0.067395233508
0.0574429569271
0.374735271105
0.257173243673
0.261203301378
0.385369287486
0.133995144889
0.157967337674
0.0531088987119
0.17496223899
0.126216727776
0.322669832942
0.261861880028
0.404732366983
0.252600189063
0.0464368129929
0.146231324868
0.0394237552166
0.0424173508921
0.165154245997
0.0
0.118642513272
0.0988101876362
0.126165329638
0.0380037471542
0.127614398818
0.0851020165293
0.0571141259611
0.233016539387
0.10852195295
0.333599959824
0.152234899523
0.187234485234
0.072711735861
0.0658156578005
0.0973707719564
0.200099571619
0.178237811914
0.102568047055
0.282578477799
0.120062328206
0.224023331521
0.301886062465
0.0493635523623
0.360797780126
0.103893049256
0.166202754688
0.215855283376
0.0
0.210695679386
0.368004929431
0.0501752027872
0.0854770349755
0.0980903623555
0.150588564317
0.0768017618261
0.0237568156673
0.0565708685354
0.0950866214725
0.277949180722
0.191948116055
0.153731312694
0.0548738139499
0.185627173823
0.127047120235
0.191394785757
0.224331251472
0.300324248456
0.192146928142
0.369481199436
0.169296541579
0.0392107947999
0.0
0.0438032434913
0.0359075430354
0.19601420309
0.0634512312778
0.110156812844
0.173526550555
0.162927639465
0.236491326822
0.134308210795
0.0783937141747
0.138760326733
0.0705718343085
0.161118316712
0.0717050237954
0.157989073091
0.0981300738847
0.0337691439005
0.0341847019105
0.072185384578
0.174443089978
0.0752917450822
0.160597666509
0.177594019533
0.142014510507
0.107938423172
0.175219400597
0.175971725369
0.112036131046
0.169755565314
0.13614437545
0.170056100997
0.169448432197
0.154299361976
0.0469592435264
0.157495563663
0.123386122895
0.131595097403
0.209384273092
0.25597467886
0.0554507803692
0.0851707558701
0.0994267971839
0.0386476853797
0.18690267061
0.131866699761
0.261684623889
0.0164375746012
0.115219442879
0.110238637318
0.164618051537
0.0701746873861
0.0229088810646
0.0238864558316
0.146392860989
0.0684706850994
0.132054591089
0.244809694325
0.0887447394252
0.0942169939499
0.26252763362
0.0934390679602
0.178665281189
0.0891818291032
0.112262456932
0.0953408897446
0.152255627229
0.190467057577
0.199404882553
0.11669898005
0.125000581561
0.225862668144
0.0792482042996
0.0
0.127527173082
0.0863917900296
0.0846966116403
0.196822581957
0.0625
0.0
0.0555626239135
0.137540098468
0.219095336717
0.040868125447
0.0612885365426
0.0821446822128
0.0498935242342
0.147023346026
0.101859208747
0.0506038897586
0.0548517745144
0.069700923153
0.0341023178545
0.0782837966211
0.0
0.158347078562
0.0851466972632
0.162312907077
0.052840520291
0.106912318359
0.0151274232918
0.0447729368893
0.182445767261
0.0259602202951
0.162720160112
0.0
0.164785637848
0.111508439645
0.0
0.118990799889
0.0362378393903
0.107320599134
0.0666144221383
0.156182176783
0.0772832420218
0.0723538573281
0.0128080865198
0.0920014467726
0.0262797261421
0.0881258035607
0.314101608245
0.0913701719381
0.0547872551483
0.205378923389
0.136485875697
0.0647455815305
0.133939853348
0.0271296917777
0.0587642000205
0.0533407426707
0.24218562247
0.0
0.216671311562
0.182836378162
0.0531198229218
0.178661095038
0.277238691894
0.0367964473597
0.013932089687
0.160763334437
0.125217857916
0.0133113146718
0.231445283875
0.137109303481
0.286724598415
0.043345405065
0.0409495638674
0.0710036549478
0.15842638215
0.0674115458393
0.133612450453
0.0624853568016
0.0364254527463
0.0356872734688
0.128544354807
0.0713972847729
0.0760258662443
0.221141954206
0.0520165952609
0.0793280488945
0.0880367632389
0.0686228335575
0.0863284797882
0.216168756343
0.0560036675074
0.184195172189
0.189131488909
0.343588083091
0.14461669924
0.169446059043
0.103953034392
0.308678052064
0.119979786723
0.120167442039
0.0811197811649
0.0699021663631
0.151414806054
0.192907947038
0.106831067839
0.0770011366898
0.240586960491
0.110162584662
0.156355605754
0.162048184237
0.0881314594944
0.144494266895
0.105875390876
0.138456591227
0.171024770694
0.290114212215
0.105825056451
0.141264285264
0.0583604498582
0.159693779821
0.182335245293
0.0745679188517
0.126636879173
0.131453320127
0.136963394905
0.188388003424
0.0608343420862
0.17888584298
0.211444504995
0.258983670499
0.195726692127
0.148701750629
0.132445229601
0.039385225697
0.0409495638674
0.203781226625
0.274486854891
0.0678632081063
0.149813350976
0.0934720080003
0.111597857763
0.208525566829
0.24906889965
0.306285150545
0.364946749907
0.197659113579
0.130534556386
0.340438767351
0.172229849614
0.0347914220155
0.157900553978
0.0430733144765
0.0390790867286
0.0344184571814
0.1545083886
0.216213938602
0.188238180917
0.225974717154
0.084240207842
0.183963591281
0.0331999954274
0.0945713129337
0.0592317595378
0.17719896452
0.234510729599
0.160924849756
0.189003058667
0.292558909687
0.131534379732
0.119173945598
0.326965313568
0.21663590227
0.03505444166
0.342151528644
0.259999551594
0.120732303333
0.0266529562369
0.0489788217571
0.405798175699
0.131307850968
0.059033163321
0.133451406078
0.133843567907
0.335061750289
0.0368738474143
0.31352170218
0.189076466847
0.104323635264
0.306811557256
0.158480080713
0.165400379718
0.154557435984
0.279772646822
0.0335498522951
0.225052234384
0.133559076153
0.111740932143
0.0887194597731
0.0254049087475
0.221512052814
0.177001011141
0.235217120262
0.121190059924
0.334677062746
0.288055522429
0.125167094629
0.0553190228627
0.0992181776231
0.123160667457
0.252791805973
0.29079261807
0.308823973575
0.154784828869
0.164279174701
0.121725906681
0.152485208617
0.10118675619
0.345377605264
0.373441237202
0.0878815201896
0.189394673884
0.285575398573
0.347681434326
0.210782821855
0.191460720111
0.0659549182446
0.16096648256
0.236136372927
0.23380687307
0.315820497447
0.329270506158
0.0372237912425
0.224872213969
0.17395255887
0.0591711262072
0.23991444811
0.220189726548
0.206792928029
0.0855912926449
0.150900776753
0.0741940681772
0.268671452368
0.0883710745164
0.0418540969625
0.125831221503
0.382623515599
0.0162386784914
0.261283579696
0.197850752473
0.351631809672
0.16744576989
0.230903802642
0.211768807096
0.107566908634
0.140141939514
0.122957976323
0.192504607112
0.190721481493
0.0382220125314
0.287546442157
0.212327765308
0.194239129508
0.0906467801969
0.236862137934
0.0883120706045
0.282458938594
0.127214959562
0.145812708918
0.272430978797
0.282597021108
0.376181197863
0.205656820239
0.310198611024
0.0256380450155
0.133934401924
0.166172304858
0.2383906012
0.461834127716
0.178091591153
0.0223780978425
0.202444754847
0.180884480138
0.104648885191
0.263154544837
0.167366709705
0.184994590183
0.217839427332
0.212349119883
0.381513752592
0.091121083012
0.201997552755
0.181811710679
0.0254049087475
0.1976033854
0.20496653847
0.114548074625
0.153599524865
0.124114825634
0.0425111874304
0.313274952059
0.17969108788
0.063753220945
0.0840040418705
0.160555372059
0.234850360335
0.0915422469226
0.199756814062
0.063077520666
0.233854519865
0.0398507467726
0.133091591016
0.10057395443
0.212459073301
0.158300945424
0.151735649817
0.188691932908
0.198287960855
0.120635073308
0.140785533357
0.131070867436
0.0806127559983
0.176095270449
0.339023348124
0.231243725906
0.0312709964034
0.21104095335
0.0959201195169
0.141203475406
0.263982159617
0.0748002673328
0.133632648533
0.0939301471515
0.335765840561
0.299577495275
0.0254864034413
0.313516154968
0.0457657469252
0.0147313912747
0.0811131757944
0.0941805095638
0.165999842158
0.148318242387
0.11131158016
0.0778747398331
0.199505017059
0.179957394345
0.0627182184318
0.263238327623
0.369344412372
0.0114395934745
0.097923080192
0.247367172614
0.0322997314907
0.0915252670866
0.0604569088118
0.130973990072
0.0524245448325
0.076860430395
0.105838265426
0.0959294350869
0.0342198908442
0.23406168393
0.110345502063
0.0409378769143
0.0628932834946
0.239928091058
0.0813380343273
0.227543864367
0.268994940445
0.132879971591
0.168376904391
0.0679916130087
0.103035174247
0.110981389376
0.0578199447753
0.169124817964
0.106673950018
0.112433981185
0.290856364502
0.14783519407
0.209700879159
0.136612072281
0.113050913153
0.112004300028
0.220128612766
0.109445922729
0.0397500619589
0.12904120022
0.11295221567
0.326249746794
0.310778845655
0.191767739291
0.0557054103578
0.108312391719
0.170016299452
0.0446942501684
0.0735878723453
0.0833404229571
0.149749725253
0.103547440736
0.0492218842536
0.0721859161228
0.255661655982
0.331593936109
0.136673403336
0.108974187266
0.113194400253
0.0811250469033
0.0829798872962
0.239331484968
0.122668953158
0.0838233728283
0.211950522776
0.170746110381
0.169932802846
0.0463936712402
0.0998865335253
0.268590149944
0.092360098209
0.0895100251573
0.0
0.161775937093
0.170019338734
0.115741233478
0.0792815951164
0.00964745242081
0.165480198917
0.0958122101225
0.109691814051
0.0575273756132
0.0964900899337
0.077724273779
0.09937677972
0.162792556784
0.0756946477223
0.102389123081
0.182119060844
0.106058228312
0.0728674529822
0.116607165756
0.115091645838
0.12429407106
0.264568858138
0.0819422635905
0.17197403401
0.14160883174
0.293670608902
0.163869993934
0.0733599285471
0.158173583698
0.0313831341922
0.0
0.0979880844213
0.10968905303
0.143249096837
0.147358775796
0.167225184134
0.190192411864
0.151431847139
0.0423317808984
0.173139667455
0.225518658938
0.0947169020268
0.0856995308151
0.0926876321455
0.0901017295085
0.156692258988
0.0526478552934
0.276099775868
0.11190103226
0.115637353763
0.0905770934844
0.0446486872924
0.0764480312587
0.316489961319
0.162410377606
0.208863718485
0.0744165683908
0.212760789956
0.0876814872702
0.233624565245
0.144181526193
0.119454472973
0.211005185524
0.0906384849015
0.229143305757
0.0641099386672
0.128133629402
0.135465073765
0.064661473796
0.172623190924
0.324443815699
0.214832246842
0.197065795006
0.295510025451
0.175663257825
0.0742920950267
0.278593133527
0.0699148214723
0.113151621072
0.0720123546141
0.0407900749218
0.0721778208808
0.0511265066563
0.0778850339706
0.318728572283
0.0924331738173
0.286533275721
0.245098176899
0.117046234535
0.183337862101
0.136373718938
0.13408688086
0.0863720562017
0.244091353898
0.0251025972204
0.0788568221006
0.127423941952
0.164554945896
0.0922061293655
0.0698185173045
0.0925666813828
0.392169018901
0.151862175694
0.0938114914517
0.0947625601855
0.196103425543
0.0427568245024
0.096439009034
0.169540373863
0.0554526088377
0.149820551708
0.0528553109873
0.156508631253
0.0927104315887
0.0902383055775
0.0889885575098
0.137151807075
0.0625949641869
0.28356561204
0.133840513829
0.12634127036
0.115139504281
0.130448874308
0.214332722283
0.117922338969
0.13020781643
0.194209320204
0.151335603926
0.058284591219
0.150370549008
0.112439200703
0.0452246661243
0.0359659346752
0.306249529623
0.0608622372454
0.121188670264
0.166368811916
0.0643276398469
0.0665112847475
0.234640135972
0.177461953807
0.19772812499
0.106481523534
0.232479922552
0.201730716835
0.146059949575
0.275796824059
0.305552013071
0.0553610381125
0.224327792821
0.195274952375
0.0882579944811
0.673850383781
0.0283796115117
0.083949948431
0.0384242595595
0.258533172676
0.241669781491
0.226502941192
0.224988363688
0.0813858377904
0.0501316273486
0.0678237838337
0.0980724230806
0.321880571209
0.251810013598
0.18888721683
0.115503365454
0.152763261081
0.348095080732
0.178254025076
0.0931983566653
0.12615409735
0.0353514804951
0.0839116587547
0.138600888352
0.188774005507
0.0579755659558
0.369096168414
0.0796394036786
0.240130231379
0.216706534488
0.143792953729
0.180057163204
0.0710780323993
0.0753100237986
0.142428355096
0.27248704804
0.126918334918
0.200818371235
0.0354590191577
0.124616139779
0.0365355221031
0.190610781771
0.116647966306
0.107634400325
0.135453921558
0.0756527238475
0.0727431239432
0.0748209534471
0.0872976287423
0.133534615997
0.11330618993
0.16945120077
0.295395506806
0.218369073586
0.131456898165
0.0999992876776
0.209175165633
0.0597138172771
0.145993333405
0.0544740158487
0.187256781617
0.275022930675
0.255443806095
0.253291350947
0.212285172494
0.151969755502
0.19830524003
0.202221928181
0.112607460307
0.197461353305
0.139510781516
0.22197159611
0.139015781492
0.0441567732181
0.0964510395831
0.0397794786456
0.228578916383
0.0593669045157
0.0464232041161
0.154303345886
0.156630885119
0.267242019372
0.269865504726
0.0409605506838
0.206926412084
0.0882530827984
0.248338064648
0.039628295816
0.161263277935
0.219873194855
0.134477973656
0.383242544402
0.0893487271249
0.120400439967
0.116601298022
0.110204392432
0.180707098355
0.0982348963586
0.193727373416
0.179250307093
0.0924055632088
0.207135708456
0.183787807356
0.206188658955
0.271917549751
0.114561085237
0.0358229413318
0.0409303564053
0.0810609304811
0.0526914161514
0.245311383541
0.0682302660412
0.100356634465
0.172581366385
0.170761206995
0.0992952286054
0.186270809567
0.0712016600709
0.169060728246
0.105931212277
0.0648961901288
0.189342028845
0.159504266628
0.0668465847085
0.0632720089676
0.0904283940085
0.142458880834
0.195425860099
0.0566348601108
0.234123085121
0.145545171904
0.180363252702
0.243090879127
0.0952086748607
0.167277803603
0.110252299315
0.131012323568
0.179081307798
0.131274945082
0.222846308618
0.201920794309
0.0215405480815
0.0350670180405
0.3092182165
0.225852734163
0.242623297506
0.116639473201
0.134971522677
0.135376291921
0.282193360181
0.194612983125
0.308155151715
0.0827090610324
0.0946502048206
0.316787290144
0.186640193993
0.188608213751
0.0654613803762
0.141198501746
0.191430951329
0.190257533231
0.162317292833
0.269994966559
0.238294589678
0.0736504584168
0.126522395852
0.171350821897
0.204450069208
0.115826156322
0.155841292875
0.205422166253
0.16368611338
0.0240562612162
0.0911471004684
0.105678863557
0.117125178698
0.258730727168
0.0627740403126
0.162810154021
0.249335352421
0.231925341636
0.0590558847291
0.225675815216
0.116046087961
0.175868996165
0.128509577363
0.237358883515
0.239275117791
0.337688050466
0.190661891039
0.0747178185191
0.0870956129277
0.138671616948
0.0644690019863
0.138363326861
0.0528663156087
0.21507099218
0.308725414088
0.17739773456
0.0398989818442
0.202680296714
0.260538479514
0.178902924104
0.149407550759
0.0660658268552
0.224772850772
0.364074896612
0.0740231851443
0.290380491567
0.287570242826
0.172490927769
0.114130081725
0.0866294958634
0.130926586594
0.17375886734
0.188723699028
0.192871282785
0.236614129373
0.0907668785269
0.14105554036
0.0452246661243
0.080624658964
0.149179135519
0.112817942078
0.163485059326
0.0
0.0317492668969
0.135794592936
0.146366381775
0.225672189216
0.114309027876
0.170937296747
0.187525594409
0.111846616547
0.0807961587584
0.137859720702
0.0864511320186
0.185726020325
0.106235317478
0.11115778055
0.172540966357
0.202434644007
0.221107559184
0.179071168418
0.0382247113324
0.169981691983
0.0828639746997
0.319199671371
0.109424725534
0.129154207862
0.205298857323
0.138848456102
0.381878949293
0.342757981181
0.172307399147
0.219964824348
0.28105894186
0.219443031015
0.0769873149387
0.215165580193
0.195732532126
0.171212641957
0.13159253586
0.104138088341
0.191070258236
0.211332472606
0.0986410974697
0.0719846707251
0.298735260181
0.350234559478
0.0401867145313
0.208703283306
0.199188416586
0.115146996994
0.344139117716
0.0785371464572
0.164141105705
0.231206336394
0.156974162609
0.156816741295
0.350947007884
0.108758890414
0.0935256505494
0.22582311993
0.0919139696553
0.100658388748
0.118699734343
0.201749891106
0.318923883925
0.14190012698
0.135487427936
0.165971306271
0.119480517467
0.119750404452
0.220905001741
0.233750275468
0.164162249907
0.0639266382524
0.0
0.106081626861
0.257708801087
0.128544633225
0.149622402659
0.222830517832
0.107489430696
0.148249554421
0.11729976529
0.103647013694
0.12149077762
0.0825381709343
0.0842056753754
0.173710290615
0.194823229311
0.0308299899896
0.110557643795
0.182594649008
0.180925694705
0.1026938712
0.0952086694198
0.232167764859
0.0372260918056
0.203823721766
0.0957495275195
0.0691495675186
0.0319840993671
0.0551330639033
0.0549530577191
0.0147313912747
0.127711859455
0.0821035128886
0.15872733924
0.0814811774634
0.233128528087
0.291832378514
0.0920780550931
0.183914232095
0.375945837948
0.124705000295
0.036843668423
0.150132776366
0.0811004503732
0.125977381254
0.107712290018
0.0729258710073
0.10679172738
0.232972419183
0.163185217531
0.0748641343271
0.0363447457537
0.167836119817
0.0568816136928
0.0603117230639
0.201599215759
0.0268170734011
0.091968500886
0.0721919186369
0.069455504777
0.386182038468
0.0932500775627
0.0679412269351
0.0718872855016
0.321689600033
0.197034161152
0.183187885159
0.0662754027297
0.0725227903186
0.245987518487
0.149278031523
0.157630349489
0.0885356818358
0.0828845586513
0.104578385371
0.0809086991044
0.251989572311
0.0801175492091
0.104349409233
0.135252690845
0.0965227692021
0.0745468469135
0.182383581803
0.175066292797
0.0413948708621
0.319465717787
0.106667822425
0.105471458737
0.0769371645642
0.0875839035018
0.0707529117105
0.474700900746
0.157037392228
0.0340272390319
0.223909649669
0.0593365472703
0.00834543800733
0.0335547169259
0.0978763406324
0.149858861469
0.46658071534
0.106060996651
0.0644633848295
0.0726468537399
0.106513645413
0.0581588292815
0.0607545127243
0.282143939212
0.0580747484154
0.109051624232
0.0113426262429
0.0624072178262
0.145183192525
0.221553973474
0.10687326174
0.0941609898533
0.0784974108055
0.0226017329976
0.0328836514954
0.194910421819
0.124772539893
0.0
0.0688808799441
0.136140404307
0.066131720659
0.0717579967391
0.370798464543
0.0608921249428
0.0528234246482
0.038365083867
0.115670352556
0.303005401071
0.0629406714612
0.185839426133
0.2218411176
0.197659302002
0.108542530692
0.096953936219
0.0497479456861
0.137617961607
0.0411619237341
0.0423504330083
0.147995465242
0.0850283917017
0.147752086156
0.10782588771
0.0824031853632
0.19995627016
0.0816141142603
0.0431376163242
0.0979227894478
0.0678632081063
0.0784586960234
0.192334858577
0.454329080511
0.210702458628
0.0523020673301
0.0942149427203
0.0903122955032
0.219775240245
0.0374887205711
0.0454202784036
0.0405199793063
0.0535392043645
0.0660837678821
0.116878967834
0.0363484291119
0.0313992847783
0.131234854359
0.0362370762169
0.225222022703
0.0219433494937
0.179333927695
0.021573203699
0.0757447309851
0.0613940978811
0.205982477241
0.209920204029
0.139535476635
0.170661612351
0.152195218755
0.0970299132348
0.0837716017193
0.0967135649167
0.226065139704
0.102491826173
0.114105400685
0.0744153703407
0.0348160732844
0.206047668069
0.186164596195
0.0883059233968
0.0663506131856
0.109684725867
0.0615481694098
0.0734353581637
0.152127173585
0.086190232663
0.118469734759
0.241723807846
0.0374165803828
0.169816322537
0.0453385496091
0.0661119433986
0.164360609268
0.130900151355
0.0740132531455
0.138747340176
0.0817322472009
0.0368032788373
0.0967829895681
0.16947981598
0.0576313567741
0.138442018489
0.131150908348
0.0811394479333
0.0181452209443
0.094132629649
0.327551281283
0.0393540692392
0.0888753064463
0.0272198686477
0.0333903640213
0.0822657158842
0.0895234525592
0.0937610175749
0.130576606565
0.222641812531
0.0251956606344
0.147193118209
0.198003461653
0.210361499527
0.0322448234511
0.0846548610541
0.0683597967996
0.0607683161061
0.133354291379
0.44627991307
0.160840555686
0.343926744969
0.15820950879
0.140874071554
0.0655832405451
0.144321313546
0.168036109825
0.0179835324429
0.0664260478664
0.0111030471421
0.152644031041
0.18449961289
0.0728186355069
0.0536284055249
0.199507962998
0.0732800328326
0.209123680468
0.564632233447
0.178594019927
0.172468109072
0.126999239473
0.265672852414
0.0426388865139
0.152915544353
0.157538396447
0.0812559687749
0.168275528839
0.216773662589
0.119194403231
0.259822213699
0.148491499828
0.224765543994
0.0436544965475
0.0977609124382
0.201436069083
0.110934273888
0.0876497592502
0.0981039684519
0.0610144471102
0.090439091226
0.186913082781
0.0765708413198
0.127935331975
0.245709854747
0.150095325366
0.119246191568
0.0370913612989
0.351408674944
0.162485993991
0.134709044951
0.0462551752808
0.0658653048532
0.0451206392148
0.11620814392
0.0860070789147
0.322982454751
0.143113264964
0.204129207847
0.136380724177
0.178589777833
0.041796269061
0.134616567051
0.0531959241179
0.0504342381115
0.118832057247
0.123858029213
0.0237568156673
0.0620075899117
0.0428494568831
0.118341906171
0.057023153212
0.0782284070312
0.224689004589
0.0688276546067
0.197818456899
0.0676680798761
0.0485736520654
0.00953797374724
0.127364010886
0.10327685612
0.0384015286951
0.25640795835
0.0662545681737
0.0664765695445
0.241628976584
0.30248036017
0.206694696279
0.143553932002
0.214832222289
0.192838205633
0.289721941247
0.0612749506922
0.0683427024543
0.0645961485978
0.0698188488976
0.0518807645538
0.114751404263
0.223891981905
0.145149953993
0.0930400505892
0.0
0.0819508870483
0.129506703491
0.0459745555018
0.100656947371
0.0221582570458
0.0414418253254
0.39288391093
0.152513390198
0.070325941793
0.125116081975
0.156576444752
0.0917780169401
0.265745793559
0.167774307743
0.0831574759055
0.131270641968
0.109357084261
0.120200415094
0.213229039166
0.211872710383
0.109777856085
0.393536522188
0.0791273615763
0.0
0.0286139212417
0.248345559164
0.363705024426
0.249963987302
0.457872316719
0.0507204339084
0.126324867411
0.173579925208
0.344573443457
0.0204106965967
0.220129683377
0.0769468753851
0.0919220592678
0.354199229099
0.135364009648
0.14482858703
0.0906465380821
0.145702972674
0.0661737561215
0.190717017466
0.275288072452
0.208866223489
0.0702997011268
0.151353404959
0.138991851438
0.125252527446
0.130142891449
0.056198221057
0.160520789032
0.0249766382703
0.258350893167
0.261679792207
0.108527722653
0.16469045739
0.103832478713
0.137324343399
0.173166251762
0.244301467074
0.0778852367539
0.0955598897632
0.0681463437263
0.0322500665925
0.0897329923394
0.107755545386
0.293097936871
0.271344294306
0.0292248636167
0.0840046461767
0.0414266788341
0.0288790720257
0.0256161730396
0.0594287999427
0.180691134494
0.0428117572082
0.0620641820386
0.142518675318
0.095639823943
0.0436940894918
0.305567644663
0.0669931245598
0.132586211014
0.118688293679
0.034087033536
0.0652820921987
0.196688389944
0.104271630243
0.473215282646
0.204425446727
0.0488835509141
0.0742355331013
0.0565488083448
0.0261770666049
0.0867605435154
0.117094530549
0.160645214234
0.142557217538
0.092677788951
0.0323945814873
0.11849115847
0.139270468204
0.114346502532
0.0896233810034
0.0949032121019
0.11893145783
0.0374351162496
0.112874801894
0.0549900026293
0.307413936918
0.0128327584931
0.0655441986814
0.0416666666667
0.0681192526059
0.190468378605
0.0467317250441
0.158201945301
0.294137552878
0.0679404087483
0.161154977104
0.0310729849682
0.131708855947
0.131158745118
0.130446971377
0.0659040086708
0.36029567086
0.0956710773297
0.101748898798
0.27662429753
0.0633729648598
0.200906318902
0.104895152045
0.0953414381154
0.0542495146931
0.0517940084189
0.138413795549
0.129676415868
0.237856297574
0.0867164025351
0.142075614593
0.0785268889188
0.23051510251
0.0745329466164
0.0703465653631
0.168804460597
0.0861150424528
0.0351757140051
0.0560689855602
0.0776344332087
0.0380447171418
0.17520646839
0.102221230892
0.0325961563624
0.103677398779
0.101627859446
0.0348260134734
0.0842532831299
0.139814157081
0.0460549777039
0.0708143975194
0.110351194011
0.116397882215
0.061855550452
0.139477596006
0.262089970319
0.105763181425
0.110596073809
0.052584463762
0.248001444896
0.0920964783378
0.417984821006
0.276059344432
0.069744642512
0.110269120014
0.0900617202411
0.0820697767059
0.0272434043588
0.0819778206425
0.118458471555
0.0616633975477
0.0887900054943
0.0736979987837
0.0773050506773
0.0
0.0781678274038
0.0714110030413
0.104571660027
0.0286139212417
0.081347733132
0.143216496663
0.128201199218
0.18261374649
0.181831258203
0.013932089687
0.0
0.0420309268616
0.0998563706662
0.0876275154021
0.0414867855032
0.132250403233
0.0394597261449
0.140107540759
0.0373629782366
0.0839945893055
0.102464493494
0.0869963119968
0.145525574398
0.103306855747
0.0436940894918
0.194629525624
0.0881842348539
0.125916017519
0.172981915894
0.243729460699
0.0538880935679
0.0
0.233889038599
0.141207424551
0.103916598086
0.115722590628
0.0695628945719
0.165558169357
0.222324639354
0.0315868816097
0.198271012908
0.144039081683
0.110437538242
0.130457141053
0.193478600922
0.0710383425374
0.180303383063
0.130774843536
0.159857200171
0.0712704365493
0.194390917057
0.289517886498
0.0557973331498
0.119332890487
0.0672727156059
0.278237737027
0.0717062195447
0.146691571377
0.113811351312
0.103274470666
0.151454585932
0.214270161489
0.0744335882908
0.0603496137094
0.191336649683
0.0319836471323
0.29681996222
0.219748749953
0.0685479485428
0.0933613812811
0.0952323522696
0.046644492427
0.123423734972
0.222308235003
0.0929393125561
0.0619283596614
0.0651094853847
0.122221017129
0.0383839887855
0.10663620711
0.102854704396
0.170323881443
0.267110447768
0.0838138460114
0.100660285379
0.130826177279
0.121183769789
0.240994802732
0.223039622245
0.183850898456
0.0
0.0801552403483
0.0675706043161
0.194990629461
0.124851879474
0.191411925653
0.53082315089
0.157262051899
0.193251005336
0.0986022187251
0.071465155362
0.0804699637451
0.0932787231494
0.0926578164451
0.140697102421
0.124889450239
0.1432374615
0.280260523266
0.124427038213
0.117801358354
0.197408542414
0.231959247796
0.0655166612013
0.00601326055206
0.217693396192
0.0539608577902
0.109816947334
0.279954157605
