0.198274538622
0.0901986460334
0.183230464221
0.349639690728
0.32524391443
0.198610238873
0.195698027031
0.307246564368
0.211177504712
0.409226067257
0.15662850406
0.0892732543153
0.175159152059
0.30869149113
0.425921641624
0.276669100684
0.0818094206997
0.27389753554
0.274724587851
0.253525457962
0.277865319999
0.381194855817
0.457221185859
0.0199669720077
0.147526466449
0.0805808806926
0.102668499241
0.211840686106
0.217520960556
0.176040006618
0.231491256247
0.105806765409
0.242619031875
0.822541622326
0.0733570818108
0.29705914678
0.129963548379
0.195804036578
0.0723020617936
0.213191585796
0.162285200547
0.253587393673
0.209315592243
0.221146568914
0.080619780546
0.192890764492
0.187244137613
0.151742156902
0.321199469632
0.44286893792
0.365243216956
0.198610238873
0.0988323699674
0.153730200201
0.0230036998223
0.0948538380457
0.0496522850934
0.225269394098
0.16349944227
0.0892095699629
0.184923056896
0.0
0.368576050975
0.194198292697
0.148786568567
0.126644193003
0.0402865558995
0.0837982710112
0.0884305655399
0.100579250707
0.301382050008
0.178305066639
0.0910079436623
0.338510357753
0.468930755051
0.349158425305
0.269092912599
0.291218910145
0.260560336441
0.403475449998
0.369751787503
0.587217426112
0.388464876052
0.199878861482
0.423037801099
0.050410387561
0.217990795848
0.0732364741279
0.207529589051
0.00766415502441
0.329575443397
0.0319836582831
0.0408738707611
0.314189165136
0.0915736962496
0.0520833333333
0.335862921491
0.0731947722731
0.123126304489
0.0682629718873
0.348503224847
0.0944758089631
0.0243068698017
0.0736804677325
0.290408342579
0.165796827238
0.281348204191
0.215518968301
0.159945326935
0.286406361528
0.0587233484824
0.110414864153
0.183683599197
0.213169610048
0.142631600609
0.129430164024
0.327451662243
0.276653834619
0.0970979123823
0.158434587804
0.31832235159
0.40329439189
0.0262780129767
0.32385588225
0.275625067267
0.351513394563
0.524795761792
0.322128386874
0.225886761217
0.356161536857
0.0725138524601
0.24539190718
0.172488388363
0.235196000346
0.0368773962851
0.0416666666667
0.3576794786
0.286336331855
0.0951549900742
0.16725834606
0.238713313443
0.0718638323942
0.128858279603
0.108567825627
0.402729264706
0.416023410043
0.168239301905
0.133803094075
0.337634724263
0.0739775868098
0.308867715689
0.0728603422628
0.334544568873
0.103290618094
0.206628611441
0.0617141063049
0.126384894925
0.227717280149
0.0335001905202
0.18698187799
0.340458822833
0.0468674726476
0.23332749356
0.110621564663
0.0879482627964
0.776398396739
0.164201162905
0.316963249779
0.0975611439997
0.17740137405
0.218740865785
0.307194934894
0.167791221387
0.0820661044346
0.0191058758432
0.0723435087341
0.402912818279
0.293309067983
0.0539878307853
0.0444307745034
0.130577051354
0.495497122336
0.104784822344
0.115657703321
0.0966901773825
0.0372326724281
0.211422148616
0.239554762425
0.177019797376
0.0
0.281125176477
0.268577156716
0.168463843755
0.198667115201
0.184585335976
0.0864681764055
0.270503940495
0.177560016121
0.147361690143
0.156739754957
0.375723372054
0.0425699069185
0.230076818612
0.232311787703
0.0946030796787
0.247019465513
0.348827050016
0.0313199531437
0.119499006373
0.281459008445
0.0219535301621
0.114003244647
0.150048068684
0.40486765598
0.259546169756
0.22223477276
0.492194874818
0.160358527165
0.364367869326
0.0478538237102
0.0690520003318
0.103374311237
0.309646872183
0.472490962115
0.308592406732
0.280394581478
0.047532556549
0.240657069992
0.191893912549
0.078335942415
0.022938278806
0.0890660979337
0.284418104909
0.0338886663359
0.144695416511
0.301351325682
0.490845519476
0.314122625745
0.0724574314773
0.140119375896
0.0589679198926
0.0728746554926
0.0569008765482
0.0
0.219532139501
0.214911974717
0.179911135992
0.377771598274
0.116597179315
0.554260506644
0.366059153996
0.23675504283
0.320568582018
0.0743302835792
0.03664547014
0.170655782399
0.0378964745485
0.0411405858419
0.0703870651024
0.0782803651004
0.104381348902
0.107165961376
0.0361247471024
0.580359088382
0.0923755025604
0.250331438256
0.127250343283
0.0591418975485
0.0
0.0473207553315
0.0985208308974
0.25080937339
0.137782529277
0.206660013771
0.251123983344
0.0716175910855
0.194778961352
0.456625898047
0.22312044436
0.0
0.442254829691
0.422017884765
0.721233562134
0.243925537539
0.195556528118
0.0708690045013
0.0384153089959
0.200571225911
0.158009495625
0.195538889967
0.0537775309354
0.178079516092
0.214622004504
0.0383549540989
0.0737351532329
0.0958356154522
0.0
0.111080033985
0.0486151746685
0.0622847861194
0.0340278787288
0.291921779703
0.498206783657
0.428478696154
0.0761984081652
0.0882071224257
0.136445633122
0.0510719642225
0.585269849595
0.210320873466
0.0166545707132
0.217504617523
0.0933246656129
0.0541464380366
0.237452187761
0.328768003303
0.68174142626
0.248749885354
0.0945715378447
0.0353986313228
0.115119639755
0.418445072514
0.124621487666
0.102136615487
0.0453910613501
0.544658208298
0.0401140714286
0.316340840278
0.330726725081
0.0318768410934
0.00884935332846
0.0673816373381
0.0445475134204
0.0685355952467
0.214655759524
0.1203671957
0.194149095081
0.107213656994
0.0867190008194
0.0514495261209
0.204165557634
0.170246005633
0.333746014368
0.283541396525
0.0838238884477
0.143370001465
0.0262410689161
0.292736040872
0.0513442259692
0.357970085061
0.333007129422
0.307967588954
0.192532338622
0.0707450040955
0.296946046685
0.0956171015723
0.383457762062
0.338719189323
0.32126747695
0.478634533817
0.119610928356
0.17237188748
0.0944872696491
0.329539800209
0.21480796198
0.212053940553
0.178020105137
0.169399227416
0.183684542091
0.104465369516
0.222103329911
0.250033689005
0.241427292467
0.384130323876
0.15936696789
0.276852667002
0.165820571173
0.0905129628891
0.155257299443
0.132697143912
0.307662825595
0.154919119286
0.0734948579734
0.367021803613
0.0
0.382084900747
0.106329853107
0.36159816717
0.0513898008257
0.157300276352
0.293296896071
0.160361902401
0.276550829497
0.0863728923266
0.0887918947376
0.0636920068088
0.406179614662
0.124928296128
0.0409306741676
0.0
0.422657574425
0.462661071931
0.280378519173
0.130422927073
0.15422976491
0.162731672345
0.112339236792
0.132006305151
0.205403093852
0.108969175867
0.286688006552
0.101245360322
0.0837236932518
0.17767632775
0.151708334565
0.328192870579
0.189380905257
0.178129744199
0.283800486111
0.153409040189
0.179026571596
0.218899881643
0.269576760495
0.33716748507
0.312859998646
0.125290407846
0.261346717324
0.197885631843
0.100502551658
0.0967947625724
0.171710718379
0.386446583663
0.465981802038
0.0362385155145
0.445040209251
0.0196536693714
0.165651800431
0.153490440925
0.0731131039051
0.124681089447
0.252943019542
0.316142593175
0.550188021454
0.255851521978
0.248795149322
0.255543650157
0.175850588163
0.124863263043
0.0837014544131
0.115085216736
0.182385360508
0.120789663407
0.168443284804
0.237062783077
0.154429431884
0.111479313118
0.357817179595
0.192218496271
0.0863977728656
0.0575484105585
0.0908045898013
0.376546244911
0.345491284775
0.157378589012
0.0797093651126
0.0470904284635
0.0729446990762
0.140094012598
0.0671922365198
0.0416376916668
0.104827750939
0.128682483192
0.127084232317
0.244956297723
0.2093298525
0.45938640447
0.188404552789
0.205345795234
0.28886873311
0.0749848751591
0.0459495769287
0.147537866375
0.0
0.172052721157
0.214257248296
0.177507458877
0.0597058864427
0.128157587847
0.205389904213
0.0868888780754
0.253451923683
0.147936132119
0.106044037684
0.0762493954725
0.285546376826
0.418004743069
0.556851853229
0.240094452345
0.314482437791
0.053740416206
0.169588459222
0.229609584411
0.142249961048
0.0813154421793
0.214492095763
0.176922098504
0.274045127255
0.149578061808
0.093942851806
0.0314543365259
0.134433921397
0.0794776002818
0.166868361163
0.180318936915
0.14885024018
0.00446752023417
0.223235202248
0.238319196007
0.0378043869881
0.129003374866
0.191336119652
0.0776903975514
0.0438202694581
0.122266077902
0.125568991416
0.088024933996
0.0765216866644
0.0671131139175
0.113598103873
0.118754210464
0.263659080355
0.200032551729
0.117326651285
0.290562734447
0.0364951935846
0.149109003485
0.152443298463
0.103991656552
0.0310300041852
0.0325042028355
0.226140829242
0.100815198095
0.0
0.0880604509745
0.0783908649078
0.247890755733
0.334209155488
0.0955277997635
0.0352310986315
0.0611238513174
0.0804460320308
0.23577965787
0.0825992878145
0.287497570508
0.164880347558
0.242727055326
0.147152632545
0.0693825132425
0.371702269265
0.118717790765
0.201411765403
0.0664832718927
0.0497044205479
0.236038613296
0.0558604833588
0.0880575480379
0.389262067375
0.0581289807222
0.1081622185
0.0990968893422
0.0543515304951
0.136337826324
0.196024801337
0.0331480503537
0.103328002398
0.0718856434019
0.0353362864156
0.236392891028
0.456854152392
0.40855194313
0.0495720811105
0.141674292718
0.427004730836
0.355513744725
0.239268449073
0.26161967622
0.10530574948
0.191662020195
0.267245955201
0.369926231159
0.0643790468045
0.106804774714
0.168256465639
0.135076875086
0.0623901947629
0.199872435903
0.312412716354
0.154526918125
0.087202060774
0.273467988726
0.335082089962
0.0913683716896
0.154416415203
0.0853544618874
0.408157523185
0.112764989688
0.0530612325252
0.236477436889
0.103001398474
0.651467088535
0.153681918676
0.0424030462729
0.253996492146
0.257838197659
0.154032311906
0.0849327855344
0.0388454485808
0.0873155305868
0.0166914714841
0.0370533123802
0.108629656279
0.0952682913799
0.0300472623116
0.0893636078444
0.120373787582
0.0805939112099
0.103422229628
0.211144029336
0.0434900555819
0.0
0.280918380878
0.0365075875813
0.0255416670722
0.0659642899246
0.0786299565206
0.140778843717
0.174712044218
0.119217747734
0.0374074085251
0.0546983683178
0.159718179456
0.156989242572
0.187805150518
0.216038371042
0.249110856524
0.0856301714663
0.140098346526
0.133843831664
0.155318147235
0.0672324843652
0.251568985729
0.00924242245749
0.0751241659601
0.188461379725
0.0432688332311
0.32408361619
0.0507413508349
0.0725116251805
0.0891957987211
0.164713602914
0.0
0.124421900732
0.0330230694537
0.155918092199
0.0354768478535
0.323522353916
0.0758685723924
0.06815510555
0.0757733649797
0.0576971085559
0.113486956328
0.0853636278836
0.289775537668
0.0795504437131
0.0681612621608
0.0627989607509
0.115974649324
0.209689839108
0.380330502018
0.0500492704667
0.0290631317556
0.212401238421
0.0506019315338
0.226963606054
0.0447434332457
0.174504414462
0.122472707855
0.0380078790313
0.439378382939
0.0910128509864
0.194068744515
0.0362641135776
0.0411467122012
0.304659379453
0.231497629243
0.150936915855
0.237977686732
0.0273687492397
0.252788704336
0.021698875698
0.0824818567149
0.0352291937529
0.0
0.0378615889761
0.00482372621041
0.0318750599955
0.29432090546
0.0562429720404
0.0419875728615
0.0197513697215
0.0823679824829
0.0888091021279
0.076862786316
0.0475752052141
0.110044354032
0.183982131016
0.167611436652
0.051888883038
0.0198226288392
0.0374790791217
0.276506274881
0.0912632700949
0.02654790177
0.328602406312
0.0902691661554
0.25660029013
0.187658748786
0.0947910834608
0.0525560259534
0.164990869149
0.16167843573
0.104842297059
0.178407165673
0.0351640363366
0.0660131991407
0.0656584018499
0.0804716806117
0.194520108661
0.054256981577
0.108883554616
0.100308875047
0.182189447969
0.0401622132905
0.0910296259826
0.304454932239
0.330937623451
0.298800426758
0.0625
0.177412371215
0.119114686355
0.42506626399
0.0904074362386
0.152721382517
0.292474162653
0.146595115569
0.212171585698
0.108717637174
0.274251965254
0.178044003746
0.206355419204
0.36853392234
0.0919423631233
0.0393402132371
0.155742969033
0.0754219369807
0.0
0.198951403702
0.162463331573
0.183450083176
0.440641951378
0.104706042327
0.0307822801915
0.0
0.137762047943
0.198025881108
0.188139102149
0.26449386328
0.0369382359606
0.239195731173
0.0552678861605
0.120277529444
0.101902274882
0.327061814983
0.181835172274
0.268856005211
0.172072878129
0.282284018389
0.020388818144
0.116603974353
0.0195537836669
0.344570117235
0.0521799740253
0.0904530074555
0.20648315968
0.0694855323306
0.147588729551
0.198194762772
0.087239440052
0.0294627825494
0.149346787449
0.0362774734279
0.0705572230148
0.545025596227
0.0580565103078
0.462428927535
0.174796485953
0.193237361313
0.102478281116
0.135830012054
0.0413465405996
0.0631327067284
0.381511231612
0.114396500487
0.0856764613392
0.37280087989
0.0706546001653
0.145825748876
0.145128708783
0.0748476049794
0.28280751425
0.0746870394554
0.0440720688589
0.046529975643
0.0988187990725
0.0343484745391
0.0596589497508
0.235199101314
0.0529438404648
0.1344226074
0.0844172127253
0.247366178647
0.144799629402
0.0963234366456
0.118334236101
0.305105695058
0.097061564699
0.0870990848159
0.00640404325991
0.211104657869
0.177156667517
0.29040032207
0.110693223288
0.439352900206
0.111836463448
0.042072452088
0.141023230599
0.156955848455
0.2232141003
0.066070768041
0.192051524608
0.151339803037
0.0607708241628
0.291547746109
0.177933401716
0.0954273359905
0.119466065963
0.15467830079
0.210821452415
0.277657270751
0.0945188636787
0.0569086682566
0.0950388377831
0.0679300000734
0.231375132517
0.0396778254145
0.0354112958764
0.103901040833
0.0383208636755
0.165646321287
0.130067022392
0.188010833917
0.16025020684
0.211573493278
0.0634719452809
0.129530438665
0.0336305357584
0.182525152094
0.474634689809
0.313372409037
0.0338063339015
0.364543047067
0.208847189049
0.0398575471677
0.102240453692
0.0422477967415
0.174985376462
0.0738623307052
0.0320700112995
0.242751351462
0.0431443380252
0.0220035895939
0.127087771233
0.0
0.134212275173
0.0384242595595
0.117475324036
0.0565862229046
0.206579618091
0.0413150098293
0.0668033554918
0.0990220751726
0.0269333183648
0.142623045781
0.0251263421297
0.0374723149051
0.103528655627
0.174023027153
0.226462388203
0.244942208408
0.0390276190164
0.0405175579455
0.0433738471112
0.169220008934
0.320668714412
0.221156219539
0.0823369902883
0.0356337800909
0.0951444341437
0.13130373542
0.0445717180658
0.103078921332
0.0
0.172654807894
0.174445261277
0.154700693134
0.0404079016266
0.0987005464954
0.555602645487
0.0
0.0442394383883
0.162862476889
0.064817206283
0.132798605711
0.0425896712062
0.189908007427
0.335199150805
0.0
0.0978354147852
0.0701659835472
0.249384994557
0.186318869253
0.204286105637
0.0627448871294
0.0551382297841
0.023462603033
0.138899384713
0.187512375217
0.510339716879
0.147412591625
0.0452175745626
0.0479797979144
0.197653420226
0.0285989836863
0.166579114437
0.238766072564
0.239018323845
0.0507581591835
0.375134767065
0.0391791017874
0.078970746874
0.148566808775
0.0921012857205
0.0275537918664
0.0580399029582
0.131813816518
0.126385682465
0.0697372087707
0.102183806945
0.214360829447
0.233829674867
0.225502630136
0.106471918946
0.0636966583035
0.370385849725
0.359936360053
0.178184465851
0.0241743326537
0.143463960492
0.095384820709
0.171792763949
0.0351368617184
0.0498943543093
0.0396814399515
0.0860988616386
0.0987146296384
0.257932286271
0.29535035107
0.38219254184
0.11922890124
0.0612451280546
0.0120281306081
0.0507488092307
0.0191238111057
0.0986863786667
0.0798258106312
0.0867861795162
0.0703639391646
0.309084085337
0.316270282134
0.14937678254
0.0294633716202
0.0364321691867
0.0538730594046
0.0819154631775
0.0411983848725
0.0393162748176
0.184873357242
0.0794692211491
0.129084581855
0.0
0.151823827699
0.0673314587856
0.116446348823
0.0458160196353
0.0571831855855
0.0915537872835
0.197184832541
0.0708723704205
0.120357846078
0.154056984906
0.260794949892
0.078999946251
0.0655906695232
0.135337439979
0.0836828456698
0.111963139854
0.0938807151961
0.116998852091
0.0283866969408
0.0636299562594
0.057561060132
0.0936808824385
0.0369346366827
0.0711307559149
0.041244439785
0.207986878037
0.125676328678
0.329320723661
0.0576215641079
0.097212085437
0.0848605206964
0.00640404325991
0.202589658379
0.0892859954059
0.0
0.0
0.0834098180393
0.262684239083
0.0829362973208
0.308753007885
0.224290441993
0.466757004656
0.203247984124
0.0326614604149
0.0346507356605
0.0760884342182
0.0175186753178
0.0811793530456
0.0376434327216
0.126017868519
0.0495807196807
0.0439318979791
0.260173143851
0.0517989768564
0.0459642810238
0.0483168259448
0.07712192408
0.335889166912
0.307843594157
0.154363486544
0.0535926186753
0.105114568271
0.23989105646
0.183228418673
0.0544816895573
0.0796135011248
0.0517116433533
0.0853487585517
0.234179455842
0.0353390655892
0.0522803573624
0.0429118154981
0.21246849357
0.0368720348565
0.122919617158
0.0412416915202
0.215866090026
0.0429523056944
0.0405457348508
0.0756837875654
0.0367439952556
0.0603747329088
0.065695740842
0.0710501945062
0.11847710673
0.0477870264441
0.0485215729227
0.0387557918555
0.0900808435445
0.141605284418
0.0464293030653
0.0362461259149
0.0837943153104
0.0782275170855
0.0449942225817
0.173098636905
0.296985273606
0.0857757522803
0.199071871244
0.16345892336
0.430760388575
0.0743463695982
0.185561186632
0.103915357641
0.144408807674
0.057208257323
0.0643210259241
0.0965073708507
0.185417649619
0.155215086347
0.0556340486713
0.025694131517
0.208436968546
0.0897459659972
0.169831587937
0.103064668364
0.149491401573
0.0314311776491
0.168207049815
0.077036162272
0.0693524166856
0.0354072685099
0.14597950653
0.11636740786
0.0419821934672
0.0151074042705
0.0623855563826
0.266837714217
0.0498591132411
0.0184016394187
0.0867952761122
0.300622526011
0.284074236718
0.133759179352
0.113120640898
0.456416679848
0.0533695528462
0.189209749223
0.0996762466231
0.0514301870736
0.0
0.280240156826
0.0587972225922
0.029170846258
0.414068864892
0.0506609502114
0.107898779606
0.0679061353087
0.308163522286
0.140311758795
0.355439796624
0.0372404012789
0.281851022358
0.146853402495
0.108265840995
0.0516524296375
0.407116610027
0.101812346629
0.0176162463833
0.109618786524
0.265583948116
0.16028819703
0.060980445246
0.0691497756421
0.333111238403
0.0465121784809
0.115255304243
0.201655908303
0.182455586552
0.0568214634867
0.118735866841
0.0337224397548
0.184347424434
0.137219721032
0.105276514321
0.0860865844785
0.0471003242825
0.307577375356
0.0690904146079
0.236257657887
0.076547734415
0.0857937447825
0.106936238117
0.132362862995
0.132423913984
0.213326899627
0.401331092071
0.128796372822
0.161932971182
0.132154667409
0.22692356226
0.0963287666069
0.515820719145
0.200364372748
0.30473002768
0.0452955995719
0.0688527428634
0.173066236037
0.0514207519315
0.26609398859
0.460802798421
0.184769962398
0.0847171908193
0.181655673611
0.0904191902397
0.146101043539
0.0574954830653
0.313170168704
0.0904962296632
0.08870652943
0.269775395757
0.0782307939398
0.278589380416
0.513077800054
0.164003230711
0.407055866235
0.329821138654
0.0820227672796
0.484462789144
0.114912883414
0.0907310211604
0.0697523821605
0.195632151182
0.120224057635
0.125405280836
0.109134770749
0.0843384243016
0.340946713185
0.067208744543
0.342390148765
0.293432801144
0.0920935586377
0.381067223252
0.0295922745941
0.0906758499406
0.239568095326
0.146792620103
0.323513497516
0.0776449040365
0.0835869910206
0.173841188205
0.0572949290135
0.0884005064662
0.0796078256743
0.0856920884952
0.1266726092
0.0419753888056
0.10707507957
0.0389035621813
0.0516925695408
0.300288549043
0.427712062068
0.152575645414
0.0503339642301
0.164504702697
0.00530028617438
0.19878158
0.110668788262
0.153354153419
0.399926527216
0.142462812393
0.109339754407
0.419244365272
0.318115218103
0.312099626894
0.125874936546
0.167450753825
0.208644932045
0.0453742484651
0.122448104316
0.183425614619
0.150032162585
0.132993573285
0.26921260887
0.050512018623
0.235718587602
0.178957506633
0.230483597471
0.041796269061
0.182080500437
0.0276020152447
0.188162178825
0.229145239921
0.421038138852
0.178050479527
0.168190972819
0.198004108182
0.232296528731
0.352696428691
0.162857774366
0.160066349637
0.286194022829
0.196046068628
0.172100195617
0.0520833333333
0.219771680504
0.293467909175
0.0273383945026
0.127799404571
0.123395262916
0.182592872254
0.194008816943
0.367649394415
0.157978686189
0.0972843958529
0.19923555554
0.174397305514
0.214716203028
0.259609206506
0.234160397583
0.2671235111
0.186198745742
0.16438681656
0.383818681873
0.227715306965
0.089073446131
0.249911963009
0.281182999241
0.0529785589131
0.314689039749
0.129373434282
0.241801733009
0.206616849052
0.107455233754
0.0663627971165
0.351362172415
0.26478439973
0.208780881067
0.327212643615
0.137619955531
0.279760560865
0.227374303604
0.287626216101
0.177605267501
0.0874006052374
0.130814093874
0.175794801772
0.0787033877294
0.073262067378
0.148012214207
0.356866408561
0.168427110167
0.19036581997
0.263984607456
0.195277481181
0.246836027057
0.0932443071402
0.220927977191
0.0820344294142
0.0419459656818
0.0307959782097
0.160489438291
0.241165071006
0.118758951632
0.397723553427
0.143984102166
0.145904095372
0.141256612429
0.291375857188
0.135524973594
0.0
0.113888490851
0.235438825408
0.133750979588
0.0829888668995
0.234586666406
0.185228560274
0.132253423729
0.332468384316
0.178201980019
0.251347065932
0.0444842882111
0.244098782171
0.159897497865
0.170632694048
0.170471435199
0.141203335414
0.113755069929
0.279437697
0.14645224368
0.160170535992
0.147251244456
0.105749050525
0.0686481036533
0.167775738347
0.250902792008
0.0998817699788
0.103614191714
0.0533020876886
0.0917840508654
0.310534043424
0.119372313931
0.15994036012
0.246917644466
0.13187608407
0.150209957537
0.13650281651
0.119136734824
0.121988927224
0.0370024314759
0.168147208063
0.0795520542547
0.112004679473
0.188582299803
0.143369555203
0.181367824769
0.116297569612
0.189923864962
0.0584702671215
0.0485280488689
0.268440660858
0.119115418817
0.317127847367
0.0862289626297
0.155059628872
0.116488300889
0.0777871266105
0.125790213097
0.0720056066972
0.0650617274312
0.383394069476
0.520268453901
0.0309926963445
0.167962178942
0.059263862629
0.145507527056
0.243746000387
0.10496305015
0.128211279848
0.0888812857957
0.233100258243
0.108181002923
0.112313880701
0.100970876412
0.103979681592
0.0318640742057
0.145486788752
0.100356561524
0.173484767247
0.0882933039294
0.264832414123
0.193980679745
0.212508916096
0.0864256006857
0.23456716133
0.208077503875
0.181564893808
0.100465129322
0.0827707927981
0.21359595073
0.0907616593515
0.457641404493
0.273079784199
0.03418404237
0.105092967663
0.122262114398
0.137209621656
0.11912026292
0.0256571095788
0.343837165765
0.0272919457166
0.103641488896
0.0854727173722
0.80567519189
0.083052957647
0.0561320403104
0.250765265719
0.109106566156
0.462769874591
0.139741409273
0.0628661715909
0.453874334486
0.049559594909
0.442266071816
0.364610741183
0.0114066302814
0.122639644793
0.0915092921122
0.182807112987
0.0363932576976
0.0426814286529
0.0541278138577
0.153595621563
0.103341328416
0.176618368642
0.22847385938
0.0369267853703
0.0257923186847
0.107537745732
0.121298204153
0.339429325207
0.234528955208
0.220150046844
0.143073291171
0.109046109265
0.133203408601
0.118133142096
0.110407512097
0.211307548051
0.198379684266
0.170255197734
0.251199820859
0.19604423238
0.231775555579
0.0969008325457
0.209866314928
0.248960700179
0.273637101815
0.28303250425
0.185796036756
0.252697358866
0.173135267114
0.0850164541293
0.205623313372
0.332700366049
0.0468772282061
0.283332855153
0.367955975349
0.208026400255
0.105425976562
0.102021717931
0.0692341401411
0.210734109954
0.362448899611
0.108178439223
0.225580279212
0.0819691528278
0.0571527777677
0.28426450521
0.111844440834
0.127112707791
0.361527990323
0.0905607216646
0.807669615276
0.206594119875
0.122718702128
0.215749663723
0.0481566961567
0.386685292409
0.0436592080539
0.141376431512
0.120874963647
0.177125607072
0.173368119579
0.276142542446
0.102068709795
0.229994472196
0.505569866232
0.125045296861
0.286599992319
0.257709695198
0.0391900103371
0.224485292028
0.483256295065
0.114154226288
0.168330364642
0.487294288684
0.226452333907
0.473730336184
0.0190018735771
0.0520833333333
0.442924260167
0.129404528923
0.177093019798
0.255475669661
0.423433660351
0.217191112103
0.148738098652
0.0474897303532
0.292555496967
0.247051652709
0.139181293048
0.26689650575
0.385113204048
0.109884015337
0.216701002049
0.287835164552
0.437790231691
0.362381232437
0.139519909732
0.207225197122
0.147000350087
0.153559306525
0.278802139222
0.303745817343
0.210773105758
0.511869718548
0.28405437635
0.0932877888083
0.164678385999
0.0779490867152
0.232993681148
0.765820968615
0.382211329966
0.350289062438
0.341215119132
0.301826072
0.412240719139
0.51842676498
0.449599052273
0.531824367316
0.218538747387
0.190739618522
0.295732356258
0.17130555553
0.128419867166
0.365223571849
0.0845628747178
0.0553780907256
0.338068963865
0.151964957958
0.0649221415311
0.332770900241
0.440582335074
0.416894249485
0.26223451273
0.48387517375
0.218504939796
0.527624260235
0.319759946286
0.4894114646
0.640644028296
0.248000509566
0.183129909732
0.0800985208691
0.506080695872
0.362557487583
0.436381078863
0.418225758033
0.0654648184588
0.0683525093597
0.118777859224
0.259526332505
0.345574682963
0.435644193113
0.13894092769
0.432811122012
0.107494067976
0.0661316467454
0.435468295538
0.0395898575078
0.138019847483
0.408536570739
0.491666425183
0.154554821914
0.210638371585
0.141624805381
0.11103417008
0.446757350621
0.537164323659
0.253487713281
0.0951918894196
0.111045781072
0.389378086535
0.430115203398
0.0995269350836
0.126143435144
0.107363788033
0.499007371148
0.122191915278
0.0
0.378832977635
0.511638498854
0.180972203249
0.155026128964
0.203714234687
0.179872129371
0.103548282054
0.354622815649
0.0399429429369
0.408217438554
0.216079396008
0.0961283967729
0.163688951525
0.0
0.194936376833
0.463347488249
0.480433891194
0.171150379984
0.201462150985
0.224526001783
0.112081110562
0.0383059979772
0.321049557348
0.0546318862331
0.107707955466
0.202725264046
0.16759404798
0.119678406267
0.13229028223
0.168468258124
0.103586037102
0.22287665296
0.278032952113
0.0729611096203
0.0208333333333
0.374606378185
0.154951161413
0.342382480391
0.139473129306
0.446740504497
0.21875
0.18573077362
0.0925264144528
0.0857003813416
0.539789056194
0.12374411823
0.549241147665
0.429634852195
0.282456901277
0.133200768366
0.0455169410549
0.290244650171
0.253469375031
0.146551151342
0.194834626582
0.361226317262
0.0835285985369
0.151958369149
0.373899342197
0.284633877173
0.137810783482
0.446808620312
0.159311709869
0.0497044205479
0.89489139117
0.141478676042
0.155283032851
0.493478883566
0.254366265201
0.177720833658
0.501851031317
0.173847639268
0.202700454577
0.143567814362
0.455367919115
0.0375733246122
0.882668178986
0.749545260951
0.272546946832
0.15309894858
0.3501151059
0.65115659236
0.122618399803
0.240212528278
0.344654629108
0.505378848141
0.237173967705
0.30327819614
0.0956443383529
0.0711201708336
0.245831323307
0.198735558887
0.4650836843
0.160463085507
0.180201358045
0.434926227507
0.297034883712
0.227698464557
0.180716314969
0.819905326171
0.30950595903
0.245689336864
0.401940192332
0.0488616628677
0.120581724473
0.164978376813
0.254173158895
0.0834028595414
0.255252896812
0.303977997694
0.480686657576
0.293067034159
0.292311497234
0.0784495707642
0.821830628787
0.220596154412
0.43017871152
0.450944982538
0.190544549763
0.196084840051
0.360662234586
0.264043605927
0.272154355271
0.589160854856
0.341841803629
0.315466382276
0.272921282941
0.120108249063
0.522766951216
0.287721332135
0.310090737782
0.226010093102
0.146950763832
0.218670076637
0.39069599077
0.133119117415
0.264379238265
0.154971848744
0.0937231688355
0.535115097416
0.184367215218
0.146888534524
0.205217355728
0.313467347539
0.265222004614
0.371854532677
0.14483512998
0.335862693275
0.201595625721
0.312504572524
0.215609928189
0.0775915833243
0.23996191844
0.199692354925
0.213026878802
0.755316455092
0.335828283686
0.114205343925
0.227444983527
0.0423980160497
0.39765213181
0.380896488663
0.182970609619
0.166718791998
0.368791465118
0.170447354855
0.342636451774
0.258819883396
0.247771094337
0.411696949882
0.404352309937
0.614968013121
0.60827716612
0.120459145205
0.102808909135
0.0648690397777
0.144895138107
0.289819554699
0.698231900069
0.15526007441
0.207925022923
0.105251684068
0.249906367431
0.209062551594
0.0795395407996
0.0533787496282
0.33950471522
0.195950835586
0.245871948562
0.214118363831
0.0366566558105
0.0368303187326
0.418485322675
0.171846846268
0.336604718218
0.118223829349
0.443412690565
0.564030766329
0.217391956614
0.424002891004
0.202697433041
0.0925739851194
0.0844318686529
0.185026873208
0.0824761687209
0.698340071491
0.302363285677
0.0962063704161
0.698340071491
0.302363285677
0.0596069290581
0.422989261807
0.191569834415
0.39059342265
0.287282762691
0.136673315947
0.109775625686
0.259543496645
0.117985952657
0.283928084682
0.466958095806
0.339631694506
0.36957176079
0.172650699137
0.655398726618
0.413815817664
0.178033183565
0.0475242769775
0.162586408859
0.200465797902
0.206592688145
0.077653004352
0.181350877193
0.207515818641
0.0314740014851
0.046592066605
0.325574982158
0.694650991234
0.183241192574
0.23553465844
0.167976096323
0.291566982888
0.34168603125
0.194925925151
0.421943475397
0.474447617574
0.339204255795
0.0408492165625
0.114045586034
0.285394374683
0.143349220923
0.0468862680112
0.498942804927
0.440367598854
0.323466561971
0.690614215604
0.494160374951
0.137857906964
0.434687742085
0.40389128532
0.234698208664
0.190729383444
0.22565444334
0.102817572261
0.317508762076
0.373039696722
0.0790157124726
0.344086646666
0.287659949329
0.253623829305
0.225838243808
0.337745453826
0.326003688065
0.169976303658
0.112130028685
0.139497664802
0.201228904042
0.131441035091
0.0527210182038
0.193727653105
0.0672796828775
0.135345256734
0.34247668457
0.10512019539
0.135337449457
0.0409284862561
0.0596027341318
0.0419565952078
0.46425220835
0.11263106902
0.138829326949
0.424504255618
0.342868053758
0.180245739011
0.233579700677
0.119257970273
0.443781780385
0.239184149994
0.24887287634
0.0948994712286
0.276298682156
0.315786377649
0.152665188948
0.124872451679
0.212317733708
0.410356193915
0.170582725939
0.790068886292
0.182769901814
0.426344746389
0.426746360628
0.200583956582
0.0576316897261
0.232065480754
0.261748843929
0.0840829353261
0.0387277125385
0.316890234115
0.40921008211
0.282027186217
0.183865173985
0.447016433551
0.097405562316
0.527461149892
0.0857443022143
0.231982029682
0.488742911932
0.0509330031461
0.268934811256
0.0813564306792
0.356778995315
0.0984513436949
0.0841757289219
0.0227831529853
0.0579817519471
0.13088945059
0.503529175707
0.202354404219
0.159204925534
0.159647404948
0.132241275731
0.107051496609
0.222400888065
0.0900366563018
0.041796269061
0.146643479469
0.10772406606
0.0985818219328
0.336772025797
0.305339653534
0.23036164819
0.0819518231288
0.340957244487
0.510883824151
0.179295164191
0.265840398652
0.035814782863
0.152047755296
0.250478555853
0.326822705567
0.313957101988
0.10303230747
0.4162420439
0.122604019608
0.198610999151
0.439863597482
0.178487990969
0.179349018696
0.0482635974991
0.0876632539745
0.228066218866
0.0923324110212
0.14356086244
0.431568268768
0.672474212463
0.0
0.166330157101
0.138193311732
0.424883686053
0.197472357717
0.176171488105
0.184524345845
0.128868036466
0.41952469364
0.515321093504
0.161361301029
0.227094087246
0.225392655591
0.129139461883
0.135025522139
0.0519824277894
0.117724680379
0.100353422445
0.182195640241
0.211275384463
0.243893361412
0.429421656923
0.338014388185
0.247471463998
0.0737722281236
0.112181989754
0.111451135744
0.384652230401
0.567509495787
0.161430127955
0.560946974305
0.378307347902
0.150310556791
0.145846106659
0.131499105554
0.0296287935982
0.314381492903
0.195239210407
0.563172681618
0.203581213725
0.163030441768
0.24272444639
0.0409584391193
0.173092938827
0.0971118639917
0.316058634597
0.144872778533
0.341651842798
0.26639474287
0.344084646615
0.112421709373
0.0481578518162
0.210750185176
0.068415486083
0.0595510712965
0.126464010013
0.176092680008
0.0794107455605
0.195552482393
0.449555251354
0.122359350345
0.37641555645
0.164403358967
0.313119588149
0.212525082473
0.0637864034334
0.0718641100362
0.193654732936
0.124556258629
0.117153749898
0.108448448375
0.17210362919
0.104130129937
0.242554399571
0.209863422256
0.477108960179
0.401539490636
0.196908046668
0.201302854677
0.102986429149
0.101859372683
0.0725888391079
0.14989763079
0.155915145381
0.341189428444
0.0812772489954
0.226008667131
0.171804182554
0.185907120529
0.229348620359
0.127081585672
0.0671088945247
0.0937381459599
0.215527491918
0.28447915259
0.0465408201379
0.0678426855968
0.0944609967919
0.19894903844
0.172318186338
0.199131569259
0.116074023764
0.0952838611512
0.33812435002
0.0803811593723
0.116937999226
0.361397705683
0.331882273244
0.214094749808
0.143834750409
0.167001776128
0.203796477806
0.277141403043
0.354022212427
0.284009558457
0.180864377227
0.327543869971
0.252911831055
0.172930117632
0.322422872612
0.210582241268
0.292727511547
0.0321227561582
0.081988122296
0.456436604324
0.400538595252
0.252628594734
0.0702495429435
0.0994969002717
0.330812843604
0.0860677441358
0.145995232144
0.187602218305
0.0546727682374
0.299781852444
0.196926403832
0.0344715528815
0.202549214178
0.224574947223
0.296556350113
0.280820173083
0.0334619985347
0.454376830091
0.117242247401
0.348037956548
0.335422520222
0.169297345112
0.258014626474
0.0739909581037
0.0
0.0815331948566
0.135804306923
0.21013851584
0.0671763727407
0.307496576784
0.296438552095
0.0520833333333
0.28131699311
0.0455283472314
0.492040675212
0.53370550882
0.116208976047
0.374340680127
0.173646140199
0.278315707496
0.119482789226
0.053059691588
0.476591996393
0.203767104984
0.138276975359
0.280498947721
0.12272586907
0.132834592837
0.25469881062
0.320213661664
0.29957295492
0.227407656879
0.263152848039
0.368589174898
0.280838445542
0.125477053727
0.0540310335108
0.0883856423398
0.117836169591
0.0570438376112
0.110916833885
0.0610313723601
0.19213338035
0.236701997089
0.162162287228
0.080129127277
0.0769715618293
0.128785272167
0.121058127599
0.367983693185
0.202466864065
0.163079926419
0.098372233259
0.228631040754
0.103369083634
0.0578414846859
0.116111119468
0.0633273576457
0.118149391573
0.327667671453
0.169031354909
0.188313587081
0.0417659531436
0.254766094795
0.0386140810682
0.022066020784
0.419649799336
0.629773762581
0.1267464525
0.108138101431
0.111132593166
0.260692194321
0.0804517856425
0.23579583383
0.060879153973
0.122129649218
0.164017775507
0.341174203036
0.0460923277572
0.391559066828
0.175487605738
0.293956756632
0.334146680546
0.142039724943
0.115190813718
0.0668383991441
0.0712594838713
0.0671780360284
0.167308067849
0.177631333594
0.0706466909028
0.218963876796
0.282246851982
0.0941807985737
0.28084869405
0.239269995949
0.303190597087
0.51825274132
0.0491784955533
0.0917091652446
0.0544761400136
0.111156858454
0.514350496942
0.156739069636
0.102445238877
0.0787806201774
0.0764098277168
0.106855689901
0.0460918982903
0.35650896696
0.180040197599
0.0629881018479
0.272947486432
0.0556886956149
0.359753402547
0.0206764149118
0.0520833333333
0.142518675318
0.0364277073484
0.253534916044
0.502778900043
0.320301056237
0.0483815063638
0.339796418948
0.207120236615
0.25707702409
0.212008845485
0.432908624136
0.190586579055
0.0661091604583
0.166085596216
0.0792836005395
0.209424569548
0.191523757098
0.217751382249
0.503258619247
0.0736463924118
0.0940025342585
0.228617766472
0.107720196855
0.135065930134
0.172730251079
0.309352704237
0.303497836584
0.156291708374
0.474487252608
0.312004513739
0.0597350320738
0.269953194244
0.112126953671
0.091207681239
0.0740516033631
0.36040740679
0.313535852718
0.187205335117
0.239475917909
0.0348411798727
0.155437444002
0.137741694612
0.179730289516
0.413311575034
0.173503830412
0.1609234732
0.0777593771735
0.125000318
0.078017911909
0.162277373482
0.0306427101003
0.115287555937
0.12772654816
0.167766985437
0.0786115651529
0.347619721359
0.175103400785
0.121878881279
0.0917051402224
0.125778575015
0.190050122311
0.319047599793
0.0648282094373
0.180998486077
0.0757345919327
0.22839311881
0.0627839873571
0.0156682514933
0.137068819426
0.12726512571
0.129112176721
0.206465508521
0.137593033287
0.112423460799
0.127550518396
0.10041541492
0.126584155162
0.349136810582
0.446558782309
0.117967330465
0.433423854375
0.112021399781
0.196864316765
0.106005337515
0.101853760468
0.260517942996
0.166408489333
0.169652110367
0.348561722651
0.138348021571
0.399940014353
0.1006992683
0.0587934077376
0.128587491935
0.146918445414
0.0556990853134
0.00640404325991
0.238402294988
0.217206871367
0.257735484722
0.152104286225
0.208699740131
0.199244652886
0.130266356484
0.0897284422549
0.174827607557
0.126273807967
0.111287498022
0.142651577833
0.104526161886
0.18065509987
0.0530920280072
0.240728953474
0.211917408891
0.361789024275
0.290187193888
0.116495816745
0.136193938231
0.27550490133
0.125264939741
0.151197823907
0.194901454967
0.195560568082
0.195349740352
0.101296096472
0.0876644820421
0.22900839871
0.209382663297
0.238157932592
0.0952649252332
0.153144804481
0.125667304356
0.338095024346
0.113525040311
0.471527984439
0.332473262338
0.37041708011
0.054060024141
0.224153947649
0.123502025982
0.0774346647511
0.261706914353
0.659510225181
0.112148990613
0.106300782477
0.23119799556
0.0823675687259
0.085120018007
0.245805548769
0.0960836385916
0.152979931583
0.0
0.0939301471515
0.0859432065902
0.0807530780758
0.0925052698938
0.149035679423
0.27910854843
0.223181062151
0.213570917765
0.1422429627
0.201665553706
0.0703070697083
0.115231901558
0.0706857288432
0.495017680654
0.280409788932
0.0672018752285
0.0489175912083
0.0464408547716
0.386004461967
0.580563634038
0.0516988594802
0.13162038892
0.039275554045
0.0689129686288
0.161924120097
0.41802661178
0.36165859472
0.240355663692
0.203328090357
0.134730933888
0.0291200241153
0.568463675719
0.184302251849
0.472346361187
0.193660819932
0.517791007445
0.115627935812
0.0501121621947
0.11696260994
0.246653266962
0.0880014404831
0.339806843294
0.403102617609
0.163237527675
0.404335919174
0.295882264839
0.237061789251
0.280318946689
0.268289895833
0.0
0.0937600179803
0.547231488861
0.142183275141
0.120517193977
0.167596960745
0.554094393936
0.0833954581567
0.161077873399
0.314482619375
0.401120440565
0.091612426941
0.241869715404
0.182934758594
0.0
0.135645414154
0.257048998702
0.215535351156
0.429872269303
0.335592121808
0.448866945653
0.0360321581629
0.379703991512
0.227112749047
0.207355172243
0.240581250394
0.37277161967
0.163628136019
0.12480095501
0.0367051405516
0.225787895119
0.248103825464
0.37406722866
0.272700632681
0.26499731401
0.706100450373
0.0951392874427
0.192638131158
0.163050672963
0.165931332127
0.437457166983
0.0493245308958
0.263087555161
0.418377132687
0.100089371983
0.0414858815534
0.154571062565
0.0835154370013
0.275183020262
0.334584493856
0.171693615109
0.291969446655
0.212673441573
0.155896931516
0.0949786607739
0.17179140176
0.109136236024
0.224671530933
0.155686525945
0.202057733197
0.0820699438385
0.222117742792
0.393417711659
0.282246382796
0.19640490987
0.327498820481
0.332146985142
0.179620026264
0.144265190564
0.205703362994
0.0754814845176
0.0828087444256
0.175747674966
0.1062222067
0.286630030288
0.30420110284
0.552969504389
0.243000427657
0.117484273202
0.295964299181
0.356251568993
0.0417397020692
0.248780337976
0.0464880517107
0.195788973537
0.0714951710886
0.208415404077
0.214830300226
0.20625030899
0.143888255704
0.193378663251
0.182546957374
0.250185985107
0.0710158820653
0.311702889759
0.111600724185
0.239230782105
0.120028012977
0.117706405109
0.124908947242
0.379865430893
0.0620043975288
0.233634164394
0.273343675335
0.176620520864
0.0375876161361
0.111469028683
0.268885429806
0.1698099628
0.0792082117696
0.320367759503
0.243896257007
0.281263595152
0.181492430989
0.193109692353
0.263060654396
0.0727809306096
0.187314905986
0.274518673791
0.166912403829
0.272556448718
0.0984161068761
0.0808717166633
0.306459770877
0.0159384205467
0.398711471358
0.121893190608
0.105603296224
0.0380391077511
0.375074975254
0.2737417002
0.238039609651
0.0806282240747
0.0
0.102628151999
0.109027208571
0.109473255065
0.071626934222
0.174750306169
0.187936246746
0.301817989571
0.0984915738671
0.367371923588
0.0360843918244
0.105498057106
0.0970642716022
0.109888212232
0.706058784019
0.17937035894
0.202125634002
0.28883070957
0.110759752877
0.137320035296
0.0890578773882
0.111331233411
0.28195014223
0.127149548397
0.155479029628
0.094070446525
0.0696867925842
0.0394604280944
0.121427169234
0.0550028297309
0.309132815573
0.0381114527244
0.168729981302
0.35465246575
0.298688039326
0.092966420417
0.177806110849
0.0208333333333
0.166841640756
0.219394936331
0.129833832046
0.131988322681
0.202622490071
0.133197907945
0.156591497527
0.148613874689
0.0862524504083
0.248406835655
0.153341752646
0.0431329908506
0.0674194233996
0.299147676258
0.267993153754
0.041796269061
0.105138217533
0.0504260043256
0.108144254141
0.163577293567
0.155360579439
0.0908487557317
0.21137331818
0.287553845248
0.12365792426
0.159828573173
0.0441125015636
0.133958158663
0.189833450447
0.237397222776
0.0868458807955
0.0799735764137
0.240970919458
0.0831830397706
0.27334016749
0.409548117366
0.218307974057
0.21477045318
0.211935805892
0.308515624378
0.186956596495
0.157643256959
0.335375651586
0.141915986098
0.186227074016
0.242330763074
0.261212362954
0.228583084354
0.330858394415
0.212639279579
0.110348060484
0.227984666711
0.076440642076
0.152301193564
0.0849235727922
0.246970949617
0.123659714115
0.454874578614
0.144759784411
0.178866191942
0.47728728465
0.112654713545
0.103637247682
0.218200156911
0.273702989489
0.0585073447472
0.186096254649
0.146894984801
0.246701459768
0.0730250266167
0.0750151564576
0.151125166952
0.123966920095
0.287915723827
0.266324493625
0.165956425254
0.344919046971
0.0745069385821
0.138042691005
0.287482317236
0.385624098458
0.0949990065042
0.296264111688
0.319197214007
0.118904471293
0.291608916598
0.0493103649091
0.10576421252
0.17178547034
0.254737100212
0.362486984055
0.119356391449
0.217248242052
0.232184810382
0.0
0.0462304326303
0.0601013555476
0.099320875232
0.0393249976628
0.230751989127
0.0325617377786
0.454325569942
0.148048519004
0.118812214255
0.19902070505
0.26447176148
0.275983999103
0.0976344856142
0.0683571369728
0.191240838338
0.135618161018
0.242418779016
0.179400389208
0.0743600044451
0.307665312936
0.313150159113
0.203634643449
0.0746208722203
0.0871978618211
0.124867720935
0.176796124311
0.189729863253
0.14915734246
0.0408556207877
0.134969626398
0.172986060691
0.0564023986844
0.247197114553
0.367579740979
0.182113282275
0.30624641782
0.104957231111
0.117319306497
0.166241735707
0.0979339516673
0.261102164716
0.110662715167
0.0807965367354
0.152670675705
0.0773772244347
0.0949653854362
0.0493572268585
0.0396832857233
0.276674246632
0.0864749907601
0.0988241363242
0.211815614563
0.160153568975
0.148861318648
0.163154712044
0.250168869016
0.198252078372
0.329831199321
0.209119755125
0.205879240027
0.0
0.202684970613
0.321518193499
0.146598508992
0.114825498858
0.0256161730396
0.118878961473
0.1509035132
0.126044400897
0.223785149118
0.210341126196
0.0260044195499
0.0114962325366
0.179770644538
0.141751240484
0.152736683257
0.350463422503
0.288069888381
0.10852195295
0.243739267593
0.318665933388
0.164545335538
0.0441941738242
0.249809199586
0.198409199212
0.165009337659
0.0867928596064
0.235689187768
0.0942678617227
0.201896988931
0.0927188674999
0.210039635188
0.0869792528338
0.214481551212
0.155801632773
0.27131015285
0.113825800858
0.0395632786009
0.393874592435
0.0455650385426
0.279680398125
0.374407067461
0.389752640783
0.187564902676
0.051124304423
0.183158226994
0.0
0.500656645229
0.140685742167
0.125461376012
0.105166823901
0.160753484179
0.20622570566
0.105361716742
0.159841082007
0.0751184255701
0.10344284948
0.425621543425
0.144178268055
0.256645843611
0.477078189479
0.12214844623
0.171675343789
0.500378757571
0.248473800373
0.419685861365
0.177050318489
0.428573986874
0.304982269156
0.0278021212159
0.208156099864
0.0909892679924
0.197167249565
0.212341973871
0.098576146433
0.1083336287
0.0
0.102614349804
0.119809704483
0.107973505047
0.13035277602
0.412835111171
0.33809537023
0.0243820405416
0.30694517214
0.243485314068
0.307747151344
0.16274361998
0.224996314224
0.650065137441
0.271969644996
0.155000608372
0.409909495729
0.164121581785
0.137802854078
0.311066832162
0.264144983062
0.323457135362
0.322733492034
0.139268503814
0.125176733466
0.178915744463
0.113672805655
0.0964586751446
0.277950597655
0.222742744174
0.0788618059705
0.21825868064
0.171162937237
0.289816208846
0.585988739687
0.135468645643
0.134805822442
0.494676521135
0.346868395888
0.305355203035
0.166226769741
0.525380016888
0.216642313141
0.09727294351
0.369122518502
0.105526517393
0.110060639082
0.239084090417
0.0790418054884
0.277218096638
0.280273426401
0.260245496135
0.188419676902
0.2215083798
0.12555280867
0.476076054856
0.508617203692
0.277218096638
0.0877579874905
0.511023955238
0.148482148654
0.227774981445
0.162352391847
0.173808273803
0.0738988470057
0.239612202042
0.120008539892
0.196740592444
0.0565360121658
0.0587793819121
0.364174186227
0.146234041708
0.100608255099
0.015590156899
0.4375
0.186675165318
0.176300420313
0.335210643535
0.102262726882
0.192761801672
0.0555219878787
0.0826576926769
0.33540340209
0.335380046308
0.134899647427
0.171204866926
0.0696268613101
0.0579625909997
0.237239746329
