0.0363199985229
0.107516528706
0.233037900705
0.190179992854
0.333083685266
0.187089392107
0.182271018205
0.0397380823756
0.0400183025226
0.0872418371775
0.500281254162
0.0662951795595
0.178227720009
0.0402193530433
0.0894277323261
0.055417512648
0.0866836386697
0.0801150095302
0.0874843705878
0.0764745083881
0.0469076773534
0.0427096724476
0.113887223833
0.321986415458
0.0394553518103
0.0839748185206
0.1282835796
0.040192973068
0.0
0.28089513179
0.0133236565705
0.0377501745385
0.172183886564
0.0259626130546
0.286559821676
0.253790813945
0.0970370689036
0.127184462241
0.112387256884
0.0450675886244
0.0964847555217
0.0318768410934
0.0929165267956
0.34539992153
0.149215026631
0.183357161091
0.0235360779865
0.222526432978
0.0773972647856
0.24460723133
0.0952488393534
0.0371674590373
0.226396659908
0.091116024466
0.0775635192197
0.127044755377
0.0440838701343
0.353132738485
0.044951823997
0.10762559307
0.0860457124496
0.0870649926476
0.154987997076
0.0587294548839
0.1388187051
0.338096537504
0.040011724831
0.054285991059
0.101635692713
0.119503714814
0.0204250231108
0.184990261372
0.075481275898
0.115821070701
0.142139003384
0.122033489053
0.034070489349
0.266420876926
0.161255551261
0.0410146033696
0.22296660504
0.235785204019
0.15451102606
0.13168536522
0.0743600521369
0.0646273656934
0.134861723523
0.0504564815081
0.104723532609
0.116722389295
0.0982667504909
0.227880594564
0.0549833529232
0.086559182067
0.042495677865
0.1217957453
0.091510834718
0.208266466694
0.0372150876806
0.319036469563
0.261044846006
0.036169767451
0.0584612904099
0.0404994539619
0.0391001684818
0.151454585932
0.174062227398
0.191417320055
0.0746386230438
0.0280640870361
0.279268676126
0.0936166885194
0.0279441991314
0.224846731198
0.0441703536595
0.146958713722
0.0422779969158
0.0957898721702
0.0371627223438
0.0651580827896
0.087403283065
0.110607885246
0.216135850956
0.0503636158611
0.0845756618608
0.0460839374086
0.126679463353
0.0467140568552
0.0293275997835
0.029661258677
0.0914035736314
0.071939160144
0.102637821619
0.109899737069
0.0928681547093
0.0687519815794
0.0644248058233
0.160974576441
0.0019722106166
0.171730111792
0.0945460087685
0.151438331092
0.145217648394
0.0
0.111398144927
0.118574585658
0.09937668308
0.0876020736461
0.0261815255956
0.121826938619
0.0403769371425
0.101484816456
0.1090329571
0.162926496199
0.014746723445
0.0596285182067
0.0891816436428
0.0259694981215
0.037725803286
0.0686499929582
0.0529100495565
0.0871693567208
0.0687236053609
0.0495149533843
0.0412796254524
0.0841585441516
0.0943403660945
0.0470280202266
0.0805220343833
0.0820253936486
0.0729227433858
0.0
0.069792362746
0.0
0.0316276541115
0.0535896515634
0.0970961034897
0.077170750021
0.12577985441
0.0
0.0676624685284
0.0543303300303
0.0509230693488
0.106120123891
0.119899021726
0.0518341184749
0.0335684861691
0.094720778572
0.620763259474
0.0916297382014
0.168680908522
0.0286139212417
0.0996741722542
0.12279097231
0.0722134638283
0.111976239315
0.039570385365
0.207231362064
0.0359683115897
0.0357502843988
0.0798838051496
0.0877708306151
0.0675895031956
0.139815026231
0.0289536695282
0.0258133221995
0.078568228582
0.0
0.114634762178
0.110621347333
0.0839866371136
0.0490470224478
0.0133809259168
0.0367201964281
0.0324447908321
0.0325359906295
0.0996369373974
0.175992883633
0.0526266506404
0.0050072628044
0.0356931564631
0.0961143522482
0.0874746943913
0.101515162273
0.143564142133
0.0512154319985
0.393612230813
0.0900903625186
0.231187931425
0.0965744062022
0.0903441712781
0.0505295077133
0.0921082475386
0.102593661762
0.00577882443905
0.231223603145
0.081064987338
0.199559447647
0.0693809192268
0.0397444572926
0.159578688919
0.530329465348
0.0757746766111
0.16974907617
0.0486708744918
0.0213772440334
0.186710165475
0.106543828605
0.118217057242
0.048744932982
0.0897288795133
0.0729237551217
0.0380552328714
0.089839050905
0.108020942157
0.0375579164669
0.186971633479
0.152687833245
0.101518956633
0.085438539771
0.0277860452992
0.100409525564
0.026157580937
0.340002380418
0.0151173963807
0.063536222017
0.187860292088
0.093196941377
0.042770975496
0.159412123746
0.15902330946
0.295587547646
0.432057567194
0.0377777118608
0.0416361674164
0.0765050434026
0.2359822605
0.055582952305
0.191804741769
0.207260686032
0.167176146829
0.164991167004
0.0701898573626
0.146600015824
0.302862908277
0.0781921473469
0.0443190177049
0.110463765317
0.0537910568998
0.0864517963734
0.142682364847
0.0158632567608
0.045198090076
0.163556552396
0.0641114776861
0.0945013697234
0.0588605286637
0.15954117505
0.0133427373613
0.232143887346
0.0281025891394
0.141411332509
0.0880380544221
0.171029553956
0.187450164725
0.134445374691
0.0612981788557
0.334158597091
0.073052748445
0.0348509419602
0.347418200564
0.0210224103813
0.0906695598349
0.0662622586152
0.136012406069
0.122537986785
0.169276304024
0.0909520586845
0.0667375761941
0.180674672266
0.0698191021009
0.12147692967
0.158621710433
0.0525560259534
0.135952173776
0.0350674172317
0.0891492035286
0.0670354437411
0.0385069234277
0.361629072514
0.25014480122
0.132798605711
0.0282424508665
0.330308509451
0.121278896175
0.173334193311
0.272820866938
0.11395296058
0.288408278799
0.0443843779272
0.128258032641
0.0549877455491
0.202496722133
0.156073694437
0.177317705951
0.102749361415
0.0
0.0667547629759
0.0621696323854
0.336615433994
0.093773661011
0.115572765911
0.0633237083793
0.0933898071565
0.0265391552526
0.0389422141076
0.0396710579543
0.191105179915
0.204710312546
0.158897400621
0.20012927808
0.23227071593
0.0553158402338
0.196636825242
0.512766862058
0.0822676401738
0.206659405702
0.15374121852
0.0868714431065
0.174177928637
0.0751735087198
0.0976890040879
0.0782843743654
0.0716208911803
0.201594585826
0.0570614701014
0.0956199337488
0.167531834924
0.151387960686
0.164107550944
0.277438361148
0.219067556731
0.21391236888
0.154059432327
0.0634016435776
0.317635881537
0.14142589829
0.0310480784459
0.106808866644
0.0548879801039
0.0949879627771
0.0750890789674
0.333423699131
0.0876744796281
0.0407523504047
0.0906869572594
0.0585619755606
0.0759875906267
0.051642569295
0.0916222866515
0.108070036809
0.197443747993
0.0471364983252
0.072109219282
0.0776972366388
0.101024312499
0.0
0.0
0.0527261136202
0.0116401852779
0.0068637560847
0.0490350523875
0.123803245001
0.0935178495648
0.0742828052292
0.133522410381
0.0914556101948
0.162066126208
0.0
0.0222012647745
0.0
0.0993172876696
0.126052589321
0.169428962659
0.181065185984
0.106854519593
0.142737221365
0.0665912669651
0.136643945576
0.0210440011367
0.0
0.106854519593
0.0310289114972
0.0405480661965
0.0359849375515
0.0262979324872
0.0799263298668
0.0
0.0211253491806
0.170776492923
0.0973953880903
0.0779606391632
0.0308464532118
0.153682409771
0.0884317661866
0.14021706747
0.0979286894913
0.078949894506
0.104177708576
0.0
0.196573093301
0.0624470974628
0.126442549049
0.0779822169044
0.0461715077416
0.0966294365006
0.510947151814
0.263150486506
0.0985662626112
0.0433421278624
0.0153819207086
0.167324462724
0.060777546369
0.0467963439518
0.0969810814572
0.0517214582688
0.150847270695
0.193523085708
0.0756213296521
0.0361302734811
0.0966977104128
0.180247469368
0.0609880758944
0.244442130737
0.15198327338
0.0678500451799
0.186355839595
0.0462513349323
0.0421435840578
0.0840069647179
0.136973757171
0.305482070094
0.16351076569
0.105230035067
0.275679882447
0.123246095047
0.111042194716
0.103427749729
0.0226490067103
0.073610472585
0.103390845393
0.191526365263
0.025763170464
0.310795015247
0.0891749196377
0.102215501183
0.127032403193
0.0710689631772
0.142953828202
0.27242819329
0.0472516514881
0.0737370139186
0.177191384455
0.139462359474
0.0700409137879
0.0418225521078
0.0882448727434
0.205341174793
0.257838206195
0.0265240875859
0.15948130695
0.156013545425
0.0712387051667
0.285347077477
0.184626819761
0.247219377314
0.153861434175
0.0662244248922
0.0777854196056
0.219302543789
0.0358026965299
0.0252401252822
0.0358574016516
0.144441043468
0.128773950233
0.1159833416
0.122174551049
0.106677216004
0.083803330877
0.105731809091
0.0377940389921
0.136307572133
0.118082737364
0.21420964601
0.0761552898071
0.0558644206453
0.0901689065957
0.650180036908
0.32611883124
0.0348743174567
0.181570408336
0.0981662132465
0.287641347761
0.126187200768
0.0544556106973
0.131073334722
0.143513212384
0.062642545091
0.156607679306
0.194539422691
0.0892521131224
0.295368615396
0.0739352862797
0.050047515456
0.037462956839
0.111455772063
0.0
0.132765452124
0.0621926133178
0.0384865415929
0.0395234976949
0.0708079963215
0.134899595067
0.299750681807
0.161481323833
0.19751573202
0.34198017812
0.0265165042945
0.0549620512276
0.0183476029389
0.129072113781
0.0720125596821
0.170926541167
0.0925640379923
0.067397748011
0.169563991761
0.260731857343
0.269439592385
0.0586642315597
0.0371443542554
0.106907203805
0.0314079555631
0.0618561275642
0.225229633253
0.0877081814644
0.143700375162
0.14126660267
0.12981771071
0.156966645064
0.0627299997697
0.135209579349
0.255589397193
0.0670699516774
0.148455268419
0.0704249767503
0.0709194856199
0.0589630220802
0.157495148009
0.0338767281001
0.0425122241245
0.148917904937
0.0866407898243
0.14460865037
0.0362222082044
0.0599148059372
0.278743306425
0.0445495881992
0.076130343347
0.174268460659
0.198833471448
0.23676838152
0.0965012754305
0.0783263700728
0.0280392462271
0.142828284205
0.112081316635
0.090278507282
0.132469616092
0.101871541223
0.126480630768
0.0945733947472
0.126105925764
0.0302563645873
0.241038359079
0.154186462267
0.0595725275348
0.111774353997
0.0862918887283
0.0713035784302
0.149537095702
0.31709696303
0.0816688043729
0.047421918468
0.0848848424265
0.155207858975
0.0392420410749
0.234662559484
0.119691809757
0.150549192314
0.0566434870276
0.231388927363
0.113955969726
0.0803248281661
0.129679909985
0.0806629385304
0.298114008017
0.148081834373
0.13000250351
0.380290917186
0.104251066409
0.108776268021
0.0985519610747
0.108305393292
0.14312466279
0.133172829298
0.462785104267
0.0760756550697
0.140184093619
0.0915410315584
0.140872774144
0.0382569008238
0.236808400358
0.244386245181
0.0748466063328
0.193336272743
0.0385508054162
0.0925598076782
0.0846956725641
0.119454375306
0.192211449167
0.291515194577
0.0689466001504
0.361295025045
0.378069033488
0.0754449273112
0.188357022984
0.202948031369
0.148473543936
0.125769869868
0.210044766431
0.120261132155
0.314962011529
0.118379525802
0.131029840477
0.0
0.0954079131412
0.4375
0.0974915659477
0.357107295708
0.0212459501663
0.123011205191
0.315714035643
0.347384961242
0.178772383993
0.489201831716
0.256698583507
0.187650762074
0.0832928465471
0.381542097977
0.238180247814
0.174222393225
0.167482670453
0.145286073797
0.017558253177
0.220497732891
0.182621074102
0.0364497669069
0.17273274042
0.250844899062
0.15075621403
0.192285954804
0.0635321426016
0.049203405829
0.0650530775505
0.156514945233
0.180966773346
0.233985317958
0.269854157482
0.14935706696
0.0920519791509
0.779310230268
0.043383021206
0.4375
0.157225528069
0.0645585905192
0.234095565609
0.15941682677
0.085553751872
0.150169146324
0.0711005722983
0.213910600711
0.11969724272
0.322052446274
0.0601009834047
0.273224095568
0.189381521602
0.266845374991
0.118922085224
0.194000495028
0.0334370152488
0.107395357699
0.221763101939
0.135336503657
0.108597721288
0.16278052658
0.121899362084
0.310553341855
0.0399253389462
0.264503407432
0.160727268471
0.124128854031
0.16338535659
0.073980025441
0.0442074343095
0.0968610981509
0.229678269296
0.0978983204385
0.0946242070966
0.0384242595595
0.0239603664092
0.198009360077
0.238121289311
0.082985381896
0.269658984207
0.44693780142
0.317553100536
0.186192202319
0.127514450609
0.15342469175
0.101554716801
0.267878591779
0.0855777949513
0.311329061622
0.279227223855
0.0967529233391
0.125987896834
0.330591000888
0.0984658935307
0.257247602936
0.105485966792
0.40857820832
0.0812822252345
0.381987881773
0.439933569143
0.0126720737637
0.0
0.0646484789971
0.323268085366
0.121311695402
0.102048240657
0.491300640957
0.331712166809
0.24775547572
0.158967474757
0.129242708765
0.112396562818
0.105721018885
0.627694080406
0.251303954502
0.171323297648
0.192380858926
0.592323803475
0.0392641474293
0.212474319912
0.24824412669
0.179223451569
0.0994007990776
0.153658652735
0.0804144144362
0.338629299607
0.0822710362894
0.188145814877
0.0187807347513
0.154134585917
0.470092566445
0.0239603664092
0.206668852044
0.0920341662807
0.0893608030632
0.37989952872
0.0430552868119
0.234169103003
0.0
0.0979436052982
0.266916600392
0.0956266896361
0.313491239337
0.306738129767
0.0838511328848
0.040251988888
0.0873256813656
0.227400949265
0.342519301609
0.315967410574
0.0890633463375
0.0788208578833
0.0382789958883
0.412896456315
0.213183203635
0.153094944264
0.158382747237
0.0353603060047
0.0557800663164
0.163581952599
0.347351670545
0.401077416511
0.232075607471
0.0699326091138
0.530013555614
0.394710484957
0.173221942636
0.146201101026
0.258267585129
0.164801149235
0.0122261101038
0.515112166892
0.361682995799
0.00858236309961
0.104020278004
0.301990834954
0.210655239871
0.0493683905073
0.844363644998
0.334292896021
0.281223005632
0.244001005338
0.203313924825
0.159529238566
0.173664043476
0.0610299470261
0.0911514684983
0.294497042532
0.384302047475
0.214545251885
0.9375
0.0449746602224
0.0892070997713
0.323953976801
0.296144489497
0.193995892141
0.0757018828221
0.0487598929436
0.0407322252653
0.0969536070832
0.147105657869
0.193008206467
0.137888767633
0.0892714991395
0.204233681767
0.645702499674
0.127475453677
0.0759781015962
0.318161372975
0.252992001989
0.260232213335
0.504270028194
0.0692046976567
0.0444716127929
0.212015584766
0.204074413254
0.14673966584
0.109681666093
0.114633451812
0.040327832467
0.0914513105707
0.200573839893
0.13434669688
0.124628686989
0.271296120038
0.246594181793
0.115280964754
0.277861437879
0.32937909533
0.254777646006
0.336023489987
0.46019905394
0.11552877357
0.241931301196
0.0297949889551
0.0842372376331
0.075925191649
0.319185927251
0.352553591817
0.323088768774
0.0423846056242
0.125974571391
0.179362083853
0.164946841231
0.416498487138
0.208723748681
0.73259395138
0.553817580747
0.126934172453
0.223763240165
0.157247998221
0.0897168654236
0.34642830843
0.209044667912
0.145852028676
0.0743956596467
0.212864679199
0.0598912882246
0.0
0.19312099194
0.168046621939
0.357348341703
0.255043399452
0.0425606100186
0.0
0.0347335113821
0.117567887244
0.0410866574467
0.16046616664
0.156675788846
0.176557817406
0.0591899829278
0.26390501423
0.0855095128704
0.246394305797
0.0818845601118
0.0418875075808
0.438957660069
0.100916352178
0.122858068307
0.0277977764629
0.183934761444
0.400741991163
0.121821774787
0.0882830004637
0.0444278013921
0.049261482509
0.513868753587
0.0373326729768
0.0468306190474
0.29954246817
0.206727031637
0.0754917842826
0.306435892015
0.364742791073
0.412790350425
0.188277975588
0.443741908846
0.9375
0.449905857643
0.0832207317378
0.110413250411
0.167017983508
0.145808294635
0.324933453791
0.1010798175
0.37993113863
0.22745095006
0.332483420445
0.169270219857
0.281012770474
0.373087714283
0.220283013413
0.340121326674
0.297649198976
0.109870678749
0.200450902117
0.203684411381
0.35334227159
0.105471954695
0.0969139656108
0.279918593068
0.158496749187
0.232841498337
0.293381741747
0.247850538255
0.122612540781
0.14949774475
0.133930951399
0.112700358778
0.0790790886444
0.111341648714
0.0420653072469
0.439706573428
0.142205908149
0.102785797586
0.0136111514915
0.319846685145
0.0969382315943
0.126039021231
0.145180303992
0.359742409327
0.0978336745858
0.0759810287505
0.109779232228
0.304044169733
0.108486529876
0.0850762271107
0.246489124605
0.121007576767
0.126096677738
0.15988572881
0.0933889391244
0.15573608703
0.147348959753
0.2120460468
0.0575916199247
0.113216684759
0.299566313516
0.0442041946879
0.232178626357
0.0833181825666
0.311239171081
0.168818874836
0.439052698288
0.138474975957
0.077045268393
0.201961110804
0.384367082912
0.274945101161
0.0737273365327
0.254226364897
0.163652525827
0.172238196194
0.186278367323
0.313634470835
0.155390875282
0.0459785730857
0.372093744673
0.109796179317
0.0881565083747
0.10297914319
0.165380866935
0.359228831094
0.370901245182
0.125685384565
0.396221244561
0.213824650872
0.101222184384
0.124578142977
0.062830921667
0.260214198908
0.244425081761
0.117445126491
0.276324053186
0.0731845333517
0.0901123678658
0.450248403421
0.0423038022446
0.290054723408
0.217812455857
0.107934909604
0.276113663305
0.173572092811
0.111882590094
0.146114809458
0.0652114525472
0.152988414425
0.0646032398757
0.125641597618
0.152840156628
0.0722756444331
0.132021484249
0.382582307037
0.179592677426
0.111047931481
0.0277459668711
0.132423913984
0.102501012462
0.156527100516
0.159114964084
0.046904013066
0.074746265708
0.27652235089
0.211873477038
0.112861336558
0.0295842744758
0.101250600523
0.275347995534
0.108467803369
0.1563786619
0.0338606261441
0.0437987150803
0.0
0.0401269889528
0.366951915749
0.0578104870887
0.190249802044
0.314780522953
0.0800210482746
0.0884207726023
0.358332429011
0.174252656574
0.193460055146
0.127284263326
0.0670625545727
0.397310881264
0.133820780065
0.811917292305
0.255261789079
0.0906228764493
0.0284938382119
0.040667236965
0.0337599625834
0.087138261806
0.23300758046
0.376492364716
0.145775120512
0.0239603664092
0.449398197191
0.0
0.337857675459
0.1207106579
0.0401518840161
0.290804056216
0.156447472503
0.145409470826
0.0577163890752
0.29743241406
0.0786164278264
0.151465857028
0.137965632284
0.0442403741973
0.229064840395
0.266843304041
0.274964751754
0.120680060194
0.204461367
0.213101490514
0.0661100719585
0.272556977179
0.0520154152748
0.31262752535
0.128546249424
0.648143018312
0.314626952286
0.191332817499
0.110131756475
0.182994460123
0.257000496132
0.175082884885
0.0399101694308
0.115220621981
0.0533898212877
0.110672421451
0.442844367479
0.230727242196
0.125338898873
0.21801291341
0.117677628658
0.191518330524
0.0474897303532
0.173040126326
0.243079666626
0.04021183558
0.0319003598154
0.0628222838056
0.0825005812006
0.360812033542
0.0960122003797
0.0914096098879
0.199421090957
0.343021017608
0.18590375831
0.232680147003
0.0
0.0499473845681
0.100360190428
0.252790324554
0.180767512448
0.0548033170623
0.161910809798
0.0502599457567
0.0930718914571
0.35057234927
0.119584657565
0.180656000876
0.123451233939
0.0610328673113
0.206406056969
0.101172585446
0.279293989232
0.136740390986
0.354611324007
0.188498045209
0.113604480063
0.0866162790107
0.188140731154
0.120115640657
0.0976184120314
0.278344996012
0.0316452183211
0.177701771668
0.187198360468
0.0483756064311
0.0972608815554
0.130934134275
0.106293014604
0.0369749026089
0.288492428103
0.150887543261
0.321393860917
0.322339305245
0.105503707555
0.229295399461
0.0398782882189
0.174722981927
0.087771054853
0.115814523809
0.211570986412
0.283453101784
0.0750566838562
0.0293798719779
0.251601765385
0.477098966387
0.102051911722
0.293458586752
0.41038659007
0.275901236344
0.0295370846426
0.304523235738
0.033277834659
0.249573749695
0.582853693297
0.145581562749
0.0840185982317
0.187748040121
0.718205039698
0.662757982278
0.122061863618
0.373936025223
0.171306953872
0.278199325118
0.443003559002
0.177583535544
0.0931088414119
0.0410301515706
0.138352032695
0.187516150754
0.390634740726
0.231367038404
0.422223078945
0.192127481762
0.111545761482
0.201060834754
0.117343770075
0.408298484538
0.106058456481
0.0962840976113
0.186920202227
0.0862474591075
0.0365738366681
0.109258799418
0.181288157623
0.112763978363
0.222151806986
0.194397973678
0.0983777860748
0.213180264486
0.0732984717711
0.224790584423
0.241576164738
0.230645940368
0.197203366129
0.231446903863
0.162670309479
0.103068549573
0.231104194505
0.345898779666
0.427772861169
0.280764588359
0.0225865821887
0.241486583074
0.0547646641281
0.166027456431
0.0663718094688
0.225263758679
0.177301304572
0.147160071578
0.237007569971
0.0540372653271
0.334000794908
0.123975172433
0.117506900558
0.187039569364
0.161562349517
0.201188253296
0.0974700646494
0.101431422383
0.518027518485
0.119952981925
0.0530075405649
0.181957795473
0.21852094586
0.340753359431
0.0939470342112
0.159537014299
0.0726446858578
0.108027635458
0.112373806604
0.184864910316
0.122320155077
0.107643336999
0.093658232262
0.161044535768
0.14389862292
0.184747711091
0.152718074829
0.101932914779
0.0564570335836
0.141281034355
0.112596745749
0.124025065267
0.102445768549
0.410356996974
0.203270694327
0.0475140991949
0.384227041614
0.243265157605
0.0699043499043
0.0448423203945
0.051294021507
0.110465750172
0.124598155202
0.0965118891926
0.110201641843
0.0364433931994
0.30017341313
0.229123247655
0.202134497925
0.0289594616916
0.172579420498
0.202959790866
0.134194653751
0.229189629682
0.176455987047
0.201408880725
0.424291890994
0.309662838721
0.16182622834
0.255926491357
0.155891197389
0.0378388708581
0.13338665888
0.147289691149
0.0576700142088
0.198149760288
0.137869509188
0.30852228852
0.0959720609118
0.336069694711
0.242972748816
0.160492570692
0.153409589778
0.196614685473
0.309749515688
0.229963096659
0.173425608303
0.0937656722795
0.346675054879
0.209028524092
0.112454025978
0.141685862807
0.375254167328
0.141089268635
0.0957567860502
0.0728028357542
0.185755472553
0.0870856015426
0.163698463128
0.296096119293
0.0974958861844
0.346099523176
0.185860041204
0.321097406423
0.0376424306628
0.13546554806
0.241310645537
0.102177924552
0.350258866608
0.172307227661
0.124645378289
0.0898052798666
0.191038172353
0.146342424761
0.164335236485
0.148756144154
0.361976772238
0.105722364078
0.275619862248
0.0899153144321
0.270175678178
0.161342752731
0.0941400829591
0.0675658929399
0.0461949219958
0.110880389207
0.054523306118
0.247251305369
0.232253426919
0.183102369135
0.187715508364
0.17746777725
0.14514606314
0.157825681597
0.131481507038
0.017198088577
0.151454574788
0.165110542844
0.498327013064
0.752246434935
0.219317144148
0.0462623218499
0.294896017119
0.122431435149
0.263997358541
0.213092474326
0.0437145928715
0.181169482408
0.280120417568
0.58970922208
0.202105110274
0.0837656959726
0.258926224271
0.179992170166
0.199015641796
0.388915175231
0.141350649363
0.244382425332
0.336055413894
0.25988460431
0.19542497089
0.0871496209989
0.0509087546444
0.212000348635
0.154742386545
0.149312701207
0.380748735849
0.0523003388027
0.2178871224
0.112343358296
0.394118780889
0.28999400844
0.134168217075
0.0309896329741
0.0981029037313
0.118742518965
0.203994854302
0.337128938489
0.108958704958
0.316575691692
0.309320793049
0.356455815731
0.129213242223
0.214006129693
0.275228812044
0.129008632406
0.217618210686
0.338992679418
0.182464188879
0.0898024150092
0.0250900987314
0.188465458569
0.444284030441
0.21587210969
0.15911180653
0.366928871303
0.170673337276
0.155832677552
0.339975550197
0.300800467442
0.165192452473
0.1421119686
0.115437321574
0.209062011876
0.251977439429
0.56675942809
0.264395076227
0.30728240761
0.192395568109
0.324151979674
0.152816474702
0.559405954608
0.23252771945
0.252226933586
0.0612651505234
0.360078996336
0.374413468448
0.0559051013922
0.222904433526
0.138946695571
0.114651299064
0.406986094756
0.419465849494
0.171648860782
0.145264750832
0.221476157171
0.501984945551
0.349260324051
0.218498978739
0.346995952427
0.263196893244
0.0445165916168
0.0224241909117
0.26104239583
0.276760515401
0.248207682022
0.305035235903
0.164602977714
0.178751558823
0.313359243349
0.488805819811
0.177609508715
0.25482377673
0.149422932134
0.101305387712
0.103545636833
0.0919389099385
0.196389192061
0.403822604207
0.10518304194
0.217928348298
0.181609571153
0.082932638314
0.194699425987
0.188709339436
0.134912658129
0.306463063099
0.303042601539
0.119637270835
0.486679075048
0.186091075156
0.325515169291
0.294799115995
0.259324494023
0.271698393486
0.102019529272
0.266527745859
0.32234226942
0.42927186135
0.198311843497
0.146556492496
0.149685260504
0.351403656406
0.222182863954
0.0955144598045
0.385032890044
0.103241720123
0.209783937733
0.216000616902
0.303578217564
0.160580224896
0.103293841215
0.279894167066
0.397896449739
0.434432578305
0.111838554081
0.342405960512
0.115686512729
0.392982284434
0.214442074096
0.234515563063
0.288784083975
0.135371658124
0.0990901801315
0.163655121886
0.245079780443
0.140159988099
0.26478509018
0.214468817903
0.147386243313
0.28357766161
0.0469666056713
0.0625543011208
0.427872418128
0.0668949760273
0.173118649223
0.0461715077416
0.124082267843
0.184750201025
0.0137673828726
0.304402596056
0.177880133429
0.198648408959
0.174988639109
0.322473438296
0.357920171205
0.168953132012
0.339939725963
0.046343140068
0.252366645679
0.117254216092
0.352404288108
0.105176045406
0.435961453227
0.184386206775
0.0
0.0842534727798
0.435341306697
0.102984979214
0.33427073565
0.26471840966
0.482980883428
0.0323196202214
0.249669973866
0.332467881223
0.181489918019
0.110763868283
0.0888881858427
0.0638966724694
0.0452660996943
0.102118116578
0.0615863906291
0.329423909889
0.129074040923
0.114434098782
0.115400017606
0.0879507290222
0.12935527552
0.571411591289
0.0577503653415
0.284533229562
0.139275599815
0.199644622137
0.269527232543
0.21556347567
0.146663669607
0.110105563089
0.234048066256
0.167745132178
0.227229188284
0.230863934902
0.245846163175
0.273081969277
0.223848093177
0.280813568337
0.0375953103238
0.138707279919
0.138624367267
0.214446431658
0.217578677543
0.0657439923424
0.0842425220224
0.19705406623
0.0386755180045
0.273738971998
0.141846502426
0.131779915775
0.041348848617
0.051334190941
0.244420535885
0.485937494978
0.174415106271
0.258343652157
0.212656593468
0.327797966611
0.203279181581
0.091898065701
0.172937423072
0.169463886158
0.158539558267
0.121466448564
0.364710162472
0.121837745406
0.188857194093
0.25783175718
0.509126113177
0.214886997633
0.156412627938
0.0607852155194
0.156954417832
0.103798530258
0.28838180097
0.221815867935
0.153258024612
0.458070810464
0.075211735171
0.148698451911
0.47604850095
0.212548153425
0.245397851776
0.181627186592
0.219820237772
0.267845543364
0.427856793677
0.236795121918
0.255859220178
0.0312539830685
0.340874838587
0.106974464239
0.198834950888
0.159262941789
0.187198291374
0.237815956128
0.282331712818
0.226740586119
0.444420945822
0.366360454526
0.230823193045
0.273218405711
0.173892953782
0.220089512725
0.17391057807
0.195106607466
0.351399192143
0.141796732991
0.279578477981
0.209479955152
0.340988900976
0.238770905948
0.215260194059
0.283159604289
0.146473735973
0.0954225042601
0.23697688659
0.147187101947
0.163299860194
0.419717457157
0.0697391614791
0.212939621565
0.157833670056
0.136908652351
0.109758172505
0.119940219691
0.27323746353
0.0836827996723
0.276843608481
0.184891918545
0.428472708035
0.395597240921
0.281871624027
0.282309839296
0.302495241776
0.344164221015
0.695991346656
0.570195475968
0.165666373139
0.342590640481
0.198465315698
0.0
0.149509236016
0.31354634175
0.179103428093
0.183860294635
0.218073282638
0.410220953153
0.0778758037033
0.0726044349317
0.148348016449
0.0604859282872
0.113313772827
0.280128021061
0.226185291612
0.192787865214
0.0599263878002
0.168296749056
0.114877184205
0.049940434594
0.0
0.263546247993
0.088282456241
0.140003494592
0.600133995864
0.104814650873
0.0374091837515
0.0944671744866
0.0544420726827
0.187572122511
0.113550939962
0.207100258442
0.247070984576
0.144689236651
0.0493688933442
0.0722981101033
0.0639005914136
0.0698071178191
0.105522893724
0.040081291895
0.0645805643716
0.220789133671
0.12880548148
0.0394771352141
0.0738277966903
0.147542329187
0.233888083333
0.130883846516
0.09203705981
0.13663979094
0.0448656540579
0.0391600701947
0.265649255439
0.257570616025
0.448660882113
0.239587622317
0.156802395204
0.453391555213
0.265288419746
0.187118672402
0.148163584423
0.498864182436
0.0543176103592
0.0845213784664
0.176204461332
0.133867164021
0.296833221969
0.36511787929
0.0914477089757
0.280106889161
0.152806446989
0.177609686167
0.147455760064
0.473173787107
0.186718694269
0.126844507435
0.226760126624
0.25435443971
0.147826751833
0.431616744587
0.0710583346405
0.301717254271
0.201187668541
0.0360473117243
0.150884549269
0.0592773302929
0.186583008484
0.174579843485
0.21530669603
0.0874211232198
0.25303314131
0.142218290213
0.161444144309
0.153240952884
0.172862363285
0.132509151261
0.218600718302
0.234560056764
0.00949794607064
0.109367393502
0.115969434797
0.0
0.0969495267082
0.167199175374
0.106909553514
0.0183367808355
0.263763602235
0.065334601161
0.0512954790439
0.147998565309
0.0605112051907
0.203304584806
0.13584958188
0.156585260254
0.0
0.0457779702202
0.119706011553
0.0461715077416
0.130349059449
0.16084755721
0.0622075017388
0.0369790270788
0.340221854527
0.189963102283
0.222897890959
0.0460534683561
0.144288807164
0.196973813182
0.179083264632
0.210479877639
0.0671162624419
0.0
0.114139809028
0.0986548602572
0.144371832961
0.26301529911
0.0859005624747
0.182999687873
0.193388746141
0.246721825863
0.109498504467
0.2476259725
0.115772162968
0.306744393136
0.296850172993
0.132116789007
0.532885122127
0.189344986553
0.132591170781
0.289150771004
0.0880577939435
0.278413581979
0.19291958749
0.170885670277
0.0863207775553
0.124783382179
0.0939606169293
0.227462513247
0.225140389632
0.158215120995
0.183589492858
0.151684818898
0.19504767371
0.174815108654
0.19177626046
0.230184956326
0.33548613198
0.0875
0.216197348403
0.273113410534
0.0971833350429
0.260153070691
0.191505546076
0.0829509931856
0.112423912212
0.244450755637
0.0664323387898
0.056294343554
0.277957947258
0.28060315624
0.0239603664092
0.233223425992
0.197836625614
0.29349425352
0.0428613092594
0.236559685493
0.11683776781
0.119145609287
0.0391660302311
0.235880838076
0.183680531674
0.209993293809
0.00768485191189
0.188432367492
0.0552936651642
0.130238301808
0.110109158264
0.229940505961
0.271483948507
0.160817626356
0.144628853219
0.216998127451
0.141033098184
0.0775965575808
0.196990445852
0.152930349016
0.21499807757
0.0838195335685
0.360978240864
0.377060642623
0.250406163443
0.161163609689
0.350860274934
0.238541446902
0.114975808285
0.194193972176
0.537682309987
0.334324946866
0.363836793456
0.178080422457
0.0255014728747
0.305669776312
0.0733106617911
0.186828168177
0.378101740041
0.0
0.138107501928
0.220841636856
0.272600951655
0.242218730684
0.260230642023
0.246264518871
0.107604776269
0.0921892946271
0.0894739320101
0.129484426859
0.170283973505
0.325428039792
0.164135961041
0.0879984307865
0.0406313161009
0.23523383813
0.36209039351
0.0580841843668
0.155346962313
0.136846546202
0.402340427045
0.289898090655
0.551381355417
0.0195056324333
0.517457330672
0.645404717307
0.0968093868179
0.378629338256
0.367949653312
0.494534405513
0.0233560985414
0.107670110667
0.186028344449
0.173493612273
0.151605371471
0.0607302675499
0.269824904536
0.0558021995425
0.150872757159
0.14280222259
0.15155026381
0.242911479134
0.0863294782285
0.23380511182
0.0381719521163
0.0464586007928
0.122197040671
0.277516112828
0.152194321081
0.263811006247
0.382469906267
0.200304502785
0.324984355014
0.434727045956
0.208751539078
0.183650032892
0.073480152146
0.157483139409
0.131674514885
0.32351478349
0.0
0.0
0.131193127541
0.180678111629
0.283515871521
0.0985342828173
0.0375470888041
0.0525560259534
0.143764667438
0.0586935511517
0.045792028585
0.0578656911333
0.200678096981
0.0879833656871
0.124975500559
0.397543752341
0.402304125118
0.286446470319
0.225169865546
0.0496044245691
0.32268231925
0.389325663403
0.298420515184
0.194939529893
0.111898366056
0.094926154451
0.0846188082549
0.0919009148754
0.178640781556
0.13052693688
0.0822637485802
0.0834009569699
0.153607926643
0.284306421169
0.329463800107
0.230255935905
0.291819403325
0.182905805053
0.215372572283
0.0807707835084
0.629334221759
0.188283693374
0.0202820122871
0.0441941738242
0.481088927884
0.33378627566
0.0594604910445
0.161125278479
0.242374384643
0.048936028246
0.0
0.288881141218
0.0776517458129
0.143078439974
0.187318774395
0.0605112051907
0.0570048818297
0.170948460762
0.105247352431
0.211328223295
0.198600628332
0.162082167271
0.29376198626
0.383510751432
0.261631428601
0.270525046297
0.114385194596
0.345600995951
0.232737432064
0.253729158531
0.238743570828
0.308382620969
0.247344797551
0.170866812486
0.298597777126
0.0785154328748
0.204199545198
0.222201477587
0.124538385369
0.322496642372
0.0684744209265
0.0967649913593
0.18783801069
0.122662377533
0.0502804199042
0.239183111423
0.136917452829
0.103912739198
0.198501918127
0.141902789338
0.279334576623
0.0455263819561
0.153041818215
0.0890312009413
0.0820781214235
0.0397776624149
0.0815148489082
0.199937584695
0.107704035237
0.149174936661
0.415412061005
0.049275472819
0.182125996344
0.318097771569
0.19573853827
0.0424482683588
0.131376250498
0.0515705950227
0.13505650782
0.0624884189619
0.0519339368531
0.10178625568
0.0815559653421
0.0508970216775
0.134037695427
0.239639029349
0.309700637654
0.103465991427
0.14721250564
0.178616859277
0.0976634787774
0.305431647718
0.208951644894
0.203908275149
0.318151651825
0.0907660927705
0.200347672744
0.0463678717808
0.315469565594
0.165072822341
0.336113767904
0.0885877079371
0.167462039092
0.0735637808858
0.187724233808
0.127136857579
0.134203971679
0.0772191239776
0.0346719027037
0.0651154851287
0.163466164668
0.127286563485
0.12006380905
0.199508569908
0.0494519842445
0.0778481910186
0.0628980027223
0.0338033538118
0.0943107484855
0.144794268442
0.128559427311
0.118386878601
0.0746752035988
0.104187402046
0.0576767491238
0.20998327715
0.196853274123
0.232151142162
0.147050034808
0.203448230656
0.245394415435
0.0677213293545
0.318194388182
0.300337317689
0.192719285012
0.29520917255
0.140406603616
0.282894718969
0.342082275545
0.109922777432
0.2089248009
0.187371564485
0.0903533511114
0.0571947618405
0.185529144573
0.0919430097549
0.0861416763537
0.121494802762
0.210187166453
0.225522445532
0.149620777235
0.105908962924
0.0705388814101
0.0384965631179
0.0889668147533
0.0876770731749
0.159738301607
0.0730271791426
0.0800052260452
0.0636792047925
0.025
0.180675184057
0.0
0.111287262321
0.0
0.0943400108269
0.0
0.0821505573526
0.0317929528886
0.165360688243
0.169733705614
0.118435228477
0.0371346640096
0.0355537124851
0.164811824151
0.190734798964
0.154790713371
0.0897827925785
0.137178287944
0.266612319415
0.179219876798
0.0719256791314
0.123258506357
0.159412647969
0.123481273731
0.196163932837
0.189422081025
0.137592738612
0.159216529582
0.120624349638
0.110954046883
0.157881507704
0.100347612061
0.232696047006
0.193956117726
0.183454626674
0.158108799847
0.0389809019418
0.107959771138
0.155313809315
0.0393726175473
0.294201948965
0.145577865649
0.160732157614
0.168643017352
0.0900640455546
0.211151790723
0.0418528352799
0.240822244351
0.0869417639302
0.0274338664562
0.0427669403827
0.0786859367742
0.103932885993
0.151052824765
0.177663695421
0.090834920024
0.0755166658287
0.212521965532
0.0844362906447
0.224363024161
0.317184470261
0.415716618476
0.0717177540156
0.0870504098942
0.0943815207381
0.450894746618
0.113551697925
0.251928647682
0.193383963933
0.00307519762104
0.298584226307
0.300352764796
0.0998189334179
0.276186723116
0.105553428453
0.0947095727903
0.10630793455
0.162426903088
0.175916658226
0.253646962342
0.0586303532727
0.135437305859
0.300323393291
0.18185650939
0.151281651538
0.177367387615
0.130450440553
0.180039824681
0.126235884091
0.0859046992058
0.320461953011
0.237164509905
0.414894706501
0.284088071339
0.408070135035
0.202074668485
0.157684388862
0.279646392731
0.111591961331
0.125410440924
0.0706391596432
0.0554972136665
0.231546665913
0.0764989286785
0.127470335739
0.0615783666883
0.222770710648
0.148149830607
0.181304409828
0.0403064090245
0.178773240816
0.121317116025
0.194881046681
0.247400927786
0.0501939710887
0.192957352239
0.0954343617654
0.190389696102
0.0624800386434
0.0196281741207
0.119809756014
0.0765756754345
0.14814392508
0.139350667873
0.125188058903
0.398220295824
0.100658363029
0.251781733734
0.0390977951538
0.565922723836
0.146831606315
0.143871594209
0.23030661741
0.213688206776
0.277165761624
0.231986761063
0.241718781515
0.192845082413
0.173622705674
0.154978942766
0.0855799107236
0.1446329032
0.0653320190292
0.096052453918
0.142744686691
0.233569657493
0.147631179178
0.110798182425
0.213964010979
0.250027375592
0.171987791967
0.177483677274
0.27103319599
0.227349126336
0.361178742125
0.324828152563
0.216335259765
0.134700877462
0.303408590586
0.16199092859
0.354761009908
0.146377438911
0.384799862816
0.172423591664
0.250448303302
0.157825901304
0.659820540448
0.236707684335
0.286485360578
0.0649905715098
0.107025502615
0.431050910628
0.0926698305337
0.332557725546
0.121133059599
0.169012974731
0.102341656262
0.0448924785986
0.184117823599
0.177190812358
0.201842677143
0.21633301368
0.273059298424
0.324761120485
0.197412598768
0.2046293305
0.276798889429
0.244979791608
0.0937545463398
0.105395173508
0.235686485714
0.155724627099
0.297700417732
0.167321783925
0.156779635904
0.0360263830825
0.109279547296
0.214121481802
0.268635084435
0.210873363675
0.269315065077
0.269748027209
0.0
0.0661812717425
0.149511604622
0.165124135846
0.0849531221833
0.297666461221
0.0441385862473
0.300233090441
0.245166594922
0.140597281553
0.181647291647
0.0851754267052
0.293397984024
0.106779513407
0.40049333086
0.2568812705
0.131009863745
0.152359317863
0.00835925381221
0.126452629796
0.196844096396
0.109753082748
0.0
0.104319747977
0.289827978394
0.0295830046573
0.0937856606111
0.115227526457
0.0552318769463
0.0850346287178
0.0940191395738
0.0877042029685
0.0703995413964
0.0731787979593
0.0902345714525
0.231377326016
0.105720425737
0.244832736822
0.039190848448
0.143918910804
0.0846123342563
0.155791059139
0.0439897153579
0.227932551182
0.0757317489899
0.0886845466397
0.0930887987774
0.290088157183
0.0268325519692
0.0
0.177907041733
0.0926677653383
0.161383137971
0.0463912461474
0.0627325196258
0.196099450626
0.101747121558
0.114729445689
0.0830661427004
0.267126467619
0.188630453062
0.154280918975
0.0617298914842
0.11118667401
0.155144432578
0.105497019329
0.182237873085
0.0561461056568
0.13146897867
0.09152810745
0.0373170024914
0.15041643918
0.2139774413
0.21157893531
0.190003430207
0.288580387067
0.25655903028
0.0159355062549
0.0665174491661
0.105482417292
0.0994148678686
0.229496385544
0.186701890162
0.14476911123
0.0349944504661
0.2207134483
0.209545523194
0.102227590642
0.0895865008906
0.0404335276922
0.0635165227254
0.0654391354672
0.0547691685725
0.0499951049561
0.210073662612
0.0962913399545
0.249941663973
0.0908480804214
0.0330559911924
0.10343191817
0.290788374612
0.407626117806
0.0786340239264
0.112292600395
0.176683007196
0.081051752233
0.243196257098
0.217669268363
0.329461101703
0.172038641882
0.1877167066
0.162801070145
0.255373585313
0.320713696494
0.226661108306
0.13996478326
0.0596166402389
0.102726599568
0.218611871642
0.115700770429
0.238234850346
0.190544023169
0.05
0.0400951905971
0.146873686242
0.358691340416
0.0385124654468
0.266587491856
0.157905441111
0.154752285428
0.101984832564
0.125981589587
0.320058821416
0.0549276993812
0.157448003259
0.265981379209
0.0859605109974
0.171660300665
0.172528349986
0.155031049254
0.163345240395
0.115682486698
0.120935642566
0.0369470562399
0.226314849935
0.108167418593
0.15391822803
0.134349221652
0.18176935809
0.428870323008
0.170884111281
0.20317301069
0.111278073589
0.0704299317594
0.186144587614
0.0797982048426
0.24671849545
0.0970071773083
0.14982059143
0.131677382728
0.119961411674
0.165880110092
0.143550845344
0.0782444750404
0.0850543083643
0.0773285426502
0.100872479508
0.0763874621354
0.0395740968801
0.0970075777775
0.05
0.0444010650669
0.177375746892
0.243286114261
0.197396552114
0.163329754146
0.192214090383
0.142032838684
0.0669217709116
0.0
0.0566969423364
0.152276972279
0.135151275675
0.199624610733
0.184011175664
0.290026237138
0.223839434101
0.308805897043
0.208447683666
0.292946759913
0.215822725497
0.0749677542554
0.356785348661
0.0984979154673
0.177924857841
0.0605112051907
0.041444550317
0.108334829398
0.336377492118
0.214024329232
0.119545546511
0.324651418326
0.130997975375
0.158903555833
0.0727795831244
0.365907606918
0.347256328327
0.0982914424262
0.148988835211
0.196215915243
0.0232885250198
0.0690707730495
0.117833879947
0.293822337575
0.142374332491
0.257879404232
0.174381062252
0.13918198352
0.193143945699
0.359101844323
0.167912570365
0.3285435361
0.175610750374
0.137351098167
0.0605112051907
0.110456894999
0.0966989087984
0.142646170081
0.0784091809945
0.145686368266
0.112861369079
0.186557494922
0.234247277366
0.200428074513
0.135568747742
0.120646158907
0.244831312894
0.159009441298
0.0924840198999
0.174681509759
0.0306015245008
0.111716681199
0.194039573096
0.0981748266453
0.0866336676393
0.145625771796
0.10595078972
0.256800106161
0.0406471722872
0.126475299271
0.100923232244
0.0814168149876
0.0987021121809
0.0357441971468
0.322708742511
0.0272067462578
0.242749573475
0.114783755841
0.0670987155336
0.374894273679
0.171810479175
0.098493059132
0.195687483271
0.212872209731
0.40879862454
0.178327279949
0.0801032567223
0.0967131421885
0.0603689081912
0.181853180058
0.105078541911
0.293935132645
0.173424258753
0.237875948151
0.161807843001
0.070188686268
0.305099824821
0.0429950379013
0.177089320614
0.060497894345
0.226959901398
0.0
0.21150736186
0.148624690789
0.297406207533
0.0391950670595
0.147133506562
0.0912548249445
0.174948288752
0.102724860956
0.225864121477
0.251839003368
0.0575075993018
0.0444817098926
0.149807372974
0.3823043393
0.153539796882
0.0796871439739
0.0928397258742
0.234301015143
0.197067417483
0.158822287163
0.191463780871
0.352843614626
0.391861687583
0.280635584457
0.131250680743
0.0898632072461
0.198421472042
0.144835723278
0.141421528315
0.0
0.133515748691
0.254845190273
0.0656642647927
0.132928664699
0.0776051966795
0.227586778413
0.130121919201
0.0801344814937
0.00798678880308
0.301745911311
0.262206909999
0.0983667972823
0.151346947944
0.118106140498
0.0715421234001
0.338371724846
0.070495985644
0.0
0.111588243463
0.0616186905184
0.249179514232
0.0739641871853
0.133454365095
0.0820046829629
0.00975281621663
0.106929132577
0.378468709595
0.249533230724
0.105414251248
0.263038612898
0.402297283592
0.155923664937
0.181687360035
0.377447304617
0.324500527904
0.0892573201935
0.199886714941
0.601101347972
0.0901959357609
0.389955178422
0.0822267702938
0.0
0.241608281716
0.342368611782
0.291950940919
0.0433421278624
0.146490335003
0.0942965130489
0.0962958697315
0.26668651815
0.0663479860261
0.249208809975
0.0792729747873
0.140327651678
0.171335185905
0.140543593972
0.103119527755
0.0882972364373
0.103204328893
0.106888864055
0.0593469261141
0.0725600516519
0.209064875027
0.241537836915
0.178648717737
0.241543503051
0.242103217089
0.278650290117
0.13033014614
0.0939500150189
0.175438143939
0.113885553505
0.15847238708
0.11355936235
0.169194600321
0.0934848859686
0.0321889582189
0.0
0.0631595318346
0.158725641933
0.150444414016
0.0659596948151
0.275966328018
0.0784724167592
0.387562758251
0.134171735839
0.222122767023
0.197419187021
0.0679371438385
0.142147165558
0.043837295425
0.156309031182
0.0810322725942
0.0536966886655
0.106070803695
0.0688455379018
0.206606533602
0.0473270587891
0.295027082677
0.297760850344
0.110486196215
0.172586691737
0.0857525634579
0.0783300114983
0.17164635751
0.0812086868248
0.12473963323
0.187120836298
0.243926802352
0.0373660032872
0.221046011906
0.331547886144
0.20333618072
0.190856848258
0.17914456171
0.071375358746
0.121349746031
0.105717133304
0.158822046674
0.257307844844
0.174591327637
0.106627849472
0.0978886153797
0.194383984173
0.0386782899322
0.0682250042381
0.0340909550737
0.251169785407
0.0674724068632
0.0853491265842
0.0571879930847
0.101530515003
0.167470564783
0.257553657191
0.100848046849
0.632723162935
0.147182125172
0.111246271821
0.151853013264
0.21328879043
0.097504676242
0.100226506679
0.150620305652
0.458977363042
0.307245473179
0.0676432344913
0.104176565298
0.0443737041773
0.0879265442677
0.0825694602606
0.0753043371576
0.0804797288544
0.070490795721
0.168940206299
0.0429791345605
0.294821295302
0.0966008999788
0.0882851076752
0.23076428408
0.261596861372
0.155512981448
0.215134557537
0.0343383061675
0.160033485422
0.0618454372966
0.0944877609696
0.188004032771
0.0601317558786
0.0749784600977
0.207271994487
0.0994338218681
0.0921190366437
0.0462987568771
0.268417088976
0.025
0.130015734043
0.0365893413748
0.295769173741
0.0561720366292
0.266271240071
0.131442088797
0.167095806689
0.14374986534
0.180830207955
0.0262164536951
0.0371443845338
0.210238710952
0.180322586437
0.0901775319249
0.173166011433
0.317581235846
0.388036864651
0.127559553715
0.254899208364
0.0224499862563
0.209585479755
0.146416337737
0.224711472806
0.221004412328
0.534693369521
0.132107120035
0.0653937085217
0.341884795055
0.0
0.0950844333227
0.0373950185525
0.319071640739
0.0301119597954
0.0726734268794
0.28020130675
0.0345110999913
0.0547378556569
0.0361033865086
0.0
0.341756928191
0.0712302838464
0.0728774658189
0.0903054073522
0.146342568038
0.0612320204906
0.127752126264
0.204664951243
0.00721687836487
0.49479060127
0.541330286943
0.216229569799
0.15308468982
0.164047650284
0.382386234414
0.0987761102223
0.247977038859
0.238354936862
0.200117099548
0.32291115424
0.0771822400527
0.0182360270879
0.25844368779
0.20666140117
0.324038653444
0.117870450029
