0.0782204906472
0.0912703537307
0.134426183291
0.37929868912
0.248404256324
0.210129723544
0.234453316593
0.0925632147857
0.77170439059
0.364862730728
0.281842999346
0.0450943112438
0.0777479301168
0.080333642952
0.348896875469
0.0675685049592
0.185672049464
0.181918704747
0.226029937115
0.295770756187
0.386577459788
0.416896393886
0.128891946252
0.209514099456
0.0585690504035
0.131064400315
0.17276219265
0.386262727542
0.089877056782
0.434276040803
0.0371627223438
0.129264141216
0.0482685438449
0.218031654481
0.429664750126
0.311132649933
0.204742901782
0.164374084383
0.282589797356
0.0777050702155
0.303625425178
0.031533615572
0.255891599234
0.40884135319
0.407661384044
0.209374361282
0.369725405995
0.425536697322
0.0763768353302
0.0953545455917
0.140272652445
0.115078936106
0.0878362392262
0.118044355275
0.0673482406463
0.07349296701
0.092221272103
0.27440101314
0.118085929139
0.154896403885
0.0916502296862
0.151492240961
0.0512174116677
0.0878134140143
0.157015021426
0.688573069543
0.125655030404
0.173718398064
0.374347828424
0.105523050092
0.0879580882115
0.430804394889
0.105884738598
0.1510396525
0.0997517087832
0.186818222577
0.115017632417
0.300696089593
0.223843119311
0.134084569934
0.161767208258
0.150439826438
0.348598599003
0.0427863455379
0.284882670579
0.0540390769982
0.300477138783
0.145700255206
0.332629030826
0.0
0.0674649038317
0.350824090283
0.476743173855
0.183111897296
0.112153009435
0.315865233627
0.0954823995265
0.350916499401
0.0
0.150494441059
0.145472031319
0.0638595026192
0.207505019624
0.056529275752
0.0706574581215
0.0265165042945
0.351523438971
0.158116584279
0.112129014587
0.0463837020335
0.206622650086
0.119782687872
0.2797763963
0.296715286499
0.0399339440154
0.227595430739
0.176283733599
0.119626347155
0.0
0.107188900497
0.0974630895475
0.0954573466873
0.346626748347
0.0447267787512
0.219448913022
0.0809469521049
0.125841132664
0.21263827008
0.0643034507075
0.0966628666841
0.0765632877935
0.167239441953
0.115961230851
0.246452823534
0.553885607584
0.144397136186
0.0740645627573
0.0951237959981
0.0148980957707
0.0823052382889
0.120701350913
0.438631896811
0.181563590897
0.111721544557
0.123698803438
0.0327656029179
0.0381707424089
0.0492871199201
0.0576175890654
0.208380052071
0.0803627888267
0.123607941167
0.177189075382
0.227858315889
0.282121551111
0.323768846562
0.30798366243
0.0780819947424
0.0115471470403
0.0491961323954
0.116923708659
0.162436826929
0.184715009876
0.165626970479
0.0633511371771
0.0762767508157
0.0827430307761
0.104807664398
0.110696949898
0.139930069855
0.0429639501207
0.0315563901759
0.284664078841
0.0
0.0725635913902
0.023020306833
0.216689475361
0.22385567112
0.232666106583
0.0
0.206864515544
0.0316794238084
0.0395220683755
0.167033176665
0.152744668568
0.0951297124035
0.11717557309
0.120916936519
0.153631076282
0.293754018209
0.424181477956
0.111006323873
0.358889130586
0.19927172769
0.0732044778802
0.15396725896
0.200724816151
0.163083103955
0.290265966718
0.19367482672
0.30006140281
0.0359255761021
0.152597286697
0.0971571522794
0.094587665949
0.0878073901287
0.175393938842
0.0420448207627
0.148529317494
0.216099236187
0.480826248084
0.0789869843562
0.258902929788
0.11344063782
0.049261482509
0.0969101939082
0.0628193366828
0.104375117903
0.0453089678178
0.0159735776062
0.0580562698205
0.157250357022
0.0876845422191
0.410808985526
0.427090194743
0.0503479117885
0.164224840336
0.0418206099689
0.108260125847
0.0411958605646
0.0868712480455
0.0376408548431
0.148263222481
0.229440191175
0.0363653463228
0.0682105020303
0.0881122746185
0.17775247104
0.121531580335
0.107721710073
0.227294114422
0.414749486837
0.202830319567
0.06255643419
0.109783402146
0.0427856397381
0.212977624906
0.366893459436
0.0663717025109
0.0822498924887
0.0778142344842
0.309908064318
0.03430369061
0.0795688567424
0.505030615255
0.103809354729
0.252933308627
0.25513354163
0.067806109225
0.186340957826
0.0484200260673
0.199036613988
0.0784343723179
0.356378191711
0.159256963054
0.0927400867494
0.153142995904
0.0742558021765
0.0848656622198
0.235814208147
0.156308790867
0.21280735568
0.183356461519
0.0341994790739
0.0494846551334
0.0310542510376
0.189711276802
0.109872019181
0.0955885032706
0.316557778998
0.255961156383
0.346388330492
0.053504525333
0.3209282668
0.225885381145
0.110545831316
0.107082356368
0.105738525351
0.173627429568
0.167796776472
0.157998590482
0.040233644452
0.118443965976
0.15670880854
0.0566885368118
0.0600626368751
0.108146686913
0.212396471939
0.0405493487925
0.084318755594
0.279483510654
0.274708981357
0.350129838762
0.113988957105
0.152238758511
0.206905613433
0.196894101651
0.132332333016
0.180222349628
0.0805922010253
0.251665955022
0.0105112051907
0.310790481735
0.089382590262
0.0981873564163
0.20727245335
0.201551013867
0.342277044685
0.145861956463
0.165357854402
0.30290930219
0.233323669969
0.129132224238
0.0255014728747
0.257432853901
0.176385148956
0.241285519718
0.0962830965599
0.0777813094801
0.217544764761
0.367250067195
0.16385941765
0.146953922469
0.189625477938
0.268278013493
0.353902447265
0.305823749716
0.0941059002657
0.340599098782
0.0971528669351
0.313579310705
0.0
0.273362013337
0.171503070993
0.12168069885
0.227249196953
0.0391297519512
0.144351839586
0.207036304372
0.419882324286
0.145331572291
0.238140729378
0.0328637069894
0.276443900182
0.113861541156
0.165806519517
0.0761367614489
0.277946752108
0.316968433463
0.288081480435
0.0852595657278
0.378296051675
0.352294297741
0.331436447215
0.218879368621
0.295232818548
0.217722977525
0.318683385352
0.294830803044
0.2093620271
0.257837409726
0.0855388502553
0.27728645588
0.0583616837389
0.15528830998
0.107513103577
0.049261482509
0.158647159946
0.134416496645
0.332781106231
0.333515121954
0.0429671074706
0.355681058952
0.172953645693
0.151681904829
0.668257268041
0.146889170473
0.119083206366
0.17196793491
0.0888731905285
0.364630835463
0.300362766287
0.373926364959
0.14613220038
0.103092841769
0.508899672331
0.10238384491
0.137458413807
0.0396377218195
0.132271900362
0.311128196234
0.108475123745
0.118111608252
0.126684567187
0.121350330351
0.0893670187836
0.0127507364373
0.0667713504394
0.0434666734594
0.0336994703028
0.0271225535481
0.161105025172
0.0884727712107
0.205988632607
0.176175055529
0.0302909171864
0.0352090917861
0.338499534118
0.0
0.0403207066851
0.0
0.152189844433
0.317142918119
0.489636715501
0.235725809586
0.155916361931
0.338373389059
0.0903871952328
0.277377325722
0.194915294956
0.0
0.0709342570458
0.0368444930629
0.0568724890815
0.150760479098
0.0634334370329
0.172067062622
0.0
0.025443866777
0.400275108343
0.0350148221269
0.146921284324
0.11727651089
0.124142646223
0.166196466104
0.264611748187
0.252771612621
0.108507483646
0.0712877864367
0.0105112051907
0.1700340848
0.0401890517599
0.0977697347108
0.343563918707
0.151454585932
0.134609068866
0.379637765093
0.363186046421
0.42039131198
0.0
0.0248892666729
0.252166608288
0.0887399894446
0.0357753979135
0.0334283084939
0.0743241147669
0.124458808212
0.216063418899
0.17584257331
0.0562168512224
0.14876346799
0.102735529672
0.0433421278624
0.20523071177
0.158621736292
0.0421181381428
0.0558759452208
0.0462513349323
0.0925641337268
0.141668546774
0.124085828922
0.327620883814
0.188757694014
0.105264007185
0.223799737637
0.291926048459
0.207393966062
0.190530946011
0.0459785730857
0.0869377852227
0.148190752819
0.280676214879
0.0461637353229
0.359545802547
0.119089567765
0.142789954014
0.139140059631
0.331861095204
0.198776126256
0.39902740353
0.145153464825
0.219785243463
0.302260851671
0.21371926927
0.11251506516
0.318040682586
0.174740849276
0.454578328414
0.440178089671
0.0274253151855
0.265356922991
0.116566832152
0.101985903128
0.269867188967
0.320105496142
0.153592465278
0.168324869124
0.140286987189
0.235094381623
0.281880119949
0.0324044214427
0.123261412693
0.248375311599
0.338212107623
0.253088988413
0.199968834101
0.157195549615
0.147085163407
0.146669397205
0.130337512922
0.0388019045792
0.187225338487
0.811917292305
0.178410869638
0.26419188767
0.193783511677
0.114134151425
0.208024016481
0.234296925173
0.1393073158
0.123087907191
0.192515265117
0.136898788154
0.128026181586
0.0707193097013
0.255892054158
0.136058856186
0.0880510955557
0.185606627362
0.0789520165084
0.0456226596953
0.21600790337
0.12474702081
0.154308492151
0.224378997025
0.273506229099
0.194527880458
0.209070353239
0.0862292515782
0.258678295054
0.17442737143
0.287316781298
0.215037304246
0.279166117335
0.469993502461
0.363765388349
0.320907520241
0.082440158316
0.253984030172
0.0373870907238
0.0943012163133
0.673328438503
0.276966650348
0.0908936344753
0.328600969857
0.224383909595
0.150290063902
0.258673253755
0.166111364245
0.127465167654
0.144486951834
0.108182698058
0.0381445378129
0.232060377414
0.166185706707
0.30880145284
0.303648152877
0.178708404114
0.187178236514
0.348549646587
0.341177165807
0.323497093166
0.0866643802246
0.130003376704
0.310644039758
0.142986371858
0.0366496664903
0.179270795848
0.0257860293561
0.20075991283
0.043089621207
0.175421628924
0.250742795593
0.0954187648381
0.303990043145
0.267141129129
0.188407472894
0.0743765492573
0.279829857076
0.213647465372
0.240305085789
0.0726223184667
0.203826810245
0.070475707525
0.232963023033
0.360531651794
0.155628185222
0.331447719282
0.269679385859
0.23766013337
0.294462607232
0.22586109269
0.0529161648717
0.0982723597896
0.147598803138
0.0578347301846
0.0316096330727
0.301666947459
0.137892879759
0.184869703592
0.16140039196
0.0893380968294
0.0858948950192
0.0814809964107
0.262571708842
0.0351610619053
0.274474796968
0.244064238622
0.125381287893
0.137388517009
0.324316723349
0.184282523444
0.23665209545
0.313989119259
0.0653314904949
0.0
0.0964128517536
0.0353553390593
0.154686079127
0.108765932823
0.104709549171
0.1589956588
0.234287380918
0.159654490399
0.176517989351
0.395518212783
0.215255233733
0.16140422684
0.29351647947
0.299951707563
0.0642212422178
0.288499999471
0.303293373674
0.137314681419
0.436137029262
0.0748833982596
0.121445195169
0.0818486685815
0.173024368097
0.148255621051
0.237898651003
0.113688354257
0.229698053445
0.268716549617
0.18796113562
0.199032969947
0.26650547346
0.0426585557915
0.294959185033
0.140494775366
0.171800338739
0.282858338255
0.171412979094
0.188099840977
0.00798678880308
0.0922386440289
0.168874805489
0.0649393541587
0.459071604803
0.0068637560847
0.0105112051907
0.372555940317
0.374876535587
0.267098076445
0.771060251748
0.23239541917
0.249682664893
0.305129418194
0.386045812601
0.0724509723116
0.352670890679
0.151855999889
0.0962328725254
0.0177334241757
0.0497044205479
0.108606940613
0.0360762868365
0.322603887473
0.126890964835
0.152091935587
0.135694025809
0.0947695791981
0.0345223363261
0.0167578880422
0.406029508977
0.36843586668
0.278424398162
0.263444542079
0.165433252958
0.191242763149
0.103131847908
0.201051399966
0.323081834373
0.132132498542
0.125455456441
0.266880374802
0.126548226469
0.0738344266237
0.35095106339
0.130692206426
0.127318280302
0.0831847342818
0.402417900651
0.310216012847
0.268670009551
0.146999721632
0.0935853697572
0.214023758034
0.215260210076
0.0407494021516
0.0536960166521
0.272836173714
0.083618339645
0.0506033892756
0.30937414329
0.0822974488348
0.287344788434
0.0956446740994
0.669470619949
0.0922570641834
0.213353894923
0.122550968015
0.151447193973
0.27612457349
0.232208596904
0.276409538972
0.253086192369
0.201730293891
0.111006323873
0.0320882114482
0.262463253125
0.316263037305
0.124337532741
0.205379135547
0.428201629825
0.352057885299
0.118465849847
0.149560074139
0.555322504312
0.28340181889
0.236182199371
0.0874895242262
0.438194339584
0.469108223878
0.199706569115
0.339877546024
0.417667886773
0.174386373874
0.291673404246
0.170207051444
0.39013740599
0.100511024461
0.0496145139261
0.531798414458
0.26561464122
0.0222633114407
0.142197418638
0.28153658841
0.0556092767575
0.136467296046
0.21492580863
0.309111188791
0.174404495969
0.0734991517648
0.158207344113
0.22648552603
0.143475096008
0.516436262176
0.173419623227
0.132241614736
0.356508253886
0.234845662579
0.0637905837567
0.312778084499
0.357881696809
0.227104956843
0.172982505372
0.121289898389
0.0900941904427
0.307995511603
0.678924779892
0.0936901611766
0.2994367619
0.101970056776
0.490970475224
0.0908353251196
0.285869819522
0.213960238037
0.202572991049
0.334423591128
0.0400006908301
0.23985487436
0.0
0.413518018546
0.44136327952
0.132527749572
0.146664762785
0.364459102336
0.039329611502
0.073088982247
0.21053157292
0.330220210539
0.397774232328
0.325527032375
0.128234524153
0.249582087919
0.0425009139652
0.459823582318
0.239122211116
0.229232807505
0.320339172322
0.0748073608828
0.171952414856
0.100583554763
0.148748825341
0.0913655492395
0.41152896731
0.126073409435
0.880293417707
0.41491334259
0.20113942387
0.310292017869
0.24661934522
0.179285638786
0.0709425346936
0.13757630901
0.37204365021
0.0
0.0474170493458
0.222305683507
0.3590223111
0.078641233345
0.451122600148
0.372211824932
0.44599125327
0.140435243432
0.0916892475792
0.248072758495
0.113606332135
0.261576118958
0.243103269881
0.242751184179
0.169552507016
0.0495220672642
0.298542422261
0.124026790207
0.156980350299
0.295986967178
0.234263894853
0.0
0.251059654126
0.0065830048481
0.014629224325
0.154535895655
0.12210427377
0.0917513590642
0.219468950984
0.205082118237
0.182323496793
0.254462329614
0.100947416968
0.16640110908
0.232699620229
0.183618291525
0.0909379795424
0.361974130583
0.0281286398121
0.0401269889528
0.339471430472
0.155136823304
0.175074090174
0.16892749794
0.0394256055113
0.0218177802078
0.175921366187
0.211784700415
0.199065036312
0.148888065706
0.29610607626
0.333455220866
0.211004050239
0.227753891328
0.163478435317
0.0487297542453
0.451095583589
0.121414239177
0.150656491191
0.232948758192
0.053712265693
0.115664684156
0.0954516712232
0.376319807228
0.383947066962
0.264858707842
0.206119355816
0.377482251928
0.265452844199
0.350890183757
0.455300107689
0.199390289504
0.0533145942974
0.101768302364
0.353157240807
0.299914344857
0.166383590477
0.0920864902028
0.323285004715
0.360944236888
0.231290604423
0.0597552985558
0.193304081574
0.00386685629158
0.0
0.017168352745
0.124189896213
0.435489357315
0.277762990683
0.0793205302591
0.0
0.0439450195668
0.0923439768701
0.0820922831845
0.420838982881
0.130075247645
0.0822824283259
0.0917303023886
0.195745967989
0.102262319241
0.103971100851
0.0863989620251
0.163988096247
0.451752647202
0.174113421177
0.0552839387515
0.180952685274
0.110702664144
0.191330367559
0.0945873985263
0.258623113993
0.0302714341005
0.0497044205479
0.483729101048
0.0
0.0355215545482
0.25270577572
0.0922667446841
0.0402677196199
0.197477223247
0.297158974788
0.489064571319
0.197325098876
0.338188525307
0.806598561869
0.38077873261
0.0642222741268
0.166147249811
0.165928682509
0.113573722706
0.199286268962
0.154250009711
0.284946864335
0.316252157123
0.270068179671
0.318499425125
0.450415751395
0.382234130753
0.0616850370626
0.407284730094
0.0779017598496
0.143616078176
0.438546049889
0.0889736538322
0.18630742736
0.125705358048
0.184906642219
0.173489518165
0.162160101382
0.205988583849
0.397548643362
0.429472624359
0.13722019739
0.16747217287
0.0731383225016
0.164710775191
0.0065830048481
0.188321794744
0.0658519182978
0.702310652342
0.138870560179
0.124206467724
0.116127792629
0.35326382999
0.0646178596176
0.105758855959
0.083155755596
0.184315534971
0.118991587778
0.228739332882
0.0916451164701
0.305220407939
0.180654372926
0.172706504646
0.210852301411
0.109555883995
0.16367685854
0.18315968831
0.268659717789
0.253604248258
0.276174820425
0.193895786341
0.518836819255
0.386237996875
0.119352827081
0.0794520679316
0.374449534385
0.0759536400936
0.191842452378
0.121237519724
0.403940829154
0.0753292558721
0.107112034315
0.115835515108
0.19593690599
0.222645865883
0.148884121716
0.04793621218
0.267135023287
0.150365711257
0.185878241969
0.400928130344
0.260019823795
0.152945821333
0.0555709651464
0.303547623372
0.0880301212518
0.132594915651
0.105878506115
0.227472402293
0.342844616763
0.212656146621
0.335039476012
0.215696410889
0.143612206501
0.0419009350134
0.0669461284154
0.379207690455
0.178817017499
0.264431975921
0.0913874627524
0.0342198908442
0.0172652301247
0.363162121829
0.254088188438
0.280429652217
0.171579019307
0.113174521389
0.300416004855
0.0387237083197
0.324465466713
0.110889218547
0.072172359469
0.290592021099
0.0782577543004
0.199423888312
0.0403412213623
0.0577588136037
0.12091951018
0.1416280468
0.339807115359
0.164728942591
0.0
0.0736175571336
0.208216233021
0.0937506471384
0.114722432515
0.0866488999586
0.189798892894
0.0865830326023
0.198713672826
0.170188694198
0.124693335974
0.085523103592
0.162582411399
0.142986098563
0.113307702025
0.0349189749543
0.0252117168392
0.0
0.0748930372336
0.403905700541
0.188383109093
0.119891276754
0.160064491158
0.0335828360124
0.230623704668
0.441314150644
0.535084814415
0.263493825175
0.250195801581
0.0561346375416
0.183506893386
0.103964855579
0.200909377438
0.0565814802697
0.249264130865
0.0489266935731
0.0465321036381
0.0852144871814
0.141954829619
0.33117554007
0.301179452832
0.204998076555
0.0159735776062
0.164903738346
0.0
0.222284364892
0.263965470139
0.169188542216
0.230093305161
0.067963687311
0.0441982419228
0.106784890479
0.38637030053
0.173335269191
0.0859318395559
0.403343966957
0.0269915711748
0.52338813363
0.443168201405
0.289068463894
0.198879884598
0.180902613766
0.0897235224636
0.109433408464
0.388540459441
0.246725859259
0.385907502117
0.0430141402431
0.155113702957
0.23375451652
0.233931943012
0.284150486559
0.356047076659
0.0626745359173
0.157587228344
0.198955349007
0.410046218519
0.0873065937266
0.0382831254151
0.247586306575
0.196676811532
0.10613448556
0.217168076959
0.170357616853
0.325847871903
0.392639480541
0.203060531063
0.159277063656
0.0385423798695
0.108300465855
0.221224506415
0.300960352773
0.239241100896
0.104082084809
0.313478115795
0.489382147292
0.216464110943
0.283271750183
0.38934354012
0.0153697038238
0.199641437295
0.205617853384
0.716303990306
0.0685481787813
0.158553689986
0.224047708762
0.0558392452079
0.300926725026
0.335247572974
0.0825790031976
0.247155600188
0.101984302795
0.27307774761
0.209325912568
0.41992004367
0.228634757722
0.215155371074
0.340921832491
0.0745114979623
0.0424050661775
0.30026688651
0.178615332828
0.322932341673
0.408192729557
0.0778445837937
0.101591466512
0.304558106728
0.293316488042
0.0569944010454
0.0068637560847
0.132663871913
0.0422645998518
0.056452747563
0.0327973100894
0.237803694402
0.236171698621
0.162860533112
0.0773325798969
0.252104671835
0.457737060534
0.286931043311
0.0804171749597
0.106958861596
0.180654496007
0.275541139667
0.109693753086
0.0404559210081
0.280593781071
0.071684699705
0.188406272386
0.446567909878
0.163363339572
0.0998444648741
0.116512120131
0.0489088931273
0.0991713942648
0.148449411467
0.0995745391519
0.280258761432
0.157073560819
0.454532224468
0.578720967876
0.63334866165
0.449016554955
0.190867700824
0.440458570677
0.36560975932
0.824824341066
0.305619723201
0.372957758793
0.507790441101
0.53586728948
0.385970229043
0.397114951202
0.393104971605
0.601844839037
0.351701126849
0.0
0.400038053268
0.41027181041
0.449562385593
0.261529009283
0.394142307914
0.130912710962
0.290454328952
0.25468774988
0.110083181478
0.196820065543
0.370445977272
0.232088327463
0.403333978287
0.301432240489
0.34231451915
0.209132966435
0.434782031338
0.492863294054
0.451846687104
0.234190007876
0.439923766239
0.473686097826
0.150029726755
0.38519389759
0.314027975024
0.417192324448
0.342050120923
0.44114010588
0.271873796517
0.0328382520042
0.239450713755
0.131269187979
0.391049867892
0.252530391889
0.287110574453
0.507246301927
0.23862150342
0.546132978267
0.292423614979
0.37678841799
0.319096879955
0.511311776507
0.368094452972
0.334222766411
0.375073355702
0.489051408765
0.397919380594
0.235663601899
0.266469439752
0.501143879389
0.428415658264
0.203854913515
0.195556907376
0.308848337316
0.340972669166
0.251054518047
0.473995281888
0.423742664692
0.2069165521
0.294090266617
0.449315312015
0.507557278145
0.528091954042
0.356419706506
0.313898931843
0.189925034685
0.293647066345
0.280116017585
0.309367322643
0.204773749242
0.497208202944
0.339928111808
0.235039709931
0.483539783499
0.393146524734
0.294599858563
0.290722167274
0.266335389784
0.557722594538
0.446362828705
0.388756782573
0.490795921605
0.0731511762021
0.590015165193
0.378750091377
0.467204094192
0.478161429237
0.465834572558
0.503985365063
0.362542667047
0.50837786899
0.603650472267
0.533656397814
0.575193917187
0.511285689784
0.50747573752
0.46513290723
0.434002008394
0.241847513885
0.195183069771
0.593399940106
0.141317060615
0.390963212949
0.326842730496
0.746032534683
0.648843361703
0.660518189395
0.549498723367
0.57046560799
0.536457551844
0.353880766009
0.69053315562
0.493201091008
0.690809616199
0.394846037717
0.573494711728
0.540729383871
0.316113601418
0.48733612393
0.510803036572
0.516976771635
0.444938173783
0.44251642489
0.550557792647
0.35420622867
0.46332594621
0.226962352559
0.258101243448
0.751059596712
0.476895631305
0.574326369444
0.404546288899
0.583420057437
0.335881082351
0.214772112652
0.552376191085
0.288269288832
0.439911757751
0.22864301157
0.44166108986
0.354900628844
0.477905225874
0.327314529486
0.513173625734
0.319262022569
0.573550156162
0.325578288134
0.597173672427
0.270078992827
0.385540703016
0.23150558684
0.388803752351
0.376650403731
0.485031461238
0.442092986268
0.514628801302
0.493889263895
0.378606597033
0.144882778077
0.165939034256
0.38896636883
0.101029787759
0.0339403013489
0.29675491474
0.227033718831
0.614697981216
0.551572188654
0.405257343117
0.18321391959
0.46610609186
0.273986200549
0.474352614211
0.68067798431
0.0437145928715
0.0898905700823
0.405048705483
0.482068385321
0.394866869404
0.51264908064
0.37713830823
0.542294614285
0.518299862322
0.5193051826
0.495390959809
0.451308831489
0.322264194514
0.439011362785
0.633826556376
0.211866974136
0.335989021467
0.557013898677
0.433133404894
0.572045386595
0.721363829045
0.338241536577
0.564908771415
0.519561125844
0.46162404622
0.504339540867
0.577033935325
0.0631395654656
0.12841420279
0.14994961251
0.200736111217
0.335777719867
0.354219601773
0.458931034553
0.499637853901
0.457642421022
0.458720525223
0.471177161982
0.473419828341
0.478941915588
0.441362800665
0.619512550953
0.461047702598
0.419516065203
0.220722368181
0.331006471569
0.737784447068
0.394890894734
0.568049932608
0.440582073507
0.310098176761
0.37756599442
0.429518681162
0.383979512208
0.595958452842
0.412153696904
0.286862067018
0.28034810705
0.544328550325
0.607835894728
0.647092546593
0.504990024473
0.450176503457
0.623657737657
0.576048296252
0.346968120091
0.317050328066
0.371609746652
0.396469229255
0.345142617507
0.475499850933
0.471798994234
0.684862146104
0.773126698921
0.365244766944
0.394738010929
0.117002291647
0.35314707815
0.270956540684
0.24184021224
0.384233540135
0.500877944481
0.514643237286
0.532268345041
0.742284047512
0.157579780443
0.268834439303
0.488381621312
0.391493032491
0.597717981692
0.723525583537
0.170408249691
0.479173747267
0.456662099003
0.599713373124
0.475400075792
0.638884958355
0.474729034857
0.257118569367
0.192183518011
0.0831833891825
0.555620199072
0.38064802014
0.461897645037
0.292724870727
0.497813303393
0.393778292621
0.32819890567
0.421960328365
0.653270427744
0.456487069186
0.434048505993
0.58256813942
0.889710967502
0.597121149604
0.367032220931
0.686038218179
0.496106656389
0.660546190153
0.424048716771
0.359948398331
0.549069198341
0.552488507765
0.42157782757
0.463204346672
0.502071372606
0.555651041423
0.600594895551
0.524818810472
0.470808780186
0.702473897113
0.267650601313
0.272984439646
0.524974133828
0.499521760444
0.432398276398
0.571128646672
0.49881090612
0.681163801908
0.242496396591
0.48843031676
0.294386919016
0.526333525903
0.432819457848
0.379544881952
0.424652231346
0.350147060193
0.367820292597
0.262877302358
0.214788863257
0.369013479681
0.410580049393
0.553065359848
0.391807512051
0.392606074417
0.338176008885
0.280717871971
0.47282350593
0.370477683287
0.426848389964
0.43212154953
0.438865071229
0.330505202108
0.049463578724
0.411555645694
0.309901314961
0.352493722029
0.41354203368
0.594473186447
0.414957255697
0.455916658334
0.534472162099
0.121840517154
0.518636197564
0.548931605466
0.503049206377
0.377469438438
0.393784268687
0.205564390095
0.0884270374167
0.636333468549
0.370522705712
0.510517673801
0.489845705201
0.283284018996
0.361856087901
0.198816643666
0.570107860724
0.327405368178
0.616062188138
0.189723279813
0.32095390877
0.358390456507
0.493752579846
0.76818230988
0.552358955457
0.283491555734
0.563053532356
0.337040502995
0.163130107044
0.229153326841
0.182222874861
0.291000570286
0.168960005832
0.399209101409
0.378165660738
0.183811949625
0.554215590059
0.482329524054
0.583439753777
0.435129400868
0.413216856104
0.44217458147
0.644826500279
0.660279187328
0.524688458541
0.431411789164
0.59120194013
0.502717980137
0.283584699476
0.667935529547
0.523407893093
0.664682482375
0.417721600475
0.401168164141
0.709567096031
0.410252252987
0.0858332874057
0.558338636657
0.467826819106
0.371762978116
0.565226785293
0.174044451654
0.317725109951
0.393639379457
0.663536546977
0.501056367639
0.304644540672
0.460915007992
0.337884125247
0.245619006044
0.439965739551
0.306617026164
0.440032839614
0.400882695264
0.441907471289
0.483069460827
0.481933811325
0.247570585189
0.128819233887
0.535181341623
0.471533708226
0.288138528284
0.111535777091
0.286076651016
0.310405740709
0.593779070816
0.567059229361
0.583880670233
0.243092085498
0.681519109569
0.50096594977
0.744666175252
0.40495055857
0.562940262545
0.444985448948
0.883703727393
0.613951075464
0.525178033736
0.667345670203
0.53537282618
0.510412490278
0.237171049412
0.491002232527
0.249166366408
0.547523878287
0.421996388203
0.488900874997
0.168243948251
0.640243572353
0.475077675974
0.406075683505
0.723724729386
0.723209645361
0.522583747676
0.523795190693
0.494325149653
0.39915381029
0.774766468328
0.633165124737
0.626259352378
0.487314440598
0.511135026792
0.43492032685
0.449758257521
0.489510306762
0.483580834341
0.149248247919
0.508702679171
0.510968265626
0.528726118068
0.310040237417
0.451307255302
0.315798743608
0.279644345184
0.375777697472
0.327231617415
0.441179387685
0.380914219319
0.504887477635
0.410465983721
0.278009540139
0.326886285126
0.596238762141
0.404551373782
0.507793864366
0.521530761678
0.565490685827
0.471068773922
0.303705807191
0.547699868156
0.460205816578
0.442275434723
0.477687475324
0.55076334921
0.335141967761
0.566968585923
0.3296617738
0.378782605502
0.535454609479
0.393810523077
0.389120980171
0.554693877279
0.149810733838
0.49053311557
0.381053731181
0.129816074047
0.231078404444
0.339589451573
0.16269923656
0.399361501545
0.168562296171
0.497534040099
0.312117341
0.457897363523
0.610973087056
0.158790461768
0.0682236934041
0.151318712867
0.283653604255
0.461622652223
0.204386267604
0.324411633413
0.36317155818
0.789578689109
0.0447940190873
0.135405198184
0.308422369304
0.18862214489
0.328060667208
0.285544926233
0.0994439577554
0.372577306378
0.172796344336
0.0782559443759
0.161220660456
0.376303879275
0.536290146967
0.250923371639
0.399204440122
0.444948098366
0.18017109752
0.0693325548609
0.462049409262
0.438683869446
0.675156024481
0.162460504124
0.459858272865
0.27184445767
0.556301812176
0.61210246741
0.543297452806
0.585705614156
0.23629291441
0.554316238788
0.501215692548
0.36775706303
0.578075048707
0.47106807725
0.193622652101
0.395405656825
0.318881551617
0.349395562533
0.410442505802
0.444441301767
0.210583854336
0.412535295139
0.33623339186
0.452024799535
0.211032496213
0.525169364369
0.187478928607
0.30233588798
0.256411479504
0.22501153101
0.693335433745
0.179667053934
0.497265000399
0.439991351545
0.356138964204
0.114211695388
0.607630318415
0.508650140747
0.570692171479
0.344391675555
0.486103599993
0.105290917186
0.595932355521
0.380631459063
0.0105112051907
0.404396373543
0.394041862212
0.0575091512613
0.489673988414
0.332624258204
0.308434039843
0.175437161949
0.372803944875
0.415388518321
0.0375
0.465309734583
0.05
0.367745781891
0.433352602571
0.465221912028
0.0939958921413
0.278568160073
0.580662573265
0.0481473924795
0.396053367649
0.410958959573
0.226083888302
0.512031966864
0.346349879925
0.375381647141
0.555287754653
0.0873393628709
0.473483355821
0.583577949366
0.415289128491
0.434060150766
0.250019841712
0.0436951071323
0.454879864257
0.460417958819
0.557865971202
0.25510630724
0.440412712299
0.412427997506
0.494516634475
0.245272328408
0.214387835028
0.62739600138
0.369923371373
0.614199145586
0.48124117306
0.555304601315
0.429893619276
0.454864814145
0.52777262163
0.512247525876
0.461079022836
0.558440166272
0.406279325394
0.359099653261
0.532751579682
0.337026664556
0.302225648947
0.363884447974
0.450965801538
0.469094481562
0.511463648947
0.363875615769
0.3433552044
0.289790502406
0.48703807298
0.38319487248
0.447285222491
0.281495892141
0.550498525182
0.569490422898
0.250165800658
0.576374443934
0.367570674493
0.326201897415
0.29155460528
0.479849934579
0.464857381256
0.255854496922
0.435361345011
0.527496120947
0.618202955571
0.415184791935
0.257124412358
0.451143904758
0.141917313115
0.397046765525
0.705050874436
0.699872078932
0.352040779842
0.621177659464
0.145670400412
0.409862269676
0.115679078715
0.404250717741
0.247518449306
0.132798605711
0.520888385667
0.363811079952
0.264760653692
0.422455608559
0.412889890391
0.24684125576
0.412832451406
0.256923205226
0.543105943209
0.612827576005
0.753974455707
0.483778409314
0.637980021792
0.585754670227
0.465281007179
0.084226608505
0.666052088378
0.564861370325
0.518840786828
0.319417066578
0.653720559582
0.298082312435
0.691404074826
0.446464670455
0.180290917186
0.50803027026
0.52132569374
0.630303035501
0.598973821159
0.467813123013
0.63488753644
0.522055279795
0.391860169429
0.456633069797
0.447355790976
0.424324447169
0.500977271136
0.237070861375
0.408409924076
0.424113600362
0.324501788192
0.368607274244
0.318523330142
0.136142790781
0.188856668855
0.333594689676
0.227489984443
0.118304351513
0.307023015662
0.516505279248
0.477378327558
0.399273782188
0.712986103256
0.0855112051907
0.596232630163
0.676138820569
0.327286760556
0.414858423582
0.519595440332
0.636132721016
0.237943744866
0.724636785581
0.652859987872
0.416058835565
0.594335300315
0.398374335357
0.298456533818
0.668440959427
0.413631479784
0.778252352475
0.336550567811
0.424906964202
0.1876830673
0.420512326814
0.483190415725
0.533805265244
0.391234071014
0.224184287021
0.423793632349
0.479496449243
0.531125958628
0.183916003434
0.327365610604
0.468859449698
0.69638510118
0.423305810905
0.0931314449507
0.409663442769
0.508255752498
0.496408549747
0.121744646345
0.0
0.445406371139
0.538240804804
0.505910490963
0.322937495995
0.422711360498
0.160511205191
0.54771966128
0.38599504969
0.0584661065928
0.281822452094
0.568327606807
0.164314565134
0.872547054683
0.528553745488
0.684216214471
0.772467531745
0.671994523594
0.729951617155
0.460897186183
0.499826820717
0.452830941769
0.493803431218
0.380809792455
0.560268906478
0.404363522795
0.0525560259534
0.437377152178
0.339296966282
0.395173050095
0.20560810364
0.398261505909
0.390300933027
0.460498084384
0.0407314303056
0.685730623977
0.30432131685
0.447462972555
0.470687815584
0.780910117236
0.426917513697
0.163976100548
0.0
0.492209635377
0.443140209598
0.435267942964
0.521571570992
0.477855087661
0.671447574821
0.0916820193308
0.475226868702
0.118319080819
0.264358270326
0.468623172611
0.0605112051907
0.0556653009134
0.685037709556
0.477762992887
0.569601479593
0.549906711069
0.365395955071
0.415717945109
0.736231582439
0.703100570569
0.543247249461
0.414397367346
0.580807921548
0.535608210281
0.636293809757
0.464025568651
0.536785886684
0.436917115743
0.246321028016
0.447050116204
0.614460957444
0.553787443867
0.379057892837
0.519364855417
0.500502135426
0.297788442432
0.471398150125
0.506291578702
0.277033467025
0.257402020485
0.38359105903
0.179311954304
0.438272304563
0.456712080179
0.272144216139
0.477788000653
0.265596589779
0.430208885854
0.499524032592
0.611863787951
0.365958289525
0.639740233021
0.350174675437
0.345199355301
0.633558729057
0.64593922135
0.357161948119
0.449599080476
0.336204775238
0.438777614752
0.395489903167
0.385903169096
0.0386736105145
0.587020627505
0.317982062636
0.389842243034
0.203968403939
0.182942146311
0.55864757756
0.395447369842
0.368070352027
0.386728174024
0.391203609472
0.353483057583
0.354241103031
0.32453688152
0.458684540994
0.420098918134
0.321763799593
0.379817970755
0.47498966443
0.346760845562
0.705908643127
0.208663668746
0.476716782532
0.673503111575
0.236698380729
0.655556004704
0.401376927788
0.393291694499
0.451896666194
0.178632904451
0.317565984844
0.279888183372
0.50959454973
0.132898451894
0.477708792418
0.385295360562
0.446642219268
0.0808972243413
0.300096105734
0.353214364834
0.586139337662
0.270960703411
0.436379166123
0.278136513224
0.29433294426
0.175329374008
0.230916113953
0.252588815559
0.462055191034
0.463889581946
0.370332721771
0.357147983318
0.553145238446
0.367120901575
0.0911161188187
0.383572792007
0.395453254326
0.427814435245
0.357699869449
0.433522141199
0.326199122556
0.406079460371
0.522582584692
0.453136509944
0.508731943431
0.411705477026
0.136371676794
0.325595018652
0.452253211768
0.151673486482
0.342781709287
0.375796761239
0.426305146488
0.608639068823
0.412365354971
0.364821388831
0.512742916079
0.313890526631
0.394870032971
0.362472739119
0.482102629119
0.47271090521
0.578499217369
0.159497946071
0.638249170126
0.0210224103813
0.167306558638
0.0480112051907
0.386078427567
0.297823617562
0.393342218124
0.0831898646973
0.34836424569
0.341532713512
0.302956864916
0.373771343546
0.563861857453
0.394480045996
0.453728547655
0.656398996677
0.347919347195
0.125481625896
0.464645512716
0.478457580044
0.58873070537
0.410852597173
0.374716706496
0.452189814621
0.3352646224
0.67105623338
0.448027777774
0.370789527421
0.325218654743
0.608930477966
0.392970947401
0.624451667423
0.472327180806
0.562640823409
0.663346814511
0.372942923119
0.526947866475
0.555643130175
0.410568251624
0.194613359327
0.609478346571
0.515169478267
0.334729020828
0.520261588685
0.442181696096
0.476763553101
0.387863638847
0.449196796022
0.344521824593
0.330063291268
0.23016285182
0.206849103965
0.210358423397
0.359280401947
0.374350418933
0.41140803216
0.409265853204
0.400514677199
0.453893174579
0.483926544172
0.259565874483
0.43352467159
0.488458658885
0.39707752697
0.591305687277
0.606676120919
0.526172429853
0.494810919563
0.346918770237
0.0301446755253
0.396036104538
0.402928435339
0.285048183366
0.370284919358
0.226218034365
0.329189377783
0.243562017283
0.341630606849
0.238872505415
0.37180792693
0.237034913005
0.566648568277
0.572779074992
0.171186364869
0.357274419156
0.478897916827
0.634353217032
0.28811870542
0.430713251097
0.378754883839
0.46927021556
0.581335891785
0.284384277305
0.623514311665
0.476038198693
0.489058965947
0.435149093094
0.470191085597
0.526072583693
0.300259017379
0.122672790662
0.112028177444
0.483863339104
0.469399921073
0.784972355817
0.333028620953
0.425126881376
0.328413527608
0.415832683611
0.280584764509
0.386684226592
0.14707230165
0.382115447209
0.336624243814
0.394701595628
0.364618797736
0.464927757911
0.436579083021
0.320595854292
0.509564074076
0.517765205374
0.47101232116
0.403426303565
0.187431835564
0.392014882384
0.5036991944
0.876499763873
0.486773057105
0.369856637984
0.276569960237
0.18996977428
0.503449994347
0.399329153589
0.438748329571
0.447227706605
0.502431765275
0.52659090282
0.523890691963
0.370876545441
0.364781509878
0.358564277339
0.385384421172
0.503512467724
0.34089535629
0.354109788523
0.472324134418
0.401468379241
0.528679046704
0.405953548187
0.588780493232
0.456387658124
0.386682075284
0.359471711301
0.496535124032
0.666481977117
0.0654373815026
0.480464027428
0.398273304917
0.428025109507
0.599907103461
0.492876768905
0.431510349072
0.541740742181
0.475689234437
0.594678917873
0.443975257502
0.776559721142
0.521101677389
0.536877077052
0.427141931045
0.60831946651
0.657506140174
0.229672495248
0.514740701149
0.559283130934
0.230205999037
0.424292605126
0.114230606034
0.348287758823
0.454658002986
0.460862748566
0.517607971113
0.668058893037
0.69414592532
0.486295093296
0.547091932218
0.44851723371
0.559645574268
0.0755467033685
0.127924404036
0.341767747537
0.314697429045
0.545086680461
0.366823816304
0.464005798223
0.220398919789
0.446667820346
0.422797479085
0.491656105855
0.568263680389
0.370973749845
0.555294153808
0.0855112051907
0.469660122269
0.5749927645
0.501523299178
0.564041770987
0.523446882845
0.280712484647
0.388443200972
0.292267531272
0.392635089694
0.271775177303
0.164359680447
0.323600346804
0.406578899202
0.107310322365
0.498839316267
0.4167088085
0.239113040592
0.0443702988311
0.2436084373
0.331903355272
0.5527966478
0.00835925381221
0.169113658946
0.363876214522
0.0320591454129
0.413620289077
0.346430860318
0.186655044032
0.270566698148
0.169429471834
0.168643969431
0.238132398385
0.224685224411
0.304759910598
0.343416541562
0.0813095832562
0.220568359004
0.167924100569
0.31519732885
0.174831710382
0.159066563101
0.141205327786
0.234860299922
0.334731502932
0.213551988445
0.231152475117
0.416711514624
0.191681639872
0.0
0.188025116456
0.296657171553
0.27858798871
0.135966014989
0.245527320144
0.275318152977
0.54244335558
0.223627046861
0.290577620915
0.556088829853
0.47118858883
0.357248242869
0.880293417707
0.505905054092
0.532106357552
0.489700301168
0.442655486878
0.343467106591
0.272770457861
0.350349697208
0.196520700365
0.292054302862
0.299622691706
0.286341651509
0.537582508213
0.500057429846
0.547479666113
0.0307762981528
0.31097365714
0.397101071801
0.270420918708
0.141182108872
0.130525192407
0.207348988159
0.112680119811
0.394802810292
0.31506514066
0.306606009517
0.321784298026
0.118952071067
0.288464482291
0.306096176983
0.352261000674
0.0463982725137
0.303839199047
0.381903096406
0.361826985846
0.275266778707
0.0784836011105
0.368575265331
0.400420341925
0.287341121505
0.491696357751
0.452742278542
0.301612071113
0.350207612689
0.480738817259
0.30800800888
0.486329324724
0.224695766711
0.240601295821
0.339515747191
0.414455926396
0.466579649146
0.243654991032
0.304423132917
0.292067396746
0.0868467206721
0.314756271595
0.360559993586
0.43272727097
0.425249981659
0.05
0.358208332714
0.511155060709
0.31527954712
0.282291622113
0.317692890535
0.278930671881
0.344348997429
0.233789793811
0.249296593371
0.358769611022
0.156528761542
0.356673104398
0.561126501882
0.114717606172
0.337070196498
0.387483904306
0.264536950282
0.380132619394
0.64255903218
0.228055140646
0.496276225913
0.340073878066
0.306276405037
0.415996813626
0.319034535815
0.253505453921
0.252109567409
0.383525754644
0.465312024212
0.143378935671
0.241617654582
0.420371839551
0.308824475302
0.287312773201
0.334059055923
0.251432037809
0.490646532157
0.513960821439
0.303050118458
0.418154712237
0.262267825022
0.205581176068
0.470401506474
0.20089810957
0.301730116477
0.148261467315
0.239531889613
0.05
0.330550715968
0.367995805577
0.43731303162
0.291160229727
0.378589199401
0.242319025883
0.370067369132
0.372477405671
0.0
0.106181451958
0.385249859636
0.524024401638
0.345913478307
0.256620990911
0.364558911563
0.332351359702
0.595557103149
0.354244389532
0.404884893489
0.553029633277
0.112775723194
0.511036513495
0.377313838857
0.369119006447
0.00758163324641
0.0962300616219
0.653937281675
0.407425297299
0.493408728084
0.506530166423
0.120282758072
0.373920561324
0.327567743334
0.443709262961
0.429284577662
0.452405992627
0.625979874209
0.114219887416
0.343102463488
0.0809992510218
0.337880553536
0.205960711232
0.477402056473
0.37574561279
0.450293960356
0.226779036266
0.288514902581
0.717045105699
0.359739891748
0.542343345073
0.13980685388
0.800563962469
0.358748187651
0.0754917842826
0.0864772390122
0.413621968242
0.616321135833
0.207924706391
0.507983032383
0.491613824708
0.426828635524
0.532418230779
0.73368605552
0.554228335104
0.426362178302
0.406876735986
0.489051394182
0.303694847111
0.468646367757
0.0458195271971
0.205798524973
0.457397014315
0.412329949629
0.576026220885
0.422425567374
0.26387330471
0.363462691645
0.326959845106
0.279596186317
0.299024711606
0.235284542954
0.328864010583
0.221340891488
0.220477391129
0.0995935216754
0.138936069091
0.177041157677
0.237816831895
0.662058621264
0.172700499697
0.511734998962
0.28519148261
0.409133105708
0.596621029441
0.302884914566
0.289643227594
0.512860637715
0.410674625195
0.271903869279
0.9375
0.399759841539
0.32299475721
0.38860523418
0.39581706099
0.150426019535
0.528613606421
0.141287779944
0.461034386114
0.232380728994
0.340712629577
0.9375
0.297297322276
0.289443983333
0.552693946962
0.360415773278
0.390501290126
0.158307281936
0.227001339589
0.368846579708
0.416116180382
0.389136224277
0.306235997263
0.0436008432618
0.3568044941
0.524466711903
0.405070131784
0.179992592168
0.0329497931959
0.38482017438
0.210873052926
0.100330072756
0.336732698896
0.312282865052
0.413443815416
0.0830507569667
0.450406703965
0.18999901537
0.385018603411
0.214448535173
0.402146860606
0.0176776695297
0.30090504639
0.738034605649
0.360324894287
0.478478263776
0.702310652342
0.307933658853
0.353882313387
0.12143354865
0.0221624913354
0.290347698387
0.279915049039
0.271329657541
0.29052199613
0.363675508151
0.287529621257
0.265106137963
0.14810970326
0.104218937388
0.14172226869
0.0656353499758
0.380499095204
0.403383576118
0.210478123305
0.287998908416
0.0189958921413
0.196196518266
0.458724629066
0.235878512214
0.191876832101
0.353499451969
0.585960912879
0.421788082242
0.0989478175223
0.397645529141
0.380520726497
0.369072255991
0.362367651467
0.0912311756672
0.58250131614
0.49707369685
0.2870031024
0.067007097332
0.261447470892
0.547857416139
0.379249620221
0.280357199883
0.365916595153
0.242946974708
0.441045349558
0.179642701194
0.103623487997
0.466689242659
0.569944153128
0.354767774804
0.0279664334381
0.446483566384
0.182920058293
0.14452029887
0.100881642743
0.331753416683
0.266965326182
0.118486688087
0.417603713831
0.374534177273
0.417831110003
0.316231538272
0.350812824216
0.361381762818
0.183400569992
0.140763041638
0.333285973242
0.14269981809
0.298363808511
0.179128912084
0.379838361736
0.383768985323
0.22133199687
0.288102665409
0.303241366685
0.0418297705714
0.251833343762
0.432812257367
0.403898405741
0.326173346289
0.385740807785
0.377078688815
0.321439862114
0.425394478462
0.535945248075
0.21711742505
0.0456944028568
0.202201716108
0.281891749198
0.156905273252
0.103801080706
0.181699805545
0.172659230302
0.285409255107
0.263932373948
0.414012530323
0.429188685907
0.34308056719
0.380570665198
0.30391294094
0.207529280393
0.275730329178
0.442694908501
0.523472188837
0.408124078641
0.155290250983
0.331871840252
0.408642760241
0.30613217777
0.530180272021
0.336118452951
0.174908709393
0.544037707026
0.45418168909
0.311779487442
0.670109107181
0.200270421064
0.254734001449
0.31739596588
0.139744024964
0.130785665037
0.190611644786
0.116395021895
0.302948179357
0.236543142271
0.210235367931
0.148675847352
0.243589122201
0.354033145396
0.509395200868
0.298404363919
0.415755526814
0.217865857166
0.385163141773
0.36806902571
0.407817985195
0.0799498920116
0.283052985264
0.0943320227715
0.137103747278
0.100895674708
0.707514174117
0.244672259721
0.142296705719
0.276296507455
0.43594341024
0.152796457098
0.110803660911
0.244753897577
0.239002221215
0.156931358893
0.4073625075
0.339234007966
0.0
0.467767306926
0.287950918625
0.326192341714
0.0869079432287
0.0244379701914
0.292702031646
0.0806985260514
0.206302741427
0.298265988354
0.31078714954
0.251311656891
0.50581324525
0.362787545205
0.449521189612
0.465282849086
0.376273953028
0.0
0.533683721571
0.112157469632
0.256299900129
0.0774107655307
0.0936368329919
0.124721753715
0.194032806287
0.185446264069
0.52213020251
0.0459785730857
0.0990905802107
0.352121901238
0.150601326374
0.141936982272
0.391189209295
0.423812888722
0.305054928058
0.362979638662
0.378244954588
0.00949794607064
0.376785845065
0.485672376702
0.362543919188
0.264848970871
0.0436527017126
0.00666182828527
0.139057759095
0.249818879155
0.0323586710516
0.368378306858
0.0218943555024
0.308165629636
0.064999036395
0.0807427079319
0.32540270616
0.0151173963807
0.0427483516352
0.0226524856199
0.246796744149
0.342993433773
0.0543723375125
0.123252300825
0.0529018582739
0.369613034525
0.0871734046004
0.0441941738242
0.316247991826
0.0426568401979
0.227380978653
0.523427476775
0.267352590033
0.0953034844309
0.181781804921
0.368745162807
0.381633934498
0.153468777439
0.336942768135
0.423641790328
0.481063589736
0.397058184346
0.017554427044
0.166398706429
0.218054779758
0.274590257589
0.375755453987
