0.0739747583198
0.0497426028719
0.173084329096
0.215230522113
0.175021500797
0.0305002298697
0.246803057288
0.0208508759164
0.177296787487
0.090315731629
0.0977583179889
0.137992527005
0.0362758106024
0.0957147408714
0.241401288222
0.205633340439
0.173345805464
0.083111537824
0.0540120743862
0.161734970212
0.171021034383
0.0793151919452
0.257071347003
0.161251905831
0.170278327091
0.199709221324
0.1323337971
0.079307886538
0.120190696963
0.0839229347144
0.322775282776
0.0701972266355
0.234832244348
0.123291716529
0.116157670685
0.196068007575
0.466401643842
0.33639753691
0.242978895534
0.0954220554891
0.0414229038887
0.199731908355
0.0468882563521
0.390701205133
0.00893504046834
0.406111467816
0.684340691577
0.238906689537
0.0821991865684
0.252121567648
0.235075011978
0.246296724841
0.0438740990173
0.346701927859
0.361079067764
0.251693523795
0.210953528007
0.263656468869
0.009132867882
0.088248776864
0.0408376521148
0.211439966142
0.293357403332
0.100784585154
0.178371881721
0.201810513346
0.226579932854
0.257198333589
0.056992546997
0.0325851125822
0.332899424683
0.18019818741
0.176457276494
0.201377008288
0.0766874402791
0.0446723723869
0.188697190739
0.257614468536
0.0383867499933
0.0896459759528
0.254036411749
0.413780037298
0.0750508609464
0.253961452528
0.20586511536
0.0338387255285
0.227110897449
0.0
0.261235406187
0.345976649644
0.321421152297
0.0493953842272
0.0786619293686
0.181604505091
0.28586807916
0.119859087784
0.0785196548675
0.0435486764838
0.0
0.0625
0.257835473583
0.307817919926
0.160305955625
0.271507677035
0.262829330827
0.31204853107
0.212666074543
0.152813467104
0.214352892044
0.174595422955
0.273523242557
0.237602333397
0.378734524059
0.197125119308
0.53327097447
0.232815846834
0.447811058653
0.118314936138
0.110717524605
0.331870708441
0.21227749151
0.365128189805
0.16076547114
0.237648630189
0.050743473348
0.40063814512
0.253706706319
0.0710486398833
0.665878433195
0.155599756546
0.261459181946
0.172135622352
0.367406920504
0.0865690425585
0.0378870353712
0.0634609068264
0.177996190054
0.21972107732
0.191408842074
0.258003063697
0.0663089555319
0.204029169802
0.25729575139
0.0473522383056
0.453410932765
0.0300094731494
0.133958335274
0.140024492692
0.334078089615
0.265051372035
0.0928389129245
0.0386103859823
0.191820508593
0.0448420946558
0.155699138691
0.147827430074
0.229279789711
0.227091847939
0.275351452563
0.206430358935
0.257542387033
0.18784192979
0.18829780503
0.132328089161
0.271916366266
0.377953321514
0.0523536585165
0.183795501807
0.221869276578
0.115559637892
0.186255944866
0.114611122574
0.172451264947
0.284457664956
0.193460074437
0.498613570471
0.349006659957
0.0818125368183
0.183103763472
0.289699704298
0.124814805137
0.147818144325
0.317234473991
0.115622495825
0.225500773514
0.0880523645922
0.0297894486611
0.114645780452
0.263151380646
0.151454585932
0.127778482054
0.0579065699042
0.0281755715472
0.0910845403758
0.0253781795103
0.232460571049
0.33320974089
0.177468121006
0.314459807944
0.146940897333
0.0273402907566
0.124546092542
0.0966477193132
0.514611473535
0.15638874627
0.0392068056169
0.139937137094
0.125510918617
0.438120569099
0.163323100813
0.136852018467
0.0247751482292
0.110031506151
0.151250443981
0.0737278229176
0.134045228083
0.0743483630114
0.454560792097
0.29984523347
0.0963390933389
0.282011672595
0.297270895123
0.0389274877114
0.114696507543
0.175705866329
0.0917333382759
0.0208333333333
0.0531837985089
0.282090620184
0.25221433447
0.217525539898
0.0706704928374
0.200059799127
0.121744188798
0.16069849979
0.216254742912
0.0745882844985
0.168615511757
0.184104069193
0.192093782807
0.183381962167
0.376593602166
0.126358976619
0.159962042543
0.161496196164
0.0237435748829
0.235845071763
0.141832780518
0.170214155933
0.104714149523
0.282708526913
0.176908250003
0.319701895207
0.361728008069
0.0158299101177
0.215806244723
0.223700386249
0.199691535407
0.0909834615539
0.407433421157
0.0735157004362
0.50455072021
0.205826331892
0.0234308885496
0.188062845509
0.180703237679
0.125237682912
0.058312892904
0.255497307182
0.184884862792
0.130643910067
0.165920643481
0.0908354143254
0.221816464306
0.355873880298
0.222507590389
0.230159226278
0.34634749632
0.0943417982081
0.529875292687
0.333732284454
0.145426825564
0.195009264818
0.180172424884
0.151148381789
0.089670991279
0.0736040872108
0.0864045513918
0.565530765338
0.211902652104
0.270402112546
0.0969775829088
0.38995015608
0.223930192261
0.219786976028
0.338977877054
0.0
0.079641206349
0.0786261149746
0.0927232928115
0.370796560542
0.13191266248
0.14380399982
0.207253196303
0.431255105826
0.221172480982
0.439260366229
0.114596426956
0.224949929001
0.124241076029
0.154364288528
0.187362547276
0.182888824806
0.343206465949
0.220975296925
0.124690469661
0.502855706484
0.0391822201995
0.118543654472
0.407440203754
0.25772354839
0.13549051395
0.0713746744278
0.0930785056567
0.14088668944
0.306227142642
0.222854456126
0.216701823964
0.0936994934234
0.0918688583223
0.410591765818
0.186400817887
0.192476704745
0.135352322983
0.0952127992859
0.283682070523
0.12768342032
0.334024326588
0.133193706529
0.276592556283
0.0778967877569
0.136489858923
0.103595525292
0.441306733007
0.327464770848
0.0322665867535
0.329242496596
0.128129454296
0.166346987335
0.166330774351
0.116524080716
0.0626155986683
0.11231794751
0.0404412776726
0.0775095589436
0.143537858347
0.355809960005
0.261090205596
0.0867699509172
0.12592303666
0.201658142938
0.0429362069954
0.175271824937
0.115487211588
0.347696663654
0.45425810152
0.141257324297
0.428891932704
0.410165571342
0.366431302087
0.327127822114
0.316963865574
0.0425399666857
0.546798337452
0.244747597364
0.0301789946366
0.309181396167
0.128105749081
0.235270781404
0.163759678657
0.395993533071
0.0288749585622
0.335277275902
0.102132601369
0.0296973051352
0.0978429518183
0.0
0.153079777812
0.499606053094
0.168266708578
0.544981219
0.100455302786
0.168608907252
0.145270616273
0.119737398356
0.0730818815694
0.235710895848
0.416470376131
0.567662475289
0.256566241427
0.271704263699
0.195082624848
0.187188040556
0.0436544199466
0.133945824337
0.265936960055
0.413072610737
0.354449647877
0.263636594966
0.365134027113
0.273270958352
0.0570797836456
0.125215095559
0.0356981882515
0.12777471429
0.0384242595595
0.148427046989
0.268041741753
0.259326699646
0.0539328181893
0.152580104875
0.0702771701365
0.356250264281
0.327099890325
0.0772687722952
0.232533014254
0.212369173176
0.235466767039
0.287191290344
0.23276474213
0.214655325494
0.219980919713
0.326257849468
0.283366556007
0.327594370272
0.246122355922
0.155392392467
0.169356831147
0.15136936258
0.288519172566
0.244146074064
0.157672738187
0.190256847688
0.302136031289
0.105121319938
0.192893857897
0.208263203001
0.146322693182
0.0620643009238
0.151966407961
0.196305364422
0.105423520415
0.0927445784222
0.217325010003
0.0855675064682
0.0256161730396
0.0208910019911
0.0827775012018
0.0956286494569
0.226748707319
0.382437329997
0.0693253066726
0.0419347017783
0.370223777751
0.106973332932
0.295984450714
0.141229267633
0.29420450634
0.113055533331
0.0223256821472
0.529218939744
0.0806205691128
0.297924046021
0.299827576252
0.165192459495
0.247863358046
0.373985231998
0.116050528128
0.183215002373
0.20589660676
0.0907671722901
0.0963987734065
0.0965404029446
0.110456248321
0.370701167651
0.35523932711
0.0829353186029
0.184397943755
0.112488544892
0.3289414708
0.142660501683
0.0817786741632
0.0380206386403
0.173157523052
0.220835837866
0.306970269566
0.0422119229513
0.161911489707
0.0320913159084
0.122400621018
0.253481353889
0.312063000261
0.177428961002
0.0546573645268
0.345300911418
0.267850021923
0.198873620416
0.198190558017
0.22552490912
0.0524920142866
0.112413263454
0.228621575231
0.0554282835537
0.0983305720173
0.197687464084
0.179762840854
0.0687156630382
0.433858228402
0.328318459031
0.41875751956
0.211015820688
0.20882356121
0.0594322556964
0.216632252931
0.130527041458
0.0411495266812
0.100742712463
0.391126235201
0.199102936974
0.102116611061
0.299232933764
0.0232251299669
0.368941223993
0.417798109021
0.442510377021
0.167224881726
0.0598750466936
0.159646872862
0.221160923618
0.105844452881
0.164019716441
0.393341974249
0.28768750768
0.108351524369
0.259061161642
0.295541655315
0.347764643498
0.412077145745
0.32635723502
0.151647664267
0.368204839387
0.085806089464
0.384918453466
0.42084730785
0.158744501814
0.234944746559
0.134061116329
0.297191788694
0.0437032888071
0.109660417181
0.109638636751
0.218796845076
0.0361739843168
0.246206188479
0.0603496137094
0.142911777318
0.172783315957
0.0629112211791
0.221956427266
0.0383076918661
0.340553328188
0.168200990738
0.076691300807
0.108212020746
0.196555604091
0.233826627258
0.262197577894
0.0843899235031
0.0623515479745
0.415877602983
0.0291412247895
0.0259492219778
0.0636036471607
0.0877871796442
0.349630296024
0.387002839875
0.0828820347867
0.332277048436
0.098137004273
0.304232675403
0.0317690396888
0.0928173012575
0.100219248855
0.132395364445
0.0890153286645
0.0401540665285
0.195234582722
0.0383320302135
0.0965135226781
0.417475421053
0.575714025072
0.0874449990461
0.201879667348
0.100705645747
0.32278864968
0.223412804775
0.109201188451
0.132232702468
0.218124409349
0.259927463893
0.260020650846
0.0767076720428
0.0414229038887
0.13941492682
0.279481951779
0.0660152406636
0.173224449136
0.240667202914
0.021698875698
0.0413240117553
0.283163934116
0.291295556798
0.224904262456
0.137604279981
0.253934696613
0.259967504995
0.0727660522992
0.0823971931914
0.237979377767
0.312343216941
0.0935664224538
0.111824726541
0.0855122927943
0.0639209658742
0.451792729156
0.171322097775
0.197079632472
0.197955745173
0.336159781231
0.283909087593
0.0399494125721
0.174618854351
0.239976478859
0.276141254114
0.053135836952
0.442492174441
0.239303528164
0.0915184476705
0.133247754761
0.106029676075
0.222994563019
0.14447983701
0.28073715557
0.265655403331
0.126940971597
0.0778183667017
0.0263320691075
0.0399629542968
0.0689245638014
0.111060003374
0.3465961333
0.0948881773023
0.216039824093
0.351430582697
0.440033581761
0.712835666664
0.289852489301
0.142079582251
0.0799977303853
0.258139320702
0.384771649477
0.477815453867
0.062572498474
0.0653078103368
0.0821286876457
0.335215869006
0.160777775814
0.0399339440154
0.272754573625
0.0707509495659
0.40570160628
0.250795478276
0.0828026736886
0.335215869006
0.166161968409
0.164762505292
0.279189610123
0.29884473236
0.131365893158
0.178690935667
0.363522407021
0.0714919869976
0.0799790476895
0.179028787493
0.225266689934
0.257411119378
0.254349677455
0.0406759326193
0.0672518840893
0.0943930937182
0.111296169457
0.0976366739009
0.101674501681
0.0256161730396
0.33355366602
0.265763371016
0.200609957327
0.0
0.308719622789
0.196115580883
0.136586091458
0.391857573371
0.0440803038209
0.0629828566074
0.125215545288
0.177042364607
0.0541821799036
0.25674762607
0.101078221011
0.32302648626
0.0683163918929
0.131915352816
0.0304494837543
0.164163580257
0.0776558196329
0.14784519348
0.248253547806
0.0622414620101
0.157206769764
0.183200133397
0.142912977495
0.230088145722
0.0746810916506
0.260455258887
0.0572966515513
0.195989898367
0.108264874756
0.242514772248
0.384255116136
0.182401441225
0.282061848396
0.0
0.0942419524697
0.387863519612
0.198635318547
0.0829556682717
0.224256598489
0.359099446732
0.0186779180007
0.0995052710925
0.184345753677
0.0375159329732
0.134226136888
0.170505757744
0.121432214478
0.145630992409
0.141049503712
0.0316598202355
0.0
0.216081057808
0.155276034054
0.0428351840391
0.0272434043588
0.33380425509
0.120514645054
0.0267994592427
0.340051550897
0.0253570049725
0.145164997779
0.0753978866008
0.191820063808
0.110319903579
0.0286634809617
0.289898625654
0.178654559776
0.382649683835
0.344060867056
0.355138576704
0.0812796048865
0.173567460614
0.0957997630862
0.197264343969
0.27297791164
0.39535372988
0.193759366411
0.0332815486302
0.385418154551
0.0837367186805
0.391513501898
0.0849459097308
0.252859895767
0.0706387054228
0.0383297964749
0.24018194485
0.0660098339596
0.192770243963
0.0
0.0306960744306
0.0377592572761
0.0133113146718
0.0463912115102
0.0466830824677
0.371321484219
0.0525560259534
0.0
0.0900347115034
0.124546180096
0.0506780295179
0.118048923198
0.17865974049
0.145463950087
0.165438542272
0.26870708419
0.27384140222
0.111006323873
0.057680978067
0.163725544745
0.226479998993
0.541147354703
0.340710998493
0.136821144264
0.337979149084
0.153281602302
0.284245681343
0.22227209355
0.111158682314
0.487013588721
0.478651095455
0.210170607123
0.0351593083584
0.156543017206
0.0953965086886
0.186148792609
0.40910737717
0.0380411834614
0.132694409313
0.183027072868
0.0581952779308
0.135141507276
0.317995625186
0.438689439697
0.109113932222
0.304079890945
0.303868014546
0.101945225052
0.0906711261836
0.0
0.0363777630721
0.157240093093
0.0437667210488
0.168166378585
0.0593538380741
0.110970085475
0.0767754255563
0.0402266752962
0.294723542146
0.0857350462225
0.544237628307
0.144949556551
0.169384768765
0.104208057533
0.108963327872
0.0740842815062
0.0728964806569
0.0461241042739
0.0783647122455
0.232860708395
0.150129741578
0.0871252690937
0.0440284768214
0.106998210403
0.307562024278
0.296268929268
0.0746566984788
0.165381311396
0.12112127022
0.170847683412
0.320405058266
0.0726974061764
0.11915100089
0.10746530402
0.162948474911
0.183001936448
0.11308101497
0.240488601253
0.398728506809
0.137444809359
0.180804504465
0.109989096718
0.220288923916
0.159335425628
0.0786092574094
0.182443659854
0.117893932536
0.0665700487683
0.1946246339
0.39636782365
0.236497957634
0.174657134466
0.0158299101177
0.272497373008
0.300711388921
0.0636247373011
0.0358255798197
0.12501367036
0.0936936100069
0.160645990852
0.107788037954
0.0984035497402
0.365755988939
0.0858261580654
0.143977075235
0.198045285184
0.078280766893
0.10592566172
0.0456944028568
0.23569378139
0.339128921434
0.0911332204287
0.0954769425029
0.176029795184
0.352507396977
0.135135661768
0.344320759174
0.140819810082
0.109528476436
0.206526371853
0.239719761081
0.176562279558
0.231323080764
0.228693861123
0.0428625121708
0.0531510722151
0.354378642941
0.202116597576
0.276339038889
0.154117872081
0.108140632411
0.0668265571472
0.13140052284
0.185723763013
0.0540766686838
0.181708915338
0.0887237123336
0.211347818881
0.125547609259
0.168073920765
0.125415549561
0.3807224739
0.0840971687485
0.0869344488217
0.0431097581248
0.254164976662
0.25830179794
0.193714941379
0.324217462004
0.0893982693132
0.0493450161613
0.553841109777
0.357868496665
0.189729949383
0.105286617731
0.192107860246
0.387524437404
0.296385848984
0.330106359857
0.296606128508
0.0414229038887
0.280033429305
0.525106478957
0.243680222148
0.232760151106
0.170746797636
0.0521841993794
0.117564488857
0.21323900957
0.323285856491
0.315624578845
0.267577302137
0.211329697311
0.161819762455
0.205435803243
0.111128856778
0.396246819951
0.426023925855
0.099193384835
0.0777995605779
0.102526958613
0.0291705294934
0.0373108828963
0.18299945928
0.134250495196
0.0400066158482
0.239581437282
0.125158881623
0.476434792343
0.237626646884
0.141770835515
0.0777593771735
0.245845911362
0.129861891614
0.0479740691202
0.0678632081063
0.0923985112544
0.115823504079
0.434454157488
0.294850161244
0.625252628989
0.321984419751
0.240921102942
0.232584166918
0.0420688969924
0.14648539705
0.23917523211
0.275238767363
0.0631565717004
0.385969839245
0.382686359699
0.0843271585793
0.16405269326
0.101743744587
0.436116430611
0.408475878684
0.089937209242
0.375421365126
0.359714270218
0.112687928138
0.162916891423
0.129207138065
0.0793465017733
0.257380409195
0.122711579604
0.206896340344
0.326438684129
0.132798605711
0.335242651601
0.153047703294
0.347570043854
0.359683646309
0.169292434243
0.0147313912747
0.0850275190799
0.191480835123
0.335713696817
0.2773634127
0.268558240042
0.162100825549
0.117530861486
0.337876368992
0.324689012103
0.132106640204
0.233066272199
0.183210585047
0.100638737022
0.173866665841
0.0958505848975
0.244713115221
0.141397811451
0.219996786448
0.0590637501334
0.298072283329
0.1875
0.127282606653
0.421215790501
0.0893256670239
0.427490706451
0.137787805364
0.208143149978
0.277401297189
0.146679450387
0.296051274342
0.207707460197
0.0553949714826
0.236848757736
0.164882354521
0.225676523904
0.143682068478
0.0490422674242
0.138217322829
0.0874192668683
0.187280556547
0.0861951934551
0.0730311615879
0.277625668186
0.159281628153
0.148527575927
0.0780652505241
0.0965957690703
0.270905965304
0.0473193250623
0.407602318998
0.295452667552
0.142152325508
0.0837510859306
0.140490468261
0.279226694759
0.204331451793
0.142065647603
0.0657425152118
0.234887749303
0.317692364937
0.260169990672
0.183545847097
0.0981601015481
0.106543653704
0.112532103806
0.131592313817
0.436093513085
0.263816998192
0.0418540969625
0.205842230906
0.111448827671
0.180570915852
0.377707790333
0.259253659976
0.162968466476
0.235091924895
0.192464614081
0.422014609121
0.190349248197
0.435952958953
0.193913369819
0.462444974988
0.287140430175
0.0674971257192
0.12898465119
0.331720854992
0.140604636145
0.0966622775412
0.207648427804
0.464505313849
0.0417349254241
0.275849149092
0.210423725421
0.403563661936
0.155311820548
0.121387132869
0.100296103759
0.149100582215
0.124139362126
0.256280464655
0.0982037711522
0.232977588136
0.375560852098
0.281634948886
0.091601326879
0.0937915783614
0.0603117230639
0.358420537482
0.307920461253
0.456778672954
0.236939985105
0.117083595424
0.201957110872
0.100344473738
0.190924502185
0.28292515006
0.289697908937
0.160055316036
0.184872571906
0.0247751482292
0.605411749981
0.143540879017
0.238478761448
0.0383477944097
0.211509511996
0.296216224724
0.0975553467735
0.38051515568
0.577135416643
0.110829898356
0.313828470573
0.297979484273
0.132375306198
0.369236896766
0.17691423587
0.327838826095
0.264673828779
0.103946151733
0.146700790236
0.190108181828
0.256748654335
0.0810370271145
0.199792951771
0.434159398304
0.254401196991
0.0378160661334
0.237592419699
0.312826100515
0.145337599593
0.331431958763
0.32332245852
0.132639638497
0.107923241422
0.130878124986
0.165096261821
0.250822024227
0.265815319373
0.130369792467
0.041796269061
0.233923272666
0.310491708409
0.346750479956
0.19771206923
0.328675473484
0.565326943686
0.433364995506
0.434589649566
0.148826127798
0.554409634084
0.38851169604
0.616710134827
0.399913590147
0.398260122186
0.454724571424
0.487556996003
0.323826947931
0.321027940313
0.315874330978
0.391856148678
0.418605153432
0.541918927673
0.21900090329
0.372225522385
0.242942079629
0.330376197515
0.628258803412
0.372671706327
0.503084979103
0.37224273393
0.0
0.288527374848
0.101440028519
0.0796371131845
0.407605795442
0.30451316066
0.0607826102793
0.390421710142
0.402813186784
0.337991940406
0.375630821359
0.758436900297
0.407670120703
0.0344890716611
0.0734789898972
0.397180229276
0.158719410093
0.232094638268
0.194533629971
0.386963097373
0.664999028732
0.639562296236
0.0739039503763
0.0842198050618
0.177215816331
0.446424921192
0.0385006118166
0.522727622183
0.265172219259
0.570570714539
0.328222492456
0.236362142334
0.301085561186
0.29962901673
0.156194686631
0.260184238148
0.260565245913
0.353441256394
0.314366757157
0.0929653976904
0.181612867314
0.518592603833
0.333251655388
0.50248588139
0.443866835448
0.404456116614
0.431579219255
0.200060679615
0.348983626595
0.296032914081
0.481401282088
0.410938959937
0.510139377802
0.0403475643144
0.325074952314
0.101055289153
0.422507018275
0.276268898019
0.266048894876
0.489419353493
0.209386794401
0.349925997553
0.172160006342
0.445668447708
0.0781554863553
0.149674032809
0.32019760248
0.372022188906
0.16351418276
0.295080094639
0.698047254621
0.0373641938933
0.17346341191
0.693644019341
0.352133946939
0.162980000444
0.482045186191
0.296567340468
0.263575468536
0.62055967009
0.472359438987
0.457050868899
0.169877288523
0.165431889302
0.0776425886662
0.509784875709
0.305225236161
0.377337784921
0.371046485122
0.298040304034
0.261926836505
0.459399377243
0.196575486014
0.264916682376
0.107244019515
0.438396218365
0.32109712439
0.375425081517
0.345528444827
0.529796265202
0.349679691589
0.320914180994
0.233935367483
0.397326417076
0.331753798103
0.233723023353
0.13320120539
0.182515201051
0.379698070617
0.250946958502
0.0838674786677
0.360073145216
0.170756569044
0.451652551948
0.0518428120918
0.0865253434627
0.375049635307
0.267504510287
0.422972947187
0.13528582834
0.447865868418
0.239116460117
0.148619813749
0.328181482112
0.296441899799
0.390719816925
0.271683233268
0.266109010775
0.298106437453
0.321676089081
0.543997400647
0.211494919476
0.172878345521
0.31379929365
0.0520737323554
0.0861878159884
0.254226936419
0.0405547190306
0.0133113146718
0.343143235103
0.609113905829
0.00861853218839
0.344993422186
0.128281638055
0.273562836977
0.3815335717
0.538847746777
0.222909106417
0.178698466591
0.118375226855
0.332034224244
0.581789347064
0.362037919661
0.189611121414
0.138532571913
0.351854503712
0.17066372548
0.127210320735
0.20211836617
0.240996676033
0.677880266122
0.238222756249
0.145833333333
0.248475674571
0.655810852664
0.596799224737
0.00933895900037
0.234528620289
0.369285307293
0.34201408774
0.0587491875814
0.258470928189
0.169296451397
0.420051645938
0.393967967321
0.342575247004
0.339862719678
0.465794348075
0.109940821666
0.115789284645
0.248185196249
0.35854167644
0.548091217236
0.132423913984
0.109638636751
0.148230933552
0.0280168770011
0.0838908319222
0.0865109492998
0.16033545327
0.535332624962
0.49559150099
0.154610022005
0.346816610052
0.35536623028
0.288549982782
0.301021847448
0.415853287829
0.193691663297
0.311556590602
0.104185844403
0.192858020432
0.140480908475
0.297148178589
0.108757355777
0.133612979542
0.605993505905
0.468807410122
0.364921343888
0.204440325606
0.312637649545
0.413189696496
0.410530669868
0.393129547971
0.232561749487
0.430162023834
0.36085987201
0.581165456372
0.385236754905
0.531605219831
0.312854096532
0.433474246299
0.509183844113
0.463481564564
0.404321844833
0.680004201785
0.220807612585
0.245406132182
0.347932671811
0.226756951256
0.271379120896
0.285707858452
0.509376552388
0.460171367128
0.132423913984
0.431809669226
0.208063627573
0.268746622651
0.351530166389
0.254139861173
0.36963919948
0.131185261931
0.42408955756
0.500963111985
0.275174722499
0.139720822518
0.337666387031
0.451794294131
0.431443419033
0.418581329794
0.225281183678
0.259551299751
0.252702313055
0.461409858874
0.395558661856
0.264166339439
0.338615933178
0.116135044988
0.645037451591
0.0504848619774
0.492996430748
0.0923275324183
0.223575096035
0.311560382001
0.0
0.0
0.0407160709718
0.18494320104
0.198116305641
0.146791068796
0.168364001778
0.136035769452
0.478359027727
0.499671493611
0.183845940466
0.130101451075
0.374740425039
0.320564985143
0.330288327719
0.32190559367
0.380373690885
0.414932421027
0.328909304416
0.380670568669
0.323491550576
0.265753083769
0.139370914786
0.390048618031
0.0401523050364
0.416801988509
0.322163449991
0.723212172408
0.331868283192
0.295905289876
0.152850610224
0.332252530933
0.277877726527
0.183772611595
0.0906691521761
0.312039264538
0.421030693609
0.287525334994
0.0459637587348
0.341520633034
0.164708323055
0.430626315861
0.288102665409
0.356950294631
0.0970150425898
0.182002870795
0.358415787896
0.365320287032
0.445251597276
0.0682763927604
0.169891302096
0.115296972081
0.261584721817
0.0158299101177
0.347902678301
0.539650616228
0.328051378244
0.342187338952
0.476404710009
0.0641222404092
0.293774165597
0.417362256619
0.268910331045
0.373985739902
0.295119880452
0.28776152569
0.238547955803
0.229719177692
0.137382787588
0.407642591432
0.367995111254
0.160707569897
0.309762889622
0.298410299067
0.269830729215
0.234934466546
0.496379578231
0.340325190692
0.388528586424
0.435417583188
0.337767706613
0.347522780512
0.277353525372
0.149820659136
0.445519373126
0.423554407085
0.434383816866
0.396920493121
0.618386189298
0.479359296143
0.229407344638
0.278271237885
0.486080994124
0.559817735895
0.210962408904
0.444115730822
0.459066576137
0.366318179477
0.474582309683
0.386157137928
0.171846874713
0.202693316882
0.30510305157
0.182006861029
0.471804018473
0.611076677389
0.345915849685
0.173934995856
0.486132798768
0.368237665703
0.364460024752
0.440429327828
0.584574035975
0.467373030895
0.374574380863
0.290330232344
0.507848900234
0.315654337564
0.294003836005
0.389214633799
0.555077567865
0.450000481558
0.16491144841
0.587217329564
0.468303910004
0.487561829372
0.309345588891
0.305670635862
0.222137365091
0.278472436203
0.142096365507
0.339213899282
0.206216256769
0.0119595861977
0.35789007924
0.406565940328
0.455139465498
0.441287503937
0.679521845859
0.512110618868
0.506687621107
0.463164523383
0.418487531138
0.484268584547
0.142416986131
0.207149127342
0.331007453488
0.475260956224
0.200922574552
0.132423913984
0.405408240586
0.265327874934
0.301181254826
0.286616449669
0.520380581694
0.294602146115
0.120379977224
0.14720535698
0.0899794340789
0.252223745157
0.40972220761
0.408779463759
0.466933746095
0.358481751465
0.538146728221
0.398657841955
0.509282281485
0.420905457488
0.128848441245
0.4375
0.346601765807
0.144209461252
0.107501478943
0.277252987271
0.281535703306
0.542769565119
0.305242943867
0.246353458334
0.275501948173
0.450823472803
0.354932374263
0.330089338923
0.373129144781
0.442649464466
0.632412816526
0.404655442867
0.426242691157
0.46772619633
0.202834927257
0.109807891937
0.398450009555
0.473614450307
0.393710276607
0.536849511045
0.108020926745
0.417501576913
0.435593182718
0.391326243633
0.312191610254
0.405950815665
0.316716569024
0.387614379287
0.239353459502
0.702246980208
0.143170997265
0.512940656151
0.791177873213
0.425505134866
0.571971768141
0.424458907008
0.196295452964
0.339989364455
0.310360396533
0.40794906256
0.251914919097
0.423479346703
0.344699643479
0.108617837515
0.281000344797
0.517829356193
0.340189833314
0.487504195938
0.448755694596
0.411050592346
0.553755038905
0.419114824039
0.605707308281
0.256521796197
0.459751596932
0.436398911705
0.433965598023
0.504680879989
0.464885252559
0.499479569885
0.277813458144
0.142923338141
0.211178410981
0.342883044857
0.169394921367
0.0957573120354
0.52183857157
0.100624187655
0.0798057601688
0.460265237459
0.106520066247
0.46242469373
0.402810211063
0.209644833119
0.504869471381
0.554389672617
0.353789967026
0.254985306607
0.0768540833432
0.607180300798
0.313478115795
0.404245250176
0.429124520091
0.429872925987
0.170174209691
0.224798849501
0.402067966732
0.441864635369
0.253748251598
0.442978475447
0.597182175196
0.785432517226
0.143850348993
0.322408784599
0.70651700788
0.0841183836095
0.411916366392
0.672580928634
0.472583732702
0.180125163731
0.323519502096
0.213169457429
0.510891375745
0.353661912566
0.30833788148
0.291172516363
0.307307184384
0.521087014978
0.298751906477
0.480879386123
0.433377541125
0.173609860125
0.301606652562
0.48401596364
0.340051550897
0.730328666276
0.52941417755
0.35897909378
0.538342539903
0.561709895686
0.493315314923
0.257379124913
0.396644739443
0.244339619338
0.246846817741
0.365527608731
0.39795891186
0.377815871127
0.53331392377
0.533983420423
0.550474646685
0.538973182798
0.466533079443
0.342307061007
0.519264214729
0.437589598116
0.406600272144
0.244124690877
0.444221438806
0.532957068677
0.514876387611
0.429324576614
0.345438490244
0.533853830067
0.645179106732
0.457016842046
0.0958172624472
0.224708649485
0.607613192049
0.0892744283439
0.126577120949
0.422679586807
0.662378440968
0.119997086197
0.0962890615037
0.476406604123
0.0
0.166096456978
0.203395229442
0.146551151342
0.357273657781
0.213239306146
0.354301994157
0.386817774473
0.272334105684
0.160923644972
0.245996526947
0.181327294308
0.0914028016275
0.512473303465
0.599824982971
0.245989318028
0.395598414414
0.111747748952
0.179412328318
0.196764771825
0.176454875904
0.172102230814
0.530536103953
0.136800550723
0.208490183699
0.0889268438115
0.0438393446176
0.182431008382
0.150929717226
0.418525443478
0.216540982598
0.687942586132
0.590625436986
0.665554271508
0.734145430885
0.387650131781
0.472222951569
0.30327239006
0.500449748409
0.227167489863
0.388081030369
0.499203011348
0.534156615908
0.284706097216
0.608292737715
0.393672263101
0.5513435916
0.412895044171
0.67965946295
0.454673910361
0.657637613762
0.408386037811
0.548749246187
0.558461135569
0.391618143894
0.426695065613
0.125184527816
0.310830250472
0.561281032002
0.44338554727
0.462649889122
0.0688384099963
0.159242964381
0.551778989833
0.487629245287
0.402865071147
0.441196493436
0.268784824929
0.562592280494
0.460954215497
0.4180592527
0.454669301292
0.362916943952
0.385603263441
0.432185164348
0.772316336931
0.384455686832
0.520103156626
0.572421189416
0.416957842116
0.383623524313
0.541479574427
0.459298466347
0.497544432066
0.33237110571
0.614921889222
0.310491708409
0.392823702801
0.437934756018
0.423455574648
0.338891834134
0.0240562612162
0.449850209156
0.498390866956
0.49971518879
0.400227740893
0.364190944544
0.349982593717
0.852282782339
0.487993895592
0.168880727134
0.347960243023
0.502662123248
0.114495159109
0.222819919733
0.395913324446
0.578423341744
0.543385848372
0.610120804444
0.397161589925
0.488355782374
0.275370551047
0.607579867236
0.487625131882
0.192857594958
0.441003656833
0.489535259724
0.0
0.383366530694
0.326751169378
0.374689026129
0.592838973486
0.494255734378
0.561632670901
0.288785899481
0.423486646611
0.335863772652
0.184691181236
0.494625649563
0.487862050264
0.497624164469
0.23838906122
0.0921464386105
0.363074012084
0.463923320501
0.424331658172
0.525128272242
0.283730143569
0.420003883254
0.439002798711
0.473146209795
0.547332877715
0.481423336435
0.224241069644
0.495609292417
0.392087267068
0.565698738593
0.573647019239
0.475387749023
0.346800095695
0.218348958894
0.32078551111
0.30209704205
0.618778794656
0.507717326739
0.472375581624
0.338514147368
0.573707580444
0.546111205198
0.630362372927
0.319411625292
0.376134798052
0.573738758025
0.30060566884
0.445390609788
0.478079237424
0.391233650165
0.785264350912
0.478247982268
0.616653677953
0.196893391473
0.391178267659
0.405531122177
0.558776979057
0.565855152056
0.391043095848
0.530137297498
0.519159133699
0.64409530529
0.510224868289
0.497939630764
0.54704354753
0.496618962516
0.409739837189
0.395372015243
0.377106170135
0.569828156232
0.80170342399
0.619488272689
0.458807955246
0.675156144106
0.351432198828
0.41469480327
0.474618226907
0.70220013737
0.554173939761
0.196242334024
0.380059495184
0.331265173182
0.543856866979
0.329309464256
0.255582852202
0.346697548806
0.426128215938
0.480634412235
0.292014653351
0.359979277313
0.471965251254
0.498252248828
0.460688739223
0.496990434292
0.443607026506
0.415706162715
0.9375
0.621039385325
0.389542926807
0.566622366249
0.390585134278
0.0404410064495
0.690009188968
0.611669069342
0.399299601978
0.182810812371
0.416976247875
0.42474027855
0.451550934808
0.295994125216
0.359833843755
0.617911780729
0.187609236456
0.629139083987
0.563244082451
0.506907751811
0.565471758988
0.510648017237
0.526260020848
0.596479405808
0.443767214233
0.550600000499
0.0736040872108
0.0133113146718
0.565480993596
0.275651518521
0.335926514263
0.331795062639
0.488041458571
0.54289293625
0.465326477663
0.444340031262
0.232565740494
0.116277363898
0.282721605941
0.523164634713
0.183779177991
0.395312574079
0.596813728006
0.61154762334
0.34767786003
0.540970430079
0.508184133044
0.370565267839
0.639865720144
0.351398157152
0.409221952631
0.044266797393
0.443857788439
0.422988175252
0.667040678679
0.40833598509
0.551622474185
0.379135498281
0.234135261026
0.393790137103
0.302850037415
0.551103122567
0.354182608435
0.856217178276
0.184942220914
0.157687753863
0.5017918046
0.413036460887
0.572491813984
0.388645807014
0.462284507781
0.291129720779
0.449536830298
0.222293108558
0.165304697224
0.559877769375
0.277962708717
0.42977600061
0.573581131992
0.729674861363
0.482638893036
0.424174340674
0.555088053257
0.362327620308
0.376707844894
0.106866320844
0.382090227384
0.651036157481
0.485924286725
0.532588499273
0.530307066169
0.47641467603
0.503144199413
0.497323109209
0.567771955686
0.427512949572
0.444296532617
0.723983218677
0.570767931652
0.182758033531
0.268976654086
0.629235414996
0.372112300237
0.458774634703
0.179917790074
0.523926463153
0.611765940843
0.695648161236
0.513537505772
0.394743035049
0.443727355359
0.47196857613
0.425678728703
0.416909941859
0.500426668812
0.551606249434
0.27270884108
0.657194170124
0.381361373807
0.360912748058
0.318520983043
0.561949069638
0.346123234371
0.281172306325
0.544115068458
0.545045701621
0.406973381658
0.575489447034
0.402510004745
0.532478010719
0.42020039521
0.421702720889
0.409913633533
0.215293169519
0.316830959956
0.633505188211
0.55676267067
0.477752015743
0.31791070844
0.594585298475
0.337066011886
0.605566018881
0.290057821972
0.461820820831
0.197197041866
0.360531835281
0.746811392356
0.291010275314
0.590268742823
0.510763824651
0.282608741289
0.303449968124
0.433966757371
0.639014887483
0.438916948108
0.472398448446
0.520774254786
0.600735811727
0.612626277375
0.329583112462
0.610086173022
0.388894644829
0.196313208025
0.287542543162
0.501543407962
0.3690373651
0.621785178742
0.515340543796
0.228244862594
0.3121837017
0.454480022834
0.674733651577
0.600615167896
0.356204487973
0.292074801096
0.681706607474
0.567582627252
0.539226095038
0.357180131795
0.543378474512
0.660109202335
0.440122485936
0.317051434363
0.394567334746
0.452889540064
0.516623748259
0.37032273479
0.585324400816
0.467498182924
0.323178809725
0.40713513512
0.506832548889
0.451054331997
0.564974778332
0.536952344082
0.599729033625
0.568002993775
0.478038774391
0.37960474528
0.450043588863
0.516644955266
0.559779748391
0.593108065469
0.42406330811
0.685459115149
0.345160056541
0.402117970088
0.263323772595
0.196809746369
0.535302657337
0.336877524497
0.333429074531
0.488697787489
0.587135519575
0.522184007082
0.507331932294
0.471455501708
0.232392730147
0.628438667649
0.128826614993
0.544006526157
0.313999125221
0.525917489027
0.684316906507
0.455188010552
0.389496740563
0.201042175908
0.485953482421
0.454130300459
0.487045254181
0.359782786503
0.578255974149
0.744135108499
0.422866759173
0.490815982622
0.484708518093
0.492388148536
0.457936445681
0.35729649534
0.58464833482
0.410951635259
0.432292961992
0.411082201071
0.258698260149
0.251276073644
0.351557720201
0.143290059958
0.513351683284
0.284619685234
0.277806983297
0.317353649432
0.0329943177189
0.127526637425
0.431331100663
0.424821346062
0.632517936287
0.371943832925
0.526275018001
0.499386684703
0.291441134735
0.440656881721
0.526957831593
0.430592338725
0.312900229655
0.307437694719
0.407501421619
0.329824067131
0.276559012672
0.343388632092
0.305913129359
0.427224794991
0.0748226307649
0.46005631724
0.399103224737
0.638991352941
0.460797414593
0.437554430792
0.427218132159
0.28793263722
0.457031187961
0.352391940832
0.357635957583
0.374418279254
0.39993139742
0.147763523716
0.488757282702
0.400306306725
0.538585396296
0.46596120206
0.456768928741
0.5594523685
0.477366215545
0.540025597688
0.511526440246
0.614482547401
0.393577210091
0.371301386657
0.416090584507
0.396582661891
0.268701048233
0.565491442679
0.259455855003
0.354236778251
0.419247526888
0.577664998044
0.36654978538
0.364937652883
0.407507604984
0.401308185222
0.180205307672
0.459273276224
0.338294491738
0.0834974025266
0.132258953435
0.497898546805
0.532434133134
0.46049679772
0.398069887986
0.228125517973
0.294248962753
0.570405585616
0.436209910505
0.448763662502
0.50126723511
0.0784543520805
0.364120988216
0.594258855096
0.537982230474
0.316700113818
0.378613758602
0.455220689151
0.481844252041
0.438311797009
0.372782110805
0.350704385893
0.158512802859
0.378518469818
0.400038218369
0.247753126105
0.0491241406946
0.503794808283
0.32684498923
0.563334950648
0.292937499039
0.511656495776
0.313260621723
0.19978737441
0.451912340425
0.60606598758
0.44828073624
0.401724933293
0.192951324002
0.220798874173
0.0280409592431
0.552687989871
0.311024153647
0.5291663501
0.420996044631
0.287306436771
0.492675017971
0.314220743209
0.162457024291
0.13293888473
0.424594065259
0.373129786171
0.392439624664
0.0665871472539
0.399219996543
0.0596595045703
0.264751117435
0.310306508659
0.277665806439
0.211226961821
0.300310398256
0.251756107664
0.265575189933
0.181662505068
0.0836138422186
0.384873928511
0.106393208006
0.30955353044
0.446734671212
0.214769931376
0.300895310775
0.343261915902
0.286168468268
0.431566580845
0.46687645337
0.232803449395
0.109640492878
0.266178442411
0.320502428059
0.539754732044
0.482845121488
0.217955786541
0.356608310306
0.178695940471
0.389088060363
0.216762489332
0.350849248231
0.0338264670542
0.0613181793679
0.379996082632
0.25760962296
0.297873585239
0.300622865218
0.458017382238
0.305451592959
0.403593706465
0.213312462528
0.407352031199
0.102997162259
0.0941002503723
0.0805345691052
0.081986664146
0.449279054566
0.251102140794
0.0123875741146
0.104042959159
0.0
0.168009525535
0.451176544949
0.389494031776
0.51731402469
0.238419427269
0.246577250526
0.130375462573
0.304370928306
0.1150497943
0.0420476117575
0.521848055308
0.105735755799
0.161058038582
0.0113426262429
0.309199639215
0.36600648733
0.242462319939
0.355608982998
0.328238409416
0.315856832496
0.033592573417
0.167198314747
0.514120334383
0.289390709298
0.0235216324518
0.164961639268
0.109882936605
0.327128935517
0.336714962726
0.416848585454
0.0817779562271
0.199629079297
0.0379591146694
0.21409507836
0.30995007901
0.11915429119
0.311588932063
0.35781239779
0.175786223018
0.42827992054
0.318926773064
0.115591839555
0.24936438662
0.240688326554
0.03959738548
0.277163410076
0.313097346408
0.101339963618
0.198673539822
0.150675386032
0.421920769326
0.163818896406
0.171460678703
0.148942915531
0.0858491304288
0.188022136193
0.189682855291
0.288560249482
0.442783341947
0.139885927694
0.184616463126
0.443849821026
0.436366334856
0.291416566723
0.250292983485
0.294125931687
0.105522608325
0.261049475783
0.28337635401
0.182518469828
0.108179027587
0.0397877698793
0.545126254647
0.432933746661
0.667011268224
0.0811754253283
0.0407720708119
0.238538339114
0.374076078303
0.263328000964
0.390741958867
0.0946844626891
0.27845360978
0.396729919425
0.0820502241841
0.123390667289
0.249333165565
0.503668424996
0.149700348203
0.27060636105
0.276489654812
0.513026927068
0.142158154296
0.276904112509
0.156174979601
0.344368263799
0.0437405699307
0.204923658503
0.187674830433
0.137703769808
0.354481066858
0.322859082364
0.312954750123
0.285961123254
0.313328368606
0.18133393991
0.12976564364
0.32412425575
0.193193137217
0.271753747535
0.261898021495
0.134973310718
0.087242488328
0.153949038396
0.333852177908
0.270257802727
0.352033042913
0.471203017592
0.293261638011
0.0605976712886
0.2209998216
0.41963610031
0.311264745142
0.348458090978
0.116824674406
0.127777208181
0.187813971137
0.228990351779
0.170564922949
0.330066452565
0.288915659473
0.0641583325737
0.365618266198
0.359499092274
0.34371070388
0.196442664012
0.142331708162
0.408641078282
0.272210660816
0.366641744755
0.12882766496
0.326940322571
0.556053960795
0.369982913212
0.399960211835
0.337847972642
0.222319898929
0.241838377234
0.0538225163627
0.479368545052
0.156486413049
0.103663608619
0.292771502721
0.144777744598
0.217542827642
0.398298481474
0.364450455993
0.413718158101
0.454031576933
0.296299596269
0.281850355735
0.101942963107
0.486659599354
0.327307958779
0.269795264465
0.279102522569
0.26126128593
0.0890175674934
0.468184512829
0.514123129895
0.393030512277
0.242161501647
0.465408981509
0.44031476901
0.472906100899
0.512067468658
0.377654356145
0.397889884502
0.407564868689
0.249432124192
0.29719238275
0.412770679866
0.102533320011
0.323580294886
0.480407476121
0.477634939593
0.457686872499
0.295831720263
0.451470531811
0.432550131816
0.406758491496
0.238045254668
0.355117762707
0.110425927505
0.348444581516
0.38269640506
0.312776553458
0.21634362171
0.157754401524
0.112207390709
0.462150863304
0.027864179374
0.363652471662
0.0775441671251
0.169335868937
0.16613108332
0.19091398721
0.0581265032279
0.114437886975
0.241218319293
0.190278809402
0.151715846797
0.100739754665
0.164996293394
0.280487993977
0.317691882889
0.0823662553974
0.194026173119
0.186951088609
0.343879823239
0.42275271359
0.221191654112
0.375432635529
0.168617225735
0.431019341474
0.305186609939
0.492714672192
0.468367270734
0.273334340255
0.302796332491
0.295417103746
0.181965084248
0.357785934309
0.180368576806
0.0975935952941
0.0942524957044
0.107725863167
0.406543563062
0.375451647832
0.412412540162
0.351923090375
0.0
0.170337720029
0.305374189388
0.0946422382557
0.250915652605
0.0550069835496
0.186338441385
0.356431267448
0.259998582243
0.197580194399
0.299071926391
0.191846684861
0.249750256753
0.314757702558
0.285701714622
0.0993617846969
0.357270261955
0.0924065679158
0.378062293898
0.335178549376
0.310294268712
0.209982917815
0.153796375462
0.289569009449
0.0
0.0301819681615
0.711802727915
0.264567357042
0.589817003746
0.141146296298
0.249872705623
0.376369191297
0.364726240169
0.466171551786
0.140113084903
0.53678831539
0.294911990451
0.164417024014
0.580037245454
0.327259896022
0.378008251471
0.067008420972
0.304699429824
0.234735556418
0.381884153172
0.405530832865
0.260565064799
0.693640184398
0.447371690508
0.30604894847
0.33906033851
0.13779232427
0.136615278757
0.113145246114
0.104780473871
0.256528078311
0.226755670825
0.381318415822
0.392493945128
0.0366192750522
0.210092826097
0.356514766023
0.153105946907
0.225833870946
0.184870574811
0.339599207384
0.171423911314
0.115853119117
0.0408476406586
0.369173043115
0.0675604952119
0.0985342828173
0.447039440476
0.121921117929
0.041796269061
0.0646047540471
0.258909138436
0.364150224149
0.324441863611
0.422388383236
0.145833333333
0.251048573873
0.125928967453
0.294941384635
0.306371083603
0.184500580607
0.072781388991
0.0123875741146
0.116664201513
0.160863883941
0.178978466233
0.0385069753062
0.413488399546
0.14818818164
0.0373467695217
0.0545263642508
0.047661282616
0.274632724459
0.214193058138
0.232170975904
0.431821098519
0.322783314637
0.0
0.377385939006
0.279376227709
0.160854295317
0.163807254076
0.457518304775
0.190745264217
0.0828534872853
0.356817695877
0.234105059106
0.0688334806867
0.173363915801
0.0991534794868
0.0416666666667
0.247936965199
0.520847766993
0.289781721443
0.240331610529
0.55021525436
0.331578864324
0.208248971509
0.157252341476
0.377579509699
0.407022888346
0.1523438354
0.451788171771
0.655462669024
0.39711488639
0.294445098184
0.418565168187
0.267676108172
0.516418405561
0.193549267616
0.154266219135
0.645214862048
0.193004661649
0.453811828718
0.525147040874
0.567844205099
0.402430693238
0.149968517983
0.184766232548
0.17008729999
0.121069189519
0.168723198734
0.277104489887
0.185061223042
0.331263209785
0.246901142223
0.292561189527
0.640829910118
0.578816586904
0.303783343334
0.351028844405
0.175685700299
0.245888592627
0.308514165726
0.597982158089
0.217751680048
0.148972669606
0.553499060386
0.316348153983
0.185786924232
0.332133692979
0.218331508028
0.274600056763
0.177137177738
0.348280705914
0.281619895632
0.24329151688
0.120101675986
0.192292292075
0.349374991679
0.0760345737301
0.209145654188
0.217003386148
0.163834483151
0.153104573374
0.365928874782
0.347114280348
0.47782179382
0.423356791335
0.0361040017319
0.435655782142
0.0405547190306
0.123560568094
0.17858732837
0.235067564838
0.0
0.31840767129
0.466389749583
0.253603150675
0.452085500887
0.329571997606
0.0278557424671
0.0
0.040199188864
0.0750175727424
0.254545061992
0.0951920643549
0.183733567001
0.295811353516
0.167866097706
0.193252347804
0.513052036371
0.102691629836
0.484119994648
0.450969569724
0.433979049861
0.0371627223438
0.324565014045
0.233138742484
0.176998789796
0.280898578806
0.228808597684
0.231715547731
0.529610196833
0.228922128588
0.193301176545
0.115338671851
0.332262720657
0.132200232404
0.141531441626
0.502350243684
0.454201364633
0.407016767158
0.152982741375
0.171750029302
0.390063710677
0.305069441641
0.184752851002
0.3920203849
0.080889201355
0.49175469922
0.321564937413
0.125762600486
0.323420159846
0.101960684657
0.136460101914
0.177509629285
0.318805754417
0.22228036878
0.243112948872
0.473210990467
0.343763877139
0.0
0.34725156898
0.0884628734661
0.195455284444
0.351913986297
0.035771705491
0.552233289521
0.371598713376
0.253068087614
0.315037112782
0.226013873658
0.426960448554
0.1652360515
0.143813633645
0.407949715399
0.0407869173387
0.124986356665
0.191144106685
0.291042468611
0.40206961226
0.317613676152
0.220563279758
0.219731865171
0.448704751628
0.321837537494
0.239390292488
0.268875312624
0.336076500496
0.251018437952
0.450608727074
0.0133113146718
0.112576401748
0.193826168749
0.369700031112
0.170820557267
0.227871148827
0.115190813718
0.320389228011
0.464558925152
0.225175015943
0.268322863968
0.264625007796
0.306716439823
0.119555153604
0.44261323271
0.239447917081
0.294724605965
0.254465373695
0.271564301669
0.196914005073
0.190969192762
0.404538969838
0.24400617927
0.0484451075448
0.313313635705
0.158094910703
0.159219391926
0.492401895867
