0.587623147244
0.711392156003
0.435592633589
0.552887550014
0.294273124828
0.180215643951
0.605726124881
0.28321327076
0.463105701754
0.359961848653
0.332914905621
0.348095461911
0.350848711014
0.207640063809
0.593973560947
0.394583171579
0.241628392432
0.218688495385
0.499543944812
0.20344752983
0.232873781683
0.506680367636
0.365287166403
0.041796269061
0.292174924103
0.140301387644
0.33269748575
0.200863538384
0.444220885861
0.342070429284
0.35697559813
0.207646646912
0.199923750846
0.120874963647
0.531524989372
0.401854217223
0.362142389379
0.259729991633
0.0201045040372
0.290563780388
0.207210205092
0.429240934391
0.0858492307979
0.564499695219
0.0853066811181
0.264854179706
0.223318200656
0.517542753577
0.617797718715
0.420137088413
0.139265009679
0.506933765854
0.33905979795
0.240209569315
0.0441849131441
0.116508926686
0.110675159321
0.510251694476
0.305028496743
0.178725492641
0.217315199905
0.0497918440476
0.33737757008
0.430072042058
0.348900601214
0.256683611268
0.0783573438104
0.164043638413
0.00481249309369
0.41371427233
0.498101205687
0.109615350663
0.122068224161
0.335449719242
0.487558527226
0.368463116641
0.330280484496
0.4032086971
0.0498583803384
0.499075919676
0.419856270004
0.452572237201
0.480729780724
0.451588116191
0.649028057544
0.0038320775122
0.46104219584
0.445800415626
0.558818283657
0.0175186753178
0.225188019626
0.2136861706
0.0616692460246
0.438502191449
0.311701880131
0.09375
0.56353818323
0.127263615259
0.324218105446
0.217227737569
0.388834984951
0.227412360822
0.163319444865
0.341864815874
0.327086424186
0.376210500253
0.378737773614
0.173577033822
0.318953449825
0.283015002049
0.287476134943
0.476944554319
0.196366183994
0.445576682477
0.338805175157
0.238779597614
0.368012367596
0.332174480228
0.208332503483
0.400299349967
0.373083086841
0.315240816123
0.211199195213
0.531182690797
0.270962642292
0.336291192939
0.491201246493
0.541083458171
0.343573728908
0.425300157132
0.0950730886205
0.392233221378
0.346294225027
0.258551486297
0.0842537994221
0.0608426709922
0.265711852725
0.375345614835
0.369471274658
0.322664098896
0.0
0.428484455756
0.354215441774
0.289039729337
0.392706093108
0.433806128088
0.408863177726
0.263107098232
0.0375600993175
0.133161881008
0.536231710421
0.335331974691
0.294528899888
0.135858461791
0.350983744364
0.159263107749
0.102553454819
0.337690360696
0.167532433991
0.541217441484
0.225507440074
0.372798814254
0.353392761771
0.368963762857
0.105836609211
0.325127119038
0.313334847622
0.366073239845
0.411227496297
0.0830169574678
0.317457964004
0.43235515999
0.166679204295
0.0828035077148
0.0378600943836
0.232922965848
0.168883997372
0.512977493187
0.302091420794
0.0958196133207
0.11466682642
0.103964855579
0.221017789315
0.374389934232
0.0962831010347
0.0471344625782
0.281672850735
0.273752882878
0.275361240043
0.265234500722
0.380340332964
0.184161598897
0.363489966697
0.441016319679
0.362501713477
0.242083974224
0.214874268676
0.543756220301
0.203302195186
0.222104505828
0.242964619434
0.0312853305098
0.267874496394
0.487227401247
0.371167137832
0.499541844977
0.197346702102
0.195818576834
0.241378290745
0.124405014666
0.376386147585
0.0930146709599
0.407340314335
0.313726709567
0.276659844315
0.267366732905
0.528259078471
0.280240788987
0.268664205817
0.213981846121
0.183697955197
0.145496600893
0.408152098926
0.370795108624
0.472863590807
0.269171843796
0.128026416007
0.530016700541
0.354242222091
0.288360865966
0.098409883022
0.129903828722
0.426154122022
0.232600955111
0.31794465423
0.250736741592
0.497893148962
0.365355899817
0.205312345076
0.25686117121
0.09226372063
0.118278539675
0.0497687419103
0.0
0.309344593362
0.370427761529
0.342957420503
0.484647873261
0.429398868056
0.368251767641
0.331959255982
0.0364288273929
0.415446034974
0.0412342674774
0.041139036594
0.67187272674
0.116049762995
0.257678136806
0.712457340331
0.1469626707
0.172503488916
0.204661700783
0.293721120522
0.219931527069
0.310353000864
0.507291927346
0.505405243534
0.235473879128
0.03125
0.25891548718
0.208982972056
0.371371973995
0.823644377533
0.122290998748
0.116001408237
0.510554347157
0.186716220751
0.378044674288
0.18041317025
0.0442796646918
0.345440581567
0.67619252395
0.514477724359
0.412878457959
0.278822812741
0.0417094043535
0.378729873932
0.586917322755
0.398987708889
0.403571119677
0.056174367262
0.177751825191
0.576069372965
0.0251868136102
0.0501053524541
0.0925749093681
0.0736040872108
0.612801332704
0.0987085146625
0.446176641825
0.040199188864
0.418213378221
0.207291373284
0.484863112933
0.00322238024299
0.235909581197
0.0707135752705
0.196602369175
0.236969581477
0.350677094731
0.0
0.0849105692623
0.188403298606
0.150471402284
0.310315751466
0.320710717069
0.260412683824
0.468730075777
0.41021737841
0.0433233566427
0.190612226645
0.358646288843
0.328766045311
0.117058653246
0.705594903591
0.809674173509
0.384844707029
0.456066075125
0.422383115416
0.0193342814579
0.125151565113
0.326595174894
0.0720574143455
0.096500304161
0.395133154475
0.206499524137
0.208628276698
0.0
0.415294506385
0.220133184829
0.0695242095093
0.634924573822
0.136898720032
0.26258833599
0.0984531878232
0.30600582884
0.0387585893822
0.149481051558
0.757168291386
0.401260138107
0.416427231042
0.413514965818
0.25014408766
0.305466738274
0.424683562112
0.245245783468
0.647200650829
0.403739273602
0.230982366284
0.504737232649
0.342391304063
0.306603709921
0.0937896804838
0.487692867537
0.654787715661
0.232305173594
0.542697755651
0.254505992402
0.154584212066
0.468766670484
0.267753310592
0.226626392094
0.475030650805
0.320171528927
0.336055427225
0.324523983219
0.171726224283
0.281144257696
0.502289450969
0.233606474987
0.588640947256
0.425283762467
0.431928889559
0.221895112581
0.0576610179025
0.110050254747
0.333353678358
0.466684596157
0.0794236632907
0.407097048138
0.456449801963
0.529642906289
0.171398038521
0.300367304951
0.382384553112
0.440222134363
0.138101789022
0.135967155549
0.118464244124
0.0237448651766
0.596757178848
0.39943918439
0.46260553934
0.0933450059293
0.25984439975
0.380181489696
0.257437119161
0.310697875191
0.465438805816
0.193494913699
0.389776290887
0.825215906061
0.169250807163
0.52104754077
0.416931723883
0.493307479449
0.42621778925
0.255821574142
0.332729734799
0.372822432863
0.21733624479
0.77841950191
0.349291229942
0.331372130913
0.0562846822781
0.394165468812
0.0813558321154
0.719860316396
0.0944318615523
0.334704101302
0.383828519538
0.427912697368
0.314675835051
0.121275689932
0.219541156873
0.590122053221
0.364534707707
0.168091841071
0.219496519318
0.476355604902
0.294034498013
0.203780657674
0.311630263015
0.407487190193
0.344112307106
0.35505523647
0.294960823615
0.339497014307
0.304647065224
0.276759098125
0.133297816406
0.0966910589988
0.345528864457
0.476060112535
0.432322049086
0.286529998223
0.242557733695
0.167991377349
0.283643760048
0.00559671839491
0.474536004253
0.359567403899
0.520477566878
0.183037510032
0.274532359794
0.349377434081
0.572581320982
0.530404927768
0.116897271367
0.28770051026
0.10251606768
0.258871633827
0.211288897914
0.36597757635
0.453167638879
0.55495598864
0.0298220053869
0.652700705463
0.316626518786
0.221802868528
0.121404145693
0.488090148076
0.192948221483
0.101037712835
0.402010780565
0.263487111595
0.0443163604536
0.289842626452
0.373894832446
0.185283426914
0.0816856691716
0.469568941686
0.426862420492
0.165775670291
0.392154831082
0.426257803113
0.389508449543
0.523885373781
0.38479073069
0.550788399454
0.283675405282
0.202491783044
0.388771228973
0.0
0.728747364255
0.0442820638136
0.200578125571
0.332973948306
0.160813494844
0.120580997962
0.37994045696
0.367227445608
0.281955998025
0.446656179638
0.433379144231
0.12717590279
0.243710522576
0.667054001715
0.0707648379669
0.109285592387
0.385553001959
0.306062828968
0.640814305823
0.299055674572
0.16187172154
0.379361645167
0.0659239898851
0.10013203908
0.565207423116
0.322338111502
0.148005696066
0.308053520059
0.326242566176
0.287621847556
0.143140806329
0.168363482303
0.355420650486
0.569248172074
0.0403606063481
0.0882826093228
0.322997312287
0.25779349741
0.0
0.069556327912
0.118099507478
0.567656398575
0.308839549078
0.468569227635
0.0857170924764
0.250103559845
0.207473445545
0.744250657758
0.216516731634
0.33533914152
0.26451720291
0.312484456318
0.344775580585
0.297111469218
0.370213642871
0.365627646649
0.461200806392
0.270414310645
0.0
0.317632278211
0.0550515487706
0.242732191128
0.148772967815
0.201472480076
0.170970736644
0.334453243106
0.304156237786
0.232628191471
0.299085265166
0.0813216672511
0.13093653326
0.407748019582
0.2192779885
0.274278220065
0.0679215276559
0.0497718014373
0.0297215620636
0.00531280684889
0.627532071351
0.251870467086
0.30063011845
0.104368855235
0.225252158462
0.779062780523
0.510949397922
0.446814393709
0.148766631132
0.270704908183
0.29706835058
0.0899642264539
0.313887121425
0.348982402677
0.200040131665
0.19768602378
0.328234561609
0.390159682687
0.369725024531
0.266067584711
0.150718021555
0.490622689525
0.313265321154
0.344438629297
0.302432668605
0.223036457457
0.15196245519
0.178866184777
0.205054031967
0.0441677392428
0.271485683987
0.237535646257
0.0578188282976
0.485011194777
0.187864279833
0.0881080379084
0.194827347068
0.298856068202
0.216849234437
0.582197255098
0.0341849810821
0.540942962206
0.309130136485
0.40834610218
0.0899811266482
0.162183284866
0.154194501083
0.0300514890958
0.467905315131
0.180370518955
0.100358225898
0.255327141062
0.146081467097
0.268085943306
0.363835702733
0.219905743801
0.341906608325
0.232634494815
0.308028553453
0.287485652495
0.259919856269
0.427377551072
0.276657370863
0.108717173282
0.175411642855
0.257128404709
0.357217995211
0.291223289417
0.475511106253
0.0635958403976
0.512859695223
0.300583883631
0.527048256148
0.359407737213
0.32834192543
0.127551491694
0.264150183422
0.130923999911
0.0700816054652
0.131678055158
0.148861321123
0.337452768967
0.0949834893897
0.496960068472
0.287420678475
0.255728526283
0.385336991909
0.362965203606
0.138338667459
0.530071593452
0.326310996291
0.198621408167
0.358590971608
0.0280348638723
0.177916818335
0.16741805405
0.275455832436
0.21302793135
0.218048257799
0.194989899726
0.103356943394
0.0765221840091
0.189166459956
0.0916281704077
0.107713489641
0.176231342038
0.217718305008
0.484379627173
0.46952704094
0.0307892135333
0.309557759002
0.212830887874
0.0498909185701
0.231296126382
0.364066312982
0.0
0.261303005896
0.0173685476901
0.328762410233
0.0436079440638
0.0251567113147
0.0729210953626
0.0117154442748
0.172826578803
0.0918908593209
0.164601538324
0.262383644568
0.0754102226081
0.144986188123
0.177595610384
0.09865941921
0.184242028223
0.0750323205997
0.542025575671
0.378125016908
0.223763500977
0.262425771591
0.0511789321791
0.352042380721
0.244958615365
0.144558168382
0.345530681516
0.0636909217888
0.168577297367
0.328358858498
0.269417474707
0.0385507536088
0.258951560473
0.424726540142
0.397990194681
0.264193081753
0.0970032975792
0.241755639752
0.448500582284
0.426230158837
0.36573829196
0.13168264717
0.437413958201
0.553852666693
0.473792603891
0.0961858294313
0.274696377033
0.359107125021
0.421966753769
0.260920288637
0.0166742927178
0.293667960058
0.336476706601
0.539743670599
0.285925022083
0.306453921047
0.263795762539
0.195224867008
0.331208511186
0.113126027481
0.461058604924
0.440370872527
0.277074107586
0.121070754043
0.36319469185
0.157742085682
0.145847033967
0.0488927803006
0.0
0.196389654064
0.189569774238
0.29028174249
0.437247329746
0.390829240376
0.250416665639
0.0364832329016
0.400134436494
0.275329906107
0.30626963507
0.382104470001
0.251731625571
0.375541710509
0.150603603278
0.33710663152
0.280759720463
0.316746273875
0.491939573447
0.447664775332
0.30682454536
0.325211240512
0.073490620462
0.463258952597
0.203789929665
0.357266167052
0.0693396555274
0.343295315651
0.626647694315
0.299960977804
0.29431653182
0.569599346677
0.17759262678
0.033439713155
0.266333065633
0.218682735413
0.029259334058
0.366266047467
0.405722686396
0.561897762939
0.287330939642
0.314164236626
0.438992545843
0.487067462605
0.37760134777
0.30910024165
0.372118292963
0.554947387464
0.166526241781
0.273317308999
0.257047982297
0.320627779689
0.510908643723
0.120864363494
0.19078227113
0.239202067941
0.224134245766
0.342559745709
0.195442135663
0.0701747148337
0.353834853258
0.273246933543
0.444359876182
0.248817325188
0.311668308416
0.45546691476
0.216702936257
0.372242569214
0.166412355058
0.620820437478
0.457622388878
0.388365361144
0.0263710152676
0.302581422542
0.19368819733
0.130715048043
0.101368542745
0.194186363213
0.220374682562
0.116404583326
0.298375575368
0.330516163615
0.183426613282
0.273943955148
0.154637231847
0.322785244985
0.187951047775
0.334711814376
0.489750186603
0.17417543834
0.244586714499
0.349408670378
0.2156338118
0.558712461545
0.481647229796
0.143351630816
0.508948008888
0.0664078393747
0.21788191556
0.10306307997
0.0764026775374
0.304544509438
0.12650587912
0.339439602542
0.229501853044
0.152854778099
0.149920024435
0.742456271906
0.34458675403
0.299953443032
0.0612889554892
0.080678960494
0.841992228708
0.254972170601
0.0370373038768
0.454865166216
0.367230038535
0.0398575471677
0.161548245197
0.113131856017
0.525459127546
0.190144810955
0.0749580400241
0.232675483954
0.0892468402599
0.0280163643826
0.143599639427
0.0955607690956
0.343320750498
0.100385071902
0.162484228794
0.311798349828
0.25325696998
0.106970669252
0.0866724867597
0.330560971729
0.217155548059
0.478763673495
0.059634297283
0.0735700433025
0.119858131664
0.33010805917
0.19042721331
0.116247579164
0.101470527341
0.156033887421
0.132822518021
0.309141308044
0.0176718278639
0.1094318322
0.0758664467883
0.390382431436
0.116454122061
0.150716262724
0.0597370370258
0.221290666453
0.0
0.154600858903
0.10613975763
0.402391671451
0.0885337646173
0.192539505482
0.078693046691
0.0341194161489
0.4224113949
0.273576007113
0.9375
0.30600582884
0.440718554402
0.339403798632
0.307384113649
0.111006323873
0.0589243646639
0.203879068256
0.326318083756
0.503536878272
0.375553645901
0.101433574061
0.427424663335
0.25975503332
0.391138672789
0.0441716343842
0.041796269061
0.352549009125
0.0387303199888
0.177482382598
0.22690289268
0.133897720207
0.281639735451
0.159151917959
0.213700879849
0.103386072981
0.578564391918
0.23607668741
0.158897842438
0.0787611882504
0.480278369846
0.0
0.134533505233
0.305742477147
0.360857183486
0.575012074026
0.224628465952
0.273334340255
0.334872527733
0.254935961025
0.281384053018
0.108779704959
0.589495061195
0.0877309072498
0.525634244735
0.446569047579
0.0599088164723
0.302687091203
0.310249492028
0.0483373587506
0.19572849858
0.111077328491
0.227989510691
0.425196430225
0.316373833828
0.18388621927
0.390083367324
0.131892497126
0.123999531029
0.0280212280691
0.0745660266908
0.0255240650536
0.31363803604
0.100329410687
0.309443517372
0.0849154473068
0.270754605804
0.525636559851
0.369355016439
0.0404992050439
0.0964318297997
0.35783632159
0.3392598856
0.0963909440399
0.0665671560833
0.16154709133
0.194202601257
0.119054068203
0.0147313912747
0.215673056584
0.112348450448
0.139328412769
0.10093530294
0.0416466198612
0.118261538125
0.153432908412
0.0358289870291
0.26315770351
0.121341316922
0.601307784739
0.169490847334
0.0873099788703
0.133347244599
0.103793366916
0.2474895476
0.0919809083244
0.317063245668
0.0108923975781
0.0936637476644
0.0891825174138
0.189005186772
0.181294502056
0.204404390566
0.0937598024217
0.214757205029
0.281732334158
0.462258508044
0.240405413845
0.350366592694
0.192372078663
0.0384242595595
0.160073662414
0.0544744468122
0.0956876092494
0.14406666357
0.213246069791
0.174716591985
0.209108478297
0.251256259902
0.0588111631031
0.265913938258
0.399708853055
0.139395331673
0.306398758454
0.279271285488
0.0542609764752
0.142035387749
0.35405988012
0.254173120567
0.149509941534
0.114061052557
0.237688550755
0.0994152957153
0.215379875108
0.0416662147862
0.0352225008684
0.261448889509
0.287717317052
0.259098167602
0.0830202773799
0.151580797019
0.151203160108
0.293878040148
0.0603690646464
0.124882758784
0.254618044686
0.230403211983
0.369322729322
0.106754686271
0.111485776194
0.0620882652761
0.189752163725
0.172920324289
0.180034050037
0.0673693810075
0.0966872889406
0.201700892386
0.252765051625
0.0770651714296
0.170559883113
0.216681713762
0.0550595712314
0.0899884085385
0.100892420446
0.103774004552
0.158546433449
0.0846111588439
0.363429967977
0.214081995558
0.0557033263934
0.0716207440923
0.232792680116
0.162414136398
0.165240922716
0.118457333213
0.207619659108
0.0992898029056
0.218065929498
0.371032329929
0.100624187655
0.12906672029
0.326103642491
0.348674414022
0.251175507204
0.320983836158
0.113958632426
0.298768095172
0.226837679555
0.416637080947
0.142428380078
0.045087861941
0.13060422114
0.122096993306
0.256909689145
0.0342094492023
0.330005402579
0.032854708767
0.31853597957
0.27640436102
0.159316697615
0.0696052970931
0.107734533035
0.129883046139
0.0484983897307
0.00291174924395
0.198941901263
0.299509501867
0.0388283390678
0.17072452076
0.0761806680421
0.175208756949
0.249337562736
0.359480771495
0.103894518265
0.326791883574
0.13716489305
0.250363182141
0.186622255348
0.10105990525
0.0808532796206
0.277671102902
0.372278676451
0.0708885903615
0.252930881436
0.106806120515
0.0425640518303
0.234311591123
0.161743592214
0.276530051648
0.249867411524
0.108709588788
0.196705012737
0.0527682613612
0.136467954787
0.266802458086
0.188171995353
0.170397176572
0.137413165533
0.172857628567
0.0386392451395
0.0851268901117
0.209563670646
0.0910048334325
0.325903702968
0.259933157756
0.267134567911
0.074016808872
0.231711691385
0.0358337852875
0.141315698988
0.126157474449
0.270202089352
0.518545540539
0.14065242519
0.0756893280768
0.0368284781868
0.430522750504
0.0469418107857
0.331070415344
0.295768271613
0.213831507408
0.257975835621
0.109744057983
0.30337580678
0.432096891767
0.327076280723
0.23974008054
0.313813775181
0.385363118143
0.383052136918
0.153779958771
0.34278212822
0.508061463306
0.241201314553
0.20333165041
0.0328308385187
0.157868875589
0.343646738308
0.146251752592
0.293925069881
0.273310895423
0.101997555462
0.294199992548
0.380175894354
0.28723674587
0.563798724595
0.449883652014
0.268601019848
0.306803631723
0.28899465485
0.226447124644
0.42049733414
0.68563222986
0.324038110272
0.412275456994
0.286594259701
0.382264252355
0.136855505647
0.0805605358182
0.0867822316856
0.152349687541
0.585465970707
0.161765638877
0.13471510789
0.0842106864237
0.287608371856
0.340926183928
0.123332088184
0.16074131144
0.368949616305
0.364497826679
0.253570678194
0.0764037515101
0.102821464942
0.476268259314
0.396132232014
0.435739630206
0.0582434644684
0.237229993101
0.30699192762
0.246618275408
0.125036760263
0.246811976605
0.244173584757
0.171487879444
0.0562378193373
0.302783840243
0.189325425767
0.0859500642241
0.153320249436
0.145601152705
0.262552376485
0.0415101060801
0.334678773118
0.0460086310858
0.271850912188
0.307727644753
0.20025030821
0.2349483787
0.274802269316
0.0973985365493
0.382295370734
0.366568238754
0.241724220679
0.0367591005317
0.14793061168
0.162426510928
0.162417127634
0.203856272205
0.42785981494
0.211339694211
0.225475245023
0.359584971285
0.158490236351
0.31459782775
0.456462771513
0.383658510076
0.0747031073368
0.207517764555
0.0304096858532
0.138982415922
0.309330479699
0.444866687569
0.172011881507
0.275840758424
0.334432452276
0.308447489358
0.131804540115
0.683441188826
0.388572258169
0.420434201062
0.155637421616
0.0965490603014
0.0
0.303851218329
0.297325251013
0.105139113654
0.470364114567
0.259603998595
0.204162549022
0.285299770161
0.193209761484
0.116839749498
0.242557988976
0.146572244809
0.219557774664
0.281680660046
0.452879423333
0.103608078574
0.322574102374
0.24137655057
0.232090823559
0.156444871457
0.366135152235
0.256763684889
0.370831812581
0.272413887164
0.160670936025
0.404693278464
0.151885815538
0.410451327527
0.0215239691702
0.358249839484
0.0456102707014
0.209887335719
0.268391759724
0.216585958624
0.408808400529
0.481406572409
0.175457847492
0.367231855901
0.342403188859
0.260371691429
0.111065574597
0.185295577862
0.298669151941
0.132423913984
0.086940533098
0.330124908257
0.239892471566
0.289900379682
0.133969423668
0.100107781824
0.127730778657
0.364484821684
0.261163939374
0.268531642188
0.264709939216
0.213043765398
0.140943399216
0.328241363227
0.360130710748
0.384336649524
0.691191462446
0.25454615899
0.212720669515
0.44095259808
0.312448819406
0.139414289032
0.0
0.121817126114
0.0904128319018
0.266801482781
0.294080351764
0.341741436816
0.328786083546
0.247910347303
0.246184014262
0.302950082598
0.151437034292
0.0401840686592
0.264664722583
0.235642621958
0.247099563126
0.331445350339
0.330560308784
0.119868447636
0.0826419615278
0.0376541086015
0.113113592123
0.282875522408
0.363489789764
0.234527527747
0.281078386062
0.108049609082
0.0752098229113
0.264273443254
0.120323944999
0.338907969609
0.364381583123
0.123339981598
0.0426509743096
0.29065655505
0.278642199203
0.273654704943
0.185560585504
0.159029048859
0.169953669693
0.0974952718579
0.432425044249
0.070462277062
0.437254475031
0.169620914745
0.273535149789
0.123232241444
0.390956517705
0.137396058575
0.15666507397
0.214521925919
0.198033539499
0.118111078333
0.0867214890384
0.487145281366
0.328763871458
0.366047820973
0.0919967866815
0.197431478865
0.158129621187
0.104314534497
0.441253189641
0.0338990616947
0.0481677583225
0.161664094518
0.247721303193
0.233293512375
0.037961808658
0.289563165394
0.0932881206017
0.0198554620704
0.298250330427
0.0876424355077
0.0342142144787
0.190854803909
0.0871844253502
0.0377969756136
0.25919401227
0.459957453838
0.174130324553
0.150825608497
0.1106700114
0.0915844628037
0.347941325302
0.0902505491709
0.291022132601
0.39865547565
0.376638104432
0.0930158550421
0.152779314644
0.147988710445
0.418504071936
0.410643858123
0.0546300863385
0.131209795655
0.110272352852
0.116676308633
0.257306229954
0.0898570655432
0.0883966758615
0.268477496736
0.206051164215
0.129875256017
0.246507837162
0.0741533466323
0.0526168454049
0.0764479583523
0.286763542036
0.357471341424
0.232067915182
0.157490735659
0.0
0.600987223766
0.0
0.136438065888
0.408630439796
0.2017024511
0.100427826261
0.17338713468
0.0509738663147
0.0466635082147
0.0310230860252
0.0242763479428
0.0385768610946
0.193540610956
0.0845714967395
0.27254679307
0.0
0.0490142711907
0.0495044414631
0.342723814714
0.323564204777
0.271138826456
0.274848492726
0.0971829513051
0.149242645703
0.0764677210449
0.244950843473
0.323343957378
0.303216479404
0.504023653873
0.0946606835517
0.328126800349
0.134394129011
0.0801793677688
0.429295925345
0.457714315178
0.17760724501
0.430803564856
0.323723296635
0.142056439111
0.161639030061
0.225021756249
0.189496243627
0.106820712725
0.832847743588
0.302920957611
0.0431619466937
0.294989960983
0.179185667627
0.270515962076
0.0623193586182
0.042163122602
0.0991339118662
0.166698228824
0.100531836406
0.154849821336
0.0609834957235
0.0906266076093
0.325273779957
0.45719833215
0.0758091233116
0.175161206863
0.0824478269382
0.0905132830644
0.11861582186
0.0215935007348
0.100751371974
0.244016601828
0.0399339440154
0.210292316282
0.273585326707
0.488534582975
0.0438449460359
0.277951732682
0.0879657138448
0.218627545003
0.147150104608
0.495887757883
0.423243099099
0.197561045195
0.0382140033569
0.0387935022033
0.0721460554232
0.036839272464
0.436736927392
0.603194113494
0.379137724979
0.335040363502
0.317985962208
0.101081565478
0.164164955059
0.549488205544
0.268965051438
0.109249546962
0.446821790529
0.401051912064
0.197328017457
0.143005099725
0.0370811375133
0.354742578552
0.418921271578
0.144838578359
0.197831512389
0.32726062738
0.658864313988
0.156761042448
0.137016413269
0.396569872218
0.426252093887
0.153450229779
0.254478311396
0.0546504498192
0.0
0.18952362099
0.224991492533
0.278770739299
0.399561607866
0.180940023243
0.093846016655
0.136315439402
0.201477798247
0.367492245773
0.117063789696
0.19963970772
0.266512195247
0.121439774817
0.0400140246152
0.356387699195
0.280087684911
0.405486786629
0.496236809265
0.235512528003
0.61872856439
0.384417485362
0.0912992774381
0.591268191141
0.43552345017
0.226939676599
0.0240911241886
0.260752367982
0.336361297341
0.2344347748
0.210391232302
0.473258430234
0.149671008635
0.209818375148
0.143901022032
0.34453370337
0.296316207634
0.345512472145
0.241790053256
0.250033343313
0.257022326956
0.511244344387
0.0944990098448
0.211970352544
0.339603574631
0.124243776303
0.148168090014
0.194978550883
0.173662934223
0.337213049286
0.422210974238
0.27974602057
0.255472614212
0.30342657771
0.0880801318158
0.069933519907
0.0943853012337
0.254635937067
0.102600801064
0.113101551209
0.321021208989
0.435764529933
0.330694091636
0.085976207176
0.221153863577
0.0975496538599
0.363099318346
0.0856796313509
0.381552460639
0.290549440029
0.0849358666486
0.290997911764
0.254635937067
0.478512582894
0.212167833583
0.126481783953
0.225226263233
0.0711842760133
0.0394720737368
0.449040808133
0.547515302728
0.165759863923
0.0955916365946
0.28558712307
0.203232141632
0.305171989173
0.191738752394
0.250287940239
0.188499934164
0.155542364477
0.326431604207
0.108861592302
0.0522713447417
0.0230346837238
0.277374232347
0.142050410288
0.0568303277952
0.257381912694
0.305218402784
0.145888551074
0.0297192078934
0.20006716083
0.171089244545
0.0541479241802
0.302897677324
0.0905179448652
0.292303693093
0.26382560034
0.0911487478523
0.0655751129653
0.260574851446
0.278858937433
0.129616455498
0.0146881133512
0.303370196003
0.252776389818
0.602440130629
0.0713143191147
0.380537304101
0.0
0.395505198451
0.140638483663
0.373874381305
0.177223310536
0.254597208623
0.250973443241
0.39259558807
0.206634191376
0.0865632808798
0.116641513885
0.178685323635
0.220686166016
0.337690360696
0.374096352241
0.20863935619
0.146242096759
0.173846616332
0.171308237588
0.195376170962
0.161253921803
0.224204541986
0.291812943306
0.528305180227
0.449396002405
0.205596502621
0.291064485996
0.110207219921
0.517993197841
0.446573619706
0.472180814151
0.277270556752
0.255963783078
0.679242876375
0.442720850398
0.29833495322
0.584181329323
0.501214352743
0.595258754422
0.196448404131
0.206300896301
0.256944891116
0.139217730219
0.438220609446
0.133445177624
0.112959075796
0.397297632545
0.371518368993
0.169667546962
0.256631373092
0.152255026651
0.301738325564
0.164318753853
0.514295905657
0.283599680914
0.27735994364
0.28500826939
0.222258161294
0.23972389966
0.9375
0.351322115386
0.580375883496
0.421366689566
0.318992809706
0.109514240956
0.0281703119238
0.0842987164956
0.0110200829116
0.375595035777
0.228737724467
0.405424382927
0.317731934723
0.107320888557
0.0778206091819
0.379812279899
0.447189566801
0.256659672094
0.406294102643
0.411619376916
0.374328497796
0.398036060609
0.0952151713194
0.446596639979
0.52696941552
0.439622537558
0.355305957888
0.23441150085
0.584199379075
0.344470507793
0.433867314179
0.338312917053
0.535537527657
0.439498354935
0.262754442359
0.523099970622
0.398525623124
0.115185599945
0.0425928847087
0.117328185344
0.481025523408
0.151742434707
0.0792242052304
0.141255461969
0.318933795498
0.338937627988
0.285022189074
0.309893329743
0.544849965955
0.149702074184
0.352385267537
0.497761632831
0.08984962023
0.55019676467
0.292195700877
0.189746850632
0.562500682886
0.302529324133
0.162876862378
0.220691365504
0.0379511099365
0.363801415076
0.349487374964
0.245343487634
0.225252275598
0.324668184886
0.345317346636
0.484016938786
0.611174512593
0.0921104391866
0.647858770543
0.453429690628
0.37642231734
0.281747565129
0.112557363726
0.344117044997
0.0323435116032
0.125825715676
0.263672958857
0.841600025985
0.196490341616
0.609171603237
0.356708491294
0.390627030143
0.127862941592
0.220022973926
0.0805574564177
0.358203577795
0.489158653852
0.513223584348
0.268903343172
0.0304836830627
0.187137774496
0.56232268652
0.361544985344
0.374022610038
0.16218349047
0.459903487271
0.601407981115
0.449634417958
0.202534194294
0.1608826493
0.306671301363
0.260408829596
0.149541551547
0.103839930795
0.136845790416
0.24499984119
0.0913203495573
0.136845790416
0.24499984119
0.147976046514
0.0357549584374
0.271482849784
0.248170361826
0.197251469712
0.148014682732
0.0831530277499
0.233778903911
0.142467175267
0.13375834115
0.471175364361
0.248666363804
0.342893742449
0.335850036757
0.269563125104
0.358255549867
0.322437032509
0.105674701128
0.0799456928522
0.331534921046
0.260920640568
0.314479196574
0.355616753123
0.238545570889
0.242000425737
0.0794071515559
0.16006290275
0.379543400923
0.110264785707
0.172034464469
0.0354233367373
0.290676766147
0.60722677665
0.168682622277
0.572126903705
0.0780388185419
0.324330495442
0.0400062441731
0.139318108529
0.140083915517
0.208290624098
0.0730952726838
0.526341865076
0.116441206402
0.0771007364964
0.332648247011
0.231969552018
0.161401128722
0.183175367393
0.388416066835
0.169188067825
0.0817196827011
0.243152036362
0.069195693292
0.138459213819
0.0875537437004
0.0351463328244
0.339960462034
0.142541837079
0.0909507166082
0.261636791347
0.13035277602
0.451194179715
0.222726355301
0.117167564803
0.153454676443
0.0725953729893
0.168617765221
0.0419525489825
0.125841190634
0.214673830073
0.120632564527
0.295800862835
0.239114096869
0.219189567915
0.231674407537
0.0566383116951
0.0926313930107
0.170428676282
0.16805064137
0.15854798815
0.142931269109
0.297403872337
0.0403525860669
0.104272360223
0.311113810668
0.287513422468
0.209085392228
0.106963616674
0.17466020052
0.224522481655
0.241370902388
0.307544679475
0.450090895603
0.260606865893
0.357115826181
0.221814975087
0.711672437072
0.292531996781
0.297682154673
0.163388094611
0.277978747647
0.181209014562
0.12678793938
0.221301680295
0.109934817252
0.0484516550174
0.435490973806
0.284622868147
0.211836818615
0.276709125602
0.303572468515
0.143239401753
0.317392064447
0.323932278439
0.499031676899
0.435175270778
0.299864609365
0.279811833367
0.045653928718
0.400612537959
0.144102269043
0.0986542763258
0.282508803852
0.126369115847
0.121432737474
0.5126047744
0.370977596521
0.175998453717
0.145725680799
0.143131527366
0.0739043699724
0.141139617872
0.9375
0.0
0.166701745417
0.191455902665
0.142672530612
0.600262277484
0.48531578169
0.130720389356
0.186545031182
0.397928053106
0.287590770737
0.126812677982
0.176358349647
0.175447330895
0.286604988707
0.318720309543
0.359833944692
0.0189424747019
0.351858853057
0.286336872242
0.353997448246
0.303320594806
0.386029656124
0.600303382802
0.448492123593
0.318344354955
0.0905335343151
0.208166583467
0.0986264905073
0.150696627275
0.32520485407
0.038784299961
0.0313456798453
0.272211292706
0.0641353699395
0.271226093413
0.224817470542
0.329747670872
0.128834238595
0.272000540013
0.537024242746
0.781739584393
0.424480473667
0.423397233925
0.636621610965
0.519239124924
0.210556249945
0.134971492602
0.415072447708
0.210251464251
0.330036432442
0.426598619393
0.447450546809
0.307731174431
0.473076443317
0.437642939318
0.103104729039
0.521011282902
0.223984345307
0.336461123191
0.505999316488
0.402956533249
0.301886887566
0.373951751506
0.17048627902
0.43159503891
0.330478742128
0.411959278321
0.238130564771
0.681335162336
0.430636970281
0.309537660566
0.323066550418
0.375880301163
0.637523140091
0.250213372292
0.458435663889
0.310330359821
0.163791520361
0.588137886851
0.471932756558
0.489883042431
0.224670561955
0.131953968236
0.340019252525
0.17261315207
0.486207177656
0.339733269212
0.45721193172
0.300863788353
0.583812905913
0.0539422277289
0.295586352551
0.300515212003
0.10263622053
0.358752914932
0.360101323111
0.171216736271
0.178184355258
0.251409079819
0.284835008177
0.280436546771
0.217783654558
0.579094613598
0.195694429565
0.277843669142
0.226344083106
0.651024083348
0.349435913509
0.270524365305
0.126316848009
0.105527610249
0.135654443054
0.253828266056
0.628437523129
0.281994022269
0.55429787818
0.356341325164
0.541988386357
0.383169468142
0.172214401413
0.183180030226
0.272591881808
0.275352831892
0.253601232875
0.315345554347
0.48860074274
0.482347780664
0.683027354573
0.330755241019
0.174064652863
0.393278759906
0.12120490829
0.0950958547333
0.135789432084
0.427627977212
0.0697054773778
0.0432928208813
0.460756226781
0.037865925507
0.169143798576
0.330787502386
0.38223352585
0.445951529231
0.274602802273
0.349842516553
0.322441713285
0.296370776559
0.579887226311
0.338654020114
0.497782585867
0.254267322932
0.414990687961
0.413042789635
0.0344467492064
0.117494865177
0.213926751735
0.376314945477
0.21140093115
0.0452411676094
0.037908166232
0.302145676473
0.13618438281
0.234674558808
0.391928961192
0.837925258483
0.379438471642
0.338035419098
0.0397587169751
0.373669108958
0.272208138007
0.337535594713
0.29963973536
0.223700726277
0.499981421886
0.161270863273
0.16777119544
0.385122807544
0.511716948486
0.272488357489
0.333962914183
0.0
0.627653254485
0.00791495505887
0.499843115059
0.134230970702
0.0629098202355
0.474081093938
0.0520833333333
0.359368656005
0.656596464444
0.537132718152
0.516377876648
0.339939818126
0.519694565913
0.380819842719
0.203406598867
0.182394243191
0.328424138565
0.214813755006
0.570579750932
0.402370665844
0.469658232486
0.392935298526
0.354936306803
0.317367515506
0.165906102388
0.306725968975
0.32516983961
0.45212943199
0.511757948155
0.185705472482
0.123422557732
0.1534690222
0.0648708670114
0.466596567115
0.152188870357
0.234398069282
0.404535437616
0.338392921311
0.35854828171
0.314817928009
0.114518577897
0.16164105807
0.162498714424
0.437055114179
0.538475188535
0.499942174271
0.473589710673
0.222497347976
0.455836857466
0.383319001539
0.197552543053
0.0251027107567
0.371206198314
0.330711311809
0.425269264876
0.111127171952
0.226953713813
0.198314828182
0.474022446468
0.206748958248
0.00270968799491
0.0913361357014
0.571698855991
0.325777090081
0.383215486231
0.228638199274
0.338156066915
0.175306587888
0.421438708447
0.407325326594
0.439440530018
0.402122693647
0.155425542687
0.228997809098
0.1545732396
0.43763078008
0.0508046024799
0.362902987103
0.294660380428
0.230201092817
0.256887960346
0.298519872515
0.351071996843
0.318472509271
0.347530668261
0.191100869859
0.27700439128
0.407571590652
0.327453760045
0.441154527684
0.109736542239
0.429927487178
0.29793393227
0.046715981385
0.246489597767
0.0
0.279349503547
0.107578246337
0.254926495008
0.0933404260249
0.146271818691
0.127083846934
0.207930485961
0.341737462125
0.109356553051
0.287158562285
0.386358367255
0.0397721206051
0.147497224815
0.266072651278
0.0624086147746
0.0520833333333
0.1875
0.0
0.269516319943
0.158665645815
0.0273247309482
0.215182713957
0.244140540197
0.393356896239
0.290616025007
0.337030660928
0.165063946625
0.509107089239
0.371188198552
0.398764774902
0.0713903514572
0.413103293627
0.316220374114
0.356756003626
0.459210398813
0.30395095013
0.162228312
0.236422112373
0.100811965259
0.25483786105
0.180910575161
0.297402524872
0.385794328685
0.262245532203
0.517241883151
0.436061529276
0.563054252329
0.473404030734
0.322931366176
0.17639102045
0.129560373897
0.529621744112
0.298500235417
0.424288585165
0.363322848833
0.415472738506
0.177328552923
0.0550331875653
0.206370134188
0.461578820406
0.120891863425
0.0733602798332
0.119852354854
0.230562154779
0.273984049796
0.37861489431
0.0682809078242
0.412658280316
0.35954718237
0.33375570071
0.0769621385897
0.0
0.443405133898
0.326492285834
0.44957624342
0.482050223165
0.366036745964
0.453742782507
0.290969746053
0.355875794335
0.429042804892
0.346034060256
0.283089576194
0.0411246488755
0.261238383309
0.173209720325
0.402330033708
0.208763725139
0.188990768718
0.515467589254
0.308037609478
0.429790409799
0.418904296686
0.513941754994
0.453636460721
0.296919489357
0.323524641985
0.316029772639
0.318035363149
0.419189906468
0.0839605905678
0.270725118527
0.443557557059
0.313747920607
0.281689774652
0.277796720678
0.34978007098
0.457710813716
0.544458105195
0.255551438687
0.689316249962
0.206573643938
0.0
0.224473403605
0.185634401529
0.237209443751
0.307366777672
0.390457547238
0.152581928244
0.167611493441
0.310703874606
0.124318818389
0.322635954588
0.0220706523307
0.097523870323
0.337506105698
0.386476231856
0.0339376085145
0.507556593214
0.309288938487
0.189944303814
0.477794754194
0.278125826057
0.27720944288
0.393483246208
0.364416283841
0.380405857747
0.44488314659
0.602067929404
0.298192688222
0.304217231464
0.27913934233
0.423709453693
0.0294206928678
0.259536878365
0.0959346211247
0.499525577278
0.33814256181
0.386077638257
0.0
0.116693347217
0.341218974556
0.108252831871
0.0324362582098
0.240020732828
0.116327354851
0.259317638766
0.521048093772
0.114740618636
0.0691340811589
0.0860619860358
0.167054277481
0.00619378705731
0.321853007771
0.513230453219
0.00736569563736
0.340248132204
0.0
0.106191358888
0.00446752023417
0.092166444726
0.0
0.285815648887
0.529364105174
0.0905560393196
0.131320438379
0.482782413648
0.182530832841
0.251854223559
0.0386652270947
0.171926030147
0.64618681464
0.105047302396
0.217167563044
0.590443241229
0.0
0.254072389004
0.465470214117
0.145121734449
0.236423300685
0.0760389709997
0.0474897303532
0.355047677164
0.132393879016
0.57505402505
0.461526628711
0.334165337559
0.0634159943132
0.112893300959
0.529604118067
0.132423684232
0.378908180405
0.18632427997
0.446415040957
0.0487686753178
0.0189174227332
0.33612530889
0.365792782821
0.592317927794
0.479206439647
0.584693111248
0.427391756404
0.447837308665
0.446362753765
0.362241327466
0.39936528192
0.375977978109
0.0634185015886
0.200213893027
0.512390175747
0.56286180852
0.345563986529
0.75272082876
0.245973007289
0.221084004077
0.423927454361
0.548323086769
0.460595305192
0.1152998843
0.437352525663
0.298097769633
0.032608126626
0.481739868584
0.0802942716521
0.374904232775
0.569909199179
0.586139337662
0.315271732985
0.234688420547
0.308924921414
0.618490600397
0.262392839369
0.297011540834
0.305446944745
0.396183744545
0.384173733566
0.37429732804
0.596589506681
0.206764003278
0.553864903021
0.677401430175
0.27737766584
0.832847743588
0.447551944006
0.352088005669
0.482635299099
0.426985906906
0.631808053305
0.116225935302
0.898109339232
0.567080443346
0.143915086447
0.0545984906169
0.48389722001
0.358377280422
0.26518592371
0.649289935385
0.543777038218
0.437873809562
0.435485677822
0.287033280934
0.538541791054
0.263662054103
0.379494799007
0.382758902199
0.201650514578
0.379725335509
0.422886983692
0.421678083303
0.529327504469
0.209839949151
0.208423304922
0.257510665941
0.198954046717
0.532053661676
0.462051159337
0.539251772735
0.327933528257
0.401404149231
0.311290435065
0.40415497079
0.367053434295
0.474894165043
0.51705749243
0.430624914171
0.24510279318
0.380761206939
0.353363891288
0.290230358522
0.359155677524
0.396524242668
0.488093444975
0.465281894691
0.429451700288
0.554251208251
0.55431814727
0.485971447338
0.564360349947
0.395035395627
0.47251190643
0.232041738729
0.402703952529
0.453787844758
0.214181176073
0.0791742927178
0.193192194639
0.43118969375
0.399892025575
0.9375
0.554945946768
0.465944567527
0.268368247119
0.173598931532
0.364426147334
0.550495012084
0.546201701801
0.694282525951
0.291441489178
0.667945336627
0.565876875708
0.141674292718
0.498743856675
0.111160091459
0.196437423484
0.478269497107
0.479214569377
0.490416985006
0.513354450383
0.666167038001
0.592468867745
0.329742362518
0.0175186753178
0.634881022155
0.517627001733
0.515839435972
0.702310652342
0.527052476608
0.453415613442
0.542987995717
0.0692627104609
0.03125
0.406000063061
0.370823020461
0.458402607846
0.180409402107
0.267452451988
0.201661505205
0.448987999913
0.320924880727
0.11290451662
0.0430566827473
0.287424015486
0.425015523976
0.633093868018
0.340051550897
0.413808591363
0.458147510726
0.220009379768
0.254790703003
0.412430151854
0.100304808146
0.687948049699
0.414909889373
0.429035975999
0.161464966247
0.147419033786
0.477963414664
0.365927930802
0.330968227378
0.0471163197349
0.056271297332
0.481423695908
0.0
0.676709271513
0.638036031688
0.0595908282432
0.143669972337
0.118339247777
0.373688065879
0.39121799026
0.489398744178
0.54930205266
0.338243857271
0.346674735836
0.433991342225
0.417847722635
0.112684093383
0.410777322087
0.220311859452
0.18626564806
0.172214838164
0.197896533573
0.448534749187
0.041796269061
0.343632433573
0.0191760043256
0.289715901757
0.272315377129
0.429693166683
0.192255904234
0.554139875095
0.45905714353
0.346272633519
0.465009833565
0.641367675915
0.391235016577
0.473751484624
0.432370009115
0.534315351115
0.263979487816
0.417395191324
0.314445454625
0.444078009402
0.485652209287
0.315265777991
0.461874721578
0.268324741137
0.540242653276
0.379204376348
0.246853347358
0.455742661404
0.367336470193
0.36614348893
0.418430375567
0.482300053923
0.384174694262
0.644438915577
0.472140451041
0.277121477709
0.487145767819
0.400092076352
0.516222291645
0.364387425103
0.425437387411
0.611351412454
0.605993451918
0.802755590924
0.360682869024
0.542248188639
0.401681152139
0.382131128635
0.30586298839
0.519112520411
0.0871224030175
0.401617575512
0.383225739704
0.2166528108
0.300878935117
0.354599747756
0.530231515719
0.483555519942
0.56013215449
0.484086606846
0.44555838199
0.509583872084
0.243447715389
0.435630505435
0.494857411838
0.545474180993
0.246580862781
0.537991826319
0.474181303339
0.0685540952891
0.48947059414
0.22445688896
0.251602577513
0.290495589787
0.59927613392
0.420257173899
0.352975622837
0.343748447527
0.328455672328
0.0440333949442
0.205718129959
0.477494780239
0.408963495315
0.24479756555
0.529210761851
0.0998450396907
0.324504887375
0.305255142774
0.22225239786
0.196021858983
0.520417945629
0.478626571214
0.161909481076
0.389930281939
0.686311474335
0.468913500065
0.439331135187
0.281864648077
0.274552131566
0.470502332323
0.619679770177
0.37359670109
0.215911085105
0.314067753179
0.132193580879
0.373499613876
0.437740198436
0.40419057837
0.287915377337
0.622652459959
0.400132956044
0.383995470892
0.41932580312
0.120679367232
0.33912794092
0.203277291762
0.104005913364
0.00736569563736
0.325422500919
0.145623180497
0.381972808948
0.558945002725
0.136827715625
0.140732631029
0.119316605399
0.189163761245
0.121016667869
0.0469404709317
0.113201238502
0.221064973841
0.107498159786
0.279151555029
0.415745690921
0.243785307718
0.32857544898
0.635345324774
0.426518391687
0.48944015708
0.27871085413
0.412659710371
0.200863538384
0.199413014023
0.532369004016
0.361405310623
0.190870346537
0.174425096672
0.261848697428
0.304040414177
0.176777749957
0.49060377235
0.427738641785
0.0300175965325
0.0164234926833
0.472697527953
0.441947259061
0.383507683594
0.535048395566
0.621920354688
0.116489273295
0.550054317007
0.229195412496
0.229272765022
0.0368284781868
0.397404115145
0.474369221561
0.532970300486
0.356269179768
0.411257669549
0.0469404709317
0.410830625515
0.221751057438
0.648025077835
0.292113639334
0.506506023903
0.420608442207
0.464940240885
0.760977483843
0.144224100076
0.257039517608
0.415952718805
0.326514130317
0.475816243884
0.262613386589
0.385993249071
0.126148967954
0.496541211991
0.00875933765889
0.612504580652
0.382431758851
0.301305980772
0.203323431465
0.245377381738
0.24481604656
0.401050815415
0.211367663609
0.217360976351
0.22663500531
0.317806089139
0.462925042755
0.368042768207
0.515800959749
0.113003048811
0.117147576117
0.729605666377
0.280036722578
0.105542167115
0.0825017428493
0.507509913403
0.848171667787
0.611473581816
0.451769209177
0.0418425952126
0.19244530691
0.291339966446
0.087971513796
0.391454025168
0.0569022512242
0.0489678154028
0.519974941138
0.627189623577
0.307907783355
0.544104095829
0.720466276696
0.0729166666667
0.549111008885
0.518498407007
0.586161883952
0.570932415184
0.104942139391
0.35036478708
0.486203077215
0.533840699351
0.450379520234
0.698381241277
0.442813641552
0.391686394308
0.335395574888
0.420293626381
0.55936734996
0.436470917303
0.593245789395
0.551973136871
0.372908966239
0.294276071153
0.425126922191
0.54344226062
0.339019572717
0.461026689476
0.602677562757
0.444512619126
0.624471994351
0.55618339564
0.328303218155
0.536321715129
0.636350158809
0.346201972689
0.720493510685
0.584897171854
0.160268496866
0.1152706861
0.445460505854
0.309301373727
0.31933413456
0.356555921689
0.434033746045
0.582683490222
0.365347227252
0.375952200775
0.452489952693
0.513361779393
0.386449212609
0.59224464567
0.422126525348
0.582683490222
0.491543908983
0.58881458311
0.514881854358
0.772707586955
0.430637551952
0.255327772672
0.25759155222
0.473530840672
0.158631201374
0.37606671921
0.372957809904
0.547097535768
0.399048341069
0.210443105996
0.381825809766
0.18918010733
0.0625
0.332714995211
0.414085926017
0.609427412069
0.516880599116
0.216434264236
0.374429292005
0.549824776626
0.567723765829
0.577556629997
0.118580459818
0.496876524227
0.156658767482
0.12915192788
0.35814890978
