0.0359392244982
0.0596969728628
0.166560698626
0.19311015916
0.102926821073
0.0452316211444
0.151454585932
0.587553114648
0.160493563524
0.16710391749
0.147546348112
0.0531465605987
0.0643882572269
0.0781070803011
0.196196989265
0.14401074749
0.112113054212
0.103349778118
0.0874070745495
0.0922620735106
0.362673875723
0.092115448359
0.281457372978
0.234654326989
0.255742779258
0.0547435976691
0.0430929961662
0.0507203532013
0.137732593387
0.102196699831
0.371172735509
0.0783349285117
0.230797720436
0.0541313395605
0.141689260249
0.0962480061901
0.184009804992
0.0443769500615
0.316387399879
0.271378893394
0.0358552981972
0.183568573894
0.375717772974
0.34416944202
0.0380037471542
0.314135256395
0.158057715589
0.128939836098
0.0303741818544
0.0294627825494
0.153766828935
0.324243132425
0.116309156091
0.175725312572
0.207719689998
0.304126869427
0.148960509309
0.0898696251388
0.127471769913
0.137302927582
0.0637982693009
0.204438974918
0.206601244011
0.0450838972918
0.130464834583
0.240987063172
0.0553944321086
0.277331692232
0.0239143492899
0.0851744842168
0.160471705823
0.17774726548
0.112095940467
0.23251273641
0.251512327024
0.0826501208858
0.0986368954228
0.321725014421
0.0357583309657
0.167506089236
0.201183769724
0.0844663197341
0.284463289869
0.298884592201
0.22009084853
0.0496939722953
0.192707208082
0.0231550377493
0.18060441832
0.123348335147
0.185653537325
0.042874476207
0.117220635313
0.0425019024048
0.266050769024
0.213073556089
0.191596403038
0.0992817827662
0.0
0.0783299101177
0.160446073791
0.22137252167
0.156786946341
0.249827904257
0.214901465929
0.0812512827418
0.097199956425
0.106249409054
0.086556575742
0.190842781509
0.0830531167558
0.117230255477
0.0773877523516
0.082555208177
0.357353630386
0.151518423347
0.293035138832
0.123846315131
0.0891121171319
0.12839138635
0.316438559801
0.326441860569
0.296298318687
0.119310541864
0.0756444787102
0.360915226226
0.191281794178
0.263209246493
0.476529271753
0.125433898787
0.151897558408
0.411362658726
0.300277776921
0.166149335909
0.222753616088
0.106718669765
0.195121177488
0.13343298654
0.158735530955
0.0966308898557
0.0502816391261
0.153175090691
0.303031326608
0.122554767186
0.22023338207
0.0281224728398
0.100653734763
0.145038367832
0.364733837214
0.279667726478
0.0248753455548
0.223584120126
0.142043470289
0.0505536418645
0.141690898081
0.305328623765
0.0777864060604
0.0790802467674
0.283758915163
0.128732274084
0.101198986552
0.0441159880514
0.132158967095
0.283585224641
0.137086571179
0.197212519434
0.109144682317
0.304721390285
0.185951278344
0.143874111045
0.28703395355
0.274568664889
0.0569981444995
0.188087323945
0.233518878598
0.491709860055
0.351766375898
0.251383784098
0.135410849733
0.272910123009
0.142271861277
0.238793046961
0.230771511752
0.240658423353
0.134193736369
0.190715439434
0.165246424088
0.260011023409
0.136941635953
0.4375
0.240638674079
0.0545707860768
0.129676415868
0.109224634218
0.078497608398
0.159521541779
0.12705020572
0.159024124518
0.328188016306
0.104479509001
0.0810053681241
0.100371304452
0.254366265201
0.236458358564
0.219436058725
0.0473981301722
0.314131171066
0.09268992314
0.157387818389
0.188373255925
0.175616049568
0.0123875741146
0.138943007309
0.126842402522
0.070882151468
0.216524330768
0.176979301488
0.0912050552497
0.116931603494
0.0581681453939
0.220545909047
0.125946465996
0.0
0.0660656001861
0.191969808417
0.159297417027
0.0416666666667
0.128605844759
0.131947789812
0.189723237448
0.170256552375
0.0336367553403
0.124581527327
0.12850932709
0.224587495246
0.253231108726
0.0860742573253
0.0466463099569
0.109532007522
0.170242544492
0.311180153002
0.0363864470804
0.254014429593
0.138212972023
0.0395716284529
0.0368409707516
0.213977226864
0.152554200055
0.210271973816
0.0928227693674
0.148026255196
0.0422675269143
0.116100504713
0.118631058823
0.0
0.205020277029
0.0813862046365
0.0867048737702
0.10862220259
0.0446872185165
0.216269602058
0.203671389718
0.0829700247152
0.0467236806324
0.0821928887486
0.0910106022615
0.0257528262884
0.0900522613423
0.159356935426
0.221105156584
0.0658624935667
0.254376979194
0.24251370648
0.111983206157
0.179688789078
0.232596321149
0.213376857022
0.239894502977
0.105998571493
0.263347154307
0.155419907831
0.0890990670123
0.299245152467
0.057894789997
0.0771039112706
0.0660141714651
0.0400061072047
0.057399608278
0.0852584693048
0.129516344701
0.18681362595
0.107165541565
0.248472146327
0.0529587535591
0.0961312178456
0.121496088404
0.0368032788373
0.0711677476296
0.0866344277174
0.167902581648
0.189713508131
0.167319903777
0.127434113965
0.143099636734
0.175082215615
0.739515178802
0.391584012819
0.261367365352
0.169273474377
0.0873191859811
0.106548123466
0.230757891553
0.109255183447
0.389663151938
0.151741322197
0.310114406986
0.0544470489004
0.0393311672692
0.164451603847
0.235598144458
0.109008386985
0.236785049576
0.0919100534402
0.091715524441
0.34490408279
0.273197815684
0.341256036069
0.219998110902
0.0611390261187
0.124313621073
0.306526942845
0.166367830579
0.12924966854
0.128878500514
0.0762519681996
0.0462159722907
0.0461821562795
0.47305856276
0.106845855632
0.0809797778349
0.309697411986
0.0806264490506
0.121295626968
0.181059597823
0.0898666284513
0.0658064043196
0.342945003305
0.147222729581
0.180113501466
0.236745140622
0.138682253207
0.24002783811
0.145646271534
0.0480284817575
0.0415732836756
0.11475380329
0.186922948262
0.320332912058
0.198743690954
0.35834927216
0.640978193531
0.0663652017659
0.190046147251
0.159815252218
0.168670504439
0.552691222512
0.191223850626
0.323368143924
0.495350948192
0.103122313736
0.42441098492
0.0671265602332
0.110486013539
0.329837986442
0.0991729924532
0.0395358917671
0.262227140377
0.212807545916
0.0590968062325
0.244721912689
0.156549592463
0.0533898212877
0.090249913829
0.249844261096
0.054009595036
0.189262683088
0.0380037471542
0.0856027568667
0.0321266470014
0.218341834635
0.0261194011916
0.0512823416434
0.185233048184
0.155546389445
0.0363446442248
0.0690366753428
0.389850728221
0.160598108129
0.1657525974
0.118444149073
0.161982104543
0.155025140678
0.116430093616
0.0496989369649
0.037675424384
0.158133198401
0.308671230548
0.238750893924
0.324060240326
0.371359391276
0.247855410281
0.0270681455155
0.133732602594
0.0827525074307
0.19455889665
0.0216070386186
0.34811644468
0.413790302748
0.0942208414279
0.0499752479501
0.154855428403
0.156546192976
0.192594525085
0.296055949215
0.0820541726093
0.0932918965181
0.331047656366
0.298486862928
0.395497038543
0.182764974055
0.174100581893
0.0618616475273
0.249068485182
0.268595349218
0.170238614235
0.186028415679
0.0779853409197
0.179447097035
0.079409105975
0.235677469162
0.215164910504
0.237092113179
0.214559453529
0.0433883095228
0.148819567132
0.0810460864392
0.21731284408
0.116880289448
0.0563211836132
0.122122405714
0.0169517365088
0.173245729995
0.174914465695
0.17004148438
0.124093446478
0.0
0.0158961100072
0.0637901625557
0.0451882263642
0.281515319215
0.203294920268
0.116771950648
0.121734523937
0.31692173367
0.0875791563292
0.281053124394
0.118848138933
0.0869956579721
0.202596732296
0.0380622228181
0.150763515154
0.0431091842362
0.224828040623
0.261497193518
0.085658926179
0.0303867995383
0.177256781906
0.0614578439338
0.143927658603
0.0516767107859
0.0742045741247
0.129478827848
0.0971623046496
0.142542458306
0.28937851733
0.268990396063
0.0416082841694
0.0911315520298
0.115597614784
0.0746928847408
0.103018608669
0.0390790867286
0.172665551606
0.292267198255
0.0922041053574
0.0994007066757
0.141431921242
0.178301274662
0.074995874649
0.0961542458029
0.11364674596
0.0741551858569
0.197824040436
0.122337245055
0.132065758126
0.0741673337379
0.362181895211
0.242614736457
0.17240496624
0.073061009597
0.0865343953727
0.216551930181
0.0967515028443
0.131439400405
0.175768890347
0.165044429963
0.0623219150741
0.524763645659
0.210494172403
0.530178493178
0.181795499902
0.167309580073
0.0234521786408
0.175335188334
0.176624718801
0.0552883010188
0.0636633412148
0.366012797766
0.294532082561
0.3542433289
0.106460009974
0.0224052960601
0.217836131351
0.37643890699
0.188561085784
0.170199072702
0.232120780831
0.234802749402
0.228891275324
0.244087367425
0.18462431426
0.371029909056
0.377345340847
0.32093747438
0.229957463007
0.254187138202
0.302026059531
0.345653813477
0.16986794519
0.223349167444
0.242847670175
0.101669776363
0.238436264492
0.344767054997
0.331910005208
0.193489647245
0.112468913318
0.369193757954
0.0539479198376
0.0739026847742
0.0968061532969
0.522719256573
0.0664364920447
0.194818030329
0.0806409488337
0.294262827576
0.293967832336
0.12032094786
0.232847818285
0.0194199497589
0.208918593383
0.0397877698793
0.213909069028
0.273812743849
0.256828350765
0.211632301983
0.270834083104
0.121939966314
0.0543914044376
0.0309366275211
0.01243555891
0.138944044275
0.132279225942
0.233475077645
0.0869142875179
0.324646571689
0.0240562612162
0.337583197056
0.191952509054
0.210396724811
0.444945149839
0.100523845116
0.154522521546
0.192317783763
0.3510514449
0.0418353941512
0.143409446432
0.0860206275782
0.306390835112
0.280625360779
0.342151528644
0.0781149047345
0.057860958023
0.0914877147637
0.128543622495
0.221737964677
0.149935396459
0.0811915546911
0.139638979032
0.134532496001
0.266346886275
0.181459109757
0.0329993074123
0.102101622916
0.336006054676
0.0387841176056
0.0700368203844
0.0756317708708
0.0536007779824
0.00985147509378
0.151526745931
0.177741478058
0.224490248413
0.125998248588
0.171310394472
0.311847246422
0.0384979810871
0.183046057446
0.203503220197
0.134095813227
0.0722163956884
0.0393387107767
0.156938464862
0.0573434265012
0.242671944718
0.228224786136
0.0454760978443
0.0681139882109
0.21885057345
0.159131408289
0.0267401762068
0.14543793893
0.300456497876
0.126305262143
0.0687222591027
0.114397428928
0.175149264146
0.183993348898
0.0842808917629
0.223231170395
0.133613774693
0.0865294891482
0.27084573785
0.106479161751
0.0655284408648
0.086623426811
0.0653460081367
0.100937289312
0.0311753378471
0.103940401394
0.297551308942
0.121634067608
0.144577206054
0.269003627491
0.0979623804655
0.481954961147
0.394888347489
0.231887692603
0.108678733002
0.122389009135
0.266470506824
0.189227321099
0.75667466313
0.0286634809617
0.0524519186595
0.13788521809
0.0379883509032
0.0303313454212
0.23581208773
0.0459093372022
0.455029669935
0.144844749011
0.0794880220763
0.236784940667
0.0696236201584
0.101711094117
0.18840818924
0.116172424155
0.191673784739
0.106933822379
0.340186367959
0.111962584778
0.088713231038
0.163326749215
0.169705759934
0.293581246715
0.100670824209
0.153838861688
0.0274506197984
0.300786700781
0.087248718293
0.130335183561
0.0939737567006
0.506050863801
0.164698248211
0.0353649701628
0.083198477683
0.108699765939
0.198388391409
0.16952953766
0.0581811655254
0.278783624608
0.0287566811549
0.0606623495843
0.0891173784757
0.36682705199
0.0581989288983
0.139322254236
0.313534236511
0.225026713507
0.103908956738
0.0599379606093
0.225214044941
0.221813330164
0.0608549173183
0.237125889107
0.182170735422
0.0314349268255
0.219222986207
0.264143617557
0.200352301907
0.233499273595
0.0630632733381
0.123699526599
0.0700957165295
0.210250475006
0.0986652405867
0.0954915433165
0.0368032788373
0.157789726458
0.0316836901099
0.0345946312238
0.0632632758947
0.261918092128
0.202871280681
0.0881843498231
0.186181139754
0.144792072763
0.0153759881052
0.233953144613
0.30486171504
0.0247095728688
0.0461517852388
0.0894207123975
0.0497687419103
0.0781955021592
0.132334359662
0.170038437718
0.139731391275
0.380203048495
0.231070518996
0.183517784023
0.0726093841029
0.204463037569
0.204875803141
0.0452246661243
0.560535640468
0.0774024822688
0.0907860662476
0.0939758805293
0.269414007707
0.0499167256182
0.0305613013925
0.249229434427
0.11614907668
0.329956846451
0.146856477067
0.285441358285
0.136842205787
0.177391584223
0.238926113278
0.0785614130155
0.0439781762737
0.111310708156
0.207155337175
0.0123875741146
0.404492276693
0.12396212805
0.162218225168
0.0
0.19214425458
0.0630227676526
0.0867996655639
0.0627009967439
0.0359631242691
0.141172260526
0.0318768410934
0.0516066492275
0.0767205006968
0.0128080865198
0.0504848619774
0.271665563568
0.194714582587
0.0242321472149
0.0
0.0354921733412
0.0838907398438
0.0368032788373
0.163368161766
0.220620766408
0.16158861671
0.217553093199
0.275543703313
0.393593388877
0.188048271051
0.0509579162354
0.037583234749
0.088961165982
0.399454397679
0.103799503475
0.16255917247
0.24993151321
0.1476413141
0.252908802187
0.0926422672869
0.0449388797994
0.148850945545
0.182069533304
0.102018183317
0.0313142839353
0.0498653066679
0.0352400398346
0.207149153381
0.297243544492
0.031088961607
0.0504831792607
0.222055997188
0.0249725184988
0.16325373919
0.157568560995
0.19908841547
0.0736669552963
0.0646126242772
0.523688580088
0.142041679829
0.044081872722
0.0
0.0321609838996
0.336964547357
0.300331516811
0.177869844629
0.308371339033
0.156616698302
0.359871195428
0.0765819651248
0.164443917394
0.162426920818
0.105128181066
0.0731778176755
0.0313501156455
0.0639453045941
0.0831754925471
0.0639692459859
0.0620513480188
0.038086462901
0.110404867293
0.403898137781
0.21784414635
0.0893991789145
0.0698247595001
0.227350567012
0.283630733722
0.253077564175
0.0264335172813
0.0578938119369
0.023613969889
0.079927885078
0.166670440587
0.0726194483542
0.0890144047068
0.328062057854
0.27436301571
0.30348683109
0.258396662431
0.312744945321
0.338353959998
0.170910284051
0.187517286175
0.222810835838
0.294179029258
0.194771419105
0.150561575374
0.185855484472
0.41025727142
0.0817786417678
0.130889150242
0.195788256082
0.12517878436
0.3551894209
0.0
0.192418486515
0.110709390595
0.0636247373011
0.0591190839628
0.133578010466
0.0635961561317
0.109372332198
0.0332854568887
0.245300583151
0.315407880918
0.115512257621
0.0790593715282
0.213261387262
0.169731831964
0.183364077283
0.0640131109456
0.24497967248
0.233937045082
0.0990902214421
0.0996075919858
0.192155592271
0.357617973939
0.045970865037
0.248822201458
0.187626301267
0.0710617948632
0.0992708138709
0.234420214045
0.0407006797277
0.12965190345
0.207466839382
0.0833912290624
0.0803405867077
0.332032779932
0.222765736393
0.24737241652
0.176024807027
0.0474344965037
0.0317194764159
0.104065308308
0.120965246739
0.128643722719
0.18846368763
0.0752577729047
0.0886149892039
0.0753524816643
0.348479612092
0.186174991372
0.19082763556
0.105190650267
0.0847525047567
0.03018857057
0.104645807703
0.324742802131
0.150650042911
0.339420184254
0.039839917854
0.042588416881
0.140936402258
0.157284209797
0.116319394173
0.205998523593
0.162453341473
0.288720081183
0.14092748239
0.39647626037
0.0430857952527
0.0421627408757
0.308517741553
0.758184756205
0.210579667575
0.103401422419
0.168515969322
0.0509032342583
0.209889650021
0.22181712352
0.281830124908
0.0684394643533
0.22832689666
0.104746302833
0.36002244218
0.0737220574016
0.154155601827
0.28249787098
0.191554552914
0.0808542613096
0.206508844806
0.0901799142325
0.108559511963
0.221781768401
0.115043058652
0.164851004983
0.0123875741146
0.0751563739781
0.161979939996
0.312832343616
0.220473624718
0.244402053552
0.0721184520855
0.374424720701
0.176340285454
0.0363295774703
0.0609999119797
0.281648827489
0.176157338807
0.167082797568
0.12911172992
0.30015959863
0.233365976269
0.204252436665
0.353250404
0.0674906269207
0.0834853299242
0.118586851786
0.166816541104
0.14464056503
0.298898875015
0.322309596236
0.157514679387
0.104898688016
0.105894733398
0.495623856503
0.254631656735
0.0961958974872
0.36927944319
0.246746848589
0.0348704820241
0.0515172367403
0.0900685895568
0.119378641746
0.0515482707536
0.108277773391
0.140455871508
0.17034894373
0.334285197654
0.269259143856
0.309359706459
0.138606911473
0.342602213846
0.209401096142
0.0
0.0
0.154970858962
0.183909175357
0.205651634261
0.1426163462
0.085827401672
0.109909603506
0.0373969023582
0.204851808913
0.0969193462951
0.130364750213
0.185041872297
0.138696351589
0.0909388000863
0.052406354729
0.152000607052
0.238445752636
0.155943867547
0.0570393980021
0.310943016487
0.0318768410934
0.0
0.299175801393
0.0565355945611
0.305875896765
0.0588031242151
0.256690252734
0.155097379264
0.0347647318888
0.156412424134
0.0901525348007
0.0798133822227
0.125842427503
0.233213362726
0.289127612038
0.156726576171
0.0547030112464
0.160929832944
0.0361054868009
0.160919869364
0.204910150555
0.275195529248
0.032398329809
0.135737062966
0.0167346793131
0.0705558649902
0.0403907944437
0.136078904909
0.0397317987288
0.224270500526
0.286313691963
0.0937186492624
0.127037604667
0.125523605921
0.23247879036
0.168003375117
0.18605274661
0.0748732611437
0.248991633824
0.206943723882
0.141552868723
0.267322170892
0.0599325288679
0.204484451717
0.217229495922
0.20744257259
0.110857414191
0.243079614894
0.116959988912
0.174888430922
0.0789261237984
0.154486702773
0.260614869475
0.237389528264
0.129613611527
0.60807395939
0.10711311918
0.409183354926
0.122143277314
0.180268884438
0.214827909695
0.101863724977
0.219045291278
0.0935982018085
0.0406360076068
0.279243905705
0.0337069470519
0.0559390835772
0.146674908034
0.204203874352
0.0123875741146
0.177722203012
0.0437198592727
0.135086418837
0.0829308522238
0.0540378201502
0.0
0.421065006327
0.176032279267
0.0774254119793
0.0923093640477
0.254958359078
0.20077556559
0.16914411413
0.163234547893
0.155465164408
0.0970038058135
0.129934040907
0.217521702583
0.192038320074
0.152677426689
0.0753884128366
0.109462655399
0.0383690591899
0.211071647648
0.233981518156
0.207184609982
0.146291520482
0.25929754836
0.265982660762
0.252597977287
0.101617808045
0.304434737803
0.054782008018
0.261564538955
0.309451552012
0.142030959025
0.0933569020979
0.118901235692
0.124119471767
0.091895846095
0.107482382227
0.135296248284
0.292028567596
0.0748460934624
0.275007130264
0.0894015389197
0.0753399753417
0.0828503750626
0.363358283879
0.306227313845
0.130690814231
0.114098767391
0.239648011515
0.0560207958068
0.0117154442748
0.252086054758
0.100343388486
0.105144748293
0.079088619012
0.38587001807
0.140194058194
0.0342198908442
0.0400301579697
0.153784234568
0.139649482226
0.0408263453182
0.0646006891935
0.0
0.101712535246
0.4375
0.467292504837
0.781114500835
0.476569771232
0.613296323574
0.429703719193
0.366028071874
0.189734145161
0.296747527705
0.613001404011
0.70658872805
0.577871965444
0.546714849664
0.392172565663
0.443765413934
0.337457229168
0.328146746233
0.665510899837
0.602702522785
0.599635861772
0.518057237065
0.413739213919
0.412870112286
0.335648964506
0.627204270237
0.561786306285
0.424826162936
0.495468483408
0.464872668296
0.151454585932
0.236649305015
0.290829274314
0.239772965688
0.481712120304
0.15206796708
0.199064470077
0.497820739761
0.44445459608
0.277247294976
0.458649566204
0.433295669641
0.315624291569
0.0588044272148
0.666066606652
0.517060487472
0.493516943692
0.444588997776
0.316674259955
0.299281472125
0.175296115883
0.237802233218
0.0952739180462
0.320845438007
0.499826412697
0.306014414616
0.0879042583799
0.505243757456
0.498321714153
0.451889047957
0.387132671693
0.503187366119
0.440099852284
0.380599466413
0.153875649065
0.358433037848
0.343930698253
0.443279350307
0.429907675966
0.0923319848059
0.571562817614
0.625870908845
0.4370717189
0.510930463914
0.541382505884
0.446782172497
0.0299285288384
0.38479500763
0.458029182325
0.687688212707
0.486067099361
0.43088856976
0.466683967173
0.218326122687
0.432501757609
0.463952124464
0.520687925448
0.432067810378
0.454583479737
0.513071186482
0.62662797567
0.660617184122
0.442854381197
0.5743679733
0.243757175082
0.0959649268036
0.495450016346
0.553222334315
0.521906223732
0.323123396002
0.132524468247
0.570664737563
0.332633938795
0.448787061538
0.537173431347
0.269085715233
0.354365926323
0.354079889404
0.178961264581
0.53356613825
0.167778243132
0.295702875869
0.303550644216
0.508461255474
0.121269069358
0.484109160807
0.535055162729
0.684133728944
0.505434978903
0.333658565954
0.459169869792
0.498456894633
0.716470082645
0.634093714731
0.037597209297
0.337041373013
0.533792395433
0.458447830444
0.35272939535
0.49224078674
0.492158236
0.30822874229
0.52108848108
0.323521953971
0.35181026582
0.345955236932
0.15034331652
0.126318020223
0.341616487242
0.202583831509
0.0703676158827
0.366184355152
0.101240007859
0.418577713828
0.141152509788
0.291593426656
0.448543943819
0.285118674165
0.280862217173
0.366775876054
0.352428686135
0.444975455692
0.219552288046
0.255056982046
0.412245999461
0.442995013092
0.306126403417
0.324495992679
0.517501518872
0.092753917613
0.634090990745
0.0594322210234
0.372145755189
0.387563085395
0.0680085233237
0.636975955846
0.1075016124
0.134426652265
0.27090603188
0.379341247904
0.204780852428
0.36683716536
0.417068811222
0.0663147720951
0.442274406674
0.330733605429
0.534797858982
0.336433965026
0.284610930937
0.383631613203
0.426692064867
0.557096705809
0.547247901505
0.582599033985
0.0988387601953
0.406846650193
0.389759407852
0.510388345737
0.271141588851
0.558444120297
0.61712507751
0.378783458007
0.0116469969758
0.38544334938
0.595565273628
0.488590822179
0.387899045863
0.253346990532
0.40971557019
0.474370878977
0.31685542508
0.174840618007
0.19317058424
0.474466378918
0.358240297864
0.342423993912
0.4986026197
0.501651643665
0.02436565228
0.326112476434
0.373027233667
0.481648556687
0.324235576975
0.229070551563
0.61698320207
0.440926913425
0.0438694642565
0.427039477524
0.0723479686335
0.314806275167
0.435621932917
0.533343496093
0.427274624707
0.337446476344
0.305253975062
0.367371073024
0.12927963017
0.610049565701
0.246665801946
0.481019599281
0.292375956549
0.177374416673
0.198951203095
0.322628941963
0.126397734395
0.149431705804
0.592538762628
0.435453521952
0.361504995153
0.303916960319
0.209244789215
0.206373386993
0.426613130696
0.490450831627
0.377387359922
0.601055926313
0.423837433678
0.589083972768
0.485873647073
0.590512943941
0.375721311668
0.491107169758
0.466558420647
0.405647072221
0.506552772557
0.642078590805
0.203190754584
0.298129893179
0.495720837416
0.547500832995
0.365262948782
0.303735595679
0.492698367136
0.380754069653
0.4375
0.599559846314
0.242218364696
0.437013425075
0.126663662563
0.343737647012
0.409983941622
0.266848923949
0.24786283331
0.530066363167
0.372331525879
0.343091271405
0.354926237454
0.293081120649
0.360715600473
0.349084606268
0.362014421826
0.799509226257
0.467370498897
0.461499116249
0.411031353699
0.329450742283
0.314314278728
0.297290339459
0.563204354003
0.0147313912747
0.253956335719
0.202343584545
0.194028031902
0.40395527516
0.0625
0.0175186753178
0.0343731759182
0.0703379097042
0.0981195177787
0.163946492709
0.331043858352
0.238043660174
0.41336889868
0.416734003949
0.139907234371
0.217161321883
0.32684019156
0.420496516471
0.48315387814
0.252162540112
0.398769696715
0.425494553136
0.384062033401
0.342571359892
0.434762564755
0.218767377816
0.282554461619
0.401222311856
0.121430127473
0.28111522511
0.227888644457
0.9375
0.218404906916
0.347394493543
0.62157809886
0.400602597572
0.184362973687
0.163512564176
0.0530718450229
0.325777187454
0.365623959186
0.42346061009
0.104334462686
0.618767689372
0.411627010946
0.518267822926
0.104500599839
0.317150311377
0.318828170125
0.2100200272
0.371638952283
0.395003523013
0.328740170106
0.484037011679
0.23873341901
0.0841436385922
0.358300938881
0.0175186753178
0.541338804898
0.323451591817
0.391022580515
0.414925859599
0.279757364116
0.392764500966
0.494722893503
0.389732254762
0.382841597067
0.24167865275
0.292672841033
0.314778295253
0.466658945145
0.364131074407
0.482139191248
0.242053170383
0.527088987392
0.12998014788
0.287951259504
0.430135937609
0.45377515288
0.350325345208
0.349765580068
0.271930777149
0.309305701766
0.369111168381
0.220399857181
0.36862127238
0.386671731201
0.433912280805
0.490077388578
0.418188675793
0.43702439892
0.00973204120267
0.466327056988
0.417622785998
0.523949023518
0.690922446183
0.417835408046
0.673465050338
0.445168977395
0.464968035326
0.46745597885
0.492068677641
0.592664453261
0.479153973446
0.482557076003
0.222751297635
0.143158787092
0.270035133705
0.467128664808
0.467116237714
0.49022184374
0.344895806516
0.403166142735
0.346217227283
0.365793015704
0.534192676224
0.32619337658
0.319876139331
0.374150995321
0.361441300352
0.467407715346
0.296749225587
0.250263860942
0.49588604606
0.487138678163
0.408134205262
0.546935185641
0.430783856793
0.403496646921
0.31380834778
0.275381196771
0.253073395117
0.220038423108
0.34788685389
0.38521420949
0.291345809647
0.305854418267
0.0503134226293
0.616798065134
0.327793185601
0.591403647233
0.381690762051
0.404678457476
0.318985743946
0.679197404338
0.515956872406
0.392578404633
0.580122681387
0.509565719078
0.321366260519
0.322636929551
0.167399484898
0.0632482304032
0.027864179374
0.523938536382
0.443439282778
0.508747106316
0.399243841142
0.448125151203
0.17804324439
0.58684768918
0.321714340174
0.31125513879
0.468702640153
0.50376166786
0.447831194745
0.404471786541
0.461508418588
0.516839734179
0.356890865001
0.746085354761
0.290365125749
0.392657194115
0.140829910118
0.366432142921
0.401738129672
0.278299596748
0.192129224219
0.516723528935
0.493374467277
0.451599929165
0.728769308442
0.160778371695
0.35479774416
0.529750812022
0.385768407723
0.508095218442
0.581008199873
0.710807187204
0.324593017827
0.478168867697
0.547044708939
0.325931555476
0.113099435058
0.260418096378
0.21854175638
0.326180960331
0.492904012676
0.0721840106079
0.406992153219
0.310458704195
0.37033148925
0.299507895742
0.366003572744
0.193067404865
0.46540972378
0.53703081957
0.325887466903
0.166494209295
0.422058217073
0.164401621579
0.304714769824
0.59478132031
0.392336341536
0.591642892108
0.319002978902
0.240410780628
0.400222578061
0.600018746315
0.239535253049
0.268610038273
0.538296506875
0.416078359921
0.351369949223
0.376234622495
0.437563091618
0.495057327434
0.399156125762
0.303126205047
0.442764545994
0.465666346372
0.339273476471
0.593697963551
0.367696859399
0.337527661111
0.359190839252
0.460962738832
0.568747726072
0.559148896652
0.217396347409
0.160562419149
0.477884619815
0.204195527957
0.167405567578
0.431772654098
0.333324983358
0.194209320204
0.471135552723
0.276475093432
0.38943278031
0.580605055265
0.374531483201
0.270905322634
0.565125255225
0.252938875126
0.394645255976
0.14674353729
0.450219581512
0.692781778285
0.443188887545
0.496715619558
0.746446287948
0.546283440185
0.382846888935
0.360273676817
0.370181893223
0.447749837567
0.441695605481
0.374576016681
0.704845886492
0.24963487489
0.480131591246
0.661035340418
0.307901977071
0.312251960385
0.720654916486
0.367102850634
0.321008325404
0.281927573247
0.403266322682
0.356490763659
0.516862112942
0.435947295336
0.402055249283
0.378765495646
0.25022252721
0.295541320596
0.434158861524
0.743331086213
0.196668638894
0.451405395154
0.495454364186
0.28034591498
0.669067058091
0.425394694448
0.406000775077
0.42595615148
0.531398054381
0.335858299249
0.369411384827
0.343727776381
0.545155206853
0.399625143093
0.230543605691
0.389829778203
0.436080219332
0.455520306267
0.305766695294
0.437205281414
0.265567756998
0.237276064622
0.190903929658
0.362032978834
0.34179289558
0.266080831938
0.0965553879421
0.209714954666
0.391710039708
0.307641067477
0.32908781704
0.283408013946
0.303534040578
0.361655043809
0.373731772836
0.0560308995343
0.256602779001
0.495039392723
0.158658473301
0.136826408776
0.0856010461916
0.274213117205
0.577135416643
0.132959558582
0.357952221061
0.0301799116394
0.153177783867
0.0343187804235
0.286333274946
0.327208512795
0.2198389397
0.203061415668
0.341205713353
0.188921903719
0.127276236075
0.2158768976
0.199984694213
0.134682365174
0.416404915578
0.213262868488
0.0969265755622
0.255986583149
0.243680960554
0.0512771679805
0.158375876313
0.0715188007822
0.210198575906
0.203210564025
0.100130612343
0.163370284059
0.0739704401237
0.0396471723417
0.261721507459
0.359843987272
0.184139684675
0.26630497741
0.349887889395
0.342763268952
0.153459278239
0.362785522547
0.254408181708
0.221643587247
0.252353625532
0.299030357234
0.131790398905
0.183127497537
0.320457832534
0.266879361559
0.383825428643
0.589188792416
0.422466043987
0.406800412303
0.189076314273
0.430312937039
0.461684569306
0.226713817966
0.33115565076
0.186957556187
0.302000961666
0.293165101009
0.361252905407
0.185040788953
0.26274121085
0.47008680973
0.264071129525
0.268143609583
0.0256161730396
0.0877240312345
0.28828963323
0.328363668581
0.312318110014
0.360125058617
0.263635845172
0.39864270681
0.305388460994
0.115208290795
0.419609031867
0.340328160818
0.316134012051
0.429465605283
0.369237442696
0.280428221157
0.375002339359
0.333503976873
0.414202298132
0.148852393709
0.263627402006
0.409109002776
0.311496859519
0.247434020929
0.204158241389
0.100969723955
0.395841744251
0.29887149866
0.332440620685
0.185374313386
0.0109716747468
0.244707636448
0.202700977984
0.428947069549
0.092899935659
0.270250642588
0.295809888335
0.203308386315
0.337955522331
0.0695981312636
0.141583243122
0.382349777819
0.0798403707439
0.204674443578
0.365358816716
0.413831963216
0.35037885793
0.477168997924
0.365235674429
0.401109612308
0.191730601053
0.476506829274
0.360305160885
0.102128046212
0.38473457438
0.267644514646
0.098245304749
0.293180714764
0.127834647945
0.262356152247
0.254844549412
0.160396561954
0.312052890754
0.205328263756
0.324868165567
0.181588049799
0.281397366699
0.383288501014
0.29729711861
0.433640723056
0.231389791294
0.115024469688
0.107383998299
0.48908614968
0.320979937503
0.282941142003
0.237179573547
0.29463390622
0.350902578769
0.263668451403
0.455980674119
0.440646703593
0.146428247604
0.409100122519
0.0912167215725
0.42844427922
0.469360686621
0.289774051419
0.179123558911
0.308379615145
0.268247518803
0.167456429022
0.516349494323
0.247270723551
0.320151311572
0.295035783729
0.164408556341
0.365758294932
0.40839839029
0.357343207857
0.349502944349
0.474062582482
0.235393749203
0.378643052321
0.308744644092
0.348207953759
0.464117610694
0.400674789203
0.319673845335
0.302414792697
0.175433751222
0.246314193537
0.344082594186
0.488228556767
0.282876821101
0.308097182699
0.346301140671
0.343768724291
0.220707271731
0.25165102226
0.174274047457
0.408894214877
0.408196119796
0.275500805472
0.221596133209
0.17089865986
0.622134364437
0.360712379929
0.35959093426
0.434849364935
0.279780666859
0.456437176081
0.189677843567
0.439974456782
0.0854017678606
0.013932089687
0.162496791646
0.441029246365
0.427123299604
0.255129088449
0.219699508441
0.307579703611
0.274785584733
0.193580866635
0.336919205376
0.39676672177
0.355210184489
0.340151197971
0.30992427056
0.308851674225
0.274542869688
0.149669468701
0.879269123868
0.163244477633
0.0924212076547
0.356925277205
0.358573740954
0.0482279604181
0.451859913935
0.373901277893
0.285246127158
0.157946386216
0.28815198216
0.294068650207
0.259817065333
0.281596100981
0.177579069974
0.355384060761
0.271522784961
0.508605532529
0.16784289275
0.634886567041
0.36088752737
0.196288850515
0.294239799569
0.383448454254
0.359631070368
0.451274186251
0.0916579152211
0.0
0.307494990688
0.226274342215
0.34623125321
0.183938976802
0.17172010231
0.385737124395
0.25194223313
0.208571010933
0.0420169244453
0.124208036809
0.140942703831
0.305640816554
0.212812280387
0.231515706683
0.302064281028
0.490468772075
0.101985425484
0.324293259432
0.327259694534
0.24289948964
0.27925444912
0.239917781751
0.309646963151
0.0520730659457
0.298577126653
0.351780680967
0.46256069914
0.375161523445
0.334627996987
0.119675356918
0.168560104325
0.228651434913
0.447548525986
0.285786875125
0.180700330737
0.477736923678
0.102427907359
0.12102624131
0.269694208401
0.231124699644
0.37152754292
0.247684131344
0.0971503561625
0.239518548202
0.219730315217
0.0972570455582
0.105159689489
0.376732452596
0.306225928793
0.379810592897
0.46335657027
0.548400029761
0.225765170617
0.184896787806
0.271377982262
0.159310776641
0.18565474599
0.0605308346685
0.487342204385
0.569500613738
0.177955656871
0.39522538332
0.437207537677
0.468896470994
0.314872209934
0.420869720099
0.331355782823
0.334249465356
0.35585968297
0.546008087326
0.264718537549
0.156997047815
0.0888282831952
0.321068509814
0.253658459875
0.353153407659
0.042429194001
0.149507401739
0.465842121371
0.471855428206
0.368812142528
0.238985805075
0.262080057829
0.239419018798
0.305264899193
0.414298709232
0.284355055272
0.296713533599
0.220508952828
0.490179363278
0.175592450965
0.261638882427
0.338925346026
0.295546159082
0.337512817456
0.113224053506
0.214316987982
0.270582647637
0.181485728011
0.19628303746
0.279958182598
0.450947416686
0.330109679429
0.122683772249
0.554768325752
0.0624313013721
0.140978978323
0.304535461582
0.445075143163
0.242178046329
0.214352612342
0.47234416548
0.31129131082
0.297387573453
0.18170038244
0.266101018717
0.307939895557
0.355736795981
0.182116773316
0.167633889999
0.138579078117
0.49816407169
0.253989162383
0.0946035319285
0.238167661578
0.23206777048
0.192790511589
0.251700937911
0.290954275853
0.168366595747
0.255103027614
0.319395191887
0.275299573135
0.394385296369
0.17568448636
0.333518928965
0.305727694483
0.247297258305
0.351884142027
0.149772244447
0.137063365549
0.253726925859
0.262931684098
0.505278495734
0.519094833148
0.287932912762
0.281435749781
0.427012258562
0.337441471319
0.423282056004
0.228768159143
0.421689332307
0.603903282964
0.309021207657
0.407386479143
0.387551891902
0.488550704243
0.495263427944
0.385021116716
0.369178618607
0.493277772846
0.267902450281
0.170801565908
0.337514908988
0.240620983533
0.373564541316
0.396931572942
0.528273680027
0.380535666235
0.192531187911
0.0613337650847
0.108582474906
0.26210178063
0.307352135896
0.312629438743
0.336251209905
0.3739968401
0.0832999210373
0.345497206481
0.26504391704
0.201611383303
0.198441510835
0.256152500249
0.264243957049
0.334062581545
0.317283077167
0.3555094105
0.323647110416
0.148331978136
0.242387721676
0.368015454495
0.132284653919
0.305241959043
0.097159013991
0.554320348289
0.583011207934
0.330371141949
0.282364651795
0.348516914035
0.342340683374
0.342136945651
0.313066975202
0.190634185357
0.0943625500213
0.466749573173
0.169494845732
0.316840703083
0.400613500852
0.362772874839
0.220490077281
0.102983827087
0.337882149475
0.366220185591
0.298940206584
0.283497734606
0.221890623647
0.208998148608
0.285402253149
0.800049013625
0.275664969071
0.184295629939
0.264979859398
0.263381693697
0.00962498618739
0.0409774070761
0.261926101133
0.349854050954
0.487559143304
0.208924028657
0.371387569701
0.281260614558
0.195852613048
0.248934952024
0.341754893927
0.27222937948
0.380865330764
0.240008274439
0.223651645029
0.259304613157
0.239054371261
0.267477070908
0.203519422194
0.309872216492
0.293728285153
0.19966688721
0.297640005176
0.45485072678
0.258678556995
0.169298050881
0.493962609768
0.366631044135
0.514024134511
0.24690055947
0.181979690392
0.363193507499
0.297454467141
0.168212204982
0.156688875722
0.208862179162
0.415151265119
0.343793859166
0.294382671107
0.277437920557
0.205037694109
0.466254432413
0.459318492749
0.371970970099
0.0859754464599
0.0689146736493
0.217165777458
0.22424555995
0.225402024273
0.340526043813
0.110644203385
0.192810793208
0.425468090898
0.301236071697
0.230997193782
0.312394902673
0.241979072993
0.204559628537
0.10287912106
0.2805171911
0.29611913632
0.155940260707
0.223804704333
0.294453116449
0.259922574172
0.22147380952
0.287458439976
0.151535016355
0.161916482861
0.236271133286
0.232819531629
0.292786281279
0.439620337915
0.0867128412315
0.169768626608
0.391169875761
0.268095143435
0.261321793701
0.13340911711
0.449567006625
0.157725505365
0.227760305226
0.380124130211
0.302003224436
0.179755328575
0.327268473663
0.218691017555
0.150101463265
0.0824102852292
0.398417305274
0.124224402232
0.27965783316
0.261120466714
0.226795154587
0.289784281913
0.0397500541867
0.341970345659
0.36092063952
0.189915609418
0.375814835127
0.134160512757
0.135361217018
0.0
0.408592689146
0.194118641516
0.240126673438
0.206378998155
0.29581480532
0.180700410164
0.182113866524
0.199015812308
0.227469135483
0.147244590843
0.31817039122
0.325905732785
0.457334560851
0.425633664079
0.526591859423
0.297583214062
0.374882463852
0.531909438859
0.202574331566
0.253902398753
0.313019070027
0.420151142211
0.419262578023
0.0387952194338
0.28257514334
0.155548212135
0.397154871239
0.461450633905
0.429009238032
0.459595248364
0.391249424162
0.373003845833
0.479431662445
0.566692193575
0.457500206165
0.237945661573
0.497860477081
0.449196114707
0.391617672531
0.457173240733
0.332109576205
0.309628610137
0.228211976948
0.343790303367
0.148754010964
0.453605117154
0.145512313388
0.546935185641
0.482291267239
0.325001022116
0.274634095748
0.479782537733
0.245171999485
0.275610839275
0.367125476838
0.389297969269
0.481277449383
0.40430425787
0.315346644848
0.141666092852
0.0516054908182
0.419326307422
0.158142838693
0.505715933165
0.179052643047
0.185698485599
0.14190080344
0.463020560852
0.141735477409
0.199648566704
0.364073188559
0.282435830173
0.167666519292
0.382067127112
0.119296132005
0.425766718827
0.572991025868
0.111882480214
0.190231174833
0.0305613013925
0.240436372434
0.353614789898
0.370198844155
0.461929282267
0.382259957827
0.22605876664
0.34613671396
0.378291860225
0.58864034581
0.219755222116
0.0306960744306
0.425040641578
0.270179104814
0.310952504623
0.326025557352
0.429084872169
0.113866880427
0.270078648501
0.11619130026
0.476763151108
0.52092582185
0.0979971963228
0.267079945881
0.347842975578
0.330961521727
0.242799178202
0.181810233694
0.310952268025
0.395162411029
0.0730492093595
0.0881119046497
0.215639860109
0.489978145369
0.197087045819
0.24363468745
0.409052805751
0.468874013002
0.168243314325
0.211434358535
0.134071180961
0.135042328125
0.579328467567
0.0592312488911
0.594342968546
0.145025791035
0.208343487053
0.169988783247
0.32349232131
0.525946182096
0.302986419941
0.264396322932
0.293011942235
0.2871742431
0.157379593494
0.353512891768
0.165338072301
0.156366705509
0.334022501074
0.501210560454
0.552854608317
0.333367014487
0.511913157339
0.330364767493
0.489068581775
0.38039949406
0.430270854199
0.298614020615
0.293074231105
0.345819206209
0.40010250548
0.201180029172
0.193791117333
0.358391825858
0.536141524354
0.447638137898
0.35245863496
0.40610883694
0.879269123868
0.492227275514
0.253258255027
0.186983684
0.447373051605
0.116318430618
0.259212059343
0.31423249563
0.324361013572
0.322816845157
0.372631304122
0.427368890842
0.152689138308
0.445870174138
0.111975636289
0.124599805932
0.270107459274
0.205895809277
0.508380761487
0.35825960005
0.243461389863
0.223780604292
0.28392419867
0.368459265995
0.257019541044
0.249993714893
0.540837608597
0.467875786801
0.188140133322
0.364002020845
0.567483867661
0.0950463030201
0.413316527685
0.274104406646
0.120043474988
0.116595522926
0.20453298792
0.379504866542
0.45045434312
0.354626160146
0.286526675482
0.388080343552
0.365894498963
0.251699179004
0.211769806141
0.372973869311
0.348515196165
0.242458552611
0.475231264583
0.413038704385
0.437857129409
0.559297778329
0.467072283724
0.469275505674
0.26699963409
0.263258219423
0.454025221908
0.230815297261
0.403307396264
0.120594412027
0.101025451565
0.555249163103
0.301475336749
0.257588333773
0.421675260892
0.259387043056
0.309036104756
0.746135350601
0.36971490865
0.342895791206
0.147758587029
0.365283054842
0.333520809125
0.170011740256
0.390747111413
0.281392468978
0.252551309393
0.414138834488
0.469612724201
0.392721774247
0.395141189301
0.464416076173
0.142993145751
0.430042340649
0.514943667163
0.517593098352
0.497035680184
0.320872837544
0.184281288649
0.405349532259
0.397290431842
0.366180782318
0.382874335932
0.464403441769
0.482262732286
0.262019693065
0.139904736499
0.420642982181
0.42943476381
0.373900366415
0.385265416484
0.389751253271
0.192651012044
0.332998657269
0.337904086157
0.376813185055
0.318299634202
0.233378494745
0.26568018116
0.545025121266
0.0284919731484
0.34007632682
0.0890048947156
0.222054933699
0.273283861629
0.303902816243
0.25312213705
0.36948801832
0.209311181264
0.25653127994
0.167735920522
0.246135582159
0.269854848219
0.364929943234
0.373249006982
0.102582788438
0.265676112237
0.326375025048
0.357241510827
0.484808946484
0.193276351978
0.451286871259
0.233925425556
0.356977528488
0.521641968846
0.433882447863
0.499243568448
0.245446912733
0.456733974808
0.345619442833
0.189708095775
0.202816089972
0.161424143136
0.210405986876
0.255170862334
0.12565237198
0.315767210432
0.241909617907
0.234659752236
0.124117889669
0.0
0.189959761001
0.240078063316
0.179978949174
0.150961140792
0.0893432045867
0.349045989032
0.257135267623
0.19388218141
0.295822169096
0.341770998305
0.141598586594
0.247232050067
0.424170315217
0.34849296561
0.154678419886
0.398773851272
0.100986599758
0.26465869561
0.385592204241
0.323047297031
0.161635026702
0.397010770477
0.406684100386
0.0240758711238
0.0750397951245
0.351750270611
0.119986146637
0.556348662743
0.639834794137
0.350436522597
0.338211394175
0.412960360259
0.589937072281
0.336542011416
0.392626486475
0.418566202478
0.351801824613
0.414542930837
0.472647857302
0.323189462174
0.0290353297741
0.370909531819
0.288605077511
0.42948551867
0.459958150785
0.35363153654
0.4541681231
0.368927798802
0.386066062704
0.337863967319
0.236482350293
0.0821749840331
0.262117954267
0.0822591818822
0.294248806509
0.493301267655
0.277985778335
0.453824068314
0.0698115260222
0.141613355342
0.447798986744
0.369283823667
0.158671326094
0.307402631666
0.436966330728
0.132423913984
0.104737419684
0.0581165847722
0.36402488817
0.181286581077
0.0724941366132
0.396736252241
0.135925671979
0.085815454049
0.842155696178
0.489801036415
0.318245946477
0.204751390128
0.267461753571
0.0
0.191319386895
0.100801841559
0.316162159861
0.182397272177
0.310696699476
0.0883468478412
0.0346535239662
0.102312174432
0.328231084016
0.134910984034
0.640231467619
0.479786638002
0.204659807955
0.0904585782311
0.0503606119667
0.0331254703551
0.394088841419
0.297605463092
0.478671706089
0.362793108112
0.39451275459
0.0402266752962
0.420226445503
0.230802880708
0.320204927622
0.134524692701
0.430761174928
0.290253875036
0.103228091664
0.469137314554
0.196722059925
0.0695069557277
0.197717958891
0.178320149531
0.0625
0.341898555691
0.491515757904
0.192731698341
0.291922754658
0.0752518162031
0.389276111709
0.281792474327
0.176554942749
0.299734201267
0.360133626414
0.314207533947
0.405954091344
0.475525391288
0.132093121411
0.211734782493
0.33450053547
0.309616008725
0.46722038324
0.307953232314
0.322664779781
0.356653564434
0.219053045731
0.290419889403
0.511045089962
0.388420810037
0.35232963265
0.091775661758
0.324982057236
0.432500030759
0.795722356894
0.0969979659753
0.40902606677
0.158412127206
0.230205206149
0.341593717671
0.492705183253
0.638311314672
0.436450941765
0.187938283867
0.305885357175
0.191374179461
0.308934696572
0.303925172706
0.288671770999
0.156007644742
0.182783947663
0.496945048186
0.294818643938
0.286885432894
0.172972071121
0.298365558209
0.211854484884
0.103648150532
0.378133901907
0.368557722594
0.331617040868
0.377833666252
0.458943526694
0.415304381034
0.30188952268
0.147509745518
0.334019774404
0.0452051347255
0.247619965808
0.469697590721
0.442935816779
0.538987292523
0.22606221545
0.086403802602
0.246600435927
0.208636583788
0.154813098835
0.278651689811
0.413929969172
0.0
0.281923554975
0.542222971273
0.154702430162
0.52443030776
0.320557982841
0.0
0.0208333333333
0.247367172614
0.0840412949939
0.110132287262
0.371318607198
0.184286136563
0.348903192537
0.339455843698
0.302937406949
0.623235727891
0.0590238785925
0.422114268225
0.265624288667
0.265967731136
0.0409023760239
0.319248361315
0.246014840638
0.282612508337
0.301437439641
0.351457231025
0.232872229409
0.201698004572
0.297399327887
0.0955660091267
0.337050313052
0.338223640518
0.159566625652
0.119918610133
0.290489131171
0.0632452012233
0.217908538233
0.177624750496
0.282250287535
0.297055761697
0.452280387003
0.0854031241384
0.352491819418
0.083803384181
0.545291428989
0.110535534376
0.321075075672
0.571235891265
0.167423499433
0.189462185966
0.248602291679
0.354712546854
0.242523660801
0.200085274172
0.332639325518
0.486051996434
0.307496576784
0.32753318057
0.126787486847
0.227657726111
0.406904011387
0.0361311489975
0.511045676796
0.468170196792
0.233751363191
0.499954231504
0.126103026752
0.401984642664
0.239829325255
0.366535964664
0.519906520803
0.358361284913
0.321385057838
0.430558404589
0.0961874777884
0.243882516278
0.300979771881
0.183232384454
0.358329470071
0.24209771517
0.129427991737
0.371920082688
0.359143151823
0.392459557332
0.330039365938
0.279731424001
0.123277626162
0.314466615328
0.0794394417001
0.413101408458
0.295442600253
0.327502575874
0.220542071629
0.474309992427
0.526399287915
0.367850332353
0.430726708182
0.41935235756
0.284378539032
0.114467149887
0.294407788525
0.234241010752
0.392686453555
0.36561639105
0.362260777286
0.277106619041
0.242566250123
0.149851779382
0.206453828314
0.0475752919177
0.186786576597
0.31383954497
0.284367272414
0.408150756996
