0.0531798382713
0.11124486992
0.242697156289
0.230846463038
0.236846890277
0.0446090994258
0.240459499972
0.217942567038
0.126389471229
0.0309008755883
0.187368391786
0.0950591092462
0.0570156572463
0.101195587786
0.313768151444
0.10745669027
0.101445444809
0.0975669379017
0.166542334498
0.118797529349
0.190801510589
0.121827800682
0.135550987578
0.0822463897962
0.132934131472
0.232825014859
0.0493557419453
0.169267514003
0.378075756245
0.039621363282
0.30620740564
0.165986438027
0.0916128883448
0.176998327889
0.070855932509
0.0967669219842
0.543140562605
0.285307738096
0.238492828446
0.254615302412
0.00953797374724
0.318387381848
0.113192755244
0.0914518505857
0.112020512381
0.234228441561
0.468791792789
0.220716066798
0.0449711349073
0.0819552063918
0.19073252186
0.278377868998
0.0412777365309
0.336042373232
0.23075224638
0.230247234148
0.134850234607
0.353879983043
0.0754228849814
0.0956164453882
0.0323280477075
0.206826010892
0.112446986144
0.0607581526664
0.0978149558781
0.176483642339
0.144458832415
0.244815058431
0.0595317681677
0.0395642662477
0.178341791521
0.195556255279
0.371518924976
0.20235711394
0.0367029380605
0.0595732411645
0.211689587864
0.180226150065
0.0426666052091
0.0597343025868
0.0998549152073
0.178176540684
0.0928318555369
0.079217063249
0.21003545365
0.0568055038694
0.12970885656
0.0246186815137
0.347620261889
0.205034020393
0.222666102141
0.0395375702465
0.0586269054276
0.082815517963
0.186042468733
0.366842930493
0.184568724448
0.0961442600442
0.0128080865198
0.076432089687
0.214053526989
0.213869639085
0.184190702183
0.320825317331
0.24188340242
0.299556524106
0.419221243756
0.0864317682897
0.185434007422
0.100373240074
0.262033588729
0.230591358451
0.429086959513
0.145478776933
0.279192498119
0.182689656151
0.16738966242
0.110267497503
0.0684127949851
0.188644328641
0.081771049314
0.336450340423
0.231710740031
0.105935437614
0.0547619497889
0.196714846204
0.160979106777
0.0968902784286
0.524891560888
0.154505022678
0.109026372909
0.122499566385
0.302658327844
0.147133048911
0.0372640648942
0.0564524368876
0.0852869024682
0.244624090229
0.161421695413
0.301982558544
0.0422840361947
0.189176316602
0.172529484235
0.036625954233
0.23957450806
0.0351949600995
0.0532491146705
0.19405433596
0.496069859271
0.249369073504
0.062606247189
0.0660098339596
0.134015662793
0.0505498445512
0.0741508055211
0.262433257318
0.105335121039
0.19569617153
0.217846447293
0.234057487956
0.124929972969
0.0506526415875
0.18510046903
0.169360536275
0.0885184194633
0.365795927284
0.0267595218828
0.356946364134
0.318787989037
0.131656587474
0.244580970111
0.727604581391
0.22503308942
0.15751729159
0.124814157935
0.407788235201
0.330823388206
0.0623943114662
0.104248897488
0.389785406394
0.190292475697
0.198110975834
0.340228581448
0.19176264821
0.190315463941
0.14763528049
0.0513466506698
0.152974535514
0.199805063675
0.291666666667
0.0719569529052
0.0557407730258
0.223935090806
0.0776461437305
0.0917347730814
0.0921829252519
0.11547717344
0.120300267419
0.205051415931
0.0671984098365
0.0781105418597
0.109264816852
0.144030796834
0.429246458967
0.0861424273779
0.0684244218744
0.179458529783
0.126390236395
0.393058733346
0.176204275996
0.19423328865
0.102919616866
0.174945380138
0.0576382648906
0.0777294119717
0.186364867102
0.103393384752
0.257809420411
0.126382422849
0.108394677954
0.180918778144
0.39801210837
0.0342198908442
0.203605997636
0.228037365156
0.126118666716
0.0416666666667
0.0364832329016
0.248718285745
0.433626483474
0.213106856808
0.0582566726142
0.275390138932
0.166399323153
0.0587402639128
0.134100785058
0.044797312127
0.107184123119
0.175895013192
0.130377248288
0.227824198247
0.33652742454
0.210981079002
0.109019693958
0.155357323268
0.0210474278827
0.158422100386
0.04942866991
0.133692747068
0.258867933845
0.224540519459
0.340489190345
0.213223189689
0.210049852558
0.0
0.123226947362
0.118378352483
0.120258527555
0.165869662301
0.318927413748
0.0618298896348
0.420745231661
0.0967134731637
0.0437439529396
0.171065862884
0.165156064947
0.131085949336
0.0588486870464
0.197310544879
0.183907922548
0.121419726138
0.0707526754066
0.0801984354492
0.314633951741
0.289261934173
0.170949582204
0.331151694168
0.297995919143
0.175527956918
0.259703151573
0.28517725818
0.258155812004
0.192467448636
0.100180145015
0.297780569131
0.0744453850013
0.0425955706487
0.0520215639225
0.431607577528
0.115468525048
0.261492992257
0.30599844731
0.187242522667
0.225944561568
0.159894365851
0.21378457951
0.0
0.0710142627512
0.0836816171947
0.152337419299
0.192075271245
0.137597447372
0.189495513428
0.155636619913
0.211983805258
0.153785713319
0.389969893697
0.075800062678
0.143408026153
0.137411458513
0.180406237032
0.0849845324731
0.136716602744
0.25210804615
0.189049259926
0.133432435282
0.337447781552
0.109117997133
0.0993638930615
0.425368867688
0.172585688834
0.159008010521
0.127818621993
0.0634294872842
0.258489560893
0.142348955971
0.188166133103
0.133008212267
0.0637674569893
0.142255646993
0.235692049983
0.0966808112719
0.122965083565
0.111701806843
0.0779780047134
0.119351117699
0.110845416816
0.103102195009
0.0774915676977
0.0917625455555
0.0956457262874
0.105016167717
0.117624018886
0.368803874594
0.0961944318519
0.0429118154981
0.354075643366
0.135835792273
0.215682924861
0.140569203495
0.227603569441
0.296934807931
0.0969274035201
0.140635833906
0.0593963984774
0.0
0.263739157893
0.27195475029
0.200155271245
0.197142878707
0.227970694532
0.0566969783307
0.132807211589
0.101537795524
0.402018700095
0.412039002315
0.19728107275
0.300410694522
0.286656167686
0.30301958845
0.358006092047
0.232993271507
0.0529084883254
0.504897724896
0.211944337398
0.0260193827742
0.184211228785
0.0957488967044
0.231810594431
0.225054538259
0.225922593311
0.0379883509032
0.435571685359
0.232955941829
0.0286379966376
0.346370820239
0.0374351162496
0.102288894141
0.389085330192
0.10842124252
0.382067144588
0.0725926682414
0.244012190459
0.196180428567
0.09265087108
0.0590225094906
0.27421565435
0.294849959529
0.448810551698
0.313059774354
0.178641609549
0.0817194617863
0.174196770051
0.0631608538694
0.223653278466
0.252243141591
0.345243211473
0.25439047151
0.349394484794
0.386703666943
0.220957781224
0.0742131729229
0.0855264544133
0.031703153135
0.123579809356
0.0405547190306
0.308154904398
0.262710477285
0.142057555672
0.0737786635857
0.0976210747175
0.293126370662
0.32797134812
0.268514246166
0.134216742702
0.201350524667
0.289755461134
0.162173816167
0.183924365339
0.216235392642
0.100190994419
0.174419668391
0.524038912626
0.184057975433
0.272135664207
0.0938399389539
0.161624673822
0.13675301436
0.0729553316666
0.278369397028
0.30983772944
0.109552423746
0.154887098233
0.301940460852
0.120124264178
0.165848031639
0.171464502756
0.0367590837019
0.102932938487
0.0899918699027
0.102538870012
0.159726342227
0.230366666953
0.275406465828
0.089044159872
0.0
0.0522173084468
0.0975433359803
0.166856897976
0.19923828627
0.284969411651
0.0951005561401
0.0605804231462
0.489345861602
0.103209375807
0.231704139133
0.148232997882
0.196696447232
0.0485250969364
0.036222756748
0.341392479581
0.0404059827652
0.184883676902
0.258378762032
0.264946916693
0.170790709618
0.179706695934
0.127935701337
0.199562635022
0.129082117488
0.104088390815
0.129552664473
0.121984635692
0.0920410586269
0.160287123618
0.215166969202
0.15893477888
0.141310403668
0.124928084323
0.177355386035
0.143755355142
0.077244344632
0.0210870458953
0.123651922965
0.192147317478
0.226412628238
0.089023867981
0.139403824823
0.0257435319739
0.094122361755
0.145993036169
0.233488858266
0.197384357463
0.102537319142
0.18110862139
0.201404672437
0.202481416198
0.328329127142
0.310314480235
0.0992088013182
0.0940937359517
0.273332504393
0.0531086422888
0.21892317869
0.0522041496386
0.177938331074
0.10295998366
0.40099100006
0.209959042661
0.364814112311
0.0642279597899
0.109080215351
0.0505421068606
0.115671322478
0.066375954187
0.0939977997623
0.0953956363835
0.204758409801
0.27395261618
0.0650386094595
0.204954993909
0.0345974416299
0.33662170648
0.237977402797
0.375541464951
0.123845114761
0.112162367429
0.0399361150601
0.21589336348
0.0985408772109
0.328037659457
0.30228700426
0.298426081814
0.297527951375
0.332180954523
0.270147654301
0.240664160241
0.205294655887
0.328443645957
0.111626963635
0.287145494792
0.0622828086843
0.0992184851514
0.288929450391
0.188096845209
0.316956808026
0.139627975206
0.187290702152
0.0306887194268
0.0385743984466
0.304575761976
0.27804450151
0.0495175362023
0.0547009188388
0.0388072623985
0.060965248654
0.159605667095
0.0974722266695
0.529441671012
0.0829322944049
0.0718871055356
0.059010114746
0.158364442923
0.0642731420717
0.209957158971
0.129048684246
0.165688985149
0.0791763968345
0.0843655512516
0.288225277769
0.0509931255382
0.0550617534034
0.105840062606
0.0905948474374
0.222898846854
0.0847812764059
0.253552618009
0.406760409593
0.101308244138
0.283993417119
0.0977507579447
0.141877588702
0.18342746176
0.324950351225
0.202013042367
0.0466287438459
0.17997215617
0.0767429017931
0.0852549313974
0.4436523245
0.135665273979
0.0901764457762
0.304728041313
0.0912284767182
0.257891056687
0.112814397739
0.0839965776329
0.150960067681
0.277285489312
0.195913527345
0.16178975134
0.112246256527
0.0441941738242
0.0683716631877
0.0469780272034
0.0398186504588
0.0582184838089
0.0826365670212
0.0377592572761
0.0542272396372
0.156893280236
0.143882603194
0.258197867959
0.064107109899
0.24049348239
0.217984230205
0.0433186080386
0.34320591303
0.195005570423
0.138032605886
0.0892899728952
0.241847442417
0.0123875741146
0.079459817133
0.46354403683
0.173615612652
0.202120346816
0.272009680971
0.32806216426
0.128140459358
0.0396309784734
0.158699522547
0.0737577738571
0.299886290451
0.115363128314
0.137748978869
0.184512186321
0.226357041827
0.229591487356
0.101640284421
0.232046992185
0.0951018488583
0.292709982471
0.124258377126
0.16309199671
0.0662975091327
0.0559437676295
0.0371732445224
0.0347988423359
0.0614251716349
0.30118789173
0.196037832328
0.22105018294
0.213676337874
0.494495774368
0.516001731282
0.154699466843
0.165757736438
0.156167108525
0.25390082137
0.21063875719
0.303067439126
0.283122387071
0.0418428561126
0.0911044538474
0.13913365214
0.040365951857
0.0292767112181
0.155244500361
0.114142449611
0.405687162324
0.342202588905
0.10187599817
0.13913365214
0.146217079974
0.194165555079
0.274923437247
0.304590809465
0.0997034075076
0.269278884271
0.377920824469
0.106451707963
0.0624210273749
0.125759149332
0.216697831584
0.173004390201
0.172757048686
0.0557750010512
0.0748276779598
0.0786942642772
0.0696373801526
0.090986840229
0.0428505093525
0.0
0.187964132401
0.117230847943
0.0295931728442
0.022945638121
0.149893934501
0.0830187731825
0.12465158786
0.33995685478
0.048357806254
0.0898786064697
0.0917751424691
0.30053837279
0.0733204450982
0.228573038278
0.0859474029156
0.153381746133
0.042490151488
0.0960879698536
0.0394065020167
0.113772792509
0.0220256923944
0.121965433923
0.464610982683
0.0939301471515
0.128191465067
0.188515242724
0.191602930078
0.097651361194
0.172576590295
0.195256383482
0.0726685103106
0.301167571402
0.0674891322041
0.198678354361
0.144846806223
0.106865683504
0.105865103721
0.0170849155661
0.438456247366
0.296429526527
0.123137887926
0.188902288271
0.22449198063
0.138926489678
0.0256161730396
0.164695467576
0.158725086149
0.0318626767379
0.0917224927513
0.0626683668898
0.366192659635
0.145511323022
0.158691708131
0.0226852524859
0.145833333333
0.136979963721
0.095722947928
0.0705483559974
0.038282790842
0.329771204374
0.241720820592
0.0420309268616
0.642518675318
0.0601930100237
0.116054953893
0.0256475339618
0.149926789273
0.0653318332535
0.0340278787288
0.297912143469
0.0507845120205
0.342261483113
0.28695609121
0.304871064246
0.0693326302166
0.106357222479
0.0526287525094
0.0940376104975
0.148340395683
0.384255116136
0.150973837026
0.0247509081463
0.159366302502
0.0364437996668
0.338165371043
0.0885273162941
0.204728101899
0.0873330306612
0.0425955706487
0.200417033762
0.0152921858707
0.303318302468
0.0
0.0569477793285
0.029487102177
0.0326348742124
0.0376500834837
0.0873734513306
0.0780283312724
0.0525560259534
0.0625
0.0939494768601
0.0656064351327
0.0328941337209
0.0815259079832
0.402497513344
0.0267467067335
0.194806114724
0.323763396844
0.11649346943
0.134308342052
0.0405478550709
0.124116060214
0.218189717146
0.334894344222
0.311201375021
0.0691223753128
0.218625725983
0.154822264057
0.169723995115
0.120882590039
0.0451943265126
0.389017398167
0.251858397483
0.12125469575
0.037583234749
0.295828642566
0.0607581526664
0.127785935033
0.289784330428
0.0763903836594
0.0407984443571
0.23860816493
0.0798595069349
0.120810867003
0.252925370378
0.453908558223
0.104332554198
0.0850483904594
0.39730992957
0.0283768410348
0.319797853508
0.0
0.0419909895018
0.118706721612
0.104813206107
0.117889744134
0.0875848468739
0.0923884048645
0.0877240312345
0.193755396054
0.0907928968939
0.282326820913
0.354195756088
0.0704381397667
0.0448420946558
0.0383717575646
0.161846667365
0.0714912053149
0.0352546641655
0.0534400340401
0.0415330565572
0.340256806812
0.0885602968715
0.0993534515215
0.0507036916099
0.0881508447828
0.111785476258
0.0280815072989
0.0947512385447
0.351363177239
0.0479607121419
0.494322923459
0.254075769653
0.0674273713751
0.136630227379
0.322869483787
0.0487745937608
0.0844722603818
0.083122586614
0.23702757688
0.308687780746
0.0877755331562
0.170418424884
0.163401509538
0.0688582963104
0.120944427722
0.250026369852
0.362953508332
0.0572411555954
0.089039407671
0.255105299916
0.363737358694
0.0950832442495
0.194223149109
0.0226852524859
0.148030652999
0.179482700547
0.0528320180753
0.0374370856401
0.15117802471
0.0964744552473
0.0985872751462
0.376290812522
0.113147494425
0.301136242891
0.0675170887091
0.184195359481
0.128032842224
0.0563369706085
0.167586808206
0.00893504046834
0.211753286521
0.283735887319
0.0526194329214
0.148118521444
0.127980772836
0.23330920508
0.102713449578
0.346443085794
0.113427827075
0.169928749867
0.167324598677
0.259900740951
0.0361784822218
0.17816741905
0.193996988414
0.0449348275797
0.0603080790792
0.178669478263
0.13008805164
0.240509387851
0.170941601496
0.0977744636979
0.0463912115102
0.0592413998009
0.20330740801
0.0718721369749
0.0610265838882
0.0651135898407
0.0412263364398
0.0712316795169
0.117230810546
0.0795184960788
0.19835857578
0.0860631510909
0.155373185715
0.0383653358118
0.143094284564
0.217956607268
0.174409435902
0.255430877403
0.0300909335549
0.0812044365464
0.461351147452
0.172458589779
0.236793821313
0.0410513026806
0.213058627223
0.349298543696
0.239867239226
0.313491993593
0.0828910947716
0.163626188643
0.0655531592433
0.449019170971
0.118842185525
0.182985631887
0.0721925007866
0.0799027272549
0.0751691258543
0.198819271746
0.133786967809
0.249021229756
0.132896719098
0.12355568728
0.105850158677
0.0858716521269
0.14437568957
0.278896673697
0.297447382721
0.0900305278691
0.0892010588593
0.165757911353
0.0452061368202
0.0247509081463
0.17660276891
0.226309298582
0.0380672438466
0.126280514756
0.0437147493337
0.439815269676
0.0914541895043
0.136193941378
0.128281638055
0.167582033048
0.0376024783551
0.0532004209233
0.0922699244695
0.219328138099
0.109228300254
0.520421294453
0.18480659448
0.29597013344
0.19663158522
0.298707710557
0.437313710458
0.143113338377
0.154367923135
0.0947007446521
0.0479570973957
0.266530442082
0.269729705144
0.221567632641
0.0648352458602
0.119201140662
0.105494946615
0.346570831203
0.444629108157
0.0798735410224
0.275826896813
0.369398202301
0.14650916504
0.12455046997
0.217460067295
0.0
0.122745713441
0.11240099186
0.400630059216
0.19303901593
0.136630227379
0.251438059341
0.0894337516067
0.206061407107
0.14540293888
0.201330318478
0.0
0.0232725755234
0.213848214329
0.271000090278
0.20199893822
0.209950777728
0.145640687493
0.0734248560237
0.205118675633
0.31161963691
0.0351749147583
0.125795807746
0.253798248943
0.124467003565
0.199600621174
0.314581050577
0.209655121527
0.0539160912978
0.119108361476
0.318628803108
0.0949334243309
0.0800186753178
0.0783299101177
0.360996532294
0.101482166417
0.258396319625
0.192413554096
0.109882456054
0.202797833226
0.0438626648592
0.408912555796
0.156378028718
0.086761620787
0.188545560379
0.109001954807
0.240486173071
0.120598376143
0.0854840152924
0.150644136386
0.202380534208
0.175428054814
0.105046908966
0.0799317558442
0.0979002649207
0.134989473453
0.0657466226388
0.0645658138986
0.0816672793919
0.232272790401
0.174608114351
0.377234109689
0.211854792696
0.158975057256
0.113702962546
0.14366230575
0.399935425665
0.165207165913
0.0651149594866
0.0309210857526
0.174627710318
0.401412435851
0.17152482245
0.220750338938
0.0847567332914
0.0562667734652
0.142809698661
0.155022036564
0.391050588271
0.215766646898
0.0662893824827
0.149154602201
0.0827258445333
0.203544540329
0.272918050697
0.265983120055
0.0877211498819
0.315783760286
0.122707658169
0.255978450074
0.0766420639596
0.176675070097
0.200424513747
0.266707576795
0.313163734774
0.035461147406
0.181625345153
0.162257846401
0.136921728171
0.120037446465
0.147039155697
0.274796464855
0.00541937598982
0.236817078922
0.0413757225484
0.190187607465
0.260937787039
0.0724237755089
0.013932089687
0.165274604221
0.0802273843326
0.195613722414
0.0573004504628
0.0908138519731
0.261874107286
0.275706297897
0.136247156419
0.0787257996805
0.202839083872
0.275622452295
0.265471180611
0.318082802605
0.327861874366
0.0777272186371
0.309620506854
0.0137046366927
0.26507985596
0.128662773087
0.27130582525
0.114208028619
0.312617677871
0.0227417964069
0.423685068493
0.20516291597
0.21387425083
0.0340478350535
0.14422813862
0.227483829867
0.0207905308464
0.0796913037779
0.313515930369
0.193740380717
0.0891337340626
0.160263403538
0.119390487424
0.264114091224
0.135117148121
0.161062286073
0.0693853900062
0.201383484426
0.0666955548022
0.234305710542
0.306837509004
0.0768221498269
0.30297198074
0.390355870014
0.226697651756
0.0374302521103
0.337325361678
0.258871896246
0.161758631009
0.299068348587
0.270213919592
0.19384936153
0.0584682391852
0.224173847746
0.327488065791
0.22118236608
0.382445417776
0.229229961144
0.036877727808
0.247239144239
0.175283988773
0.269903365555
0.0530718450229
0.317711248102
0.620627602018
0.17056695916
0.278082936964
0.190944530468
0.547588972379
0.359597863128
0.538381772837
0.425753048317
0.413805677048
0.237406891745
0.349341475466
0.158469092325
0.360438488393
0.398940494535
0.51469018724
0.329962614434
0.451747597684
0.447073058655
0.353285045798
0.394707855288
0.321454075053
0.513596231717
0.264530729483
0.423994244515
0.364212418641
0.0
0.118424532311
0.253917902968
0.0394031685184
0.492782527074
0.309969782663
0.386788623679
0.410138487895
0.276500641072
0.163759213135
0.297905043513
0.593313194108
0.344551288216
0.0306069028751
0.0631166504304
0.376118948881
0.113931997502
0.301027975329
0.122546662874
0.175420728689
0.132798605711
0.318467847022
0.0620073256816
0.0917325279645
0.16616840956
0.402796343694
0.0409954511133
0.465193351466
0.166747404207
0.340429159819
0.328491452131
0.133914076102
0.259639573698
0.238903173018
0.109138664369
0.298607341403
0.224836500094
0.296548458737
0.321625004183
0.0895537960007
0.0436104633005
0.537245777665
0.32554611789
0.235397461275
0.450448075599
0.216279636554
0.31896099666
0.195117930698
0.301869633253
0.149389291706
0.533478121148
0.37816199506
0.426827622309
0.0425046294833
0.286207020292
0.277520462482
0.337815123144
0.238129064796
0.233850172105
0.44460164926
0.309600915595
0.32981130976
0.103312496997
0.42869915792
0.14313829889
0.0506526415875
0.242171526698
0.357560193549
0.226333275519
0.265220990692
0.522223136264
0.101350251144
0.15089507757
0.162958960212
0.290957067247
0.148163452005
0.249194886418
0.126827462859
0.290397447308
0.410854058842
0.297538303713
0.169284972467
0.0576199091683
0.280183419839
0.0352784150052
0.389962879964
0.348112880168
0.209055973309
0.310750671581
0.197042289958
0.0949315158847
0.373121226782
0.301690831504
0.161059947354
0.0836138422186
0.324501280881
0.383388785427
0.205626707307
0.1230439614
0.381302873032
0.36272332932
0.210793607106
0.377091336242
0.305427680353
0.270587994119
0.176180792565
0.130565233121
0.13243673118
0.303702829861
0.223886267329
0.139041420594
0.302862935619
0.250669232544
0.448658874404
0.0824230755031
0.084350231775
0.328662128412
0.317439752198
0.340943047331
0.181153228137
0.322879003772
0.344447206505
0.271091571414
0.232349911809
0.0948074773871
0.37357066685
0.253920808818
0.373338569067
0.27305499353
0.0530690793749
0.444545828208
0.176753508108
0.19027330606
0.291394537609
0.129913282773
0.154667334968
0.200879474147
0.0249714761702
0.100647740616
0.312117969536
0.517294259272
0.0597371543582
0.34521292971
0.4375
0.426011212718
0.468076427962
0.29162139769
0.228161383103
0.279099209874
0.417588669368
0.269479596364
0.477109761601
0.30405872421
0.0790405206887
0.0741442021054
0.393846321394
0.306864152178
0.210439116465
0.432731508867
0.350978003136
0.702322901015
0.252195269201
0.0158299101177
0.274263467242
0.699698643667
0.300251878267
0.0
0.262873997478
0.242548299608
0.446515403071
0.0
0.25267158088
0.349904701948
0.340290101662
0.353566762267
0.213058990365
0.281630722942
0.659972911796
0.0661590841048
0.0996167367059
0.239128477267
0.327322175598
0.630798284785
0.356758304791
0.379994888491
0.197620915391
0.0361245752346
0.0806850554062
0.302425196154
0.141339727005
0.280248249535
0.65401843411
0.0755452775669
0.349179793719
0.288061000654
0.289589693481
0.203901349901
0.254965719355
0.166534287722
0.378723873033
0.233746397724
0.193570297595
0.201008837611
0.388448227544
0.0849086256471
0.119568670639
0.466019450006
0.292943710466
0.369038339644
0.10979208816
0.181105671153
0.29743035817
0.314246032351
0.37969157019
0.168708516798
0.533703167817
0.315411134805
0.483316754998
0.460559613218
0.434138408381
0.382764863255
0.393397054753
0.294856616148
0.333806424665
0.501555876679
0.46308972442
0.0630216182219
0.242599127257
0.34582709501
0.568449984323
0.360731050067
0.390036525133
0.363363020717
0.212835673204
0.728195487175
0.206697807599
0.222439662424
0.252535184473
0.411212568388
0.16530450444
0.219007540808
0.141266922776
0.397826530129
0.466509449317
0.215673098928
0.16587448009
0.350412993277
0.467097691972
0.226184428453
0.39283561478
0.246380890364
0.393379383563
0.485742990584
0.312496520908
0.322952021463
0.236321155191
0.360640260744
0.188985820387
0.395221185502
0.0
0.277816141079
0.0589250830483
0.0710361227386
0.288978821763
0.0
0.0
0.0344658929615
0.140100513435
0.29836786805
0.122008224916
0.152589790174
0.109357557913
0.445013760163
0.384793265903
0.278936575453
0.175813409901
0.369715267223
0.399421201998
0.463272346826
0.0755162788094
0.403566098622
0.53301710143
0.579694987225
0.354178173702
0.224817219213
0.205661595462
0.136185631681
0.300633648267
0.0432710217577
0.0697554374963
0.401916418136
0.333256355683
0.297148532664
0.392261152541
0.0928665328391
0.196394601958
0.271122431917
0.275652061422
0.0645661873205
0.253186498889
0.30500870723
0.404380045586
0.0905060209133
0.352405285194
0.349014620125
0.196765380513
0.306341134806
0.260140095676
0.241335082993
0.368479676871
0.107203229218
0.344139369891
0.274480520145
0.0724842016408
0.115407856253
0.251038643569
0.390032546414
0.125
0.327486180142
0.362325491488
0.249087565219
0.274558136005
0.400657670684
0.116722720703
0.42565597819
0.30439611236
0.457931499621
0.0456944028568
0.227531974649
0.187925009162
0.1723432541
0.230064105495
0.335185252486
0.186269345171
0.337034992715
0.0747456409941
0.391014384953
0.414536361614
0.39481159975
0.474227579075
0.43532053336
0.526063746399
0.387316123302
0.415633179023
0.162900556624
0.394403400462
0.24051440826
0.346246416532
0.46283372177
0.41560026486
0.568284122923
0.238995265352
0.407803046038
0.507359734281
0.305944207637
0.33275138783
0.361700109693
0.288844585591
0.159516895935
0.339969541419
0.370837009664
0.462500321419
0.612901134593
0.302781118798
0.502336829624
0.0569631517176
0.421187771112
0.362034954371
0.431686702341
0.420698504128
0.308794320093
0.283672299459
0.449279440052
0.381339301059
0.479629930604
0.431698224375
0.18716633734
0.403412294417
0.120741797675
0.281092822776
0.396124407307
0.333712025203
0.285158946638
0.205768654378
0.525663533274
0.35156922496
0.140990415194
0.572364194396
0.551269955088
0.278827266661
0.292771920323
0.143311122692
0.20577453013
0.293937230607
0.191203947755
0.288430213997
0.380447951214
0.0415893765095
0.179777527067
0.451043361542
0.414589927056
0.395885999962
0.342491846157
0.46236824132
0.503205896299
0.399132699703
0.262285220918
0.499244675381
0.269122343294
0.48430505635
0.255360461537
0.169053985703
0.159414778837
0.0574526193332
0.465827571251
0.518578078634
0.619492285085
0.171594675206
0.404626095669
0.453881772606
0.157225165531
0.283740125928
0.204033659394
0.394161358819
0.526971197049
0.215143674632
0.255904596528
0.384657020066
0.408911209765
0.423982234392
0.475578465955
0.488201639748
0.31309783179
0.125
0.711575053332
0.402375917925
0.260878171704
0.395514918498
0.345794011132
0.59942322985
0.373075997291
0.480567589585
0.240266334436
0.376212369161
0.390661277443
0.256019546804
0.311981759967
0.46284155159
0.494124520807
0.419948159873
0.377444766695
0.474273162367
0.131201880078
0.138510567658
0.354391849436
0.289135042738
0.300305961675
0.0824821914899
0.665949563867
0.299308050169
0.564268640462
0.40888451518
0.394776435296
0.292444958016
0.313491382593
0.368507143301
0.549159157248
0.266094449418
0.181640595588
0.445901953064
0.747874023063
0.338057061798
0.469514840446
0.220999158911
0.394493106258
0.360961666703
0.26754264504
0.635711095566
0.414842011065
0.354659150904
0.333269801645
0.0399990287322
0.222578858202
0.41224382315
0.513133995859
0.384463746569
0.516031342389
0.428009905971
0.25834598393
0.470595909748
0.645439022234
0.341433112846
0.290871496057
0.364669865473
0.242981825395
0.274091158148
0.43887011015
0.580358462326
0.525339735626
0.321985105324
0.26850007485
0.418109806422
0.347101988669
0.0842363129723
0.413614503564
0.344126616586
0.0866024113263
0.387963677489
0.34240391855
0.385212923128
0.434659392218
0.271201969328
0.36442538903
0.343771949386
0.246615024781
0.374421391544
0.0694532022242
0.367831999052
0.527590534795
0.49745141054
0.461476854576
0.303687220365
0.0876698596988
0.499793143671
0.27647591722
0.365957387089
0.279961201805
0.484773362133
0.660522089781
0.658910260577
0.291379627803
0.418478845778
0.500595194757
0.16353325356
0.421827176764
0.604437409774
0.403112653387
0.387890638972
0.248159706843
0.0959626426896
0.44178259346
0.432892289877
0.372883753696
0.271513542381
0.317446515644
0.473949649093
0.181615251382
0.306530131337
0.522164534392
0.117030459251
0.261184417561
0.471791354571
0.9375
0.298812925958
0.475165282942
0.260229438965
0.290120566638
0.394151861587
0.467370560086
0.335411817255
0.467990444743
0.123879316818
0.323249620379
0.336750974836
0.502169967269
0.440633390485
0.445281798879
0.416223495366
0.410297926518
0.0801009054793
0.103993072112
0.163228135732
0.363049260423
0.313455906329
0.121299629989
0.400785430338
0.36749183931
0.297916259093
0.242873174942
0.313134614758
0.259790006432
0.291980131538
0.410479622424
0.346944423982
0.29425628816
0.263416890898
0.352524678322
0.127390879718
0.15893450814
0.183496493718
0.25157035691
0.0243820405416
0.166408135981
0.384978412551
0.0
0.0581842677003
0.3326255076
0.340051550897
0.332752321567
0.127691559278
0.246629740783
0.200382287537
0.281690246096
0.197845327576
0.0912062407052
0.155977349315
0.117038181094
0.274359438993
0.255581686656
0.481458936807
0.311954779373
0.366970139493
0.08976178903
0.110642701718
0.239748014391
0.199559893495
0.160789731549
0.182122495593
0.201187266776
0.174050760537
0.0883141117585
0.187078232284
0.277140234184
0.324046422647
0.223134354803
0.232381541416
0.438067621869
0.384848856294
0.509587669451
0.260867192056
0.218122746945
0.174101417905
0.333480242175
0.155950450547
0.179110285261
0.307599426139
0.305155504302
0.30800311299
0.555514930665
0.350425729432
0.447397267701
0.137054147069
0.490812502149
0.48259671976
0.278978246666
0.305075803488
0.197868232713
0.357014440124
0.318620092154
0.23987029734
0.249334358258
0.41836102525
0.376916678409
0.290889926367
0.316828597718
0.170734840462
0.0656252142739
0.323223189308
0.370233809476
0.272087166013
0.331134564021
0.138327314279
0.345513482706
0.343308337233
0.33668084638
0.278945689085
0.338540642804
0.242450157657
0.275907926273
0.516559091687
0.341577353277
0.40498149806
0.288920906154
0.296818303766
0.342189417974
0.30532330542
0.523112762718
0.220528135052
0.279142793085
0.332047041044
0.0474897303532
0.335720248916
0.18626022397
0.217239154979
0.15981530642
0.0749556216583
0.417706451943
0.284714561947
0.320158203519
0.111486216589
0.207776458948
0.241480334651
0.495825759626
0.373245006496
0.284374289908
0.304604714799
0.308443224981
0.168608967039
0.282107675378
0.201388932483
0.349097380652
0.320187661009
0.489237293214
0.359850031564
0.288657647962
0.213011345423
0.497069311885
0.225047636858
0.208277419009
0.281820747554
0.222237933418
0.0174704954637
0.278904947243
0.114590730888
0.310740427298
0.282374815873
0.306948014278
0.269369312627
0.189998376511
0.316983509531
0.197549494956
0.213830384045
0.297456163942
0.301376894848
0.407770728125
0.242036028546
0.230128760869
0.209070249825
0.518803827527
0.320698519235
0.337886443382
0.169553433983
0.360902669533
0.284029433987
0.341266369303
0.332414735763
0.509241711856
0.210261123804
0.368470051084
0.193984168654
0.384554999132
0.355690669269
0.145238555509
0.497546822894
0.319527768262
0.19675185814
0.306691395233
0.290685922365
0.35444365118
0.147316638468
0.271815651513
0.327341555651
0.151021791985
0.431997198856
0.486384317345
0.297140653047
0.50589285189
0.220462104135
0.356869079248
0.306456832385
0.256405049011
0.0588330036438
0.278464776463
0.174837912319
0.289943072083
0.459402269727
0.37842610487
0.3172077635
0.376294923033
0.222580456369
0.331153508802
0.481141181666
0.360562383853
0.165932327585
0.165939228689
0.0957370625336
0.32870438183
0.370946649384
0.302063813342
0.261287963773
0.4002618743
0.440422870924
0.548473404393
0.222154897775
0.303343591601
0.0864221447693
0.277502903178
0.122064678623
0.490312686567
0.156380657197
0.108943575539
0.0871495551582
0.186046046002
0.305245178427
0.195480808033
0.114331827265
0.215757430138
0.402566559383
0.289649838025
0.33038845192
0.263734496476
0.306426948158
0.372364314954
0.384995734935
0.309492653141
0.320024632491
0.180704727382
0.183995909108
0.374868518527
0.0895110993483
0.359426729176
0.302907645627
0.038029259625
0.284418880995
0.439414144151
0.25252627936
0.147023013525
0.372618268785
0.373205384433
0.3208907236
0.46877634799
0.276719881845
0.373854974713
0.209641988733
0.482259490656
0.414956125841
0.451440866177
0.313106664256
0.52952728628
0.323114849121
0.476077441389
0.357888501169
0.432008439901
0.146551151342
0.0
0.503687084887
0.0936502656362
0.532487105459
0.274596727548
0.386309347308
0.25436502987
0.39261620763
0.235076260911
0.11156424503
0.138232837811
0.168539458329
0.382795399655
0.195804980858
0.262690878589
0.266291382663
0.557946238417
0.423962700141
0.288755876218
0.251558336591
0.200068573593
0.336814659609
0.195634367184
0.321030744542
0.0610459298785
0.210202271272
0.35512505465
0.530613678868
0.398491728042
0.346950949345
0.457000188044
0.135806077467
0.335257349383
0.137073836612
0.476807503829
0.268019060987
0.367842086853
0.126632678564
0.0610291419603
0.506230526804
0.28794242516
0.356999042475
0.193397541887
0.293504129297
0.264381748519
0.242235412178
0.0810379404322
0.0730722386833
0.260546492652
0.273071890073
0.260550204525
0.445356171082
0.412506519363
0.333066925209
0.29628258586
0.390463371248
0.288254591702
0.246301351298
0.0933480446547
0.213629291911
0.347463776226
0.155859230232
0.257934327888
0.38491914319
0.39178985228
0.352514251285
0.312330902095
0.367380733726
0.276663104747
0.20647351117
0.320082669175
0.314132825534
0.187864341682
0.105928275606
0.168071120748
0.386540001817
0.145177026272
0.0593579298479
0.0519297236505
0.495251287476
0.369765837258
0.501092003016
0.253062570345
0.359052887024
0.23294979997
0.281896549212
0.373983250298
0.171558789979
0.401086631083
0.338143238808
0.36877380423
0.319155165171
0.187117524022
0.232525132799
0.291359656236
0.236040905258
0.204215503523
0.323233470431
0.378486465242
0.0685012371118
0.390008287373
0.549964102075
0.410109842367
0.35657828229
0.168193004596
0.299031001538
0.0631697204155
0.127640199419
0.413817728891
0.310679034142
0.301115599601
0.251178110746
0.377145174946
0.232379362649
0.411323845893
0.194080636464
0.207239799687
0.208332269026
0.214604758367
0.234528309083
0.103778518518
0.287569729809
0.301998405783
0.257475506633
0.131609493333
0.399476323052
0.215632821508
0.174803691963
0.317556579896
0.48689269171
0.467951799741
0.315092632418
0.315633232277
0.36159470399
0.454145890898
0.249986298877
0.172535227608
0.332686947558
0.280884701891
0.419622005944
0.489470665261
0.0830140314754
0.345085473815
0.310996030812
0.499493437097
0.566116957569
0.387167347373
0.391601017487
0.295137878393
0.428589058332
0.469940340065
0.371135880092
0.402571256943
0.556695831817
0.394635757106
0.265698994774
0.18055455176
0.328956102802
0.353916056586
0.333166189612
0.274647580354
0.46604573812
0.264963056331
0.242396755059
0.3727970462
0.310685431073
0.348496890006
0.219954260853
0.41386135762
0.380525370776
0.349754988644
0.0741543476851
0.27001718276
0.341139392381
0.284095102863
0.101621030409
0.357499882857
0.373279906511
0.20471857298
0.258021615971
0.296355109438
0.190380375534
0.470856102885
0.224980269139
0.142419603169
0.34239566182
0.387459046784
0.28319538622
0.364040913485
0.179866410931
0.24929200067
0.419699556219
0.167346475397
0.393511955216
0.281438079409
0.384226118111
0.500231207961
0.398464203683
0.335726818628
0.39411930555
0.461302614359
0.322350653351
0.418917517382
0.141207796718
0.173757996636
0.385582510911
0.242320954541
0.383400421724
0.275087115646
0.436881816545
0.589500804011
0.0428567576713
0.516348214478
0.335903322737
0.242379426147
0.350674699829
0.213002222435
0.275065614075
0.311667778683
0.591033401523
0.227127335431
0.282888412367
0.274649335457
0.315078852855
0.0147313912747
0.0229001286364
0.239281080937
0.156879325271
0.355662996436
0.232609339757
0.351381687472
0.338129209542
0.170457948525
0.142927007377
0.336586444611
0.195024236633
0.183738625921
0.216314385435
0.301240798884
0.347391413627
0.300196565744
0.306251973658
0.245299096039
0.267670834071
0.10080964835
0.361012663082
0.149067822096
0.394347895089
0.419885613663
0.653956644654
0.372888040986
0.23126569748
0.435952650671
0.29362834696
0.339620108508
0.286434077393
0.305530709267
0.0654768474094
0.283101436245
0.312452259455
0.457312839375
0.34603621777
0.372380311936
0.441027722577
0.374811923204
0.356486803741
0.376416718237
0.413582394503
0.126949496962
0.256096570781
0.295274846449
0.175548266571
0.30482703579
0.379840223586
0.216363858582
0.352754764726
0.282954519851
0.18514156102
0.216674109589
0.3168097189
0.245685151703
0.187505269999
0.227963645967
0.205636922588
0.304054009268
0.127732212006
0.159924757405
0.304710895795
0.40744220702
0.372022076472
0.263675011021
0.234829726091
0.28495193293
0.172024669791
0.30268431367
0.321494631275
0.385631439183
0.0188036726642
0.164731336975
0.475933901414
0.238529806305
0.261728680627
0.255379493083
0.294404763756
0.402275480045
0.361093700876
0.368749318444
0.332588917968
0.168992160852
0.257306667058
0.282306892204
0.1466903374
0.0414305696588
0.376986066276
0.278418856083
0.315352465628
0.371146996541
0.357755475757
0.315242369196
0.194893855083
0.293198970383
0.397871093555
0.455754064287
0.247862514601
0.344473311883
0.289765057257
0.0
0.340175344506
0.358885424305
0.262233533939
0.418068045675
0.260616933056
0.410183881175
0.268582247167
0.254123251599
0.0979445654561
0.17077549665
0.327202945808
0.308510826296
0.192068443606
0.175711031322
0.0681485887715
0.163134127799
0.258518714455
0.173958778678
0.232303995885
0.137080741593
0.123759988725
0.279486467836
0.0820698963891
0.0434219297651
0.383111997007
0.127998445801
0.284737609851
0.189675337
0.249752048786
0.202932327929
0.219675487955
0.173567521849
0.372367498813
0.321219669162
0.246081698173
0.0535278792398
0.381373543713
0.250127469183
0.154366660948
0.371762025335
0.188106799017
0.15512356057
0.0958618679281
0.242875623885
0.210446509944
0.312413998382
0.114012629929
0.122848691602
0.42589653162
0.202198376966
0.305922896029
0.258687441911
0.427710963595
0.248068247206
0.429800933691
0.292043570259
0.314082119573
0.232557538648
0.0767190372498
0.0871726273646
0.105801284641
0.363696515546
0.0823158874388
0.0364438353308
0.0423930190255
0.0
0.0855591132434
0.155346152195
0.351923065641
0.341070103168
0.151076714425
0.121231695017
0.105973954079
0.193338989983
0.0533346497597
0.0354590191577
0.379012019794
0.147008847171
0.186275346026
0.0316598202355
0.212212873227
0.305387434662
0.285907597578
0.40715468201
0.250592270074
0.36242067605
0.0410747344647
0.151214497549
0.544258762695
0.216580533275
0.0
0.110343768585
0.149479651182
0.26698490197
0.17705494671
0.119981387853
0.0841628664477
0.105739666594
0.0355604905853
0.192070209121
0.3121353635
0.0416222688956
0.348064113555
0.283753879674
0.280687846801
0.355179280535
0.357236414004
0.068703989429
0.228145769406
0.14776041454
0.0707202735913
0.263877051758
0.23547151641
0.149696538606
0.261228107717
0.293459044678
0.343904363236
0.0894424491642
0.336990828506
0.233881313106
0.074145656758
0.175016050215
0.0368585349215
0.401295560298
0.109142333669
0.168643739182
0.054693516488
0.198989824939
0.232399311148
0.178172600266
0.178627746136
0.113742391966
0.0899320235474
0.139645196519
0.224795012447
0.204382056115
0.092014414124
0.0798825807783
0.216289449314
0.322847566435
0.453599834196
0.0953442996694
0.107815303493
0.169421623995
0.197606454251
0.28038066893
0.278191034685
0.168259366936
0.226680005662
0.316313880318
0.22317130928
0.0642993881656
0.350175996614
0.396342087166
0.267828115352
0.214312406168
0.183648632789
0.641463867177
0.101093795132
0.265498263203
0.207253295094
0.146812775391
0.074641534531
0.0736875128495
0.183767948249
0.159634372496
0.289534564454
0.255886049247
0.209162529027
0.0905107832243
0.275942814648
0.308201965867
0.12475896742
0.177708704921
0.166307460845
0.302965583756
0.176051552361
0.0729946147624
0.190881721643
0.0964527192731
0.298074102031
0.106509215594
0.263189175406
0.272240048078
0.0917176192426
0.245577042183
0.0759122367099
0.413176186135
0.134992817872
0.253961271275
0.140796736156
0.213419831259
0.105479416048
0.146833697767
0.135188067875
0.218766494145
0.173948443539
0.0391997248958
0.179085948154
0.235233371552
0.292756550138
0.235111819172
0.144074234392
0.344467068895
0.137617787375
0.189496776954
0.238632797063
0.245326744737
0.438557876564
0.339593217849
0.345450754381
0.243461773339
0.258529950572
0.216037460406
0.041796269061
0.381031478563
0.364706025398
0.0586926882508
0.19608329699
0.0911562927544
0.0462928453556
0.215544968337
0.141203637906
0.22809866757
0.392047458696
0.200990571818
0.240061928024
0.148951718771
0.272179926738
0.228761265676
0.195937285451
0.26875393763
0.280754861845
0.118039471179
0.348670497046
0.244149145521
0.102521384398
0.239109941272
0.37865927976
0.341993752672
0.295780335107
0.457241269549
0.162124538055
0.195075332633
0.324219500498
0.358965705637
0.338704651932
0.390635407136
0.165767794676
0.324421339281
0.429858969052
0.348089488701
0.301754311694
0.159129834084
0.282805375714
0.324603149245
0.292534239949
0.407027215132
0.25423032139
0.121542654864
0.162448578091
0.312334076741
0.462331380898
0.135602614508
0.1572944457
0.119121040324
0.366698398229
0.041796269061
0.256443090728
0.0686224713763
0.0422003318358
0.113582342338
0.150308039705
0.0756773312227
0.143401362427
0.252401099325
0.126706071343
0.131352715797
0.0808594268315
0.147400373586
0.122977049731
0.323513336427
0.0689370735281
0.128666541153
0.0358138173421
0.229950483197
0.337290867208
0.144235713307
0.30741134407
0.319771727641
0.438120714068
0.251269924791
0.343034186723
0.351227425163
0.0921831564098
0.347383323963
0.319221580113
0.0936796898254
0.270409396682
0.118877992514
0.19490842181
0.0617335544065
0.135568722572
0.152914669093
0.205388567253
0.10671296296
0.181303834232
0.0
0.219865138477
0.248443925104
0.0362503584887
0.232089418843
0.0642455123163
0.0669054378716
0.292559636702
0.235581220513
0.160629872578
0.252802058279
0.215989690453
0.104789345306
0.165037062506
0.161769901814
0.0393972777921
0.218449778048
0.110012622501
0.214089059276
0.258987898562
0.114440890511
0.184593889694
0.0572850798112
0.119556703747
0.0
0.0120281306081
0.176851091713
0.068079876752
0.407345414523
0.0733618956928
0.108787073169
0.234118349721
0.204597263141
0.340297745301
0.059276940352
0.140523088622
0.233968420435
0.138166280217
0.433293170946
0.554277462969
0.355907417592
0.013932089687
0.150953919634
0.260175337666
0.269078412988
0.268248836452
0.134805059108
0.593256923718
0.24434651004
0.273103171268
0.337385736533
0.304741646265
0.122350653676
0.136880700505
0.0528477973075
0.210821303161
0.279696575117
0.305400720572
0.37612734432
0.0382184486887
0.160120690338
0.167647134458
0.127411395548
0.123082148051
0.142141709679
0.286632243615
0.341361301561
0.154232513393
0.0754513028568
0.527675021012
0.0297838744907
0.0271189653893
0.584224165622
0.102176909374
0.0217913108022
0.10064772308
0.204136716199
0.231053850314
0.0962309889329
0.165110003851
0.0106256136978
0.24195013231
0.0289696863224
0.195879334365
0.238578902918
0.130957897464
0.0156253302136
0.0
0.15065071324
0.228588850007
0.0918470079035
0.111456933268
0.322060437266
0.151591386699
0.0919716148849
0.0758415115843
0.039670223016
0.317334082776
0.103679696851
0.567563126648
0.27877119132
0.268603847529
0.0161319756884
0.25046368106
0.149742575126
0.135258580949
0.115790894582
0.142673426758
0.170376862931
0.0429118154981
0.259316184408
0.0626197896588
0.0471767754574
0.0199658870044
0.214616168669
0.0625
0.172608558247
0.27804329982
0.269718989597
0.228190742718
0.509934066891
0.0574616234267
0.104903120457
0.0147313912747
0.33426951988
0.323873826128
0.197207765281
0.370922605277
0.478081539926
0.262003240675
0.165230043816
0.144723975142
0.270354386396
0.3690617278
0.0751573965034
0.0501873168166
0.124711073925
0.252092162634
0.27372153093
0.206248251037
0.305111401965
0.391795575009
0.142514450352
0.140514750579
0.0886310151966
0.0813606698704
0.163920915843
0.162646892592
0.0653313983704
0.27030812021
0.149147967907
0.310104779377
0.0409306741676
0.203682797335
0.230946499942
0.123419558189
0.22309047083
0.3134393946
0.324799787456
0.0940787500515
0.253892568462
0.114376048945
0.232326914504
0.256042099317
0.206607538361
0.107732552754
0.0741922988859
0.107422484246
0.300480655843
0.311778766798
0.359358847546
0.180361619978
0.09585528364
0.251383077433
0.281875556381
0.0699652312628
0.0839440615009
0.0979171946432
0.0925533664497
0.0934974182986
0.202098056806
0.115304768505
0.141316403422
0.217472037784
0.050525460142
0.192879628621
0.041796269061
0.10544340312
0.22739431088
0.254781106726
0.1131425789
0.174934060853
0.393155012313
0.199171926898
0.24044365131
0.279461795786
0.0647343620148
0.0
0.0809863306783
0.0300462782632
0.148843513642
0.0437667210488
0.0812349506043
0.214129956187
0.115637387897
0.15746886802
0.151324360946
0.122781235936
0.381176561609
0.255330383353
0.417841061875
0.0657607914435
0.290793088688
0.267668119002
0.185295225943
0.238913999576
0.258856171239
0.10462077817
0.495252263706
0.15831773362
0.291981297794
0.0855592315561
0.304197152995
0.0314945604736
0.0931011464091
0.271282095229
0.225020556523
0.334539059099
0.146209344812
0.257254095066
0.365240005503
0.320908724019
0.12010464776
0.290074901748
0.145697103827
0.365865944361
0.202143115332
0.271594962596
0.339934352908
0.172418921586
0.132644321699
0.0846137384678
0.102167458703
0.234692202411
0.131015895732
0.192643132136
0.0942278201705
0.0821446822128
0.291806079702
0.0403571267449
0.116006277253
0.304513361853
0.0256161730396
0.315754772298
0.242536596487
0.197552537651
0.152775308431
0.0868476268463
0.276406869059
0.331812180288
0.146097815027
0.248577640684
0.0117154442748
0.0476431066877
0.149914209976
0.213818836685
0.375380487874
0.236358216883
0.467809590433
0.372673120844
0.165090731355
0.291765659801
0.25907604681
0.0961115988794
0.256372624334
0.0779213198801
0.386795852897
0.0162546936944
0.0865643374408
0.18219698362
0.37251036279
0.105813730347
0.227547758722
0.270201185748
0.412703072848
0.323089491531
0.0924727732427
0.349019645165
0.154292036901
0.327634930868
0.0692997490866
0.219196419001
0.214188191123
0.291826047164
0.259635359308
0.282396594203
0.33075673792
0.133435142961
0.346764559716
0.275616908165
0.0971430083769
0.197867477951
0.0957141533868
0.255452275091
0.481866718637
