0.0341710864127
0.0532867138667
0.183355535765
0.277932193058
0.150795382788
0.20136908722
0.225045936312
0.0413774290099
0.0
0.0568879590551
0.408208518878
0.11558414662
0.122718898321
0.0568578575251
0.0608476828893
0.147523224232
0.0432426608118
0.107725832655
0.0907648791149
0.114481193664
0.214786614195
0.367165024458
0.127894469384
0.321118879196
0.0486701352861
0.105989411612
0.155557203787
0.0926842956989
0.0399339440154
0.603229654973
0.0417372346135
0.0336274004089
0.112905789104
0.0317185482735
0.0844597391867
0.224983043657
0.0842660981576
0.170157824314
0.0822191565665
0.220329752832
0.375913626794
0.0353553390593
0.0429950522041
0.163697641083
0.246680822474
0.144249873802
0.0735423428018
0.0777686586295
0.0529011543776
0.0805045551136
0.0931854458169
0.176227391604
0.11309091929
0.237496688783
0.0449382662643
0.0995797025794
0.213435372629
0.19777577834
0.0883184020386
0.130420564409
0.118483236677
0.126974938274
0.0721649525481
0.0748204855492
0.112505666613
0.0449716788221
0.255051870647
0.116041383722
0.167234464175
0.116114073363
0.0825647226098
0.156360830382
0.216247186567
0.110797926767
0.0904448974465
0.214048580687
0.0918834020349
0.301142529422
0.194392098325
0.102290327154
0.329187452202
0.127554603648
0.253185784172
0.0175327725287
0.0685465312217
0.268318757197
0.0367774384146
0.133393048529
0.260273261426
0.0303314677254
0.133561780336
0.427724659206
0.0987746907073
0.111637921174
0.105458434563
0.199198560538
0.136241583011
0.0770067990886
0.0421609148051
0.377856678531
0.245265802885
0.0585458608576
0.101803636911
0.0387116681426
0.0377639755528
0.0443671525013
0.27662291996
0.14283848352
0.0423309406214
0.0754371126226
0.0346498013839
0.0733150202443
0.0445198721527
0.199128720149
0.0342198908442
0.121529043292
0.076237026496
0.101667500178
0.0441941738242
0.197642482747
0.121096964631
0.172315074838
0.274576096466
0.0701361788864
0.291146909757
0.038645101798
0.226767817943
0.0475633298256
0.131284777509
0.101575686009
0.120932914313
0.218453391288
0.131088625903
0.23038191741
0.125007426785
0.14116681969
0.074539970885
0.05377831015
0.0245085843951
0.13875814046
0.0732326494867
0.432040570885
0.28815672122
0.0757426737766
0.185471471634
0.189356940666
0.243722149373
0.397894095012
0.0343415928032
0.221641129716
0.0319862060424
0.0604870695778
0.185676452779
0.0607842919184
0.0734327591837
0.182666188152
0.246577048471
0.0791239619829
0.0367297254181
0.136113879358
0.0676785146828
0.258034031267
0.388888683155
0.124430829785
0.205484204881
0.101842950922
0.0710859978402
0.119313648796
0.2055070465
0.0798166367512
0.201246158354
0.202965823779
0.0576204304643
0.0136111514915
0.0456013518826
0.0439169186336
0.357652768038
0.0534884048548
0.0927102419321
0.0375
0.199281529349
0.158991316867
0.111914572885
0.122570657347
0.148227118626
0.104127550582
0.0653723493892
0.324856852796
0.158517691659
0.0993018251719
0.264640893641
0.114375258118
0.44298148786
0.146984835136
0.101577824632
0.087354701197
0.0476560838207
0.123250048718
0.122310427207
0.239485638801
0.215842585699
0.0850264800904
0.140527895591
0.0987276988648
0.0787335414842
0.104727439996
0.430005352394
0.0525560259534
0.0636901797413
0.051885694245
0.0790619722572
0.19184239523
0.098236122135
0.103168110383
0.0871740459863
0.0557187387233
0.079451450094
0.287850679303
0.0420729845482
0.0
0.078088271908
0.19687262303
0.0156774970026
0.172216768998
0.0885748536159
0.0763240255532
0.328551813154
0.0765520122128
0.230327389821
0.0930790934637
0.127091624524
0.0874896202459
0.127919005566
0.344310322031
0.00788856334769
0.0684802807149
0.16542397533
0.277163978856
0.133825090966
0.0480002142756
0.0987191187416
0.651467088535
0.13797452657
0.103175148269
0.110770176369
0.0111176055929
0.190241466392
0.193926158965
0.0996468082534
0.110932978429
0.0885694098229
0.372495892534
0.154705764932
0.174953415338
0.0684809147411
0.159515489678
0.555067313641
0.182346097798
0.0408695597176
0.105679404158
0.0406022635265
0.116907677559
0.034815311864
0.236621175467
0.185259340833
0.198882469541
0.200228344492
0.0847293955084
0.147437288858
0.326347704193
0.16444553309
0.432374931053
0.576510227918
0.0612620829568
0.0517148663622
0.00798678880308
0.0391776821589
0.0403064090245
0.0614899041475
0.28220064377
0.127982483552
0.360445031251
0.0406318325379
0.313421712886
0.266545431321
0.0126181526808
0.0919625867983
0.0813406317868
0.0588388122185
0.281762190282
0.119977881484
0.0821942295085
0.203001503928
0.271094946126
0.0391437518327
0.320471446865
0.0782335519657
0.142611956916
0.0414066271657
0.0456599259437
0.107622734095
0.264952380526
0.251255969908
0.0913182514571
0.0558096674415
0.176892372845
0.0929225044347
0.107694278806
0.263742337166
0.174285160346
0.264913184133
0.0
0.0455032757976
0.159451809025
0.144753301718
0.182955097993
0.358481935145
0.198564570562
0.0981966694713
0.174857181964
0.19075371654
0.103571742011
0.14175060798
0.0
0.247554052361
0.0296842565401
0.231203443984
0.110847313063
0.0761719473913
0.170904981902
0.132738373675
0.111006323873
0.131626073349
0.258961248498
0.271834890378
0.450635296749
0.354191207842
0.0704097019304
0.336283088989
0.09577884374
0.298040285798
0.0
0.0796725505434
0.206341612379
0.221222667468
0.0685008410702
0.0
0.087646658615
0.101887524087
0.151490319023
0.0971655748523
0.276786679499
0.269898164014
0.0592459044812
0.189654465531
0.0477990645329
0.0130451692726
0.239528475456
0.404641001124
0.12695619203
0.230690289935
0.371566627657
0.131766685235
0.11416332266
0.168941668829
0.163464822088
0.238476552184
0.137791907371
0.411756979911
0.274379391971
0.398340937813
0.30589208929
0.163990108809
0.103456083468
0.132532887238
0.1219006421
0.10987794649
0.184392613317
0.0762033587357
0.185761590896
0.119997086197
0.0445509817546
0.107696933217
0.271742067111
0.217410828838
0.171070554822
0.0653150232837
0.0916950819973
0.0916653151752
0.0402754598236
0.0410089640985
0.0585577228234
0.331559829964
0.115438358575
0.0864441190781
0.0868357319016
0.0648778863371
0.189895537862
0.0966354271327
0.197684318317
0.0713156751985
0.130109899809
0.398596007042
0.0358967800244
0.116315398344
0.0858130170169
0.0
0.098135235925
0.220340746449
0.0209622070036
0.0385489078887
0.380086615572
0.133376240737
0.0654242100356
0.221164502054
0.0
0.0430554767728
0.23220158257
0.0103380772616
0.0413360990477
0.0
0.165588779978
0.22942330304
0.209111128593
0.0444988981808
0.197532725003
0.184869140452
0.120581592313
0.273779322208
0.0769396508794
0.0
0.0533095968441
0.0372976607056
0.120780376225
0.29215265453
0.261590245586
0.210962532471
0.0
0.0317951692726
0.100682105969
0.155363663437
0.0505567264392
0.0452861101762
0.037407127342
0.0997899816515
0.234995633519
0.0744016186058
0.0928771124421
0.289165825732
0.0556621775464
0.142486581326
0.0418074642608
0.149971075152
0.399416937014
0.0417161547463
0.0636814281262
0.3026433434
0.11384336324
0.175393456811
0.0
0.205068775511
0.110704881148
0.0916890557695
0.0936892647662
0.100685379767
0.118727749693
0.24215607322
0.484368451862
0.174537904734
0.126173926211
0.0860184856836
0.0806242929352
0.0219704053037
0.36889345499
0.107187777784
0.0910499848232
0.240873987597
0.0649635492371
0.0911254901205
0.0892937420187
0.0336884128759
0.0957306573127
0.116315980144
0.20527609311
0.297318110931
0.31503626874
0.217509632544
0.272430909656
0.103964855579
0.133984809511
0.351528637042
0.100448740224
0.0387739578456
0.118383719618
0.131218543793
0.238630261871
0.273441611808
0.207151049875
0.130568237741
0.29179604201
0.169260596049
0.0908154221353
0.0589516593073
0.237138144511
0.151529635919
0.134116150736
0.116698362801
0.135252318828
0.378652702914
0.0365742458274
0.18174412287
0.281265545362
0.0929611086335
0.102051888018
0.419636972991
0.26153049096
0.198336985607
0.176591074751
0.192249819995
0.158826493716
0.0353560459442
0.0343426676838
0.380640153356
0.278349802547
0.215497457876
0.113329149306
0.159605753972
0.115891295953
0.358214824427
0.151882744618
0.0732107677471
0.284905032726
0.093623138106
0.167767253558
0.0352998252588
0.192430727538
0.340051550897
0.341116519475
0.168983987357
0.0686073380861
0.0884404256069
0.486490596387
0.18647491309
0.144184913721
0.0562364467184
0.168244022654
0.0918487269841
0.0312576476083
0.245949074306
0.266147911864
0.0406933734343
0.258234324039
0.0696497230384
0.0577068500156
0.0373275923479
0.130970385865
0.28795164232
0.126412812516
0.0426585557915
0.0801433394395
0.155274639766
0.142703446948
0.311088067438
0.203805255706
0.064463159669
0.0946534820656
0.401664356249
0.0
0.241516348199
0.0345420251622
0.1669072814
0.0699294078775
0.10324452712
0.27574313084
0.218322054427
0.155973964089
0.444890958107
0.350150232788
0.113601954727
0.105755397753
0.0608290264427
0.0765389121165
0.032007333697
0.294379744659
0.0728873276262
0.119447628816
0.247069117014
0.201390726657
0.212487928893
0.0944383278667
0.197409941762
0.132384793406
0.185636173592
0.149399705063
0.210504380028
0.160542032609
0.0279226161934
0.0939308939875
0.0922709792493
0.220865760004
0.10170592222
0.138023458832
0.169990293753
0.0915396086961
0.0863134080067
0.189952182046
0.237453237445
0.0308757860341
0.231891879976
0.187432601466
0.210454127713
0.0440383237594
0.0877176344301
0.248308812767
0.262486671841
0.341381249025
0.188571655292
0.29434989809
0.111242241178
0.307516954312
0.034872468618
0.100570204487
0.0
0.355013818373
0.236792899068
0.0520592038039
0.0776301289451
0.326491262464
0.0957830116642
0.168819389037
0.157549764013
0.212661500725
0.188499672081
0.407744912001
0.203366373189
0.149814399109
0.141340415539
0.241459770106
0.0849234760562
0.0407803391985
0.157936528541
0.248725834932
0.148563345616
0.31466183454
0.167343186265
0.0799701762874
0.180009841001
0.0422758500137
0.201117651298
0.0911353315645
0.0434969653382
0.0842949232305
0.189346277472
0.30051353394
0.162800730644
0.445855706771
0.151619040829
0.0654005854082
0.260503648066
0.0669137901586
0.0953620514498
0.0443403417995
0.245635681316
0.208493303669
0.364995060819
0.0131660096962
0.102846341564
0.239878375623
0.18662528002
0.160915369138
0.251542771662
0.0828482290824
0.802966482825
0.117100570295
0.212449461482
0.354796415675
0.0918416848755
0.197376303974
0.100211396611
0.13184745134
0.0961060767445
0.332155960294
0.0822274247826
0.186394446439
0.037908166232
0.0068637560847
0.234411185144
0.0221466629455
0.423808753724
0.0134321241478
0.15
0.287442947646
0.147009892973
0.0994798600383
0.712655767916
0.125302278978
0.405634638542
0.155826963113
0.329614797949
0.251128958863
0.270732202642
0.300865822599
0.156470707118
0.0254066374077
0.0516640394275
0.246536937655
0.0394002736745
0.266229619464
0.221319456387
0.299564833719
0.17565788683
0.083971047048
0.0713222663686
0.185550383404
0.284007678295
0.180523674571
0.184020183691
0.177448633664
0.252752984805
0.14612650565
0.132423913984
0.0343961771541
0.130661614816
0.223912891434
0.156559717427
0.192285910863
0.0874129301342
0.274646478397
0.156657506852
0.092153612217
0.157474304103
0.23541178645
0.11201281129
0.0301370092312
0.263912113315
0.162005846984
0.231096997936
0.266844075693
0.145298567572
0.0385435985521
0.0821357308402
0.195975085381
0.235153091956
0.0942570850212
0.119294740208
0.0886805578048
0.302058812196
0.0931007594233
0.111791806184
0.186763587053
0.102899947618
0.304758338143
0.0768567287622
0.217020385884
0.17106162522
0.245541573457
0.111060243008
0.138216051235
0.598269428788
0.0139392716349
0.246135507027
0.184457177957
0.227998895756
0.306606642482
0.373962272459
0.168029711443
0.12415858808
0.358818647932
0.550880814929
0.185913811162
0.117798689008
0.0856480961373
0.304289477101
0.373223758189
0.0885541198887
0.314526507882
0.181129024371
0.0650267916088
0.0931315580069
0.297296022527
0.39766839701
0.092920856504
0.518332095657
0.402062978399
0.0353573002619
0.0382215815644
0.0933504531285
0.206669985903
0.0429460193608
0.266757166986
0.513066910189
0.30648900921
0.18806609555
0.066451734648
0.14351944044
0.125038061046
0.0790896645669
0.234502171135
0.150448315354
0.100463437456
0.289903005763
0.282356651294
0.0438306669391
0.105958067513
0.18043563624
0.210455342478
0.277662507933
0.185397071627
0.0894344402961
0.169751347076
0.108125203213
0.163565236379
0.00635165935193
0.125925208074
0.297142298885
0.0
0.372166920132
0.130395438201
0.201058451411
0.316273378332
0.0465899797802
0.0488185444701
0.0
0.316705615086
0.196042853231
0.150496367406
0.0619505544603
0.254836301127
0.0509816842655
0.121154709701
0.150111028929
0.278549566242
0.276111341156
0.257968294768
0.0950790577739
0.278741576672
0.0586252824495
0.406405243
0.336332368257
0.067532663436
0.129655569095
0.0697445206468
0.351143278082
0.180809102834
0.26373282026
0.371096362234
0.359595836745
0.14283126627
0.740198010654
0.342202114812
0.22437269932
0.269828137707
0.123140816525
0.0609394540756
0.101637065617
0.608331442025
0.347041174853
0.0337624575987
0.0858090706694
0.395161200673
0.388567827954
0.1544668568
0.546593594552
0.250491409435
0.234900394608
0.109110066631
0.101897807255
0.175967798461
0.168272123294
0.0270426830495
0.0754503779399
0.405181265798
0.259406547855
0.129019692403
0.273334340255
0.462485307017
0.141248919484
0.379072345141
0.250164721542
0.081621461671
0.153934008423
0.0987982691569
0.0137673828726
0.151408229826
0.241967838314
0.110832726621
0.358178936672
0.269614481702
0.125288812803
0.158774991995
0.0295529652787
0.236844987321
0.300925328523
0.241530387739
0.22210761252
0.425201228002
0.155174599666
0.0385578711767
0.313471418499
0.269746242729
0.207666993322
0.21406510959
0.102266157393
0.0498024989084
0.241900559213
0.272447285514
0.130898611434
0.159705559281
0.395726554126
0.240611791762
0.168548314375
0.33073977219
0.225579141981
0.105495615028
0.172343427362
0.515265814433
0.12220168898
0.164127312504
0.0729368455415
0.110176819782
0.0896168947265
0.322878132414
0.427458079491
0.169364141072
0.0614243221041
0.210364457271
0.329191908814
0.335046816392
0.47037919028
0.320490579466
0.0556454775996
0.343652553077
0.359968201225
0.207673528994
0.239888207737
0.200771930418
0.501419956315
0.366355504
0.169635507143
0.141005631928
0.167158100098
0.0411218671607
0.0
0.041796269061
0.124832531495
0.272687486674
0.220925286724
0.189617262269
0.0
0.0862428409194
0.0822677062234
0.113611770923
0.102455636252
0.13053361902
0.12552147414
0.287790715849
0.343680877187
0.0728360335695
0.29793130511
0.0697967227585
0.300283380548
0.355252783946
0.224873607455
0.0956934089448
0.0517355306783
0.129370672078
0.192679057279
0.034828039808
0.130215434182
0.0509391410999
0.283858185987
0.631924554149
0.0284938382119
0.152151318875
0.201585471381
0.104486266527
0.131495892141
0.263505794592
0.175721767823
0.666878185111
0.247259500401
0.574929202454
0.465094711849
0.323287219491
0.133507742444
0.0496331635815
0.163705527961
0.118516132169
0.0500749407097
0.320903208333
0.40940635318
0.156698405101
0.326555414089
0.150575874709
0.287413059018
0.350054099094
0.0949110620983
0.206884301005
0.198627358997
0.147861288698
0.55512306351
0.169711504145
0.233727918638
0.233931616841
0.269529250648
0.289925487529
0.154558528448
0.0955034978443
0.392547188076
0.256907478135
0.0975646281945
0.0954238350543
0.118560793073
0.269915592849
0.0622656335534
0.143744405339
0.248458541642
0.338274372175
0.266107970493
0.136003233214
0.0492213683346
0.370119268995
0.0908165770797
0.165137190904
0.0403858950881
0.186288247686
0.0975206382391
0.21501042917
0.156182703859
0.0977128775035
0.0840172368243
0.0694170115303
0.0599748406761
0.0547310827675
0.192596112055
0.197710658913
0.134162366434
0.301481128999
0.177188297324
0.214148443774
0.35188895466
0.55018555066
0.283265665718
0.0718453566552
0.389754469773
0.0606191183917
0.211485293214
0.190553767485
0.380209093137
0.196188339899
0.0936126635403
0.110774987099
0.363657748748
0.189810454141
0.0759982557045
0.237645748097
0.0471002643931
0.0839913842972
0.301221878562
0.328848316114
0.132632374291
0.213028314908
0.195452437835
0.185200568543
0.113497092692
0.0444071735966
0.183802010973
0.148079385548
0.268241853681
0.189829046882
0.341104062338
0.198541689051
0.0845594109259
0.0477041695152
0.0357829623906
0.311436705343
0.24350282918
0.194906632425
0.248962142319
0.100476836683
0.0357829623906
0.310530683036
0.0415298719734
0.306672023255
0.0810041842714
0.110125204155
0.383145638288
0.212565732145
0.0939648245054
0.253658901609
0.0290831795634
0.132348626389
0.0696141596751
0.389287567133
0.265591470058
0.0518265993881
0.0160872904687
0.0947709047174
0.0912080698796
0.134265267527
0.0376483227469
0.698520620359
0.332235076613
0.0959762642277
0.0940804745804
0.0686443091242
0.0458486141698
0.108726302461
0.207563925267
0.0913369199469
0.0848683807629
0.137034000436
0.05778745765
0.360222061113
0.290293001114
0.0427554309663
0.0425961798401
0.0
0.323109634587
0.380999439633
0.340570005567
0.162992245581
0.144365508392
0.587242973637
0.105184658131
0.547383485673
0.0625526277492
0.256626187506
0.0511576518042
0.239791448767
0.0706556121395
0.140741229967
0.159650405882
0.0617139389103
0.219071500108
0.340051550897
0.163035301055
0.0557741200477
0.20369402883
0.286655467511
0.232640389002
0.20249931853
0.629618479152
0.9375
0.0
0.214652043855
0.0806728770713
0.105973849315
0.127939297927
0.354278357716
0.0524952025949
0.0387840937839
0.116609295006
0.203627993729
0.105872271786
0.140764275565
0.0409052912408
0.210465964771
0.427656965975
0.124755841619
0.175890744602
0.109321431753
0.194854557515
0.107079102374
0.212018833022
0.056848023433
0.137503685751
0.17370451241
0.69855483751
0.471206279385
0.19247800091
0.0781957074794
0.401168024923
0.0598965301442
0.195750362469
0.100230884891
0.0320438966098
0.0684467227946
0.137709475704
0.17213187431
0.248071014181
0.152421586497
0.543370999883
0.137401222871
0.420369786538
0.111006323873
0.232741588444
0.212204130561
0.151985814796
0.200544785738
0.0972533064392
0.132776655896
0.156445885096
0.102353724332
0.0564458378285
0.449656524089
0.0952701709433
0.0454267996229
0.148570024041
0.0278194653427
0.080814352225
0.0739540181176
0.400604385757
0.0377486102957
0.120841039516
0.102538329422
0.0883936764975
0.166283334478
0.17554648184
0.124711156214
0.101375405316
0.247464118596
0.0496413140202
0.127508547384
0.213984563728
0.267113446726
0.376902920372
0.389084358072
0.2265699999
0.0437840506185
0.12526203713
0.212263360177
0.10973337823
0.30994390102
0.233717168583
0.0454754786483
0.0853895758525
0.266356360429
0.0707674783177
0.0982363140645
0.465727820837
0.0364192672289
0.169258391713
0.207542776484
0.127607866232
0.762807371603
0.208679639613
0.0369350791781
0.240170159969
0.681848347018
0.378136427566
0.316130011051
0.120909847781
0.329457300745
0.0924595463573
0.140694399653
0.0577671520452
0.309058203383
0.241157234479
0.106862281486
0.428413315936
0.370732076206
0.0540406178563
0.0448908176418
0.251129182311
0.0991382534726
0.122190276529
0.00349409909275
0.308170320574
0.19871095512
0.397050723349
0.349220347805
0.686274438128
0.102844872813
0.250761689873
0.407891830281
0.36307913345
0.0672028355377
0.148425074652
0.0849157217412
0.102338680049
0.29906750588
0.448853815823
0.460469743577
0.0974141897291
0.177229511891
0.293525495905
0.0433537042783
0.113576738792
0.284774142803
0.312123403134
0.443909117797
0.365575185561
0.0840816700603
0.0862830921548
0.223069827711
0.147769152212
0.216623203185
0.25765121
0.10375594942
0.330344501268
0.427783748172
0.159208062223
0.179428184974
0.375576538941
0.142626459965
0.398597106756
0.0516609993239
0.395712185636
0.322486894711
0.0874165012382
0.343079345598
0.29713926788
0.430645218751
0.214724126312
0.139393813214
0.126297317261
0.0355215545482
0.210554297812
0.0430211609899
0.533378070358
0.30223782655
0.213408288899
0.473087203256
0.231253695383
0.432038753625
0.157489150435
0.104625765695
0.278129942364
0.515164117591
0.143104865177
0.155912668276
0.092477711501
0.0864732594845
0.1479386396
0.300147130666
0.26209869256
0.111465836638
0.402794647886
0.160822584845
0.209749876628
0.154522330263
0.162182008561
0.501648083988
0.310639576943
0.100152648279
0.45459885805
0.207732562479
0.307850761957
0.257364340879
0.0872662796921
0.236524431931
0.119759098847
0.190222104666
0.16982004055
0.0515413205728
0.481755768566
0.0232263750319
0.139999047512
0.439837881482
0.084678421247
0.31707826979
0.361593265435
0.0769652828403
0.169931844833
0.526521116722
0.556723047235
0.369350674786
0.58531520476
0.0647225000442
0.0140585331298
0.360905708135
0.1869347588
0.262717902934
0.232078577765
0.43567453609
0.0824564439134
0.341160303811
0.193815614161
0.193709237917
0.387286164563
0.285602068499
0.380713192802
0.179078720608
0.471935203978
0.474008240884
0.0626746058227
0.0472417218612
0.319811671047
0.0599129364419
0.243248925368
0.426256118945
0.280657875272
0.340160882529
0.449272519355
0.614397459689
0.377884172068
0.221888083058
0.294771169554
0.20643288382
0.320889121123
0.442365124348
0.027278364362
0.413839474461
0.594353974835
0.180979914471
0.0424498978452
0.221237348483
0.374523019966
0.534048533392
0.149343961456
0.394836145845
0.531469793188
0.439449877543
0.280308109224
0.209155441848
0.658677071468
0.479981351301
0.53192404422
0.122956583475
0.397915763805
0.152751464201
0.214097171892
0.49211340571
0.173289593586
0.489340999366
0.19935460636
0.291832558855
0.196256496901
0.224159585482
0.502179873409
0.427350698389
0.086199749154
0.396626951976
0.0989657362441
0.281909253381
0.240023598358
0.263148103595
0.190442610711
0.291684842565
0.135113512615
0.0825120884913
0.180067618845
0.164589444337
0.352014063079
0.134539369733
0.0852817871774
0.0302909171864
0.142765588006
0.411911286188
0.105938553067
0.214131577067
0.0780059360438
0.393538080969
0.487889358307
0.181613758056
0.079871130497
0.265204902508
0.148614360192
0.161787130748
0.129212103027
0.0193342814579
0.0717162871987
0.295351192803
0.222418646085
0.0432475773481
0.130661647922
0.381774092389
0.454132075996
0.450051234712
0.362256805839
0.147081789825
0.390453356145
0.130813812862
0.43012812288
0.258304618959
0.107018173832
0.364847585006
0.218427780162
0.187673633699
0.37239208394
0.442267567697
0.0305710000729
0.365388123043
0.109261013738
0.627001727316
0.359270209319
0.752527843775
0.00743254446877
0.102907574239
0.0456717185094
0.0637906327597
0.039989026047
0.0950945637483
0.3900745998
0.119260189201
0.39473556093
0.224241865382
0.116445165129
0.416626602032
0.555517850355
0.271421925913
0.594781919505
0.306493954267
0.313154251222
0.061873278563
0.186300744288
0.762807371603
0.0958409284538
0.195994956932
0.238666415985
0.229539055528
0.124528985404
0.435319816855
0.298742817363
0.204603367952
0.450612930406
0.273334741558
0.153647050415
0.271243203955
0.377280977956
0.300272632084
0.233164511734
0.383683480832
0.388873167011
0.365828198938
0.53514257596
0.227699224489
0.386993706848
0.349160052948
0.206371464539
0.184324979775
0.472722714019
0.244878849809
0.0873044229563
0.408490602591
0.349320185711
0.251330626163
0.237731322637
0.268346865409
0.0541532520641
0.0901767699053
0.413232324395
0.325885554027
0.424746809344
0.326503411425
0.512636503981
0.054225739101
0.28942167173
0.305955201486
0.295383584786
0.446007394854
0.475278087273
0.206576348298
0.425430080725
0.51878949665
0.271318287336
0.339898087507
0.363643705395
0.411628392021
0.10617629725
0.103872758027
0.338346751523
0.269263526336
0.445572675409
0.358552864513
0.0983948775231
0.033563712928
0.237798347109
0.378567487834
0.171050135309
0.14670164325
0.300223978372
0.216375462493
0.586604334307
0.183554518377
0.212110106982
0.590466497166
0.313913719886
0.287228183972
0.108635715726
0.146433704507
0.350394124527
0.471291126748
0.277008018592
0.24449703079
0.3842117244
0.466258116913
0.270303378939
0.163585021466
0.254851994734
0.0978790205195
0.13612430168
0.151300514661
0.530520327811
0.342365609155
0.425515986642
0.136440021986
0.283542281254
0.0582679385759
0.0390414949715
0.377860475372
0.167023438981
0.299404927216
0.309908694324
0.278175832812
0.329299033948
0.141418450154
0.393303336402
0.341755639291
0.151454585932
0.249057409998
0.116141359945
0.388002485249
0.317617212231
0.484146484173
0.00652248494891
0.100297717206
0.453411418223
0.121795172202
0.0460767208787
0.118198933732
0.170482433245
0.29624049942
0.0868805063779
0.290185156503
0.312255197589
0.351677331397
0.219665288553
0.406567712967
0.232680108614
0.351443318376
0.498635352
0.204883398518
0.385629056159
0.194180648491
0.375736512981
0.280332772469
0.467532383411
0.092165271654
0.0500838951809
0.317833074953
0.207511873361
0.436499873581
0.306803697707
0.30272185846
0.577003403752
0.0467187431893
0.273281290788
0.300440116253
0.199433941286
0.148697449182
0.177480515348
0.256646997096
0.201357393874
0.431318234764
0.0507926217501
0.545653134028
0.264256807916
0.358580340734
0.096477213666
0.206360139017
0.144381015002
0.360937411193
0.0762885153894
0.330503319116
0.38720001979
0.209840823596
0.445152734556
0.439354233163
0.537762240093
0.414927276022
0.405884963381
0.419137456412
0.620176198318
0.560276522557
0.457363391517
0.346246619287
0.277489165397
0.121594217078
0.103119527755
0.357959442985
0.401114935676
0.485336837932
0.450212910299
0.140001760224
0.323093706962
0.512633360697
0.279179623297
0.347276922651
0.368291400537
0.391556722247
0.180452807667
0.0444768980384
0.189128577521
0.542434486952
0.118581700027
0.17758240642
0.379326926837
0.439240715336
0.0969973989907
0.0779413351444
0.296370033739
0.19533466416
0.0753620683789
0.206739802988
0.0338829839759
0.0536004274265
0.175411450402
0.226932899544
0.453979903594
0.189029454993
0.347088363944
0.0500154859412
0.108280713458
0.0494151251291
0.402636894223
0.322521722651
0.341130125354
0.291658038172
0.362072805987
0.597083352164
0.432340008185
0.473601065993
0.208122575409
0.391539414186
0.308769119908
0.633500219136
0.471775973152
0.458704298415
0.392639122199
0.370872804436
0.360807018139
0.146276751708
0.530866190257
0.2767929675
0.418741424927
0.376294506759
0.135794230005
0.241815379526
0.575000771264
0.0999901964008
0.464395497673
0.345567264025
0.402765807141
0.305606852613
0.14295973784
0.320898924747
0.173838297135
0.466400457369
0.570254204658
0.428705905835
0.500978370005
0.200813614389
0.358222778676
0.498698832649
0.192170136109
0.240261644531
0.0697777507333
0.347587808548
0.271743923711
0.624261142736
0.342988149749
0.389208109403
0.497649668093
0.189501086782
0.163071369802
0.395624570383
0.387961488033
0.270396332502
0.571462546957
0.408742867797
0.332134350281
0.41460474751
0.669618989213
0.417256771388
0.443955934323
0.400440762459
0.381710613609
0.405993337791
0.255903555381
0.602958974115
0.119812638596
0.0979011207041
0.399715509152
0.543732175195
0.436689930304
0.500570032753
0.9375
0.170041505019
0.608808975113
0.344560951961
0.435237813437
0.383911659465
0.152827045585
0.429713047304
0.442885445503
0.200689997837
0.266879097158
0.416789110812
0.0614576459984
0.350789689017
0.140597045194
0.468836066799
0.322822507286
0.495307849251
0.407466130605
0.430667857147
0.1654377788
0.278553456261
0.138568349902
0.489798668683
0.524546965175
0.422662236819
0.594499820443
0.621941949406
0.0719806438143
0.174977179881
0.274657531012
0.0425537047434
0.359113973608
0.201448914672
0.236953702724
0.27576832994
0.223196932333
0.19563651652
0.211772474875
0.353285158352
0.9375
0.0857500466238
0.578625872225
0.271402391753
0.479848103053
0.030967964769
0.420395440731
0.522601663976
0.531435530853
0.405454240421
0.427804734282
0.347970918545
0.440676824432
0.548562888004
0.554967816595
0.700741675192
0.120393863945
0.420198218597
0.466360382773
0.405600559357
0.68991156989
0.478952849677
0.0884316475217
0.359781031521
0.195389362612
0.250834031646
0.347375861843
0.395659138649
0.322816153235
0.232167272635
0.150432113221
0.247847789002
0.265198252226
0.549600823508
0.0909503087343
0.16183860645
0.3111945488
0.280421946341
0.569282506414
0.382534670341
0.510025218187
0.323089900292
0.212244049203
0.108641851664
0.385430736011
0.487653029552
0.427262548005
0.292575065777
0.461255788323
0.0515427668333
0.390903397723
0.327622005737
0.0
0.269828818622
0.199316854136
0.0
0.365528425401
0.420264066111
0.350897733073
0.4375
0.379667534537
0.313767270132
0.05
0.343249844377
0.0605112051907
0.395755555033
0.359478306814
0.354547636103
0.030520356452
0.177012457187
0.437828420525
0.143162177546
0.269200796542
0.404978567617
0.0468306190474
0.425290330915
0.536926069489
0.462131094273
0.411515723534
0.161717016041
0.440424025588
0.468207619222
0.346994884007
0.480253461338
0.131616696715
0.0932835151865
0.213494662604
0.289151293045
0.424344503547
0.281939109215
0.370021298209
0.397253438786
0.363421591079
0.177592388445
0.379876171576
0.267803202314
0.413372055922
0.474837429003
0.507217659969
0.479266363908
0.44629534082
0.509391041481
0.252125546209
0.530408258769
0.442502543314
0.425108047214
0.399994182276
0.308397845381
0.390646183689
0.251834317977
0.499419995325
0.559480542302
0.445398901374
0.463943271867
0.322264694416
0.422585643672
0.411753184575
0.318929196465
0.441721013401
0.448842884393
0.607147018492
0.245079780443
0.596881938437
0.359784944418
0.198804660926
0.424660645415
0.471104464073
0.247598755691
0.292039131093
0.304454897858
0.382502612321
0.263221152804
0.435458645459
0.508659561481
0.0327691086525
0.393307518746
0.357037668751
0.45663317055
0.16997037063
0.391976960955
0.532817146913
0.445727112766
0.206142978949
0.358723087209
0.211759543127
0.463739070585
0.246078166559
0.324752912777
0.299743344272
0.134853942485
0.397227974324
0.222596051767
0.324055993135
0.201459553729
0.185282443954
0.341081024716
0.311895965002
0.240020671789
0.403127563785
0.480623733243
0.563415656772
0.338311727377
0.517474137957
0.500491467498
0.667727216858
0.2956630554
0.541520105591
0.516248131069
0.343017004182
0.411838042912
0.465725397258
0.412141336259
0.501935260054
0.407836966988
0.1875
0.40836401253
0.600216114773
0.543632875442
0.182597224675
0.474313608214
0.642574753488
0.489803653824
0.532015645015
0.404435086725
0.628952125956
0.457940905683
0.331644458675
0.422341133279
0.203335022016
0.4199636255
0.293871431483
0.179068934356
0.224162821677
0.0887277354143
0.269862318604
0.468991148763
0.457720742275
0.141066743403
0.302374053462
0.440361424657
0.483355530315
0.310873164297
0.573286097763
0.160511205191
0.498072542882
0.630884000548
0.100240858688
0.424209153659
0.438868015854
0.665215368094
0.175331352815
0.500783591442
0.495766511837
0.16827544625
0.265855000432
0.415278923141
0.254004327122
0.386008977876
0.420243596006
0.635678498408
0.465923099455
0.27871421923
0.236237552233
0.564194919304
0.226196314183
0.331513645121
0.214147298431
0.369130475494
0.329764960333
0.323317721101
0.545316580703
0.137044508586
0.66673182128
0.63149136119
0.502196864741
0.363676634204
0.0733043837239
0.263804031593
0.55742265532
0.556105736106
0.531238000596
0.0
0.474392417263
0.471456989174
0.541118646916
0.590941554488
0.309171246656
0.1875
0.224175113698
0.20379088938
0.0770314928071
0.676269854169
0.276141111561
0.352374948772
0.201835227294
0.588842637058
0.658390499431
0.558793368539
0.353144094531
0.656432189822
0.475020026844
0.552654797162
0.526900365594
0.516058655635
0.234541348123
0.483089659576
0.372155354121
0.624603926516
0.489301333781
0.537100482951
0.345333035637
0.484049000577
0.337951261108
0.462469424961
0.479613943463
0.242624436574
0.298573860593
0.389544167774
0.364350653275
0.245297378665
0.703360090529
0.272862203815
0.174631554885
0.261385762594
0.461403643764
0.513416195559
0.0956386855234
0.625109015764
0.407620237934
0.377537298149
0.0677494302212
0.365477064711
0.271843552103
0.48073450228
0.100540464877
0.0605112051907
0.336355693814
0.593018809205
0.442486192853
0.491087909929
0.461853644523
0.372695943904
0.384375218945
0.550471726046
0.513577923777
0.402418261529
0.478184726752
0.48596852801
0.510824758596
0.510600149267
0.447180428358
0.387605563507
0.540226632484
0.308708890388
0.477846172611
0.349327613463
0.496308065327
0.471249925868
0.382893681862
0.636167459242
0.296602550882
0.514374894295
0.485782873435
0.184986656409
0.224754845489
0.391940456186
0.218508618593
0.264656254049
0.505712332209
0.163800006085
0.495022268924
0.107671526039
0.444956607415
0.400633643784
0.388787953705
0.15397065445
0.605817887844
0.153805999333
0.195789411019
0.423171769913
0.523471431886
0.559549679757
0.350674208819
0.372871013511
0.641475880913
0.345516545844
0.392491111975
0.0272650560183
0.454183079721
0.349932273885
0.163354490181
0.218639282419
0.212946773031
0.317022687109
0.353930929374
0.42589150907
0.460148692142
0.30182745123
0.373038763934
0.368492676617
0.392482817668
0.280400256645
0.31889052817
0.457264318016
0.23057404005
0.377685211636
0.406089878342
0.470772908809
0.4375
0.123580895453
0.579500857101
0.272356068379
0.566433753672
0.333720181925
0.346718339874
0.134749775244
0.371861042351
0.293062033283
0.339268947511
0.450226521512
0.18718981922
0.457698921817
0.275864732634
0.238922582627
0.277749795964
0.157842505891
0.252185853464
0.136477487155
0.356198638449
0.472542355837
0.255379115896
0.433695453461
0.0996185714143
0.364434027825
0.232703329782
0.389495751588
0.41521098874
0.429056457614
0.395105188957
0.471173561291
0.477206977275
0.101334369557
0.436869984262
0.426621951051
0.289511385822
0.350063662521
0.475900133901
0.232079708639
0.402359956134
0.470853457674
0.416121437031
0.283882148375
0.28172881913
0.102114165631
0.340617438945
0.289786039441
0.085458896067
0.215389668422
0.385258237831
0.475450997774
0.49884543055
0.446539634174
0.421510023054
0.491412734552
0.0991211214609
0.146868516872
0.401209478047
0.209088361054
0.425369654191
0.650840582491
0.160511205191
0.534343418528
0.031533615572
0.309775386185
0.075
0.349765013418
0.65221470077
0.528804150805
0.114191870664
0.547535458786
0.35033849156
0.474184951255
0.314323192684
0.31490371569
0.325146353129
0.424237931918
0.643514456371
0.258286761534
0.0780752328695
0.353000215008
0.411168003477
0.408603471312
0.442224205623
0.173538823047
0.274899249913
0.313471275884
0.540668134333
0.395611219501
0.478290440303
0.324642289321
0.421668124383
0.401991208426
0.403258590518
0.437547875258
0.397126010096
0.535919331189
0.366055673823
0.287784256288
0.508049871073
0.244912295036
0.087815925236
0.537883936455
0.400426698677
0.453011341871
0.527399162077
0.387579405286
0.339260501441
0.459261228749
0.427271397295
0.227634248077
0.157088282139
0.261199338509
0.0516631958065
0.171634410194
0.387317123473
0.350506175408
0.547115397963
0.181248681463
0.37833075659
0.388462434038
0.567229825551
0.415674085839
0.444455689168
0.32720447728
0.40360076234
0.429545859923
0.494769225253
0.467704417661
0.467448580676
0.274428309182
0.0271774527866
0.435160494366
0.468865418756
0.0940210485929
0.398778762822
0.31496525332
0.0733604149806
0.348464459907
0.291697116687
0.229891366465
0.320448796378
0.101096122661
0.488615779811
0.479438004563
0.429787837999
0.231354548071
0.490417472757
0.424423350918
0.08476945799
0.117125161979
0.271423261828
0.458782799523
0.394471916575
0.614322519873
0.537525883872
0.59890211334
0.314013176861
0.468834917241
0.445472087716
0.38610713899
0.301537904604
0.0621766400004
0.323731643873
0.453641494796
0.429829995301
0.4184373317
0.329009843228
0.57574681784
0.149023109749
0.426242739418
0.194531912628
0.411316969261
0.189906376181
0.40882206474
0.327615565889
0.298336286136
0.214283856548
0.455607352606
0.508853679689
0.168295134389
0.351126664692
0.299469928437
0.145880718231
0.118654333717
0.11289275714
0.303965438315
0.429519437725
0.238644796338
0.217965288447
0.25656053364
0.521750367067
0.113066637205
0.469304816286
0.390165172475
0.325745899287
0.454180963404
0.490273435235
0.528058089932
0.364329851677
0.387265384511
0.405449477201
0.232514190315
0.445523176451
0.459411834814
0.218791601896
0.376334674748
0.456452930607
0.376348885106
0.495484796049
0.263062395087
0.511318152628
0.382923582127
0.376150182656
0.368610165966
0.421865080355
0.632329465764
0.435169169221
0.424210946016
0.372211960192
0.527029042636
0.433149881919
0.334590553992
0.379052013125
0.523328164228
0.357813690685
0.215200482914
0.326700137913
0.636627169199
0.305950217668
0.571256492439
0.407556646388
0.520254001906
0.651007389253
0.290340580265
0.334865876023
0.468733742677
0.313212870195
0.165783483341
0.0630395663471
0.51375211789
0.432630327494
0.487522271651
0.505174981421
0.492877134412
0.718013103763
0.506071413159
0.311725912098
0.372454240279
0.390917636096
0.0351159147127
0.165856681524
0.374624663261
0.35008483175
0.489582065628
0.389079830729
0.433014969378
0.0382221362135
0.454375675215
0.431287318521
0.407268157056
0.415866371318
0.478243584234
0.482374182746
0.0855112051907
0.265527822871
0.51384807476
0.475031900105
0.656247483582
0.415618104603
0.299249355406
0.446294183729
0.283393937718
0.487382648997
0.410268677535
0.505002740364
0.343546589997
0.568506378505
0.503792768781
0.379872681496
0.426208057504
0.238441033686
0.108726302461
0.386647939542
0.272615820908
0.621998143488
0.0279286793853
0.506303337972
0.747015839501
0.0468848429106
0.397529284977
0.362205427498
0.206588402608
0.298431904494
0.263169430855
0.16956135841
0.166326427008
0.171462421225
0.289387138965
0.318034592775
0.151732689772
0.242463845702
0.145584080579
0.177772883014
0.0855333403347
0.233421353551
0.0784731789664
0.333503184814
0.38291609997
0.423416119464
0.115674794987
0.467672283732
0.0794714255077
0.122300910078
0.313621810677
0.276176133677
0.29972322181
0.103951224298
0.114729613839
0.417001686359
0.292723251585
0.124295106938
0.207986383935
0.557047328905
0.493062871485
0.488764617494
0.388669831454
0.410323321242
0.470276928516
0.252681560295
0.417748382628
0.347039789409
0.420225763102
0.205981118023
0.0658467542059
0.465255126617
0.446277836008
0.384535270877
0.678208735133
0.559136501362
0.664129224468
0.130646811516
0.44700404366
0.422695285391
0.279049300767
0.298455043357
0.714908196377
0.584322157628
0.0604657001834
0.402622976298
0.185488841111
0.102993347172
0.547225277457
0.145122090412
0.241504457459
0.257627789944
0.388183336944
0.232540896874
0.47405924289
0.397455022655
0.460529343757
0.446271382371
0.107179423812
0.397795967463
0.512353550619
0.280290424739
0.0498703964075
0.292522638208
0.467174257465
0.404231976476
0.505713716574
0.467685405507
0.350780798121
0.207201445333
0.251748265584
0.523492825234
0.349319886477
0.41998042976
0.268648897322
0.353142180996
0.334299447086
0.247948699283
0.391188543734
0.170886234483
0.386272923506
0.43036271156
0.05
0.134570621752
0.463682252741
0.361472645998
0.150197441039
0.36161463245
0.261230820297
0.308398038967
0.261234850171
0.1863773625
0.447827816432
0.223347748388
0.430426150365
0.498574385782
0.102720938371
0.34387260707
0.321928934595
0.190704426737
0.380619273043
0.871654729517
0.258264491943
0.286425123402
0.393657698869
0.348360224466
0.203329973765
0.372784044744
0.505154912434
0.555048304093
0.432502334456
0.49604111489
0.258315401122
0.261093780489
0.473388502866
0.300330552968
0.427964192718
0.416800372124
0.302509970274
0.365350614278
0.535016600459
0.22801461182
0.439388989149
0.247885788093
0.388043019965
0.381679926924
0.198357559115
0.298291001609
0.06704468908
0.42764013231
0.0605112051907
0.320804113447
0.289596138527
0.303823106322
0.275482477117
0.424833118268
0.379158269386
0.229486166969
0.135971266916
0.0
0.183725401877
0.361066282099
0.310514301393
0.48050751909
0.361413987902
0.372192633322
0.462069536168
0.497644150507
0.267627787796
0.332767984288
0.453269359573
0.320186149359
0.455902490467
0.435994076117
0.186067206344
0.0125
0.0714776440549
0.450564944731
0.554980348135
0.268578272277
0.303777871636
0.122847772679
0.247883802449
0.495516074713
0.31289448782
0.490837478868
0.338193359741
0.482301573518
0.293897385564
0.316853524827
0.431666047782
0.431010907274
0.110390351326
0.257733047706
0.458811545463
0.419997484685
0.159502165827
0.249759025178
0.142708957141
0.412141388207
0.406140471925
0.154816768116
0.230542643104
0.45382352194
0.160511205191
0.1556469817
0.183255410333
0.585512405911
0.257681236216
0.582711794832
0.230067846036
0.429981879613
0.26467859444
0.617700385694
0.512329270902
0.386197637477
0.510520012851
0.449570564981
0.396579199415
0.369737576838
0.185177006075
0.347688855907
0.515159084357
0.261681454866
0.521904965958
0.336334728145
0.287521667535
0.348899254429
0.231928646318
0.246282663682
0.34298643396
0.299589498108
0.208098168657
0.401280170016
0.190220438542
0.424793888261
0.39674124804
0.245218783457
0.455024602219
0.59527283819
0.601067353863
0.222203167184
0.274703227918
0.493552090334
0.395205284139
0.243648900095
0.30150596927
0.266238262635
0.102373912043
0.438758966067
0.796955735065
0.564474871577
0.391715943531
0.209355484019
0.143551318187
0.373072153234
0.553727673656
0.0951479418961
0.375521056514
0.266302180376
0.271911424357
0.890462130468
0.397498833668
0.372217472029
0.497297830008
0.459234428751
0.431281663335
0.25099838121
0.212451135865
0.171391341898
0.52071747877
0.456771995202
0.347919573359
0.0958379074454
0.253586556866
0.395506629295
0.433959508914
0.151220312452
0.271545904244
0.394953502432
0.414294037507
0.155216125913
0.317881129524
0.215984258437
0.371114217093
0.467317332227
0.436683991089
0.286352424061
0.271383034845
0.133831885475
0.203006657272
0.0
0.351480124256
0.390253011467
0.363379834423
0.145166631284
0.454679163426
0.0626931554513
0.424750311933
0.02535539966
0.0145288300807
0.219821535591
0.214824464807
0.12287992305
0.402284940572
0.49219587231
0.217170154212
0.547088099954
0.271872134145
0.0389027691254
0.0442017274921
0.0702742647114
0.187549589059
0.093441353399
0.41295634462
0.150835624816
0.0786340239264
0.182382509465
0.509343495752
0.141329737262
0.171489362225
0.19459507067
0.616051682856
0.139649056944
0.187909803
0.470460693322
0.455022136108
0.217787713177
0.30284855793
0.277582717162
0.403694282681
0.487896607326
0.288996772959
0.105290917186
0.323220441353
0.450864037845
0.291433688831
0.584701264775
0.390643243828
0.198888447485
0.519618291337
0.276974561584
0.0575091512613
0.441614322334
0.639920408123
0.0749779925452
0.0385815178532
0.410030166951
0.461689097201
0.0834321503521
0.586699164196
0.247843298703
0.0903439847792
0.124013159072
0.448943390723
0.442593649407
0.407899905415
0.36577515807
0.403719637207
0.483645013344
0.203225790174
0.223604588664
0.407970156458
0.196091025998
0.431883870887
0.281756890125
0.252308355443
0.407840948127
0.275966164325
0.06656984254
0.450916335426
0.66729430318
0.472440790703
0.639455531832
0.304782626138
0.414576182532
0.488396740062
0.565513050741
0.261479608467
0.566049266244
0.569993774867
0.263616848
0.9375
0.269500493173
0.0708386870141
0.208016354134
0.140933670135
0.281160453106
0.475720597684
0.47521330486
0.305728628626
0.377224998255
0.328627945331
0.36842975669
0.218995786319
0.354724404279
0.411702382106
0.31842219169
0.522349941834
0.538973234783
0.193287161019
0.102999383791
0.43818594589
0.392886378047
0.430043498586
0.467810933997
0.543507266637
0.140079256312
0.425730269136
0.274134503816
0.495652850906
0.124191062574
0.140931404302
0.284560731855
0.349218797681
0.374430376698
0.141283154776
0.250510217518
0.251708008624
0.308661167507
0.245237087514
0.0807966954081
0.151574037722
0.313219208957
0.260551070298
0.470442722313
0.409912617361
0.411017800628
0.186460312427
0.377195674598
0.286299027039
0.366881838335
0.044977830727
0.383621749717
0.269045964455
0.0936731848438
0.210441036661
0.470274276289
0.548158498028
0.107512208188
0.473162530761
0.287295712592
0.245060883008
0.436185289628
0.464866473394
0.486735285044
0.159792308081
0.139122099867
0.119437082253
0.0264847827968
0.41609094603
0.345516913156
0.385976822034
0.182152696936
0.269078343229
0.433765171483
0.115770963613
0.251254473087
0.425848951777
0.319976699609
0.168493955214
0.5426070133
0.148532178563
0.20269178633
0.593238560727
0.173364990493
0.0355112051907
0.445249958339
0.14191703937
0.0994289863791
0.0658199021855
0.356480597684
0.423187051912
0.441729308627
0.156945175943
0.373153519298
0.0387911333812
0.112339395282
0.335445147676
0.315786956441
0.354261465666
0.386395308229
0.486471429815
0.321043080179
0.299849786881
0.279136095958
0.0183367808355
0.367759703831
0.550910646765
0.566529620967
0.302149612428
0.43459255314
0.160300707163
0.0930218186262
0.402360889402
0.293273718179
0.258831835099
0.0824955996964
0.520003817744
0.0488191821502
0.0467301706904
0.172412403883
0.0373600349067
0.274352366037
0.0922661009307
0.12401247358
0.382752439567
0.0912287030526
0.471741389191
0.0609870742038
0.636774581609
0.0712197284176
0.288869800201
0.253221601801
0.0548481859627
0.427179044908
0.172034360173
0.417636563598
0.305313146491
0.251561705908
0.377329022548
0.142337103553
0.316556528531
0.273718386209
0.247896488045
0.497999446748
0.285572692205
0.0817647599991
0.280236727859
0.315832278837
0.299854904634
0.405894885288
