0.0511223733046
0.0733440421182
0.168583898684
0.290373845717
0.210822680096
0.0816588133552
0.100969723955
0.560535640468
0.160275025166
0.0790567136438
0.0692997490866
0.126436596646
0.0571578991333
0.0992754207218
0.231361695221
0.303464914426
0.115386308984
0.179785534692
0.139017319632
0.167436858224
0.389131869844
0.172219050306
0.136556638915
0.222704462349
0.182959613443
0.114022600372
0.0445085189146
0.181658955003
0.233745650946
0.0803554165347
0.343982738199
0.199313488612
0.163563836936
0.19746668774
0.119316552562
0.110583613703
0.473128225089
0.0526665590997
0.21214830882
0.252972150725
0.0222060942842
0.249332740406
0.100809525765
0.226649448298
0.0334093092755
0.323913896355
0.317185046208
0.148706377842
0.0
0.222373993841
0.316893706561
0.127181613696
0.266722151164
0.310576934703
0.11147700829
0.315849946885
0.134876933647
0.0908122964132
0.132798605711
0.112449280201
0.0413830308998
0.247530871488
0.14351803182
0.0448985920926
0.125114751075
0.151427738923
0.0877013212901
0.243457227939
0.125520371783
0.149371378787
0.12587272167
0.217463534851
0.280401267011
0.39112877337
0.100597221819
0.184032614647
0.108834264969
0.166441558941
0.059629662346
0.169567386791
0.206919497593
0.117123223939
0.143931288228
0.0449823673631
0.208934013954
0.0431030169746
0.229710533106
0.0258555965652
0.266500525434
0.210971399642
0.204477452189
0.0281065674644
0.0830099793902
0.0741338744964
0.224312009534
0.197905080121
0.213394579882
0.150923485295
0.0186779180007
0.0625
0.134643200097
0.300698494633
0.273179168972
0.331782638927
0.196411338562
0.172915492912
0.263096086724
0.121123377209
0.130700785448
0.303814724317
0.256379474102
0.290091172431
0.243052026096
0.0396452576784
0.299333082292
0.161873879902
0.172846578587
0.11918716669
0.229956690542
0.114870516401
0.224582971263
0.402810578868
0.297809132887
0.24653659209
0.106533739124
0.190351229257
0.194315998905
0.338087109978
0.53465840321
0.081103922772
0.117916661517
0.349026680215
0.497671001958
0.0862617997379
0.0496031067293
0.0444337872146
0.268808769944
0.287584178795
0.162178924474
0.128946315252
0.097541160466
0.148715377906
0.262325160144
0.0413502982902
0.317812249285
0.0494737609001
0.039089283821
0.235621293779
0.555754290274
0.28571705398
0.043784142384
0.206453216822
0.179718577394
0.0473599985714
0.120751057964
0.283613251017
0.0993637713446
0.108869513902
0.373544150756
0.246260570437
0.0971959849261
0.0408476406586
0.191930806176
0.196054554281
0.103217559446
0.178772182214
0.3579165639
0.353021824911
0.538802812775
0.0902463234756
0.311970068725
0.204741324821
0.201658499802
0.129988775176
0.371014195959
0.433854677447
0.314039017832
0.22497906473
0.20107769117
0.427223334965
0.0963662414164
0.082932835642
0.182697957608
0.326118535176
0.100590806579
0.266191462157
0.156568738032
0.181512532844
0.186598141206
0.4375
0.213325963413
0.0572029237363
0.109450319108
0.150008909518
0.109046109265
0.111711320765
0.0708224949761
0.211645334205
0.27338378956
0.0410495766897
0.0896833869996
0.0910830166148
0.0411171575653
0.487759062839
0.0940957129049
0.119976693513
0.220585892413
0.0630150071314
0.216624683259
0.22119985916
0.246729337289
0.0120281306081
0.172650894303
0.062296218503
0.120425646048
0.188170940404
0.163886597621
0.236216934532
0.203856354459
0.0315061379997
0.216818089688
0.10987315276
0.00893504046834
0.0813348461259
0.194547465979
0.167065433024
0.0416666666667
0.151845834251
0.272687599502
0.1916323204
0.165227473021
0.134246034602
0.142537526914
0.197157128991
0.184309233367
0.0731362080952
0.131913024063
0.0794232374058
0.123875119848
0.186628677757
0.36359716209
0.029451791221
0.345593033593
0.293733398087
0.0627232915053
0.0324653928696
0.215039542687
0.0494976368431
0.249369502667
0.421745698905
0.148377027544
0.054969822
0.123616045555
0.16939577887
0.0
0.189922716031
0.0998508555879
0.0557148426936
0.0635932102224
0.0999398451169
0.267566197654
0.353572561695
0.0903375360749
0.125723122761
0.280348814626
0.13423517074
0.0939073516072
0.0970746548871
0.141282537672
0.296909091461
0.0823630948944
0.106358628137
0.221972226418
0.281766936693
0.43446384415
0.10982662811
0.0953193950764
0.264618248186
0.181327434726
0.0772561281264
0.224489788695
0.300333575207
0.317003250343
0.0660381968537
0.0742100370976
0.116091425453
0.0425955706487
0.0948186105593
0.23989895669
0.124831375754
0.211506606492
0.154625563972
0.273128190703
0.0847843649919
0.115008396673
0.259789271564
0.0350174013259
0.0753658285927
0.138229915238
0.0932778379916
0.113675600034
0.2615918401
0.143358602421
0.0946199031151
0.241481005596
0.390882745547
0.502602938808
0.062812722189
0.238482974374
0.101611032272
0.0617103342973
0.148291683151
0.0860522952977
0.371906513207
0.183339800201
0.272157712712
0.187490276581
0.0907682031789
0.290048683562
0.23340558671
0.104678600738
0.106550951261
0.11139340044
0.155551950127
0.329672195142
0.136467837863
0.213380628593
0.16123448353
0.159411622958
0.124307925073
0.234902270619
0.116942679163
0.0849111641716
0.121097628415
0.122450956132
0.0855772739197
0.0693825790199
0.366886423565
0.134871684804
0.117438198299
0.341928385983
0.106417764939
0.138339534435
0.339855882653
0.113343883193
0.104225671975
0.387040989112
0.24148384592
0.235837950793
0.231861800471
0.0815902519578
0.366843624921
0.120579674991
0.103879584032
0.0551401712284
0.0276564290269
0.187237647991
0.181330512498
0.198591864496
0.450974659231
0.507899050092
0.133623964313
0.194732233024
0.12522743764
0.329131709798
0.489138933329
0.249328654909
0.341849798418
0.428712495994
0.275498746065
0.350970199403
0.137401372784
0.102923993576
0.388521730206
0.188144780142
0.0423504330083
0.176370711701
0.0829350372268
0.161803692126
0.298616014589
0.0919924839655
0.103683079637
0.167538826753
0.171240904617
0.0528320180753
0.308166601357
0.103420618029
0.110260903384
0.307118329984
0.130305532861
0.0361511097815
0.0973577287905
0.287666290687
0.228085670771
0.0516710054467
0.125648549687
0.342330056852
0.110062127849
0.208024410103
0.219045959332
0.189249991752
0.187036533618
0.209047166986
0.116754747258
0.0740897334056
0.23544160134
0.339120761017
0.267819572295
0.265369517525
0.38126583544
0.269426561292
0.0331815422621
0.154816165707
0.0389651844045
0.186552030493
0.0340726237388
0.290844347195
0.411473205002
0.070674326152
0.0361311489975
0.211046138463
0.274889914948
0.344826296959
0.238897349375
0.0993681738101
0.147814176861
0.459525755202
0.352932615714
0.288841183932
0.169443317676
0.179735148498
0.105325516761
0.524243313001
0.214252857196
0.149843157374
0.0930559234692
0.0578696437973
0.153565456538
0.221381198954
0.325183383567
0.417887620316
0.0636780437045
0.152671216045
0.0422873260685
0.247441085917
0.156923873684
0.247857534774
0.0739390348279
0.164810090885
0.115566768279
0.0986874884478
0.247359074369
0.265861694279
0.281031246834
0.124922041486
0.0256988887864
0.0689866794973
0.047063290048
0.207699248463
0.232699299759
0.19434673627
0.149613222818
0.192005989721
0.380733643758
0.119484916614
0.255342608782
0.118412276402
0.0680863444649
0.0691435124573
0.0307677239021
0.145252801754
0.0250436394271
0.170269799118
0.176283178259
0.100019011979
0.0766664895541
0.302322845497
0.0558230552897
0.180987397412
0.097603997964
0.254119155697
0.149812291721
0.117356553056
0.113042566087
0.361193011182
0.199935934958
0.104667459652
0.0706458409601
0.105473533016
0.199053195132
0.0358140034759
0.0417128593651
0.110496334132
0.236693323977
0.206826541597
0.103591633318
0.0986795439871
0.149589798619
0.0380912330995
0.0928278353072
0.116818859098
0.0777087615407
0.182011013228
0.183562571834
0.211444661398
0.0686387853433
0.368970962186
0.333642137877
0.109413541537
0.057950105589
0.099724098714
0.344556198376
0.112118883923
0.129171128312
0.224375980906
0.160020711012
0.0807368982612
0.4952180891
0.116027649626
0.420714634577
0.118517852297
0.210734091365
0.040623602301
0.203949286628
0.158791952251
0.110805820294
0.14584806098
0.308837184809
0.291755910584
0.118924654978
0.226780018653
0.0860912414131
0.463765806138
0.283027470146
0.0932310928794
0.17168108314
0.16712110184
0.128522366047
0.242652479846
0.162812879905
0.237895213771
0.273839344139
0.47260192109
0.493827909357
0.313863865
0.287168257042
0.267977137133
0.227441748433
0.28299073377
0.0968762954522
0.407067612482
0.0351293705215
0.157224178218
0.299699131492
0.307848216244
0.219569166702
0.102944316073
0.291462359622
0.0780095881135
0.125384456869
0.0456467874588
0.322592072335
0.0628288508741
0.122722702967
0.0698220229253
0.249760638715
0.190459629279
0.168667907321
0.499382773096
0.0548191277842
0.109591540766
0.0598040320598
0.130090106437
0.206195529902
0.197234863192
0.0841080322416
0.185663311078
0.101940251333
0.0438391000154
0.0787706098275
0.0565635652317
0.391567605802
0.143888891656
0.126723020832
0.288577459291
0.118855850588
0.157741621919
0.363739995804
0.103441975301
0.286547139911
0.556720641294
0.109967007859
0.280240811576
0.225523171224
0.379610853086
0.160168284191
0.276104004679
0.209721123772
0.115476865234
0.235736031821
0.246803057288
0.0883685247469
0.0980170488427
0.097281493335
0.136618411158
0.254458757791
0.0720039291186
0.0226585511934
0.108786428731
0.307264468386
0.188048600022
0.154153263034
0.041387420798
0.0995323810244
0.156189418136
0.0308753426237
0.0578852029651
0.095328747897
0.0405186950107
0.0410615080543
0.15176354161
0.19830600383
0.232570447132
0.106925344398
0.152622677103
0.244543354594
0.0448050317766
0.384602552753
0.196838805478
0.086145260623
0.0790118743336
0.100587171314
0.0281046284757
0.0816090431687
0.371448053696
0.172341849155
0.0339903721571
0.0928766906587
0.355093288966
0.181170725038
0.0291412247895
0.191652842922
0.137224392556
0.220948502745
0.0989396873299
0.102259067536
0.153704321008
0.273240524948
0.117687331273
0.201706301095
0.174837544891
0.136422489032
0.291287571036
0.182738623439
0.105031220274
0.148341881099
0.170054985286
0.0546162784202
0.0392515799144
0.220511335587
0.347223189299
0.223009888067
0.287050166494
0.339588425978
0.17291108498
0.392900564485
0.10072494052
0.140538320052
0.181232712342
0.162717133726
0.260500908078
0.16141194393
0.677436683283
0.0472517806053
0.0958981891285
0.302322775725
0.0386103859823
0.0820275283985
0.200119694808
0.119516535891
0.437064354871
0.171403308625
0.189095745284
0.105385892979
0.0816269708816
0.224312992714
0.383210325719
0.114147740731
0.175341284568
0.188590016661
0.3718626056
0.155220500909
0.0795769830465
0.248125804053
0.22236138626
0.216394759154
0.0988081535141
0.0816101140249
0.0714785557732
0.221003880858
0.0687097903995
0.162293927727
0.093286071423
0.512476594364
0.154692088342
0.0404271282534
0.0761063628661
0.176032279267
0.171897947132
0.0889983350228
0.0586368080898
0.351576664494
0.0605612569368
0.0585178840064
0.197193385173
0.378330301553
0.105434482492
0.114422472008
0.196892532869
0.278365226718
0.0695906862559
0.0384844414429
0.231060842991
0.223535608471
0.0590706565823
0.159256617183
0.213321957928
0.041796269061
0.190728916018
0.224327175135
0.37368755382
0.0829204965283
0.264010463685
0.111780805057
0.103351155492
0.279607669737
0.109587403805
0.137155875798
0.204976937454
0.0619453500343
0.0454419261665
0.0
0.148277771086
0.323988112383
0.202616853126
0.237186858862
0.201949236654
0.125649903689
0.0240562612162
0.231537499037
0.196707086282
0.0396439355535
0.0452051347255
0.0395796236488
0.0463799768785
0.0638002030828
0.0397689142929
0.0723479686335
0.302292280364
0.244574174207
0.177102985623
0.256633230646
0.0825553816256
0.226137956417
0.321841206797
0.0425893927724
0.9375
0.115219442879
0.100801841559
0.070494191346
0.201610417249
0.0409306741676
0.0340278787288
0.2303205293
0.178352579734
0.300472702761
0.303751079825
0.293758245505
0.332865371209
0.11603005218
0.221517566287
0.0797850190129
0.040266289362
0.104445732408
0.188144536232
0.013932089687
0.0981584393528
0.137128264895
0.380093007769
0.0390218834525
0.137775109589
0.0778087661303
0.0678632081063
0.0357080951052
0.0206410208894
0.0633777906769
0.0175186753178
0.0850028070956
0.088950153107
0.0240758711238
0.0564751252256
0.167661871665
0.114252568346
0.0491784955533
0.0625
0.0478378484752
0.131588938251
0.0242211614086
0.170618290392
0.357968005725
0.0726304443809
0.231150308882
0.323059889006
0.188086705008
0.189445743545
0.0404271282534
0.0171840666826
0.146815945637
0.399773107702
0.215582770423
0.0919323175463
0.355988870385
0.133325100285
0.370089922255
0.111472590263
0.0707335626944
0.258915640974
0.169757951354
0.120697166687
0.0458635941513
0.224167841066
0.0578882233597
0.065547085675
0.26465024571
0.0333585483265
0.0370047688784
0.417899920323
0.0730445423177
0.120398175744
0.15321270823
0.164018363316
0.0659670942657
0.0472193971128
0.467041949362
0.0265976218083
0.101215395683
0.0
0.0705975272921
0.247404670739
0.286625318924
0.155655135025
0.30629263892
0.207814387661
0.311776955416
0.103302696973
0.104445732408
0.334357364505
0.0782641765462
0.0479143415293
0.040606481886
0.108309294221
0.120629220507
0.150052713669
0.0503178662439
0.0721770270074
0.0643749611983
0.49281630484
0.28782893031
0.159197457857
0.0479735920507
0.224580833647
0.174078471791
0.252969983252
0.0468260629794
0.277381696993
0.0284848394465
0.261769572263
0.369008261722
0.080724323472
0.234194529403
0.390037046378
0.0443988728797
0.144051264451
0.444905985216
0.327464961453
0.398998960644
0.0723994958587
0.285133882104
0.0726412189032
0.21168453436
0.30247450366
0.244508228632
0.269398294402
0.247163477141
0.222727405901
0.190887432408
0.212288955199
0.10688120947
0.371301959729
0.0
0.27486301029
0.168803136219
0.0399339440154
0.0503338892698
0.123510651419
0.0934747829646
0.143323808336
0.0464368129929
0.166904071936
0.33980976967
0.157194018453
0.215701670181
0.179278930094
0.128443048335
0.100062978883
0.105232636557
0.199764612104
0.255822633331
0.125789029668
0.114724758769
0.180228473921
0.34637321245
0.0472586494747
0.310866436407
0.179431236417
0.0985987119627
0.13316018686
0.213133637863
0.158874823651
0.11960766113
0.19663038086
0.0631734251029
0.118586229678
0.179552440807
0.169442229194
0.198366537037
0.363488738425
0.103824093851
0.0286634809617
0.0826505446355
0.0993627068707
0.127105423533
0.128837210035
0.0870473529706
0.0431799687327
0.0808773760571
0.335225610435
0.0660113557531
0.161906310865
0.15318732739
0.273556954692
0.0358278774264
0.133408759884
0.154311700307
0.176552675169
0.246648214198
0.0727195054099
0.0705894346573
0.154385588532
0.21695888522
0.156309425078
0.0639206984967
0.197837325896
0.278931813243
0.0813044832872
0.312303469831
0.0374185102964
0.0836044894491
0.0815522389141
0.479138125348
0.200877871181
0.226886933972
0.209244243829
0.0756829716472
0.0708089679917
0.200153966186
0.0470020694626
0.0826895680797
0.182889839795
0.0880542095964
0.224807597165
0.119470208141
0.175010880884
0.341358441641
0.175803116156
0.0723968421793
0.14877997528
0.147288085517
0.0708290187218
0.214847007956
0.0820286813318
0.244977982335
0.0372237912425
0.0648636112677
0.0863096721154
0.41003658887
0.117394683818
0.11818215601
0.0882826093228
0.204123495346
0.0401312785475
0.0750091429984
0.147952594037
0.293216083548
0.241018037402
0.358356548571
0.105976720764
0.281350111076
0.161563529403
0.187241824667
0.634583463039
0.128517780532
0.0823037823625
0.0703987343245
0.107688385868
0.222110331318
0.245996151081
0.266071053902
0.0863917900296
0.192609130184
0.143462217406
0.576913874828
0.317991719088
0.120544114054
0.251021090025
0.226190174721
0.03688732542
0.101682688214
0.0753914670751
0.0462928453556
0.0869983831575
0.184644129455
0.22220198067
0.184465970074
0.385197406176
0.257552014189
0.206414901176
0.324802637187
0.28938409393
0.187046167303
0.0433948722364
0.0250310634337
0.173163707711
0.178851439826
0.220404285777
0.247809666677
0.164981657726
0.193925284063
0.229911566728
0.1863940652
0.0731748568023
0.15087025823
0.153356270064
0.141452564702
0.105131690143
0.0119595861977
0.14565894596
0.121221225881
0.153733668868
0.0435289883124
0.158236710799
0.0474897303532
0.0783299101177
0.271737393553
0.0482522583445
0.197541397495
0.286818945053
0.201371767185
0.197204402165
0.0208184141085
0.346029721442
0.12575688688
0.154776484202
0.128900814555
0.281284299269
0.271539421839
0.320078787893
0.257145189756
0.162115759168
0.269927233104
0.160076653463
0.242907826719
0.252824568396
0.0710251587023
0.221436404009
0.0648645267841
0.106253748734
0.140559314237
0.201908146861
0.0465208661686
0.438312288512
0.196468338379
0.0782983974494
0.141567598602
0.181651228581
0.381662283265
0.173340965193
0.151726598499
0.106961833878
0.152664090325
0.389536345441
0.178414282877
0.208554562152
0.122556116091
0.0923691754931
0.106140052728
0.218371697383
0.235626299364
0.104406779646
0.0888714319994
0.14712437248
0.115190813718
0.205411022097
0.380603248742
0.310101038791
0.198540806409
0.382685994295
0.11890913326
0.478746938733
0.14323174546
0.140532440451
0.0887217160325
0.0970406965874
0.132895999507
0.134548075065
0.0632628288583
0.0944974873851
0.0755418128972
0.145743952739
0.165925319789
0.157747677621
0.0
0.210792093134
0.0548366323364
0.0867274481462
0.318296495724
0.0999600627079
0.0
0.0863444629547
0.0802273843326
0.181752412608
0.0913174087292
0.108740189793
0.119989431272
0.310406447159
0.0771059180252
0.195985329543
0.0795476687263
0.165230194703
0.194314709631
0.143187381063
0.304507580358
0.0913822841879
0.101440825406
0.0818624258138
0.160488429927
0.335347689419
0.263011915805
0.132734972573
0.479090241079
0.0436088950649
0.0935777266261
0.0683443962617
0.308172596951
0.0739324520189
0.212254094647
0.399166964044
0.163896211252
0.130748151476
0.113795983769
0.101662507052
0.0392756008837
0.100108305083
0.372899967083
0.272901007075
0.0753052704413
0.186143416712
0.0541988767816
0.0751547512992
0.116958208388
0.403344306886
0.279041470722
0.0415005234405
0.177906071447
0.16462282549
0.0680071450112
0.0491362268243
0.260237587512
0.116152055306
0.132313935824
0.130364453286
0.339430036577
0.0838917238764
0.0266226293436
0.0868117411481
0.230893684521
0.139134938981
0.189599392971
0.0777429453274
0.0
0.165361838962
0.050283988773
0.440423291795
0.398478310258
0.653461918231
0.671102482243
0.382569763114
0.35845558986
0.220981925199
0.635249235931
0.593997119741
0.598043222751
0.385355307446
0.47355823915
0.349013812022
0.570935949088
0.215613623608
0.386984788147
0.173283959895
0.524593612014
0.489262915984
0.548579811805
0.406686362934
0.326219835946
0.364830585902
0.554974680249
0.586458022104
0.325181323157
0.500700851071
0.537776949204
0.100969723955
0.119692889543
0.536862654589
0.158621070027
0.127705077336
0.142268058919
0.333396280157
0.329433274552
0.212237171026
0.29568350305
0.475700989845
0.593313194108
0.269707830252
0.272400532998
0.627502840525
0.617120187572
0.451202466105
0.386694178674
0.409835942876
0.280641474859
0.0294627825494
0.464031812644
0.283094896123
0.0935682459604
0.362620524603
0.427997742202
0.172934163782
0.420834129417
0.622129462541
0.425351771569
0.421698330412
0.612971998251
0.342085171518
0.5153853108
0.365559995141
0.482948059626
0.409548201971
0.483008609406
0.450676352327
0.155241771841
0.514769217429
0.598225523667
0.369717683919
0.579110390044
0.502051513795
0.32993236939
0.56804453052
0.364654174097
0.426320662074
0.491211174026
0.45333012168
0.465545723002
0.303923917441
0.360188597308
0.376634733284
0.110317550379
0.398225207149
0.259442937845
0.615547306827
0.308259241851
0.418851032604
0.355596773415
0.446754895186
0.493223231258
0.124141924613
0.0815194319959
0.445353263271
0.329480190811
0.413733042471
0.285753235056
0.108835215853
0.55141394843
0.511293268613
0.278969871328
0.248602569945
0.173881171091
0.376282833292
0.231125065956
0.248381696963
0.449127149838
0.267747465557
0.24341737573
0.1460111643
0.324989457044
0.121427323021
0.420753063965
0.497282015523
0.626405105815
0.516472860216
0.260276049998
0.153527573418
0.532272220656
0.34906864148
0.299170317709
0.0473069984239
0.232994694239
0.598584171896
0.258129892139
0.122086379555
0.529774130892
0.654611784316
0.344024150206
0.536444044067
0.348552860362
0.429836326394
0.343881517411
0.174985321619
0.110836767798
0.261683916555
0.249447606018
0.0823058313897
0.330104396358
0.21969242146
0.45998744142
0.120732960835
0.136765872787
0.542805499231
0.353500950208
0.303119706378
0.370331995557
0.386638267188
0.353965685912
0.152773212624
0.178768919145
0.195384170337
0.386736244295
0.232737276415
0.274320596292
0.213587004884
0.043985714594
0.555892164758
0.0772411158495
0.356570292101
0.324548192004
0.198235400833
0.552995856628
0.243016685249
0.234730402288
0.586139337662
0.444590184302
0.559873367142
0.404468227147
0.228488919724
0.171190338306
0.476557897029
0.185627084659
0.393478074093
0.148188597018
0.281280773857
0.318884945381
0.424241244792
0.591974500138
0.516270560437
0.0756629902887
0.118391345493
0.255626389917
0.58495816725
0.460066234074
0.283468495503
0.469466633361
0.903548345007
0.53342461664
0.0
0.363483101689
0.9375
0.583656273601
0.0491784955533
0.356979548257
0.495947619501
0.39039426287
0.205099531898
0.202020933389
0.348507610976
0.501700419105
0.357028232906
0.258451872492
0.423568680984
0.46516174327
0.109485903957
0.263423166171
0.382998814299
0.271461427177
0.529500597916
0.702310652342
0.492242210193
0.452128583935
0.0348160732844
0.183091758259
0.136035769452
0.365411873328
0.303797983154
0.49615272159
0.272647273901
0.278020132709
0.321726574967
0.401171835984
0.21285110333
0.44398812547
0.253404133441
0.503351392113
0.382923694607
0.152141625928
0.331830861856
0.416268509364
0.0610102822451
0.0756042913767
0.539125720557
0.266568316472
0.3175445369
0.147715210369
0.180693080177
0.21513812157
0.35240739834
0.487900190289
0.120294103443
0.451123523483
0.36763533412
0.356029818023
0.20536031193
0.364639553841
0.388312707519
0.395916094994
0.211967413429
0.365074748416
0.308471278185
0.283819939387
0.0458406627244
0.206482594638
0.382053252639
0.764346571442
0.506958190505
0.346688473055
0.408926561805
0.234978771658
0.36001661056
0.530587533577
0.246405422644
0.318986266334
0.230112019606
0.0820271918461
0.325475924015
0.176464734471
0.200203941029
0.321058668556
0.210527999323
0.24301615698
0.309611144118
0.456524254535
0.227722076387
0.440778974362
0.319080673572
0.332869855902
0.499236130681
0.467274725569
0.315514053042
0.272430434923
0.306048353203
0.185598769996
0.600356007012
0.0
0.262281513069
0.0677497618897
0.147857555005
0.466068241559
0.0188250417419
0.0
0.057125647614
0.100010007173
0.260566108967
0.17103589333
0.168303904848
0.0736040872108
0.380630045175
0.461609844308
0.108447933386
0.129645400554
0.369589558427
0.383921170121
0.478976633124
0.205914893226
0.258306418677
0.315598529159
0.243378738001
0.352133391434
0.252897711156
0.173043571095
0.163761760906
0.393187531744
0.0467658996136
0.174184626775
0.257626920711
0.278778161006
0.280981799335
0.393481660016
0.314102204039
0.207620311546
0.0790375906566
0.16746291775
0.0957865158214
0.242974038255
0.288217359768
0.358026511042
0.0891772153608
0.182232360442
0.137182186549
0.176432113986
0.104542418921
0.276784734065
0.16962211159
0.379503586361
0.278533870564
0.345809316675
0.240867906005
0.132138050031
0.161526231849
0.110578430939
0.392738008287
0.0525560259534
0.422265379748
0.504295986959
0.289324108675
0.248743004053
0.435945869225
0.9375
0.191201827282
0.400016778159
0.407483096946
0.0463917959427
0.200762437047
0.340740032376
0.288063011131
0.335958763644
0.369952619333
0.269110699339
0.396810440342
0.0852157657709
0.173120965121
0.431973823269
0.314442719488
0.346226695977
0.322401105462
0.305803923295
0.392725857108
0.446018466343
0.291990873185
0.488855826018
0.463956160759
0.409294331511
0.465650690943
0.40617009043
0.429514846708
0.46767650813
0.390657523272
0.291412093131
0.288617046154
0.543122488929
0.282237795409
0.339250435952
0.376158980412
0.331072195136
0.337253080013
0.474531761674
0.529674663351
0.511104555278
0.420593471094
0.0660131794324
0.289675100668
0.133435385586
0.379714204437
0.403149990067
0.315383791068
0.320550776048
0.295884420106
0.23026515024
0.474084206328
0.620267289849
0.207676920768
0.41676275636
0.547623912986
0.290378233576
0.454606623311
0.37299068668
0.28447661957
0.327629861388
0.451428003818
0.467232911433
0.342261999805
0.413536120891
0.454512230775
0.29269231175
0.23498373776
0.237671170827
0.246888420829
0.376298792246
0.0634676684775
0.165591587099
0.416936232601
0.0430733144765
0.437321018345
0.225134241068
0.405933714893
0.398606301866
0.251684822749
0.381302794223
0.53963743791
0.434936558207
0.141336395192
0.493681352449
0.360394659132
0.544674774001
0.337403229485
0.117950700557
0.269390129387
0.0147313912747
0.567449271845
0.559685182693
0.560970363093
0.256401933542
0.276294948594
0.318386512175
0.421359170308
0.466456777447
0.179441465846
0.466082200354
0.354656698686
0.472072807576
0.416745607734
0.369229203462
0.430815680379
0.146016329191
0.488945655719
0.54269392485
0.267816330429
0.0783299101177
0.619988246131
0.382131823949
0.0873547493613
0.209260318083
0.446142918816
0.472358664814
0.203230321611
0.715673530764
0.221512052814
0.371823046283
0.391979309323
0.384231154157
0.434211173261
0.485150215767
0.486108605826
0.205455763749
0.373637467007
0.292626033055
0.343848571558
0.0425955706487
0.397633411799
0.262847311668
0.31949043613
0.113194116606
0.663044717142
0.205626115162
0.66868319428
0.377954728276
0.241377584608
0.338765032484
0.222310920984
0.37917658268
0.526274020252
0.107044419342
0.044395822078
0.342788310465
0.237844266406
0.424344815207
0.42944145092
0.172428649446
0.567794071494
0.297496694451
0.223576639025
0.204699793379
0.527059206588
0.371077469056
0.241431397395
0.664999028732
0.414897684225
0.380913887735
0.543928482483
0.419253402497
0.466909449972
0.30749941763
0.260765063882
0.576691224257
0.591702574814
0.196218002697
0.378280227191
0.40162836492
0.283778618409
0.261556548149
0.483373617148
0.537422172427
0.394670244611
0.228189315699
0.184946858326
0.419457825847
0.144267899001
0.0666392492928
0.474186869743
0.658762859956
0.0627824734677
0.420592861481
0.189449504631
0.428667476606
0.38399280333
0.320738904913
0.239610645428
0.297702411211
0.263276712588
0.390465164539
0.265330291424
0.472853092606
0.395914839253
0.534060409423
0.570220345685
0.45960979234
0.32700769422
0.382159460774
0.320972216543
0.359758484437
0.297777632291
0.394632674073
0.341807942514
0.658877737249
0.485250779869
0.448105695341
0.489629917733
0.186039472676
0.288996073114
0.821732392607
0.326876015353
0.262648265837
0.258779108171
0.421155300948
0.384028920532
0.43605825674
0.435215768765
0.316179678204
0.466348587262
0.357144194586
0.21113921896
0.441057168425
0.51900219116
0.362542703505
0.549021315506
0.625500752431
0.9375
0.29709859531
0.308748143425
0.385876915222
0.366209525828
0.214041150603
0.389543321008
0.366902580597
0.393246425281
0.277772705483
0.180560806382
0.294489609533
0.487052291736
0.398603584353
0.348884325422
0.455288099322
0.495259475522
0.0556174975258
0.162102523995
0.122156433119
0.366191267246
0.220073803389
0.230742283062
0.22260945527
0.363185572248
0.261492822909
0.202703402719
0.319519611286
0.445743189597
0.289255482242
0.380323515117
0.405066138334
0.0903798981024
0.411861850995
0.282179797243
0.21240881077
0.145700116659
0.0606717400158
0.240079241841
0.0497044205479
0.191516629242
0.529030710218
0.0390790867286
0.18055573037
0.083032981139
0.309586461526
0.385634334715
0.15469510293
0.134343765553
0.322009777537
0.333887268902
0.136088160204
0.141934414642
0.11620853239
0.187521499444
0.348974780141
0.246831954049
0.116397528466
0.325917262902
0.09937677972
0.0562160828225
0.0681976714918
0.086873882955
0.249993847924
0.11504200218
0.147546329271
0.3318413638
0.140805401056
0.0846508390593
0.146337792936
0.382903145524
0.182797964067
0.23205007992
0.28796806491
0.171739594477
0.5018212604
0.49250411208
0.292668157037
0.164107398665
0.173056518079
0.332672568745
0.255129061284
0.192350663794
0.325405144348
0.287198134042
0.350385524202
0.743325708265
0.405743074934
0.450513889981
0.141529238237
0.506150462136
0.534848741521
0.32429431534
0.286064916032
0.171627062549
0.349107708647
0.237421061867
0.42102493005
0.256486223323
0.285531806254
0.389985631094
0.181874514453
0.215651864072
0.029291560441
0.0658889067964
0.313804310034
0.3366586961
0.362894042024
0.267971370525
0.0822856507572
0.208947173848
0.323422373661
0.195614177123
0.34497788459
0.311588871526
0.231377934562
0.296383289233
0.314454743923
0.335850109373
0.402805738582
0.290299625399
0.419810582148
0.23896207278
0.292033197315
0.39249884442
0.232503338542
0.251694283655
0.375606812527
0.0
0.308911662392
0.288425061448
0.166253735743
0.254640062009
0.0709712067605
0.342256819721
0.319127596961
0.424540042952
0.103851332266
0.291323984869
0.158577578468
0.291177641523
0.233779624783
0.235109722322
0.182099844408
0.34243843813
0.148156895439
0.233535448384
0.338844864714
0.305749179483
0.399547354044
0.46775923103
0.284181258119
0.252071905939
0.240939917881
0.355407063056
0.306980452071
0.201904656007
0.381954402524
0.329841175703
0.08629454419
0.14846271789
0.106260133495
0.277249854453
0.347483963681
0.328905842234
0.221511698404
0.157069609808
0.321950707507
0.240106007823
0.24942809776
0.400836185447
0.350656860073
0.326308572826
0.104438222162
0.0939108964874
0.132750551083
0.556199121814
0.283736289784
0.344809451114
0.253140293102
0.268818538345
0.290083936593
0.267918032983
0.327525409891
0.516712273748
0.207915693951
0.448898116959
0.247068498827
0.341801124571
0.273658063989
0.203769184382
0.130331025463
0.150318534892
0.299750106099
0.285828216432
0.332796631243
0.367301265659
0.283353709719
0.359855587536
0.390385913964
0.368083758673
0.517542632219
0.577947064826
0.366831813286
0.430647413427
0.177843233696
0.375902578555
0.309661195348
0.251261743868
0.0745926697783
0.231176675747
0.202342560616
0.40591650963
0.33751418971
0.173627851903
0.400232222444
0.421226192303
0.242227046988
0.166427971692
0.346239894528
0.364342756973
0.128397289547
0.10328688931
0.102733844339
0.361881094825
0.292385711358
0.208590704836
0.362173446408
0.279165313821
0.525705148864
0.55499722668
0.232119340967
0.269241416381
0.164106908441
0.280980929175
0.130254916477
0.468657553659
0.120266955303
0.0147313912747
0.0922562692584
0.413652255389
0.302734977687
0.143500093722
0.110051656039
0.157354969083
0.360926489371
0.189051895005
0.15167082382
0.207165113985
0.291962314423
0.321612116723
0.312366991948
0.349082538246
0.290790495608
0.16009115692
0.250100543226
0.227968718761
0.0429567914377
0.291434329478
0.297681695479
0.0361245752346
0.243270621733
0.419683725995
0.35640397095
0.135591969564
0.331513214323
0.384477789378
0.194833275985
0.242372584461
0.395628288897
0.348593182319
0.181408202115
0.553752537756
0.363651960798
0.485524084685
0.243724280238
0.339398847462
0.224054595767
0.422187944619
0.531015805412
0.446035733356
0.125057462504
0.0
0.396232668184
0.231372523811
0.417912021585
0.228638992382
0.31530734356
0.327424878753
0.304308450443
0.160800867182
0.0613983852103
0.506806933927
0.214098298218
0.261994632621
0.293362113004
0.22285794235
0.198806578684
0.49328043331
0.341208342702
0.235145561189
0.32053619616
0.230675215278
0.364687181963
0.16479922971
0.323163417869
0.0928186088392
0.151338766279
0.367013579919
0.406633375949
0.473606270211
0.324428137074
0.497173526668
0.149438033893
0.296211581361
0.413362988699
0.404759283165
0.142081875853
0.556345506538
0.111343149348
0.0599075019677
0.426329214117
0.30334134905
0.246350031904
0.289311456445
0.148447960469
0.205035055725
0.299113765186
0.0318345845275
0.151668402145
0.274998028632
0.362130197821
0.300500851046
0.394645677315
0.477847234964
0.191363864518
0.111830540348
0.385887083849
0.251169355198
0.276435980714
0.0427287112412
0.250000930777
0.160901857866
0.179427999562
0.306030207435
0.388101068526
0.389172851602
0.352794797014
0.320623617067
0.395358796238
0.378750580186
0.337713033391
0.386664080571
0.398455925097
0.207377441259
0.0761906121349
0.137556955113
0.45198704721
0.147668396558
0.230653632041
0.107164948782
0.497699782398
0.249148374744
0.28752944439
0.234483287969
0.437912049028
0.231138964053
0.236731951644
0.428922517155
0.235275877816
0.416263538317
0.367655897392
0.643402692413
0.281666836087
0.22938695197
0.353921239788
0.279942837912
0.209098986075
0.187874733243
0.211275277748
0.39746230986
0.122892980005
0.410781586887
0.526472578586
0.426105319314
0.360665504028
0.212792214108
0.378655438183
0.0560190288735
0.291809949061
0.297128562876
0.297617373155
0.282722253192
0.257396716253
0.40255693353
0.306488469751
0.304556601086
0.221936727699
0.329240879788
0.0954016885155
0.293141050803
0.315084429381
0.23664057804
0.214551691271
0.285941745267
0.334105760606
0.127922436611
0.160009869312
0.261558939841
0.109578649582
0.416170585528
0.315531502598
0.381002289594
0.433145969726
0.362285570005
0.353383238441
0.398051912243
0.402454656021
0.173885185144
0.266683175216
0.257314358853
0.521073791547
0.334431730286
0.0969815853934
0.230616134319
0.360368658749
0.539700897036
0.514394605645
0.340206918674
0.371785674561
0.38271376755
0.420951853843
0.459457620143
0.35498041482
0.428341917849
0.56155517586
0.43329290778
0.185020638014
0.282579620623
0.303873681108
0.381557994946
0.351171221202
0.350054107577
0.374938582583
0.264727138995
0.230845941331
0.303163107788
0.266600813991
0.314734043088
0.165545305395
0.44378351682
0.342326295892
0.31019960406
0.0721172449251
0.313089563979
0.317379745446
0.369479962082
0.176737815926
0.316369713654
0.499161792021
0.148920833882
0.184533908546
0.30394164321
0.266961360663
0.233636975683
0.158313910575
0.126868859266
0.323027683176
0.317149246425
0.274439285142
0.393744063824
0.0962272105741
0.345971963192
0.490067872282
0.308460450097
0.332470140721
0.14983798312
0.382422976826
0.563237291971
0.412584625301
0.112485350241
0.501727362191
0.508410301968
0.315374641045
0.394734692622
0.206804248408
0.166718024952
0.379190752271
0.238625084145
0.206751451502
0.334132364589
0.147582198622
0.429161612144
0.105771937061
0.251016533303
0.324779115923
0.283549387946
0.289564845472
0.268569807687
0.26140292758
0.368008681402
0.533712303916
0.277838793084
0.18997408756
0.276155129361
0.18317941772
0.0251956606344
0.0
0.320807623594
0.161824707062
0.295066093374
0.20972288424
0.33601771366
0.278885601772
0.21465998908
0.226439186772
0.425669126582
0.336802678687
0.304973044787
0.266308044554
0.271972925373
0.264912884269
0.249689625053
0.332675698863
0.240677552315
0.21065928297
0.384004212069
0.300892703087
0.144568100339
0.457166837189
0.457925082768
0.372386843971
0.398966032885
0.206132800116
0.321945176044
0.281541611752
0.343981542228
0.296616217734
0.433155310552
0.33722431552
0.330051367212
0.251585505596
0.454674932488
0.208549852753
0.366566377923
0.290148138698
0.266797501929
0.476995182149
0.381127796326
0.502930976475
0.102346171427
0.292330157558
0.29040890705
0.200519713603
0.169870187932
0.398482209437
0.151779819244
0.297853537019
0.274785049421
0.283912653347
0.0884753097333
0.461972144728
0.118770475731
0.172590514617
0.289055471635
0.336397170977
0.326878390075
0.0798372720597
0.364678444363
0.340245126066
0.233063979526
0.213920173797
0.206815371909
0.263136374041
0.306818669166
0.150907606467
0.356290933172
0.32232516003
0.222018660717
0.00998133828281
0.18791952264
0.457226232688
0.228034843107
0.318144407014
0.108690542327
0.437063522998
0.291794338428
0.300030817205
0.364629359691
0.331941684203
0.141330667356
0.3092524278
0.325255671007
0.190380514634
0.0458419596783
0.333383747572
0.154730761156
0.26364548914
0.184131291234
0.166112603132
0.2947201789
0.184565771806
0.140782262502
0.331667328806
0.339691088802
0.279046341774
0.277726136962
0.225993521361
0.0
0.434475805353
0.36820595242
0.340432256769
0.263266286683
0.356782530214
0.344829327495
0.140990985119
0.283044823139
0.264828347603
0.100187647161
0.438984851513
0.314638860782
0.309586461526
0.161178570252
0.314895029565
0.264505243516
0.256170150874
0.513882736016
0.215503757945
0.0666385796791
0.267674849765
0.319330822208
0.207589023277
0.0632942546962
0.367225693033
0.227528108899
0.293220026733
0.276986389943
0.321976390161
0.346396766057
0.249175207803
0.15246485253
0.470199492815
0.422125018156
0.332250667175
0.0983201997055
0.459798412785
0.263365391123
0.297182578661
0.494919369034
0.336506382666
0.132021818452
0.0974444402162
0.316929914288
0.261153354911
0.472379300923
0.387407901791
0.269619448254
0.391434393433
0.361262098612
0.273645841635
0.215226460311
0.426017143662
0.284549418253
0.45152770201
0.237146371168
0.309057593331
0.350561779474
0.127272808555
0.185452610088
0.133874751878
0.275126178052
0.076092682114
0.204278653364
0.184701569684
0.234115942656
0.134642452487
0.114329911381
0.429681543117
0.231212528787
0.106007430595
0.203857596788
0.268956467289
0.210483617603
0.0679373400613
0.452460517694
0.330380603338
0.11524258374
0.113300879035
0.085139813837
0.190004850132
0.410194179871
0.468295672407
0.402020542937
0.367824654731
0.43223520195
0.0554173023248
0.193772342597
0.592238293933
0.369114761039
0.0271189653893
0.147294816792
0.242309400602
0.197144205878
0.423035736637
0.253339249261
0.0610687032627
0.112616330146
0.056124743758
0.428657912373
0.116683992094
0.0526334046796
0.284532885779
0.302696439532
0.417118132176
0.337659381435
0.295214850768
0.367071032183
0.350240122554
0.187678568246
0.0878954881959
0.204963854449
0.360057801569
0.186741326169
0.357906292245
0.621816520552
0.484075780601
0.126148607922
0.29345961479
0.344401077673
0.136544072611
0.420810795828
0.329869016056
0.411558712874
0.210663567692
0.269123105684
0.0571188772405
0.138717920603
0.259653095335
0.165577903827
0.203568259654
0.106844912726
0.423691596109
0.0416144794071
0.330617279965
0.157632165396
0.305145226423
0.430539728586
0.143248969916
0.36801875834
0.299571465514
0.153421045798
0.238028366674
0.269404912746
0.380035525596
0.28197871115
0.25543296178
0.126609191777
0.181467610665
0.265713192194
0.143828641472
0.117808601156
0.453991759704
0.421312671137
0.409870407286
0.195387917494
0.266904642892
0.127128067267
0.199140245133
0.214236369058
0.225751719428
0.207446216662
0.223316828456
0.103411815926
0.193267018796
0.19658791199
0.206699544637
0.359757259321
0.591729673763
0.0956871636557
0.291849987811
0.478310703565
0.102568665505
0.186484600562
0.184231050161
0.379783381561
0.195061278637
0.34165931016
0.149098761653
0.241615926723
0.265951476647
0.379338465308
0.304386698541
0.463664574209
0.255243531875
0.156868517759
0.105396061441
0.348336270392
0.264977975787
0.257079767477
0.0951443024141
0.168276340475
0.0824769658525
0.197321043832
0.231720280218
0.304258676553
0.271269994111
0.249587812687
0.386258618959
0.266910296393
0.342739186334
0.216812393361
0.423337661923
0.254355589217
0.263170055977
0.467678199987
0.48812199204
0.451789792798
0.486159199881
0.355443215225
0.507251848611
0.221523985969
0.267552403722
0.340294677535
0.0869203100443
0.487370130432
0.36178902911
0.0555787688517
0.13598842124
0.283114839039
0.0674100808249
0.321290501371
0.185495465717
0.305616494639
0.449735021376
0.311844625477
0.221256415735
0.220415274889
0.30821374366
0.29319214538
0.0876033881952
0.36095093553
0.353537173265
0.406599425501
0.391600878832
0.472033390481
0.0977435830855
0.195388798965
0.427674337565
0.241886560036
0.393442412102
0.494151854282
0.161871729296
0.341974017502
0.308009413582
0.310324314118
0.38418247827
0.240012168977
0.360695630403
0.33854528309
0.345315518862
0.4176045615
0.419426548463
0.230923874974
0.346827473991
0.341503062345
0.316018125907
0.447113190212
0.21186649646
0.109162445273
0.316223343456
0.226704701262
0.319959471814
0.276590099105
0.313054518429
0.243169099823
0.433798832571
0.027864179374
0.257200001925
0.0605945726052
0.163964782057
0.243093672281
0.235383533267
0.136868123121
0.333422786151
0.329717532878
0.148899602363
0.089836641442
0.105846639208
0.263907501374
0.0798081373425
0.28205770803
0.107208475886
0.114120285687
0.0806117282663
0.234355807502
0.351556759538
0.26201599032
0.41432565025
0.170271611076
0.394889265405
0.411206692988
0.381905350355
0.421179168917
0.0280168770011
0.323713703987
0.385250127448
0.11908745835
0.411537917063
0.125049546496
0.291329914051
0.219647892433
0.164891920465
0.143977939084
0.241991962385
0.228170411665
0.180392274424
0.0
0.172475791288
0.105419666326
0.0374672397045
0.185903157183
0.126165329638
0.569622127337
0.255009592661
0.15190629047
0.0896255233085
0.368798650961
0.253122586082
0.169172784142
0.185083434122
0.337232954929
0.0845690148219
0.422134771927
0.110264212441
0.17756107454
0.486079021028
0.190695152729
0.193366945204
0.0527750621649
0.101367495907
0.0114066302814
0.230087436762
0.199943036926
0.0694115384054
0.43411053451
0.268532123358
0.167680185508
0.311294803032
0.450374516766
0.465861448582
0.101507225821
0.170415395094
0.311530986364
0.297224374751
0.467167124785
0.563311028216
0.466764327352
0.0512050244257
0.246968858818
0.301398784642
0.340831565391
0.346643836571
0.204311791748
0.608071435798
0.255866475894
0.319316475866
0.307059662283
0.306226548257
0.185250780834
0.23155515509
0.0668194864478
0.214768426511
0.299902611611
0.364670865034
0.367662244391
0.0365762690793
0.139674983072
0.238605703578
0.315547738482
0.253425314148
0.262133514902
0.288969906972
0.102543043415
0.201882920773
0.196473273631
0.37974252072
0.0572750860191
0.0267595218828
0.613098352225
0.142068077878
0.0416261048578
0.3184685971
0.447552848263
0.324299482295
0.209368072978
0.248186628656
0.0
0.219490147615
0.0769050325934
0.247207825517
0.29892756235
0.309297415732
0.186992477527
0.107067087455
0.125158812121
0.251299643443
0.0796919588764
0.645702499674
0.31890018025
0.163626948947
0.0743619571937
0.0372497777001
0.0440777894034
0.275640296486
0.151510145257
0.591079263011
0.300293063687
0.262916592233
0.0296169569835
0.283680226293
0.18701076114
0.173754353055
0.301576253518
0.219603233241
0.181798416344
0.0646034922844
0.341562332822
0.271553033126
0.096655973359
0.0360969434363
0.17305984476
0.0625
0.159037308369
0.315946462357
0.301439812159
0.348008548951
0.0842307781824
0.188336360415
0.254986617522
0.0480189051874
0.289415204861
0.31787188273
0.28221962189
0.389506991672
0.382471040394
0.406594851545
0.280783534618
0.193167631279
0.318902892303
0.412198818764
0.180949685045
0.236396928144
0.167178932221
0.293252875775
0.389777133013
0.742968333116
0.293710886807
0.220604768508
0.0359756683716
0.232325884224
0.165731621191
0.11925456453
0.209378635569
0.441236227513
0.0830022029848
0.206867716375
0.15179127279
0.292988786564
0.130482603287
0.258376980683
0.190505013464
0.357813322339
0.184301116836
0.260610191814
0.322016929363
0.0551255138472
0.240754188456
0.115935465579
0.167909060554
0.361979553972
0.239819174845
0.106249681605
0.38045201977
0.131831263651
0.174872471996
0.366688194075
0.371329236155
0.242775924749
0.273444395379
0.311190426153
0.293185935667
0.145168687666
0.0707932679576
0.250833532936
0.0626735542241
0.285847914275
0.202466719593
0.225319822076
0.451495220587
0.217992362
0.0266226293436
0.170418069207
0.38444691582
0.0769743527693
0.113587191809
0.275759189474
0.099866350046
0.18473709651
0.408336495797
0.177424389369
0.269237723936
0.313482632139
0.013917233027
0.0416666666667
0.25209776169
0.202667615398
0.100692174103
0.0920752221217
0.0928040860765
0.348492551554
0.139033763044
0.217978518901
0.16296094445
0.170563656148
0.242035623013
0.278218949119
0.293466983117
0.013393310333
0.304719577538
0.178609076561
0.166007772059
0.277754315157
0.359757842299
0.0849666804367
0.0769035001141
0.151250321449
0.356373371329
0.260250512997
0.344529497625
0.156146332126
0.0979008270241
0.41884437066
0.0957632921155
0.194943708626
0.302976080751
0.323134906165
0.4820338259
0.44836443243
0.122727442407
0.311494267549
0.191393832318
0.330276110959
0.23408625892
0.225923610507
0.442720787531
0.129385089836
0.28978458036
0.167863676182
0.179365118969
0.249851510929
0.275465063099
0.269176979728
0.245980958326
0.0534799936015
0.293722414996
0.0410621653565
0.159917271938
0.364743460058
0.0261194011916
0.301592720559
0.360744294521
0.209261453891
0.15158829096
0.104080707248
0.403013059423
0.277711239742
0.490065900407
0.196399431621
0.215989874572
0.101478938617
0.304714467989
0.125383204157
0.3058824032
0.296432164467
0.23756352498
0.254058736654
0.164063851044
0.260237556448
0.302530584962
0.138211481596
0.373432877765
0.127110398281
0.408503135674
0.0114728190605
0.217457583429
0.276005201187
0.36739371759
0.148207238459
0.359679022691
0.253929942142
0.416279130579
0.371873091491
0.173198798487
0.497356662381
0.275481512018
0.487470940219
0.0460954908953
0.231117698694
0.287959174853
0.330694527788
0.28841766499
0.327804472074
0.289108916521
0.188702829794
0.338659777212
0.253145768494
0.108514668316
0.298812468409
0.192659499727
0.343535820434
0.511117696901
