7.71428571429
2.41176470588
5.03571428571
4.84615384615
4.0
4.26923076923
3.46666666667
2.28571428571
0.666666666667
2.73333333333
5.0
4.625
4.86956521739
3.05
5.7
4.33333333333
3.70588235294
4.29411764706
3.56666666667
3.94117647059
5.0
4.25
4.42857142857
5.11111111111
4.2
5.05
4.28
3.69230769231
4.0
4.07142857143
6.0
2.875
3.5
11.8888888889
3.90909090909
3.96153846154
2.55555555556
4.02222222222
3.72222222222
2.33333333333
5.44444444444
8.33333333333
3.32
3.4
2.26470588235
2.54545454545
3.8
5.23076923077
3.58823529412
5.8
6.73333333333
3.2
2.5
3.54545454545
1.12
6.31034482759
6.2
4.27777777778
3.40425531915
4.8125
3.9375
3.66666666667
5.45454545455
5.65217391304
5.8275862069
5.25
6.16666666667
6.0
5.21052631579
3.84615384615
4.68421052632
3.89473684211
4.41935483871
6.5
3.45161290323
4.23255813953
2.08333333333
3.36
4.5625
4.34782608696
3.53846153846
4.92592592593
3.79069767442
3.25
6.6
2.68571428571
5.85
6.04347826087
4.0487804878
3.42857142857
5.33333333333
3.875
4.45454545455
5.6
4.8
5.88235294118
4.42105263158
5.46666666667
3.0
3.75757575758
3.73684210526
4.66666666667
5.47619047619
3.07142857143
4.0625
2.0
7.5
5.13157894737
5.92
3.68181818182
7.0
5.82608695652
9.25
6.04166666667
6.57142857143
4.70588235294
7.82352941176
4.72222222222
3.66666666667
7.19047619048
6.78260869565
4.88571428571
4.63636363636
3.86666666667
8.28571428571
3.60869565217
8.22222222222
6.88888888889
6.21052631579
4.4
4.88235294118
4.42222222222
7.33333333333
5.15789473684
5.66666666667
4.40625
3.78947368421
2.57142857143
5.6
5.38095238095
1.6
3.5
8.66666666667
8.125
4.9
6.47058823529
6.44444444444
5.30434782609
9.0
3.64516129032
4.66666666667
6.0
3.80769230769
4.80769230769
5.58333333333
3.8
5.52173913043
5.28571428571
5.5
3.79310344828
5.17391304348
3.51612903226
6.85714285714
4.16666666667
5.36363636364
4.0
4.25
5.64705882353
5.89473684211
4.63636363636
8.16
7.85714285714
3.46666666667
3.8
3.375
3.63636363636
4.625
6.30434782609
13.25
15.0
7.04347826087
7.33333333333
8.73333333333
7.91176470588
9.84210526316
3.36842105263
4.96428571429
2.73684210526
7.33333333333
4.41379310345
5.64285714286
4.42857142857
4.42857142857
11.6363636364
8.30769230769
4.30769230769
5.0
4.78947368421
4.61111111111
4.0
5.95238095238
9.57142857143
5.08333333333
5.11627906977
6.5
6.375
8.54545454545
1.33333333333
4.61538461538
8.025
7.09090909091
5.05555555556
4.9375
7.79166666667
10.0
5.77777777778
7.73333333333
5.05
6.12121212121
3.4
5.33333333333
10.6296296296
4.08333333333
5.9375
7.90909090909
6.25
5.15
8.47826086957
7.05714285714
7.36734693878
8.69230769231
3.875
6.11111111111
6.24
6.26666666667
6.90909090909
7.25
6.47368421053
5.25
4.7
5.59459459459
4.71428571429
5.43333333333
5.56
4.90476190476
7.05263157895
3.2
4.27777777778
5.64705882353
6.65
4.83870967742
4.86956521739
4.39130434783
3.35
8.35714285714
4.27777777778
8.76923076923
6.5
5.42857142857
3.5
2.36363636364
3.125
5.72727272727
7.9375
5.90909090909
2.90243902439
6.59459459459
3.44444444444
3.38235294118
4.02127659574
1.57575757576
2.07142857143
6.06666666667
3.04347826087
4.18181818182
0.5
5.88888888889
1.8
4.61538461538
4.56818181818
4.07142857143
3.14285714286
4.80555555556
4.87878787879
5.15789473684
5.0
3.40909090909
4.0
4.09090909091
6.22727272727
5.08333333333
3.77777777778
5.08695652174
5.74285714286
4.64705882353
3.89473684211
5.0
6.66666666667
10.5
5.48
5.63636363636
4.18181818182
1.78947368421
3.17857142857
4.18181818182
2.63636363636
4.54545454545
3.4375
5.2962962963
3.95833333333
3.44897959184
5.33333333333
4.3
5.0
4.81818181818
6.15789473684
5.19047619048
3.53846153846
5.28571428571
3.6
3.55172413793
3.0
3.59375
8.0
3.83928571429
3.54545454545
4.60606060606
4.66666666667
4.95652173913
4.36
4.47368421053
8.4
6.4
2.9756097561
4.54838709677
5.0
4.42105263158
3.66666666667
5.09523809524
4.875
4.89189189189
10.5
2.45714285714
4.04
5.31818181818
4.0
2.0
3.21052631579
4.29411764706
4.06666666667
6.21052631579
3.70833333333
5.9375
5.10344827586
3.78571428571
4.41176470588
3.77777777778
4.37931034483
5.72
5.125
4.6
3.20689655172
3.55
4.36
4.0
4.44
2.57142857143
5.09677419355
5.23529411765
3.67741935484
5.64705882353
4.04347826087
4.08108108108
4.0
4.44444444444
5.5
5.4
3.40909090909
7.0
4.61538461538
1.15384615385
4.76923076923
2.05882352941
2.97727272727
8.9
3.25
3.19047619048
3.96153846154
2.11111111111
4.5
2.69230769231
4.0
3.89655172414
3.71428571429
5.41176470588
1.75
5.0
2.64285714286
6.09523809524
3.56666666667
4.32
4.69230769231
4.95833333333
5.4
5.68
8.56
6.0
4.45454545455
5.35714285714
5.77777777778
6.84615384615
4.25
5.32352941176
3.66666666667
4.11764705882
2.0
4.42857142857
4.77777777778
4.0
6.42857142857
5.33333333333
2.28571428571
4.32
3.1
10.5
6.125
2.36363636364
7.14634146341
5.9696969697
3.47058823529
4.5
2.625
4.5
3.8
4.38888888889
5.71428571429
4.0
3.0
2.58333333333
2.68
4.1875
4.23076923077
4.25806451613
1.0
3.04545454545
7.06451612903
1.86956521739
3.85714285714
4.61538461538
3.6
4.32142857143
7.33333333333
2.07692307692
8.26470588235
0.75
4.39285714286
7.42857142857
4.97142857143
6.04761904762
8.83333333333
2.57142857143
2.0
8.52
6.6
3.375
5.04761904762
3.61290322581
4.16666666667
4.51515151515
5.90909090909
3.46666666667
8.39285714286
3.0
6.17647058824
5.20833333333
1.92857142857
7.70588235294
2.26666666667
1.91666666667
3.52631578947
5.0
2.64285714286
5.4347826087
2.86956521739
3.375
4.7
3.28205128205
6.975
5.14285714286
4.20689655172
3.35714285714
4.14285714286
3.36363636364
3.63636363636
3.78125
4.83333333333
5.38095238095
3.5
3.65217391304
3.04
4.7
4.97142857143
6.23333333333
5.08571428571
5.77777777778
3.81818181818
3.63157894737
4.03703703704
3.52941176471
10.6
5.59322033898
7.46153846154
3.41666666667
2.46153846154
4.84848484848
4.61538461538
5.64705882353
4.41935483871
5.83333333333
5.79411764706
4.77777777778
5.27586206897
7.61111111111
5.33333333333
3.66666666667
5.64516129032
4.68
4.52380952381
4.25531914894
4.08571428571
3.8
3.53191489362
1.6
4.08
4.47619047619
4.48837209302
4.8
3.07142857143
2.7619047619
2.09090909091
4.16666666667
6.07692307692
8.07692307692
4.70175438596
4.88235294118
4.41176470588
5.58823529412
4.875
4.203125
4.0
4.0
2.27272727273
3.75862068966
7.28
2.91666666667
4.68965517241
4.23076923077
3.65573770492
2.86666666667
4.27777777778
3.53571428571
4.96875
3.0
2.90243902439
3.45
3.7037037037
5.33333333333
4.25
6.83333333333
2.57142857143
3.67272727273
3.07692307692
4.47222222222
7.70588235294
2.83333333333
3.85714285714
3.6
4.29411764706
3.84375
2.5
0.333333333333
6.37837837838
3.76923076923
3.32608695652
2.78787878788
3.36666666667
4.86486486486
5.30434782609
5.08108108108
6.0
3.4
5.81818181818
5.0
3.52631578947
6.13793103448
4.0
3.17647058824
3.30434782609
4.04
3.5
4.375
4.11111111111
3.82352941176
4.0
4.26923076923
3.35
4.31578947368
3.25806451613
4.07692307692
7.08333333333
3.24324324324
6.93333333333
3.2
8.30769230769
7.26315789474
3.0
3.53333333333
1.86363636364
3.2962962963
3.92857142857
6.47368421053
5.0
7.58333333333
5.54545454545
5.0
5.0
5.1875
4.84210526316
6.25
4.5
4.75
4.04545454545
3.125
4.0
6.33333333333
3.5
3.94736842105
4.35483870968
3.75757575758
3.69696969697
5.19047619048
5.0
4.17142857143
5.0625
3.41379310345
3.25
4.2
4.5
0.666666666667
4.23529411765
8.07692307692
5.65384615385
5.58974358974
3.04
4.51785714286
2.71929824561
5.33333333333
4.36363636364
4.02325581395
5.09090909091
4.625
8.0
4.72413793103
5.67647058824
2.82352941176
4.0
4.22222222222
4.16666666667
2.94117647059
4.95238095238
4.51612903226
2.36842105263
6.6
4.6875
3.55813953488
4.775
4.94871794872
4.47368421053
5.10714285714
7.92592592593
5.38461538462
4.9375
4.52631578947
6.125
2.33333333333
7.83333333333
1.66666666667
6.875
5.92592592593
9.66666666667
0.5
3.51612903226
4.18181818182
5.73076923077
6.30769230769
5.3
5.48571428571
4.125
4.93103448276
5.32432432432
4.8
5.09677419355
7.84210526316
6.77777777778
9.8
3.41463414634
5.86666666667
3.95238095238
3.5
5.15151515152
5.7
2.8
4.13636363636
5.5
5.91666666667
4.2
4.70967741935
4.82608695652
6.67567567568
5.96
2.25
1.33333333333
0.666666666667
3.83333333333
5.5
5.02127659574
5.52941176471
6.1
5.7
3.95
2.78846153846
5.17857142857
8.27777777778
7.64705882353
4.27586206897
5.15384615385
4.0
3.44776119403
4.15151515152
4.0
8.41666666667
3.96551724138
5.94285714286
4.38095238095
5.59259259259
4.93333333333
7.24444444444
6.71428571429
4.83333333333
3.125
5.19444444444
7.13333333333
4.54166666667
5.80952380952
6.40476190476
3.59615384615
1.88888888889
6.0
6.5
8.5
2.78571428571
4.1
4.91304347826
5.45454545455
6.81481481481
3.46666666667
4.8
5.47058823529
5.91666666667
7.29411764706
7.88888888889
7.22580645161
4.83050847458
4.8
5.48571428571
6.11111111111
6.73076923077
5.5
4.06666666667
1.26666666667
4.54166666667
5.92857142857
4.5
3.96
4.22222222222
5.42857142857
4.47368421053
4.40909090909
4.42857142857
4.76470588235
5.47058823529
5.18518518519
5.12
5.68
6.15789473684
3.28571428571
3.69230769231
5.66666666667
3.69696969697
4.53333333333
3.88888888889
4.69230769231
3.57142857143
3.77272727273
5.30434782609
3.46153846154
4.16666666667
4.94444444444
5.16666666667
3.72
5.25
4.90909090909
3.27777777778
3.80487804878
4.90909090909
3.625
8.58333333333
5.15789473684
5.75
6.1
4.73333333333
7.81818181818
2.5
5.13636363636
3.92857142857
2.38095238095
4.75
4.11627906977
4.2
6.5
2.33333333333
5.46341463415
2.51612903226
3.59375
7.82352941176
4.20833333333
5.78947368421
3.66666666667
9.56
2.16666666667
4.86363636364
6.21428571429
7.25
2.73076923077
3.67857142857
4.5
5.43333333333
3.0
4.375
4.2
4.46
4.52941176471
4.64285714286
4.5
3.2
4.0
4.42857142857
10.3636363636
3.91666666667
5.11764705882
4.67857142857
8.125
4.64705882353
6.28571428571
5.14285714286
4.09523809524
4.04545454545
4.1
4.69230769231
4.75
3.30434782609
5.97142857143
3.96666666667
4.28571428571
3.0
3.0
4.36666666667
3.92592592593
5.88235294118
12.4
3.025
4.0
5.83333333333
8.5625
4.0
5.5
6.31578947368
3.47619047619
5.14285714286
9.85714285714
8.55555555556
6.48571428571
5.11538461538
4.73529411765
5.28
4.53846153846
4.38095238095
6.41666666667
4.21951219512
2.80952380952
5.0
4.36
3.63636363636
1.5
2.57142857143
5.11111111111
6.90243902439
11.0
3.94285714286
5.68965517241
5.43181818182
4.03571428571
5.21739130435
4.66666666667
5.29032258065
4.8
3.59090909091
3.66666666667
6.5
4.82142857143
4.72727272727
5.83333333333
4.60714285714
6.2
4.0
3.05555555556
5.66666666667
1.88888888889
3.43181818182
3.59090909091
5.375
4.75
3.77777777778
6.26923076923
4.8
5.63636363636
3.0303030303
3.86363636364
4.80555555556
3.55555555556
7.28571428571
2.6
3.8
13.5
2.66666666667
6.75
3.44444444444
6.16666666667
3.71428571429
7.0
4.88571428571
4.77777777778
3.0
4.52380952381
5.77777777778
9.76470588235
4.07692307692
7.3
7.4
5.1875
9.69230769231
9.05263157895
6.82608695652
6.125
6.84615384615
5.5
3.0
5.69565217391
7.8125
14.3333333333
3.57142857143
4.0
3.25
9.625
4.5
5.8
2.66666666667
8.11111111111
4.05263157895
5.91666666667
3.16666666667
6.9375
5.85714285714
6.33333333333
4.9
6.9375
5.4
8.71428571429
7.64285714286
8.46153846154
5.4
2.85714285714
4.54166666667
5.19230769231
5.63414634146
4.61111111111
3.84210526316
3.5
5.0
6.47368421053
5.69230769231
5.75
5.65217391304
4.61904761905
2.0
7.63157894737
4.15
4.22222222222
7.84615384615
6.72727272727
4.7
8.33333333333
6.08695652174
5.125
4.13333333333
6.15384615385
2.66666666667
4.0
4.28125
8.55555555556
6.75
2.87096774194
5.8
5.08695652174
2.68181818182
3.76923076923
5.53333333333
4.1875
5.75
2.82608695652
5.28
2.80434782609
3.66666666667
4.66666666667
3.4
6.62068965517
2.2
5.69565217391
5.05882352941
5.26666666667
4.53333333333
2.63636363636
5.8
5.96153846154
4.07692307692
1.5
4.71428571429
2.09523809524
3.79166666667
3.54761904762
4.58823529412
3.03571428571
1.03846153846
3.10714285714
7.83333333333
5.27777777778
6.35714285714
9.0
6.48148148148
4.86363636364
5.43243243243
2.33333333333
2.72727272727
6.7
3.5
4.125
4.6
5.31578947368
1.5
2.3
5.72222222222
6.68181818182
2.84
5.11111111111
3.63636363636
6.32
6.33333333333
3.58823529412
5.96153846154
8.0
6.33333333333
2.875
7.0
3.61111111111
6.44736842105
2.83333333333
7.03571428571
6.9375
5.125
6.06666666667
8.125
6.23529411765
4.33333333333
8.36842105263
8.46666666667
3.22222222222
10.75
6.4375
4.4347826087
4.95
4.85714285714
5.0
3.95
5.20833333333
4.64705882353
8.57142857143
3.71428571429
6.5
5.11111111111
4.32142857143
8.08333333333
8.23529411765
13.1111111111
7.66666666667
5.25
4.6
1.28571428571
2.0
5.21428571429
5.69230769231
7.55555555556
7.5
6.65517241379
7.9
4.0
4.33333333333
3.85714285714
5.05263157895
4.24390243902
3.13043478261
10.8
8.0
6.4
10.0769230769
4.80769230769
8.6
5.25
6.58333333333
2.57142857143
3.16666666667
3.90322580645
5.4375
2.0
3.9
1.0
4.33333333333
5.0625
3.08333333333
5.66666666667
3.64285714286
2.5
7.125
4.0
3.5
6.125
2.83333333333
1.25
4.64285714286
5.33333333333
6.21428571429
4.75862068966
8.11764705882
7.81818181818
6.0
4.85714285714
6.3
7.44444444444
5.375
3.625
2.8
5.55
7.54166666667
7.0
6.875
5.41176470588
6.42857142857
7.66666666667
5.42857142857
3.4
13.2857142857
3.66666666667
4.55172413793
6.3125
6.4347826087
4.94117647059
7.0
7.05263157895
3.76
5.46666666667
5.36363636364
4.875
5.0
3.62068965517
3.64705882353
11.8
3.22222222222
3.0
6.61111111111
3.94736842105
2.71428571429
5.25
5.1
5.92307692308
6.09090909091
7.375
10.0
7.13043478261
6.58823529412
6.05555555556
7.875
6.61904761905
7.625
5.30769230769
1.6
3.73333333333
4.33333333333
3.25
6.26666666667
10.4285714286
7.0
5.0
4.42857142857
4.84615384615
4.5
4.14285714286
11.1666666667
9.58823529412
5.16129032258
6.91666666667
8.25
6.875
5.24
7.28571428571
8.85714285714
10.0909090909
4.57142857143
5.36363636364
4.83333333333
5.175
2.625
2.0
7.91666666667
6.42857142857
3.4
3.875
3.88571428571
2.66666666667
4.57142857143
2.33333333333
3.75
3.31578947368
2.75
8.58333333333
5.375
6.0
3.69230769231
6.15384615385
8.83333333333
4.90476190476
6.0
4.48148148148
2.88888888889
3.25
5.625
3.74074074074
4.11111111111
2.5
3.55555555556
5.82352941176
6.20833333333
6.0
4.83333333333
2.03333333333
7.30769230769
7.0
4.73684210526
5.5
7.0
4.58823529412
3.4358974359
3.34375
6.26666666667
5.10714285714
9.4
3.4375
3.0
6.2
7.125
3.95652173913
5.25
4.19444444444
4.57142857143
4.12903225806
5.42857142857
7.35294117647
3.28571428571
5.125
5.53333333333
5.16
4.26315789474
2.73684210526
2.26923076923
6.0
8.41666666667
4.89130434783
2.33333333333
6.6875
9.14285714286
3.82142857143
3.77777777778
4.14285714286
3.05555555556
5.26923076923
3.8
3.5625
5.6
8.76923076923
6.0625
5.33333333333
5.27777777778
5.91176470588
5.0
4.91304347826
4.53846153846
5.3
4.58620689655
8.75
5.0
6.75862068966
3.13333333333
4.26086956522
6.17391304348
6.47619047619
6.55555555556
2.61111111111
6.86206896552
4.60869565217
4.9512195122
5.52631578947
8.08695652174
6.66666666667
3.0625
2.91666666667
14.4545454545
6.77777777778
6.5
5.08333333333
3.58823529412
3.45833333333
1.86666666667
4.0
5.62962962963
7.83333333333
5.5
7.94444444444
4.66666666667
7.66666666667
4.77142857143
8.64285714286
5.33333333333
6.44444444444
5.29268292683
3.66666666667
6.53333333333
4.375
5.13793103448
6.79166666667
4.80434782609
3.76744186047
3.7
5.50943396226
5.62962962963
4.50980392157
5.41666666667
5.16
4.27659574468
3.3
4.11111111111
4.5652173913
5.36
1.71698113208
3.30434782609
2.46153846154
6.77777777778
3.2
4.75
5.76
7.9
4.82051282051
3.77777777778
5.86666666667
1.75
5.44444444444
2.87719298246
3.69565217391
5.96
3.95
5.36842105263
4.0
4.87179487179
4.95454545455
5.4347826087
5.08333333333
3.69230769231
4.27777777778
5.29166666667
4.3
3.84210526316
5.25
4.6875
3.18181818182
5.4347826087
2.57894736842
2.93939393939
4.15384615385
4.2
8.25
6.0
3.0
6.60526315789
7.86363636364
3.16129032258
2.05882352941
3.78260869565
3.75
7.2
6.35294117647
5.7619047619
9.33333333333
2.66666666667
3.2
3.54545454545
4.60416666667
4.96666666667
6.23684210526
6.5
3.58333333333
3.42857142857
4.72727272727
4.25
10.1428571429
8.26923076923
6.33333333333
5.3
4.41666666667
2.94444444444
4.5
3.28571428571
3.18518518519
5.5
5.75
5.8
4.0
6.6
3.0
6.41666666667
3.85714285714
2.67857142857
4.25
4.0
4.63636363636
6.47368421053
4.38709677419
5.71428571429
3.94117647059
6.15789473684
4.39130434783
3.5
5.4
3.92105263158
4.2
5.61538461538
11.6666666667
4.8
3.85714285714
4.08695652174
5.64285714286
3.35714285714
7.45454545455
3.66666666667
3.44444444444
1.5
4.0
4.5
4.73770491803
3.0
3.28985507246
6.27777777778
3.58333333333
4.28571428571
4.25925925926
4.56097560976
5.19230769231
3.6
4.54166666667
3.88235294118
3.09090909091
4.85714285714
9.38461538462
5.44444444444
3.36363636364
4.5
4.89473684211
4.64285714286
4.10169491525
5.27777777778
6.95652173913
3.69565217391
2.64516129032
4.75
5.15789473684
3.2380952381
3.66666666667
7.12
4.91891891892
3.38888888889
4.06666666667
9.5
4.11428571429
4.625
4.05882352941
5.42857142857
4.58823529412
5.95
2.63636363636
4.42105263158
1.95
7.66666666667
5.03571428571
3.66666666667
6.0
5.27272727273
4.4
5.96428571429
4.85106382979
4.375
3.16666666667
4.625
4.61538461538
3.92857142857
4.05172413793
3.90909090909
4.6
3.51851851852
3.30555555556
6.95454545455
4.81818181818
4.77358490566
3.26923076923
2.95833333333
4.90476190476
8.92307692308
4.6
3.15909090909
3.16129032258
2.71739130435
4.33333333333
2.78571428571
5.16393442623
5.20454545455
5.55555555556
2.94736842105
4.66666666667
3.58823529412
2.75
5.875
5.09090909091
3.65217391304
5.86206896552
5.52380952381
7.68
7.85714285714
4.4358974359
4.40740740741
4.4347826087
3.91666666667
4.24242424242
3.5625
5.325
3.45454545455
7.5652173913
4.1
3.88888888889
5.66666666667
5.66666666667
4.37837837838
5.0
4.64705882353
4.59090909091
4.27272727273
5.2
4.64516129032
5.97619047619
3.4776119403
5.48780487805
7.36363636364
6.26923076923
7.1
3.5
3.21739130435
1.75
5.23529411765
4.8
4.57446808511
4.33333333333
5.42857142857
6.92857142857
5.5
9.88888888889
3.9756097561
5.11111111111
3.66666666667
6.23076923077
4.92
1.8
7.75757575758
6.14814814815
5.02631578947
4.80952380952
3.7037037037
5.16279069767
5.17021276596
4.15
5.53846153846
7.36363636364
4.52941176471
6.63157894737
4.31034482759
7.16666666667
6.68181818182
2.5
7.88235294118
5.8275862069
6.30434782609
5.17647058824
6.78048780488
3.84210526316
6.66666666667
4.32352941176
8.18181818182
4.52941176471
8.02941176471
6.20689655172
1.0
3.88888888889
4.83333333333
1.83333333333
6.33333333333
3.42857142857
3.3
8.84615384615
4.38888888889
7.27027027027
5.63636363636
4.4
6.16666666667
3.3125
8.25
4.41666666667
4.86363636364
7.2972972973
5.16326530612
5.32432432432
3.30555555556
4.17857142857
3.57142857143
6.61111111111
2.83333333333
1.54545454545
4.41176470588
7.45454545455
4.4
3.75
3.94736842105
3.83720930233
3.85714285714
3.21052631579
4.31034482759
2.69230769231
2.7619047619
5.8
5.1
11.1
10.7142857143
2.8
3.94736842105
5.94117647059
4.35714285714
7.91304347826
3.76666666667
3.38095238095
5.9
4.0
4.18518518519
3.38461538462
3.11764705882
3.0
3.72727272727
5.1568627451
5.15384615385
5.54545454545
5.24242424242
4.61290322581
4.375
3.5
3.88888888889
1.9
4.05128205128
5.23076923077
3.60465116279
4.57142857143
2.42857142857
4.68421052632
3.0
6.55555555556
3.25
4.51219512195
3.11111111111
3.23076923077
4.625
3.73913043478
6.4
3.82142857143
3.0
3.65853658537
3.14285714286
4.45945945946
3.72340425532
3.0
3.0
4.85714285714
3.53333333333
3.15384615385
5.52941176471
3.95652173913
7.23684210526
3.63043478261
4.9512195122
2.4
6.4375
3.62068965517
6.0
3.28260869565
6.59375
4.09302325581
2.1875
2.20689655172
4.96153846154
12.0
6.65957446809
5.82051282051
4.0
3.86206896552
4.96
4.0
7.23529411765
9.45454545455
4.2972972973
7.63636363636
6.625
5.69230769231
5.96428571429
3.81481481481
3.08
4.04
8.0
7.46153846154
5.3
1.75
1.25
4.0
3.55555555556
5.72727272727
3.125
3.91525423729
5.44827586207
4.2
4.85
7.4
4.78947368421
3.33333333333
7.95833333333
6.32142857143
6.0
5.42857142857
5.52380952381
4.33333333333
5.09090909091
12.4782608696
5.61111111111
5.0
6.8
6.6
5.22222222222
3.4
4.07142857143
6.125
5.5
2.83333333333
5.125
6.21739130435
4.62068965517
4.84615384615
3.61904761905
4.0
5.22222222222
5.44444444444
6.83333333333
9.81818181818
4.27272727273
7.83870967742
3.36363636364
4.27272727273
5.34482758621
4.29411764706
4.0
4.125
4.61290322581
5.25
5.16216216216
5.2
5.05263157895
3.6
3.69230769231
4.4
5.0
3.0
4.86956521739
4.34042553191
4.36363636364
4.6
6.32
1.84615384615
3.88235294118
6.1
4.625
5.0303030303
6.17777777778
4.125
5.52
2.91666666667
4.80555555556
3.54761904762
5.7
5.96153846154
5.29411764706
5.69444444444
1.57142857143
4.0
4.05555555556
3.10526315789
5.3125
8.33333333333
2.92
5.84375
5.46153846154
5.83333333333
7.91666666667
5.425
5.41176470588
4.2380952381
5.14285714286
3.32142857143
5.19736842105
3.83333333333
3.76785714286
3.76
9.5
3.66
4.82432432432
7.0
4.0625
5.5625
2.0
6.31914893617
4.02127659574
4.11111111111
1.33333333333
5.25
3.65625
3.0
3.77215189873
7.0
3.0
2.88888888889
5.91780821918
4.0
4.25
5.7323943662
1.33333333333
2.74193548387
5.27272727273
16.6666666667
5.26315789474
5.26829268293
5.05263157895
6.48888888889
1.375
4.55555555556
2.67647058824
3.02173913043
6.46666666667
4.35135135135
15.7142857143
4.20930232558
6.84782608696
4.85714285714
6.66666666667
5.375
5.71698113208
3.74193548387
6.125
3.83333333333
6.14285714286
2.96078431373
4.41666666667
3.51162790698
3.33928571429
1.8
2.76
4.24390243902
5.625
4.19230769231
6.45
4.97727272727
4.64102564103
6.17647058824
3.17777777778
3.58823529412
4.09756097561
3.69736842105
3.77049180328
3.74074074074
3.71698113208
2.94230769231
4.296875
5.58888888889
6.28048780488
4.19565217391
9.0
4.05882352941
4.28125
4.48
3.83673469388
3.0
3.79069767442
3.71428571429
3.36170212766
4.625
4.70967741935
3.07692307692
4.57142857143
12.5
4.90909090909
1.58536585366
3.5875
8.2
4.0
6.24242424242
1.875
6.30769230769
5.34615384615
6.0
4.55555555556
10.6666666667
5.6
4.625
5.8
4.11320754717
2.92307692308
6.78260869565
5.46341463415
5.8
4.4
2.44444444444
5.77777777778
5.25
5.0
3.61764705882
4.96
4.30769230769
4.09375
5.12
5.5
4.41463414634
4.36666666667
4.02631578947
2.93103448276
6.05263157895
3.48387096774
3.45161290323
5.35294117647
12.5
6.30434782609
5.45
3.95454545455
3.92
6.55555555556
3.85714285714
6.225
2.91666666667
5.15789473684
5.075
4.14285714286
1.91666666667
6.28571428571
6.0625
3.64705882353
5.52272727273
3.72222222222
5.3488372093
4.0
4.69230769231
3.90697674419
6.4
3.75
3.09677419355
4.23076923077
1.04761904762
3.75862068966
1.11111111111
1.0
1.575
2.33333333333
7.33333333333
4.26666666667
4.33333333333
3.85714285714
3.07692307692
5.77777777778
4.77142857143
6.10344827586
2.68
6.85714285714
3.63888888889
3.47058823529
6.1935483871
8.0
7.33333333333
4.29032258065
5.7
3.76
3.6
2.36363636364
7.9
4.17647058824
6.45454545455
5.90476190476
4.69230769231
8.0
4.03448275862
3.5
6.33333333333
4.73684210526
8.21052631579
3.81818181818
6.84210526316
9.34210526316
1.83333333333
7.33333333333
6.05405405405
5.19565217391
7.54545454545
2.83333333333
12.0769230769
0.75
6.54838709677
7.82352941176
8.6
8.64705882353
7.25
7.17647058824
6.64705882353
3.875
3.76470588235
5.70588235294
4.46153846154
9.08333333333
4.94230769231
5.15
2.88235294118
5.04347826087
6.62962962963
5.0625
5.0
8.14285714286
8.64285714286
7.62068965517
4.59574468085
5.27272727273
7.6875
2.91666666667
5.50549450549
4.9
6.1875
4.5
4.75675675676
6.08333333333
4.47058823529
5.57894736842
3.66666666667
6.0
3.28571428571
4.5625
4.5
5.71428571429
5.20967741935
7.05882352941
5.57142857143
6.68181818182
4.36363636364
4.59090909091
8.38095238095
0.5
4.71428571429
4.29411764706
4.49019607843
3.60784313725
5.43243243243
4.36
3.375
2.97297297297
4.25
4.12765957447
4.10416666667
3.57777777778
3.98039215686
3.225
4.67346938776
4.5
5.51612903226
4.64285714286
3.96078431373
4.73170731707
5.3
4.36
4.9696969697
5.35714285714
7.88888888889
4.5306122449
4.35714285714
5.275
3.5
3.0
4.4375
3.17391304348
6.05882352941
4.37037037037
2.16129032258
6.44827586207
3.85714285714
3.86486486486
7.0
6.0
5.52631578947
3.45454545455
7.68
4.97222222222
4.03846153846
5.61904761905
1.28888888889
2.77142857143
6.9696969697
7.2380952381
4.75
10.4
3.6875
4.5
4.85
4.34375
6.36363636364
4.9375
5.20454545455
4.5
4.55555555556
6.5
3.75
3.23611111111
4.7
4.63157894737
2.83018867925
4.53333333333
4.0625
3.0
6.72413793103
4.625
3.0
5.30769230769
2.41176470588
1.77777777778
2.28571428571
4.36842105263
3.08474576271
3.84615384615
4.0
3.57142857143
3.23076923077
4.0
4.63636363636
2.60714285714
4.69230769231
5.93103448276
1.92307692308
4.5
4.2
1.66666666667
2.90196078431
3.12
3.1935483871
4.42857142857
6.93333333333
4.625
3.35135135135
4.76
4.78787878788
6.01694915254
5.52631578947
3.74074074074
3.02564102564
5.5
2.06896551724
4.04347826087
3.46428571429
3.75
3.34375
5.46428571429
3.39534883721
2.72222222222
3.65625
2.54347826087
3.23913043478
5.0652173913
3.5
3.56756756757
5.53333333333
4.30434782609
3.59615384615
5.25714285714
4.47058823529
3.86363636364
5.68965517241
6.16666666667
1.94736842105
5.58333333333
5.34375
4.26829268293
3.40909090909
2.45454545455
4.66666666667
5.55172413793
4.66666666667
6.46875
2.33333333333
4.34615384615
2.0
5.53125
4.375
6.88235294118
4.05555555556
5.5
3.33333333333
6.57142857143
7.33333333333
4.23076923077
4.5
6.66666666667
5.0
4.88
3.77551020408
4.11111111111
3.27027027027
4.19565217391
4.825
3.5
2.77272727273
3.0652173913
6.24242424242
2.51923076923
3.6
5.05084745763
3.32
3.625
3.1875
3.51612903226
3.5
4.475
4.04
2.88636363636
1.8
3.625
3.42307692308
4.71929824561
4.13636363636
6.91489361702
4.60344827586
3.61764705882
4.77142857143
4.38095238095
5.82352941176
6.57894736842
7.5
7.975
6.15151515152
7.97142857143
3.45454545455
5.57894736842
5.90384615385
4.4
5.10869565217
4.07142857143
5.05555555556
7.1
3.06666666667
4.90909090909
1.97931034483
8.0
5.54411764706
4.09836065574
2.2
5.93333333333
4.68181818182
4.27272727273
3.77777777778
5.0
6.71428571429
3.7619047619
3.68
3.32142857143
3.27272727273
4.8125
4.64285714286
3.48275862069
4.61538461538
4.09433962264
6.28846153846
2.30769230769
4.5
5.2
6.54716981132
4.22916666667
7.39285714286
5.21428571429
3.0
11.1
3.0
4.77272727273
5.27272727273
4.975
4.61904761905
11.4
3.85714285714
5.11764705882
3.97368421053
4.36842105263
5.57142857143
2.92857142857
3.53846153846
3.44117647059
4.0
3.52380952381
8.75
4.6
3.34615384615
5.78571428571
5.66666666667
6.93181818182
5.97727272727
7.69230769231
7.0
4.23076923077
4.65
5.15789473684
6.85714285714
2.90476190476
4.11764705882
4.07692307692
6.27777777778
8.5
3.27272727273
7.35714285714
5.29411764706
4.94117647059
6.37931034483
5.06666666667
3.78181818182
2.98113207547
4.40816326531
5.6
4.19444444444
7.03921568627
3.77272727273
3.97777777778
6.91891891892
7.13333333333
3.34042553191
3.60869565217
6.25
2.62962962963
3.74545454545
2.62745098039
3.81944444444
3.71052631579
3.86666666667
3.6
2.2
4.90476190476
4.97297297297
3.96774193548
3.7619047619
4.6875
4.44444444444
4.2
4.58333333333
2.95833333333
3.7
1.4
4.35
5.41935483871
2.05263157895
3.45833333333
2.5625
2.66666666667
5.83333333333
7.78947368421
6.4
6.62962962963
9.4
5.625
4.12903225806
4.24324324324
4.23287671233
3.57142857143
4.55172413793
4.87878787879
4.85714285714
4.51515151515
3.85714285714
5.81818181818
3.33333333333
5.11764705882
5.5
5.16949152542
3.86111111111
4.06493506494
3.14285714286
2.91666666667
4.22222222222
3.7619047619
4.67346938776
5.76
4.46153846154
1.75
2.65217391304
5.125
4.55319148936
4.86666666667
3.765625
2.7
4.56818181818
3.26666666667
2.8
3.26666666667
3.28260869565
3.75
3.36842105263
3.75
3.93220338983
3.5
3.97297297297
8.0
2.70454545455
3.13114754098
2.29166666667
4.33333333333
3.6
3.125
7.0
4.5625
5.60975609756
5.52631578947
4.03333333333
3.51612903226
3.26923076923
4.0
4.28
4.51351351351
3.54545454545
4.66666666667
4.45454545455
6.36363636364
2.47826086957
1.97142857143
4.48
2.33333333333
3.73333333333
4.27906976744
3.18181818182
5.81481481481
3.54166666667
5.14285714286
5.55555555556
4.1
3.63157894737
4.22222222222
3.86363636364
5.95238095238
2.82352941176
4.55555555556
4.25
3.125
5.62745098039
3.47727272727
3.23255813953
11.6666666667
4.71794871795
4.80769230769
2.16666666667
3.0
3.13333333333
6.0
6.13793103448
7.83333333333
5.60869565217
5.0
4.17142857143
2.77777777778
5.51515151515
3.80769230769
4.4
6.59090909091
4.04081632653
3.83606557377
4.45945945946
3.38461538462
2.94444444444
3.8
3.58139534884
4.45833333333
4.19047619048
5.33333333333
3.28
4.76470588235
7.12121212121
4.40476190476
3.0
4.07692307692
3.33333333333
4.04545454545
3.37931034483
4.0
3.0
3.45652173913
7.09090909091
3.33333333333
6.2
2.57894736842
3.51515151515
3.47619047619
4.69230769231
3.94444444444
4.11428571429
4.80434782609
3.88571428571
5.02040816327
2.58536585366
4.44
4.13043478261
2.25
2.75
3.62222222222
2.35897435897
3.95652173913
3.48888888889
1.0
4.6
5.51923076923
4.1
6.125
5.66666666667
3.40909090909
5.13793103448
2.5625
4.17142857143
4.89285714286
4.14285714286
4.6
2.48148148148
4.58333333333
2.57142857143
4.25
3.39130434783
1.89830508475
3.3
4.04
5.77777777778
3.84848484848
2.64864864865
3.71428571429
4.48979591837
4.52631578947
3.61111111111
2.94117647059
4.48571428571
4.14285714286
4.16666666667
3.92424242424
2.91176470588
4.46
4.78260869565
3.94117647059
3.85
4.625
1.71428571429
4.43181818182
3.95744680851
4.11111111111
3.75675675676
4.26388888889
2.0
1.90909090909
5.0
1.0
4.36363636364
4.41818181818
3.0
3.54347826087
4.38888888889
3.92
3.21052631579
6.60869565217
0.0
7.42857142857
3.875
3.65625
3.52380952381
7.40540540541
3.81081081081
6.9
2.28571428571
4.86111111111
3.10638297872
5.37777777778
4.27272727273
4.85365853659
4.86842105263
3.61904761905
0.0
9.3
2.76923076923
6.9375
5.48
5.26315789474
3.41666666667
4.3
2.53571428571
5.90322580645
4.94230769231
5.13636363636
4.92857142857
5.17647058824
4.31818181818
2.25
2.76923076923
2.26923076923
2.65217391304
4.03125
4.125
5.94736842105
7.31578947368
4.33333333333
5.34482758621
4.46666666667
3.57142857143
3.23529411765
5.17857142857
3.33333333333
4.4
4.22222222222
2.47058823529
5.33333333333
2.65217391304
4.71428571429
4.16666666667
4.09615384615
2.45454545455
4.71428571429
3.775
2.56097560976
4.15625
3.85714285714
4.32653061224
4.69230769231
5.875
3.33333333333
2.80769230769
4.35
5.06976744186
4.59375
6.33333333333
4.07692307692
3.18918918919
3.09090909091
3.95652173913
3.8
4.8
4.66666666667
3.3125
4.5625
3.80952380952
3.11764705882
2.29032258065
5.22222222222
3.15625
4.22
3.96078431373
3.27272727273
2.71739130435
2.4347826087
3.27272727273
7.25
4.39655172414
2.875
5.25925925926
5.25
3.27777777778
2.53846153846
3.66666666667
3.22666666667
5.5
4.09677419355
4.57575757576
5.5625
7.0
4.76595744681
4.92857142857
3.67272727273
3.4
4.11627906977
5.14285714286
4.88888888889
3.7
5.30769230769
2.42105263158
3.89655172414
5.0
3.72222222222
3.89473684211
4.42857142857
3.43181818182
6.53333333333
6.54545454545
5.2380952381
4.65517241379
3.76470588235
4.27777777778
2.48387096774
4.15384615385
3.30303030303
4.5
4.86842105263
6.23076923077
5.375
9.2
3.85714285714
5.0
5.6875
3.44444444444
2.4
5.8
6.09523809524
12.7777777778
7.0
4.55555555556
3.4358974359
5.65517241379
3.40909090909
3.23333333333
5.6
3.75
6.23529411765
4.88888888889
1.3
3.07142857143
3.71794871795
7.0
4.2
4.45
6.33333333333
6.5
2.96
5.71428571429
5.05
4.72222222222
5.25
3.10810810811
4.125
2.13333333333
3.53333333333
3.5
4.06896551724
10.0
2.625
4.22448979592
4.31818181818
3.5
5.22222222222
4.80701754386
3.66666666667
2.5
4.77142857143
2.85416666667
5.4
5.38095238095
3.5
2.97959183673
4.33333333333
3.60869565217
2.6
3.84210526316
6.14285714286
5.81818181818
4.54545454545
3.84615384615
5.63157894737
5.27777777778
5.13333333333
3.32
3.75862068966
2.93103448276
2.75
1.77777777778
5.0
1.61538461538
2.90322580645
2.64705882353
3.64814814815
5.13333333333
3.0
3.71428571429
2.875
4.0
5.64705882353
4.14285714286
3.25
3.04545454545
2.25
4.4
4.12121212121
2.18518518519
4.52941176471
3.80952380952
4.7
2.88235294118
7.0
4.16666666667
5.61538461538
4.85
4.06666666667
4.95454545455
3.64285714286
2.38888888889
5.21153846154
3.9347826087
3.0487804878
5.36842105263
4.23529411765
3.86666666667
3.76923076923
4.34482758621
4.76666666667
3.94594594595
4.36363636364
5.125
4.04347826087
4.79487179487
3.19565217391
6.13333333333
3.54545454545
6.38095238095
3.82352941176
5.27777777778
4.51851851852
2.86666666667
5.375
5.91428571429
4.44
5.21052631579
4.2380952381
3.85294117647
4.85714285714
3.96153846154
5.66666666667
4.7
6.83333333333
5.9
4.23076923077
1.56666666667
6.0
3.93333333333
3.5625
3.2962962963
2.33333333333
4.35294117647
3.7
3.05555555556
2.29411764706
7.0
3.84210526316
5.78947368421
3.66666666667
5.0
4.0
6.5
8.77777777778
3.75
3.11764705882
4.0
6.23076923077
4.0
3.91666666667
5.25
3.125
7.84210526316
3.26315789474
3.11538461538
3.0
5.09375
6.19047619048
4.25
2.07142857143
4.9
2.89285714286
3.9
5.0
6.90909090909
3.25
3.76923076923
2.5
1.54166666667
2.45454545455
2.75
4.90909090909
4.33333333333
4.11764705882
5.14705882353
2.95238095238
3.08888888889
4.14285714286
4.41176470588
4.73333333333
4.9696969697
4.78571428571
3.44117647059
3.66666666667
4.22727272727
4.47058823529
2.0
1.83333333333
4.63333333333
6.27272727273
5.375
4.2380952381
3.11111111111
6.0
4.33333333333
4.75
7.42857142857
7.15384615385
1.44444444444
1.63157894737
3.0
5.28571428571
2.18518518519
2.75
6.13333333333
1.0
5.36363636364
4.25714285714
2.8
2.78260869565
3.54545454545
4.73333333333
2.46666666667
5.25
4.0
3.33333333333
3.26086956522
3.5
3.45161290323
4.66666666667
7.0
5.28
4.34615384615
5.92857142857
5.44
5.76
3.91666666667
5.69230769231
3.77777777778
7.0625
7.34615384615
4.37931034483
5.71428571429
