3.0
2.46153846154
4.37931034483
4.94736842105
6.58823529412
3.92857142857
4.3
7.38461538462
5.80952380952
6.39130434783
4.27777777778
6.32352941176
4.17647058824
5.27272727273
3.11111111111
5.30769230769
5.18181818182
5.07692307692
3.75757575758
5.6
3.53333333333
4.6
2.68181818182
0.666666666667
4.51724137931
4.65625
3.76923076923
5.4
4.61111111111
5.27272727273
3.5
3.77272727273
5.05
3.0
3.15
5.33333333333
6.05
2.875
3.0
2.76470588235
4.85714285714
2.5
5.8
3.53846153846
3.77777777778
5.2380952381
9.26086956522
7.67857142857
4.53333333333
4.41379310345
6.22222222222
3.92857142857
7.8
5.33333333333
11.5833333333
10.0
2.25
7.09677419355
4.82142857143
3.21875
5.17391304348
5.125
12.1428571429
4.2
4.66666666667
5.80769230769
4.94444444444
5.90476190476
9.42857142857
5.85714285714
3.77777777778
4.2
1.0
3.09090909091
6.08
3.8
2.12903225806
3.94117647059
4.0
3.17391304348
4.45454545455
5.16666666667
1.71428571429
2.84210526316
7.3
10.0
1.44444444444
2.0
5.0
6.0
2.81818181818
5.15384615385
4.85714285714
2.64705882353
5.15
1.0
4.66666666667
5.2
4.16666666667
4.44444444444
6.91666666667
2.68421052632
12.2727272727
1.0
4.45454545455
3.61538461538
5.45
3.82352941176
4.07142857143
4.54838709677
4.03846153846
5.59259259259
9.80952380952
4.5652173913
2.0
6.88235294118
4.76744186047
3.26666666667
3.95
3.69230769231
6.62162162162
4.30769230769
11.0
3.45454545455
5.28571428571
4.41176470588
3.21052631579
3.1875
4.72413793103
3.67741935484
3.33333333333
3.55882352941
5.78378378378
4.09756097561
6.41666666667
2.0
3.88571428571
4.31034482759
3.375
4.41071428571
3.33333333333
3.93333333333
7.52380952381
2.63888888889
4.23333333333
6.0
4.73684210526
7.07142857143
4.84615384615
3.375
2.5
4.81818181818
5.40909090909
4.68421052632
6.13043478261
4.33333333333
3.57692307692
2.66666666667
3.15
3.57142857143
4.72
3.41176470588
2.47058823529
5.15384615385
4.41666666667
5.2
3.42857142857
3.73684210526
8.7
5.0
5.88461538462
5.13636363636
4.46666666667
8.0625
11.5
4.5
4.86666666667
5.60869565217
5.0
5.4
5.4
7.0
4.23529411765
3.10526315789
3.35294117647
6.0
5.07142857143
4.53125
3.36842105263
3.83333333333
5.97916666667
4.0625
6.58064516129
3.5625
3.52941176471
5.25
4.625
5.4347826087
2.2380952381
5.71428571429
6.1
6.0
4.20588235294
4.44444444444
3.7
3.42857142857
5.28571428571
4.0
4.64705882353
3.66666666667
6.47058823529
4.83333333333
3.6511627907
2.5
4.53333333333
5.06976744186
4.19047619048
4.97222222222
4.35714285714
3.625
2.45833333333
2.83333333333
4.22222222222
4.44444444444
5.38461538462
1.88888888889
3.0
3.62790697674
4.8125
3.47058823529
5.0
6.0
4.27586206897
3.22727272727
3.84375
4.83333333333
6.0
2.0
5.14285714286
6.75
3.58333333333
4.40740740741
9.0
1.0
2.97872340426
4.13888888889
4.1
5.3137254902
2.5
1.875
7.38461538462
3.14285714286
3.625
6.5
8.33333333333
6.4
9.4
4.6
7.0
12.375
4.47826086957
3.33333333333
9.57142857143
4.8
12.7058823529
7.375
5.77777777778
5.375
0.5
2.375
5.65
8.07142857143
5.85714285714
5.8
3.54545454545
9.18181818182
6.2
4.2
3.45454545455
2.0
6.2380952381
3.9
6.5
3.25
5.28571428571
6.74074074074
7.66666666667
3.66666666667
7.26315789474
4.875
8.0
5.89473684211
4.22222222222
2.16666666667
8.0
6.875
5.16666666667
8.66666666667
9.0
4.23076923077
5.0
4.92
5.09090909091
5.40909090909
2.6
4.0
3.28571428571
4.6
0.333333333333
5.55555555556
10.25
6.6
4.88461538462
9.70588235294
2.41666666667
5.45
5.125
3.76
1.90909090909
5.46153846154
4.30769230769
2.83333333333
6.05882352941
2.75
4.45454545455
7.125
11.8
4.95
5.23076923077
3.0
8.33333333333
6.41666666667
8.9
9.9
2.46666666667
3.17391304348
6.75
5.42857142857
7.0
5.375
5.2
8.6
3.16666666667
6.18181818182
7.45
11.5
0.8
4.52941176471
3.75
4.18181818182
5.5
3.56097560976
4.64285714286
5.93333333333
4.46666666667
3.13333333333
5.75
1.68965517241
4.92105263158
5.91666666667
4.93333333333
3.07407407407
4.66666666667
6.88888888889
3.64705882353
6.11764705882
2.81818181818
3.45161290323
8.41666666667
5.37142857143
4.59090909091
5.31818181818
7.19047619048
9.8
2.81818181818
3.3125
2.8
3.47368421053
4.64285714286
5.73333333333
6.0
5.21428571429
4.1875
3.0
4.42857142857
4.3
1.91666666667
2.67741935484
2.8
3.81818181818
3.48275862069
4.0
3.41666666667
4.55
4.21428571429
5.14285714286
7.66666666667
3.24137931034
9.0
2.66666666667
4.3125
5.58333333333
3.44827586207
3.66666666667
1.875
3.82857142857
3.20689655172
3.63636363636
5.91176470588
3.125
4.5625
4.91666666667
5.0
5.45
3.16666666667
5.08695652174
4.0
4.2962962963
4.41176470588
6.14285714286
5.18518518519
4.36363636364
3.47619047619
3.76
4.35294117647
5.48387096774
4.21875
7.0
5.2
4.71428571429
4.54838709677
4.1
4.57894736842
8.61904761905
3.85714285714
5.875
5.4
6.09090909091
4.375
3.79310344828
4.13513513514
3.12
3.66666666667
3.55102040816
5.19444444444
4.16216216216
3.5
5.44827586207
5.52631578947
5.75555555556
7.0
3.75
7.7037037037
6.17391304348
9.85714285714
4.53846153846
5.78571428571
4.3
4.40740740741
6.92307692308
3.84615384615
3.08695652174
3.27272727273
4.23076923077
3.73076923077
4.42857142857
5.0
5.5
4.61111111111
6.0
3.84615384615
4.68571428571
6.0
2.88888888889
4.16216216216
2.8275862069
3.85714285714
4.42857142857
2.93103448276
4.2962962963
2.125
3.60714285714
5.23076923077
4.5
4.46153846154
2.75
6.11111111111
4.2
3.48148148148
4.36842105263
3.7
4.25925925926
4.08695652174
3.14285714286
4.85185185185
3.96153846154
6.64705882353
4.6
4.27777777778
7.63636363636
4.11764705882
3.8125
3.36363636364
7.83333333333
4.0
4.41176470588
5.67741935484
3.14285714286
7.81818181818
3.90909090909
4.75
1.77777777778
5.06451612903
4.62068965517
4.55
6.75
3.39130434783
4.33333333333
5.66666666667
3.54545454545
4.28125
3.71428571429
3.1
3.6
6.0
5.0
4.61538461538
4.61538461538
3.2
3.77777777778
3.0
2.27586206897
3.22580645161
2.70833333333
5.88888888889
8.76923076923
3.5
4.88
8.3
8.33333333333
2.42857142857
3.83333333333
1.0
4.09090909091
3.75
5.35294117647
7.125
4.96296296296
5.14285714286
4.11111111111
3.87234042553
6.4
3.75
5.29411764706
3.5
3.60714285714
4.6
5.2380952381
4.18181818182
3.52
2.39130434783
4.07142857143
4.2
4.38461538462
5.0
5.85294117647
4.2
3.63636363636
2.91666666667
5.26315789474
8.75
3.6
4.85365853659
5.5
5.0
6.0625
7.72727272727
1.92857142857
3.75
3.75
3.625
7.5
3.57142857143
0.818181818182
2.84210526316
6.11764705882
4.13793103448
3.15789473684
1.78571428571
8.15384615385
6.59090909091
3.85714285714
4.1
4.23529411765
7.35294117647
5.11764705882
5.59090909091
3.6
3.68888888889
8.05555555556
4.61111111111
5.12
3.0
5.19230769231
5.0
4.375
2.8
5.91666666667
4.06557377049
2.5
5.38461538462
4.16666666667
5.52083333333
3.73333333333
4.52173913043
7.92857142857
6.23076923077
2.85714285714
7.92857142857
5.69230769231
6.25
3.8125
2.75
4.11764705882
3.30769230769
1.69230769231
5.4375
3.25
1.73076923077
9.15384615385
6.29166666667
8.22222222222
7.3
4.61111111111
4.0
4.15151515152
7.48275862069
6.92
5.375
5.7
3.42105263158
3.35
6.125
4.31707317073
3.3
4.41666666667
3.21052631579
4.12195121951
5.30303030303
7.5625
4.38095238095
2.66666666667
4.69230769231
4.71428571429
4.1
3.0
2.75
4.25
5.2380952381
8.36363636364
6.33333333333
6.37037037037
5.81818181818
4.85
5.27272727273
6.75
4.53571428571
5.71428571429
3.59090909091
5.0
3.52173913043
3.55
5.85185185185
3.97058823529
3.64102564103
4.52941176471
6.0
6.66666666667
4.90909090909
3.60526315789
4.85714285714
3.72727272727
5.4
6.3
1.5
4.26666666667
4.3125
7.52631578947
5.10526315789
3.875
3.27586206897
4.45454545455
6.0
5.6
5.09523809524
5.8
5.96666666667
4.75
4.40909090909
7.125
3.55555555556
5.375
6.4
4.05
2.13333333333
6.18181818182
4.93333333333
3.5
3.57142857143
10.25
2.71428571429
4.29032258065
5.18181818182
5.78260869565
4.57142857143
1.5
2.33333333333
3.52380952381
5.0
2.26666666667
3.32727272727
5.27272727273
6.38095238095
4.4375
7.23076923077
6.84615384615
3.8275862069
6.07142857143
2.8
5.92307692308
3.02222222222
2.40909090909
4.44444444444
2.90909090909
7.0
3.0
6.78947368421
4.24137931034
2.64285714286
3.07142857143
5.71428571429
3.51851851852
3.92857142857
6.625
4.51612903226
5.2
3.55555555556
7.16666666667
3.47727272727
6.25
2.72727272727
2.73684210526
4.08695652174
2.5
4.46666666667
5.96
6.6875
3.85714285714
4.94594594595
3.9347826087
4.0
3.6
5.21428571429
8.4
3.0
2.0
5.125
5.18032786885
3.9649122807
4.2
5.03125
8.0
5.0
4.80952380952
4.25714285714
2.48717948718
7.68181818182
5.82352941176
4.20833333333
8.0
4.11764705882
4.22222222222
1.77777777778
5.26923076923
8.75
6.27272727273
6.05882352941
2.23529411765
5.85
4.75
7.77777777778
3.72727272727
4.73529411765
4.36842105263
6.35483870968
4.72727272727
7.7619047619
5.8125
5.33333333333
4.35294117647
5.6
4.5
4.36363636364
5.77272727273
2.90909090909
5.88888888889
4.68421052632
4.5
2.55555555556
6.95
5.41176470588
1.7
6.28
3.09523809524
5.42857142857
3.35
3.74285714286
2.84615384615
7.03846153846
5.27272727273
3.60714285714
6.58333333333
4.27272727273
3.41666666667
7.0
5.70967741935
3.75
5.84
4.66101694915
5.14285714286
3.84375
5.94444444444
5.75
5.2
3.91304347826
4.0
5.17391304348
6.85714285714
6.91525423729
4.4
5.11111111111
5.89473684211
6.35714285714
5.59375
8.10526315789
6.7619047619
8.28571428571
3.47826086957
3.82857142857
2.91666666667
4.91891891892
5.88888888889
3.05263157895
3.25
7.68181818182
4.57575757576
3.77272727273
6.125
3.66666666667
4.22222222222
5.0
3.46153846154
3.25
4.94117647059
6.18181818182
6.83333333333
3.42424242424
4.1875
5.35897435897
4.76923076923
4.24
3.75
7.66666666667
3.36363636364
5.04
2.61538461538
5.72727272727
5.14285714286
4.57894736842
4.93333333333
5.32142857143
4.40740740741
8.8
5.66666666667
4.84615384615
4.5
4.9375
5.18181818182
5.55555555556
5.5
3.61538461538
5.15789473684
7.07692307692
4.61904761905
7.875
3.77777777778
3.61538461538
5.28571428571
5.9
4.44444444444
4.90909090909
5.3
5.66666666667
3.11111111111
7.5
4.64
5.09523809524
4.4347826087
4.63636363636
5.125
4.44444444444
3.0
4.45161290323
3.125
2.88888888889
6.4
4.90909090909
6.22222222222
7.24137931034
10.8888888889
5.2
10.2857142857
3.81818181818
3.66666666667
5.1
4.63636363636
4.41176470588
5.11764705882
5.57142857143
7.58823529412
5.9
17.0
5.5
3.3
4.9375
4.04545454545
7.0
6.07692307692
1.81818181818
5.0
5.88235294118
4.5
9.72727272727
4.8
5.83333333333
6.10526315789
6.71428571429
3.33333333333
5.95744680851
9.5
2.33333333333
10.0
3.25
3.64864864865
3.4
4.875
4.41666666667
4.66666666667
4.44444444444
3.74074074074
6.0
4.0
3.14285714286
3.83333333333
3.0
6.625
4.44444444444
6.36363636364
4.85714285714
4.81818181818
4.61904761905
7.5
3.41176470588
6.16
2.76923076923
7.55172413793
2.66666666667
5.36842105263
2.70967741935
4.08695652174
3.41666666667
8.64285714286
3.5
4.5
5.71428571429
5.0625
6.05263157895
3.83333333333
5.18181818182
4.95
8.08333333333
6.33333333333
2.57142857143
4.58333333333
6.66666666667
5.58333333333
4.27272727273
4.63265306122
4.71428571429
4.71052631579
7.41666666667
7.03571428571
2.54545454545
4.05555555556
4.1875
2.3
5.56
5.77777777778
3.94736842105
4.16666666667
4.21428571429
4.75
5.21568627451
4.03703703704
5.0
4.3125
4.77419354839
7.52631578947
4.625
4.0
7.77777777778
4.28571428571
4.07317073171
4.65
4.26666666667
3.19230769231
3.42857142857
6.05
6.90909090909
5.70588235294
5.09090909091
4.55
6.46153846154
7.84
9.66666666667
5.46666666667
4.47826086957
7.2
3.34782608696
4.58333333333
5.57142857143
6.77777777778
4.58823529412
4.72727272727
8.11111111111
8.77777777778
3.77777777778
4.625
6.24390243902
4.0
6.73333333333
6.17391304348
4.72
6.3
5.125
5.3125
3.0
5.17391304348
6.4
5.31578947368
3.73333333333
4.77777777778
3.25
3.91666666667
2.84615384615
6.0625
8.53333333333
1.0
3.9
4.58333333333
2.48148148148
4.75
2.92307692308
3.2
7.125
6.77777777778
3.0
5.89285714286
4.05882352941
5.17647058824
5.15384615385
4.72727272727
2.5
6.44444444444
4.23076923077
5.0
3.78571428571
2.5
2.68421052632
5.33333333333
6.36
3.07142857143
4.25
3.07407407407
6.5
3.24137931034
1.57142857143
6.95
4.05882352941
3.83783783784
8.11111111111
7.14285714286
5.07692307692
3.14285714286
4.96
4.0
5.05263157895
3.14285714286
7.14285714286
4.89473684211
7.4
4.38888888889
4.27586206897
4.62962962963
4.26666666667
5.85714285714
4.04761904762
3.92452830189
4.66666666667
5.40625
5.5
4.94444444444
3.72222222222
5.4
4.92307692308
8.66666666667
2.65217391304
7.63636363636
7.93333333333
4.8125
3.03333333333
5.66666666667
4.20833333333
5.375
5.0
3.16666666667
4.35294117647
3.21428571429
6.625
3.61538461538
7.20689655172
5.175
2.88
7.83333333333
2.85714285714
3.83333333333
4.83333333333
4.97142857143
6.5
5.11538461538
7.75
6.0
3.94117647059
7.75
5.86956521739
6.4375
4.78571428571
3.5652173913
4.68571428571
7.69696969697
4.0
7.30769230769
6.48148148148
4.96666666667
5.91304347826
5.34782608696
7.0
6.56
7.5
5.0
8.15384615385
4.75
5.15384615385
9.57142857143
4.81481481481
6.2380952381
5.39130434783
5.80769230769
3.77777777778
5.95
6.125
6.5
6.05882352941
5.3
9.33333333333
4.75
3.0
8.6875
9.0
6.90476190476
2.26923076923
5.82352941176
4.25
5.20833333333
0.6
3.50943396226
6.4
5.21428571429
6.04347826087
4.10526315789
5.84848484848
3.91304347826
1.90476190476
4.55
3.93333333333
5.6
3.52941176471
7.80952380952
8.06666666667
5.66666666667
2.5
6.17647058824
3.76923076923
4.79487179487
5.45454545455
3.9696969697
4.375
4.92
4.83333333333
2.70833333333
6.29166666667
2.8
3.32142857143
4.36363636364
3.57575757576
7.90476190476
3.75
3.67857142857
3.30769230769
7.17857142857
5.8
3.5
3.875
3.375
3.70833333333
4.2
3.32
4.89655172414
4.44444444444
3.8064516129
3.12121212121
5.63636363636
7.58333333333
4.14285714286
5.0
3.66666666667
4.7619047619
5.47826086957
4.6
4.24528301887
6.58974358974
4.29032258065
3.1
6.25
4.95348837209
5.09523809524
2.77777777778
4.86956521739
4.85185185185
4.4
3.96296296296
4.18181818182
3.72222222222
5.3125
4.90909090909
7.15384615385
4.2037037037
2.75
4.76666666667
3.41176470588
4.38709677419
5.125
3.05555555556
3.82142857143
4.17647058824
3.33333333333
5.15384615385
6.74
2.07142857143
5.24444444444
4.5
5.68421052632
4.16
3.16666666667
3.27586206897
3.90196078431
5.2380952381
4.26470588235
4.5
4.97872340426
1.4
2.48571428571
3.06896551724
4.40909090909
4.80392156863
4.18644067797
5.16326530612
4.07692307692
5.61538461538
4.28571428571
4.47222222222
3.88636363636
5.09756097561
6.0
0.5
4.28
4.59459459459
3.125
3.22727272727
4.78723404255
2.40625
4.64835164835
4.525
4.63636363636
2.69696969697
3.42105263158
4.65909090909
4.62
3.03703703704
5.42857142857
6.54838709677
3.58333333333
3.88095238095
4.46341463415
2.90243902439
2.78378378378
3.07619047619
5.9375
6.78571428571
3.84210526316
6.0
6.03389830508
4.23076923077
4.26666666667
6.91666666667
5.65217391304
3.55882352941
3.81818181818
2.8
5.14285714286
4.22222222222
4.76923076923
2.31578947368
3.64
4.36363636364
3.14285714286
4.97826086957
4.5
1.47368421053
6.21875
6.4
4.4
3.83783783784
4.73913043478
5.77777777778
4.76666666667
4.58333333333
4.66666666667
5.66666666667
7.09523809524
6.33333333333
3.06666666667
7.52830188679
3.33333333333
9.0
5.81818181818
5.91071428571
5.36363636364
4.67647058824
4.44444444444
3.66666666667
4.10714285714
6.81818181818
5.02777777778
3.83720930233
3.07692307692
4.8
3.36842105263
6.72222222222
3.5
6.11111111111
6.875
5.33333333333
2.94285714286
4.66666666667
4.16666666667
4.2
3.34482758621
4.75
6.57142857143
4.48148148148
3.81395348837
3.33333333333
3.04545454545
4.35294117647
3.42857142857
4.91666666667
3.71428571429
5.51515151515
4.30769230769
4.60714285714
4.52777777778
3.0
4.05
5.79069767442
4.5641025641
2.77272727273
5.35
2.47619047619
4.33333333333
4.25
7.28571428571
4.90909090909
7.52631578947
4.6
6.22222222222
6.04761904762
5.70967741935
5.94736842105
6.625
4.875
4.42105263158
5.60869565217
3.0
3.48484848485
2.5
2.63157894737
4.57142857143
4.5
3.77777777778
4.08695652174
6.375
7.625
5.875
8.4
7.41379310345
7.73333333333
3.0625
6.73684210526
7.55555555556
6.95238095238
5.55882352941
9.0
4.18181818182
7.29411764706
8.75
6.77777777778
5.33333333333
5.2
4.56666666667
6.8
4.35714285714
4.42
3.75
8.0
6.27777777778
4.63157894737
4.83333333333
7.2
7.75862068966
6.14285714286
5.6
5.75
3.84615384615
5.22727272727
4.94444444444
4.40909090909
3.53846153846
8.13333333333
3.17391304348
6.25
6.0
7.77777777778
5.8
4.30769230769
4.18181818182
3.98181818182
4.64285714286
5.47619047619
3.95454545455
4.85714285714
6.0
10.7142857143
4.5
6.33333333333
5.09090909091
6.21052631579
3.21212121212
8.05882352941
10.6
8.33333333333
3.25
6.63636363636
6.11111111111
3.92857142857
4.75
6.0
4.18181818182
4.0
5.84615384615
4.92105263158
3.8
3.0
4.41176470588
2.2
5.375
3.95454545455
3.2
6.33333333333
4.77777777778
6.26923076923
5.24074074074
4.41509433962
3.0
7.16666666667
5.29268292683
5.5
4.375
5.14
5.09523809524
5.0
4.38461538462
5.5
5.70967741935
3.66666666667
5.33333333333
6.4
5.84848484848
9.70588235294
4.2972972973
5.375
5.22222222222
7.06666666667
3.31034482759
4.9
5.36363636364
6.0
5.1875
3.95238095238
4.78947368421
5.44444444444
2.81578947368
3.88888888889
3.8
3.60606060606
4.66666666667
5.73076923077
3.52
3.28571428571
9.16666666667
3.0
4.28571428571
3.27272727273
3.8
4.40740740741
6.42857142857
5.71428571429
3.8
5.04545454545
6.54545454545
3.5
4.0
6.83333333333
4.5
9.11111111111
7.0
2.57142857143
6.33333333333
2.58064516129
2.0
0.5
5.6
3.35294117647
5.26315789474
2.8
3.875
3.14285714286
8.16666666667
3.4
4.7027027027
4.42105263158
6.9
5.5
4.77777777778
2.38461538462
3.70588235294
4.17391304348
3.08571428571
3.92
5.04545454545
5.54545454545
2.55
10.4444444444
2.90476190476
7.15384615385
3.33333333333
4.80952380952
5.95454545455
4.58333333333
5.5
4.0
5.61111111111
2.85714285714
4.07692307692
5.28571428571
4.15
4.26315789474
3.08
4.74285714286
6.73333333333
4.57142857143
6.90909090909
4.0
7.13636363636
3.45
8.25
10.5294117647
6.54166666667
7.11111111111
6.22580645161
3.61538461538
8.5
5.31578947368
4.0
3.63157894737
4.65517241379
8.72727272727
6.16666666667
3.44444444444
3.74074074074
2.85714285714
3.18181818182
2.71428571429
5.46153846154
3.88888888889
8.5
3.51282051282
7.0
5.72222222222
5.42857142857
2.9
4.69230769231
3.16129032258
4.38888888889
4.25
5.76595744681
5.76923076923
5.11111111111
3.9
2.66666666667
2.4
5.35294117647
3.45833333333
3.87878787879
2.86363636364
4.86666666667
6.44117647059
4.55555555556
2.55555555556
4.5
3.69230769231
4.15789473684
4.81481481481
4.57142857143
2.66666666667
4.2380952381
5.40909090909
6.92307692308
4.1875
5.93333333333
3.66666666667
7.14285714286
3.55555555556
4.71875
3.625
4.72727272727
3.27777777778
5.11538461538
3.875
4.10526315789
3.92857142857
3.64705882353
3.30769230769
5.16666666667
5.625
4.9
4.80952380952
5.47826086957
7.0
4.35
3.6
5.5625
4.55555555556
3.36842105263
4.75
4.38461538462
3.75
4.41666666667
4.08333333333
3.875
4.66666666667
4.55555555556
3.15789473684
3.75
4.86111111111
0.0
4.20833333333
4.55172413793
3.80769230769
3.14285714286
3.81481481481
4.2
3.43333333333
3.7
3.77777777778
3.46153846154
4.6
3.875
2.35714285714
4.54545454545
2.88888888889
2.77777777778
4.05263157895
3.0
4.4
4.86956521739
3.11111111111
4.71794871795
4.95833333333
5.04
4.14
4.88888888889
4.32258064516
4.75
3.83333333333
3.55555555556
1.0
2.53333333333
1.66666666667
4.71428571429
4.42857142857
4.57142857143
1.96153846154
5.38709677419
5.375
3.47619047619
5.4
8.5
3.375
4.42857142857
6.3125
7.0
3.90909090909
2.75
3.76
2.875
1.66666666667
4.72222222222
5.95833333333
4.22222222222
3.4375
4.26923076923
3.20833333333
1.7
7.5
4.68421052632
7.125
3.78048780488
3.76923076923
7.6
4.6
3.42857142857
4.8125
3.63157894737
7.16666666667
4.65517241379
6.47058823529
5.26315789474
1.77777777778
4.55769230769
5.62162162162
4.26666666667
4.19230769231
6.5
6.87096774194
4.28571428571
5.69230769231
8.4
4.0
5.72413793103
6.70833333333
5.23529411765
3.0
2.93103448276
4.5
5.91666666667
2.6875
4.22222222222
4.9375
2.28571428571
3.9696969697
4.85714285714
4.58064516129
4.86666666667
4.82352941176
6.26086956522
4.38461538462
4.4
3.07142857143
5.27777777778
7.91666666667
2.73333333333
3.75
4.68421052632
3.33333333333
3.33333333333
3.26666666667
5.125
5.26086956522
3.9696969697
4.84615384615
4.26666666667
5.09523809524
5.85
5.76923076923
5.14285714286
8.64705882353
2.78947368421
6.22222222222
6.29411764706
3.55555555556
6.38461538462
6.57894736842
4.82608695652
2.9
5.06896551724
3.61904761905
2.8064516129
4.6
3.4
2.70588235294
3.67857142857
4.33333333333
2.84615384615
3.64
5.28571428571
7.4
4.0
3.22727272727
4.0
4.88461538462
2.21428571429
6.1875
2.83333333333
4.19047619048
6.6
4.28571428571
2.27272727273
3.5
2.42424242424
3.63636363636
3.1
4.0625
5.07692307692
4.18181818182
4.33333333333
4.38461538462
4.375
4.06666666667
6.33333333333
5.0
5.2
4.71428571429
4.39130434783
4.5
4.2
5.125
6.23529411765
5.0
5.125
6.23529411765
4.57142857143
3.15789473684
5.68421052632
4.72727272727
4.5625
6.66666666667
4.16666666667
3.38095238095
6.09090909091
3.55555555556
5.75
3.70588235294
2.90476190476
6.62962962963
4.25
1.8
4.34782608696
3.0
5.5
3.7619047619
4.625
4.15384615385
3.60714285714
4.83333333333
5.0
4.5
4.14285714286
3.25
7.07142857143
3.52941176471
3.85714285714
3.26923076923
4.625
5.15384615385
4.84
4.5
4.60714285714
11.2222222222
4.33333333333
4.46666666667
8.6
4.25
6.42857142857
4.4
5.07692307692
3.41666666667
5.85714285714
6.11764705882
4.46153846154
4.66666666667
7.2
3.09090909091
4.24242424242
5.57142857143
5.6875
4.94444444444
3.07692307692
5.85714285714
4.75
4.36363636364
9.0
10.3333333333
5.33333333333
2.91304347826
3.58823529412
3.47368421053
3.51515151515
4.18181818182
3.75
4.64285714286
5.08695652174
3.71428571429
5.34210526316
4.06666666667
3.13793103448
9.55555555556
4.0
5.16666666667
7.625
2.88461538462
4.32258064516
4.09090909091
3.0
1.86666666667
2.73333333333
3.42857142857
3.27777777778
5.08571428571
7.33333333333
5.25
5.66666666667
6.73076923077
4.56666666667
3.75
4.81481481481
4.125
3.7619047619
2.71428571429
4.05405405405
4.84
1.42857142857
5.36
3.25
5.39130434783
5.4347826087
4.82352941176
5.0
5.0
3.16666666667
3.55555555556
3.1
4.65517241379
4.5
5.65
2.47368421053
4.33333333333
3.46428571429
6.75
4.47619047619
2.5
4.0
3.6
8.57142857143
5.66666666667
5.4
4.0
3.86666666667
4.84210526316
3.80769230769
6.43333333333
5.02631578947
6.22222222222
2.66666666667
6.42857142857
6.83333333333
6.41935483871
4.10344827586
5.9
5.16
5.37037037037
5.40909090909
4.68421052632
3.81818181818
4.23076923077
5.45454545455
5.29032258065
3.33333333333
3.41666666667
3.65384615385
4.63636363636
3.63636363636
3.76923076923
4.5
4.59375
6.61290322581
5.27272727273
2.0
5.38888888889
3.46666666667
3.07692307692
5.33333333333
7.5
4.25
6.94444444444
7.625
4.5
6.33333333333
2.81818181818
7.125
4.625
7.0
7.21212121212
7.1
6.45833333333
6.33333333333
5.23684210526
3.57575757576
5.17647058824
3.46428571429
5.68181818182
8.0
2.82352941176
3.84615384615
4.37931034483
7.0
3.64864864865
4.12
3.61111111111
2.96296296296
3.4
3.17647058824
1.63157894737
4.18181818182
2.79166666667
3.66666666667
2.58333333333
5.07142857143
4.46428571429
4.225
4.88
6.46153846154
4.06451612903
2.71428571429
3.90909090909
4.95
9.3125
5.92857142857
5.71428571429
4.68421052632
5.0
5.1
5.47058823529
6.25714285714
3.15384615385
3.125
3.5
4.75
4.26666666667
8.16666666667
3.81818181818
4.25
3.31111111111
6.17391304348
3.60869565217
4.44444444444
4.76923076923
4.60465116279
6.18181818182
3.125
4.63636363636
4.58333333333
4.78125
4.28205128205
4.25
3.69230769231
4.45945945946
4.97368421053
5.76470588235
6.1
3.22222222222
9.09090909091
3.25806451613
4.36842105263
7.72727272727
6.66666666667
7.72
2.73333333333
3.41176470588
6.49019607843
9.52380952381
6.42857142857
3.63333333333
4.44827586207
3.0
5.2972972973
7.21739130435
3.42857142857
6.73684210526
3.76666666667
4.8
1.75
4.4
4.88235294118
8.625
7.37931034483
3.41379310345
5.57142857143
7.22222222222
2.90625
5.0
2.66666666667
2.55555555556
4.66666666667
5.11764705882
4.55
10.0714285714
4.69565217391
2.40909090909
4.67567567568
3.45454545455
2.85714285714
5.17647058824
5.88888888889
2.57894736842
4.18604651163
4.7
3.66666666667
8.0
5.0
2.95238095238
5.44444444444
4.04
0.5
0.666666666667
7.04347826087
6.53846153846
2.85714285714
3.05
6.8
6.33333333333
5.5625
4.76923076923
6.0
5.66666666667
4.20454545455
4.23529411765
5.35294117647
1.84210526316
6.66666666667
4.22222222222
3.45454545455
2.93548387097
4.95652173913
4.125
0.5
5.71428571429
7.8
3.38461538462
1.45454545455
4.25
5.01886792453
0.0
2.63636363636
6.83333333333
2.92857142857
4.6875
5.08333333333
4.09523809524
4.5
6.12903225806
6.9
9.06666666667
7.0
6.83333333333
6.0
6.52941176471
4.15151515152
6.27586206897
5.26666666667
8.42105263158
6.0
4.23636363636
4.075
4.66666666667
3.85714285714
4.57142857143
7.0
8.23076923077
5.0
2.8
4.0
4.95652173913
4.56896551724
4.0
5.35714285714
6.78260869565
9.875
4.6875
6.8
4.0
4.5
5.2
4.0
5.29166666667
3.2
5.22222222222
4.83333333333
3.96875
6.92592592593
5.46
4.91666666667
3.15
7.76923076923
4.26666666667
10.4117647059
2.8
7.27272727273
3.09090909091
7.44444444444
6.26315789474
6.1914893617
4.61764705882
2.92857142857
4.7619047619
7.20689655172
4.83333333333
5.73333333333
3.22222222222
5.66666666667
3.04761904762
4.04761904762
5.22222222222
5.28571428571
6.94117647059
7.14285714286
4.0
4.32142857143
4.82352941176
5.13333333333
3.875
6.72222222222
5.78947368421
5.79591836735
5.25
6.6875
8.23076923077
3.26666666667
4.9375
2.57142857143
5.0
3.8
4.8275862069
4.11111111111
8.80769230769
6.125
5.175
4.64285714286
3.64285714286
6.42857142857
2.0
4.0
5.29411764706
4.3
5.71428571429
3.42307692308
3.0
0.5
2.0
8.75
4.0
2.825
5.15384615385
3.52941176471
2.36363636364
3.6
3.93333333333
4.90476190476
4.28571428571
5.8064516129
7.88888888889
4.65789473684
4.69230769231
3.83333333333
4.58974358974
3.15151515152
4.25531914894
5.60606060606
5.26470588235
4.93333333333
4.90476190476
4.16666666667
5.0
6.13888888889
3.91666666667
5.09090909091
2.68292682927
4.70967741935
4.28571428571
4.17391304348
6.0
7.46153846154
6.39393939394
3.84848484848
3.24137931034
5.42857142857
7.3
6.13043478261
4.18421052632
3.13333333333
5.72222222222
4.63636363636
2.66666666667
4.15789473684
2.25
4.0
6.25
3.51724137931
4.44444444444
4.3125
5.34375
6.23684210526
6.16666666667
5.0
4.54285714286
6.52380952381
7.17857142857
6.64
4.87096774194
4.66666666667
9.1
4.35294117647
6.14814814815
6.4375
7.05263157895
4.46666666667
5.05555555556
4.62745098039
3.68888888889
3.66666666667
2.80769230769
4.0
6.61538461538
8.86956521739
4.57692307692
6.35
4.47826086957
2.69230769231
5.30434782609
5.20689655172
6.08695652174
2.92105263158
5.15384615385
5.7037037037
3.625
4.36363636364
3.8064516129
4.96078431373
4.53846153846
6.20689655172
7.52173913043
6.06060606061
1.85714285714
2.625
4.0
5.23076923077
4.85714285714
6.10526315789
4.5641025641
6.28571428571
14.5714285714
5.75
4.0
4.48
4.33333333333
14.75
6.86666666667
4.18181818182
4.02272727273
4.2
6.38888888889
3.30303030303
5.05714285714
4.34782608696
4.11764705882
3.41935483871
3.69565217391
4.18518518519
5.83333333333
4.03333333333
3.2
4.73333333333
7.07692307692
3.36363636364
5.13793103448
8.63636363636
4.06060606061
6.09090909091
3.0
5.52631578947
3.4347826087
3.2
7.625
4.29411764706
1.2
5.375
4.93103448276
7.1
7.0
4.61111111111
4.0
2.5
5.9
5.53846153846
3.0
2.15384615385
3.53846153846
2.8
3.18518518519
1.0
9.28571428571
6.16666666667
5.54545454545
6.22222222222
5.1875
6.76923076923
6.75
7.30769230769
3.86666666667
4.42857142857
4.08695652174
4.16666666667
3.35
5.05555555556
2.76923076923
3.95833333333
3.2
4.25
6.06666666667
6.5
1.83333333333
5.44444444444
4.0
12.4
4.7
12.2222222222
4.21428571429
3.7
4.41666666667
3.77272727273
8.6
4.3125
5.2
5.6
6.0
7.1875
12.8
7.0
3.8125
3.94444444444
1.0
1.95
5.17857142857
3.33333333333
3.4
4.0
4.4
3.59574468085
2.36666666667
4.875
5.57142857143
4.0
3.5
3.35294117647
4.25
5.0
2.71428571429
2.75
4.86956521739
3.5
4.04
6.83870967742
7.66666666667
4.0
4.875
5.86666666667
4.70930232558
2.42424242424
1.5
4.52631578947
3.0
2.65217391304
5.15
1.875
5.35
5.2
3.31578947368
4.51851851852
6.33333333333
4.0
4.15
4.55555555556
4.0
4.6875
2.5
3.5
5.3488372093
5.45714285714
1.81818181818
1.17777777778
3.95652173913
5.63157894737
3.88235294118
6.90909090909
3.33333333333
4.69230769231
5.40909090909
6.68421052632
5.39393939394
4.0
7.30303030303
6.41818181818
4.0
3.0625
6.30612244898
2.675
3.54347826087
7.0
6.48275862069
3.39130434783
4.11320754717
3.9358974359
4.42857142857
5.86666666667
4.04166666667
5.23076923077
6.86666666667
4.96774193548
6.83720930233
3.57692307692
5.92307692308
4.13157894737
4.38181818182
5.5
4.88372093023
5.38888888889
4.34246575342
6.95
5.925
6.0
6.5
5.78125
4.85714285714
3.22222222222
2.0
2.95454545455
3.575
6.63157894737
5.42857142857
5.32
6.23529411765
3.88888888889
6.04166666667
5.1
5.875
4.2380952381
2.0
7.72727272727
3.375
4.86956521739
7.625
4.96296296296
4.19047619048
6.05555555556
6.375
4.83333333333
7.55172413793
5.42857142857
3.4
4.28125
5.48148148148
3.69565217391
2.0
5.7027027027
6.66666666667
5.46153846154
6.0
6.10526315789
4.47826086957
3.79310344828
4.09090909091
8.18181818182
6.14705882353
3.5
6.16666666667
5.68571428571
7.25806451613
7.0
4.62962962963
3.52
5.58620689655
5.57142857143
1.0
3.4375
3.5
4.28571428571
3.78260869565
3.1
4.14285714286
4.16
3.55
4.66666666667
5.55555555556
3.07692307692
4.95833333333
3.94444444444
5.25
4.3125
5.72727272727
3.94444444444
4.66666666667
3.44444444444
5.06666666667
4.90909090909
4.69696969697
4.6
5.14285714286
2.52173913043
4.78571428571
4.4
5.06666666667
2.8
5.91666666667
4.73333333333
9.28571428571
4.0
1.9375
6.55
2.5
16.0
3.17142857143
3.53333333333
3.33333333333
5.16666666667
4.65217391304
4.72727272727
4.43333333333
5.73076923077
6.21428571429
4.18181818182
3.68181818182
4.33333333333
3.17647058824
5.0
9.35294117647
6.5
4.62068965517
3.0
4.17857142857
5.95833333333
3.63157894737
3.1
9.66666666667
4.02777777778
5.375
5.0
3.71428571429
5.53125
5.31034482759
3.46875
3.21621621622
4.86842105263
4.61538461538
3.17647058824
3.6
2.6
3.9
3.53191489362
3.21153846154
2.4375
4.08
5.125
4.76315789474
5.24242424242
4.78
4.48717948718
4.55319148936
4.18181818182
2.58333333333
3.75862068966
4.03571428571
2.53448275862
4.33333333333
2.43333333333
3.42307692308
2.90909090909
4.08108108108
3.05882352941
2.72727272727
2.57142857143
3.52941176471
5.33962264151
3.95
4.4375
4.77551020408
3.0
5.53125
4.66666666667
3.7
3.4693877551
3.41176470588
3.71428571429
4.78571428571
1.30769230769
3.7
5.84
3.48837209302
4.38888888889
4.04347826087
3.63157894737
3.79310344828
3.78181818182
2.92452830189
2.36538461538
7.77777777778
4.93333333333
5.33333333333
5.5
5.24
4.17777777778
3.89473684211
4.4
3.88461538462
5.6
3.0
2.44444444444
3.06666666667
4.23255813953
4.4
5.32608695652
5.3
4.66666666667
6.17647058824
2.125
3.59259259259
2.48484848485
4.10256410256
3.96153846154
5.63636363636
5.0
4.32432432432
4.8
3.70731707317
4.71428571429
4.28571428571
4.95161290323
4.68292682927
7.5
4.5
2.0
3.8125
6.2962962963
4.425
6.11111111111
6.875
5.35714285714
9.05263157895
5.58333333333
5.5
5.54285714286
5.57777777778
2.64705882353
4.2
5.7037037037
2.85714285714
6.74576271186
4.2
3.78723404255
5.9
3.33333333333
3.09677419355
3.96
20.3333333333
3.53846153846
4.78947368421
2.78947368421
6.25
3.85714285714
4.15151515152
3.30952380952
4.37931034483
4.77083333333
6.47368421053
3.69230769231
2.93023255814
3.125
6.27777777778
3.375
2.94117647059
3.22222222222
4.1
4.61538461538
5.04545454545
5.36
3.48717948718
5.07692307692
8.44444444444
13.0
2.80769230769
4.79310344828
4.38775510204
3.0
2.9375
4.0
3.0612244898
3.575
3.86111111111
2.0
3.69387755102
6.13333333333
6.66666666667
4.35714285714
6.26315789474
2.0
4.06818181818
3.0
4.0
3.07692307692
3.11111111111
4.61538461538
3.18055555556
5.0
7.7
4.95833333333
2.83333333333
2.44897959184
3.79487179487
3.9375
2.89473684211
5.82352941176
4.21052631579
4.16666666667
5.83333333333
5.0
8.0
3.04
2.63157894737
5.47368421053
7.42105263158
7.53846153846
6.5
5.55813953488
2.12
5.94871794872
2.20512820513
7.25
1.2
5.44444444444
5.4375
5.38461538462
6.875
3.0
2.91304347826
4.38461538462
3.36363636364
4.8064516129
6.44444444444
4.23529411765
6.37931034483
10.0
4.0
1.75
5.83333333333
4.71428571429
3.55
4.0
3.84905660377
2.96666666667
4.25
3.4
4.4
3.82352941176
4.14705882353
3.55555555556
3.0
5.78947368421
4.22727272727
4.125
3.55882352941
7.0
3.80555555556
4.6
3.0
2.69565217391
4.07317073171
7.92307692308
4.50980392157
6.0
6.03448275862
3.38888888889
3.4375
3.0
8.375
2.69565217391
3.27272727273
3.04545454545
6.13636363636
3.27272727273
2.67647058824
4.05263157895
4.46666666667
3.06666666667
3.92592592593
3.13043478261
4.86206896552
4.29166666667
2.80769230769
5.69696969697
7.46153846154
5.61538461538
2.36363636364
5.15873015873
3.89583333333
4.6875
6.13333333333
5.38461538462
4.81481481481
5.77272727273
2.36363636364
3.84
8.63157894737
1.83333333333
3.19047619048
4.73913043478
6.40625
6.05263157895
5.85
5.0
4.07142857143
5.21739130435
4.73333333333
3.82352941176
3.57894736842
4.35
2.875
2.5
3.60869565217
3.67647058824
6.4347826087
5.69696969697
5.1
6.8
2.5
4.45454545455
6.0
3.5
4.70689655172
9.11111111111
6.13333333333
5.95652173913
