25
55
64
52
16
6
11
12
46
22
12
24
9
62
53
51
18
27
33
55
44
38
16
44
57
35
26
32
20
52
45
20
89
26
39
40
22
15
28
27
9
62
14
19
8
39
21
45
9
18
27
27
16
39
34
53
69
39
12
17
23
59
36
16
43
51
15
66
16
13
19
38
23
26
29
22
19
30
12
33
28
39
20
24
37
25
50
15
26
40
28
24
38
22
26
40
54
29
10
5
34
48
81
52
27
40
30
21
27
18
34
57
16
16
15
48
21
41
36
35
25
48
46
45
44
38
88
50
52
36
53
27
22
40
15
23
48
20
33
24
21
64
29
26
39
21
25
61
28
51
27
18
30
13
31
38
32
25
35
16
40
17
35
78
23
56
12
30
14
23
32
19
47
34
27
22
34
38
31
33
38
39
20
40
23
37
19
29
27
9
42
19
14
31
16
42
29
21
55
22
27
19
11
21
26
6
19
35
24
32
26
17
109
39
26
57
34
12
27
20
48
46
8
60
91
17
4
14
64
11
107
31
31
46
17
33
27
30
19
47
39
21
44
22
23
16
34
14
48
26
25
8
40
27
6
51
42
19
29
16
9
25
23
6
33
27
16
27
28
47
17
18
21
62
33
33
8
49
43
24
39
36
34
42
22
47
10
41
28
26
54
27
31
61
44
46
6
31
30
28
39
59
24
20
28
13
25
24
46
77
27
27
7
29
71
57
10
14
30
39
51
65
41
36
15
21
40
64
37
35
51
63
14
34
40
15
11
22
35
23
35
13
34
50
29
17
60
40
17
33
19
19
27
17
22
6
25
28
27
21
17
17
64
45
45
17
86
15
26
34
63
23
21
25
53
16
37
14
28
23
49
13
19
41
10
18
11
47
23
36
9
49
40
45
43
24
60
25
30
51
29
29
56
11
29
12
61
25
41
69
65
15
70
15
67
8
37
38
12
15
37
15
66
54
23
33
26
54
44
82
34
32
45
77
40
66
50
60
21
48
49
28
35
21
41
20
81
21
30
58
19
59
34
50
63
12
18
20
48
53
36
28
17
47
33
57
33
39
36
27
38
11
63
43
20
28
33
26
36
22
32
26
14
30
25
29
19
48
26
22
18
10
17
21
29
47
12
47
17
26
45
26
52
39
40
29
35
62
22
37
48
42
24
54
29
73
45
16
46
26
26
34
9
33
40
28
23
63
32
33
41
29
43
42
24
24
27
12
51
34
27
37
34
14
76
70
53
35
29
54
45
18
21
64
19
22
28
55
25
31
11
25
7
32
14
19
28
30
13
43
21
11
24
22
19
30
28
59
15
38
9
23
29
47
37
20
7
10
35
31
21
20
36
33
22
34
41
64
9
41
6
12
36
16
75
42
27
18
22
22
39
35
13
16
23
19
16
30
19
20
14
46
67
52
51
19
21
26
34
17
46
8
13
17
33
16
28
22
22
41
8
39
23
42
26
24
44
36
34
25
36
23
31
45
21
18
11
15
17
14
40
52
11
61
35
31
23
29
30
29
35
27
11
4
23
29
14
6
24
25
17
28
41
29
41
27
30
36
29
21
39
17
21
49
15
53
32
23
17
14
33
36
12
4
34
7
18
8
15
41
10
47
15
27
21
27
13
55
22
36
7
22
23
33
24
40
30
8
24
32
38
47
11
41
56
15
40
52
15
37
22
6
16
49
47
29
30
27
8
33
36
19
17
17
5
12
19
2
2
21
36
15
7
14
13
8
6
5
14
13
16
5
7
37
13
15
41
39
16
18
24
24
23
15
24
14
20
30
14
12
19
32
7
7
7
14
2
13
14
13
5
6
25
3
4
15
38
15
29
15
11
37
20
9
12
7
8
17
37
31
39
34
30
26
24
30
17
19
30
11
14
19
17
20
20
26
36
34
20
36
18
18
20
19
28
10
14
9
24
19
45
9
27
10
18
16
12
10
17
15
19
14
28
21
22
21
26
14
31
28
20
29
10
16
18
28
9
32
12
5
32
26
19
18
47
66
25
25
33
21
28
16
30
38
27
38
56
27
21
5
41
21
7
31
46
16
28
12
30
59
24
37
32
50
34
11
107
107
33
21
24
92
18
57
65
44
42
28
41
37
25
10
39
57
54
45
39
42
5
20
9
28
23
20
15
12
47
13
70
37
19
19
21
19
26
32
16
18
16
25
30
19
29
14
15
24
18
23
14
16
42
23
21
35
19
44
23
34
33
14
20
19
13
25
29
12
15
24
8
19
26
19
10
27
17
28
8
51
8
26
35
37
7
21
20
9
41
13
34
44
12
25
31
39
16
12
31
28
9
33
27
24
18
24
32
32
11
14
20
6
25
25
16
41
7
31
27
27
28
46
7
13
25
30
81
46
36
25
21
79
27
70
28
47
44
10
59
38
45
24
25
3
4
23
16
36
30
53
61
24
24
38
24
28
36
62
43
16
45
24
40
51
29
11
24
19
28
27
32
10
30
90
45
34
40
53
31
24
19
35
36
37
15
39
22
27
44
45
41
11
58
11
76
41
50
30
8
27
21
22
23
38
31
68
25
10
38
29
14
51
49
6
55
24
17
27
31
7
12
10
18
24
35
47
26
30
28
9
21
53
24
31
20
40
7
23
29
37
33
25
8
23
30
42
10
45
31
20
20
8
12
23
30
26
28
25
39
9
17
25
33
22
14
34
31
21
13
44
14
37
27
28
26
8
15
38
36
10
18
7
28
6
24
12
35
33
27
26
14
17
34
49
40
56
65
60
26
45
30
65
32
35
38
55
59
78
44
45
79
55
4
18
33
32
9
29
12
31
18
34
41
14
53
14
20
50
40
47
26
28
5
35
20
6
78
70
12
69
18
36
40
22
47
11
48
23
46
55
43
18
17
27
25
25
45
50
51
25
57
37
26
28
30
4
31
20
49
46
16
36
48
19
32
16
37
12
34
28
28
41
18
17
23
19
24
18
25
42
37
36
27
17
10
35
15
42
32
26
48
39
12
40
24
24
13
39
19
20
20
28
22
31
23
71
85
110
50
26
65
75
25
45
43
64
23
35
39
104
88
61
50
34
22
44
36
49
33
33
36
19
42
17
48
54
14
8
19
8
9
68
15
16
22
12
53
19
56
37
24
15
23
45
33
9
17
68
46
35
31
44
12
48
4
88
14
44
10
38
44
29
13
54
31
77
58
45
53
29
10
36
56
55
18
10
15
26
15
12
7
31
24
16
41
49
40
39
28
16
21
35
27
14
21
28
16
34
26
81
70
13
46
46
67
42
37
29
33
65
36
30
59
55
23
43
52
21
11
51
50
12
46
52
40
30
7
23
45
26
21
16
38
63
32
29
63
29
102
12
49
51
31
24
27
62
35
15
58
21
15
7
24
15
42
63
6
9
22
29
8
20
21
7
20
19
27
72
19
30
21
28
19
35
12
45
46
38
33
44
12
18
57
10
32
26
14
27
28
30
14
31
31
24
9
15
13
27
11
33
14
24
33
35
53
12
37
17
40
5
31
16
27
42
35
9
9
37
28
11
51
39
31
18
7
21
19
12
56
61
40
25
53
12
50
76
22
61
38
56
55
111
43
35
64
54
19
37
60
30
44
73
66
48
35
59
26
12
20
15
50
58
37
78
37
71
64
15
31
84
30
73
77
50
45
63
43
79
6
23
45
28
51
13
69
52
13
53
19
13
30
33
42
55
46
41
18
60
36
48
25
24
53
11
11
5
48
26
20
51
56
54
26
46
33
30
40
47
62
74
37
34
19
59
12
10
38
40
19
13
63
29
18
35
21
51
39
25
34
30
12
29
22
56
45
19
41
49
86
19
14
19
24
33
34
86
27
38
18
24
23
46
13
28
35
35
55
76
50
45
43
11
52
11
33
66
43
47
41
59
41
49
32
13
34
34
29
40
76
42
19
42
33
49
21
15
53
15
11
16
18
44
45
13
55
51
35
27
17
15
15
48
15
26
25
18
33
41
39
40
17
19
24
26
29
15
45
31
37
29
58
11
58
46
47
48
46
37
32
25
35
18
32
23
11
20
39
40
25
15
26
33
36
27
55
48
43
22
35
21
66
15
56
84
67
46
32
21
72
63
35
53
26
91
24
78
15
26
17
45
6
24
36
7
14
28
12
13
17
10
43
21
32
51
40
31
45
17
48
7
38
18
34
7
35
7
17
34
30
22
14
27
13
22
20
27
38
36
13
22
26
77
35
12
97
20
43
89
52
42
30
36
53
19
35
15
15
103
56
75
88
78
30
38
38
77
78
15
10
98
75
58
62
46
31
58
17
23
75
80
62
27
75
48
45
54
38
21
52
90
77
24
3
31
28
28
33
11
40
38
39
29
38
44
11
32
18
23
37
21
29
38
48
64
23
32
56
29
36
49
20
55
29
6
16
22
83
50
33
50
52
34
78
37
25
32
28
45
11
14
42
62
73
40
47
30
39
78
55
45
46
19
43
54
40
20
16
25
29
44
58
34
27
16
25
43
38
44
31
28
24
45
43
18
52
38
18
23
40
21
53
40
22
36
26
83
14
20
50
32
54
16
32
25
39
72
33
23
41
29
27
22
19
36
21
31
46
11
54
49
44
48
63
93
65
63
60
69
37
9
25
12
96
42
12
23
24
37
20
34
42
64
27
47
52
29
46
68
26
46
14
47
64
47
49
5
10
22
12
21
12
18
76
27
29
18
5
24
73
54
63
39
40
24
94
59
24
43
38
94
10
21
46
28
37
87
20
44
58
19
33
45
26
15
24
17
101
68
35
20
34
33
11
18
60
22
59
52
35
52
31
71
33
76
23
11
28
19
41
104
46
73
45
83
59
46
63
62
7
15
21
28
21
13
17
49
45
57
36
98
45
44
22
26
52
38
45
38
24
31
70
44
22
23
52
19
21
16
43
75
35
34
9
22
25
57
50
33
46
41
52
31
39
12
37
8
18
26
52
41
23
24
8
32
36
26
22
27
35
53
48
23
51
37
45
22
26
45
19
72
45
28
78
30
23
48
42
36
41
32
64
14
9
60
47
67
45
30
45
54
53
39
60
49
49
63
59
15
39
66
45
24
65
34
48
55
47
50
28
47
21
79
63
43
39
10
44
43
37
46
28
50
52
45
7
20
30
87
82
48
27
44
30
50
42
19
33
8
23
105
77
82
24
69
49
11
49
105
63
55
12
11
41
45
87
45
72
97
9
32
43
58
40
72
92
73
87
99
114
32
6
44
26
51
37
18
53
22
57
52
53
37
24
8
36
60
66
49
57
52
47
50
26
71
14
22
66
72
39
57
28
69
54
39
33
24
44
38
22
32
78
13
22
29
37
55
56
40
34
48
57
95
27
8
27
65
48
33
53
38
40
55
27
61
32
54
54
50
5
35
38
63
56
48
50
26
37
77
45
36
48
46
5
28
50
56
27
49
44
52
39
25
48
38
51
6
34
15
28
45
26
23
35
23
33
52
13
70
8
50
49
34
53
46
52
45
41
47
17
39
46
7
63
58
18
19
42
62
29
15
7
29
57
56
36
15
34
23
24
39
47
32
18
7
31
20
10
19
7
30
34
24
17
34
36
49
31
12
14
27
31
59
4
65
81
45
26
28
22
16
33
48
35
12
22
34
43
29
20
24
19
22
44
6
17
40
47
39
60
23
18
32
15
15
36
16
24
42
17
31
36
27
17
11
29
14
24
19
35
6
35
65
57
33
32
22
37
61
31
32
24
23
37
19
13
28
34
41
28
42
29
63
64
26
30
37
37
17
46
39
6
29
35
47
15
16
38
80
32
52
58
34
34
33
28
35
38
39
70
60
41
11
54
80
15
72
37
53
17
15
21
23
69
20
59
26
49
30
38
37
10
49
52
36
44
16
16
74
33
40
62
43
78
59
43
55
46
26
44
11
25
35
10
10
82
44
89
15
17
63
42
34
47
13
93
20
9
50
58
18
20
59
11
40
36
35
55
48
38
56
59
23
48
57
53
47
35
62
12
66
15
30
19
41
62
29
70
56
31
48
8
74
62
26
42
55
24
34
40
65
14
32
50
39
71
35
44
16
63
60
15
75
15
19
45
66
66
7
45
51
12
24
39
17
27
39
43
68
30
38
6
24
66
19
37
8
13
29
31
50
32
59
64
41
25
28
33
26
28
40
38
24
9
31
11
22
12
8
37
19
49
68
39
37
24
26
43
36
38
25
30
13
73
61
76
85
19
22
35
27
76
42
34
40
20
68
30
53
56
21
27
45
23
34
51
60
5
9
11
16
9
9
17
24
11
8
21
38
35
11
4
28
12
22
40
32
19
6
19
29
39
8
38
31
18
21
15
79
55
14
48
31
18
92
38
35
30
30
36
16
54
13
12
27
36
2
53
49
48
41
9
10
42
10
57
67
35
32
27
21
44
21
48
63
29
29
14
49
70
11
43
28
14
61
27
19
45
35
24
32
35
24
9
42
46
18
24
35
52
18
16
33
37
60
61
26
17
8
9
33
23
52
40
48
45
34
43
60
16
36
35
60
22
40
8
30
7
28
22
39
10
40
29
47
34
41
18
6
8
9
69
9
49
23
20
27
18
8
8
45
24
6
45
59
44
55
69
14
9
58
31
18
91
30
30
41
23
12
33
60
44
32
20
112
30
22
42
30
42
19
72
41
27
39
79
40
37
6
16
19
14
50
8
28
41
62
54
35
20
36
19
26
17
52
28
32
29
48
14
26
16
18
119
61
26
33
42
6
49
34
76
36
24
8
19
62
80
29
36
55
11
69
94
68
79
73
60
33
36
37
19
55
27
58
43
