22
44
65
60
32
5
6
8
38
38
11
14
10
66
49
61
21
36
31
48
34
25
16
29
45
39
27
21
28
47
35
15
61
22
32
35
23
22
39
23
12
81
19
22
7
41
10
68
12
9
20
26
25
34
51
65
74
37
10
18
26
62
36
19
39
35
38
68
16
18
19
38
19
39
38
24
16
43
9
32
41
38
16
19
55
23
52
16
29
53
33
26
30
26
25
35
34
28
12
5
25
46
81
34
44
29
28
15
35
17
27
39
14
19
27
43
26
52
36
55
22
52
49
53
45
37
63
48
47
37
46
28
26
45
18
26
46
24
37
15
26
52
37
36
40
27
35
42
17
50
27
8
46
21
35
30
32
33
30
21
36
11
31
71
25
42
21
35
14
41
34
13
47
34
51
24
28
33
22
45
44
50
25
40
20
45
21
43
22
4
37
24
14
41
11
48
24
34
65
27
28
23
7
27
24
5
14
22
18
24
27
7
107
33
34
43
32
15
28
26
42
37
7
58
107
13
2
15
49
18
93
30
37
36
23
41
23
27
16
40
44
22
47
20
18
10
51
10
37
38
24
13
40
24
13
47
46
17
37
22
11
31
37
13
52
30
18
15
22
47
22
27
27
49
20
35
17
76
44
35
26
33
48
46
21
31
14
44
20
32
57
49
37
45
50
50
6
39
26
34
38
49
37
21
33
15
25
32
50
80
25
21
8
30
88
49
13
33
17
39
53
44
61
44
16
29
55
56
36
49
68
56
20
29
31
14
5
39
51
37
37
17
23
57
29
20
63
44
29
39
19
23
25
33
31
7
45
34
18
22
22
21
59
37
57
30
108
35
20
48
67
28
39
23
57
18
35
22
50
25
54
16
17
29
16
28
16
44
13
27
15
50
59
41
35
35
59
27
26
50
47
40
38
25
50
19
63
16
49
64
75
27
57
16
71
17
50
50
15
21
48
14
88
66
22
41
32
67
44
100
60
49
49
74
37
59
57
72
27
58
40
27
33
25
50
13
70
20
34
60
23
48
49
56
75
12
17
17
52
54
39
27
21
53
26
64
27
49
38
14
41
13
47
33
19
19
39
36
42
26
34
30
31
36
24
34
29
36
37
35
18
18
22
26
48
58
12
61
16
43
48
28
49
45
42
28
34
65
36
43
55
51
30
53
24
66
52
23
61
34
28
39
10
33
37
58
35
58
40
25
36
33
32
51
26
30
32
9
79
34
14
26
19
20
63
60
47
26
41
41
49
13
34
81
25
19
35
57
13
45
17
26
8
39
20
25
36
25
17
29
22
21
30
22
11
30
22
58
19
19
21
12
20
48
54
29
9
12
30
39
12
22
35
30
25
42
34
63
17
44
9
15
46
17
96
38
34
18
35
23
45
50
13
18
23
23
29
30
21
23
23
67
85
70
82
34
24
37
37
21
48
10
14
34
29
16
19
43
35
36
7
45
20
41
40
26
58
46
46
24
63
41
48
37
35
38
24
26
12
20
48
67
25
92
31
32
29
39
39
33
51
34
25
6
31
40
11
10
44
48
19
25
49
40
51
44
31
45
43
15
64
25
23
59
21
74
38
27
14
18
63
47
10
11
34
15
19
9
16
60
18
56
27
30
29
35
29
50
18
48
8
19
17
43
24
55
28
11
46
43
42
52
19
74
62
29
38
101
15
29
22
7
30
53
61
35
48
27
11
33
41
30
18
22
4
14
20
5
3
31
50
30
10
24
16
9
7
10
22
26
12
6
4
65
12
20
47
38
26
24
21
43
22
12
28
12
22
28
15
11
19
47
6
5
11
12
10
19
18
10
14
15
21
5
4
22
51
9
52
19
10
41
19
10
15
11
10
22
35
45
54
53
47
26
22
33
21
36
47
13
21
22
24
23
20
34
31
23
24
56
28
16
26
22
32
21
18
17
36
31
49
18
34
16
25
14
18
16
21
33
37
21
37
24
20
27
28
10
38
36
28
49
13
15
22
46
9
35
18
11
49
30
22
19
40
91
41
43
29
27
42
42
41
40
26
47
59
33
35
7
56
17
7
38
65
19
27
12
36
62
26
31
35
56
48
7
139
109
52
25
35
101
26
58
60
52
55
27
56
34
30
9
48
62
78
53
73
73
6
22
13
45
32
23
24
17
48
20
108
54
20
32
24
28
61
42
33
20
27
52
33
32
31
13
24
17
14
23
22
12
43
20
14
42
20
55
34
45
32
17
28
28
17
30
43
17
23
25
11
25
28
31
9
38
15
28
21
63
7
40
27
39
7
16
22
14
61
12
54
60
17
48
38
49
27
13
39
36
14
48
32
27
25
28
41
39
14
24
38
10
29
27
21
50
15
49
30
23
40
53
6
8
37
24
103
60
39
30
14
76
31
86
31
56
37
10
42
50
60
31
36
7
7
33
24
45
36
72
56
15
22
57
36
41
60
83
61
14
66
46
39
61
36
24
31
23
23
24
48
17
43
101
48
36
45
68
44
40
29
46
32
36
19
59
30
26
61
53
51
30
72
15
94
53
58
31
5
30
32
20
27
62
26
75
46
13
32
39
18
62
64
9
72
29
20
28
35
3
13
6
27
19
54
43
32
46
29
15
14
63
28
34
27
20
21
20
37
37
35
27
18
20
42
44
15
50
41
19
25
14
15
32
44
18
35
22
43
12
15
47
38
22
15
45
39
24
19
55
20
41
39
31
30
14
14
52
36
14
27
22
37
6
29
18
25
32
46
39
16
21
34
57
39
61
70
52
36
56
29
68
18
47
50
73
68
76
38
56
71
63
5
27
27
46
9
44
8
48
16
51
64
8
59
12
12
49
56
43
37
40
4
27
18
7
85
76
12
64
23
25
36
26
56
22
39
30
34
54
49
19
21
21
31
28
37
54
31
27
54
42
33
31
34
5
22
28
77
56
13
34
54
23
32
31
50
25
47
29
41
49
19
23
26
23
24
16
30
34
47
38
22
21
16
36
25
43
36
23
47
41
13
53
27
23
14
37
34
19
25
29
30
32
20
80
83
123
63
38
71
93
21
26
51
70
29
30
37
81
97
59
49
42
25
53
45
43
39
39
36
18
43
25
27
55
14
8
12
12
13
67
16
18
19
11
49
18
69
49
24
13
26
53
61
10
20
73
49
52
32
54
16
65
11
103
14
37
14
41
39
19
30
57
38
67
58
47
73
36
21
50
57
79
16
7
24
47
10
13
6
27
36
28
40
61
39
49
26
17
36
38
31
21
18
32
22
27
27
95
78
18
53
44
82
51
47
33
54
76
32
27
39
42
23
43
45
26
11
59
59
19
45
54
45
20
4
20
36
23
11
21
28
63
32
31
52
21
93
9
55
47
37
15
27
62
30
16
42
26
21
7
41
16
48
54
5
8
14
36
21
30
23
9
20
27
21
74
25
41
31
27
8
30
25
56
52
48
43
45
15
10
66
14
39
30
9
30
24
41
19
36
25
29
15
16
21
22
9
45
23
24
36
54
53
11
41
16
52
4
26
18
27
52
47
14
10
50
48
12
53
40
36
24
8
17
12
10
78
93
42
34
57
17
66
80
22
61
60
41
81
118
74
22
71
61
20
48
75
30
44
74
74
61
44
78
27
6
24
16
55
65
43
94
34
74
84
15
38
78
40
84
97
48
46
79
50
87
20
33
71
24
76
16
69
42
10
81
25
9
39
33
53
68
47
40
26
67
31
48
35
25
52
15
15
3
39
27
29
73
57
66
26
32
32
45
55
57
73
62
43
45
26
72
7
3
41
30
17
13
72
36
40
25
21
51
54
21
41
44
24
38
36
57
64
29
44
53
100
17
6
17
18
31
20
89
24
46
20
26
24
44
9
17
26
47
47
106
64
31
53
15
65
9
39
77
40
40
39
78
65
65
27
17
48
47
35
48
82
47
19
43
48
66
20
30
42
16
8
18
18
45
31
13
60
47
45
34
13
13
14
51
17
28
21
13
35
49
40
51
26
16
20
29
20
11
49
32
55
19
55
18
72
73
44
79
51
52
34
46
53
34
44
29
12
13
49
40
22
14
40
67
54
41
49
75
46
26
39
16
93
13
49
109
65
37
25
36
78
68
36
58
32
110
16
131
32
30
20
44
6
28
29
9
25
37
18
18
11
12
52
29
45
59
36
40
55
21
51
12
52
23
38
11
36
9
26
33
27
23
23
33
13
25
37
31
45
30
18
23
32
100
33
13
129
14
37
100
57
49
38
45
67
24
41
15
23
117
74
95
101
84
26
48
48
85
87
10
12
110
84
67
73
47
28
60
23
38
82
86
76
40
84
53
36
66
40
35
51
82
100
28
2
43
35
43
63
9
49
51
64
26
50
59
9
41
25
34
49
17
47
57
40
79
26
31
61
31
45
69
10
63
48
8
18
31
69
45
50
62
47
42
85
37
40
40
23
39
14
22
54
61
72
53
52
47
38
76
46
42
48
31
55
41
34
24
21
20
26
53
52
39
29
15
24
43
38
57
41
39
36
44
45
14
61
37
18
28
49
16
61
46
21
36
22
100
23
31
70
41
62
19
34
22
44
75
25
25
52
33
44
17
16
41
24
56
48
14
60
58
62
52
88
112
77
72
64
84
35
6
22
19
102
54
9
17
18
36
30
41
51
65
34
44
48
38
56
